"location","sim_type","period","date","variable","lower_80","lower_90","lower_95","mean_value","median_value","upper_80","upper_90","upper_95"
"Wisconsin",NA,"Past",2020-03-04,"actual_cumulative_cases",NA,NA,NA,0,NA,NA,NA,NA
"Wisconsin",NA,"Past",2020-03-04,"actual_cumulative_deaths",NA,NA,NA,0,NA,NA,NA,NA
"Wisconsin",NA,"Past",2020-03-04,"actual_daily_cases",NA,NA,NA,0,NA,NA,NA,NA
"Wisconsin",NA,"Past",2020-03-04,"actual_daily_deaths",NA,NA,NA,NA,NA,NA,NA,NA
"Wisconsin","linear_increase_sd","Past",2020-03-04,"combined_trend",NA,NA,NA,1,NA,NA,NA,NA
"Wisconsin","return_normal","Past",2020-03-04,"combined_trend",NA,NA,NA,1,NA,NA,NA,NA
"Wisconsin","status_quo","Past",2020-03-04,"combined_trend",NA,NA,NA,1,NA,NA,NA,NA
"Wisconsin","linear_increase_sd","Past",2020-03-04,"cumulative_all_infections",0,0,0,0,0,0,0,0
"Wisconsin","return_normal","Past",2020-03-04,"cumulative_all_infections",0,0,0,0,0,0,0,0
"Wisconsin","status_quo","Past",2020-03-04,"cumulative_all_infections",0,0,0,0,0,0,0,0
"Wisconsin","linear_increase_sd","Past",2020-03-04,"cumulative_cases",0,0,0,0,0,0,0,0
"Wisconsin","return_normal","Past",2020-03-04,"cumulative_cases",0,0,0,0,0,0,0,0
"Wisconsin","status_quo","Past",2020-03-04,"cumulative_cases",0,0,0,0,0,0,0,0
"Wisconsin","linear_increase_sd","Past",2020-03-04,"cumulative_deaths",0,0,0,0,0,0,0,0
"Wisconsin","return_normal","Past",2020-03-04,"cumulative_deaths",0,0,0,0,0,0,0,0
"Wisconsin","status_quo","Past",2020-03-04,"cumulative_deaths",0,0,0,0,0,0,0,0
"Wisconsin","linear_increase_sd","Past",2020-03-04,"cumulative_hosps",0,0,0,0,0,0,0,0
"Wisconsin","return_normal","Past",2020-03-04,"cumulative_hosps",0,0,0,0,0,0,0,0
"Wisconsin","status_quo","Past",2020-03-04,"cumulative_hosps",0,0,0,0,0,0,0,0
"Wisconsin","linear_increase_sd","Past",2020-03-04,"daily_all_infections",0,0,0,0,0,0,0,0
"Wisconsin","return_normal","Past",2020-03-04,"daily_all_infections",0,0,0,0,0,0,0,0
"Wisconsin","status_quo","Past",2020-03-04,"daily_all_infections",0,0,0,0,0,0,0,0
"Wisconsin","linear_increase_sd","Past",2020-03-04,"daily_cases",0,0,0,0,0,0,0,0
"Wisconsin","return_normal","Past",2020-03-04,"daily_cases",0,0,0,0,0,0,0,0
"Wisconsin","status_quo","Past",2020-03-04,"daily_cases",0,0,0,0,0,0,0,0
"Wisconsin","linear_increase_sd","Past",2020-03-04,"daily_deaths",0,0,0,0,0,0,0,0
"Wisconsin","return_normal","Past",2020-03-04,"daily_deaths",0,0,0,0,0,0,0,0
"Wisconsin","status_quo","Past",2020-03-04,"daily_deaths",0,0,0,0,0,0,0,0
"Wisconsin","linear_increase_sd","Past",2020-03-04,"daily_hosps",0,0,0,0,0,0,0,0
"Wisconsin","return_normal","Past",2020-03-04,"daily_hosps",0,0,0,0,0,0,0,0
"Wisconsin","status_quo","Past",2020-03-04,"daily_hosps",0,0,0,0,0,0,0,0
"Wisconsin","linear_increase_sd","Past",2020-03-04,"latent_trend",NA,NA,NA,1,NA,NA,NA,NA
"Wisconsin","return_normal","Past",2020-03-04,"latent_trend",NA,NA,NA,1,NA,NA,NA,NA
"Wisconsin","status_quo","Past",2020-03-04,"latent_trend",NA,NA,NA,1,NA,NA,NA,NA
"Wisconsin","linear_increase_sd","Past",2020-03-04,"mobility_trend",NA,NA,NA,1,NA,NA,NA,NA
"Wisconsin","return_normal","Past",2020-03-04,"mobility_trend",NA,NA,NA,1,NA,NA,NA,NA
"Wisconsin","status_quo","Past",2020-03-04,"mobility_trend",NA,NA,NA,1,NA,NA,NA,NA
"Wisconsin",NA,"Past",2020-03-05,"actual_cumulative_cases",NA,NA,NA,0,NA,NA,NA,NA
"Wisconsin",NA,"Past",2020-03-05,"actual_cumulative_deaths",NA,NA,NA,0,NA,NA,NA,NA
"Wisconsin",NA,"Past",2020-03-05,"actual_daily_cases",NA,NA,NA,0,NA,NA,NA,NA
"Wisconsin",NA,"Past",2020-03-05,"actual_daily_deaths",NA,NA,NA,NA,NA,NA,NA,NA
"Wisconsin","linear_increase_sd","Past",2020-03-05,"combined_trend",NA,NA,NA,0.991193019875566,NA,NA,NA,NA
"Wisconsin","return_normal","Past",2020-03-05,"combined_trend",NA,NA,NA,0.991193019875566,NA,NA,NA,NA
"Wisconsin","status_quo","Past",2020-03-05,"combined_trend",NA,NA,NA,0.991193019875566,NA,NA,NA,NA
"Wisconsin","linear_increase_sd","Past",2020-03-05,"cumulative_all_infections",98,98,98,101,99,107,107,107
"Wisconsin","return_normal","Past",2020-03-05,"cumulative_all_infections",98,98,98,101,99,107,107,107
"Wisconsin","status_quo","Past",2020-03-05,"cumulative_all_infections",98,98,98,101,99,107,107,107
"Wisconsin","linear_increase_sd","Past",2020-03-05,"cumulative_cases",0,0,0,0,0,0,0,0
"Wisconsin","return_normal","Past",2020-03-05,"cumulative_cases",0,0,0,0,0,0,0,0
"Wisconsin","status_quo","Past",2020-03-05,"cumulative_cases",0,0,0,0,0,0,0,0
"Wisconsin","linear_increase_sd","Past",2020-03-05,"cumulative_deaths",0,0,0,0,0,0,0,0
"Wisconsin","return_normal","Past",2020-03-05,"cumulative_deaths",0,0,0,0,0,0,0,0
"Wisconsin","status_quo","Past",2020-03-05,"cumulative_deaths",0,0,0,0,0,0,0,0
"Wisconsin","linear_increase_sd","Past",2020-03-05,"cumulative_hosps",1,1,1,1,1,1,1,1
"Wisconsin","return_normal","Past",2020-03-05,"cumulative_hosps",1,1,1,1,1,1,1,1
"Wisconsin","status_quo","Past",2020-03-05,"cumulative_hosps",1,1,1,1,1,1,1,1
"Wisconsin","linear_increase_sd","Past",2020-03-05,"daily_all_infections",98,98,98,101,99,107,107,107
"Wisconsin","return_normal","Past",2020-03-05,"daily_all_infections",98,98,98,101,99,107,107,107
"Wisconsin","status_quo","Past",2020-03-05,"daily_all_infections",98,98,98,101,99,107,107,107
"Wisconsin","linear_increase_sd","Past",2020-03-05,"daily_cases",0,0,0,0,0,0,0,0
"Wisconsin","return_normal","Past",2020-03-05,"daily_cases",0,0,0,0,0,0,0,0
"Wisconsin","status_quo","Past",2020-03-05,"daily_cases",0,0,0,0,0,0,0,0
"Wisconsin","linear_increase_sd","Past",2020-03-05,"daily_deaths",0,0,0,0,0,0,0,0
"Wisconsin","return_normal","Past",2020-03-05,"daily_deaths",0,0,0,0,0,0,0,0
"Wisconsin","status_quo","Past",2020-03-05,"daily_deaths",0,0,0,0,0,0,0,0
"Wisconsin","linear_increase_sd","Past",2020-03-05,"daily_hosps",1,1,1,1,1,1,1,1
"Wisconsin","return_normal","Past",2020-03-05,"daily_hosps",1,1,1,1,1,1,1,1
"Wisconsin","status_quo","Past",2020-03-05,"daily_hosps",1,1,1,1,1,1,1,1
"Wisconsin","linear_increase_sd","Past",2020-03-05,"latent_trend",NA,NA,NA,0.994959023256476,NA,NA,NA,NA
"Wisconsin","return_normal","Past",2020-03-05,"latent_trend",NA,NA,NA,0.994959023256476,NA,NA,NA,NA
"Wisconsin","status_quo","Past",2020-03-05,"latent_trend",NA,NA,NA,0.994959023256476,NA,NA,NA,NA
"Wisconsin","linear_increase_sd","Past",2020-03-05,"mobility_trend",NA,NA,NA,0.996214916099173,NA,NA,NA,NA
"Wisconsin","return_normal","Past",2020-03-05,"mobility_trend",NA,NA,NA,0.996214916099173,NA,NA,NA,NA
"Wisconsin","status_quo","Past",2020-03-05,"mobility_trend",NA,NA,NA,0.996214916099173,NA,NA,NA,NA
"Wisconsin",NA,"Past",2020-03-06,"actual_cumulative_cases",NA,NA,NA,0,NA,NA,NA,NA
"Wisconsin",NA,"Past",2020-03-06,"actual_cumulative_deaths",NA,NA,NA,0,NA,NA,NA,NA
"Wisconsin",NA,"Past",2020-03-06,"actual_daily_cases",NA,NA,NA,0,NA,NA,NA,NA
"Wisconsin",NA,"Past",2020-03-06,"actual_daily_deaths",NA,NA,NA,NA,NA,NA,NA,NA
"Wisconsin","linear_increase_sd","Past",2020-03-06,"combined_trend",NA,NA,NA,0.983287691696089,NA,NA,NA,NA
"Wisconsin","return_normal","Past",2020-03-06,"combined_trend",NA,NA,NA,0.983287691696089,NA,NA,NA,NA
"Wisconsin","status_quo","Past",2020-03-06,"combined_trend",NA,NA,NA,0.983287691696089,NA,NA,NA,NA
"Wisconsin","linear_increase_sd","Past",2020-03-06,"cumulative_all_infections",189,189,189,193,191,204,204,204
"Wisconsin","return_normal","Past",2020-03-06,"cumulative_all_infections",189,189,189,193,191,204,204,204
"Wisconsin","status_quo","Past",2020-03-06,"cumulative_all_infections",189,189,189,193,191,204,204,204
"Wisconsin","linear_increase_sd","Past",2020-03-06,"cumulative_cases",0,0,0,1,0,1,1,1
"Wisconsin","return_normal","Past",2020-03-06,"cumulative_cases",0,0,0,1,0,1,1,1
"Wisconsin","status_quo","Past",2020-03-06,"cumulative_cases",0,0,0,1,0,1,1,1
"Wisconsin","linear_increase_sd","Past",2020-03-06,"cumulative_deaths",0,0,0,0,0,0,0,0
"Wisconsin","return_normal","Past",2020-03-06,"cumulative_deaths",0,0,0,0,0,0,0,0
"Wisconsin","status_quo","Past",2020-03-06,"cumulative_deaths",0,0,0,0,0,0,0,0
"Wisconsin","linear_increase_sd","Past",2020-03-06,"cumulative_hosps",2,2,2,2,2,2,2,2
"Wisconsin","return_normal","Past",2020-03-06,"cumulative_hosps",2,2,2,2,2,2,2,2
"Wisconsin","status_quo","Past",2020-03-06,"cumulative_hosps",2,2,2,2,2,2,2,2
"Wisconsin","linear_increase_sd","Past",2020-03-06,"daily_all_infections",90,90,90,93,91,97,97,97
"Wisconsin","return_normal","Past",2020-03-06,"daily_all_infections",90,90,90,93,91,97,97,97
"Wisconsin","status_quo","Past",2020-03-06,"daily_all_infections",90,90,90,93,91,97,97,97
"Wisconsin","linear_increase_sd","Past",2020-03-06,"daily_cases",0,0,0,1,0,1,1,1
"Wisconsin","return_normal","Past",2020-03-06,"daily_cases",0,0,0,1,0,1,1,1
"Wisconsin","status_quo","Past",2020-03-06,"daily_cases",0,0,0,1,0,1,1,1
"Wisconsin","linear_increase_sd","Past",2020-03-06,"daily_deaths",0,0,0,0,0,0,0,0
"Wisconsin","return_normal","Past",2020-03-06,"daily_deaths",0,0,0,0,0,0,0,0
"Wisconsin","status_quo","Past",2020-03-06,"daily_deaths",0,0,0,0,0,0,0,0
"Wisconsin","linear_increase_sd","Past",2020-03-06,"daily_hosps",1,1,1,1,1,1,1,1
"Wisconsin","return_normal","Past",2020-03-06,"daily_hosps",1,1,1,1,1,1,1,1
"Wisconsin","status_quo","Past",2020-03-06,"daily_hosps",1,1,1,1,1,1,1,1
"Wisconsin","linear_increase_sd","Past",2020-03-06,"latent_trend",NA,NA,NA,0.996189228886247,NA,NA,NA,NA
"Wisconsin","return_normal","Past",2020-03-06,"latent_trend",NA,NA,NA,0.996189228886247,NA,NA,NA,NA
"Wisconsin","status_quo","Past",2020-03-06,"latent_trend",NA,NA,NA,0.996189228886247,NA,NA,NA,NA
"Wisconsin","linear_increase_sd","Past",2020-03-06,"mobility_trend",NA,NA,NA,0.987049109932074,NA,NA,NA,NA
"Wisconsin","return_normal","Past",2020-03-06,"mobility_trend",NA,NA,NA,0.987049109932074,NA,NA,NA,NA
"Wisconsin","status_quo","Past",2020-03-06,"mobility_trend",NA,NA,NA,0.987049109932074,NA,NA,NA,NA
"Wisconsin",NA,"Past",2020-03-07,"actual_cumulative_cases",NA,NA,NA,0,NA,NA,NA,NA
"Wisconsin",NA,"Past",2020-03-07,"actual_cumulative_deaths",NA,NA,NA,0,NA,NA,NA,NA
"Wisconsin",NA,"Past",2020-03-07,"actual_daily_cases",NA,NA,NA,0,NA,NA,NA,NA
"Wisconsin",NA,"Past",2020-03-07,"actual_daily_deaths",NA,NA,NA,NA,NA,NA,NA,NA
"Wisconsin","linear_increase_sd","Past",2020-03-07,"combined_trend",NA,NA,NA,0.973478662467022,NA,NA,NA,NA
"Wisconsin","return_normal","Past",2020-03-07,"combined_trend",NA,NA,NA,0.973478662467022,NA,NA,NA,NA
"Wisconsin","status_quo","Past",2020-03-07,"combined_trend",NA,NA,NA,0.973478662467022,NA,NA,NA,NA
"Wisconsin","linear_increase_sd","Past",2020-03-07,"cumulative_all_infections",273,273,273,282,279,297,297,297
"Wisconsin","return_normal","Past",2020-03-07,"cumulative_all_infections",273,273,273,282,279,297,297,297
"Wisconsin","status_quo","Past",2020-03-07,"cumulative_all_infections",273,273,273,282,279,297,297,297
"Wisconsin","linear_increase_sd","Past",2020-03-07,"cumulative_cases",1,1,1,2,1,2,2,2
"Wisconsin","return_normal","Past",2020-03-07,"cumulative_cases",1,1,1,2,1,2,2,2
"Wisconsin","status_quo","Past",2020-03-07,"cumulative_cases",1,1,1,2,1,2,2,2
"Wisconsin","linear_increase_sd","Past",2020-03-07,"cumulative_deaths",0,0,0,1,0,1,1,1
"Wisconsin","return_normal","Past",2020-03-07,"cumulative_deaths",0,0,0,1,0,1,1,1
"Wisconsin","status_quo","Past",2020-03-07,"cumulative_deaths",0,0,0,1,0,1,1,1
"Wisconsin","linear_increase_sd","Past",2020-03-07,"cumulative_hosps",3,3,3,3,3,3,3,3
"Wisconsin","return_normal","Past",2020-03-07,"cumulative_hosps",3,3,3,3,3,3,3,3
"Wisconsin","status_quo","Past",2020-03-07,"cumulative_hosps",3,3,3,3,3,3,3,3
"Wisconsin","linear_increase_sd","Past",2020-03-07,"daily_all_infections",84,84,84,89,89,93,93,93
"Wisconsin","return_normal","Past",2020-03-07,"daily_all_infections",84,84,84,89,89,93,93,93
"Wisconsin","status_quo","Past",2020-03-07,"daily_all_infections",84,84,84,89,89,93,93,93
"Wisconsin","linear_increase_sd","Past",2020-03-07,"daily_cases",1,1,1,1,1,1,1,1
"Wisconsin","return_normal","Past",2020-03-07,"daily_cases",1,1,1,1,1,1,1,1
"Wisconsin","status_quo","Past",2020-03-07,"daily_cases",1,1,1,1,1,1,1,1
"Wisconsin","linear_increase_sd","Past",2020-03-07,"daily_deaths",0,0,0,1,0,1,1,1
"Wisconsin","return_normal","Past",2020-03-07,"daily_deaths",0,0,0,1,0,1,1,1
"Wisconsin","status_quo","Past",2020-03-07,"daily_deaths",0,0,0,1,0,1,1,1
"Wisconsin","linear_increase_sd","Past",2020-03-07,"daily_hosps",1,1,1,1,1,1,1,1
"Wisconsin","return_normal","Past",2020-03-07,"daily_hosps",1,1,1,1,1,1,1,1
"Wisconsin","status_quo","Past",2020-03-07,"daily_hosps",1,1,1,1,1,1,1,1
"Wisconsin","linear_increase_sd","Past",2020-03-07,"latent_trend",NA,NA,NA,0.996910324099567,NA,NA,NA,NA
"Wisconsin","return_normal","Past",2020-03-07,"latent_trend",NA,NA,NA,0.996910324099567,NA,NA,NA,NA
"Wisconsin","status_quo","Past",2020-03-07,"latent_trend",NA,NA,NA,0.996910324099567,NA,NA,NA,NA
"Wisconsin","linear_increase_sd","Past",2020-03-07,"mobility_trend",NA,NA,NA,0.97649571775304,NA,NA,NA,NA
"Wisconsin","return_normal","Past",2020-03-07,"mobility_trend",NA,NA,NA,0.97649571775304,NA,NA,NA,NA
"Wisconsin","status_quo","Past",2020-03-07,"mobility_trend",NA,NA,NA,0.97649571775304,NA,NA,NA,NA
"Wisconsin",NA,"Past",2020-03-08,"actual_cumulative_cases",NA,NA,NA,0,NA,NA,NA,NA
"Wisconsin",NA,"Past",2020-03-08,"actual_cumulative_deaths",NA,NA,NA,0,NA,NA,NA,NA
"Wisconsin",NA,"Past",2020-03-08,"actual_daily_cases",NA,NA,NA,0,NA,NA,NA,NA
"Wisconsin",NA,"Past",2020-03-08,"actual_daily_deaths",NA,NA,NA,NA,NA,NA,NA,NA
"Wisconsin","linear_increase_sd","Past",2020-03-08,"combined_trend",NA,NA,NA,0.961872011451418,NA,NA,NA,NA
"Wisconsin","return_normal","Past",2020-03-08,"combined_trend",NA,NA,NA,0.961872011451418,NA,NA,NA,NA
"Wisconsin","status_quo","Past",2020-03-08,"combined_trend",NA,NA,NA,0.961872011451418,NA,NA,NA,NA
"Wisconsin","linear_increase_sd","Past",2020-03-08,"cumulative_all_infections",363,363,363,375,372,394,394,394
"Wisconsin","return_normal","Past",2020-03-08,"cumulative_all_infections",363,363,363,375,372,394,394,394
"Wisconsin","status_quo","Past",2020-03-08,"cumulative_all_infections",363,363,363,375,372,394,394,394
"Wisconsin","linear_increase_sd","Past",2020-03-08,"cumulative_cases",2,2,2,3,2,4,4,4
"Wisconsin","return_normal","Past",2020-03-08,"cumulative_cases",2,2,2,3,2,4,4,4
"Wisconsin","status_quo","Past",2020-03-08,"cumulative_cases",2,2,2,3,2,4,4,4
"Wisconsin","linear_increase_sd","Past",2020-03-08,"cumulative_deaths",0,0,0,1,1,2,2,2
"Wisconsin","return_normal","Past",2020-03-08,"cumulative_deaths",0,0,0,1,1,2,2,2
"Wisconsin","status_quo","Past",2020-03-08,"cumulative_deaths",0,0,0,1,1,2,2,2
"Wisconsin","linear_increase_sd","Past",2020-03-08,"cumulative_hosps",4,4,4,4,4,4,4,4
"Wisconsin","return_normal","Past",2020-03-08,"cumulative_hosps",4,4,4,4,4,4,4,4
"Wisconsin","status_quo","Past",2020-03-08,"cumulative_hosps",4,4,4,4,4,4,4,4
"Wisconsin","linear_increase_sd","Past",2020-03-08,"daily_all_infections",90,90,90,93,92,97,97,97
"Wisconsin","return_normal","Past",2020-03-08,"daily_all_infections",90,90,90,93,92,97,97,97
"Wisconsin","status_quo","Past",2020-03-08,"daily_all_infections",90,90,90,93,92,97,97,97
"Wisconsin","linear_increase_sd","Past",2020-03-08,"daily_cases",1,1,1,2,1,2,2,2
"Wisconsin","return_normal","Past",2020-03-08,"daily_cases",1,1,1,2,1,2,2,2
"Wisconsin","status_quo","Past",2020-03-08,"daily_cases",1,1,1,2,1,2,2,2
"Wisconsin","linear_increase_sd","Past",2020-03-08,"daily_deaths",0,0,0,1,1,1,1,1
"Wisconsin","return_normal","Past",2020-03-08,"daily_deaths",0,0,0,1,1,1,1,1
"Wisconsin","status_quo","Past",2020-03-08,"daily_deaths",0,0,0,1,1,1,1,1
"Wisconsin","linear_increase_sd","Past",2020-03-08,"daily_hosps",1,1,1,1,1,1,1,1
"Wisconsin","return_normal","Past",2020-03-08,"daily_hosps",1,1,1,1,1,1,1,1
"Wisconsin","status_quo","Past",2020-03-08,"daily_hosps",1,1,1,1,1,1,1,1
"Wisconsin","linear_increase_sd","Past",2020-03-08,"latent_trend",NA,NA,NA,0.997323102793093,NA,NA,NA,NA
"Wisconsin","return_normal","Past",2020-03-08,"latent_trend",NA,NA,NA,0.997323102793093,NA,NA,NA,NA
"Wisconsin","status_quo","Past",2020-03-08,"latent_trend",NA,NA,NA,0.997323102793093,NA,NA,NA,NA
"Wisconsin","linear_increase_sd","Past",2020-03-08,"mobility_trend",NA,NA,NA,0.964453755014407,NA,NA,NA,NA
"Wisconsin","return_normal","Past",2020-03-08,"mobility_trend",NA,NA,NA,0.964453755014407,NA,NA,NA,NA
"Wisconsin","status_quo","Past",2020-03-08,"mobility_trend",NA,NA,NA,0.964453755014407,NA,NA,NA,NA
"Wisconsin",NA,"Past",2020-03-09,"actual_cumulative_cases",NA,NA,NA,0,NA,NA,NA,NA
"Wisconsin",NA,"Past",2020-03-09,"actual_cumulative_deaths",NA,NA,NA,0,NA,NA,NA,NA
"Wisconsin",NA,"Past",2020-03-09,"actual_daily_cases",NA,NA,NA,0,NA,NA,NA,NA
"Wisconsin",NA,"Past",2020-03-09,"actual_daily_deaths",NA,NA,NA,NA,NA,NA,NA,NA
"Wisconsin","linear_increase_sd","Past",2020-03-09,"combined_trend",NA,NA,NA,0.948530032670601,NA,NA,NA,NA
"Wisconsin","return_normal","Past",2020-03-09,"combined_trend",NA,NA,NA,0.948530032670601,NA,NA,NA,NA
"Wisconsin","status_quo","Past",2020-03-09,"combined_trend",NA,NA,NA,0.948530032670601,NA,NA,NA,NA
"Wisconsin","linear_increase_sd","Past",2020-03-09,"cumulative_all_infections",468,468,468,484,480,509,509,509
"Wisconsin","return_normal","Past",2020-03-09,"cumulative_all_infections",468,468,468,484,480,509,509,509
"Wisconsin","status_quo","Past",2020-03-09,"cumulative_all_infections",468,468,468,484,480,509,509,509
"Wisconsin","linear_increase_sd","Past",2020-03-09,"cumulative_cases",4,4,4,5,5,6,6,6
"Wisconsin","return_normal","Past",2020-03-09,"cumulative_cases",4,4,4,5,5,6,6,6
"Wisconsin","status_quo","Past",2020-03-09,"cumulative_cases",4,4,4,5,5,6,6,6
"Wisconsin","linear_increase_sd","Past",2020-03-09,"cumulative_deaths",0,0,0,2,1,3,3,3
"Wisconsin","return_normal","Past",2020-03-09,"cumulative_deaths",0,0,0,2,1,3,3,3
"Wisconsin","status_quo","Past",2020-03-09,"cumulative_deaths",0,0,0,2,1,3,3,3
"Wisconsin","linear_increase_sd","Past",2020-03-09,"cumulative_hosps",5,5,5,5,5,5,5,5
"Wisconsin","return_normal","Past",2020-03-09,"cumulative_hosps",5,5,5,5,5,5,5,5
"Wisconsin","status_quo","Past",2020-03-09,"cumulative_hosps",5,5,5,5,5,5,5,5
"Wisconsin","linear_increase_sd","Past",2020-03-09,"daily_all_infections",105,105,105,109,108,115,115,115
"Wisconsin","return_normal","Past",2020-03-09,"daily_all_infections",105,105,105,109,108,115,115,115
"Wisconsin","status_quo","Past",2020-03-09,"daily_all_infections",105,105,105,109,108,115,115,115
"Wisconsin","linear_increase_sd","Past",2020-03-09,"daily_cases",2,2,2,3,2,3,3,3
"Wisconsin","return_normal","Past",2020-03-09,"daily_cases",2,2,2,3,2,3,3,3
"Wisconsin","status_quo","Past",2020-03-09,"daily_cases",2,2,2,3,2,3,3,3
"Wisconsin","linear_increase_sd","Past",2020-03-09,"daily_deaths",0,0,0,1,1,1,1,1
"Wisconsin","return_normal","Past",2020-03-09,"daily_deaths",0,0,0,1,1,1,1,1
"Wisconsin","status_quo","Past",2020-03-09,"daily_deaths",0,0,0,1,1,1,1,1
"Wisconsin","linear_increase_sd","Past",2020-03-09,"daily_hosps",1,1,1,1,1,1,1,1
"Wisconsin","return_normal","Past",2020-03-09,"daily_hosps",1,1,1,1,1,1,1,1
"Wisconsin","status_quo","Past",2020-03-09,"daily_hosps",1,1,1,1,1,1,1,1
"Wisconsin","linear_increase_sd","Past",2020-03-09,"latent_trend",NA,NA,NA,0.997530874250781,NA,NA,NA,NA
"Wisconsin","return_normal","Past",2020-03-09,"latent_trend",NA,NA,NA,0.997530874250781,NA,NA,NA,NA
"Wisconsin","status_quo","Past",2020-03-09,"latent_trend",NA,NA,NA,0.997530874250781,NA,NA,NA,NA
"Wisconsin","linear_increase_sd","Past",2020-03-09,"mobility_trend",NA,NA,NA,0.950877869703047,NA,NA,NA,NA
"Wisconsin","return_normal","Past",2020-03-09,"mobility_trend",NA,NA,NA,0.950877869703047,NA,NA,NA,NA
"Wisconsin","status_quo","Past",2020-03-09,"mobility_trend",NA,NA,NA,0.950877869703047,NA,NA,NA,NA
"Wisconsin",NA,"Past",2020-03-10,"actual_cumulative_cases",NA,NA,NA,1,NA,NA,NA,NA
"Wisconsin",NA,"Past",2020-03-10,"actual_cumulative_deaths",NA,NA,NA,0,NA,NA,NA,NA
"Wisconsin",NA,"Past",2020-03-10,"actual_daily_cases",NA,NA,NA,1,NA,NA,NA,NA
"Wisconsin",NA,"Past",2020-03-10,"actual_daily_deaths",NA,NA,NA,NA,NA,NA,NA,NA
"Wisconsin","linear_increase_sd","Past",2020-03-10,"combined_trend",NA,NA,NA,0.933505151630768,NA,NA,NA,NA
"Wisconsin","return_normal","Past",2020-03-10,"combined_trend",NA,NA,NA,0.933505151630768,NA,NA,NA,NA
"Wisconsin","status_quo","Past",2020-03-10,"combined_trend",NA,NA,NA,0.933505151630768,NA,NA,NA,NA
"Wisconsin","linear_increase_sd","Past",2020-03-10,"cumulative_all_infections",591,591,591,614,608,646,646,646
"Wisconsin","return_normal","Past",2020-03-10,"cumulative_all_infections",591,591,591,614,608,646,646,646
"Wisconsin","status_quo","Past",2020-03-10,"cumulative_all_infections",591,591,591,614,608,646,646,646
"Wisconsin","linear_increase_sd","Past",2020-03-10,"cumulative_cases",8,8,8,9,9,10,10,10
"Wisconsin","return_normal","Past",2020-03-10,"cumulative_cases",8,8,8,9,9,10,10,10
"Wisconsin","status_quo","Past",2020-03-10,"cumulative_cases",8,8,8,9,9,10,10,10
"Wisconsin","linear_increase_sd","Past",2020-03-10,"cumulative_deaths",1,1,1,3,2,4,4,4
"Wisconsin","return_normal","Past",2020-03-10,"cumulative_deaths",1,1,1,3,2,4,4,4
"Wisconsin","status_quo","Past",2020-03-10,"cumulative_deaths",1,1,1,3,2,4,4,4
"Wisconsin","linear_increase_sd","Past",2020-03-10,"cumulative_hosps",6,6,6,6,6,6,6,6
"Wisconsin","return_normal","Past",2020-03-10,"cumulative_hosps",6,6,6,6,6,6,6,6
"Wisconsin","status_quo","Past",2020-03-10,"cumulative_hosps",6,6,6,6,6,6,6,6
"Wisconsin","linear_increase_sd","Past",2020-03-10,"daily_all_infections",123,123,123,130,129,137,137,137
"Wisconsin","return_normal","Past",2020-03-10,"daily_all_infections",123,123,123,130,129,137,137,137
"Wisconsin","status_quo","Past",2020-03-10,"daily_all_infections",123,123,123,130,129,137,137,137
"Wisconsin","linear_increase_sd","Past",2020-03-10,"daily_cases",4,4,4,5,4,5,5,5
"Wisconsin","return_normal","Past",2020-03-10,"daily_cases",4,4,4,5,4,5,5,5
"Wisconsin","status_quo","Past",2020-03-10,"daily_cases",4,4,4,5,4,5,5,5
"Wisconsin","linear_increase_sd","Past",2020-03-10,"daily_deaths",1,1,1,1,1,1,1,1
"Wisconsin","return_normal","Past",2020-03-10,"daily_deaths",1,1,1,1,1,1,1,1
"Wisconsin","status_quo","Past",2020-03-10,"daily_deaths",1,1,1,1,1,1,1,1
"Wisconsin","linear_increase_sd","Past",2020-03-10,"daily_hosps",1,1,1,1,1,1,1,1
"Wisconsin","return_normal","Past",2020-03-10,"daily_hosps",1,1,1,1,1,1,1,1
"Wisconsin","status_quo","Past",2020-03-10,"daily_hosps",1,1,1,1,1,1,1,1
"Wisconsin","linear_increase_sd","Past",2020-03-10,"latent_trend",NA,NA,NA,0.9975845470857,NA,NA,NA,NA
"Wisconsin","return_normal","Past",2020-03-10,"latent_trend",NA,NA,NA,0.9975845470857,NA,NA,NA,NA
"Wisconsin","status_quo","Past",2020-03-10,"latent_trend",NA,NA,NA,0.9975845470857,NA,NA,NA,NA
"Wisconsin","linear_increase_sd","Past",2020-03-10,"mobility_trend",NA,NA,NA,0.935765449011684,NA,NA,NA,NA
"Wisconsin","return_normal","Past",2020-03-10,"mobility_trend",NA,NA,NA,0.935765449011684,NA,NA,NA,NA
"Wisconsin","status_quo","Past",2020-03-10,"mobility_trend",NA,NA,NA,0.935765449011684,NA,NA,NA,NA
"Wisconsin",NA,"Past",2020-03-11,"actual_cumulative_cases",NA,NA,NA,2,NA,NA,NA,NA
"Wisconsin",NA,"Past",2020-03-11,"actual_cumulative_deaths",NA,NA,NA,0,NA,NA,NA,NA
"Wisconsin",NA,"Past",2020-03-11,"actual_daily_cases",NA,NA,NA,1,NA,NA,NA,NA
"Wisconsin",NA,"Past",2020-03-11,"actual_daily_deaths",NA,NA,NA,NA,NA,NA,NA,NA
"Wisconsin","linear_increase_sd","Past",2020-03-11,"combined_trend",NA,NA,NA,0.916934329927217,NA,NA,NA,NA
"Wisconsin","return_normal","Past",2020-03-11,"combined_trend",NA,NA,NA,0.916934329927217,NA,NA,NA,NA
"Wisconsin","status_quo","Past",2020-03-11,"combined_trend",NA,NA,NA,0.916934329927217,NA,NA,NA,NA
"Wisconsin","linear_increase_sd","Past",2020-03-11,"cumulative_all_infections",743,743,743,771,766,811,811,811
"Wisconsin","return_normal","Past",2020-03-11,"cumulative_all_infections",743,743,743,771,766,811,811,811
"Wisconsin","status_quo","Past",2020-03-11,"cumulative_all_infections",743,743,743,771,766,811,811,811
"Wisconsin","linear_increase_sd","Past",2020-03-11,"cumulative_cases",15,15,15,16,16,17,17,17
"Wisconsin","return_normal","Past",2020-03-11,"cumulative_cases",15,15,15,16,16,17,17,17
"Wisconsin","status_quo","Past",2020-03-11,"cumulative_cases",15,15,15,16,16,17,17,17
"Wisconsin","linear_increase_sd","Past",2020-03-11,"cumulative_deaths",2,2,2,4,3,5,5,5
"Wisconsin","return_normal","Past",2020-03-11,"cumulative_deaths",2,2,2,4,3,5,5,5
"Wisconsin","status_quo","Past",2020-03-11,"cumulative_deaths",2,2,2,4,3,5,5,5
"Wisconsin","linear_increase_sd","Past",2020-03-11,"cumulative_hosps",7,7,7,7,7,7,7,7
"Wisconsin","return_normal","Past",2020-03-11,"cumulative_hosps",7,7,7,7,7,7,7,7
"Wisconsin","status_quo","Past",2020-03-11,"cumulative_hosps",7,7,7,7,7,7,7,7
"Wisconsin","linear_increase_sd","Past",2020-03-11,"daily_all_infections",152,152,152,158,156,165,165,165
"Wisconsin","return_normal","Past",2020-03-11,"daily_all_infections",152,152,152,158,156,165,165,165
"Wisconsin","status_quo","Past",2020-03-11,"daily_all_infections",152,152,152,158,156,165,165,165
"Wisconsin","linear_increase_sd","Past",2020-03-11,"daily_cases",6,6,6,7,7,7,7,7
"Wisconsin","return_normal","Past",2020-03-11,"daily_cases",6,6,6,7,7,7,7,7
"Wisconsin","status_quo","Past",2020-03-11,"daily_cases",6,6,6,7,7,7,7,7
"Wisconsin","linear_increase_sd","Past",2020-03-11,"daily_deaths",1,1,1,1,1,1,1,1
"Wisconsin","return_normal","Past",2020-03-11,"daily_deaths",1,1,1,1,1,1,1,1
"Wisconsin","status_quo","Past",2020-03-11,"daily_deaths",1,1,1,1,1,1,1,1
"Wisconsin","linear_increase_sd","Past",2020-03-11,"daily_hosps",1,1,1,1,1,1,1,1
"Wisconsin","return_normal","Past",2020-03-11,"daily_hosps",1,1,1,1,1,1,1,1
"Wisconsin","status_quo","Past",2020-03-11,"daily_hosps",1,1,1,1,1,1,1,1
"Wisconsin","linear_increase_sd","Past",2020-03-11,"latent_trend",NA,NA,NA,0.997503479563493,NA,NA,NA,NA
"Wisconsin","return_normal","Past",2020-03-11,"latent_trend",NA,NA,NA,0.997503479563493,NA,NA,NA,NA
"Wisconsin","status_quo","Past",2020-03-11,"latent_trend",NA,NA,NA,0.997503479563493,NA,NA,NA,NA
"Wisconsin","linear_increase_sd","Past",2020-03-11,"mobility_trend",NA,NA,NA,0.91922920442189,NA,NA,NA,NA
"Wisconsin","return_normal","Past",2020-03-11,"mobility_trend",NA,NA,NA,0.91922920442189,NA,NA,NA,NA
"Wisconsin","status_quo","Past",2020-03-11,"mobility_trend",NA,NA,NA,0.91922920442189,NA,NA,NA,NA
"Wisconsin",NA,"Past",2020-03-12,"actual_cumulative_cases",NA,NA,NA,8,NA,NA,NA,NA
"Wisconsin",NA,"Past",2020-03-12,"actual_cumulative_deaths",NA,NA,NA,0,NA,NA,NA,NA
"Wisconsin",NA,"Past",2020-03-12,"actual_daily_cases",NA,NA,NA,6,NA,NA,NA,NA
"Wisconsin",NA,"Past",2020-03-12,"actual_daily_deaths",NA,NA,NA,NA,NA,NA,NA,NA
"Wisconsin","linear_increase_sd","Past",2020-03-12,"combined_trend",NA,NA,NA,0.898962726098241,NA,NA,NA,NA
"Wisconsin","return_normal","Past",2020-03-12,"combined_trend",NA,NA,NA,0.898962726098241,NA,NA,NA,NA
"Wisconsin","status_quo","Past",2020-03-12,"combined_trend",NA,NA,NA,0.898962726098241,NA,NA,NA,NA
"Wisconsin","linear_increase_sd","Past",2020-03-12,"cumulative_all_infections",923,923,923,961,957,1013,1013,1013
"Wisconsin","return_normal","Past",2020-03-12,"cumulative_all_infections",923,923,923,961,957,1013,1013,1013
"Wisconsin","status_quo","Past",2020-03-12,"cumulative_all_infections",923,923,923,961,957,1013,1013,1013
"Wisconsin","linear_increase_sd","Past",2020-03-12,"cumulative_cases",24,24,24,25,25,25,25,25
"Wisconsin","return_normal","Past",2020-03-12,"cumulative_cases",24,24,24,25,25,25,25,25
"Wisconsin","status_quo","Past",2020-03-12,"cumulative_cases",24,24,24,25,25,25,25,25
"Wisconsin","linear_increase_sd","Past",2020-03-12,"cumulative_deaths",3,3,3,5,4,6,6,6
"Wisconsin","return_normal","Past",2020-03-12,"cumulative_deaths",3,3,3,5,4,6,6,6
"Wisconsin","status_quo","Past",2020-03-12,"cumulative_deaths",3,3,3,5,4,6,6,6
"Wisconsin","linear_increase_sd","Past",2020-03-12,"cumulative_hosps",8,8,8,8,8,8,8,8
"Wisconsin","return_normal","Past",2020-03-12,"cumulative_hosps",8,8,8,8,8,8,8,8
"Wisconsin","status_quo","Past",2020-03-12,"cumulative_hosps",8,8,8,8,8,8,8,8
"Wisconsin","linear_increase_sd","Past",2020-03-12,"daily_all_infections",180,180,180,190,190,202,202,202
"Wisconsin","return_normal","Past",2020-03-12,"daily_all_infections",180,180,180,190,190,202,202,202
"Wisconsin","status_quo","Past",2020-03-12,"daily_all_infections",180,180,180,190,190,202,202,202
"Wisconsin","linear_increase_sd","Past",2020-03-12,"daily_cases",8,8,8,9,9,9,9,9
"Wisconsin","return_normal","Past",2020-03-12,"daily_cases",8,8,8,9,9,9,9,9
"Wisconsin","status_quo","Past",2020-03-12,"daily_cases",8,8,8,9,9,9,9,9
"Wisconsin","linear_increase_sd","Past",2020-03-12,"daily_deaths",1,1,1,1,1,1,1,1
"Wisconsin","return_normal","Past",2020-03-12,"daily_deaths",1,1,1,1,1,1,1,1
"Wisconsin","status_quo","Past",2020-03-12,"daily_deaths",1,1,1,1,1,1,1,1
"Wisconsin","linear_increase_sd","Past",2020-03-12,"daily_hosps",1,1,1,1,1,1,1,1
"Wisconsin","return_normal","Past",2020-03-12,"daily_hosps",1,1,1,1,1,1,1,1
"Wisconsin","status_quo","Past",2020-03-12,"daily_hosps",1,1,1,1,1,1,1,1
"Wisconsin","linear_increase_sd","Past",2020-03-12,"latent_trend",NA,NA,NA,0.99728430952991,NA,NA,NA,NA
"Wisconsin","return_normal","Past",2020-03-12,"latent_trend",NA,NA,NA,0.99728430952991,NA,NA,NA,NA
"Wisconsin","status_quo","Past",2020-03-12,"latent_trend",NA,NA,NA,0.99728430952991,NA,NA,NA,NA
"Wisconsin","linear_increase_sd","Past",2020-03-12,"mobility_trend",NA,NA,NA,0.901410678487447,NA,NA,NA,NA
"Wisconsin","return_normal","Past",2020-03-12,"mobility_trend",NA,NA,NA,0.901410678487447,NA,NA,NA,NA
"Wisconsin","status_quo","Past",2020-03-12,"mobility_trend",NA,NA,NA,0.901410678487447,NA,NA,NA,NA
"Wisconsin",NA,"Past",2020-03-13,"actual_cumulative_cases",NA,NA,NA,22,NA,NA,NA,NA
"Wisconsin",NA,"Past",2020-03-13,"actual_cumulative_deaths",NA,NA,NA,0,NA,NA,NA,NA
"Wisconsin",NA,"Past",2020-03-13,"actual_daily_cases",NA,NA,NA,14,NA,NA,NA,NA
"Wisconsin",NA,"Past",2020-03-13,"actual_daily_deaths",NA,NA,NA,NA,NA,NA,NA,NA
"Wisconsin","linear_increase_sd","Past",2020-03-13,"combined_trend",NA,NA,NA,0.879765642274077,NA,NA,NA,NA
"Wisconsin","return_normal","Past",2020-03-13,"combined_trend",NA,NA,NA,0.879765642274077,NA,NA,NA,NA
"Wisconsin","status_quo","Past",2020-03-13,"combined_trend",NA,NA,NA,0.879765642274077,NA,NA,NA,NA
"Wisconsin","linear_increase_sd","Past",2020-03-13,"cumulative_all_infections",1136,1136,1136,1184,1180,1247,1247,1247
"Wisconsin","return_normal","Past",2020-03-13,"cumulative_all_infections",1136,1136,1136,1184,1180,1247,1247,1247
"Wisconsin","status_quo","Past",2020-03-13,"cumulative_all_infections",1136,1136,1136,1184,1180,1247,1247,1247
"Wisconsin","linear_increase_sd","Past",2020-03-13,"cumulative_cases",35,35,35,37,37,37,37,37
"Wisconsin","return_normal","Past",2020-03-13,"cumulative_cases",35,35,35,37,37,37,37,37
"Wisconsin","status_quo","Past",2020-03-13,"cumulative_cases",35,35,35,37,37,37,37,37
"Wisconsin","linear_increase_sd","Past",2020-03-13,"cumulative_deaths",4,4,4,6,5,7,7,7
"Wisconsin","return_normal","Past",2020-03-13,"cumulative_deaths",4,4,4,6,5,7,7,7
"Wisconsin","status_quo","Past",2020-03-13,"cumulative_deaths",4,4,4,6,5,7,7,7
"Wisconsin","linear_increase_sd","Past",2020-03-13,"cumulative_hosps",9,9,9,9,9,9,9,9
"Wisconsin","return_normal","Past",2020-03-13,"cumulative_hosps",9,9,9,9,9,9,9,9
"Wisconsin","status_quo","Past",2020-03-13,"cumulative_hosps",9,9,9,9,9,9,9,9
"Wisconsin","linear_increase_sd","Past",2020-03-13,"daily_all_infections",213,213,213,223,223,234,234,234
"Wisconsin","return_normal","Past",2020-03-13,"daily_all_infections",213,213,213,223,223,234,234,234
"Wisconsin","status_quo","Past",2020-03-13,"daily_all_infections",213,213,213,223,223,234,234,234
"Wisconsin","linear_increase_sd","Past",2020-03-13,"daily_cases",11,11,11,12,12,12,12,12
"Wisconsin","return_normal","Past",2020-03-13,"daily_cases",11,11,11,12,12,12,12,12
"Wisconsin","status_quo","Past",2020-03-13,"daily_cases",11,11,11,12,12,12,12,12
"Wisconsin","linear_increase_sd","Past",2020-03-13,"daily_deaths",0,0,0,1,1,1,1,1
"Wisconsin","return_normal","Past",2020-03-13,"daily_deaths",0,0,0,1,1,1,1,1
"Wisconsin","status_quo","Past",2020-03-13,"daily_deaths",0,0,0,1,1,1,1,1
"Wisconsin","linear_increase_sd","Past",2020-03-13,"daily_hosps",1,1,1,1,1,1,1,1
"Wisconsin","return_normal","Past",2020-03-13,"daily_hosps",1,1,1,1,1,1,1,1
"Wisconsin","status_quo","Past",2020-03-13,"daily_hosps",1,1,1,1,1,1,1,1
"Wisconsin","linear_increase_sd","Past",2020-03-13,"latent_trend",NA,NA,NA,0.996902920540161,NA,NA,NA,NA
"Wisconsin","return_normal","Past",2020-03-13,"latent_trend",NA,NA,NA,0.996902920540161,NA,NA,NA,NA
"Wisconsin","status_quo","Past",2020-03-13,"latent_trend",NA,NA,NA,0.996902920540161,NA,NA,NA,NA
"Wisconsin","linear_increase_sd","Past",2020-03-13,"mobility_trend",NA,NA,NA,0.882498811215624,NA,NA,NA,NA
"Wisconsin","return_normal","Past",2020-03-13,"mobility_trend",NA,NA,NA,0.882498811215624,NA,NA,NA,NA
"Wisconsin","status_quo","Past",2020-03-13,"mobility_trend",NA,NA,NA,0.882498811215624,NA,NA,NA,NA
"Wisconsin",NA,"Past",2020-03-14,"actual_cumulative_cases",NA,NA,NA,22,NA,NA,NA,NA
"Wisconsin",NA,"Past",2020-03-14,"actual_cumulative_deaths",NA,NA,NA,0,NA,NA,NA,NA
"Wisconsin",NA,"Past",2020-03-14,"actual_daily_cases",NA,NA,NA,0,NA,NA,NA,NA
"Wisconsin",NA,"Past",2020-03-14,"actual_daily_deaths",NA,NA,NA,NA,NA,NA,NA,NA
"Wisconsin","linear_increase_sd","Past",2020-03-14,"combined_trend",NA,NA,NA,0.859689358882053,NA,NA,NA,NA
"Wisconsin","return_normal","Past",2020-03-14,"combined_trend",NA,NA,NA,0.859689358882053,NA,NA,NA,NA
"Wisconsin","status_quo","Past",2020-03-14,"combined_trend",NA,NA,NA,0.859689358882053,NA,NA,NA,NA
"Wisconsin","linear_increase_sd","Past",2020-03-14,"cumulative_all_infections",1383,1383,1383,1445,1440,1524,1524,1524
"Wisconsin","return_normal","Past",2020-03-14,"cumulative_all_infections",1383,1383,1383,1445,1440,1524,1524,1524
"Wisconsin","status_quo","Past",2020-03-14,"cumulative_all_infections",1383,1383,1383,1445,1440,1524,1524,1524
"Wisconsin","linear_increase_sd","Past",2020-03-14,"cumulative_cases",49,49,49,51,51,53,53,53
"Wisconsin","return_normal","Past",2020-03-14,"cumulative_cases",49,49,49,51,51,53,53,53
"Wisconsin","status_quo","Past",2020-03-14,"cumulative_cases",49,49,49,51,51,53,53,53
"Wisconsin","linear_increase_sd","Past",2020-03-14,"cumulative_deaths",4,4,4,6,6,8,8,8
"Wisconsin","return_normal","Past",2020-03-14,"cumulative_deaths",4,4,4,6,6,8,8,8
"Wisconsin","status_quo","Past",2020-03-14,"cumulative_deaths",4,4,4,6,6,8,8,8
"Wisconsin","linear_increase_sd","Past",2020-03-14,"cumulative_hosps",10,10,10,10,10,10,10,10
"Wisconsin","return_normal","Past",2020-03-14,"cumulative_hosps",10,10,10,10,10,10,10,10
"Wisconsin","status_quo","Past",2020-03-14,"cumulative_hosps",10,10,10,10,10,10,10,10
"Wisconsin","linear_increase_sd","Past",2020-03-14,"daily_all_infections",247,247,247,261,260,277,277,277
"Wisconsin","return_normal","Past",2020-03-14,"daily_all_infections",247,247,247,261,260,277,277,277
"Wisconsin","status_quo","Past",2020-03-14,"daily_all_infections",247,247,247,261,260,277,277,277
"Wisconsin","linear_increase_sd","Past",2020-03-14,"daily_cases",14,14,14,15,14,16,16,16
"Wisconsin","return_normal","Past",2020-03-14,"daily_cases",14,14,14,15,14,16,16,16
"Wisconsin","status_quo","Past",2020-03-14,"daily_cases",14,14,14,15,14,16,16,16
"Wisconsin","linear_increase_sd","Past",2020-03-14,"daily_deaths",0,0,0,1,1,1,1,1
"Wisconsin","return_normal","Past",2020-03-14,"daily_deaths",0,0,0,1,1,1,1,1
"Wisconsin","status_quo","Past",2020-03-14,"daily_deaths",0,0,0,1,1,1,1,1
"Wisconsin","linear_increase_sd","Past",2020-03-14,"daily_hosps",1,1,1,1,1,1,1,1
"Wisconsin","return_normal","Past",2020-03-14,"daily_hosps",1,1,1,1,1,1,1,1
"Wisconsin","status_quo","Past",2020-03-14,"daily_hosps",1,1,1,1,1,1,1,1
"Wisconsin","linear_increase_sd","Past",2020-03-14,"latent_trend",NA,NA,NA,0.996311419240504,NA,NA,NA,NA
"Wisconsin","return_normal","Past",2020-03-14,"latent_trend",NA,NA,NA,0.996311419240504,NA,NA,NA,NA
"Wisconsin","status_quo","Past",2020-03-14,"latent_trend",NA,NA,NA,0.996311419240504,NA,NA,NA,NA
"Wisconsin","linear_increase_sd","Past",2020-03-14,"mobility_trend",NA,NA,NA,0.862872132427631,NA,NA,NA,NA
"Wisconsin","return_normal","Past",2020-03-14,"mobility_trend",NA,NA,NA,0.862872132427631,NA,NA,NA,NA
"Wisconsin","status_quo","Past",2020-03-14,"mobility_trend",NA,NA,NA,0.862872132427631,NA,NA,NA,NA
"Wisconsin",NA,"Past",2020-03-15,"actual_cumulative_cases",NA,NA,NA,36,NA,NA,NA,NA
"Wisconsin",NA,"Past",2020-03-15,"actual_cumulative_deaths",NA,NA,NA,0,NA,NA,NA,NA
"Wisconsin",NA,"Past",2020-03-15,"actual_daily_cases",NA,NA,NA,14,NA,NA,NA,NA
"Wisconsin",NA,"Past",2020-03-15,"actual_daily_deaths",NA,NA,NA,NA,NA,NA,NA,NA
"Wisconsin","linear_increase_sd","Past",2020-03-15,"combined_trend",NA,NA,NA,0.839023331553375,NA,NA,NA,NA
"Wisconsin","return_normal","Past",2020-03-15,"combined_trend",NA,NA,NA,0.839023331553375,NA,NA,NA,NA
"Wisconsin","status_quo","Past",2020-03-15,"combined_trend",NA,NA,NA,0.839023331553375,NA,NA,NA,NA
"Wisconsin","linear_increase_sd","Past",2020-03-15,"cumulative_all_infections",1671,1671,1671,1746,1738,1844,1844,1844
"Wisconsin","return_normal","Past",2020-03-15,"cumulative_all_infections",1671,1671,1671,1746,1738,1844,1844,1844
"Wisconsin","status_quo","Past",2020-03-15,"cumulative_all_infections",1671,1671,1671,1746,1738,1844,1844,1844
"Wisconsin","linear_increase_sd","Past",2020-03-15,"cumulative_cases",66,66,66,69,69,71,71,71
"Wisconsin","return_normal","Past",2020-03-15,"cumulative_cases",66,66,66,69,69,71,71,71
"Wisconsin","status_quo","Past",2020-03-15,"cumulative_cases",66,66,66,69,69,71,71,71
"Wisconsin","linear_increase_sd","Past",2020-03-15,"cumulative_deaths",5,5,5,7,7,9,9,9
"Wisconsin","return_normal","Past",2020-03-15,"cumulative_deaths",5,5,5,7,7,9,9,9
"Wisconsin","status_quo","Past",2020-03-15,"cumulative_deaths",5,5,5,7,7,9,9,9
"Wisconsin","linear_increase_sd","Past",2020-03-15,"cumulative_hosps",11,11,11,11,11,11,11,11
"Wisconsin","return_normal","Past",2020-03-15,"cumulative_hosps",11,11,11,11,11,11,11,11
"Wisconsin","status_quo","Past",2020-03-15,"cumulative_hosps",11,11,11,11,11,11,11,11
"Wisconsin","linear_increase_sd","Past",2020-03-15,"daily_all_infections",288,288,288,302,298,320,320,320
"Wisconsin","return_normal","Past",2020-03-15,"daily_all_infections",288,288,288,302,298,320,320,320
"Wisconsin","status_quo","Past",2020-03-15,"daily_all_infections",288,288,288,302,298,320,320,320
"Wisconsin","linear_increase_sd","Past",2020-03-15,"daily_cases",17,17,17,18,18,18,18,18
"Wisconsin","return_normal","Past",2020-03-15,"daily_cases",17,17,17,18,18,18,18,18
"Wisconsin","status_quo","Past",2020-03-15,"daily_cases",17,17,17,18,18,18,18,18
"Wisconsin","linear_increase_sd","Past",2020-03-15,"daily_deaths",1,1,1,1,1,1,1,1
"Wisconsin","return_normal","Past",2020-03-15,"daily_deaths",1,1,1,1,1,1,1,1
"Wisconsin","status_quo","Past",2020-03-15,"daily_deaths",1,1,1,1,1,1,1,1
"Wisconsin","linear_increase_sd","Past",2020-03-15,"daily_hosps",1,1,1,1,1,1,1,1
"Wisconsin","return_normal","Past",2020-03-15,"daily_hosps",1,1,1,1,1,1,1,1
"Wisconsin","status_quo","Past",2020-03-15,"daily_hosps",1,1,1,1,1,1,1,1
"Wisconsin","linear_increase_sd","Past",2020-03-15,"latent_trend",NA,NA,NA,0.995430221813429,NA,NA,NA,NA
"Wisconsin","return_normal","Past",2020-03-15,"latent_trend",NA,NA,NA,0.995430221813429,NA,NA,NA,NA
"Wisconsin","status_quo","Past",2020-03-15,"latent_trend",NA,NA,NA,0.995430221813429,NA,NA,NA,NA
"Wisconsin","linear_increase_sd","Past",2020-03-15,"mobility_trend",NA,NA,NA,0.842875083724986,NA,NA,NA,NA
"Wisconsin","return_normal","Past",2020-03-15,"mobility_trend",NA,NA,NA,0.842875083724986,NA,NA,NA,NA
"Wisconsin","status_quo","Past",2020-03-15,"mobility_trend",NA,NA,NA,0.842875083724986,NA,NA,NA,NA
"Wisconsin",NA,"Past",2020-03-16,"actual_cumulative_cases",NA,NA,NA,55,NA,NA,NA,NA
"Wisconsin",NA,"Past",2020-03-16,"actual_cumulative_deaths",NA,NA,NA,0,NA,NA,NA,NA
"Wisconsin",NA,"Past",2020-03-16,"actual_daily_cases",NA,NA,NA,19,NA,NA,NA,NA
"Wisconsin",NA,"Past",2020-03-16,"actual_daily_deaths",NA,NA,NA,NA,NA,NA,NA,NA
"Wisconsin","linear_increase_sd","Past",2020-03-16,"combined_trend",NA,NA,NA,0.817701318679407,NA,NA,NA,NA
"Wisconsin","return_normal","Past",2020-03-16,"combined_trend",NA,NA,NA,0.817701318679407,NA,NA,NA,NA
"Wisconsin","status_quo","Past",2020-03-16,"combined_trend",NA,NA,NA,0.817701318679407,NA,NA,NA,NA
"Wisconsin","linear_increase_sd","Past",2020-03-16,"cumulative_all_infections",2002,2002,2002,2095,2086,2217,2217,2217
"Wisconsin","return_normal","Past",2020-03-16,"cumulative_all_infections",2002,2002,2002,2095,2086,2217,2217,2217
"Wisconsin","status_quo","Past",2020-03-16,"cumulative_all_infections",2002,2002,2002,2095,2086,2217,2217,2217
"Wisconsin","linear_increase_sd","Past",2020-03-16,"cumulative_cases",88,88,88,91,90,96,96,96
"Wisconsin","return_normal","Past",2020-03-16,"cumulative_cases",88,88,88,91,90,96,96,96
"Wisconsin","status_quo","Past",2020-03-16,"cumulative_cases",88,88,88,91,90,96,96,96
"Wisconsin","linear_increase_sd","Past",2020-03-16,"cumulative_deaths",6,6,6,8,8,10,10,10
"Wisconsin","return_normal","Past",2020-03-16,"cumulative_deaths",6,6,6,8,8,10,10,10
"Wisconsin","status_quo","Past",2020-03-16,"cumulative_deaths",6,6,6,8,8,10,10,10
"Wisconsin","linear_increase_sd","Past",2020-03-16,"cumulative_hosps",12,12,12,13,12,13,13,13
"Wisconsin","return_normal","Past",2020-03-16,"cumulative_hosps",12,12,12,13,12,13,13,13
"Wisconsin","status_quo","Past",2020-03-16,"cumulative_hosps",12,12,12,13,12,13,13,13
"Wisconsin","linear_increase_sd","Past",2020-03-16,"daily_all_infections",331,331,331,350,348,373,373,373
"Wisconsin","return_normal","Past",2020-03-16,"daily_all_infections",331,331,331,350,348,373,373,373
"Wisconsin","status_quo","Past",2020-03-16,"daily_all_infections",331,331,331,350,348,373,373,373
"Wisconsin","linear_increase_sd","Past",2020-03-16,"daily_cases",20,20,20,23,22,25,25,25
"Wisconsin","return_normal","Past",2020-03-16,"daily_cases",20,20,20,23,22,25,25,25
"Wisconsin","status_quo","Past",2020-03-16,"daily_cases",20,20,20,23,22,25,25,25
"Wisconsin","linear_increase_sd","Past",2020-03-16,"daily_deaths",1,1,1,1,1,1,1,1
"Wisconsin","return_normal","Past",2020-03-16,"daily_deaths",1,1,1,1,1,1,1,1
"Wisconsin","status_quo","Past",2020-03-16,"daily_deaths",1,1,1,1,1,1,1,1
"Wisconsin","linear_increase_sd","Past",2020-03-16,"daily_hosps",1,1,1,2,1,2,2,2
"Wisconsin","return_normal","Past",2020-03-16,"daily_hosps",1,1,1,2,1,2,2,2
"Wisconsin","status_quo","Past",2020-03-16,"daily_hosps",1,1,1,2,1,2,2,2
"Wisconsin","linear_increase_sd","Past",2020-03-16,"latent_trend",NA,NA,NA,0.994134113237747,NA,NA,NA,NA
"Wisconsin","return_normal","Past",2020-03-16,"latent_trend",NA,NA,NA,0.994134113237747,NA,NA,NA,NA
"Wisconsin","status_quo","Past",2020-03-16,"latent_trend",NA,NA,NA,0.994134113237747,NA,NA,NA,NA
"Wisconsin","linear_increase_sd","Past",2020-03-16,"mobility_trend",NA,NA,NA,0.822526164016518,NA,NA,NA,NA
"Wisconsin","return_normal","Past",2020-03-16,"mobility_trend",NA,NA,NA,0.822526164016518,NA,NA,NA,NA
"Wisconsin","status_quo","Past",2020-03-16,"mobility_trend",NA,NA,NA,0.822526164016518,NA,NA,NA,NA
"Wisconsin",NA,"Past",2020-03-17,"actual_cumulative_cases",NA,NA,NA,82,NA,NA,NA,NA
"Wisconsin",NA,"Past",2020-03-17,"actual_cumulative_deaths",NA,NA,NA,0,NA,NA,NA,NA
"Wisconsin",NA,"Past",2020-03-17,"actual_daily_cases",NA,NA,NA,27,NA,NA,NA,NA
"Wisconsin",NA,"Past",2020-03-17,"actual_daily_deaths",NA,NA,NA,NA,NA,NA,NA,NA
"Wisconsin","linear_increase_sd","Past",2020-03-17,"combined_trend",NA,NA,NA,0.795580985574263,NA,NA,NA,NA
"Wisconsin","return_normal","Past",2020-03-17,"combined_trend",NA,NA,NA,0.795580985574263,NA,NA,NA,NA
"Wisconsin","status_quo","Past",2020-03-17,"combined_trend",NA,NA,NA,0.795580985574263,NA,NA,NA,NA
"Wisconsin","linear_increase_sd","Past",2020-03-17,"cumulative_all_infections",2382,2382,2382,2495,2487,2641,2641,2641
"Wisconsin","return_normal","Past",2020-03-17,"cumulative_all_infections",2382,2382,2382,2495,2487,2641,2641,2641
"Wisconsin","status_quo","Past",2020-03-17,"cumulative_all_infections",2382,2382,2382,2495,2487,2641,2641,2641
"Wisconsin","linear_increase_sd","Past",2020-03-17,"cumulative_cases",114,114,114,119,117,124,124,124
"Wisconsin","return_normal","Past",2020-03-17,"cumulative_cases",114,114,114,119,117,124,124,124
"Wisconsin","status_quo","Past",2020-03-17,"cumulative_cases",114,114,114,119,117,124,124,124
"Wisconsin","linear_increase_sd","Past",2020-03-17,"cumulative_deaths",7,7,7,9,9,11,11,11
"Wisconsin","return_normal","Past",2020-03-17,"cumulative_deaths",7,7,7,9,9,11,11,11
"Wisconsin","status_quo","Past",2020-03-17,"cumulative_deaths",7,7,7,9,9,11,11,11
"Wisconsin","linear_increase_sd","Past",2020-03-17,"cumulative_hosps",14,14,14,15,14,15,15,15
"Wisconsin","return_normal","Past",2020-03-17,"cumulative_hosps",14,14,14,15,14,15,15,15
"Wisconsin","status_quo","Past",2020-03-17,"cumulative_hosps",14,14,14,15,14,15,15,15
"Wisconsin","linear_increase_sd","Past",2020-03-17,"daily_all_infections",380,380,380,400,401,424,424,424
"Wisconsin","return_normal","Past",2020-03-17,"daily_all_infections",380,380,380,400,401,424,424,424
"Wisconsin","status_quo","Past",2020-03-17,"daily_all_infections",380,380,380,400,401,424,424,424
"Wisconsin","linear_increase_sd","Past",2020-03-17,"daily_cases",26,26,26,28,27,28,28,28
"Wisconsin","return_normal","Past",2020-03-17,"daily_cases",26,26,26,28,27,28,28,28
"Wisconsin","status_quo","Past",2020-03-17,"daily_cases",26,26,26,28,27,28,28,28
"Wisconsin","linear_increase_sd","Past",2020-03-17,"daily_deaths",1,1,1,1,1,1,1,1
"Wisconsin","return_normal","Past",2020-03-17,"daily_deaths",1,1,1,1,1,1,1,1
"Wisconsin","status_quo","Past",2020-03-17,"daily_deaths",1,1,1,1,1,1,1,1
"Wisconsin","linear_increase_sd","Past",2020-03-17,"daily_hosps",2,2,2,2,2,2,2,2
"Wisconsin","return_normal","Past",2020-03-17,"daily_hosps",2,2,2,2,2,2,2,2
"Wisconsin","status_quo","Past",2020-03-17,"daily_hosps",2,2,2,2,2,2,2,2
"Wisconsin","linear_increase_sd","Past",2020-03-17,"latent_trend",NA,NA,NA,0.99223004237435,NA,NA,NA,NA
"Wisconsin","return_normal","Past",2020-03-17,"latent_trend",NA,NA,NA,0.99223004237435,NA,NA,NA,NA
"Wisconsin","status_quo","Past",2020-03-17,"latent_trend",NA,NA,NA,0.99223004237435,NA,NA,NA,NA
"Wisconsin","linear_increase_sd","Past",2020-03-17,"mobility_trend",NA,NA,NA,0.801811023248685,NA,NA,NA,NA
"Wisconsin","return_normal","Past",2020-03-17,"mobility_trend",NA,NA,NA,0.801811023248685,NA,NA,NA,NA
"Wisconsin","status_quo","Past",2020-03-17,"mobility_trend",NA,NA,NA,0.801811023248685,NA,NA,NA,NA
"Wisconsin",NA,"Past",2020-03-18,"actual_cumulative_cases",NA,NA,NA,120,NA,NA,NA,NA
"Wisconsin",NA,"Past",2020-03-18,"actual_cumulative_deaths",NA,NA,NA,0,NA,NA,NA,NA
"Wisconsin",NA,"Past",2020-03-18,"actual_daily_cases",NA,NA,NA,38,NA,NA,NA,NA
"Wisconsin",NA,"Past",2020-03-18,"actual_daily_deaths",NA,NA,NA,NA,NA,NA,NA,NA
"Wisconsin","linear_increase_sd","Past",2020-03-18,"combined_trend",NA,NA,NA,0.772652031578663,NA,NA,NA,NA
"Wisconsin","return_normal","Past",2020-03-18,"combined_trend",NA,NA,NA,0.772652031578663,NA,NA,NA,NA
"Wisconsin","status_quo","Past",2020-03-18,"combined_trend",NA,NA,NA,0.772652031578663,NA,NA,NA,NA
"Wisconsin","linear_increase_sd","Past",2020-03-18,"cumulative_all_infections",2813,2813,2813,2949,2942,3121,3121,3121
"Wisconsin","return_normal","Past",2020-03-18,"cumulative_all_infections",2813,2813,2813,2949,2942,3121,3121,3121
"Wisconsin","status_quo","Past",2020-03-18,"cumulative_all_infections",2813,2813,2813,2949,2942,3121,3121,3121
"Wisconsin","linear_increase_sd","Past",2020-03-18,"cumulative_cases",145,145,145,152,150,160,160,160
"Wisconsin","return_normal","Past",2020-03-18,"cumulative_cases",145,145,145,152,150,160,160,160
"Wisconsin","status_quo","Past",2020-03-18,"cumulative_cases",145,145,145,152,150,160,160,160
"Wisconsin","linear_increase_sd","Past",2020-03-18,"cumulative_deaths",8,8,8,10,10,12,12,12
"Wisconsin","return_normal","Past",2020-03-18,"cumulative_deaths",8,8,8,10,10,12,12,12
"Wisconsin","status_quo","Past",2020-03-18,"cumulative_deaths",8,8,8,10,10,12,12,12
"Wisconsin","linear_increase_sd","Past",2020-03-18,"cumulative_hosps",16,16,16,17,16,17,17,17
"Wisconsin","return_normal","Past",2020-03-18,"cumulative_hosps",16,16,16,17,16,17,17,17
"Wisconsin","status_quo","Past",2020-03-18,"cumulative_hosps",16,16,16,17,16,17,17,17
"Wisconsin","linear_increase_sd","Past",2020-03-18,"daily_all_infections",431,431,431,454,455,480,480,480
"Wisconsin","return_normal","Past",2020-03-18,"daily_all_infections",431,431,431,454,455,480,480,480
"Wisconsin","status_quo","Past",2020-03-18,"daily_all_infections",431,431,431,454,455,480,480,480
"Wisconsin","linear_increase_sd","Past",2020-03-18,"daily_cases",31,31,31,33,32,36,36,36
"Wisconsin","return_normal","Past",2020-03-18,"daily_cases",31,31,31,33,32,36,36,36
"Wisconsin","status_quo","Past",2020-03-18,"daily_cases",31,31,31,33,32,36,36,36
"Wisconsin","linear_increase_sd","Past",2020-03-18,"daily_deaths",1,1,1,1,1,1,1,1
"Wisconsin","return_normal","Past",2020-03-18,"daily_deaths",1,1,1,1,1,1,1,1
"Wisconsin","status_quo","Past",2020-03-18,"daily_deaths",1,1,1,1,1,1,1,1
"Wisconsin","linear_increase_sd","Past",2020-03-18,"daily_hosps",2,2,2,2,2,2,2,2
"Wisconsin","return_normal","Past",2020-03-18,"daily_hosps",2,2,2,2,2,2,2,2
"Wisconsin","status_quo","Past",2020-03-18,"daily_hosps",2,2,2,2,2,2,2,2
"Wisconsin","linear_increase_sd","Past",2020-03-18,"latent_trend",NA,NA,NA,0.989425377915715,NA,NA,NA,NA
"Wisconsin","return_normal","Past",2020-03-18,"latent_trend",NA,NA,NA,0.989425377915715,NA,NA,NA,NA
"Wisconsin","status_quo","Past",2020-03-18,"latent_trend",NA,NA,NA,0.989425377915715,NA,NA,NA,NA
"Wisconsin","linear_increase_sd","Past",2020-03-18,"mobility_trend",NA,NA,NA,0.780909858211139,NA,NA,NA,NA
"Wisconsin","return_normal","Past",2020-03-18,"mobility_trend",NA,NA,NA,0.780909858211139,NA,NA,NA,NA
"Wisconsin","status_quo","Past",2020-03-18,"mobility_trend",NA,NA,NA,0.780909858211139,NA,NA,NA,NA
"Wisconsin",NA,"Past",2020-03-19,"actual_cumulative_cases",NA,NA,NA,173,NA,NA,NA,NA
"Wisconsin",NA,"Past",2020-03-19,"actual_cumulative_deaths",NA,NA,NA,0,NA,NA,NA,NA
"Wisconsin",NA,"Past",2020-03-19,"actual_daily_cases",NA,NA,NA,53,NA,NA,NA,NA
"Wisconsin",NA,"Past",2020-03-19,"actual_daily_deaths",NA,NA,NA,NA,NA,NA,NA,NA
"Wisconsin","linear_increase_sd","Past",2020-03-19,"combined_trend",NA,NA,NA,0.748921203404821,NA,NA,NA,NA
"Wisconsin","return_normal","Past",2020-03-19,"combined_trend",NA,NA,NA,0.748921203404821,NA,NA,NA,NA
"Wisconsin","status_quo","Past",2020-03-19,"combined_trend",NA,NA,NA,0.748921203404821,NA,NA,NA,NA
"Wisconsin","linear_increase_sd","Past",2020-03-19,"cumulative_all_infections",3300,3300,3300,3463,3453,3666,3666,3666
"Wisconsin","return_normal","Past",2020-03-19,"cumulative_all_infections",3300,3300,3300,3463,3453,3666,3666,3666
"Wisconsin","status_quo","Past",2020-03-19,"cumulative_all_infections",3300,3300,3300,3463,3453,3666,3666,3666
"Wisconsin","linear_increase_sd","Past",2020-03-19,"cumulative_cases",181,181,181,191,189,203,203,203
"Wisconsin","return_normal","Past",2020-03-19,"cumulative_cases",181,181,181,191,189,203,203,203
"Wisconsin","status_quo","Past",2020-03-19,"cumulative_cases",181,181,181,191,189,203,203,203
"Wisconsin","linear_increase_sd","Past",2020-03-19,"cumulative_deaths",9,9,9,11,11,13,13,13
"Wisconsin","return_normal","Past",2020-03-19,"cumulative_deaths",9,9,9,11,11,13,13,13
"Wisconsin","status_quo","Past",2020-03-19,"cumulative_deaths",9,9,9,11,11,13,13,13
"Wisconsin","linear_increase_sd","Past",2020-03-19,"cumulative_hosps",19,19,19,20,19,20,20,20
"Wisconsin","return_normal","Past",2020-03-19,"cumulative_hosps",19,19,19,20,19,20,20,20
"Wisconsin","status_quo","Past",2020-03-19,"cumulative_hosps",19,19,19,20,19,20,20,20
"Wisconsin","linear_increase_sd","Past",2020-03-19,"daily_all_infections",487,487,487,514,511,545,545,545
"Wisconsin","return_normal","Past",2020-03-19,"daily_all_infections",487,487,487,514,511,545,545,545
"Wisconsin","status_quo","Past",2020-03-19,"daily_all_infections",487,487,487,514,511,545,545,545
"Wisconsin","linear_increase_sd","Past",2020-03-19,"daily_cases",36,36,36,40,40,43,43,43
"Wisconsin","return_normal","Past",2020-03-19,"daily_cases",36,36,36,40,40,43,43,43
"Wisconsin","status_quo","Past",2020-03-19,"daily_cases",36,36,36,40,40,43,43,43
"Wisconsin","linear_increase_sd","Past",2020-03-19,"daily_deaths",1,1,1,1,1,1,1,1
"Wisconsin","return_normal","Past",2020-03-19,"daily_deaths",1,1,1,1,1,1,1,1
"Wisconsin","status_quo","Past",2020-03-19,"daily_deaths",1,1,1,1,1,1,1,1
"Wisconsin","linear_increase_sd","Past",2020-03-19,"daily_hosps",3,3,3,3,3,3,3,3
"Wisconsin","return_normal","Past",2020-03-19,"daily_hosps",3,3,3,3,3,3,3,3
"Wisconsin","status_quo","Past",2020-03-19,"daily_hosps",3,3,3,3,3,3,3,3
"Wisconsin","linear_increase_sd","Past",2020-03-19,"latent_trend",NA,NA,NA,0.985293155415076,NA,NA,NA,NA
"Wisconsin","return_normal","Past",2020-03-19,"latent_trend",NA,NA,NA,0.985293155415076,NA,NA,NA,NA
"Wisconsin","status_quo","Past",2020-03-19,"latent_trend",NA,NA,NA,0.985293155415076,NA,NA,NA,NA
"Wisconsin","linear_increase_sd","Past",2020-03-19,"mobility_trend",NA,NA,NA,0.760099874122562,NA,NA,NA,NA
"Wisconsin","return_normal","Past",2020-03-19,"mobility_trend",NA,NA,NA,0.760099874122562,NA,NA,NA,NA
"Wisconsin","status_quo","Past",2020-03-19,"mobility_trend",NA,NA,NA,0.760099874122562,NA,NA,NA,NA
"Wisconsin",NA,"Past",2020-03-20,"actual_cumulative_cases",NA,NA,NA,234,NA,NA,NA,NA
"Wisconsin",NA,"Past",2020-03-20,"actual_cumulative_deaths",NA,NA,NA,0,NA,NA,NA,NA
"Wisconsin",NA,"Past",2020-03-20,"actual_daily_cases",NA,NA,NA,61,NA,NA,NA,NA
"Wisconsin",NA,"Past",2020-03-20,"actual_daily_deaths",NA,NA,NA,NA,NA,NA,NA,NA
"Wisconsin","linear_increase_sd","Past",2020-03-20,"combined_trend",NA,NA,NA,0.724478541770666,NA,NA,NA,NA
"Wisconsin","return_normal","Past",2020-03-20,"combined_trend",NA,NA,NA,0.724478541770666,NA,NA,NA,NA
"Wisconsin","status_quo","Past",2020-03-20,"combined_trend",NA,NA,NA,0.724478541770666,NA,NA,NA,NA
"Wisconsin","linear_increase_sd","Past",2020-03-20,"cumulative_all_infections",3851,3851,3851,4042,4034,4281,4281,4281
"Wisconsin","return_normal","Past",2020-03-20,"cumulative_all_infections",3851,3851,3851,4042,4034,4281,4281,4281
"Wisconsin","status_quo","Past",2020-03-20,"cumulative_all_infections",3851,3851,3851,4042,4034,4281,4281,4281
"Wisconsin","linear_increase_sd","Past",2020-03-20,"cumulative_cases",226,226,226,237,236,252,252,252
"Wisconsin","return_normal","Past",2020-03-20,"cumulative_cases",226,226,226,237,236,252,252,252
"Wisconsin","status_quo","Past",2020-03-20,"cumulative_cases",226,226,226,237,236,252,252,252
"Wisconsin","linear_increase_sd","Past",2020-03-20,"cumulative_deaths",10,10,10,12,12,14,14,14
"Wisconsin","return_normal","Past",2020-03-20,"cumulative_deaths",10,10,10,12,12,14,14,14
"Wisconsin","status_quo","Past",2020-03-20,"cumulative_deaths",10,10,10,12,12,14,14,14
"Wisconsin","linear_increase_sd","Past",2020-03-20,"cumulative_hosps",22,22,22,23,22,23,23,23
"Wisconsin","return_normal","Past",2020-03-20,"cumulative_hosps",22,22,22,23,22,23,23,23
"Wisconsin","status_quo","Past",2020-03-20,"cumulative_hosps",22,22,22,23,22,23,23,23
"Wisconsin","linear_increase_sd","Past",2020-03-20,"daily_all_infections",551,551,551,579,581,615,615,615
"Wisconsin","return_normal","Past",2020-03-20,"daily_all_infections",551,551,551,579,581,615,615,615
"Wisconsin","status_quo","Past",2020-03-20,"daily_all_infections",551,551,551,579,581,615,615,615
"Wisconsin","linear_increase_sd","Past",2020-03-20,"daily_cases",45,45,45,47,46,49,49,49
"Wisconsin","return_normal","Past",2020-03-20,"daily_cases",45,45,45,47,46,49,49,49
"Wisconsin","status_quo","Past",2020-03-20,"daily_cases",45,45,45,47,46,49,49,49
"Wisconsin","linear_increase_sd","Past",2020-03-20,"daily_deaths",1,1,1,1,1,1,1,1
"Wisconsin","return_normal","Past",2020-03-20,"daily_deaths",1,1,1,1,1,1,1,1
"Wisconsin","status_quo","Past",2020-03-20,"daily_deaths",1,1,1,1,1,1,1,1
"Wisconsin","linear_increase_sd","Past",2020-03-20,"daily_hosps",3,3,3,3,3,3,3,3
"Wisconsin","return_normal","Past",2020-03-20,"daily_hosps",3,3,3,3,3,3,3,3
"Wisconsin","status_quo","Past",2020-03-20,"daily_hosps",3,3,3,3,3,3,3,3
"Wisconsin","linear_increase_sd","Past",2020-03-20,"latent_trend",NA,NA,NA,0.97922121420648,NA,NA,NA,NA
"Wisconsin","return_normal","Past",2020-03-20,"latent_trend",NA,NA,NA,0.97922121420648,NA,NA,NA,NA
"Wisconsin","status_quo","Past",2020-03-20,"latent_trend",NA,NA,NA,0.97922121420648,NA,NA,NA,NA
"Wisconsin","linear_increase_sd","Past",2020-03-20,"mobility_trend",NA,NA,NA,0.73985176307455,NA,NA,NA,NA
"Wisconsin","return_normal","Past",2020-03-20,"mobility_trend",NA,NA,NA,0.73985176307455,NA,NA,NA,NA
"Wisconsin","status_quo","Past",2020-03-20,"mobility_trend",NA,NA,NA,0.73985176307455,NA,NA,NA,NA
"Wisconsin",NA,"Past",2020-03-21,"actual_cumulative_cases",NA,NA,NA,314,NA,NA,NA,NA
"Wisconsin",NA,"Past",2020-03-21,"actual_cumulative_deaths",NA,NA,NA,1,NA,NA,NA,NA
"Wisconsin",NA,"Past",2020-03-21,"actual_daily_cases",NA,NA,NA,80,NA,NA,NA,NA
"Wisconsin",NA,"Past",2020-03-21,"actual_daily_deaths",NA,NA,NA,1,NA,NA,NA,NA
"Wisconsin","linear_increase_sd","Past",2020-03-21,"combined_trend",NA,NA,NA,0.69932307715698,NA,NA,NA,NA
"Wisconsin","return_normal","Past",2020-03-21,"combined_trend",NA,NA,NA,0.69932307715698,NA,NA,NA,NA
"Wisconsin","status_quo","Past",2020-03-21,"combined_trend",NA,NA,NA,0.69932307715698,NA,NA,NA,NA
"Wisconsin","linear_increase_sd","Past",2020-03-21,"cumulative_all_infections",4460,4460,4460,4685,4678,4964,4964,4964
"Wisconsin","return_normal","Past",2020-03-21,"cumulative_all_infections",4460,4460,4460,4685,4678,4964,4964,4964
"Wisconsin","status_quo","Past",2020-03-21,"cumulative_all_infections",4460,4460,4460,4685,4678,4964,4964,4964
"Wisconsin","linear_increase_sd","Past",2020-03-21,"cumulative_cases",282,282,282,295,292,316,316,316
"Wisconsin","return_normal","Past",2020-03-21,"cumulative_cases",282,282,282,295,292,316,316,316
"Wisconsin","status_quo","Past",2020-03-21,"cumulative_cases",282,282,282,295,292,316,316,316
"Wisconsin","linear_increase_sd","Past",2020-03-21,"cumulative_deaths",11,11,11,13,13,15,15,15
"Wisconsin","return_normal","Past",2020-03-21,"cumulative_deaths",11,11,11,13,13,15,15,15
"Wisconsin","status_quo","Past",2020-03-21,"cumulative_deaths",11,11,11,13,13,15,15,15
"Wisconsin","linear_increase_sd","Past",2020-03-21,"cumulative_hosps",25,25,25,27,26,27,27,27
"Wisconsin","return_normal","Past",2020-03-21,"cumulative_hosps",25,25,25,27,26,27,27,27
"Wisconsin","status_quo","Past",2020-03-21,"cumulative_hosps",25,25,25,27,26,27,27,27
"Wisconsin","linear_increase_sd","Past",2020-03-21,"daily_all_infections",609,609,609,644,644,683,683,683
"Wisconsin","return_normal","Past",2020-03-21,"daily_all_infections",609,609,609,644,644,683,683,683
"Wisconsin","status_quo","Past",2020-03-21,"daily_all_infections",609,609,609,644,644,683,683,683
"Wisconsin","linear_increase_sd","Past",2020-03-21,"daily_cases",54,54,54,58,56,64,64,64
"Wisconsin","return_normal","Past",2020-03-21,"daily_cases",54,54,54,58,56,64,64,64
"Wisconsin","status_quo","Past",2020-03-21,"daily_cases",54,54,54,58,56,64,64,64
"Wisconsin","linear_increase_sd","Past",2020-03-21,"daily_deaths",1,1,1,1,1,1,1,1
"Wisconsin","return_normal","Past",2020-03-21,"daily_deaths",1,1,1,1,1,1,1,1
"Wisconsin","status_quo","Past",2020-03-21,"daily_deaths",1,1,1,1,1,1,1,1
"Wisconsin","linear_increase_sd","Past",2020-03-21,"daily_hosps",3,3,3,4,4,4,4,4
"Wisconsin","return_normal","Past",2020-03-21,"daily_hosps",3,3,3,4,4,4,4,4
"Wisconsin","status_quo","Past",2020-03-21,"daily_hosps",3,3,3,4,4,4,4,4
"Wisconsin","linear_increase_sd","Past",2020-03-21,"latent_trend",NA,NA,NA,0.970359416519184,NA,NA,NA,NA
"Wisconsin","return_normal","Past",2020-03-21,"latent_trend",NA,NA,NA,0.970359416519184,NA,NA,NA,NA
"Wisconsin","status_quo","Past",2020-03-21,"latent_trend",NA,NA,NA,0.970359416519184,NA,NA,NA,NA
"Wisconsin","linear_increase_sd","Past",2020-03-21,"mobility_trend",NA,NA,NA,0.720684588876924,NA,NA,NA,NA
"Wisconsin","return_normal","Past",2020-03-21,"mobility_trend",NA,NA,NA,0.720684588876924,NA,NA,NA,NA
"Wisconsin","status_quo","Past",2020-03-21,"mobility_trend",NA,NA,NA,0.720684588876924,NA,NA,NA,NA
"Wisconsin",NA,"Past",2020-03-22,"actual_cumulative_cases",NA,NA,NA,424,NA,NA,NA,NA
"Wisconsin",NA,"Past",2020-03-22,"actual_cumulative_deaths",NA,NA,NA,1,NA,NA,NA,NA
"Wisconsin",NA,"Past",2020-03-22,"actual_daily_cases",NA,NA,NA,110,NA,NA,NA,NA
"Wisconsin",NA,"Past",2020-03-22,"actual_daily_deaths",NA,NA,NA,0,NA,NA,NA,NA
"Wisconsin","linear_increase_sd","Past",2020-03-22,"combined_trend",NA,NA,NA,0.673194237410213,NA,NA,NA,NA
"Wisconsin","return_normal","Past",2020-03-22,"combined_trend",NA,NA,NA,0.673194237410213,NA,NA,NA,NA
"Wisconsin","status_quo","Past",2020-03-22,"combined_trend",NA,NA,NA,0.673194237410213,NA,NA,NA,NA
"Wisconsin","linear_increase_sd","Past",2020-03-22,"cumulative_all_infections",5137,5137,5137,5392,5381,5707,5707,5707
"Wisconsin","return_normal","Past",2020-03-22,"cumulative_all_infections",5137,5137,5137,5392,5381,5707,5707,5707
"Wisconsin","status_quo","Past",2020-03-22,"cumulative_all_infections",5137,5137,5137,5392,5381,5707,5707,5707
"Wisconsin","linear_increase_sd","Past",2020-03-22,"cumulative_cases",345,345,345,361,358,383,383,383
"Wisconsin","return_normal","Past",2020-03-22,"cumulative_cases",345,345,345,361,358,383,383,383
"Wisconsin","status_quo","Past",2020-03-22,"cumulative_cases",345,345,345,361,358,383,383,383
"Wisconsin","linear_increase_sd","Past",2020-03-22,"cumulative_deaths",12,12,12,14,14,16,16,16
"Wisconsin","return_normal","Past",2020-03-22,"cumulative_deaths",12,12,12,14,14,16,16,16
"Wisconsin","status_quo","Past",2020-03-22,"cumulative_deaths",12,12,12,14,14,16,16,16
"Wisconsin","linear_increase_sd","Past",2020-03-22,"cumulative_hosps",29,29,29,31,31,32,32,32
"Wisconsin","return_normal","Past",2020-03-22,"cumulative_hosps",29,29,29,31,31,32,32,32
"Wisconsin","status_quo","Past",2020-03-22,"cumulative_hosps",29,29,29,31,31,32,32,32
"Wisconsin","linear_increase_sd","Past",2020-03-22,"daily_all_infections",677,677,677,708,703,743,743,743
"Wisconsin","return_normal","Past",2020-03-22,"daily_all_infections",677,677,677,708,703,743,743,743
"Wisconsin","status_quo","Past",2020-03-22,"daily_all_infections",677,677,677,708,703,743,743,743
"Wisconsin","linear_increase_sd","Past",2020-03-22,"daily_cases",63,63,63,67,67,69,69,69
"Wisconsin","return_normal","Past",2020-03-22,"daily_cases",63,63,63,67,67,69,69,69
"Wisconsin","status_quo","Past",2020-03-22,"daily_cases",63,63,63,67,67,69,69,69
"Wisconsin","linear_increase_sd","Past",2020-03-22,"daily_deaths",1,1,1,1,1,1,1,1
"Wisconsin","return_normal","Past",2020-03-22,"daily_deaths",1,1,1,1,1,1,1,1
"Wisconsin","status_quo","Past",2020-03-22,"daily_deaths",1,1,1,1,1,1,1,1
"Wisconsin","linear_increase_sd","Past",2020-03-22,"daily_hosps",4,4,4,5,4,5,5,5
"Wisconsin","return_normal","Past",2020-03-22,"daily_hosps",4,4,4,5,4,5,5,5
"Wisconsin","status_quo","Past",2020-03-22,"daily_hosps",4,4,4,5,4,5,5,5
"Wisconsin","linear_increase_sd","Past",2020-03-22,"latent_trend",NA,NA,NA,0.957587564015261,NA,NA,NA,NA
"Wisconsin","return_normal","Past",2020-03-22,"latent_trend",NA,NA,NA,0.957587564015261,NA,NA,NA,NA
"Wisconsin","status_quo","Past",2020-03-22,"latent_trend",NA,NA,NA,0.957587564015261,NA,NA,NA,NA
"Wisconsin","linear_increase_sd","Past",2020-03-22,"mobility_trend",NA,NA,NA,0.703010630784972,NA,NA,NA,NA
"Wisconsin","return_normal","Past",2020-03-22,"mobility_trend",NA,NA,NA,0.703010630784972,NA,NA,NA,NA
"Wisconsin","status_quo","Past",2020-03-22,"mobility_trend",NA,NA,NA,0.703010630784972,NA,NA,NA,NA
"Wisconsin",NA,"Past",2020-03-23,"actual_cumulative_cases",NA,NA,NA,465,NA,NA,NA,NA
"Wisconsin",NA,"Past",2020-03-23,"actual_cumulative_deaths",NA,NA,NA,2,NA,NA,NA,NA
"Wisconsin",NA,"Past",2020-03-23,"actual_daily_cases",NA,NA,NA,41,NA,NA,NA,NA
"Wisconsin",NA,"Past",2020-03-23,"actual_daily_deaths",NA,NA,NA,1,NA,NA,NA,NA
"Wisconsin","linear_increase_sd","Past",2020-03-23,"combined_trend",NA,NA,NA,0.645291572960648,NA,NA,NA,NA
"Wisconsin","return_normal","Past",2020-03-23,"combined_trend",NA,NA,NA,0.645291572960648,NA,NA,NA,NA
"Wisconsin","status_quo","Past",2020-03-23,"combined_trend",NA,NA,NA,0.645291572960648,NA,NA,NA,NA
"Wisconsin","linear_increase_sd","Past",2020-03-23,"cumulative_all_infections",5875,5875,5875,6164,6143,6516,6516,6516
"Wisconsin","return_normal","Past",2020-03-23,"cumulative_all_infections",5875,5875,5875,6164,6143,6516,6516,6516
"Wisconsin","status_quo","Past",2020-03-23,"cumulative_all_infections",5875,5875,5875,6164,6143,6516,6516,6516
"Wisconsin","linear_increase_sd","Past",2020-03-23,"cumulative_cases",421,421,421,440,435,467,467,467
"Wisconsin","return_normal","Past",2020-03-23,"cumulative_cases",421,421,421,440,435,467,467,467
"Wisconsin","status_quo","Past",2020-03-23,"cumulative_cases",421,421,421,440,435,467,467,467
"Wisconsin","linear_increase_sd","Past",2020-03-23,"cumulative_deaths",14,14,14,16,15,17,17,17
"Wisconsin","return_normal","Past",2020-03-23,"cumulative_deaths",14,14,14,16,15,17,17,17
"Wisconsin","status_quo","Past",2020-03-23,"cumulative_deaths",14,14,14,16,15,17,17,17
"Wisconsin","linear_increase_sd","Past",2020-03-23,"cumulative_hosps",34,34,34,36,36,37,37,37
"Wisconsin","return_normal","Past",2020-03-23,"cumulative_hosps",34,34,34,36,36,37,37,37
"Wisconsin","status_quo","Past",2020-03-23,"cumulative_hosps",34,34,34,36,36,37,37,37
"Wisconsin","linear_increase_sd","Past",2020-03-23,"daily_all_infections",738,738,738,772,762,809,809,809
"Wisconsin","return_normal","Past",2020-03-23,"daily_all_infections",738,738,738,772,762,809,809,809
"Wisconsin","status_quo","Past",2020-03-23,"daily_all_infections",738,738,738,772,762,809,809,809
"Wisconsin","linear_increase_sd","Past",2020-03-23,"daily_cases",75,75,75,79,78,84,84,84
"Wisconsin","return_normal","Past",2020-03-23,"daily_cases",75,75,75,79,78,84,84,84
"Wisconsin","status_quo","Past",2020-03-23,"daily_cases",75,75,75,79,78,84,84,84
"Wisconsin","linear_increase_sd","Past",2020-03-23,"daily_deaths",1,1,1,2,1,2,2,2
"Wisconsin","return_normal","Past",2020-03-23,"daily_deaths",1,1,1,2,1,2,2,2
"Wisconsin","status_quo","Past",2020-03-23,"daily_deaths",1,1,1,2,1,2,2,2
"Wisconsin","linear_increase_sd","Past",2020-03-23,"daily_hosps",5,5,5,5,5,5,5,5
"Wisconsin","return_normal","Past",2020-03-23,"daily_hosps",5,5,5,5,5,5,5,5
"Wisconsin","status_quo","Past",2020-03-23,"daily_hosps",5,5,5,5,5,5,5,5
"Wisconsin","linear_increase_sd","Past",2020-03-23,"latent_trend",NA,NA,NA,0.939542009025187,NA,NA,NA,NA
"Wisconsin","return_normal","Past",2020-03-23,"latent_trend",NA,NA,NA,0.939542009025187,NA,NA,NA,NA
"Wisconsin","status_quo","Past",2020-03-23,"latent_trend",NA,NA,NA,0.939542009025187,NA,NA,NA,NA
"Wisconsin","linear_increase_sd","Past",2020-03-23,"mobility_trend",NA,NA,NA,0.686815029835828,NA,NA,NA,NA
"Wisconsin","return_normal","Past",2020-03-23,"mobility_trend",NA,NA,NA,0.686815029835828,NA,NA,NA,NA
"Wisconsin","status_quo","Past",2020-03-23,"mobility_trend",NA,NA,NA,0.686815029835828,NA,NA,NA,NA
"Wisconsin",NA,"Past",2020-03-24,"actual_cumulative_cases",NA,NA,NA,524,NA,NA,NA,NA
"Wisconsin",NA,"Past",2020-03-24,"actual_cumulative_deaths",NA,NA,NA,2,NA,NA,NA,NA
"Wisconsin",NA,"Past",2020-03-24,"actual_daily_cases",NA,NA,NA,59,NA,NA,NA,NA
"Wisconsin",NA,"Past",2020-03-24,"actual_daily_deaths",NA,NA,NA,0,NA,NA,NA,NA
"Wisconsin","linear_increase_sd","Past",2020-03-24,"combined_trend",NA,NA,NA,0.614708605508004,NA,NA,NA,NA
"Wisconsin","return_normal","Past",2020-03-24,"combined_trend",NA,NA,NA,0.614708605508004,NA,NA,NA,NA
"Wisconsin","status_quo","Past",2020-03-24,"combined_trend",NA,NA,NA,0.614708605508004,NA,NA,NA,NA
"Wisconsin","linear_increase_sd","Past",2020-03-24,"cumulative_all_infections",6672,6672,6672,6995,6956,7386,7386,7386
"Wisconsin","return_normal","Past",2020-03-24,"cumulative_all_infections",6672,6672,6672,6995,6956,7386,7386,7386
"Wisconsin","status_quo","Past",2020-03-24,"cumulative_all_infections",6672,6672,6672,6995,6956,7386,7386,7386
"Wisconsin","linear_increase_sd","Past",2020-03-24,"cumulative_cases",509,509,509,533,529,562,562,562
"Wisconsin","return_normal","Past",2020-03-24,"cumulative_cases",509,509,509,533,529,562,562,562
"Wisconsin","status_quo","Past",2020-03-24,"cumulative_cases",509,509,509,533,529,562,562,562
"Wisconsin","linear_increase_sd","Past",2020-03-24,"cumulative_deaths",15,15,15,17,17,19,19,19
"Wisconsin","return_normal","Past",2020-03-24,"cumulative_deaths",15,15,15,17,17,19,19,19
"Wisconsin","status_quo","Past",2020-03-24,"cumulative_deaths",15,15,15,17,17,19,19,19
"Wisconsin","linear_increase_sd","Past",2020-03-24,"cumulative_hosps",40,40,40,42,42,43,43,43
"Wisconsin","return_normal","Past",2020-03-24,"cumulative_hosps",40,40,40,42,42,43,43,43
"Wisconsin","status_quo","Past",2020-03-24,"cumulative_hosps",40,40,40,42,42,43,43,43
"Wisconsin","linear_increase_sd","Past",2020-03-24,"daily_all_infections",797,797,797,832,813,880,880,880
"Wisconsin","return_normal","Past",2020-03-24,"daily_all_infections",797,797,797,832,813,880,880,880
"Wisconsin","status_quo","Past",2020-03-24,"daily_all_infections",797,797,797,832,813,880,880,880
"Wisconsin","linear_increase_sd","Past",2020-03-24,"daily_cases",88,88,88,94,94,95,95,95
"Wisconsin","return_normal","Past",2020-03-24,"daily_cases",88,88,88,94,94,95,95,95
"Wisconsin","status_quo","Past",2020-03-24,"daily_cases",88,88,88,94,94,95,95,95
"Wisconsin","linear_increase_sd","Past",2020-03-24,"daily_deaths",1,1,1,2,2,2,2,2
"Wisconsin","return_normal","Past",2020-03-24,"daily_deaths",1,1,1,2,2,2,2,2
"Wisconsin","status_quo","Past",2020-03-24,"daily_deaths",1,1,1,2,2,2,2,2
"Wisconsin","linear_increase_sd","Past",2020-03-24,"daily_hosps",6,6,6,6,6,6,6,6
"Wisconsin","return_normal","Past",2020-03-24,"daily_hosps",6,6,6,6,6,6,6,6
"Wisconsin","status_quo","Past",2020-03-24,"daily_hosps",6,6,6,6,6,6,6,6
"Wisconsin","linear_increase_sd","Past",2020-03-24,"latent_trend",NA,NA,NA,0.914759536378135,NA,NA,NA,NA
"Wisconsin","return_normal","Past",2020-03-24,"latent_trend",NA,NA,NA,0.914759536378135,NA,NA,NA,NA
"Wisconsin","status_quo","Past",2020-03-24,"latent_trend",NA,NA,NA,0.914759536378135,NA,NA,NA,NA
"Wisconsin","linear_increase_sd","Past",2020-03-24,"mobility_trend",NA,NA,NA,0.671989283590154,NA,NA,NA,NA
"Wisconsin","return_normal","Past",2020-03-24,"mobility_trend",NA,NA,NA,0.671989283590154,NA,NA,NA,NA
"Wisconsin","status_quo","Past",2020-03-24,"mobility_trend",NA,NA,NA,0.671989283590154,NA,NA,NA,NA
"Wisconsin",NA,"Past",2020-03-25,"actual_cumulative_cases",NA,NA,NA,666,NA,NA,NA,NA
"Wisconsin",NA,"Past",2020-03-25,"actual_cumulative_deaths",NA,NA,NA,4,NA,NA,NA,NA
"Wisconsin",NA,"Past",2020-03-25,"actual_daily_cases",NA,NA,NA,142,NA,NA,NA,NA
"Wisconsin",NA,"Past",2020-03-25,"actual_daily_deaths",NA,NA,NA,2,NA,NA,NA,NA
"Wisconsin","linear_increase_sd","Past",2020-03-25,"combined_trend",NA,NA,NA,0.580773687929828,NA,NA,NA,NA
"Wisconsin","return_normal","Past",2020-03-25,"combined_trend",NA,NA,NA,0.580773687929828,NA,NA,NA,NA
"Wisconsin","status_quo","Past",2020-03-25,"combined_trend",NA,NA,NA,0.580773687929828,NA,NA,NA,NA
"Wisconsin","linear_increase_sd","Past",2020-03-25,"cumulative_all_infections",7524,7524,7524,7873,7810,8286,8286,8286
"Wisconsin","return_normal","Past",2020-03-25,"cumulative_all_infections",7524,7524,7524,7873,7810,8286,8286,8286
"Wisconsin","status_quo","Past",2020-03-25,"cumulative_all_infections",7524,7524,7524,7873,7810,8286,8286,8286
"Wisconsin","linear_increase_sd","Past",2020-03-25,"cumulative_cases",607,607,607,637,631,672,672,672
"Wisconsin","return_normal","Past",2020-03-25,"cumulative_cases",607,607,607,637,631,672,672,672
"Wisconsin","status_quo","Past",2020-03-25,"cumulative_cases",607,607,607,637,631,672,672,672
"Wisconsin","linear_increase_sd","Past",2020-03-25,"cumulative_deaths",17,17,17,19,18,20,20,20
"Wisconsin","return_normal","Past",2020-03-25,"cumulative_deaths",17,17,17,19,18,20,20,20
"Wisconsin","status_quo","Past",2020-03-25,"cumulative_deaths",17,17,17,19,18,20,20,20
"Wisconsin","linear_increase_sd","Past",2020-03-25,"cumulative_hosps",47,47,47,49,49,51,51,51
"Wisconsin","return_normal","Past",2020-03-25,"cumulative_hosps",47,47,47,49,49,51,51,51
"Wisconsin","status_quo","Past",2020-03-25,"cumulative_hosps",47,47,47,49,49,51,51,51
"Wisconsin","linear_increase_sd","Past",2020-03-25,"daily_all_infections",844,844,844,878,854,939,939,939
"Wisconsin","return_normal","Past",2020-03-25,"daily_all_infections",844,844,844,878,854,939,939,939
"Wisconsin","status_quo","Past",2020-03-25,"daily_all_infections",844,844,844,878,854,939,939,939
"Wisconsin","linear_increase_sd","Past",2020-03-25,"daily_cases",98,98,98,104,103,110,110,110
"Wisconsin","return_normal","Past",2020-03-25,"daily_cases",98,98,98,104,103,110,110,110
"Wisconsin","status_quo","Past",2020-03-25,"daily_cases",98,98,98,104,103,110,110,110
"Wisconsin","linear_increase_sd","Past",2020-03-25,"daily_deaths",1,1,1,2,1,2,2,2
"Wisconsin","return_normal","Past",2020-03-25,"daily_deaths",1,1,1,2,1,2,2,2
"Wisconsin","status_quo","Past",2020-03-25,"daily_deaths",1,1,1,2,1,2,2,2
"Wisconsin","linear_increase_sd","Past",2020-03-25,"daily_hosps",7,7,7,8,7,8,8,8
"Wisconsin","return_normal","Past",2020-03-25,"daily_hosps",7,7,7,8,7,8,8,8
"Wisconsin","status_quo","Past",2020-03-25,"daily_hosps",7,7,7,8,7,8,8,8
"Wisconsin","linear_increase_sd","Past",2020-03-25,"latent_trend",NA,NA,NA,0.881994796437831,NA,NA,NA,NA
"Wisconsin","return_normal","Past",2020-03-25,"latent_trend",NA,NA,NA,0.881994796437831,NA,NA,NA,NA
"Wisconsin","status_quo","Past",2020-03-25,"latent_trend",NA,NA,NA,0.881994796437831,NA,NA,NA,NA
"Wisconsin","linear_increase_sd","Past",2020-03-25,"mobility_trend",NA,NA,NA,0.658477453920857,NA,NA,NA,NA
"Wisconsin","return_normal","Past",2020-03-25,"mobility_trend",NA,NA,NA,0.658477453920857,NA,NA,NA,NA
"Wisconsin","status_quo","Past",2020-03-25,"mobility_trend",NA,NA,NA,0.658477453920857,NA,NA,NA,NA
"Wisconsin",NA,"Past",2020-03-26,"actual_cumulative_cases",NA,NA,NA,805,NA,NA,NA,NA
"Wisconsin",NA,"Past",2020-03-26,"actual_cumulative_deaths",NA,NA,NA,5,NA,NA,NA,NA
"Wisconsin",NA,"Past",2020-03-26,"actual_daily_cases",NA,NA,NA,139,NA,NA,NA,NA
"Wisconsin",NA,"Past",2020-03-26,"actual_daily_deaths",NA,NA,NA,1,NA,NA,NA,NA
"Wisconsin","linear_increase_sd","Past",2020-03-26,"combined_trend",NA,NA,NA,0.54335087476155,NA,NA,NA,NA
"Wisconsin","return_normal","Past",2020-03-26,"combined_trend",NA,NA,NA,0.54335087476155,NA,NA,NA,NA
"Wisconsin","status_quo","Past",2020-03-26,"combined_trend",NA,NA,NA,0.54335087476155,NA,NA,NA,NA
"Wisconsin","linear_increase_sd","Past",2020-03-26,"cumulative_all_infections",8416,8416,8416,8787,8697,9213,9213,9213
"Wisconsin","return_normal","Past",2020-03-26,"cumulative_all_infections",8416,8416,8416,8787,8697,9213,9213,9213
"Wisconsin","status_quo","Past",2020-03-26,"cumulative_all_infections",8416,8416,8416,8787,8697,9213,9213,9213
"Wisconsin","linear_increase_sd","Past",2020-03-26,"cumulative_cases",721,721,721,760,753,801,801,801
"Wisconsin","return_normal","Past",2020-03-26,"cumulative_cases",721,721,721,760,753,801,801,801
"Wisconsin","status_quo","Past",2020-03-26,"cumulative_cases",721,721,721,760,753,801,801,801
"Wisconsin","linear_increase_sd","Past",2020-03-26,"cumulative_deaths",19,19,19,20,20,21,21,21
"Wisconsin","return_normal","Past",2020-03-26,"cumulative_deaths",19,19,19,20,20,21,21,21
"Wisconsin","status_quo","Past",2020-03-26,"cumulative_deaths",19,19,19,20,20,21,21,21
"Wisconsin","linear_increase_sd","Past",2020-03-26,"cumulative_hosps",55,55,55,57,57,59,59,59
"Wisconsin","return_normal","Past",2020-03-26,"cumulative_hosps",55,55,55,57,57,59,59,59
"Wisconsin","status_quo","Past",2020-03-26,"cumulative_hosps",55,55,55,57,57,59,59,59
"Wisconsin","linear_increase_sd","Past",2020-03-26,"daily_all_infections",877,877,877,914,892,985,985,985
"Wisconsin","return_normal","Past",2020-03-26,"daily_all_infections",877,877,877,914,892,985,985,985
"Wisconsin","status_quo","Past",2020-03-26,"daily_all_infections",877,877,877,914,892,985,985,985
"Wisconsin","linear_increase_sd","Past",2020-03-26,"daily_cases",114,114,114,123,125,129,129,129
"Wisconsin","return_normal","Past",2020-03-26,"daily_cases",114,114,114,123,125,129,129,129
"Wisconsin","status_quo","Past",2020-03-26,"daily_cases",114,114,114,123,125,129,129,129
"Wisconsin","linear_increase_sd","Past",2020-03-26,"daily_deaths",1,1,1,2,2,2,2,2
"Wisconsin","return_normal","Past",2020-03-26,"daily_deaths",1,1,1,2,2,2,2,2
"Wisconsin","status_quo","Past",2020-03-26,"daily_deaths",1,1,1,2,2,2,2,2
"Wisconsin","linear_increase_sd","Past",2020-03-26,"daily_hosps",8,8,8,8,8,8,8,8
"Wisconsin","return_normal","Past",2020-03-26,"daily_hosps",8,8,8,8,8,8,8,8
"Wisconsin","status_quo","Past",2020-03-26,"daily_hosps",8,8,8,8,8,8,8,8
"Wisconsin","linear_increase_sd","Past",2020-03-26,"latent_trend",NA,NA,NA,0.840709873113388,NA,NA,NA,NA
"Wisconsin","return_normal","Past",2020-03-26,"latent_trend",NA,NA,NA,0.840709873113388,NA,NA,NA,NA
"Wisconsin","status_quo","Past",2020-03-26,"latent_trend",NA,NA,NA,0.840709873113388,NA,NA,NA,NA
"Wisconsin","linear_increase_sd","Past",2020-03-26,"mobility_trend",NA,NA,NA,0.646300099640042,NA,NA,NA,NA
"Wisconsin","return_normal","Past",2020-03-26,"mobility_trend",NA,NA,NA,0.646300099640042,NA,NA,NA,NA
"Wisconsin","status_quo","Past",2020-03-26,"mobility_trend",NA,NA,NA,0.646300099640042,NA,NA,NA,NA
"Wisconsin",NA,"Past",2020-03-27,"actual_cumulative_cases",NA,NA,NA,968,NA,NA,NA,NA
"Wisconsin",NA,"Past",2020-03-27,"actual_cumulative_deaths",NA,NA,NA,10,NA,NA,NA,NA
"Wisconsin",NA,"Past",2020-03-27,"actual_daily_cases",NA,NA,NA,163,NA,NA,NA,NA
"Wisconsin",NA,"Past",2020-03-27,"actual_daily_deaths",NA,NA,NA,5,NA,NA,NA,NA
"Wisconsin","linear_increase_sd","Past",2020-03-27,"combined_trend",NA,NA,NA,0.503248195869144,NA,NA,NA,NA
"Wisconsin","return_normal","Past",2020-03-27,"combined_trend",NA,NA,NA,0.503248195869144,NA,NA,NA,NA
"Wisconsin","status_quo","Past",2020-03-27,"combined_trend",NA,NA,NA,0.503248195869144,NA,NA,NA,NA
"Wisconsin","linear_increase_sd","Past",2020-03-27,"cumulative_all_infections",9332,9332,9332,9717,9603,10132,10132,10132
"Wisconsin","return_normal","Past",2020-03-27,"cumulative_all_infections",9332,9332,9332,9717,9603,10132,10132,10132
"Wisconsin","status_quo","Past",2020-03-27,"cumulative_all_infections",9332,9332,9332,9717,9603,10132,10132,10132
"Wisconsin","linear_increase_sd","Past",2020-03-27,"cumulative_cases",856,856,856,896,884,949,949,949
"Wisconsin","return_normal","Past",2020-03-27,"cumulative_cases",856,856,856,896,884,949,949,949
"Wisconsin","status_quo","Past",2020-03-27,"cumulative_cases",856,856,856,896,884,949,949,949
"Wisconsin","linear_increase_sd","Past",2020-03-27,"cumulative_deaths",21,21,21,22,22,23,23,23
"Wisconsin","return_normal","Past",2020-03-27,"cumulative_deaths",21,21,21,22,22,23,23,23
"Wisconsin","status_quo","Past",2020-03-27,"cumulative_deaths",21,21,21,22,22,23,23,23
"Wisconsin","linear_increase_sd","Past",2020-03-27,"cumulative_hosps",64,64,64,67,66,69,69,69
"Wisconsin","return_normal","Past",2020-03-27,"cumulative_hosps",64,64,64,67,66,69,69,69
"Wisconsin","status_quo","Past",2020-03-27,"cumulative_hosps",64,64,64,67,66,69,69,69
"Wisconsin","linear_increase_sd","Past",2020-03-27,"daily_all_infections",906,906,906,931,916,1007,1007,1007
"Wisconsin","return_normal","Past",2020-03-27,"daily_all_infections",906,906,906,931,916,1007,1007,1007
"Wisconsin","status_quo","Past",2020-03-27,"daily_all_infections",906,906,906,931,916,1007,1007,1007
"Wisconsin","linear_increase_sd","Past",2020-03-27,"daily_cases",131,131,131,137,135,148,148,148
"Wisconsin","return_normal","Past",2020-03-27,"daily_cases",131,131,131,137,135,148,148,148
"Wisconsin","status_quo","Past",2020-03-27,"daily_cases",131,131,131,137,135,148,148,148
"Wisconsin","linear_increase_sd","Past",2020-03-27,"daily_deaths",2,2,2,2,2,2,2,2
"Wisconsin","return_normal","Past",2020-03-27,"daily_deaths",2,2,2,2,2,2,2,2
"Wisconsin","status_quo","Past",2020-03-27,"daily_deaths",2,2,2,2,2,2,2,2
"Wisconsin","linear_increase_sd","Past",2020-03-27,"daily_hosps",9,9,9,10,9,10,10,10
"Wisconsin","return_normal","Past",2020-03-27,"daily_hosps",9,9,9,10,9,10,10,10
"Wisconsin","status_quo","Past",2020-03-27,"daily_hosps",9,9,9,10,9,10,10,10
"Wisconsin","linear_increase_sd","Past",2020-03-27,"latent_trend",NA,NA,NA,0.791605309745509,NA,NA,NA,NA
"Wisconsin","return_normal","Past",2020-03-27,"latent_trend",NA,NA,NA,0.791605309745509,NA,NA,NA,NA
"Wisconsin","status_quo","Past",2020-03-27,"latent_trend",NA,NA,NA,0.791605309745509,NA,NA,NA,NA
"Wisconsin","linear_increase_sd","Past",2020-03-27,"mobility_trend",NA,NA,NA,0.635731203004351,NA,NA,NA,NA
"Wisconsin","return_normal","Past",2020-03-27,"mobility_trend",NA,NA,NA,0.635731203004351,NA,NA,NA,NA
"Wisconsin","status_quo","Past",2020-03-27,"mobility_trend",NA,NA,NA,0.635731203004351,NA,NA,NA,NA
"Wisconsin",NA,"Past",2020-03-28,"actual_cumulative_cases",NA,NA,NA,1133,NA,NA,NA,NA
"Wisconsin",NA,"Past",2020-03-28,"actual_cumulative_deaths",NA,NA,NA,10,NA,NA,NA,NA
"Wisconsin",NA,"Past",2020-03-28,"actual_daily_cases",NA,NA,NA,165,NA,NA,NA,NA
"Wisconsin",NA,"Past",2020-03-28,"actual_daily_deaths",NA,NA,NA,0,NA,NA,NA,NA
"Wisconsin","linear_increase_sd","Past",2020-03-28,"combined_trend",NA,NA,NA,0.462082682854316,NA,NA,NA,NA
"Wisconsin","return_normal","Past",2020-03-28,"combined_trend",NA,NA,NA,0.462082682854316,NA,NA,NA,NA
"Wisconsin","status_quo","Past",2020-03-28,"combined_trend",NA,NA,NA,0.462082682854316,NA,NA,NA,NA
"Wisconsin","linear_increase_sd","Past",2020-03-28,"cumulative_all_infections",10252,10252,10252,10650,10515,11106,11106,11106
"Wisconsin","return_normal","Past",2020-03-28,"cumulative_all_infections",10252,10252,10252,10650,10515,11106,11106,11106
"Wisconsin","status_quo","Past",2020-03-28,"cumulative_all_infections",10252,10252,10252,10650,10515,11106,11106,11106
"Wisconsin","linear_increase_sd","Past",2020-03-28,"cumulative_cases",1004,1004,1004,1048,1036,1109,1109,1109
"Wisconsin","return_normal","Past",2020-03-28,"cumulative_cases",1004,1004,1004,1048,1036,1109,1109,1109
"Wisconsin","status_quo","Past",2020-03-28,"cumulative_cases",1004,1004,1004,1048,1036,1109,1109,1109
"Wisconsin","linear_increase_sd","Past",2020-03-28,"cumulative_deaths",23,23,23,25,24,26,26,26
"Wisconsin","return_normal","Past",2020-03-28,"cumulative_deaths",23,23,23,25,24,26,26,26
"Wisconsin","status_quo","Past",2020-03-28,"cumulative_deaths",23,23,23,25,24,26,26,26
"Wisconsin","linear_increase_sd","Past",2020-03-28,"cumulative_hosps",74,74,74,77,77,80,80,80
"Wisconsin","return_normal","Past",2020-03-28,"cumulative_hosps",74,74,74,77,77,80,80,80
"Wisconsin","status_quo","Past",2020-03-28,"cumulative_hosps",74,74,74,77,77,80,80,80
"Wisconsin","linear_increase_sd","Past",2020-03-28,"daily_all_infections",908,908,908,933,914,1011,1011,1011
"Wisconsin","return_normal","Past",2020-03-28,"daily_all_infections",908,908,908,933,914,1011,1011,1011
"Wisconsin","status_quo","Past",2020-03-28,"daily_all_infections",908,908,908,933,914,1011,1011,1011
"Wisconsin","linear_increase_sd","Past",2020-03-28,"daily_cases",141,141,141,152,154,160,160,160
"Wisconsin","return_normal","Past",2020-03-28,"daily_cases",141,141,141,152,154,160,160,160
"Wisconsin","status_quo","Past",2020-03-28,"daily_cases",141,141,141,152,154,160,160,160
"Wisconsin","linear_increase_sd","Past",2020-03-28,"daily_deaths",2,2,2,3,2,3,3,3
"Wisconsin","return_normal","Past",2020-03-28,"daily_deaths",2,2,2,3,2,3,3,3
"Wisconsin","status_quo","Past",2020-03-28,"daily_deaths",2,2,2,3,2,3,3,3
"Wisconsin","linear_increase_sd","Past",2020-03-28,"daily_hosps",10,10,10,11,11,11,11,11
"Wisconsin","return_normal","Past",2020-03-28,"daily_hosps",10,10,10,11,11,11,11,11
"Wisconsin","status_quo","Past",2020-03-28,"daily_hosps",10,10,10,11,11,11,11,11
"Wisconsin","linear_increase_sd","Past",2020-03-28,"latent_trend",NA,NA,NA,0.736924582568684,NA,NA,NA,NA
"Wisconsin","return_normal","Past",2020-03-28,"latent_trend",NA,NA,NA,0.736924582568684,NA,NA,NA,NA
"Wisconsin","status_quo","Past",2020-03-28,"latent_trend",NA,NA,NA,0.736924582568684,NA,NA,NA,NA
"Wisconsin","linear_increase_sd","Past",2020-03-28,"mobility_trend",NA,NA,NA,0.627042025445322,NA,NA,NA,NA
"Wisconsin","return_normal","Past",2020-03-28,"mobility_trend",NA,NA,NA,0.627042025445322,NA,NA,NA,NA
"Wisconsin","status_quo","Past",2020-03-28,"mobility_trend",NA,NA,NA,0.627042025445322,NA,NA,NA,NA
"Wisconsin",NA,"Past",2020-03-29,"actual_cumulative_cases",NA,NA,NA,1275,NA,NA,NA,NA
"Wisconsin",NA,"Past",2020-03-29,"actual_cumulative_deaths",NA,NA,NA,10,NA,NA,NA,NA
"Wisconsin",NA,"Past",2020-03-29,"actual_daily_cases",NA,NA,NA,142,NA,NA,NA,NA
"Wisconsin",NA,"Past",2020-03-29,"actual_daily_deaths",NA,NA,NA,0,NA,NA,NA,NA
"Wisconsin","linear_increase_sd","Past",2020-03-29,"combined_trend",NA,NA,NA,0.421931945274496,NA,NA,NA,NA
"Wisconsin","return_normal","Past",2020-03-29,"combined_trend",NA,NA,NA,0.421931945274496,NA,NA,NA,NA
"Wisconsin","status_quo","Past",2020-03-29,"combined_trend",NA,NA,NA,0.421931945274496,NA,NA,NA,NA
"Wisconsin","linear_increase_sd","Past",2020-03-29,"cumulative_all_infections",11166,11166,11166,11567,11415,12099,12099,12099
"Wisconsin","return_normal","Past",2020-03-29,"cumulative_all_infections",11166,11166,11166,11567,11415,12099,12099,12099
"Wisconsin","status_quo","Past",2020-03-29,"cumulative_all_infections",11166,11166,11166,11567,11415,12099,12099,12099
"Wisconsin","linear_increase_sd","Past",2020-03-29,"cumulative_cases",1171,1171,1171,1220,1199,1287,1287,1287
"Wisconsin","return_normal","Past",2020-03-29,"cumulative_cases",1171,1171,1171,1220,1199,1287,1287,1287
"Wisconsin","status_quo","Past",2020-03-29,"cumulative_cases",1171,1171,1171,1220,1199,1287,1287,1287
"Wisconsin","linear_increase_sd","Past",2020-03-29,"cumulative_deaths",25,25,25,27,27,28,28,28
"Wisconsin","return_normal","Past",2020-03-29,"cumulative_deaths",25,25,25,27,27,28,28,28
"Wisconsin","status_quo","Past",2020-03-29,"cumulative_deaths",25,25,25,27,27,28,28,28
"Wisconsin","linear_increase_sd","Past",2020-03-29,"cumulative_hosps",86,86,86,90,89,93,93,93
"Wisconsin","return_normal","Past",2020-03-29,"cumulative_hosps",86,86,86,90,89,93,93,93
"Wisconsin","status_quo","Past",2020-03-29,"cumulative_hosps",86,86,86,90,89,93,93,93
"Wisconsin","linear_increase_sd","Past",2020-03-29,"daily_all_infections",881,881,881,917,900,993,993,993
"Wisconsin","return_normal","Past",2020-03-29,"daily_all_infections",881,881,881,917,900,993,993,993
"Wisconsin","status_quo","Past",2020-03-29,"daily_all_infections",881,881,881,917,900,993,993,993
"Wisconsin","linear_increase_sd","Past",2020-03-29,"daily_cases",163,163,163,172,167,188,188,188
"Wisconsin","return_normal","Past",2020-03-29,"daily_cases",163,163,163,172,167,188,188,188
"Wisconsin","status_quo","Past",2020-03-29,"daily_cases",163,163,163,172,167,188,188,188
"Wisconsin","linear_increase_sd","Past",2020-03-29,"daily_deaths",2,2,2,3,2,3,3,3
"Wisconsin","return_normal","Past",2020-03-29,"daily_deaths",2,2,2,3,2,3,3,3
"Wisconsin","status_quo","Past",2020-03-29,"daily_deaths",2,2,2,3,2,3,3,3
"Wisconsin","linear_increase_sd","Past",2020-03-29,"daily_hosps",12,12,12,13,12,13,13,13
"Wisconsin","return_normal","Past",2020-03-29,"daily_hosps",12,12,12,13,12,13,13,13
"Wisconsin","status_quo","Past",2020-03-29,"daily_hosps",12,12,12,13,12,13,13,13
"Wisconsin","linear_increase_sd","Past",2020-03-29,"latent_trend",NA,NA,NA,0.680272589131942,NA,NA,NA,NA
"Wisconsin","return_normal","Past",2020-03-29,"latent_trend",NA,NA,NA,0.680272589131942,NA,NA,NA,NA
"Wisconsin","status_quo","Past",2020-03-29,"latent_trend",NA,NA,NA,0.680272589131942,NA,NA,NA,NA
"Wisconsin","linear_increase_sd","Past",2020-03-29,"mobility_trend",NA,NA,NA,0.620239521649549,NA,NA,NA,NA
"Wisconsin","return_normal","Past",2020-03-29,"mobility_trend",NA,NA,NA,0.620239521649549,NA,NA,NA,NA
"Wisconsin","status_quo","Past",2020-03-29,"mobility_trend",NA,NA,NA,0.620239521649549,NA,NA,NA,NA
"Wisconsin",NA,"Past",2020-03-30,"actual_cumulative_cases",NA,NA,NA,1421,NA,NA,NA,NA
"Wisconsin",NA,"Past",2020-03-30,"actual_cumulative_deaths",NA,NA,NA,11,NA,NA,NA,NA
"Wisconsin",NA,"Past",2020-03-30,"actual_daily_cases",NA,NA,NA,146,NA,NA,NA,NA
"Wisconsin",NA,"Past",2020-03-30,"actual_daily_deaths",NA,NA,NA,1,NA,NA,NA,NA
"Wisconsin","linear_increase_sd","Past",2020-03-30,"combined_trend",NA,NA,NA,0.384966467773296,NA,NA,NA,NA
"Wisconsin","return_normal","Past",2020-03-30,"combined_trend",NA,NA,NA,0.384966467773296,NA,NA,NA,NA
"Wisconsin","status_quo","Past",2020-03-30,"combined_trend",NA,NA,NA,0.384966467773296,NA,NA,NA,NA
"Wisconsin","linear_increase_sd","Past",2020-03-30,"cumulative_all_infections",12053,12053,12053,12457,12302,13058,13058,13058
"Wisconsin","return_normal","Past",2020-03-30,"cumulative_all_infections",12053,12053,12053,12457,12302,13058,13058,13058
"Wisconsin","status_quo","Past",2020-03-30,"cumulative_all_infections",12053,12053,12053,12457,12302,13058,13058,13058
"Wisconsin","linear_increase_sd","Past",2020-03-30,"cumulative_cases",1346,1346,1346,1404,1382,1476,1476,1476
"Wisconsin","return_normal","Past",2020-03-30,"cumulative_cases",1346,1346,1346,1404,1382,1476,1476,1476
"Wisconsin","status_quo","Past",2020-03-30,"cumulative_cases",1346,1346,1346,1404,1382,1476,1476,1476
"Wisconsin","linear_increase_sd","Past",2020-03-30,"cumulative_deaths",28,28,28,30,29,31,31,31
"Wisconsin","return_normal","Past",2020-03-30,"cumulative_deaths",28,28,28,30,29,31,31,31
"Wisconsin","status_quo","Past",2020-03-30,"cumulative_deaths",28,28,28,30,29,31,31,31
"Wisconsin","linear_increase_sd","Past",2020-03-30,"cumulative_hosps",99,99,99,104,103,108,108,108
"Wisconsin","return_normal","Past",2020-03-30,"cumulative_hosps",99,99,99,104,103,108,108,108
"Wisconsin","status_quo","Past",2020-03-30,"cumulative_hosps",99,99,99,104,103,108,108,108
"Wisconsin","linear_increase_sd","Past",2020-03-30,"daily_all_infections",844,844,844,891,887,959,959,959
"Wisconsin","return_normal","Past",2020-03-30,"daily_all_infections",844,844,844,891,887,959,959,959
"Wisconsin","status_quo","Past",2020-03-30,"daily_all_infections",844,844,844,891,887,959,959,959
"Wisconsin","linear_increase_sd","Past",2020-03-30,"daily_cases",175,175,175,184,183,189,189,189
"Wisconsin","return_normal","Past",2020-03-30,"daily_cases",175,175,175,184,183,189,189,189
"Wisconsin","status_quo","Past",2020-03-30,"daily_cases",175,175,175,184,183,189,189,189
"Wisconsin","linear_increase_sd","Past",2020-03-30,"daily_deaths",2,2,2,3,3,3,3,3
"Wisconsin","return_normal","Past",2020-03-30,"daily_deaths",2,2,2,3,3,3,3,3
"Wisconsin","status_quo","Past",2020-03-30,"daily_deaths",2,2,2,3,3,3,3,3
"Wisconsin","linear_increase_sd","Past",2020-03-30,"daily_hosps",13,13,13,14,14,15,15,15
"Wisconsin","return_normal","Past",2020-03-30,"daily_hosps",13,13,13,14,14,15,15,15
"Wisconsin","status_quo","Past",2020-03-30,"daily_hosps",13,13,13,14,14,15,15,15
"Wisconsin","linear_increase_sd","Past",2020-03-30,"latent_trend",NA,NA,NA,0.625765724703563,NA,NA,NA,NA
"Wisconsin","return_normal","Past",2020-03-30,"latent_trend",NA,NA,NA,0.625765724703563,NA,NA,NA,NA
"Wisconsin","status_quo","Past",2020-03-30,"latent_trend",NA,NA,NA,0.625765724703563,NA,NA,NA,NA
"Wisconsin","linear_increase_sd","Past",2020-03-30,"mobility_trend",NA,NA,NA,0.615192639315076,NA,NA,NA,NA
"Wisconsin","return_normal","Past",2020-03-30,"mobility_trend",NA,NA,NA,0.615192639315076,NA,NA,NA,NA
"Wisconsin","status_quo","Past",2020-03-30,"mobility_trend",NA,NA,NA,0.615192639315076,NA,NA,NA,NA
"Wisconsin",NA,"Past",2020-03-31,"actual_cumulative_cases",NA,NA,NA,1584,NA,NA,NA,NA
"Wisconsin",NA,"Past",2020-03-31,"actual_cumulative_deaths",NA,NA,NA,13,NA,NA,NA,NA
"Wisconsin",NA,"Past",2020-03-31,"actual_daily_cases",NA,NA,NA,163,NA,NA,NA,NA
"Wisconsin",NA,"Past",2020-03-31,"actual_daily_deaths",NA,NA,NA,2,NA,NA,NA,NA
"Wisconsin","linear_increase_sd","Past",2020-03-31,"combined_trend",NA,NA,NA,0.352381445682925,NA,NA,NA,NA
"Wisconsin","return_normal","Past",2020-03-31,"combined_trend",NA,NA,NA,0.352381445682925,NA,NA,NA,NA
"Wisconsin","status_quo","Past",2020-03-31,"combined_trend",NA,NA,NA,0.352381445682925,NA,NA,NA,NA
"Wisconsin","linear_increase_sd","Past",2020-03-31,"cumulative_all_infections",12914,12914,12914,13315,13158,13977,13977,13977
"Wisconsin","return_normal","Past",2020-03-31,"cumulative_all_infections",12914,12914,12914,13315,13158,13977,13977,13977
"Wisconsin","status_quo","Past",2020-03-31,"cumulative_all_infections",12914,12914,12914,13315,13158,13977,13977,13977
"Wisconsin","linear_increase_sd","Past",2020-03-31,"cumulative_cases",1540,1540,1540,1595,1573,1679,1679,1679
"Wisconsin","return_normal","Past",2020-03-31,"cumulative_cases",1540,1540,1540,1595,1573,1679,1679,1679
"Wisconsin","status_quo","Past",2020-03-31,"cumulative_cases",1540,1540,1540,1595,1573,1679,1679,1679
"Wisconsin","linear_increase_sd","Past",2020-03-31,"cumulative_deaths",31,31,31,33,32,34,34,34
"Wisconsin","return_normal","Past",2020-03-31,"cumulative_deaths",31,31,31,33,32,34,34,34
"Wisconsin","status_quo","Past",2020-03-31,"cumulative_deaths",31,31,31,33,32,34,34,34
"Wisconsin","linear_increase_sd","Past",2020-03-31,"cumulative_hosps",114,114,114,119,118,124,124,124
"Wisconsin","return_normal","Past",2020-03-31,"cumulative_hosps",114,114,114,119,118,124,124,124
"Wisconsin","status_quo","Past",2020-03-31,"cumulative_hosps",114,114,114,119,118,124,124,124
"Wisconsin","linear_increase_sd","Past",2020-03-31,"daily_all_infections",807,807,807,859,856,919,919,919
"Wisconsin","return_normal","Past",2020-03-31,"daily_all_infections",807,807,807,859,856,919,919,919
"Wisconsin","status_quo","Past",2020-03-31,"daily_all_infections",807,807,807,859,856,919,919,919
"Wisconsin","linear_increase_sd","Past",2020-03-31,"daily_cases",179,179,179,192,192,203,203,203
"Wisconsin","return_normal","Past",2020-03-31,"daily_cases",179,179,179,192,192,203,203,203
"Wisconsin","status_quo","Past",2020-03-31,"daily_cases",179,179,179,192,192,203,203,203
"Wisconsin","linear_increase_sd","Past",2020-03-31,"daily_deaths",3,3,3,3,3,3,3,3
"Wisconsin","return_normal","Past",2020-03-31,"daily_deaths",3,3,3,3,3,3,3,3
"Wisconsin","status_quo","Past",2020-03-31,"daily_deaths",3,3,3,3,3,3,3,3
"Wisconsin","linear_increase_sd","Past",2020-03-31,"daily_hosps",15,15,15,16,16,16,16,16
"Wisconsin","return_normal","Past",2020-03-31,"daily_hosps",15,15,15,16,16,16,16,16
"Wisconsin","status_quo","Past",2020-03-31,"daily_hosps",15,15,15,16,16,16,16,16
"Wisconsin","linear_increase_sd","Past",2020-03-31,"latent_trend",NA,NA,NA,0.576273867549935,NA,NA,NA,NA
"Wisconsin","return_normal","Past",2020-03-31,"latent_trend",NA,NA,NA,0.576273867549935,NA,NA,NA,NA
"Wisconsin","status_quo","Past",2020-03-31,"latent_trend",NA,NA,NA,0.576273867549935,NA,NA,NA,NA
"Wisconsin","linear_increase_sd","Past",2020-03-31,"mobility_trend",NA,NA,NA,0.611482604930704,NA,NA,NA,NA
"Wisconsin","return_normal","Past",2020-03-31,"mobility_trend",NA,NA,NA,0.611482604930704,NA,NA,NA,NA
"Wisconsin","status_quo","Past",2020-03-31,"mobility_trend",NA,NA,NA,0.611482604930704,NA,NA,NA,NA
"Wisconsin",NA,"Past",2020-04-01,"actual_cumulative_cases",NA,NA,NA,1820,NA,NA,NA,NA
"Wisconsin",NA,"Past",2020-04-01,"actual_cumulative_deaths",NA,NA,NA,21,NA,NA,NA,NA
"Wisconsin",NA,"Past",2020-04-01,"actual_daily_cases",NA,NA,NA,236,NA,NA,NA,NA
"Wisconsin",NA,"Past",2020-04-01,"actual_daily_deaths",NA,NA,NA,8,NA,NA,NA,NA
"Wisconsin","linear_increase_sd","Past",2020-04-01,"combined_trend",NA,NA,NA,0.324655950415038,NA,NA,NA,NA
"Wisconsin","return_normal","Past",2020-04-01,"combined_trend",NA,NA,NA,0.324655950415038,NA,NA,NA,NA
"Wisconsin","status_quo","Past",2020-04-01,"combined_trend",NA,NA,NA,0.324655950415038,NA,NA,NA,NA
"Wisconsin","linear_increase_sd","Past",2020-04-01,"cumulative_all_infections",13736,13736,13736,14135,13982,14854,14854,14854
"Wisconsin","return_normal","Past",2020-04-01,"cumulative_all_infections",13736,13736,13736,14135,13982,14854,14854,14854
"Wisconsin","status_quo","Past",2020-04-01,"cumulative_all_infections",13736,13736,13736,14135,13982,14854,14854,14854
"Wisconsin","linear_increase_sd","Past",2020-04-01,"cumulative_cases",1743,1743,1743,1799,1772,1885,1885,1885
"Wisconsin","return_normal","Past",2020-04-01,"cumulative_cases",1743,1743,1743,1799,1772,1885,1885,1885
"Wisconsin","status_quo","Past",2020-04-01,"cumulative_cases",1743,1743,1743,1799,1772,1885,1885,1885
"Wisconsin","linear_increase_sd","Past",2020-04-01,"cumulative_deaths",34,34,34,36,36,37,37,37
"Wisconsin","return_normal","Past",2020-04-01,"cumulative_deaths",34,34,34,36,36,37,37,37
"Wisconsin","status_quo","Past",2020-04-01,"cumulative_deaths",34,34,34,36,36,37,37,37
"Wisconsin","linear_increase_sd","Past",2020-04-01,"cumulative_hosps",130,130,130,136,135,142,142,142
"Wisconsin","return_normal","Past",2020-04-01,"cumulative_hosps",130,130,130,136,135,142,142,142
"Wisconsin","status_quo","Past",2020-04-01,"cumulative_hosps",130,130,130,136,135,142,142,142
"Wisconsin","linear_increase_sd","Past",2020-04-01,"daily_all_infections",767,767,767,820,822,877,877,877
"Wisconsin","return_normal","Past",2020-04-01,"daily_all_infections",767,767,767,820,822,877,877,877
"Wisconsin","status_quo","Past",2020-04-01,"daily_all_infections",767,767,767,820,822,877,877,877
"Wisconsin","linear_increase_sd","Past",2020-04-01,"daily_cases",199,199,199,204,203,212,212,212
"Wisconsin","return_normal","Past",2020-04-01,"daily_cases",199,199,199,204,203,212,212,212
"Wisconsin","status_quo","Past",2020-04-01,"daily_cases",199,199,199,204,203,212,212,212
"Wisconsin","linear_increase_sd","Past",2020-04-01,"daily_deaths",3,3,3,4,4,4,4,4
"Wisconsin","return_normal","Past",2020-04-01,"daily_deaths",3,3,3,4,4,4,4,4
"Wisconsin","status_quo","Past",2020-04-01,"daily_deaths",3,3,3,4,4,4,4,4
"Wisconsin","linear_increase_sd","Past",2020-04-01,"daily_hosps",16,16,16,17,17,18,18,18
"Wisconsin","return_normal","Past",2020-04-01,"daily_hosps",16,16,16,17,17,18,18,18
"Wisconsin","status_quo","Past",2020-04-01,"daily_hosps",16,16,16,17,17,18,18,18
"Wisconsin","linear_increase_sd","Past",2020-04-01,"latent_trend",NA,NA,NA,0.533430771323191,NA,NA,NA,NA
"Wisconsin","return_normal","Past",2020-04-01,"latent_trend",NA,NA,NA,0.533430771323191,NA,NA,NA,NA
"Wisconsin","status_quo","Past",2020-04-01,"latent_trend",NA,NA,NA,0.533430771323191,NA,NA,NA,NA
"Wisconsin","linear_increase_sd","Past",2020-04-01,"mobility_trend",NA,NA,NA,0.608618714682919,NA,NA,NA,NA
"Wisconsin","return_normal","Past",2020-04-01,"mobility_trend",NA,NA,NA,0.608618714682919,NA,NA,NA,NA
"Wisconsin","status_quo","Past",2020-04-01,"mobility_trend",NA,NA,NA,0.608618714682919,NA,NA,NA,NA
"Wisconsin",NA,"Past",2020-04-02,"actual_cumulative_cases",NA,NA,NA,2039,NA,NA,NA,NA
"Wisconsin",NA,"Past",2020-04-02,"actual_cumulative_deaths",NA,NA,NA,28,NA,NA,NA,NA
"Wisconsin",NA,"Past",2020-04-02,"actual_daily_cases",NA,NA,NA,219,NA,NA,NA,NA
"Wisconsin",NA,"Past",2020-04-02,"actual_daily_deaths",NA,NA,NA,7,NA,NA,NA,NA
"Wisconsin","linear_increase_sd","Past",2020-04-02,"combined_trend",NA,NA,NA,0.301904648585875,NA,NA,NA,NA
"Wisconsin","return_normal","Past",2020-04-02,"combined_trend",NA,NA,NA,0.301904648585875,NA,NA,NA,NA
"Wisconsin","status_quo","Past",2020-04-02,"combined_trend",NA,NA,NA,0.301904648585875,NA,NA,NA,NA
"Wisconsin","linear_increase_sd","Past",2020-04-02,"cumulative_all_infections",14527,14527,14527,14918,14766,15691,15691,15691
"Wisconsin","return_normal","Past",2020-04-02,"cumulative_all_infections",14527,14527,14527,14918,14766,15691,15691,15691
"Wisconsin","status_quo","Past",2020-04-02,"cumulative_all_infections",14527,14527,14527,14918,14766,15691,15691,15691
"Wisconsin","linear_increase_sd","Past",2020-04-02,"cumulative_cases",1955,1955,1955,2018,1977,2104,2104,2104
"Wisconsin","return_normal","Past",2020-04-02,"cumulative_cases",1955,1955,1955,2018,1977,2104,2104,2104
"Wisconsin","status_quo","Past",2020-04-02,"cumulative_cases",1955,1955,1955,2018,1977,2104,2104,2104
"Wisconsin","linear_increase_sd","Past",2020-04-02,"cumulative_deaths",38,38,38,40,40,41,41,41
"Wisconsin","return_normal","Past",2020-04-02,"cumulative_deaths",38,38,38,40,40,41,41,41
"Wisconsin","status_quo","Past",2020-04-02,"cumulative_deaths",38,38,38,40,40,41,41,41
"Wisconsin","linear_increase_sd","Past",2020-04-02,"cumulative_hosps",148,148,148,155,154,162,162,162
"Wisconsin","return_normal","Past",2020-04-02,"cumulative_hosps",148,148,148,155,154,162,162,162
"Wisconsin","status_quo","Past",2020-04-02,"cumulative_hosps",148,148,148,155,154,162,162,162
"Wisconsin","linear_increase_sd","Past",2020-04-02,"daily_all_infections",729,729,729,784,784,837,837,837
"Wisconsin","return_normal","Past",2020-04-02,"daily_all_infections",729,729,729,784,784,837,837,837
"Wisconsin","status_quo","Past",2020-04-02,"daily_all_infections",729,729,729,784,784,837,837,837
"Wisconsin","linear_increase_sd","Past",2020-04-02,"daily_cases",205,205,205,219,219,240,240,240
"Wisconsin","return_normal","Past",2020-04-02,"daily_cases",205,205,205,219,219,240,240,240
"Wisconsin","status_quo","Past",2020-04-02,"daily_cases",205,205,205,219,219,240,240,240
"Wisconsin","linear_increase_sd","Past",2020-04-02,"daily_deaths",3,3,3,4,4,5,5,5
"Wisconsin","return_normal","Past",2020-04-02,"daily_deaths",3,3,3,4,4,5,5,5
"Wisconsin","status_quo","Past",2020-04-02,"daily_deaths",3,3,3,4,4,5,5,5
"Wisconsin","linear_increase_sd","Past",2020-04-02,"daily_hosps",18,18,18,19,19,20,20,20
"Wisconsin","return_normal","Past",2020-04-02,"daily_hosps",18,18,18,19,19,20,20,20
"Wisconsin","status_quo","Past",2020-04-02,"daily_hosps",18,18,18,19,19,20,20,20
"Wisconsin","linear_increase_sd","Past",2020-04-02,"latent_trend",NA,NA,NA,0.498016701498637,NA,NA,NA,NA
"Wisconsin","return_normal","Past",2020-04-02,"latent_trend",NA,NA,NA,0.498016701498637,NA,NA,NA,NA
"Wisconsin","status_quo","Past",2020-04-02,"latent_trend",NA,NA,NA,0.498016701498637,NA,NA,NA,NA
"Wisconsin","linear_increase_sd","Past",2020-04-02,"mobility_trend",NA,NA,NA,0.606213903424082,NA,NA,NA,NA
"Wisconsin","return_normal","Past",2020-04-02,"mobility_trend",NA,NA,NA,0.606213903424082,NA,NA,NA,NA
"Wisconsin","status_quo","Past",2020-04-02,"mobility_trend",NA,NA,NA,0.606213903424082,NA,NA,NA,NA
"Wisconsin",NA,"Past",2020-04-03,"actual_cumulative_cases",NA,NA,NA,2262,NA,NA,NA,NA
"Wisconsin",NA,"Past",2020-04-03,"actual_cumulative_deaths",NA,NA,NA,34,NA,NA,NA,NA
"Wisconsin",NA,"Past",2020-04-03,"actual_daily_cases",NA,NA,NA,223,NA,NA,NA,NA
"Wisconsin",NA,"Past",2020-04-03,"actual_daily_deaths",NA,NA,NA,6,NA,NA,NA,NA
"Wisconsin","linear_increase_sd","Past",2020-04-03,"combined_trend",NA,NA,NA,0.284133771900044,NA,NA,NA,NA
"Wisconsin","return_normal","Past",2020-04-03,"combined_trend",NA,NA,NA,0.284133771900044,NA,NA,NA,NA
"Wisconsin","status_quo","Past",2020-04-03,"combined_trend",NA,NA,NA,0.284133771900044,NA,NA,NA,NA
"Wisconsin","linear_increase_sd","Past",2020-04-03,"cumulative_all_infections",15276,15276,15276,15666,15513,16488,16488,16488
"Wisconsin","return_normal","Past",2020-04-03,"cumulative_all_infections",15276,15276,15276,15666,15513,16488,16488,16488
"Wisconsin","status_quo","Past",2020-04-03,"cumulative_all_infections",15276,15276,15276,15666,15513,16488,16488,16488
"Wisconsin","linear_increase_sd","Past",2020-04-03,"cumulative_cases",2179,2179,2179,2238,2195,2320,2320,2320
"Wisconsin","return_normal","Past",2020-04-03,"cumulative_cases",2179,2179,2179,2238,2195,2320,2320,2320
"Wisconsin","status_quo","Past",2020-04-03,"cumulative_cases",2179,2179,2179,2238,2195,2320,2320,2320
"Wisconsin","linear_increase_sd","Past",2020-04-03,"cumulative_deaths",43,43,43,45,45,45,45,45
"Wisconsin","return_normal","Past",2020-04-03,"cumulative_deaths",43,43,43,45,45,45,45,45
"Wisconsin","status_quo","Past",2020-04-03,"cumulative_deaths",43,43,43,45,45,45,45,45
"Wisconsin","linear_increase_sd","Past",2020-04-03,"cumulative_hosps",168,168,168,176,174,183,183,183
"Wisconsin","return_normal","Past",2020-04-03,"cumulative_hosps",168,168,168,176,174,183,183,183
"Wisconsin","status_quo","Past",2020-04-03,"cumulative_hosps",168,168,168,176,174,183,183,183
"Wisconsin","linear_increase_sd","Past",2020-04-03,"daily_all_infections",698,698,698,748,747,797,797,797
"Wisconsin","return_normal","Past",2020-04-03,"daily_all_infections",698,698,698,748,747,797,797,797
"Wisconsin","status_quo","Past",2020-04-03,"daily_all_infections",698,698,698,748,747,797,797,797
"Wisconsin","linear_increase_sd","Past",2020-04-03,"daily_cases",216,216,216,220,218,225,225,225
"Wisconsin","return_normal","Past",2020-04-03,"daily_cases",216,216,216,220,218,225,225,225
"Wisconsin","status_quo","Past",2020-04-03,"daily_cases",216,216,216,220,218,225,225,225
"Wisconsin","linear_increase_sd","Past",2020-04-03,"daily_deaths",4,4,4,5,4,5,5,5
"Wisconsin","return_normal","Past",2020-04-03,"daily_deaths",4,4,4,5,4,5,5,5
"Wisconsin","status_quo","Past",2020-04-03,"daily_deaths",4,4,4,5,4,5,5,5
"Wisconsin","linear_increase_sd","Past",2020-04-03,"daily_hosps",20,20,20,21,20,22,22,22
"Wisconsin","return_normal","Past",2020-04-03,"daily_hosps",20,20,20,21,20,22,22,22
"Wisconsin","status_quo","Past",2020-04-03,"daily_hosps",20,20,20,21,20,22,22,22
"Wisconsin","linear_increase_sd","Past",2020-04-03,"latent_trend",NA,NA,NA,0.470189992072746,NA,NA,NA,NA
"Wisconsin","return_normal","Past",2020-04-03,"latent_trend",NA,NA,NA,0.470189992072746,NA,NA,NA,NA
"Wisconsin","status_quo","Past",2020-04-03,"latent_trend",NA,NA,NA,0.470189992072746,NA,NA,NA,NA
"Wisconsin","linear_increase_sd","Past",2020-04-03,"mobility_trend",NA,NA,NA,0.604295660670047,NA,NA,NA,NA
"Wisconsin","return_normal","Past",2020-04-03,"mobility_trend",NA,NA,NA,0.604295660670047,NA,NA,NA,NA
"Wisconsin","status_quo","Past",2020-04-03,"mobility_trend",NA,NA,NA,0.604295660670047,NA,NA,NA,NA
"Wisconsin",NA,"Past",2020-04-04,"actual_cumulative_cases",NA,NA,NA,2475,NA,NA,NA,NA
"Wisconsin",NA,"Past",2020-04-04,"actual_cumulative_deaths",NA,NA,NA,53,NA,NA,NA,NA
"Wisconsin",NA,"Past",2020-04-04,"actual_daily_cases",NA,NA,NA,213,NA,NA,NA,NA
"Wisconsin",NA,"Past",2020-04-04,"actual_daily_deaths",NA,NA,NA,19,NA,NA,NA,NA
"Wisconsin","linear_increase_sd","Past",2020-04-04,"combined_trend",NA,NA,NA,0.271180135286702,NA,NA,NA,NA
"Wisconsin","return_normal","Past",2020-04-04,"combined_trend",NA,NA,NA,0.271180135286702,NA,NA,NA,NA
"Wisconsin","status_quo","Past",2020-04-04,"combined_trend",NA,NA,NA,0.271180135286702,NA,NA,NA,NA
"Wisconsin","linear_increase_sd","Past",2020-04-04,"cumulative_all_infections",15982,15982,15982,16383,16224,17259,17259,17259
"Wisconsin","return_normal","Past",2020-04-04,"cumulative_all_infections",15982,15982,15982,16383,16224,17259,17259,17259
"Wisconsin","status_quo","Past",2020-04-04,"cumulative_all_infections",15982,15982,15982,16383,16224,17259,17259,17259
"Wisconsin","linear_increase_sd","Past",2020-04-04,"cumulative_cases",2388,2388,2388,2454,2409,2544,2544,2544
"Wisconsin","return_normal","Past",2020-04-04,"cumulative_cases",2388,2388,2388,2454,2409,2544,2544,2544
"Wisconsin","status_quo","Past",2020-04-04,"cumulative_cases",2388,2388,2388,2454,2409,2544,2544,2544
"Wisconsin","linear_increase_sd","Past",2020-04-04,"cumulative_deaths",47,47,47,49,49,50,50,50
"Wisconsin","return_normal","Past",2020-04-04,"cumulative_deaths",47,47,47,49,49,50,50,50
"Wisconsin","status_quo","Past",2020-04-04,"cumulative_deaths",47,47,47,49,49,50,50,50
"Wisconsin","linear_increase_sd","Past",2020-04-04,"cumulative_hosps",189,189,189,198,195,206,206,206
"Wisconsin","return_normal","Past",2020-04-04,"cumulative_hosps",189,189,189,198,195,206,206,206
"Wisconsin","status_quo","Past",2020-04-04,"cumulative_hosps",189,189,189,198,195,206,206,206
"Wisconsin","linear_increase_sd","Past",2020-04-04,"daily_all_infections",673,673,673,717,711,771,771,771
"Wisconsin","return_normal","Past",2020-04-04,"daily_all_infections",673,673,673,717,711,771,771,771
"Wisconsin","status_quo","Past",2020-04-04,"daily_all_infections",673,673,673,717,711,771,771,771
"Wisconsin","linear_increase_sd","Past",2020-04-04,"daily_cases",209,209,209,217,214,235,235,235
"Wisconsin","return_normal","Past",2020-04-04,"daily_cases",209,209,209,217,214,235,235,235
"Wisconsin","status_quo","Past",2020-04-04,"daily_cases",209,209,209,217,214,235,235,235
"Wisconsin","linear_increase_sd","Past",2020-04-04,"daily_deaths",4,4,4,5,4,5,5,5
"Wisconsin","return_normal","Past",2020-04-04,"daily_deaths",4,4,4,5,4,5,5,5
"Wisconsin","status_quo","Past",2020-04-04,"daily_deaths",4,4,4,5,4,5,5,5
"Wisconsin","linear_increase_sd","Past",2020-04-04,"daily_hosps",21,21,21,22,21,24,24,24
"Wisconsin","return_normal","Past",2020-04-04,"daily_hosps",21,21,21,22,21,24,24,24
"Wisconsin","status_quo","Past",2020-04-04,"daily_hosps",21,21,21,22,21,24,24,24
"Wisconsin","linear_increase_sd","Past",2020-04-04,"latent_trend",NA,NA,NA,0.449737546951719,NA,NA,NA,NA
"Wisconsin","return_normal","Past",2020-04-04,"latent_trend",NA,NA,NA,0.449737546951719,NA,NA,NA,NA
"Wisconsin","status_quo","Past",2020-04-04,"latent_trend",NA,NA,NA,0.449737546951719,NA,NA,NA,NA
"Wisconsin","linear_increase_sd","Past",2020-04-04,"mobility_trend",NA,NA,NA,0.602974194893748,NA,NA,NA,NA
"Wisconsin","return_normal","Past",2020-04-04,"mobility_trend",NA,NA,NA,0.602974194893748,NA,NA,NA,NA
"Wisconsin","status_quo","Past",2020-04-04,"mobility_trend",NA,NA,NA,0.602974194893748,NA,NA,NA,NA
"Wisconsin",NA,"Past",2020-04-05,"actual_cumulative_cases",NA,NA,NA,2642,NA,NA,NA,NA
"Wisconsin",NA,"Past",2020-04-05,"actual_cumulative_deaths",NA,NA,NA,65,NA,NA,NA,NA
"Wisconsin",NA,"Past",2020-04-05,"actual_daily_cases",NA,NA,NA,167,NA,NA,NA,NA
"Wisconsin",NA,"Past",2020-04-05,"actual_daily_deaths",NA,NA,NA,12,NA,NA,NA,NA
"Wisconsin","linear_increase_sd","Past",2020-04-05,"combined_trend",NA,NA,NA,0.262758414741519,NA,NA,NA,NA
"Wisconsin","return_normal","Past",2020-04-05,"combined_trend",NA,NA,NA,0.262758414741519,NA,NA,NA,NA
"Wisconsin","status_quo","Past",2020-04-05,"combined_trend",NA,NA,NA,0.262758414741519,NA,NA,NA,NA
"Wisconsin","linear_increase_sd","Past",2020-04-05,"cumulative_all_infections",16656,16656,16656,17071,16900,18001,18001,18001
"Wisconsin","return_normal","Past",2020-04-05,"cumulative_all_infections",16656,16656,16656,17071,16900,18001,18001,18001
"Wisconsin","status_quo","Past",2020-04-05,"cumulative_all_infections",16656,16656,16656,17071,16900,18001,18001,18001
"Wisconsin","linear_increase_sd","Past",2020-04-05,"cumulative_cases",2604,2604,2604,2675,2634,2782,2782,2782
"Wisconsin","return_normal","Past",2020-04-05,"cumulative_cases",2604,2604,2604,2675,2634,2782,2782,2782
"Wisconsin","status_quo","Past",2020-04-05,"cumulative_cases",2604,2604,2604,2675,2634,2782,2782,2782
"Wisconsin","linear_increase_sd","Past",2020-04-05,"cumulative_deaths",51,51,51,54,54,56,56,56
"Wisconsin","return_normal","Past",2020-04-05,"cumulative_deaths",51,51,51,54,54,56,56,56
"Wisconsin","status_quo","Past",2020-04-05,"cumulative_deaths",51,51,51,54,54,56,56,56
"Wisconsin","linear_increase_sd","Past",2020-04-05,"cumulative_hosps",212,212,212,221,218,230,230,230
"Wisconsin","return_normal","Past",2020-04-05,"cumulative_hosps",212,212,212,221,218,230,230,230
"Wisconsin","status_quo","Past",2020-04-05,"cumulative_hosps",212,212,212,221,218,230,230,230
"Wisconsin","linear_increase_sd","Past",2020-04-05,"daily_all_infections",656,656,656,688,676,742,742,742
"Wisconsin","return_normal","Past",2020-04-05,"daily_all_infections",656,656,656,688,676,742,742,742
"Wisconsin","status_quo","Past",2020-04-05,"daily_all_infections",656,656,656,688,676,742,742,742
"Wisconsin","linear_increase_sd","Past",2020-04-05,"daily_cases",210,210,210,221,216,238,238,238
"Wisconsin","return_normal","Past",2020-04-05,"daily_cases",210,210,210,221,216,238,238,238
"Wisconsin","status_quo","Past",2020-04-05,"daily_cases",210,210,210,221,216,238,238,238
"Wisconsin","linear_increase_sd","Past",2020-04-05,"daily_deaths",4,4,4,5,5,7,7,7
"Wisconsin","return_normal","Past",2020-04-05,"daily_deaths",4,4,4,5,5,7,7,7
"Wisconsin","status_quo","Past",2020-04-05,"daily_deaths",4,4,4,5,5,7,7,7
"Wisconsin","linear_increase_sd","Past",2020-04-05,"daily_hosps",22,22,22,24,23,24,24,24
"Wisconsin","return_normal","Past",2020-04-05,"daily_hosps",22,22,22,24,23,24,24,24
"Wisconsin","status_quo","Past",2020-04-05,"daily_hosps",22,22,22,24,23,24,24,24
"Wisconsin","linear_increase_sd","Past",2020-04-05,"latent_trend",NA,NA,NA,0.436275725999545,NA,NA,NA,NA
"Wisconsin","return_normal","Past",2020-04-05,"latent_trend",NA,NA,NA,0.436275725999545,NA,NA,NA,NA
"Wisconsin","status_quo","Past",2020-04-05,"latent_trend",NA,NA,NA,0.436275725999545,NA,NA,NA,NA
"Wisconsin","linear_increase_sd","Past",2020-04-05,"mobility_trend",NA,NA,NA,0.602276035732945,NA,NA,NA,NA
"Wisconsin","return_normal","Past",2020-04-05,"mobility_trend",NA,NA,NA,0.602276035732945,NA,NA,NA,NA
"Wisconsin","status_quo","Past",2020-04-05,"mobility_trend",NA,NA,NA,0.602276035732945,NA,NA,NA,NA
"Wisconsin",NA,"Past",2020-04-06,"actual_cumulative_cases",NA,NA,NA,2865,NA,NA,NA,NA
"Wisconsin",NA,"Past",2020-04-06,"actual_cumulative_deaths",NA,NA,NA,74,NA,NA,NA,NA
"Wisconsin",NA,"Past",2020-04-06,"actual_daily_cases",NA,NA,NA,223,NA,NA,NA,NA
"Wisconsin",NA,"Past",2020-04-06,"actual_daily_deaths",NA,NA,NA,9,NA,NA,NA,NA
"Wisconsin","linear_increase_sd","Past",2020-04-06,"combined_trend",NA,NA,NA,0.25855607530496,NA,NA,NA,NA
"Wisconsin","return_normal","Past",2020-04-06,"combined_trend",NA,NA,NA,0.25855607530496,NA,NA,NA,NA
"Wisconsin","status_quo","Past",2020-04-06,"combined_trend",NA,NA,NA,0.25855607530496,NA,NA,NA,NA
"Wisconsin","linear_increase_sd","Past",2020-04-06,"cumulative_all_infections",17314,17314,17314,17739,17548,18726,18726,18726
"Wisconsin","return_normal","Past",2020-04-06,"cumulative_all_infections",17314,17314,17314,17739,17548,18726,18726,18726
"Wisconsin","status_quo","Past",2020-04-06,"cumulative_all_infections",17314,17314,17314,17739,17548,18726,18726,18726
"Wisconsin","linear_increase_sd","Past",2020-04-06,"cumulative_cases",2805,2805,2805,2889,2847,3014,3014,3014
"Wisconsin","return_normal","Past",2020-04-06,"cumulative_cases",2805,2805,2805,2889,2847,3014,3014,3014
"Wisconsin","status_quo","Past",2020-04-06,"cumulative_cases",2805,2805,2805,2889,2847,3014,3014,3014
"Wisconsin","linear_increase_sd","Past",2020-04-06,"cumulative_deaths",57,57,57,60,59,61,61,61
"Wisconsin","return_normal","Past",2020-04-06,"cumulative_deaths",57,57,57,60,59,61,61,61
"Wisconsin","status_quo","Past",2020-04-06,"cumulative_deaths",57,57,57,60,59,61,61,61
"Wisconsin","linear_increase_sd","Past",2020-04-06,"cumulative_hosps",236,236,236,245,241,254,254,254
"Wisconsin","return_normal","Past",2020-04-06,"cumulative_hosps",236,236,236,245,241,254,254,254
"Wisconsin","status_quo","Past",2020-04-06,"cumulative_hosps",236,236,236,245,241,254,254,254
"Wisconsin","linear_increase_sd","Past",2020-04-06,"daily_all_infections",635,635,635,668,658,725,725,725
"Wisconsin","return_normal","Past",2020-04-06,"daily_all_infections",635,635,635,668,658,725,725,725
"Wisconsin","status_quo","Past",2020-04-06,"daily_all_infections",635,635,635,668,658,725,725,725
"Wisconsin","linear_increase_sd","Past",2020-04-06,"daily_cases",201,201,201,215,213,232,232,232
"Wisconsin","return_normal","Past",2020-04-06,"daily_cases",201,201,201,215,213,232,232,232
"Wisconsin","status_quo","Past",2020-04-06,"daily_cases",201,201,201,215,213,232,232,232
"Wisconsin","linear_increase_sd","Past",2020-04-06,"daily_deaths",5,5,5,6,5,6,6,6
"Wisconsin","return_normal","Past",2020-04-06,"daily_deaths",5,5,5,6,5,6,6,6
"Wisconsin","status_quo","Past",2020-04-06,"daily_deaths",5,5,5,6,5,6,6,6
"Wisconsin","linear_increase_sd","Past",2020-04-06,"daily_hosps",23,23,23,25,24,26,26,26
"Wisconsin","return_normal","Past",2020-04-06,"daily_hosps",23,23,23,25,24,26,26,26
"Wisconsin","status_quo","Past",2020-04-06,"daily_hosps",23,23,23,25,24,26,26,26
"Wisconsin","linear_increase_sd","Past",2020-04-06,"latent_trend",NA,NA,NA,0.429382869313056,NA,NA,NA,NA
"Wisconsin","return_normal","Past",2020-04-06,"latent_trend",NA,NA,NA,0.429382869313056,NA,NA,NA,NA
"Wisconsin","status_quo","Past",2020-04-06,"latent_trend",NA,NA,NA,0.429382869313056,NA,NA,NA,NA
"Wisconsin","linear_increase_sd","Past",2020-04-06,"mobility_trend",NA,NA,NA,0.602157407254296,NA,NA,NA,NA
"Wisconsin","return_normal","Past",2020-04-06,"mobility_trend",NA,NA,NA,0.602157407254296,NA,NA,NA,NA
"Wisconsin","status_quo","Past",2020-04-06,"mobility_trend",NA,NA,NA,0.602157407254296,NA,NA,NA,NA
"Wisconsin",NA,"Past",2020-04-07,"actual_cumulative_cases",NA,NA,NA,3063,NA,NA,NA,NA
"Wisconsin",NA,"Past",2020-04-07,"actual_cumulative_deaths",NA,NA,NA,89,NA,NA,NA,NA
"Wisconsin",NA,"Past",2020-04-07,"actual_daily_cases",NA,NA,NA,198,NA,NA,NA,NA
"Wisconsin",NA,"Past",2020-04-07,"actual_daily_deaths",NA,NA,NA,15,NA,NA,NA,NA
"Wisconsin","linear_increase_sd","Past",2020-04-07,"combined_trend",NA,NA,NA,0.258221464556483,NA,NA,NA,NA
"Wisconsin","return_normal","Past",2020-04-07,"combined_trend",NA,NA,NA,0.258221464556483,NA,NA,NA,NA
"Wisconsin","status_quo","Past",2020-04-07,"combined_trend",NA,NA,NA,0.258221464556483,NA,NA,NA,NA
"Wisconsin","linear_increase_sd","Past",2020-04-07,"cumulative_all_infections",17952,17952,17952,18390,18173,19437,19437,19437
"Wisconsin","return_normal","Past",2020-04-07,"cumulative_all_infections",17952,17952,17952,18390,18173,19437,19437,19437
"Wisconsin","status_quo","Past",2020-04-07,"cumulative_all_infections",17952,17952,17952,18390,18173,19437,19437,19437
"Wisconsin","linear_increase_sd","Past",2020-04-07,"cumulative_cases",3003,3003,3003,3096,3056,3229,3229,3229
"Wisconsin","return_normal","Past",2020-04-07,"cumulative_cases",3003,3003,3003,3096,3056,3229,3229,3229
"Wisconsin","status_quo","Past",2020-04-07,"cumulative_cases",3003,3003,3003,3096,3056,3229,3229,3229
"Wisconsin","linear_increase_sd","Past",2020-04-07,"cumulative_deaths",62,62,62,66,66,67,67,67
"Wisconsin","return_normal","Past",2020-04-07,"cumulative_deaths",62,62,62,66,66,67,67,67
"Wisconsin","status_quo","Past",2020-04-07,"cumulative_deaths",62,62,62,66,66,67,67,67
"Wisconsin","linear_increase_sd","Past",2020-04-07,"cumulative_hosps",260,260,260,270,265,281,281,281
"Wisconsin","return_normal","Past",2020-04-07,"cumulative_hosps",260,260,260,270,265,281,281,281
"Wisconsin","status_quo","Past",2020-04-07,"cumulative_hosps",260,260,260,270,265,281,281,281
"Wisconsin","linear_increase_sd","Past",2020-04-07,"daily_all_infections",625,625,625,651,638,711,711,711
"Wisconsin","return_normal","Past",2020-04-07,"daily_all_infections",625,625,625,651,638,711,711,711
"Wisconsin","status_quo","Past",2020-04-07,"daily_all_infections",625,625,625,651,638,711,711,711
"Wisconsin","linear_increase_sd","Past",2020-04-07,"daily_cases",198,198,198,207,209,215,215,215
"Wisconsin","return_normal","Past",2020-04-07,"daily_cases",198,198,198,207,209,215,215,215
"Wisconsin","status_quo","Past",2020-04-07,"daily_cases",198,198,198,207,209,215,215,215
"Wisconsin","linear_increase_sd","Past",2020-04-07,"daily_deaths",5,5,5,6,6,7,7,7
"Wisconsin","return_normal","Past",2020-04-07,"daily_deaths",5,5,5,6,6,7,7,7
"Wisconsin","status_quo","Past",2020-04-07,"daily_deaths",5,5,5,6,6,7,7,7
"Wisconsin","linear_increase_sd","Past",2020-04-07,"daily_hosps",24,24,24,25,24,27,27,27
"Wisconsin","return_normal","Past",2020-04-07,"daily_hosps",24,24,24,25,24,27,27,27
"Wisconsin","status_quo","Past",2020-04-07,"daily_hosps",24,24,24,25,24,27,27,27
"Wisconsin","linear_increase_sd","Past",2020-04-07,"latent_trend",NA,NA,NA,0.428670863613561,NA,NA,NA,NA
"Wisconsin","return_normal","Past",2020-04-07,"latent_trend",NA,NA,NA,0.428670863613561,NA,NA,NA,NA
"Wisconsin","status_quo","Past",2020-04-07,"latent_trend",NA,NA,NA,0.428670863613561,NA,NA,NA,NA
"Wisconsin","linear_increase_sd","Past",2020-04-07,"mobility_trend",NA,NA,NA,0.602376990075221,NA,NA,NA,NA
"Wisconsin","return_normal","Past",2020-04-07,"mobility_trend",NA,NA,NA,0.602376990075221,NA,NA,NA,NA
"Wisconsin","status_quo","Past",2020-04-07,"mobility_trend",NA,NA,NA,0.602376990075221,NA,NA,NA,NA
"Wisconsin",NA,"Past",2020-04-08,"actual_cumulative_cases",NA,NA,NA,3278,NA,NA,NA,NA
"Wisconsin",NA,"Past",2020-04-08,"actual_cumulative_deaths",NA,NA,NA,96,NA,NA,NA,NA
"Wisconsin",NA,"Past",2020-04-08,"actual_daily_cases",NA,NA,NA,215,NA,NA,NA,NA
"Wisconsin",NA,"Past",2020-04-08,"actual_daily_deaths",NA,NA,NA,7,NA,NA,NA,NA
"Wisconsin","linear_increase_sd","Past",2020-04-08,"combined_trend",NA,NA,NA,0.261463624165887,NA,NA,NA,NA
"Wisconsin","return_normal","Past",2020-04-08,"combined_trend",NA,NA,NA,0.261463624165887,NA,NA,NA,NA
"Wisconsin","status_quo","Past",2020-04-08,"combined_trend",NA,NA,NA,0.261463624165887,NA,NA,NA,NA
"Wisconsin","linear_increase_sd","Past",2020-04-08,"cumulative_all_infections",18574,18574,18574,19031,18786,20142,20142,20142
"Wisconsin","return_normal","Past",2020-04-08,"cumulative_all_infections",18574,18574,18574,19031,18786,20142,20142,20142
"Wisconsin","status_quo","Past",2020-04-08,"cumulative_all_infections",18574,18574,18574,19031,18786,20142,20142,20142
"Wisconsin","linear_increase_sd","Past",2020-04-08,"cumulative_cases",3192,3192,3192,3302,3251,3462,3462,3462
"Wisconsin","return_normal","Past",2020-04-08,"cumulative_cases",3192,3192,3192,3302,3251,3462,3462,3462
"Wisconsin","status_quo","Past",2020-04-08,"cumulative_cases",3192,3192,3192,3302,3251,3462,3462,3462
"Wisconsin","linear_increase_sd","Past",2020-04-08,"cumulative_deaths",68,68,68,72,72,73,73,73
"Wisconsin","return_normal","Past",2020-04-08,"cumulative_deaths",68,68,68,72,72,73,73,73
"Wisconsin","status_quo","Past",2020-04-08,"cumulative_deaths",68,68,68,72,72,73,73,73
"Wisconsin","linear_increase_sd","Past",2020-04-08,"cumulative_hosps",285,285,285,295,290,307,307,307
"Wisconsin","return_normal","Past",2020-04-08,"cumulative_hosps",285,285,285,295,290,307,307,307
"Wisconsin","status_quo","Past",2020-04-08,"cumulative_hosps",285,285,285,295,290,307,307,307
"Wisconsin","linear_increase_sd","Past",2020-04-08,"daily_all_infections",613,613,613,641,627,705,705,705
"Wisconsin","return_normal","Past",2020-04-08,"daily_all_infections",613,613,613,641,627,705,705,705
"Wisconsin","status_quo","Past",2020-04-08,"daily_all_infections",613,613,613,641,627,705,705,705
"Wisconsin","linear_increase_sd","Past",2020-04-08,"daily_cases",189,189,189,206,202,233,233,233
"Wisconsin","return_normal","Past",2020-04-08,"daily_cases",189,189,189,206,202,233,233,233
"Wisconsin","status_quo","Past",2020-04-08,"daily_cases",189,189,189,206,202,233,233,233
"Wisconsin","linear_increase_sd","Past",2020-04-08,"daily_deaths",6,6,6,7,6,8,8,8
"Wisconsin","return_normal","Past",2020-04-08,"daily_deaths",6,6,6,7,6,8,8,8
"Wisconsin","status_quo","Past",2020-04-08,"daily_deaths",6,6,6,7,6,8,8,8
"Wisconsin","linear_increase_sd","Past",2020-04-08,"daily_hosps",24,24,24,25,25,26,26,26
"Wisconsin","return_normal","Past",2020-04-08,"daily_hosps",24,24,24,25,25,26,26,26
"Wisconsin","status_quo","Past",2020-04-08,"daily_hosps",24,24,24,25,25,26,26,26
"Wisconsin","linear_increase_sd","Past",2020-04-08,"latent_trend",NA,NA,NA,0.43381087584669,NA,NA,NA,NA
"Wisconsin","return_normal","Past",2020-04-08,"latent_trend",NA,NA,NA,0.43381087584669,NA,NA,NA,NA
"Wisconsin","status_quo","Past",2020-04-08,"latent_trend",NA,NA,NA,0.43381087584669,NA,NA,NA,NA
"Wisconsin","linear_increase_sd","Past",2020-04-08,"mobility_trend",NA,NA,NA,0.602713391303471,NA,NA,NA,NA
"Wisconsin","return_normal","Past",2020-04-08,"mobility_trend",NA,NA,NA,0.602713391303471,NA,NA,NA,NA
"Wisconsin","status_quo","Past",2020-04-08,"mobility_trend",NA,NA,NA,0.602713391303471,NA,NA,NA,NA
"Wisconsin",NA,"Past",2020-04-09,"actual_cumulative_cases",NA,NA,NA,3442,NA,NA,NA,NA
"Wisconsin",NA,"Past",2020-04-09,"actual_cumulative_deaths",NA,NA,NA,108,NA,NA,NA,NA
"Wisconsin",NA,"Past",2020-04-09,"actual_daily_cases",NA,NA,NA,164,NA,NA,NA,NA
"Wisconsin",NA,"Past",2020-04-09,"actual_daily_deaths",NA,NA,NA,12,NA,NA,NA,NA
"Wisconsin","linear_increase_sd","Past",2020-04-09,"combined_trend",NA,NA,NA,0.268148749311734,NA,NA,NA,NA
"Wisconsin","return_normal","Past",2020-04-09,"combined_trend",NA,NA,NA,0.268148749311734,NA,NA,NA,NA
"Wisconsin","status_quo","Past",2020-04-09,"combined_trend",NA,NA,NA,0.268148749311734,NA,NA,NA,NA
"Wisconsin","linear_increase_sd","Past",2020-04-09,"cumulative_all_infections",19193,19193,19193,19669,19387,20845,20845,20845
"Wisconsin","return_normal","Past",2020-04-09,"cumulative_all_infections",19193,19193,19193,19669,19387,20845,20845,20845
"Wisconsin","status_quo","Past",2020-04-09,"cumulative_all_infections",19193,19193,19193,19669,19387,20845,20845,20845
"Wisconsin","linear_increase_sd","Past",2020-04-09,"cumulative_cases",3374,3374,3374,3498,3457,3676,3676,3676
"Wisconsin","return_normal","Past",2020-04-09,"cumulative_cases",3374,3374,3374,3498,3457,3676,3676,3676
"Wisconsin","status_quo","Past",2020-04-09,"cumulative_cases",3374,3374,3374,3498,3457,3676,3676,3676
"Wisconsin","linear_increase_sd","Past",2020-04-09,"cumulative_deaths",74,74,74,78,79,79,79,79
"Wisconsin","return_normal","Past",2020-04-09,"cumulative_deaths",74,74,74,78,79,79,79,79
"Wisconsin","status_quo","Past",2020-04-09,"cumulative_deaths",74,74,74,78,79,79,79,79
"Wisconsin","linear_increase_sd","Past",2020-04-09,"cumulative_hosps",310,310,310,320,316,334,334,334
"Wisconsin","return_normal","Past",2020-04-09,"cumulative_hosps",310,310,310,320,316,334,334,334
"Wisconsin","status_quo","Past",2020-04-09,"cumulative_hosps",310,310,310,320,316,334,334,334
"Wisconsin","linear_increase_sd","Past",2020-04-09,"daily_all_infections",601,601,601,639,630,703,703,703
"Wisconsin","return_normal","Past",2020-04-09,"daily_all_infections",601,601,601,639,630,703,703,703
"Wisconsin","status_quo","Past",2020-04-09,"daily_all_infections",601,601,601,639,630,703,703,703
"Wisconsin","linear_increase_sd","Past",2020-04-09,"daily_cases",182,182,182,197,191,214,214,214
"Wisconsin","return_normal","Past",2020-04-09,"daily_cases",182,182,182,197,191,214,214,214
"Wisconsin","status_quo","Past",2020-04-09,"daily_cases",182,182,182,197,191,214,214,214
"Wisconsin","linear_increase_sd","Past",2020-04-09,"daily_deaths",5,5,5,7,6,7,7,7
"Wisconsin","return_normal","Past",2020-04-09,"daily_deaths",5,5,5,7,6,7,7,7
"Wisconsin","status_quo","Past",2020-04-09,"daily_deaths",5,5,5,7,6,7,7,7
"Wisconsin","linear_increase_sd","Past",2020-04-09,"daily_hosps",25,25,25,26,25,27,27,27
"Wisconsin","return_normal","Past",2020-04-09,"daily_hosps",25,25,25,26,25,27,27,27
"Wisconsin","status_quo","Past",2020-04-09,"daily_hosps",25,25,25,26,25,27,27,27
"Wisconsin","linear_increase_sd","Past",2020-04-09,"latent_trend",NA,NA,NA,0.444527125194794,NA,NA,NA,NA
"Wisconsin","return_normal","Past",2020-04-09,"latent_trend",NA,NA,NA,0.444527125194794,NA,NA,NA,NA
"Wisconsin","status_quo","Past",2020-04-09,"latent_trend",NA,NA,NA,0.444527125194794,NA,NA,NA,NA
"Wisconsin","linear_increase_sd","Past",2020-04-09,"mobility_trend",NA,NA,NA,0.603222467457368,NA,NA,NA,NA
"Wisconsin","return_normal","Past",2020-04-09,"mobility_trend",NA,NA,NA,0.603222467457368,NA,NA,NA,NA
"Wisconsin","status_quo","Past",2020-04-09,"mobility_trend",NA,NA,NA,0.603222467457368,NA,NA,NA,NA
"Wisconsin",NA,"Past",2020-04-10,"actual_cumulative_cases",NA,NA,NA,3664,NA,NA,NA,NA
"Wisconsin",NA,"Past",2020-04-10,"actual_cumulative_deaths",NA,NA,NA,125,NA,NA,NA,NA
"Wisconsin",NA,"Past",2020-04-10,"actual_daily_cases",NA,NA,NA,222,NA,NA,NA,NA
"Wisconsin",NA,"Past",2020-04-10,"actual_daily_deaths",NA,NA,NA,17,NA,NA,NA,NA
"Wisconsin","linear_increase_sd","Past",2020-04-10,"combined_trend",NA,NA,NA,0.278197151622522,NA,NA,NA,NA
"Wisconsin","return_normal","Past",2020-04-10,"combined_trend",NA,NA,NA,0.278197151622522,NA,NA,NA,NA
"Wisconsin","status_quo","Past",2020-04-10,"combined_trend",NA,NA,NA,0.278197151622522,NA,NA,NA,NA
"Wisconsin","linear_increase_sd","Past",2020-04-10,"cumulative_all_infections",19805,19805,19805,20308,19991,21547,21547,21547
"Wisconsin","return_normal","Past",2020-04-10,"cumulative_all_infections",19805,19805,19805,20308,19991,21547,21547,21547
"Wisconsin","status_quo","Past",2020-04-10,"cumulative_all_infections",19805,19805,19805,20308,19991,21547,21547,21547
"Wisconsin","linear_increase_sd","Past",2020-04-10,"cumulative_cases",3555,3555,3555,3688,3654,3880,3880,3880
"Wisconsin","return_normal","Past",2020-04-10,"cumulative_cases",3555,3555,3555,3688,3654,3880,3880,3880
"Wisconsin","status_quo","Past",2020-04-10,"cumulative_cases",3555,3555,3555,3688,3654,3880,3880,3880
"Wisconsin","linear_increase_sd","Past",2020-04-10,"cumulative_deaths",80,80,80,85,86,87,87,87
"Wisconsin","return_normal","Past",2020-04-10,"cumulative_deaths",80,80,80,85,86,87,87,87
"Wisconsin","status_quo","Past",2020-04-10,"cumulative_deaths",80,80,80,85,86,87,87,87
"Wisconsin","linear_increase_sd","Past",2020-04-10,"cumulative_hosps",336,336,336,346,341,361,361,361
"Wisconsin","return_normal","Past",2020-04-10,"cumulative_hosps",336,336,336,346,341,361,361,361
"Wisconsin","status_quo","Past",2020-04-10,"cumulative_hosps",336,336,336,346,341,361,361,361
"Wisconsin","linear_increase_sd","Past",2020-04-10,"daily_all_infections",604,604,604,639,638,702,702,702
"Wisconsin","return_normal","Past",2020-04-10,"daily_all_infections",604,604,604,639,638,702,702,702
"Wisconsin","status_quo","Past",2020-04-10,"daily_all_infections",604,604,604,639,638,702,702,702
"Wisconsin","linear_increase_sd","Past",2020-04-10,"daily_cases",170,170,170,190,197,204,204,204
"Wisconsin","return_normal","Past",2020-04-10,"daily_cases",170,170,170,190,197,204,204,204
"Wisconsin","status_quo","Past",2020-04-10,"daily_cases",170,170,170,190,197,204,204,204
"Wisconsin","linear_increase_sd","Past",2020-04-10,"daily_deaths",6,6,6,7,7,8,8,8
"Wisconsin","return_normal","Past",2020-04-10,"daily_deaths",6,6,6,7,7,8,8,8
"Wisconsin","status_quo","Past",2020-04-10,"daily_deaths",6,6,6,7,7,8,8,8
"Wisconsin","linear_increase_sd","Past",2020-04-10,"daily_hosps",24,24,24,26,25,27,27,27
"Wisconsin","return_normal","Past",2020-04-10,"daily_hosps",24,24,24,26,25,27,27,27
"Wisconsin","status_quo","Past",2020-04-10,"daily_hosps",24,24,24,26,25,27,27,27
"Wisconsin","linear_increase_sd","Past",2020-04-10,"latent_trend",NA,NA,NA,0.460568901815147,NA,NA,NA,NA
"Wisconsin","return_normal","Past",2020-04-10,"latent_trend",NA,NA,NA,0.460568901815147,NA,NA,NA,NA
"Wisconsin","status_quo","Past",2020-04-10,"latent_trend",NA,NA,NA,0.460568901815147,NA,NA,NA,NA
"Wisconsin","linear_increase_sd","Past",2020-04-10,"mobility_trend",NA,NA,NA,0.604029387407876,NA,NA,NA,NA
"Wisconsin","return_normal","Past",2020-04-10,"mobility_trend",NA,NA,NA,0.604029387407876,NA,NA,NA,NA
"Wisconsin","status_quo","Past",2020-04-10,"mobility_trend",NA,NA,NA,0.604029387407876,NA,NA,NA,NA
"Wisconsin",NA,"Past",2020-04-11,"actual_cumulative_cases",NA,NA,NA,3821,NA,NA,NA,NA
"Wisconsin",NA,"Past",2020-04-11,"actual_cumulative_deaths",NA,NA,NA,134,NA,NA,NA,NA
"Wisconsin",NA,"Past",2020-04-11,"actual_daily_cases",NA,NA,NA,157,NA,NA,NA,NA
"Wisconsin",NA,"Past",2020-04-11,"actual_daily_deaths",NA,NA,NA,9,NA,NA,NA,NA
"Wisconsin","linear_increase_sd","Past",2020-04-11,"combined_trend",NA,NA,NA,0.291496256049867,NA,NA,NA,NA
"Wisconsin","return_normal","Past",2020-04-11,"combined_trend",NA,NA,NA,0.291496256049867,NA,NA,NA,NA
"Wisconsin","status_quo","Past",2020-04-11,"combined_trend",NA,NA,NA,0.291496256049867,NA,NA,NA,NA
"Wisconsin","linear_increase_sd","Past",2020-04-11,"cumulative_all_infections",20429,20429,20429,20960,20606,22265,22265,22265
"Wisconsin","return_normal","Past",2020-04-11,"cumulative_all_infections",20429,20429,20429,20960,20606,22265,22265,22265
"Wisconsin","status_quo","Past",2020-04-11,"cumulative_all_infections",20429,20429,20429,20960,20606,22265,22265,22265
"Wisconsin","linear_increase_sd","Past",2020-04-11,"cumulative_cases",3736,3736,3736,3872,3831,4074,4074,4074
"Wisconsin","return_normal","Past",2020-04-11,"cumulative_cases",3736,3736,3736,3872,3831,4074,4074,4074
"Wisconsin","status_quo","Past",2020-04-11,"cumulative_cases",3736,3736,3736,3872,3831,4074,4074,4074
"Wisconsin","linear_increase_sd","Past",2020-04-11,"cumulative_deaths",87,87,87,92,92,95,95,95
"Wisconsin","return_normal","Past",2020-04-11,"cumulative_deaths",87,87,87,92,92,95,95,95
"Wisconsin","status_quo","Past",2020-04-11,"cumulative_deaths",87,87,87,92,92,95,95,95
"Wisconsin","linear_increase_sd","Past",2020-04-11,"cumulative_hosps",360,360,360,370,366,387,387,387
"Wisconsin","return_normal","Past",2020-04-11,"cumulative_hosps",360,360,360,370,366,387,387,387
"Wisconsin","status_quo","Past",2020-04-11,"cumulative_hosps",360,360,360,370,366,387,387,387
"Wisconsin","linear_increase_sd","Past",2020-04-11,"daily_all_infections",615,615,615,652,649,718,718,718
"Wisconsin","return_normal","Past",2020-04-11,"daily_all_infections",615,615,615,652,649,718,718,718
"Wisconsin","status_quo","Past",2020-04-11,"daily_all_infections",615,615,615,652,649,718,718,718
"Wisconsin","linear_increase_sd","Past",2020-04-11,"daily_cases",177,177,177,185,181,194,194,194
"Wisconsin","return_normal","Past",2020-04-11,"daily_cases",177,177,177,185,181,194,194,194
"Wisconsin","status_quo","Past",2020-04-11,"daily_cases",177,177,177,185,181,194,194,194
"Wisconsin","linear_increase_sd","Past",2020-04-11,"daily_deaths",6,6,6,7,7,8,8,8
"Wisconsin","return_normal","Past",2020-04-11,"daily_deaths",6,6,6,7,7,8,8,8
"Wisconsin","status_quo","Past",2020-04-11,"daily_deaths",6,6,6,7,7,8,8,8
"Wisconsin","linear_increase_sd","Past",2020-04-11,"daily_hosps",24,24,24,25,24,26,26,26
"Wisconsin","return_normal","Past",2020-04-11,"daily_hosps",24,24,24,25,24,26,26,26
"Wisconsin","status_quo","Past",2020-04-11,"daily_hosps",24,24,24,25,24,26,26,26
"Wisconsin","linear_increase_sd","Past",2020-04-11,"latent_trend",NA,NA,NA,0.481595911864613,NA,NA,NA,NA
"Wisconsin","return_normal","Past",2020-04-11,"latent_trend",NA,NA,NA,0.481595911864613,NA,NA,NA,NA
"Wisconsin","status_quo","Past",2020-04-11,"latent_trend",NA,NA,NA,0.481595911864613,NA,NA,NA,NA
"Wisconsin","linear_increase_sd","Past",2020-04-11,"mobility_trend",NA,NA,NA,0.605271450335344,NA,NA,NA,NA
"Wisconsin","return_normal","Past",2020-04-11,"mobility_trend",NA,NA,NA,0.605271450335344,NA,NA,NA,NA
"Wisconsin","status_quo","Past",2020-04-11,"mobility_trend",NA,NA,NA,0.605271450335344,NA,NA,NA,NA
"Wisconsin",NA,"Past",2020-04-12,"actual_cumulative_cases",NA,NA,NA,3963,NA,NA,NA,NA
"Wisconsin",NA,"Past",2020-04-12,"actual_cumulative_deaths",NA,NA,NA,141,NA,NA,NA,NA
"Wisconsin",NA,"Past",2020-04-12,"actual_daily_cases",NA,NA,NA,142,NA,NA,NA,NA
"Wisconsin",NA,"Past",2020-04-12,"actual_daily_deaths",NA,NA,NA,7,NA,NA,NA,NA
"Wisconsin","linear_increase_sd","Past",2020-04-12,"combined_trend",NA,NA,NA,0.30762656692776,NA,NA,NA,NA
"Wisconsin","return_normal","Past",2020-04-12,"combined_trend",NA,NA,NA,0.30762656692776,NA,NA,NA,NA
"Wisconsin","status_quo","Past",2020-04-12,"combined_trend",NA,NA,NA,0.30762656692776,NA,NA,NA,NA
"Wisconsin","linear_increase_sd","Past",2020-04-12,"cumulative_all_infections",21065,21065,21065,21626,21254,22991,22991,22991
"Wisconsin","return_normal","Past",2020-04-12,"cumulative_all_infections",21065,21065,21065,21626,21254,22991,22991,22991
"Wisconsin","status_quo","Past",2020-04-12,"cumulative_all_infections",21065,21065,21065,21626,21254,22991,22991,22991
"Wisconsin","linear_increase_sd","Past",2020-04-12,"cumulative_cases",3922,3922,3922,4057,4016,4276,4276,4276
"Wisconsin","return_normal","Past",2020-04-12,"cumulative_cases",3922,3922,3922,4057,4016,4276,4276,4276
"Wisconsin","status_quo","Past",2020-04-12,"cumulative_cases",3922,3922,3922,4057,4016,4276,4276,4276
"Wisconsin","linear_increase_sd","Past",2020-04-12,"cumulative_deaths",93,93,93,99,99,103,103,103
"Wisconsin","return_normal","Past",2020-04-12,"cumulative_deaths",93,93,93,99,99,103,103,103
"Wisconsin","status_quo","Past",2020-04-12,"cumulative_deaths",93,93,93,99,99,103,103,103
"Wisconsin","linear_increase_sd","Past",2020-04-12,"cumulative_hosps",384,384,384,395,390,413,413,413
"Wisconsin","return_normal","Past",2020-04-12,"cumulative_hosps",384,384,384,395,390,413,413,413
"Wisconsin","status_quo","Past",2020-04-12,"cumulative_hosps",384,384,384,395,390,413,413,413
"Wisconsin","linear_increase_sd","Past",2020-04-12,"daily_all_infections",630,630,630,666,667,726,726,726
"Wisconsin","return_normal","Past",2020-04-12,"daily_all_infections",630,630,630,666,667,726,726,726
"Wisconsin","status_quo","Past",2020-04-12,"daily_all_infections",630,630,630,666,667,726,726,726
"Wisconsin","linear_increase_sd","Past",2020-04-12,"daily_cases",170,170,170,185,185,202,202,202
"Wisconsin","return_normal","Past",2020-04-12,"daily_cases",170,170,170,185,185,202,202,202
"Wisconsin","status_quo","Past",2020-04-12,"daily_cases",170,170,170,185,185,202,202,202
"Wisconsin","linear_increase_sd","Past",2020-04-12,"daily_deaths",6,6,6,7,7,8,8,8
"Wisconsin","return_normal","Past",2020-04-12,"daily_deaths",6,6,6,7,7,8,8,8
"Wisconsin","status_quo","Past",2020-04-12,"daily_deaths",6,6,6,7,7,8,8,8
"Wisconsin","linear_increase_sd","Past",2020-04-12,"daily_hosps",23,23,23,25,24,26,26,26
"Wisconsin","return_normal","Past",2020-04-12,"daily_hosps",23,23,23,25,24,26,26,26
"Wisconsin","status_quo","Past",2020-04-12,"daily_hosps",23,23,23,25,24,26,26,26
"Wisconsin","linear_increase_sd","Past",2020-04-12,"latent_trend",NA,NA,NA,0.506686045274967,NA,NA,NA,NA
"Wisconsin","return_normal","Past",2020-04-12,"latent_trend",NA,NA,NA,0.506686045274967,NA,NA,NA,NA
"Wisconsin","status_quo","Past",2020-04-12,"latent_trend",NA,NA,NA,0.506686045274967,NA,NA,NA,NA
"Wisconsin","linear_increase_sd","Past",2020-04-12,"mobility_trend",NA,NA,NA,0.607134476657667,NA,NA,NA,NA
"Wisconsin","return_normal","Past",2020-04-12,"mobility_trend",NA,NA,NA,0.607134476657667,NA,NA,NA,NA
"Wisconsin","status_quo","Past",2020-04-12,"mobility_trend",NA,NA,NA,0.607134476657667,NA,NA,NA,NA
"Wisconsin",NA,"Past",2020-04-13,"actual_cumulative_cases",NA,NA,NA,4079,NA,NA,NA,NA
"Wisconsin",NA,"Past",2020-04-13,"actual_cumulative_deaths",NA,NA,NA,151,NA,NA,NA,NA
"Wisconsin",NA,"Past",2020-04-13,"actual_daily_cases",NA,NA,NA,116,NA,NA,NA,NA
"Wisconsin",NA,"Past",2020-04-13,"actual_daily_deaths",NA,NA,NA,10,NA,NA,NA,NA
"Wisconsin","linear_increase_sd","Past",2020-04-13,"combined_trend",NA,NA,NA,0.325943673548184,NA,NA,NA,NA
"Wisconsin","return_normal","Past",2020-04-13,"combined_trend",NA,NA,NA,0.325943673548184,NA,NA,NA,NA
"Wisconsin","status_quo","Past",2020-04-13,"combined_trend",NA,NA,NA,0.325943673548184,NA,NA,NA,NA
"Wisconsin","linear_increase_sd","Past",2020-04-13,"cumulative_all_infections",21722,21722,21722,22314,21938,23741,23741,23741
"Wisconsin","return_normal","Past",2020-04-13,"cumulative_all_infections",21722,21722,21722,22314,21938,23741,23741,23741
"Wisconsin","status_quo","Past",2020-04-13,"cumulative_all_infections",21722,21722,21722,22314,21938,23741,23741,23741
"Wisconsin","linear_increase_sd","Past",2020-04-13,"cumulative_cases",4098,4098,4098,4237,4187,4468,4468,4468
"Wisconsin","return_normal","Past",2020-04-13,"cumulative_cases",4098,4098,4098,4237,4187,4468,4468,4468
"Wisconsin","status_quo","Past",2020-04-13,"cumulative_cases",4098,4098,4098,4237,4187,4468,4468,4468
"Wisconsin","linear_increase_sd","Past",2020-04-13,"cumulative_deaths",100,100,100,106,106,110,110,110
"Wisconsin","return_normal","Past",2020-04-13,"cumulative_deaths",100,100,100,106,106,110,110,110
"Wisconsin","status_quo","Past",2020-04-13,"cumulative_deaths",100,100,100,106,106,110,110,110
"Wisconsin","linear_increase_sd","Past",2020-04-13,"cumulative_hosps",407,407,407,418,414,437,437,437
"Wisconsin","return_normal","Past",2020-04-13,"cumulative_hosps",407,407,407,418,414,437,437,437
"Wisconsin","status_quo","Past",2020-04-13,"cumulative_hosps",407,407,407,418,414,437,437,437
"Wisconsin","linear_increase_sd","Past",2020-04-13,"daily_all_infections",651,651,651,688,684,750,750,750
"Wisconsin","return_normal","Past",2020-04-13,"daily_all_infections",651,651,651,688,684,750,750,750
"Wisconsin","status_quo","Past",2020-04-13,"daily_all_infections",651,651,651,688,684,750,750,750
"Wisconsin","linear_increase_sd","Past",2020-04-13,"daily_cases",171,171,171,180,176,192,192,192
"Wisconsin","return_normal","Past",2020-04-13,"daily_cases",171,171,171,180,176,192,192,192
"Wisconsin","status_quo","Past",2020-04-13,"daily_cases",171,171,171,180,176,192,192,192
"Wisconsin","linear_increase_sd","Past",2020-04-13,"daily_deaths",7,7,7,7,7,7,7,7
"Wisconsin","return_normal","Past",2020-04-13,"daily_deaths",7,7,7,7,7,7,7,7
"Wisconsin","status_quo","Past",2020-04-13,"daily_deaths",7,7,7,7,7,7,7,7
"Wisconsin","linear_increase_sd","Past",2020-04-13,"daily_hosps",23,23,23,24,24,24,24,24
"Wisconsin","return_normal","Past",2020-04-13,"daily_hosps",23,23,23,24,24,24,24,24
"Wisconsin","status_quo","Past",2020-04-13,"daily_hosps",23,23,23,24,24,24,24,24
"Wisconsin","linear_increase_sd","Past",2020-04-13,"latent_trend",NA,NA,NA,0.534592025210124,NA,NA,NA,NA
"Wisconsin","return_normal","Past",2020-04-13,"latent_trend",NA,NA,NA,0.534592025210124,NA,NA,NA,NA
"Wisconsin","status_quo","Past",2020-04-13,"latent_trend",NA,NA,NA,0.534592025210124,NA,NA,NA,NA
"Wisconsin","linear_increase_sd","Past",2020-04-13,"mobility_trend",NA,NA,NA,0.609705454210751,NA,NA,NA,NA
"Wisconsin","return_normal","Past",2020-04-13,"mobility_trend",NA,NA,NA,0.609705454210751,NA,NA,NA,NA
"Wisconsin","status_quo","Past",2020-04-13,"mobility_trend",NA,NA,NA,0.609705454210751,NA,NA,NA,NA
"Wisconsin",NA,"Past",2020-04-14,"actual_cumulative_cases",NA,NA,NA,4245,NA,NA,NA,NA
"Wisconsin",NA,"Past",2020-04-14,"actual_cumulative_deaths",NA,NA,NA,167,NA,NA,NA,NA
"Wisconsin",NA,"Past",2020-04-14,"actual_daily_cases",NA,NA,NA,166,NA,NA,NA,NA
"Wisconsin",NA,"Past",2020-04-14,"actual_daily_deaths",NA,NA,NA,16,NA,NA,NA,NA
"Wisconsin","linear_increase_sd","Past",2020-04-14,"combined_trend",NA,NA,NA,0.345510151221082,NA,NA,NA,NA
"Wisconsin","return_normal","Past",2020-04-14,"combined_trend",NA,NA,NA,0.345510151221082,NA,NA,NA,NA
"Wisconsin","status_quo","Past",2020-04-14,"combined_trend",NA,NA,NA,0.345510151221082,NA,NA,NA,NA
"Wisconsin","linear_increase_sd","Past",2020-04-14,"cumulative_all_infections",22412,22412,22412,23031,22648,24510,24510,24510
"Wisconsin","return_normal","Past",2020-04-14,"cumulative_all_infections",22412,22412,22412,23031,22648,24510,24510,24510
"Wisconsin","status_quo","Past",2020-04-14,"cumulative_all_infections",22412,22412,22412,23031,22648,24510,24510,24510
"Wisconsin","linear_increase_sd","Past",2020-04-14,"cumulative_cases",4273,4273,4273,4413,4357,4666,4666,4666
"Wisconsin","return_normal","Past",2020-04-14,"cumulative_cases",4273,4273,4273,4413,4357,4666,4666,4666
"Wisconsin","status_quo","Past",2020-04-14,"cumulative_cases",4273,4273,4273,4413,4357,4666,4666,4666
"Wisconsin","linear_increase_sd","Past",2020-04-14,"cumulative_deaths",106,106,106,112,113,117,117,117
"Wisconsin","return_normal","Past",2020-04-14,"cumulative_deaths",106,106,106,112,113,117,117,117
"Wisconsin","status_quo","Past",2020-04-14,"cumulative_deaths",106,106,106,112,113,117,117,117
"Wisconsin","linear_increase_sd","Past",2020-04-14,"cumulative_hosps",430,430,430,441,436,462,462,462
"Wisconsin","return_normal","Past",2020-04-14,"cumulative_hosps",430,430,430,441,436,462,462,462
"Wisconsin","status_quo","Past",2020-04-14,"cumulative_hosps",430,430,430,441,436,462,462,462
"Wisconsin","linear_increase_sd","Past",2020-04-14,"daily_all_infections",687,687,687,717,710,769,769,769
"Wisconsin","return_normal","Past",2020-04-14,"daily_all_infections",687,687,687,717,710,769,769,769
"Wisconsin","status_quo","Past",2020-04-14,"daily_all_infections",687,687,687,717,710,769,769,769
"Wisconsin","linear_increase_sd","Past",2020-04-14,"daily_cases",162,162,162,176,173,198,198,198
"Wisconsin","return_normal","Past",2020-04-14,"daily_cases",162,162,162,176,173,198,198,198
"Wisconsin","status_quo","Past",2020-04-14,"daily_cases",162,162,162,176,173,198,198,198
"Wisconsin","linear_increase_sd","Past",2020-04-14,"daily_deaths",6,6,6,7,7,7,7,7
"Wisconsin","return_normal","Past",2020-04-14,"daily_deaths",6,6,6,7,7,7,7,7
"Wisconsin","status_quo","Past",2020-04-14,"daily_deaths",6,6,6,7,7,7,7,7
"Wisconsin","linear_increase_sd","Past",2020-04-14,"daily_hosps",22,22,22,24,23,25,25,25
"Wisconsin","return_normal","Past",2020-04-14,"daily_hosps",22,22,22,24,23,25,25,25
"Wisconsin","status_quo","Past",2020-04-14,"daily_hosps",22,22,22,24,23,25,25,25
"Wisconsin","linear_increase_sd","Past",2020-04-14,"latent_trend",NA,NA,NA,0.563980788253854,NA,NA,NA,NA
"Wisconsin","return_normal","Past",2020-04-14,"latent_trend",NA,NA,NA,0.563980788253854,NA,NA,NA,NA
"Wisconsin","status_quo","Past",2020-04-14,"latent_trend",NA,NA,NA,0.563980788253854,NA,NA,NA,NA
"Wisconsin","linear_increase_sd","Past",2020-04-14,"mobility_trend",NA,NA,NA,0.612627519265007,NA,NA,NA,NA
"Wisconsin","return_normal","Past",2020-04-14,"mobility_trend",NA,NA,NA,0.612627519265007,NA,NA,NA,NA
"Wisconsin","status_quo","Past",2020-04-14,"mobility_trend",NA,NA,NA,0.612627519265007,NA,NA,NA,NA
"Wisconsin",NA,"Past",2020-04-15,"actual_cumulative_cases",NA,NA,NA,4452,NA,NA,NA,NA
"Wisconsin",NA,"Past",2020-04-15,"actual_cumulative_deaths",NA,NA,NA,179,NA,NA,NA,NA
"Wisconsin",NA,"Past",2020-04-15,"actual_daily_cases",NA,NA,NA,207,NA,NA,NA,NA
"Wisconsin",NA,"Past",2020-04-15,"actual_daily_deaths",NA,NA,NA,12,NA,NA,NA,NA
"Wisconsin","linear_increase_sd","Past",2020-04-15,"combined_trend",NA,NA,NA,0.365287718249971,NA,NA,NA,NA
"Wisconsin","return_normal","Past",2020-04-15,"combined_trend",NA,NA,NA,0.365287718249971,NA,NA,NA,NA
"Wisconsin","status_quo","Past",2020-04-15,"combined_trend",NA,NA,NA,0.365287718249971,NA,NA,NA,NA
"Wisconsin","linear_increase_sd","Past",2020-04-15,"cumulative_all_infections",23126,23126,23126,23775,23384,25302,25302,25302
"Wisconsin","return_normal","Past",2020-04-15,"cumulative_all_infections",23126,23126,23126,23775,23384,25302,25302,25302
"Wisconsin","status_quo","Past",2020-04-15,"cumulative_all_infections",23126,23126,23126,23775,23384,25302,25302,25302
"Wisconsin","linear_increase_sd","Past",2020-04-15,"cumulative_cases",4446,4446,4446,4597,4544,4875,4875,4875
"Wisconsin","return_normal","Past",2020-04-15,"cumulative_cases",4446,4446,4446,4597,4544,4875,4875,4875
"Wisconsin","status_quo","Past",2020-04-15,"cumulative_cases",4446,4446,4446,4597,4544,4875,4875,4875
"Wisconsin","linear_increase_sd","Past",2020-04-15,"cumulative_deaths",112,112,112,119,119,125,125,125
"Wisconsin","return_normal","Past",2020-04-15,"cumulative_deaths",112,112,112,119,119,125,125,125
"Wisconsin","status_quo","Past",2020-04-15,"cumulative_deaths",112,112,112,119,119,125,125,125
"Wisconsin","linear_increase_sd","Past",2020-04-15,"cumulative_hosps",452,452,452,464,459,486,486,486
"Wisconsin","return_normal","Past",2020-04-15,"cumulative_hosps",452,452,452,464,459,486,486,486
"Wisconsin","status_quo","Past",2020-04-15,"cumulative_hosps",452,452,452,464,459,486,486,486
"Wisconsin","linear_increase_sd","Past",2020-04-15,"daily_all_infections",714,714,714,745,736,792,792,792
"Wisconsin","return_normal","Past",2020-04-15,"daily_all_infections",714,714,714,745,736,792,792,792
"Wisconsin","status_quo","Past",2020-04-15,"daily_all_infections",714,714,714,745,736,792,792,792
"Wisconsin","linear_increase_sd","Past",2020-04-15,"daily_cases",171,171,171,185,181,209,209,209
"Wisconsin","return_normal","Past",2020-04-15,"daily_cases",171,171,171,185,181,209,209,209
"Wisconsin","status_quo","Past",2020-04-15,"daily_cases",171,171,171,185,181,209,209,209
"Wisconsin","linear_increase_sd","Past",2020-04-15,"daily_deaths",6,6,6,7,6,8,8,8
"Wisconsin","return_normal","Past",2020-04-15,"daily_deaths",6,6,6,7,6,8,8,8
"Wisconsin","status_quo","Past",2020-04-15,"daily_deaths",6,6,6,7,6,8,8,8
"Wisconsin","linear_increase_sd","Past",2020-04-15,"daily_hosps",21,21,21,23,22,24,24,24
"Wisconsin","return_normal","Past",2020-04-15,"daily_hosps",21,21,21,23,22,24,24,24
"Wisconsin","status_quo","Past",2020-04-15,"daily_hosps",21,21,21,23,22,24,24,24
"Wisconsin","linear_increase_sd","Past",2020-04-15,"latent_trend",NA,NA,NA,0.593494684308774,NA,NA,NA,NA
"Wisconsin","return_normal","Past",2020-04-15,"latent_trend",NA,NA,NA,0.593494684308774,NA,NA,NA,NA
"Wisconsin","status_quo","Past",2020-04-15,"latent_trend",NA,NA,NA,0.593494684308774,NA,NA,NA,NA
"Wisconsin","linear_increase_sd","Past",2020-04-15,"mobility_trend",NA,NA,NA,0.615486082534018,NA,NA,NA,NA
"Wisconsin","return_normal","Past",2020-04-15,"mobility_trend",NA,NA,NA,0.615486082534018,NA,NA,NA,NA
"Wisconsin","status_quo","Past",2020-04-15,"mobility_trend",NA,NA,NA,0.615486082534018,NA,NA,NA,NA
"Wisconsin",NA,"Past",2020-04-16,"actual_cumulative_cases",NA,NA,NA,4635,NA,NA,NA,NA
"Wisconsin",NA,"Past",2020-04-16,"actual_cumulative_deaths",NA,NA,NA,194,NA,NA,NA,NA
"Wisconsin",NA,"Past",2020-04-16,"actual_daily_cases",NA,NA,NA,183,NA,NA,NA,NA
"Wisconsin",NA,"Past",2020-04-16,"actual_daily_deaths",NA,NA,NA,15,NA,NA,NA,NA
"Wisconsin","linear_increase_sd","Past",2020-04-16,"combined_trend",NA,NA,NA,0.384341981231595,NA,NA,NA,NA
"Wisconsin","return_normal","Past",2020-04-16,"combined_trend",NA,NA,NA,0.384341981231595,NA,NA,NA,NA
"Wisconsin","status_quo","Past",2020-04-16,"combined_trend",NA,NA,NA,0.384341981231595,NA,NA,NA,NA
"Wisconsin","linear_increase_sd","Past",2020-04-16,"cumulative_all_infections",23878,23878,23878,24557,24160,26128,26128,26128
"Wisconsin","return_normal","Past",2020-04-16,"cumulative_all_infections",23878,23878,23878,24557,24160,26128,26128,26128
"Wisconsin","status_quo","Past",2020-04-16,"cumulative_all_infections",23878,23878,23878,24557,24160,26128,26128,26128
"Wisconsin","linear_increase_sd","Past",2020-04-16,"cumulative_cases",4624,4624,4624,4781,4723,5077,5077,5077
"Wisconsin","return_normal","Past",2020-04-16,"cumulative_cases",4624,4624,4624,4781,4723,5077,5077,5077
"Wisconsin","status_quo","Past",2020-04-16,"cumulative_cases",4624,4624,4624,4781,4723,5077,5077,5077
"Wisconsin","linear_increase_sd","Past",2020-04-16,"cumulative_deaths",120,120,120,127,126,133,133,133
"Wisconsin","return_normal","Past",2020-04-16,"cumulative_deaths",120,120,120,127,126,133,133,133
"Wisconsin","status_quo","Past",2020-04-16,"cumulative_deaths",120,120,120,127,126,133,133,133
"Wisconsin","linear_increase_sd","Past",2020-04-16,"cumulative_hosps",474,474,474,486,481,509,509,509
"Wisconsin","return_normal","Past",2020-04-16,"cumulative_hosps",474,474,474,486,481,509,509,509
"Wisconsin","status_quo","Past",2020-04-16,"cumulative_hosps",474,474,474,486,481,509,509,509
"Wisconsin","linear_increase_sd","Past",2020-04-16,"daily_all_infections",752,752,752,783,776,826,826,826
"Wisconsin","return_normal","Past",2020-04-16,"daily_all_infections",752,752,752,783,776,826,826,826
"Wisconsin","status_quo","Past",2020-04-16,"daily_all_infections",752,752,752,783,776,826,826,826
"Wisconsin","linear_increase_sd","Past",2020-04-16,"daily_cases",178,178,178,185,179,202,202,202
"Wisconsin","return_normal","Past",2020-04-16,"daily_cases",178,178,178,185,179,202,202,202
"Wisconsin","status_quo","Past",2020-04-16,"daily_cases",178,178,178,185,179,202,202,202
"Wisconsin","linear_increase_sd","Past",2020-04-16,"daily_deaths",7,7,7,8,8,8,8,8
"Wisconsin","return_normal","Past",2020-04-16,"daily_deaths",7,7,7,8,8,8,8,8
"Wisconsin","status_quo","Past",2020-04-16,"daily_deaths",7,7,7,8,8,8,8,8
"Wisconsin","linear_increase_sd","Past",2020-04-16,"daily_hosps",22,22,22,23,22,23,23,23
"Wisconsin","return_normal","Past",2020-04-16,"daily_hosps",22,22,22,23,22,23,23,23
"Wisconsin","status_quo","Past",2020-04-16,"daily_hosps",22,22,22,23,22,23,23,23
"Wisconsin","linear_increase_sd","Past",2020-04-16,"latent_trend",NA,NA,NA,0.621832593866993,NA,NA,NA,NA
"Wisconsin","return_normal","Past",2020-04-16,"latent_trend",NA,NA,NA,0.621832593866993,NA,NA,NA,NA
"Wisconsin","status_quo","Past",2020-04-16,"latent_trend",NA,NA,NA,0.621832593866993,NA,NA,NA,NA
"Wisconsin","linear_increase_sd","Past",2020-04-16,"mobility_trend",NA,NA,NA,0.618079504069553,NA,NA,NA,NA
"Wisconsin","return_normal","Past",2020-04-16,"mobility_trend",NA,NA,NA,0.618079504069553,NA,NA,NA,NA
"Wisconsin","status_quo","Past",2020-04-16,"mobility_trend",NA,NA,NA,0.618079504069553,NA,NA,NA,NA
"Wisconsin",NA,"Past",2020-04-17,"actual_cumulative_cases",NA,NA,NA,4838,NA,NA,NA,NA
"Wisconsin",NA,"Past",2020-04-17,"actual_cumulative_deaths",NA,NA,NA,202,NA,NA,NA,NA
"Wisconsin",NA,"Past",2020-04-17,"actual_daily_cases",NA,NA,NA,203,NA,NA,NA,NA
"Wisconsin",NA,"Past",2020-04-17,"actual_daily_deaths",NA,NA,NA,8,NA,NA,NA,NA
"Wisconsin","linear_increase_sd","Past",2020-04-17,"combined_trend",NA,NA,NA,0.401849081206449,NA,NA,NA,NA
"Wisconsin","return_normal","Past",2020-04-17,"combined_trend",NA,NA,NA,0.401849081206449,NA,NA,NA,NA
"Wisconsin","status_quo","Past",2020-04-17,"combined_trend",NA,NA,NA,0.401849081206449,NA,NA,NA,NA
"Wisconsin","linear_increase_sd","Past",2020-04-17,"cumulative_all_infections",24669,24669,24669,25379,24972,26985,26985,26985
"Wisconsin","return_normal","Past",2020-04-17,"cumulative_all_infections",24669,24669,24669,25379,24972,26985,26985,26985
"Wisconsin","status_quo","Past",2020-04-17,"cumulative_all_infections",24669,24669,24669,25379,24972,26985,26985,26985
"Wisconsin","linear_increase_sd","Past",2020-04-17,"cumulative_cases",4808,4808,4808,4972,4912,5282,5282,5282
"Wisconsin","return_normal","Past",2020-04-17,"cumulative_cases",4808,4808,4808,4972,4912,5282,5282,5282
"Wisconsin","status_quo","Past",2020-04-17,"cumulative_cases",4808,4808,4808,4972,4912,5282,5282,5282
"Wisconsin","linear_increase_sd","Past",2020-04-17,"cumulative_deaths",126,126,126,133,133,141,141,141
"Wisconsin","return_normal","Past",2020-04-17,"cumulative_deaths",126,126,126,133,133,141,141,141
"Wisconsin","status_quo","Past",2020-04-17,"cumulative_deaths",126,126,126,133,133,141,141,141
"Wisconsin","linear_increase_sd","Past",2020-04-17,"cumulative_hosps",496,496,496,508,502,533,533,533
"Wisconsin","return_normal","Past",2020-04-17,"cumulative_hosps",496,496,496,508,502,533,533,533
"Wisconsin","status_quo","Past",2020-04-17,"cumulative_hosps",496,496,496,508,502,533,533,533
"Wisconsin","linear_increase_sd","Past",2020-04-17,"daily_all_infections",791,791,791,822,812,857,857,857
"Wisconsin","return_normal","Past",2020-04-17,"daily_all_infections",791,791,791,822,812,857,857,857
"Wisconsin","status_quo","Past",2020-04-17,"daily_all_infections",791,791,791,822,812,857,857,857
"Wisconsin","linear_increase_sd","Past",2020-04-17,"daily_cases",183,183,183,191,189,205,205,205
"Wisconsin","return_normal","Past",2020-04-17,"daily_cases",183,183,183,191,189,205,205,205
"Wisconsin","status_quo","Past",2020-04-17,"daily_cases",183,183,183,191,189,205,205,205
"Wisconsin","linear_increase_sd","Past",2020-04-17,"daily_deaths",6,6,6,7,7,8,8,8
"Wisconsin","return_normal","Past",2020-04-17,"daily_deaths",6,6,6,7,7,8,8,8
"Wisconsin","status_quo","Past",2020-04-17,"daily_deaths",6,6,6,7,7,8,8,8
"Wisconsin","linear_increase_sd","Past",2020-04-17,"daily_hosps",21,21,21,23,22,24,24,24
"Wisconsin","return_normal","Past",2020-04-17,"daily_hosps",21,21,21,23,22,24,24,24
"Wisconsin","status_quo","Past",2020-04-17,"daily_hosps",21,21,21,23,22,24,24,24
"Wisconsin","linear_increase_sd","Past",2020-04-17,"latent_trend",NA,NA,NA,0.647825434206584,NA,NA,NA,NA
"Wisconsin","return_normal","Past",2020-04-17,"latent_trend",NA,NA,NA,0.647825434206584,NA,NA,NA,NA
"Wisconsin","status_quo","Past",2020-04-17,"latent_trend",NA,NA,NA,0.647825434206584,NA,NA,NA,NA
"Wisconsin","linear_increase_sd","Past",2020-04-17,"mobility_trend",NA,NA,NA,0.620304575874839,NA,NA,NA,NA
"Wisconsin","return_normal","Past",2020-04-17,"mobility_trend",NA,NA,NA,0.620304575874839,NA,NA,NA,NA
"Wisconsin","status_quo","Past",2020-04-17,"mobility_trend",NA,NA,NA,0.620304575874839,NA,NA,NA,NA
"Wisconsin",NA,"Past",2020-04-18,"actual_cumulative_cases",NA,NA,NA,5012,NA,NA,NA,NA
"Wisconsin",NA,"Past",2020-04-18,"actual_cumulative_deaths",NA,NA,NA,208,NA,NA,NA,NA
"Wisconsin",NA,"Past",2020-04-18,"actual_daily_cases",NA,NA,NA,174,NA,NA,NA,NA
"Wisconsin",NA,"Past",2020-04-18,"actual_daily_deaths",NA,NA,NA,6,NA,NA,NA,NA
"Wisconsin","linear_increase_sd","Past",2020-04-18,"combined_trend",NA,NA,NA,0.417199788772856,NA,NA,NA,NA
"Wisconsin","return_normal","Past",2020-04-18,"combined_trend",NA,NA,NA,0.417199788772856,NA,NA,NA,NA
"Wisconsin","status_quo","Past",2020-04-18,"combined_trend",NA,NA,NA,0.417199788772856,NA,NA,NA,NA
"Wisconsin","linear_increase_sd","Past",2020-04-18,"cumulative_all_infections",25494,25494,25494,26239,25826,27881,27881,27881
"Wisconsin","return_normal","Past",2020-04-18,"cumulative_all_infections",25494,25494,25494,26239,25826,27881,27881,27881
"Wisconsin","status_quo","Past",2020-04-18,"cumulative_all_infections",25494,25494,25494,26239,25826,27881,27881,27881
"Wisconsin","linear_increase_sd","Past",2020-04-18,"cumulative_cases",4991,4991,4991,5164,5104,5501,5501,5501
"Wisconsin","return_normal","Past",2020-04-18,"cumulative_cases",4991,4991,4991,5164,5104,5501,5501,5501
"Wisconsin","status_quo","Past",2020-04-18,"cumulative_cases",4991,4991,4991,5164,5104,5501,5501,5501
"Wisconsin","linear_increase_sd","Past",2020-04-18,"cumulative_deaths",132,132,132,140,139,149,149,149
"Wisconsin","return_normal","Past",2020-04-18,"cumulative_deaths",132,132,132,140,139,149,149,149
"Wisconsin","status_quo","Past",2020-04-18,"cumulative_deaths",132,132,132,140,139,149,149,149
"Wisconsin","linear_increase_sd","Past",2020-04-18,"cumulative_hosps",518,518,518,531,524,557,557,557
"Wisconsin","return_normal","Past",2020-04-18,"cumulative_hosps",518,518,518,531,524,557,557,557
"Wisconsin","status_quo","Past",2020-04-18,"cumulative_hosps",518,518,518,531,524,557,557,557
"Wisconsin","linear_increase_sd","Past",2020-04-18,"daily_all_infections",825,825,825,861,854,896,896,896
"Wisconsin","return_normal","Past",2020-04-18,"daily_all_infections",825,825,825,861,854,896,896,896
"Wisconsin","status_quo","Past",2020-04-18,"daily_all_infections",825,825,825,861,854,896,896,896
"Wisconsin","linear_increase_sd","Past",2020-04-18,"daily_cases",183,183,183,193,187,219,219,219
"Wisconsin","return_normal","Past",2020-04-18,"daily_cases",183,183,183,193,187,219,219,219
"Wisconsin","status_quo","Past",2020-04-18,"daily_cases",183,183,183,193,187,219,219,219
"Wisconsin","linear_increase_sd","Past",2020-04-18,"daily_deaths",6,6,6,7,6,8,8,8
"Wisconsin","return_normal","Past",2020-04-18,"daily_deaths",6,6,6,7,6,8,8,8
"Wisconsin","status_quo","Past",2020-04-18,"daily_deaths",6,6,6,7,6,8,8,8
"Wisconsin","linear_increase_sd","Past",2020-04-18,"daily_hosps",21,21,21,23,22,24,24,24
"Wisconsin","return_normal","Past",2020-04-18,"daily_hosps",21,21,21,23,22,24,24,24
"Wisconsin","status_quo","Past",2020-04-18,"daily_hosps",21,21,21,23,22,24,24,24
"Wisconsin","linear_increase_sd","Past",2020-04-18,"latent_trend",NA,NA,NA,0.670481723251588,NA,NA,NA,NA
"Wisconsin","return_normal","Past",2020-04-18,"latent_trend",NA,NA,NA,0.670481723251588,NA,NA,NA,NA
"Wisconsin","status_quo","Past",2020-04-18,"latent_trend",NA,NA,NA,0.670481723251588,NA,NA,NA,NA
"Wisconsin","linear_increase_sd","Past",2020-04-18,"mobility_trend",NA,NA,NA,0.62223886842074,NA,NA,NA,NA
"Wisconsin","return_normal","Past",2020-04-18,"mobility_trend",NA,NA,NA,0.62223886842074,NA,NA,NA,NA
"Wisconsin","status_quo","Past",2020-04-18,"mobility_trend",NA,NA,NA,0.62223886842074,NA,NA,NA,NA
"Wisconsin",NA,"Past",2020-04-19,"actual_cumulative_cases",NA,NA,NA,5175,NA,NA,NA,NA
"Wisconsin",NA,"Past",2020-04-19,"actual_cumulative_deaths",NA,NA,NA,217,NA,NA,NA,NA
"Wisconsin",NA,"Past",2020-04-19,"actual_daily_cases",NA,NA,NA,163,NA,NA,NA,NA
"Wisconsin",NA,"Past",2020-04-19,"actual_daily_deaths",NA,NA,NA,9,NA,NA,NA,NA
"Wisconsin","linear_increase_sd","Past",2020-04-19,"combined_trend",NA,NA,NA,0.429932715760296,NA,NA,NA,NA
"Wisconsin","return_normal","Past",2020-04-19,"combined_trend",NA,NA,NA,0.429932715760296,NA,NA,NA,NA
"Wisconsin","status_quo","Past",2020-04-19,"combined_trend",NA,NA,NA,0.429932715760296,NA,NA,NA,NA
"Wisconsin","linear_increase_sd","Past",2020-04-19,"cumulative_all_infections",26365,26365,26365,27144,26717,28811,28811,28811
"Wisconsin","return_normal","Past",2020-04-19,"cumulative_all_infections",26365,26365,26365,27144,26717,28811,28811,28811
"Wisconsin","status_quo","Past",2020-04-19,"cumulative_all_infections",26365,26365,26365,27144,26717,28811,28811,28811
"Wisconsin","linear_increase_sd","Past",2020-04-19,"cumulative_cases",5184,5184,5184,5365,5304,5711,5711,5711
"Wisconsin","return_normal","Past",2020-04-19,"cumulative_cases",5184,5184,5184,5365,5304,5711,5711,5711
"Wisconsin","status_quo","Past",2020-04-19,"cumulative_cases",5184,5184,5184,5365,5304,5711,5711,5711
"Wisconsin","linear_increase_sd","Past",2020-04-19,"cumulative_deaths",138,138,138,146,145,155,155,155
"Wisconsin","return_normal","Past",2020-04-19,"cumulative_deaths",138,138,138,146,145,155,155,155
"Wisconsin","status_quo","Past",2020-04-19,"cumulative_deaths",138,138,138,146,145,155,155,155
"Wisconsin","linear_increase_sd","Past",2020-04-19,"cumulative_hosps",539,539,539,552,545,581,581,581
"Wisconsin","return_normal","Past",2020-04-19,"cumulative_hosps",539,539,539,552,545,581,581,581
"Wisconsin","status_quo","Past",2020-04-19,"cumulative_hosps",539,539,539,552,545,581,581,581
"Wisconsin","linear_increase_sd","Past",2020-04-19,"daily_all_infections",871,871,871,905,895,934,934,934
"Wisconsin","return_normal","Past",2020-04-19,"daily_all_infections",871,871,871,905,895,934,934,934
"Wisconsin","status_quo","Past",2020-04-19,"daily_all_infections",871,871,871,905,895,934,934,934
"Wisconsin","linear_increase_sd","Past",2020-04-19,"daily_cases",193,193,193,201,200,210,210,210
"Wisconsin","return_normal","Past",2020-04-19,"daily_cases",193,193,193,201,200,210,210,210
"Wisconsin","status_quo","Past",2020-04-19,"daily_cases",193,193,193,201,200,210,210,210
"Wisconsin","linear_increase_sd","Past",2020-04-19,"daily_deaths",6,6,6,6,6,6,6,6
"Wisconsin","return_normal","Past",2020-04-19,"daily_deaths",6,6,6,6,6,6,6,6
"Wisconsin","status_quo","Past",2020-04-19,"daily_deaths",6,6,6,6,6,6,6,6
"Wisconsin","linear_increase_sd","Past",2020-04-19,"daily_hosps",21,21,21,22,21,24,24,24
"Wisconsin","return_normal","Past",2020-04-19,"daily_hosps",21,21,21,22,21,24,24,24
"Wisconsin","status_quo","Past",2020-04-19,"daily_hosps",21,21,21,22,21,24,24,24
"Wisconsin","linear_increase_sd","Past",2020-04-19,"latent_trend",NA,NA,NA,0.688989053966118,NA,NA,NA,NA
"Wisconsin","return_normal","Past",2020-04-19,"latent_trend",NA,NA,NA,0.688989053966118,NA,NA,NA,NA
"Wisconsin","status_quo","Past",2020-04-19,"latent_trend",NA,NA,NA,0.688989053966118,NA,NA,NA,NA
"Wisconsin","linear_increase_sd","Past",2020-04-19,"mobility_trend",NA,NA,NA,0.62400514679503,NA,NA,NA,NA
"Wisconsin","return_normal","Past",2020-04-19,"mobility_trend",NA,NA,NA,0.62400514679503,NA,NA,NA,NA
"Wisconsin","status_quo","Past",2020-04-19,"mobility_trend",NA,NA,NA,0.62400514679503,NA,NA,NA,NA
"Wisconsin",NA,"Past",2020-04-20,"actual_cumulative_cases",NA,NA,NA,5352,NA,NA,NA,NA
"Wisconsin",NA,"Past",2020-04-20,"actual_cumulative_deaths",NA,NA,NA,227,NA,NA,NA,NA
"Wisconsin",NA,"Past",2020-04-20,"actual_daily_cases",NA,NA,NA,177,NA,NA,NA,NA
"Wisconsin",NA,"Past",2020-04-20,"actual_daily_deaths",NA,NA,NA,10,NA,NA,NA,NA
"Wisconsin","linear_increase_sd","Past",2020-04-20,"combined_trend",NA,NA,NA,0.4396700517383,NA,NA,NA,NA
"Wisconsin","return_normal","Past",2020-04-20,"combined_trend",NA,NA,NA,0.4396700517383,NA,NA,NA,NA
"Wisconsin","status_quo","Past",2020-04-20,"combined_trend",NA,NA,NA,0.4396700517383,NA,NA,NA,NA
"Wisconsin","linear_increase_sd","Past",2020-04-20,"cumulative_all_infections",27277,27277,27277,28092,27657,29773,29773,29773
"Wisconsin","return_normal","Past",2020-04-20,"cumulative_all_infections",27277,27277,27277,28092,27657,29773,29773,29773
"Wisconsin","status_quo","Past",2020-04-20,"cumulative_all_infections",27277,27277,27277,28092,27657,29773,29773,29773
"Wisconsin","linear_increase_sd","Past",2020-04-20,"cumulative_cases",5380,5380,5380,5571,5515,5929,5929,5929
"Wisconsin","return_normal","Past",2020-04-20,"cumulative_cases",5380,5380,5380,5571,5515,5929,5929,5929
"Wisconsin","status_quo","Past",2020-04-20,"cumulative_cases",5380,5380,5380,5571,5515,5929,5929,5929
"Wisconsin","linear_increase_sd","Past",2020-04-20,"cumulative_deaths",144,144,144,152,151,161,161,161
"Wisconsin","return_normal","Past",2020-04-20,"cumulative_deaths",144,144,144,152,151,161,161,161
"Wisconsin","status_quo","Past",2020-04-20,"cumulative_deaths",144,144,144,152,151,161,161,161
"Wisconsin","linear_increase_sd","Past",2020-04-20,"cumulative_hosps",560,560,560,574,565,605,605,605
"Wisconsin","return_normal","Past",2020-04-20,"cumulative_hosps",560,560,560,574,565,605,605,605
"Wisconsin","status_quo","Past",2020-04-20,"cumulative_hosps",560,560,560,574,565,605,605,605
"Wisconsin","linear_increase_sd","Past",2020-04-20,"daily_all_infections",912,912,912,949,955,972,972,972
"Wisconsin","return_normal","Past",2020-04-20,"daily_all_infections",912,912,912,949,955,972,972,972
"Wisconsin","status_quo","Past",2020-04-20,"daily_all_infections",912,912,912,949,955,972,972,972
"Wisconsin","linear_increase_sd","Past",2020-04-20,"daily_cases",193,193,193,206,209,218,218,218
"Wisconsin","return_normal","Past",2020-04-20,"daily_cases",193,193,193,206,209,218,218,218
"Wisconsin","status_quo","Past",2020-04-20,"daily_cases",193,193,193,206,209,218,218,218
"Wisconsin","linear_increase_sd","Past",2020-04-20,"daily_deaths",6,6,6,6,6,6,6,6
"Wisconsin","return_normal","Past",2020-04-20,"daily_deaths",6,6,6,6,6,6,6,6
"Wisconsin","status_quo","Past",2020-04-20,"daily_deaths",6,6,6,6,6,6,6,6
"Wisconsin","linear_increase_sd","Past",2020-04-20,"daily_hosps",20,20,20,22,21,24,24,24
"Wisconsin","return_normal","Past",2020-04-20,"daily_hosps",20,20,20,22,21,24,24,24
"Wisconsin","status_quo","Past",2020-04-20,"daily_hosps",20,20,20,22,21,24,24,24
"Wisconsin","linear_increase_sd","Past",2020-04-20,"latent_trend",NA,NA,NA,0.702669968557513,NA,NA,NA,NA
"Wisconsin","return_normal","Past",2020-04-20,"latent_trend",NA,NA,NA,0.702669968557513,NA,NA,NA,NA
"Wisconsin","status_quo","Past",2020-04-20,"latent_trend",NA,NA,NA,0.702669968557513,NA,NA,NA,NA
"Wisconsin","linear_increase_sd","Past",2020-04-20,"mobility_trend",NA,NA,NA,0.625713452135835,NA,NA,NA,NA
"Wisconsin","return_normal","Past",2020-04-20,"mobility_trend",NA,NA,NA,0.625713452135835,NA,NA,NA,NA
"Wisconsin","status_quo","Past",2020-04-20,"mobility_trend",NA,NA,NA,0.625713452135835,NA,NA,NA,NA
"Wisconsin",NA,"Past",2020-04-21,"actual_cumulative_cases",NA,NA,NA,5508,NA,NA,NA,NA
"Wisconsin",NA,"Past",2020-04-21,"actual_cumulative_deaths",NA,NA,NA,239,NA,NA,NA,NA
"Wisconsin",NA,"Past",2020-04-21,"actual_daily_cases",NA,NA,NA,156,NA,NA,NA,NA
"Wisconsin",NA,"Past",2020-04-21,"actual_daily_deaths",NA,NA,NA,12,NA,NA,NA,NA
"Wisconsin","linear_increase_sd","Past",2020-04-21,"combined_trend",NA,NA,NA,0.446034928175909,NA,NA,NA,NA
"Wisconsin","return_normal","Past",2020-04-21,"combined_trend",NA,NA,NA,0.446034928175909,NA,NA,NA,NA
"Wisconsin","status_quo","Past",2020-04-21,"combined_trend",NA,NA,NA,0.446034928175909,NA,NA,NA,NA
"Wisconsin","linear_increase_sd","Past",2020-04-21,"cumulative_all_infections",28237,28237,28237,29084,28635,30777,30777,30777
"Wisconsin","return_normal","Past",2020-04-21,"cumulative_all_infections",28237,28237,28237,29084,28635,30777,30777,30777
"Wisconsin","status_quo","Past",2020-04-21,"cumulative_all_infections",28237,28237,28237,29084,28635,30777,30777,30777
"Wisconsin","linear_increase_sd","Past",2020-04-21,"cumulative_cases",5574,5574,5574,5782,5726,6153,6153,6153
"Wisconsin","return_normal","Past",2020-04-21,"cumulative_cases",5574,5574,5574,5782,5726,6153,6153,6153
"Wisconsin","status_quo","Past",2020-04-21,"cumulative_cases",5574,5574,5574,5782,5726,6153,6153,6153
"Wisconsin","linear_increase_sd","Past",2020-04-21,"cumulative_deaths",150,150,150,158,156,167,167,167
"Wisconsin","return_normal","Past",2020-04-21,"cumulative_deaths",150,150,150,158,156,167,167,167
"Wisconsin","status_quo","Past",2020-04-21,"cumulative_deaths",150,150,150,158,156,167,167,167
"Wisconsin","linear_increase_sd","Past",2020-04-21,"cumulative_hosps",581,581,581,596,586,629,629,629
"Wisconsin","return_normal","Past",2020-04-21,"cumulative_hosps",581,581,581,596,586,629,629,629
"Wisconsin","status_quo","Past",2020-04-21,"cumulative_hosps",581,581,581,596,586,629,629,629
"Wisconsin","linear_increase_sd","Past",2020-04-21,"daily_all_infections",960,960,960,992,996,1022,1022,1022
"Wisconsin","return_normal","Past",2020-04-21,"daily_all_infections",960,960,960,992,996,1022,1022,1022
"Wisconsin","status_quo","Past",2020-04-21,"daily_all_infections",960,960,960,992,996,1022,1022,1022
"Wisconsin","linear_increase_sd","Past",2020-04-21,"daily_cases",194,194,194,212,211,224,224,224
"Wisconsin","return_normal","Past",2020-04-21,"daily_cases",194,194,194,212,211,224,224,224
"Wisconsin","status_quo","Past",2020-04-21,"daily_cases",194,194,194,212,211,224,224,224
"Wisconsin","linear_increase_sd","Past",2020-04-21,"daily_deaths",5,5,5,6,6,6,6,6
"Wisconsin","return_normal","Past",2020-04-21,"daily_deaths",5,5,5,6,6,6,6,6
"Wisconsin","status_quo","Past",2020-04-21,"daily_deaths",5,5,5,6,6,6,6,6
"Wisconsin","linear_increase_sd","Past",2020-04-21,"daily_hosps",21,21,21,23,22,24,24,24
"Wisconsin","return_normal","Past",2020-04-21,"daily_hosps",21,21,21,23,22,24,24,24
"Wisconsin","status_quo","Past",2020-04-21,"daily_hosps",21,21,21,23,22,24,24,24
"Wisconsin","linear_increase_sd","Past",2020-04-21,"latent_trend",NA,NA,NA,0.710899948030892,NA,NA,NA,NA
"Wisconsin","return_normal","Past",2020-04-21,"latent_trend",NA,NA,NA,0.710899948030892,NA,NA,NA,NA
"Wisconsin","status_quo","Past",2020-04-21,"latent_trend",NA,NA,NA,0.710899948030892,NA,NA,NA,NA
"Wisconsin","linear_increase_sd","Past",2020-04-21,"mobility_trend",NA,NA,NA,0.627422929782696,NA,NA,NA,NA
"Wisconsin","return_normal","Past",2020-04-21,"mobility_trend",NA,NA,NA,0.627422929782696,NA,NA,NA,NA
"Wisconsin","status_quo","Past",2020-04-21,"mobility_trend",NA,NA,NA,0.627422929782696,NA,NA,NA,NA
"Wisconsin",NA,"Past",2020-04-22,"actual_cumulative_cases",NA,NA,NA,5765,NA,NA,NA,NA
"Wisconsin",NA,"Past",2020-04-22,"actual_cumulative_deaths",NA,NA,NA,243,NA,NA,NA,NA
"Wisconsin",NA,"Past",2020-04-22,"actual_daily_cases",NA,NA,NA,257,NA,NA,NA,NA
"Wisconsin",NA,"Past",2020-04-22,"actual_daily_deaths",NA,NA,NA,4,NA,NA,NA,NA
"Wisconsin","linear_increase_sd","Past",2020-04-22,"combined_trend",NA,NA,NA,0.448626230684399,NA,NA,NA,NA
"Wisconsin","return_normal","Past",2020-04-22,"combined_trend",NA,NA,NA,0.448626230684399,NA,NA,NA,NA
"Wisconsin","status_quo","Past",2020-04-22,"combined_trend",NA,NA,NA,0.448626230684399,NA,NA,NA,NA
"Wisconsin","linear_increase_sd","Past",2020-04-22,"cumulative_all_infections",29239,29239,29239,30120,29660,31813,31813,31813
"Wisconsin","return_normal","Past",2020-04-22,"cumulative_all_infections",29239,29239,29239,30120,29660,31813,31813,31813
"Wisconsin","status_quo","Past",2020-04-22,"cumulative_all_infections",29239,29239,29239,30120,29660,31813,31813,31813
"Wisconsin","linear_increase_sd","Past",2020-04-22,"cumulative_cases",5785,5785,5785,6004,5952,6379,6379,6379
"Wisconsin","return_normal","Past",2020-04-22,"cumulative_cases",5785,5785,5785,6004,5952,6379,6379,6379
"Wisconsin","status_quo","Past",2020-04-22,"cumulative_cases",5785,5785,5785,6004,5952,6379,6379,6379
"Wisconsin","linear_increase_sd","Past",2020-04-22,"cumulative_deaths",156,156,156,164,162,174,174,174
"Wisconsin","return_normal","Past",2020-04-22,"cumulative_deaths",156,156,156,164,162,174,174,174
"Wisconsin","status_quo","Past",2020-04-22,"cumulative_deaths",156,156,156,164,162,174,174,174
"Wisconsin","linear_increase_sd","Past",2020-04-22,"cumulative_hosps",602,602,602,619,609,655,655,655
"Wisconsin","return_normal","Past",2020-04-22,"cumulative_hosps",602,602,602,619,609,655,655,655
"Wisconsin","status_quo","Past",2020-04-22,"cumulative_hosps",602,602,602,619,609,655,655,655
"Wisconsin","linear_increase_sd","Past",2020-04-22,"daily_all_infections",1002,1002,1002,1037,1036,1068,1068,1068
"Wisconsin","return_normal","Past",2020-04-22,"daily_all_infections",1002,1002,1002,1037,1036,1068,1068,1068
"Wisconsin","status_quo","Past",2020-04-22,"daily_all_infections",1002,1002,1002,1037,1036,1068,1068,1068
"Wisconsin","linear_increase_sd","Past",2020-04-22,"daily_cases",211,211,211,222,226,230,230,230
"Wisconsin","return_normal","Past",2020-04-22,"daily_cases",211,211,211,222,226,230,230,230
"Wisconsin","status_quo","Past",2020-04-22,"daily_cases",211,211,211,222,226,230,230,230
"Wisconsin","linear_increase_sd","Past",2020-04-22,"daily_deaths",6,6,6,7,6,7,7,7
"Wisconsin","return_normal","Past",2020-04-22,"daily_deaths",6,6,6,7,6,7,7,7
"Wisconsin","status_quo","Past",2020-04-22,"daily_deaths",6,6,6,7,6,7,7,7
"Wisconsin","linear_increase_sd","Past",2020-04-22,"daily_hosps",21,21,21,23,22,26,26,26
"Wisconsin","return_normal","Past",2020-04-22,"daily_hosps",21,21,21,23,22,26,26,26
"Wisconsin","status_quo","Past",2020-04-22,"daily_hosps",21,21,21,23,22,26,26,26
"Wisconsin","linear_increase_sd","Past",2020-04-22,"latent_trend",NA,NA,NA,0.712998623580455,NA,NA,NA,NA
"Wisconsin","return_normal","Past",2020-04-22,"latent_trend",NA,NA,NA,0.712998623580455,NA,NA,NA,NA
"Wisconsin","status_quo","Past",2020-04-22,"latent_trend",NA,NA,NA,0.712998623580455,NA,NA,NA,NA
"Wisconsin","linear_increase_sd","Past",2020-04-22,"mobility_trend",NA,NA,NA,0.629210514364725,NA,NA,NA,NA
"Wisconsin","return_normal","Past",2020-04-22,"mobility_trend",NA,NA,NA,0.629210514364725,NA,NA,NA,NA
"Wisconsin","status_quo","Past",2020-04-22,"mobility_trend",NA,NA,NA,0.629210514364725,NA,NA,NA,NA
"Wisconsin",NA,"Past",2020-04-23,"actual_cumulative_cases",NA,NA,NA,6010,NA,NA,NA,NA
"Wisconsin",NA,"Past",2020-04-23,"actual_cumulative_deaths",NA,NA,NA,254,NA,NA,NA,NA
"Wisconsin",NA,"Past",2020-04-23,"actual_daily_cases",NA,NA,NA,245,NA,NA,NA,NA
"Wisconsin",NA,"Past",2020-04-23,"actual_daily_deaths",NA,NA,NA,11,NA,NA,NA,NA
"Wisconsin","linear_increase_sd","Past",2020-04-23,"combined_trend",NA,NA,NA,0.44710139823277,NA,NA,NA,NA
"Wisconsin","return_normal","Past",2020-04-23,"combined_trend",NA,NA,NA,0.44710139823277,NA,NA,NA,NA
"Wisconsin","status_quo","Past",2020-04-23,"combined_trend",NA,NA,NA,0.44710139823277,NA,NA,NA,NA
"Wisconsin","linear_increase_sd","Past",2020-04-23,"cumulative_all_infections",30273,30273,30273,31189,30716,32874,32874,32874
"Wisconsin","return_normal","Past",2020-04-23,"cumulative_all_infections",30273,30273,30273,31189,30716,32874,32874,32874
"Wisconsin","status_quo","Past",2020-04-23,"cumulative_all_infections",30273,30273,30273,31189,30716,32874,32874,32874
"Wisconsin","linear_increase_sd","Past",2020-04-23,"cumulative_cases",6017,6017,6017,6241,6189,6615,6615,6615
"Wisconsin","return_normal","Past",2020-04-23,"cumulative_cases",6017,6017,6017,6241,6189,6615,6615,6615
"Wisconsin","status_quo","Past",2020-04-23,"cumulative_cases",6017,6017,6017,6241,6189,6615,6615,6615
"Wisconsin","linear_increase_sd","Past",2020-04-23,"cumulative_deaths",161,161,161,170,169,180,180,180
"Wisconsin","return_normal","Past",2020-04-23,"cumulative_deaths",161,161,161,170,169,180,180,180
"Wisconsin","status_quo","Past",2020-04-23,"cumulative_deaths",161,161,161,170,169,180,180,180
"Wisconsin","linear_increase_sd","Past",2020-04-23,"cumulative_hosps",624,624,624,642,632,680,680,680
"Wisconsin","return_normal","Past",2020-04-23,"cumulative_hosps",624,624,624,642,632,680,680,680
"Wisconsin","status_quo","Past",2020-04-23,"cumulative_hosps",624,624,624,642,632,680,680,680
"Wisconsin","linear_increase_sd","Past",2020-04-23,"daily_all_infections",1034,1034,1034,1069,1061,1106,1106,1106
"Wisconsin","return_normal","Past",2020-04-23,"daily_all_infections",1034,1034,1034,1069,1061,1106,1106,1106
"Wisconsin","status_quo","Past",2020-04-23,"daily_all_infections",1034,1034,1034,1069,1061,1106,1106,1106
"Wisconsin","linear_increase_sd","Past",2020-04-23,"daily_cases",232,232,232,237,236,246,246,246
"Wisconsin","return_normal","Past",2020-04-23,"daily_cases",232,232,232,237,236,246,246,246
"Wisconsin","status_quo","Past",2020-04-23,"daily_cases",232,232,232,237,236,246,246,246
"Wisconsin","linear_increase_sd","Past",2020-04-23,"daily_deaths",5,5,5,6,5,7,7,7
"Wisconsin","return_normal","Past",2020-04-23,"daily_deaths",5,5,5,6,5,7,7,7
"Wisconsin","status_quo","Past",2020-04-23,"daily_deaths",5,5,5,6,5,7,7,7
"Wisconsin","linear_increase_sd","Past",2020-04-23,"daily_hosps",22,22,22,24,23,25,25,25
"Wisconsin","return_normal","Past",2020-04-23,"daily_hosps",22,22,22,24,23,25,25,25
"Wisconsin","status_quo","Past",2020-04-23,"daily_hosps",22,22,22,24,23,25,25,25
"Wisconsin","linear_increase_sd","Past",2020-04-23,"latent_trend",NA,NA,NA,0.708251176125931,NA,NA,NA,NA
"Wisconsin","return_normal","Past",2020-04-23,"latent_trend",NA,NA,NA,0.708251176125931,NA,NA,NA,NA
"Wisconsin","status_quo","Past",2020-04-23,"latent_trend",NA,NA,NA,0.708251176125931,NA,NA,NA,NA
"Wisconsin","linear_increase_sd","Past",2020-04-23,"mobility_trend",NA,NA,NA,0.631275193467907,NA,NA,NA,NA
"Wisconsin","return_normal","Past",2020-04-23,"mobility_trend",NA,NA,NA,0.631275193467907,NA,NA,NA,NA
"Wisconsin","status_quo","Past",2020-04-23,"mobility_trend",NA,NA,NA,0.631275193467907,NA,NA,NA,NA
"Wisconsin",NA,"Past",2020-04-24,"actual_cumulative_cases",NA,NA,NA,6363,NA,NA,NA,NA
"Wisconsin",NA,"Past",2020-04-24,"actual_cumulative_deaths",NA,NA,NA,259,NA,NA,NA,NA
"Wisconsin",NA,"Past",2020-04-24,"actual_daily_cases",NA,NA,NA,353,NA,NA,NA,NA
"Wisconsin",NA,"Past",2020-04-24,"actual_daily_deaths",NA,NA,NA,5,NA,NA,NA,NA
"Wisconsin","linear_increase_sd","Past",2020-04-24,"combined_trend",NA,NA,NA,0.44176264513289,NA,NA,NA,NA
"Wisconsin","return_normal","Past",2020-04-24,"combined_trend",NA,NA,NA,0.44176264513289,NA,NA,NA,NA
"Wisconsin","status_quo","Past",2020-04-24,"combined_trend",NA,NA,NA,0.44176264513289,NA,NA,NA,NA
"Wisconsin","linear_increase_sd","Past",2020-04-24,"cumulative_all_infections",31333,31333,31333,32286,31809,33960,33960,33960
"Wisconsin","return_normal","Past",2020-04-24,"cumulative_all_infections",31333,31333,31333,32286,31809,33960,33960,33960
"Wisconsin","status_quo","Past",2020-04-24,"cumulative_all_infections",31333,31333,31333,32286,31809,33960,33960,33960
"Wisconsin","linear_increase_sd","Past",2020-04-24,"cumulative_cases",6263,6263,6263,6495,6442,6875,6875,6875
"Wisconsin","return_normal","Past",2020-04-24,"cumulative_cases",6263,6263,6263,6495,6442,6875,6875,6875
"Wisconsin","status_quo","Past",2020-04-24,"cumulative_cases",6263,6263,6263,6495,6442,6875,6875,6875
"Wisconsin","linear_increase_sd","Past",2020-04-24,"cumulative_deaths",166,166,166,175,175,187,187,187
"Wisconsin","return_normal","Past",2020-04-24,"cumulative_deaths",166,166,166,175,175,187,187,187
"Wisconsin","status_quo","Past",2020-04-24,"cumulative_deaths",166,166,166,175,175,187,187,187
"Wisconsin","linear_increase_sd","Past",2020-04-24,"cumulative_hosps",648,648,648,667,656,706,706,706
"Wisconsin","return_normal","Past",2020-04-24,"cumulative_hosps",648,648,648,667,656,706,706,706
"Wisconsin","status_quo","Past",2020-04-24,"cumulative_hosps",648,648,648,667,656,706,706,706
"Wisconsin","linear_increase_sd","Past",2020-04-24,"daily_all_infections",1060,1060,1060,1097,1086,1139,1139,1139
"Wisconsin","return_normal","Past",2020-04-24,"daily_all_infections",1060,1060,1060,1097,1086,1139,1139,1139
"Wisconsin","status_quo","Past",2020-04-24,"daily_all_infections",1060,1060,1060,1097,1086,1139,1139,1139
"Wisconsin","linear_increase_sd","Past",2020-04-24,"daily_cases",246,246,246,254,253,260,260,260
"Wisconsin","return_normal","Past",2020-04-24,"daily_cases",246,246,246,254,253,260,260,260
"Wisconsin","status_quo","Past",2020-04-24,"daily_cases",246,246,246,254,253,260,260,260
"Wisconsin","linear_increase_sd","Past",2020-04-24,"daily_deaths",5,5,5,6,6,7,7,7
"Wisconsin","return_normal","Past",2020-04-24,"daily_deaths",5,5,5,6,6,7,7,7
"Wisconsin","status_quo","Past",2020-04-24,"daily_deaths",5,5,5,6,6,7,7,7
"Wisconsin","linear_increase_sd","Past",2020-04-24,"daily_hosps",24,24,24,25,24,26,26,26
"Wisconsin","return_normal","Past",2020-04-24,"daily_hosps",24,24,24,25,24,26,26,26
"Wisconsin","status_quo","Past",2020-04-24,"daily_hosps",24,24,24,25,24,26,26,26
"Wisconsin","linear_increase_sd","Past",2020-04-24,"latent_trend",NA,NA,NA,0.696950653797032,NA,NA,NA,NA
"Wisconsin","return_normal","Past",2020-04-24,"latent_trend",NA,NA,NA,0.696950653797032,NA,NA,NA,NA
"Wisconsin","status_quo","Past",2020-04-24,"latent_trend",NA,NA,NA,0.696950653797032,NA,NA,NA,NA
"Wisconsin","linear_increase_sd","Past",2020-04-24,"mobility_trend",NA,NA,NA,0.633850678991603,NA,NA,NA,NA
"Wisconsin","return_normal","Past",2020-04-24,"mobility_trend",NA,NA,NA,0.633850678991603,NA,NA,NA,NA
"Wisconsin","status_quo","Past",2020-04-24,"mobility_trend",NA,NA,NA,0.633850678991603,NA,NA,NA,NA
"Wisconsin",NA,"Past",2020-04-25,"actual_cumulative_cases",NA,NA,NA,6714,NA,NA,NA,NA
"Wisconsin",NA,"Past",2020-04-25,"actual_cumulative_deaths",NA,NA,NA,263,NA,NA,NA,NA
"Wisconsin",NA,"Past",2020-04-25,"actual_daily_cases",NA,NA,NA,351,NA,NA,NA,NA
"Wisconsin",NA,"Past",2020-04-25,"actual_daily_deaths",NA,NA,NA,4,NA,NA,NA,NA
"Wisconsin","linear_increase_sd","Past",2020-04-25,"combined_trend",NA,NA,NA,0.433211781964822,NA,NA,NA,NA
"Wisconsin","return_normal","Past",2020-04-25,"combined_trend",NA,NA,NA,0.433211781964822,NA,NA,NA,NA
"Wisconsin","status_quo","Past",2020-04-25,"combined_trend",NA,NA,NA,0.433211781964822,NA,NA,NA,NA
"Wisconsin","linear_increase_sd","Past",2020-04-25,"cumulative_all_infections",32408,32408,32408,33405,32954,35068,35068,35068
"Wisconsin","return_normal","Past",2020-04-25,"cumulative_all_infections",32408,32408,32408,33405,32954,35068,35068,35068
"Wisconsin","status_quo","Past",2020-04-25,"cumulative_all_infections",32408,32408,32408,33405,32954,35068,35068,35068
"Wisconsin","linear_increase_sd","Past",2020-04-25,"cumulative_cases",6520,6520,6520,6758,6700,7130,7130,7130
"Wisconsin","return_normal","Past",2020-04-25,"cumulative_cases",6520,6520,6520,6758,6700,7130,7130,7130
"Wisconsin","status_quo","Past",2020-04-25,"cumulative_cases",6520,6520,6520,6758,6700,7130,7130,7130
"Wisconsin","linear_increase_sd","Past",2020-04-25,"cumulative_deaths",171,171,171,181,181,193,193,193
"Wisconsin","return_normal","Past",2020-04-25,"cumulative_deaths",171,171,171,181,181,193,193,193
"Wisconsin","status_quo","Past",2020-04-25,"cumulative_deaths",171,171,171,181,181,193,193,193
"Wisconsin","linear_increase_sd","Past",2020-04-25,"cumulative_hosps",673,673,673,692,681,733,733,733
"Wisconsin","return_normal","Past",2020-04-25,"cumulative_hosps",673,673,673,692,681,733,733,733
"Wisconsin","status_quo","Past",2020-04-25,"cumulative_hosps",673,673,673,692,681,733,733,733
"Wisconsin","linear_increase_sd","Past",2020-04-25,"daily_all_infections",1075,1075,1075,1119,1108,1158,1158,1158
"Wisconsin","return_normal","Past",2020-04-25,"daily_all_infections",1075,1075,1075,1119,1108,1158,1158,1158
"Wisconsin","status_quo","Past",2020-04-25,"daily_all_infections",1075,1075,1075,1119,1108,1158,1158,1158
"Wisconsin","linear_increase_sd","Past",2020-04-25,"daily_cases",255,255,255,264,258,282,282,282
"Wisconsin","return_normal","Past",2020-04-25,"daily_cases",255,255,255,264,258,282,282,282
"Wisconsin","status_quo","Past",2020-04-25,"daily_cases",255,255,255,264,258,282,282,282
"Wisconsin","linear_increase_sd","Past",2020-04-25,"daily_deaths",5,5,5,6,5,6,6,6
"Wisconsin","return_normal","Past",2020-04-25,"daily_deaths",5,5,5,6,5,6,6,6
"Wisconsin","status_quo","Past",2020-04-25,"daily_deaths",5,5,5,6,5,6,6,6
"Wisconsin","linear_increase_sd","Past",2020-04-25,"daily_hosps",25,25,25,26,25,27,27,27
"Wisconsin","return_normal","Past",2020-04-25,"daily_hosps",25,25,25,26,25,27,27,27
"Wisconsin","status_quo","Past",2020-04-25,"daily_hosps",25,25,25,26,25,27,27,27
"Wisconsin","linear_increase_sd","Past",2020-04-25,"latent_trend",NA,NA,NA,0.679881139410951,NA,NA,NA,NA
"Wisconsin","return_normal","Past",2020-04-25,"latent_trend",NA,NA,NA,0.679881139410951,NA,NA,NA,NA
"Wisconsin","status_quo","Past",2020-04-25,"latent_trend",NA,NA,NA,0.679881139410951,NA,NA,NA,NA
"Wisconsin","linear_increase_sd","Past",2020-04-25,"mobility_trend",NA,NA,NA,0.637187527131811,NA,NA,NA,NA
"Wisconsin","return_normal","Past",2020-04-25,"mobility_trend",NA,NA,NA,0.637187527131811,NA,NA,NA,NA
"Wisconsin","status_quo","Past",2020-04-25,"mobility_trend",NA,NA,NA,0.637187527131811,NA,NA,NA,NA
"Wisconsin",NA,"Past",2020-04-26,"actual_cumulative_cases",NA,NA,NA,6962,NA,NA,NA,NA
"Wisconsin",NA,"Past",2020-04-26,"actual_cumulative_deaths",NA,NA,NA,269,NA,NA,NA,NA
"Wisconsin",NA,"Past",2020-04-26,"actual_daily_cases",NA,NA,NA,248,NA,NA,NA,NA
"Wisconsin",NA,"Past",2020-04-26,"actual_daily_deaths",NA,NA,NA,6,NA,NA,NA,NA
"Wisconsin","linear_increase_sd","Past",2020-04-26,"combined_trend",NA,NA,NA,0.42197957440654,NA,NA,NA,NA
"Wisconsin","return_normal","Past",2020-04-26,"combined_trend",NA,NA,NA,0.42197957440654,NA,NA,NA,NA
"Wisconsin","status_quo","Past",2020-04-26,"combined_trend",NA,NA,NA,0.42197957440654,NA,NA,NA,NA
"Wisconsin","linear_increase_sd","Past",2020-04-26,"cumulative_all_infections",33496,33496,33496,34538,34111,36180,36180,36180
"Wisconsin","return_normal","Past",2020-04-26,"cumulative_all_infections",33496,33496,33496,34538,34111,36180,36180,36180
"Wisconsin","status_quo","Past",2020-04-26,"cumulative_all_infections",33496,33496,33496,34538,34111,36180,36180,36180
"Wisconsin","linear_increase_sd","Past",2020-04-26,"cumulative_cases",6785,6785,6785,7038,6980,7401,7401,7401
"Wisconsin","return_normal","Past",2020-04-26,"cumulative_cases",6785,6785,6785,7038,6980,7401,7401,7401
"Wisconsin","status_quo","Past",2020-04-26,"cumulative_cases",6785,6785,6785,7038,6980,7401,7401,7401
"Wisconsin","linear_increase_sd","Past",2020-04-26,"cumulative_deaths",177,177,177,187,187,199,199,199
"Wisconsin","return_normal","Past",2020-04-26,"cumulative_deaths",177,177,177,187,187,199,199,199
"Wisconsin","status_quo","Past",2020-04-26,"cumulative_deaths",177,177,177,187,187,199,199,199
"Wisconsin","linear_increase_sd","Past",2020-04-26,"cumulative_hosps",698,698,698,719,708,760,760,760
"Wisconsin","return_normal","Past",2020-04-26,"cumulative_hosps",698,698,698,719,708,760,760,760
"Wisconsin","status_quo","Past",2020-04-26,"cumulative_hosps",698,698,698,719,708,760,760,760
"Wisconsin","linear_increase_sd","Past",2020-04-26,"daily_all_infections",1088,1088,1088,1133,1132,1176,1176,1176
"Wisconsin","return_normal","Past",2020-04-26,"daily_all_infections",1088,1088,1088,1133,1132,1176,1176,1176
"Wisconsin","status_quo","Past",2020-04-26,"daily_all_infections",1088,1088,1088,1133,1132,1176,1176,1176
"Wisconsin","linear_increase_sd","Past",2020-04-26,"daily_cases",265,265,265,281,280,294,294,294
"Wisconsin","return_normal","Past",2020-04-26,"daily_cases",265,265,265,281,280,294,294,294
"Wisconsin","status_quo","Past",2020-04-26,"daily_cases",265,265,265,281,280,294,294,294
"Wisconsin","linear_increase_sd","Past",2020-04-26,"daily_deaths",5,5,5,6,6,6,6,6
"Wisconsin","return_normal","Past",2020-04-26,"daily_deaths",5,5,5,6,6,6,6,6
"Wisconsin","status_quo","Past",2020-04-26,"daily_deaths",5,5,5,6,6,6,6,6
"Wisconsin","linear_increase_sd","Past",2020-04-26,"daily_hosps",25,25,25,27,27,28,28,28
"Wisconsin","return_normal","Past",2020-04-26,"daily_hosps",25,25,25,27,27,28,28,28
"Wisconsin","status_quo","Past",2020-04-26,"daily_hosps",25,25,25,27,27,28,28,28
"Wisconsin","linear_increase_sd","Past",2020-04-26,"latent_trend",NA,NA,NA,0.657831318321346,NA,NA,NA,NA
"Wisconsin","return_normal","Past",2020-04-26,"latent_trend",NA,NA,NA,0.657831318321346,NA,NA,NA,NA
"Wisconsin","status_quo","Past",2020-04-26,"latent_trend",NA,NA,NA,0.657831318321346,NA,NA,NA,NA
"Wisconsin","linear_increase_sd","Past",2020-04-26,"mobility_trend",NA,NA,NA,0.641470788413279,NA,NA,NA,NA
"Wisconsin","return_normal","Past",2020-04-26,"mobility_trend",NA,NA,NA,0.641470788413279,NA,NA,NA,NA
"Wisconsin","status_quo","Past",2020-04-26,"mobility_trend",NA,NA,NA,0.641470788413279,NA,NA,NA,NA
"Wisconsin",NA,"Past",2020-04-27,"actual_cumulative_cases",NA,NA,NA,7160,NA,NA,NA,NA
"Wisconsin",NA,"Past",2020-04-27,"actual_cumulative_deaths",NA,NA,NA,278,NA,NA,NA,NA
"Wisconsin",NA,"Past",2020-04-27,"actual_daily_cases",NA,NA,NA,198,NA,NA,NA,NA
"Wisconsin",NA,"Past",2020-04-27,"actual_daily_deaths",NA,NA,NA,9,NA,NA,NA,NA
"Wisconsin","linear_increase_sd","Past",2020-04-27,"combined_trend",NA,NA,NA,0.408473242538245,NA,NA,NA,NA
"Wisconsin","return_normal","Past",2020-04-27,"combined_trend",NA,NA,NA,0.408473242538245,NA,NA,NA,NA
"Wisconsin","status_quo","Past",2020-04-27,"combined_trend",NA,NA,NA,0.408473242538245,NA,NA,NA,NA
"Wisconsin","linear_increase_sd","Past",2020-04-27,"cumulative_all_infections",34577,34577,34577,35676,35276,37302,37302,37302
"Wisconsin","return_normal","Past",2020-04-27,"cumulative_all_infections",34577,34577,34577,35676,35276,37302,37302,37302
"Wisconsin","status_quo","Past",2020-04-27,"cumulative_all_infections",34577,34577,34577,35676,35276,37302,37302,37302
"Wisconsin","linear_increase_sd","Past",2020-04-27,"cumulative_cases",7077,7077,7077,7331,7260,7693,7693,7693
"Wisconsin","return_normal","Past",2020-04-27,"cumulative_cases",7077,7077,7077,7331,7260,7693,7693,7693
"Wisconsin","status_quo","Past",2020-04-27,"cumulative_cases",7077,7077,7077,7331,7260,7693,7693,7693
"Wisconsin","linear_increase_sd","Past",2020-04-27,"cumulative_deaths",182,182,182,192,192,204,204,204
"Wisconsin","return_normal","Past",2020-04-27,"cumulative_deaths",182,182,182,192,192,204,204,204
"Wisconsin","status_quo","Past",2020-04-27,"cumulative_deaths",182,182,182,192,192,204,204,204
"Wisconsin","linear_increase_sd","Past",2020-04-27,"cumulative_hosps",724,724,724,746,736,789,789,789
"Wisconsin","return_normal","Past",2020-04-27,"cumulative_hosps",724,724,724,746,736,789,789,789
"Wisconsin","status_quo","Past",2020-04-27,"cumulative_hosps",724,724,724,746,736,789,789,789
"Wisconsin","linear_increase_sd","Past",2020-04-27,"daily_all_infections",1081,1081,1081,1138,1132,1190,1190,1190
"Wisconsin","return_normal","Past",2020-04-27,"daily_all_infections",1081,1081,1081,1138,1132,1190,1190,1190
"Wisconsin","status_quo","Past",2020-04-27,"daily_all_infections",1081,1081,1081,1138,1132,1190,1190,1190
"Wisconsin","linear_increase_sd","Past",2020-04-27,"daily_cases",280,280,280,293,292,301,301,301
"Wisconsin","return_normal","Past",2020-04-27,"daily_cases",280,280,280,293,292,301,301,301
"Wisconsin","status_quo","Past",2020-04-27,"daily_cases",280,280,280,293,292,301,301,301
"Wisconsin","linear_increase_sd","Past",2020-04-27,"daily_deaths",5,5,5,6,5,6,6,6
"Wisconsin","return_normal","Past",2020-04-27,"daily_deaths",5,5,5,6,5,6,6,6
"Wisconsin","status_quo","Past",2020-04-27,"daily_deaths",5,5,5,6,5,6,6,6
"Wisconsin","linear_increase_sd","Past",2020-04-27,"daily_hosps",26,26,26,28,28,29,29,29
"Wisconsin","return_normal","Past",2020-04-27,"daily_hosps",26,26,26,28,28,29,29,29
"Wisconsin","status_quo","Past",2020-04-27,"daily_hosps",26,26,26,28,28,29,29,29
"Wisconsin","linear_increase_sd","Past",2020-04-27,"latent_trend",NA,NA,NA,0.631718286265135,NA,NA,NA,NA
"Wisconsin","return_normal","Past",2020-04-27,"latent_trend",NA,NA,NA,0.631718286265135,NA,NA,NA,NA
"Wisconsin","status_quo","Past",2020-04-27,"latent_trend",NA,NA,NA,0.631718286265135,NA,NA,NA,NA
"Wisconsin","linear_increase_sd","Past",2020-04-27,"mobility_trend",NA,NA,NA,0.646606646379091,NA,NA,NA,NA
"Wisconsin","return_normal","Past",2020-04-27,"mobility_trend",NA,NA,NA,0.646606646379091,NA,NA,NA,NA
"Wisconsin","status_quo","Past",2020-04-27,"mobility_trend",NA,NA,NA,0.646606646379091,NA,NA,NA,NA
"Wisconsin",NA,"Past",2020-04-28,"actual_cumulative_cases",NA,NA,NA,7390,NA,NA,NA,NA
"Wisconsin",NA,"Past",2020-04-28,"actual_cumulative_deaths",NA,NA,NA,297,NA,NA,NA,NA
"Wisconsin",NA,"Past",2020-04-28,"actual_daily_cases",NA,NA,NA,230,NA,NA,NA,NA
"Wisconsin",NA,"Past",2020-04-28,"actual_daily_deaths",NA,NA,NA,19,NA,NA,NA,NA
"Wisconsin","linear_increase_sd","Past",2020-04-28,"combined_trend",NA,NA,NA,0.393210618892952,NA,NA,NA,NA
"Wisconsin","return_normal","Past",2020-04-28,"combined_trend",NA,NA,NA,0.393210618892952,NA,NA,NA,NA
"Wisconsin","status_quo","Past",2020-04-28,"combined_trend",NA,NA,NA,0.393210618892952,NA,NA,NA,NA
"Wisconsin","linear_increase_sd","Past",2020-04-28,"cumulative_all_infections",35650,35650,35650,36804,36411,38427,38427,38427
"Wisconsin","return_normal","Past",2020-04-28,"cumulative_all_infections",35650,35650,35650,36804,36411,38427,38427,38427
"Wisconsin","status_quo","Past",2020-04-28,"cumulative_all_infections",35650,35650,35650,36804,36411,38427,38427,38427
"Wisconsin","linear_increase_sd","Past",2020-04-28,"cumulative_cases",7356,7356,7356,7637,7572,7994,7994,7994
"Wisconsin","return_normal","Past",2020-04-28,"cumulative_cases",7356,7356,7356,7637,7572,7994,7994,7994
"Wisconsin","status_quo","Past",2020-04-28,"cumulative_cases",7356,7356,7356,7637,7572,7994,7994,7994
"Wisconsin","linear_increase_sd","Past",2020-04-28,"cumulative_deaths",187,187,187,197,197,210,210,210
"Wisconsin","return_normal","Past",2020-04-28,"cumulative_deaths",187,187,187,197,197,210,210,210
"Wisconsin","status_quo","Past",2020-04-28,"cumulative_deaths",187,187,187,197,197,210,210,210
"Wisconsin","linear_increase_sd","Past",2020-04-28,"cumulative_hosps",751,751,751,775,764,819,819,819
"Wisconsin","return_normal","Past",2020-04-28,"cumulative_hosps",751,751,751,775,764,819,819,819
"Wisconsin","status_quo","Past",2020-04-28,"cumulative_hosps",751,751,751,775,764,819,819,819
"Wisconsin","linear_increase_sd","Past",2020-04-28,"daily_all_infections",1073,1073,1073,1129,1132,1179,1179,1179
"Wisconsin","return_normal","Past",2020-04-28,"daily_all_infections",1073,1073,1073,1129,1132,1179,1179,1179
"Wisconsin","status_quo","Past",2020-04-28,"daily_all_infections",1073,1073,1073,1129,1132,1179,1179,1179
"Wisconsin","linear_increase_sd","Past",2020-04-28,"daily_cases",279,279,279,306,312,324,324,324
"Wisconsin","return_normal","Past",2020-04-28,"daily_cases",279,279,279,306,312,324,324,324
"Wisconsin","status_quo","Past",2020-04-28,"daily_cases",279,279,279,306,312,324,324,324
"Wisconsin","linear_increase_sd","Past",2020-04-28,"daily_deaths",5,5,5,6,5,6,6,6
"Wisconsin","return_normal","Past",2020-04-28,"daily_deaths",5,5,5,6,5,6,6,6
"Wisconsin","status_quo","Past",2020-04-28,"daily_deaths",5,5,5,6,5,6,6,6
"Wisconsin","linear_increase_sd","Past",2020-04-28,"daily_hosps",27,27,27,29,28,30,30,30
"Wisconsin","return_normal","Past",2020-04-28,"daily_hosps",27,27,27,29,28,30,30,30
"Wisconsin","status_quo","Past",2020-04-28,"daily_hosps",27,27,27,29,28,30,30,30
"Wisconsin","linear_increase_sd","Past",2020-04-28,"latent_trend",NA,NA,NA,0.602668603574035,NA,NA,NA,NA
"Wisconsin","return_normal","Past",2020-04-28,"latent_trend",NA,NA,NA,0.602668603574035,NA,NA,NA,NA
"Wisconsin","status_quo","Past",2020-04-28,"latent_trend",NA,NA,NA,0.602668603574035,NA,NA,NA,NA
"Wisconsin","linear_increase_sd","Past",2020-04-28,"mobility_trend",NA,NA,NA,0.652449151260039,NA,NA,NA,NA
"Wisconsin","return_normal","Past",2020-04-28,"mobility_trend",NA,NA,NA,0.652449151260039,NA,NA,NA,NA
"Wisconsin","status_quo","Past",2020-04-28,"mobility_trend",NA,NA,NA,0.652449151260039,NA,NA,NA,NA
"Wisconsin",NA,"Past",2020-04-29,"actual_cumulative_cases",NA,NA,NA,7659,NA,NA,NA,NA
"Wisconsin",NA,"Past",2020-04-29,"actual_cumulative_deaths",NA,NA,NA,305,NA,NA,NA,NA
"Wisconsin",NA,"Past",2020-04-29,"actual_daily_cases",NA,NA,NA,269,NA,NA,NA,NA
"Wisconsin",NA,"Past",2020-04-29,"actual_daily_deaths",NA,NA,NA,8,NA,NA,NA,NA
"Wisconsin","linear_increase_sd","Past",2020-04-29,"combined_trend",NA,NA,NA,0.376928344329064,NA,NA,NA,NA
"Wisconsin","return_normal","Past",2020-04-29,"combined_trend",NA,NA,NA,0.376928344329064,NA,NA,NA,NA
"Wisconsin","status_quo","Past",2020-04-29,"combined_trend",NA,NA,NA,0.376928344329064,NA,NA,NA,NA
"Wisconsin","linear_increase_sd","Past",2020-04-29,"cumulative_all_infections",36706,36706,36706,37924,37523,39540,39540,39540
"Wisconsin","return_normal","Past",2020-04-29,"cumulative_all_infections",36706,36706,36706,37924,37523,39540,39540,39540
"Wisconsin","status_quo","Past",2020-04-29,"cumulative_all_infections",36706,36706,36706,37924,37523,39540,39540,39540
"Wisconsin","linear_increase_sd","Past",2020-04-29,"cumulative_cases",7668,7668,7668,7952,7880,8319,8319,8319
"Wisconsin","return_normal","Past",2020-04-29,"cumulative_cases",7668,7668,7668,7952,7880,8319,8319,8319
"Wisconsin","status_quo","Past",2020-04-29,"cumulative_cases",7668,7668,7668,7952,7880,8319,8319,8319
"Wisconsin","linear_increase_sd","Past",2020-04-29,"cumulative_deaths",193,193,193,203,203,216,216,216
"Wisconsin","return_normal","Past",2020-04-29,"cumulative_deaths",193,193,193,203,203,216,216,216
"Wisconsin","status_quo","Past",2020-04-29,"cumulative_deaths",193,193,193,203,203,216,216,216
"Wisconsin","linear_increase_sd","Past",2020-04-29,"cumulative_hosps",780,780,780,805,794,850,850,850
"Wisconsin","return_normal","Past",2020-04-29,"cumulative_hosps",780,780,780,805,794,850,850,850
"Wisconsin","status_quo","Past",2020-04-29,"cumulative_hosps",780,780,780,805,794,850,850,850
"Wisconsin","linear_increase_sd","Past",2020-04-29,"daily_all_infections",1056,1056,1056,1120,1113,1182,1182,1182
"Wisconsin","return_normal","Past",2020-04-29,"daily_all_infections",1056,1056,1056,1120,1113,1182,1182,1182
"Wisconsin","status_quo","Past",2020-04-29,"daily_all_infections",1056,1056,1056,1120,1113,1182,1182,1182
"Wisconsin","linear_increase_sd","Past",2020-04-29,"daily_cases",307,307,307,316,312,325,325,325
"Wisconsin","return_normal","Past",2020-04-29,"daily_cases",307,307,307,316,312,325,325,325
"Wisconsin","status_quo","Past",2020-04-29,"daily_cases",307,307,307,316,312,325,325,325
"Wisconsin","linear_increase_sd","Past",2020-04-29,"daily_deaths",5,5,5,6,6,6,6,6
"Wisconsin","return_normal","Past",2020-04-29,"daily_deaths",5,5,5,6,6,6,6,6
"Wisconsin","status_quo","Past",2020-04-29,"daily_deaths",5,5,5,6,6,6,6,6
"Wisconsin","linear_increase_sd","Past",2020-04-29,"daily_hosps",29,29,29,31,31,31,31,31
"Wisconsin","return_normal","Past",2020-04-29,"daily_hosps",29,29,29,31,31,31,31,31
"Wisconsin","status_quo","Past",2020-04-29,"daily_hosps",29,29,29,31,31,31,31,31
"Wisconsin","linear_increase_sd","Past",2020-04-29,"latent_trend",NA,NA,NA,0.572037284122179,NA,NA,NA,NA
"Wisconsin","return_normal","Past",2020-04-29,"latent_trend",NA,NA,NA,0.572037284122179,NA,NA,NA,NA
"Wisconsin","status_quo","Past",2020-04-29,"latent_trend",NA,NA,NA,0.572037284122179,NA,NA,NA,NA
"Wisconsin","linear_increase_sd","Past",2020-04-29,"mobility_trend",NA,NA,NA,0.658922687019397,NA,NA,NA,NA
"Wisconsin","return_normal","Past",2020-04-29,"mobility_trend",NA,NA,NA,0.658922687019397,NA,NA,NA,NA
"Wisconsin","status_quo","Past",2020-04-29,"mobility_trend",NA,NA,NA,0.658922687019397,NA,NA,NA,NA
"Wisconsin",NA,"Past",2020-04-30,"actual_cumulative_cases",NA,NA,NA,8051,NA,NA,NA,NA
"Wisconsin",NA,"Past",2020-04-30,"actual_cumulative_deaths",NA,NA,NA,313,NA,NA,NA,NA
"Wisconsin",NA,"Past",2020-04-30,"actual_daily_cases",NA,NA,NA,392,NA,NA,NA,NA
"Wisconsin",NA,"Past",2020-04-30,"actual_daily_deaths",NA,NA,NA,8,NA,NA,NA,NA
"Wisconsin","linear_increase_sd","Past",2020-04-30,"combined_trend",NA,NA,NA,0.360530678219052,NA,NA,NA,NA
"Wisconsin","return_normal","Past",2020-04-30,"combined_trend",NA,NA,NA,0.360530678219052,NA,NA,NA,NA
"Wisconsin","status_quo","Past",2020-04-30,"combined_trend",NA,NA,NA,0.360530678219052,NA,NA,NA,NA
"Wisconsin","linear_increase_sd","Past",2020-04-30,"cumulative_all_infections",37733,37733,37733,39015,38597,40643,40643,40643
"Wisconsin","return_normal","Past",2020-04-30,"cumulative_all_infections",37733,37733,37733,39015,38597,40643,40643,40643
"Wisconsin","status_quo","Past",2020-04-30,"cumulative_all_infections",37733,37733,37733,39015,38597,40643,40643,40643
"Wisconsin","linear_increase_sd","Past",2020-04-30,"cumulative_cases",7976,7976,7976,8276,8198,8634,8634,8634
"Wisconsin","return_normal","Past",2020-04-30,"cumulative_cases",7976,7976,7976,8276,8198,8634,8634,8634
"Wisconsin","status_quo","Past",2020-04-30,"cumulative_cases",7976,7976,7976,8276,8198,8634,8634,8634
"Wisconsin","linear_increase_sd","Past",2020-04-30,"cumulative_deaths",199,199,199,209,208,223,223,223
"Wisconsin","return_normal","Past",2020-04-30,"cumulative_deaths",199,199,199,209,208,223,223,223
"Wisconsin","status_quo","Past",2020-04-30,"cumulative_deaths",199,199,199,209,208,223,223,223
"Wisconsin","linear_increase_sd","Past",2020-04-30,"cumulative_hosps",809,809,809,836,826,882,882,882
"Wisconsin","return_normal","Past",2020-04-30,"cumulative_hosps",809,809,809,836,826,882,882,882
"Wisconsin","status_quo","Past",2020-04-30,"cumulative_hosps",809,809,809,836,826,882,882,882
"Wisconsin","linear_increase_sd","Past",2020-04-30,"daily_all_infections",1027,1027,1027,1092,1103,1151,1151,1151
"Wisconsin","return_normal","Past",2020-04-30,"daily_all_infections",1027,1027,1027,1092,1103,1151,1151,1151
"Wisconsin","status_quo","Past",2020-04-30,"daily_all_infections",1027,1027,1027,1092,1103,1151,1151,1151
"Wisconsin","linear_increase_sd","Past",2020-04-30,"daily_cases",308,308,308,324,318,342,342,342
"Wisconsin","return_normal","Past",2020-04-30,"daily_cases",308,308,308,324,318,342,342,342
"Wisconsin","status_quo","Past",2020-04-30,"daily_cases",308,308,308,324,318,342,342,342
"Wisconsin","linear_increase_sd","Past",2020-04-30,"daily_deaths",5,5,5,6,6,7,7,7
"Wisconsin","return_normal","Past",2020-04-30,"daily_deaths",5,5,5,6,6,7,7,7
"Wisconsin","status_quo","Past",2020-04-30,"daily_deaths",5,5,5,6,6,7,7,7
"Wisconsin","linear_increase_sd","Past",2020-04-30,"daily_hosps",29,29,29,32,32,33,33,33
"Wisconsin","return_normal","Past",2020-04-30,"daily_hosps",29,29,29,32,32,33,33,33
"Wisconsin","status_quo","Past",2020-04-30,"daily_hosps",29,29,29,32,32,33,33,33
"Wisconsin","linear_increase_sd","Past",2020-04-30,"latent_trend",NA,NA,NA,0.541362373547379,NA,NA,NA,NA
"Wisconsin","return_normal","Past",2020-04-30,"latent_trend",NA,NA,NA,0.541362373547379,NA,NA,NA,NA
"Wisconsin","status_quo","Past",2020-04-30,"latent_trend",NA,NA,NA,0.541362373547379,NA,NA,NA,NA
"Wisconsin","linear_increase_sd","Past",2020-04-30,"mobility_trend",NA,NA,NA,0.665969221053556,NA,NA,NA,NA
"Wisconsin","return_normal","Past",2020-04-30,"mobility_trend",NA,NA,NA,0.665969221053556,NA,NA,NA,NA
"Wisconsin","status_quo","Past",2020-04-30,"mobility_trend",NA,NA,NA,0.665969221053556,NA,NA,NA,NA
"Wisconsin",NA,"Past",2020-05-01,"actual_cumulative_cases",NA,NA,NA,8549,NA,NA,NA,NA
"Wisconsin",NA,"Past",2020-05-01,"actual_cumulative_deaths",NA,NA,NA,324,NA,NA,NA,NA
"Wisconsin",NA,"Past",2020-05-01,"actual_daily_cases",NA,NA,NA,498,NA,NA,NA,NA
"Wisconsin",NA,"Past",2020-05-01,"actual_daily_deaths",NA,NA,NA,11,NA,NA,NA,NA
"Wisconsin","linear_increase_sd","Past",2020-05-01,"combined_trend",NA,NA,NA,0.345046188793734,NA,NA,NA,NA
"Wisconsin","return_normal","Past",2020-05-01,"combined_trend",NA,NA,NA,0.345046188793734,NA,NA,NA,NA
"Wisconsin","status_quo","Past",2020-05-01,"combined_trend",NA,NA,NA,0.345046188793734,NA,NA,NA,NA
"Wisconsin","linear_increase_sd","Past",2020-05-01,"cumulative_all_infections",38723,38723,38723,40082,39630,41733,41733,41733
"Wisconsin","return_normal","Past",2020-05-01,"cumulative_all_infections",38723,38723,38723,40082,39630,41733,41733,41733
"Wisconsin","status_quo","Past",2020-05-01,"cumulative_all_infections",38723,38723,38723,40082,39630,41733,41733,41733
"Wisconsin","linear_increase_sd","Past",2020-05-01,"cumulative_cases",8313,8313,8313,8608,8524,8954,8954,8954
"Wisconsin","return_normal","Past",2020-05-01,"cumulative_cases",8313,8313,8313,8608,8524,8954,8954,8954
"Wisconsin","status_quo","Past",2020-05-01,"cumulative_cases",8313,8313,8313,8608,8524,8954,8954,8954
"Wisconsin","linear_increase_sd","Past",2020-05-01,"cumulative_deaths",205,205,205,215,214,229,229,229
"Wisconsin","return_normal","Past",2020-05-01,"cumulative_deaths",205,205,205,215,214,229,229,229
"Wisconsin","status_quo","Past",2020-05-01,"cumulative_deaths",205,205,205,215,214,229,229,229
"Wisconsin","linear_increase_sd","Past",2020-05-01,"cumulative_hosps",841,841,841,870,859,915,915,915
"Wisconsin","return_normal","Past",2020-05-01,"cumulative_hosps",841,841,841,870,859,915,915,915
"Wisconsin","status_quo","Past",2020-05-01,"cumulative_hosps",841,841,841,870,859,915,915,915
"Wisconsin","linear_increase_sd","Past",2020-05-01,"daily_all_infections",990,990,990,1067,1090,1128,1128,1128
"Wisconsin","return_normal","Past",2020-05-01,"daily_all_infections",990,990,990,1067,1090,1128,1128,1128
"Wisconsin","status_quo","Past",2020-05-01,"daily_all_infections",990,990,990,1067,1090,1128,1128,1128
"Wisconsin","linear_increase_sd","Past",2020-05-01,"daily_cases",319,319,319,332,337,345,345,345
"Wisconsin","return_normal","Past",2020-05-01,"daily_cases",319,319,319,332,337,345,345,345
"Wisconsin","status_quo","Past",2020-05-01,"daily_cases",319,319,319,332,337,345,345,345
"Wisconsin","linear_increase_sd","Past",2020-05-01,"daily_deaths",5,5,5,6,6,7,7,7
"Wisconsin","return_normal","Past",2020-05-01,"daily_deaths",5,5,5,6,6,7,7,7
"Wisconsin","status_quo","Past",2020-05-01,"daily_deaths",5,5,5,6,6,7,7,7
"Wisconsin","linear_increase_sd","Past",2020-05-01,"daily_hosps",32,32,32,34,33,35,35,35
"Wisconsin","return_normal","Past",2020-05-01,"daily_hosps",32,32,32,34,33,35,35,35
"Wisconsin","status_quo","Past",2020-05-01,"daily_hosps",32,32,32,34,33,35,35,35
"Wisconsin","linear_increase_sd","Past",2020-05-01,"latent_trend",NA,NA,NA,0.512271798644206,NA,NA,NA,NA
"Wisconsin","return_normal","Past",2020-05-01,"latent_trend",NA,NA,NA,0.512271798644206,NA,NA,NA,NA
"Wisconsin","status_quo","Past",2020-05-01,"latent_trend",NA,NA,NA,0.512271798644206,NA,NA,NA,NA
"Wisconsin","linear_increase_sd","Past",2020-05-01,"mobility_trend",NA,NA,NA,0.673560773220279,NA,NA,NA,NA
"Wisconsin","return_normal","Past",2020-05-01,"mobility_trend",NA,NA,NA,0.673560773220279,NA,NA,NA,NA
"Wisconsin","status_quo","Past",2020-05-01,"mobility_trend",NA,NA,NA,0.673560773220279,NA,NA,NA,NA
"Wisconsin",NA,"Past",2020-05-02,"actual_cumulative_cases",NA,NA,NA,8919,NA,NA,NA,NA
"Wisconsin",NA,"Past",2020-05-02,"actual_cumulative_deaths",NA,NA,NA,331,NA,NA,NA,NA
"Wisconsin",NA,"Past",2020-05-02,"actual_daily_cases",NA,NA,NA,370,NA,NA,NA,NA
"Wisconsin",NA,"Past",2020-05-02,"actual_daily_deaths",NA,NA,NA,7,NA,NA,NA,NA
"Wisconsin","linear_increase_sd","Past",2020-05-02,"combined_trend",NA,NA,NA,0.331606514626157,NA,NA,NA,NA
"Wisconsin","return_normal","Past",2020-05-02,"combined_trend",NA,NA,NA,0.331606514626157,NA,NA,NA,NA
"Wisconsin","status_quo","Past",2020-05-02,"combined_trend",NA,NA,NA,0.331606514626157,NA,NA,NA,NA
"Wisconsin","linear_increase_sd","Past",2020-05-02,"cumulative_all_infections",39683,39683,39683,41121,40698,42809,42809,42809
"Wisconsin","return_normal","Past",2020-05-02,"cumulative_all_infections",39683,39683,39683,41121,40698,42809,42809,42809
"Wisconsin","status_quo","Past",2020-05-02,"cumulative_all_infections",39683,39683,39683,41121,40698,42809,42809,42809
"Wisconsin","linear_increase_sd","Past",2020-05-02,"cumulative_cases",8641,8641,8641,8948,8862,9295,9295,9295
"Wisconsin","return_normal","Past",2020-05-02,"cumulative_cases",8641,8641,8641,8948,8862,9295,9295,9295
"Wisconsin","status_quo","Past",2020-05-02,"cumulative_cases",8641,8641,8641,8948,8862,9295,9295,9295
"Wisconsin","linear_increase_sd","Past",2020-05-02,"cumulative_deaths",211,211,211,221,220,236,236,236
"Wisconsin","return_normal","Past",2020-05-02,"cumulative_deaths",211,211,211,221,220,236,236,236
"Wisconsin","status_quo","Past",2020-05-02,"cumulative_deaths",211,211,211,221,220,236,236,236
"Wisconsin","linear_increase_sd","Past",2020-05-02,"cumulative_hosps",874,874,874,905,894,950,950,950
"Wisconsin","return_normal","Past",2020-05-02,"cumulative_hosps",874,874,874,905,894,950,950,950
"Wisconsin","status_quo","Past",2020-05-02,"cumulative_hosps",874,874,874,905,894,950,950,950
"Wisconsin","linear_increase_sd","Past",2020-05-02,"daily_all_infections",960,960,960,1039,1068,1100,1100,1100
"Wisconsin","return_normal","Past",2020-05-02,"daily_all_infections",960,960,960,1039,1068,1100,1100,1100
"Wisconsin","status_quo","Past",2020-05-02,"daily_all_infections",960,960,960,1039,1068,1100,1100,1100
"Wisconsin","linear_increase_sd","Past",2020-05-02,"daily_cases",328,328,328,340,338,358,358,358
"Wisconsin","return_normal","Past",2020-05-02,"daily_cases",328,328,328,340,338,358,358,358
"Wisconsin","status_quo","Past",2020-05-02,"daily_cases",328,328,328,340,338,358,358,358
"Wisconsin","linear_increase_sd","Past",2020-05-02,"daily_deaths",6,6,6,7,6,7,7,7
"Wisconsin","return_normal","Past",2020-05-02,"daily_deaths",6,6,6,7,6,7,7,7
"Wisconsin","status_quo","Past",2020-05-02,"daily_deaths",6,6,6,7,6,7,7,7
"Wisconsin","linear_increase_sd","Past",2020-05-02,"daily_hosps",33,33,33,35,35,36,36,36
"Wisconsin","return_normal","Past",2020-05-02,"daily_hosps",33,33,33,35,35,36,36,36
"Wisconsin","status_quo","Past",2020-05-02,"daily_hosps",33,33,33,35,35,36,36,36
"Wisconsin","linear_increase_sd","Past",2020-05-02,"latent_trend",NA,NA,NA,0.486376629461581,NA,NA,NA,NA
"Wisconsin","return_normal","Past",2020-05-02,"latent_trend",NA,NA,NA,0.486376629461581,NA,NA,NA,NA
"Wisconsin","status_quo","Past",2020-05-02,"latent_trend",NA,NA,NA,0.486376629461581,NA,NA,NA,NA
"Wisconsin","linear_increase_sd","Past",2020-05-02,"mobility_trend",NA,NA,NA,0.681789573222805,NA,NA,NA,NA
"Wisconsin","return_normal","Past",2020-05-02,"mobility_trend",NA,NA,NA,0.681789573222805,NA,NA,NA,NA
"Wisconsin","status_quo","Past",2020-05-02,"mobility_trend",NA,NA,NA,0.681789573222805,NA,NA,NA,NA
"Wisconsin",NA,"Past",2020-05-03,"actual_cumulative_cases",NA,NA,NA,9226,NA,NA,NA,NA
"Wisconsin",NA,"Past",2020-05-03,"actual_cumulative_deaths",NA,NA,NA,336,NA,NA,NA,NA
"Wisconsin",NA,"Past",2020-05-03,"actual_daily_cases",NA,NA,NA,307,NA,NA,NA,NA
"Wisconsin",NA,"Past",2020-05-03,"actual_daily_deaths",NA,NA,NA,5,NA,NA,NA,NA
"Wisconsin","linear_increase_sd","Past",2020-05-03,"combined_trend",NA,NA,NA,0.321318567028868,NA,NA,NA,NA
"Wisconsin","return_normal","Past",2020-05-03,"combined_trend",NA,NA,NA,0.321318567028868,NA,NA,NA,NA
"Wisconsin","status_quo","Past",2020-05-03,"combined_trend",NA,NA,NA,0.321318567028868,NA,NA,NA,NA
"Wisconsin","linear_increase_sd","Past",2020-05-03,"cumulative_all_infections",40615,40615,40615,42136,41744,43875,43875,43875
"Wisconsin","return_normal","Past",2020-05-03,"cumulative_all_infections",40615,40615,40615,42136,41744,43875,43875,43875
"Wisconsin","status_quo","Past",2020-05-03,"cumulative_all_infections",40615,40615,40615,42136,41744,43875,43875,43875
"Wisconsin","linear_increase_sd","Past",2020-05-03,"cumulative_cases",8954,8954,8954,9286,9221,9627,9627,9627
"Wisconsin","return_normal","Past",2020-05-03,"cumulative_cases",8954,8954,8954,9286,9221,9627,9627,9627
"Wisconsin","status_quo","Past",2020-05-03,"cumulative_cases",8954,8954,8954,9286,9221,9627,9627,9627
"Wisconsin","linear_increase_sd","Past",2020-05-03,"cumulative_deaths",217,217,217,227,226,242,242,242
"Wisconsin","return_normal","Past",2020-05-03,"cumulative_deaths",217,217,217,227,226,242,242,242
"Wisconsin","status_quo","Past",2020-05-03,"cumulative_deaths",217,217,217,227,226,242,242,242
"Wisconsin","linear_increase_sd","Past",2020-05-03,"cumulative_hosps",909,909,909,941,930,986,986,986
"Wisconsin","return_normal","Past",2020-05-03,"cumulative_hosps",909,909,909,941,930,986,986,986
"Wisconsin","status_quo","Past",2020-05-03,"cumulative_hosps",909,909,909,941,930,986,986,986
"Wisconsin","linear_increase_sd","Past",2020-05-03,"daily_all_infections",932,932,932,1015,1046,1079,1079,1079
"Wisconsin","return_normal","Past",2020-05-03,"daily_all_infections",932,932,932,1015,1046,1079,1079,1079
"Wisconsin","status_quo","Past",2020-05-03,"daily_all_infections",932,932,932,1015,1046,1079,1079,1079
"Wisconsin","linear_increase_sd","Past",2020-05-03,"daily_cases",313,313,313,338,337,359,359,359
"Wisconsin","return_normal","Past",2020-05-03,"daily_cases",313,313,313,338,337,359,359,359
"Wisconsin","status_quo","Past",2020-05-03,"daily_cases",313,313,313,338,337,359,359,359
"Wisconsin","linear_increase_sd","Past",2020-05-03,"daily_deaths",6,6,6,6,6,6,6,6
"Wisconsin","return_normal","Past",2020-05-03,"daily_deaths",6,6,6,6,6,6,6,6
"Wisconsin","status_quo","Past",2020-05-03,"daily_deaths",6,6,6,6,6,6,6,6
"Wisconsin","linear_increase_sd","Past",2020-05-03,"daily_hosps",35,35,35,36,36,37,37,37
"Wisconsin","return_normal","Past",2020-05-03,"daily_hosps",35,35,35,36,36,37,37,37
"Wisconsin","status_quo","Past",2020-05-03,"daily_hosps",35,35,35,36,36,37,37,37
"Wisconsin","linear_increase_sd","Past",2020-05-03,"latent_trend",NA,NA,NA,0.465190288186112,NA,NA,NA,NA
"Wisconsin","return_normal","Past",2020-05-03,"latent_trend",NA,NA,NA,0.465190288186112,NA,NA,NA,NA
"Wisconsin","status_quo","Past",2020-05-03,"latent_trend",NA,NA,NA,0.465190288186112,NA,NA,NA,NA
"Wisconsin","linear_increase_sd","Past",2020-05-03,"mobility_trend",NA,NA,NA,0.690725011224474,NA,NA,NA,NA
"Wisconsin","return_normal","Past",2020-05-03,"mobility_trend",NA,NA,NA,0.690725011224474,NA,NA,NA,NA
"Wisconsin","status_quo","Past",2020-05-03,"mobility_trend",NA,NA,NA,0.690725011224474,NA,NA,NA,NA
"Wisconsin",NA,"Past",2020-05-04,"actual_cumulative_cases",NA,NA,NA,9537,NA,NA,NA,NA
"Wisconsin",NA,"Past",2020-05-04,"actual_cumulative_deaths",NA,NA,NA,337,NA,NA,NA,NA
"Wisconsin",NA,"Past",2020-05-04,"actual_daily_cases",NA,NA,NA,311,NA,NA,NA,NA
"Wisconsin",NA,"Past",2020-05-04,"actual_daily_deaths",NA,NA,NA,1,NA,NA,NA,NA
"Wisconsin","linear_increase_sd","Past",2020-05-04,"combined_trend",NA,NA,NA,0.315173036628156,NA,NA,NA,NA
"Wisconsin","return_normal","Past",2020-05-04,"combined_trend",NA,NA,NA,0.315173036628156,NA,NA,NA,NA
"Wisconsin","status_quo","Past",2020-05-04,"combined_trend",NA,NA,NA,0.315173036628156,NA,NA,NA,NA
"Wisconsin","linear_increase_sd","Past",2020-05-04,"cumulative_all_infections",41532,41532,41532,43131,42770,44935,44935,44935
"Wisconsin","return_normal","Past",2020-05-04,"cumulative_all_infections",41532,41532,41532,43131,42770,44935,44935,44935
"Wisconsin","status_quo","Past",2020-05-04,"cumulative_all_infections",41532,41532,41532,43131,42770,44935,44935,44935
"Wisconsin","linear_increase_sd","Past",2020-05-04,"cumulative_cases",9260,9260,9260,9624,9571,9981,9981,9981
"Wisconsin","return_normal","Past",2020-05-04,"cumulative_cases",9260,9260,9260,9624,9571,9981,9981,9981
"Wisconsin","status_quo","Past",2020-05-04,"cumulative_cases",9260,9260,9260,9624,9571,9981,9981,9981
"Wisconsin","linear_increase_sd","Past",2020-05-04,"cumulative_deaths",224,224,224,233,232,248,248,248
"Wisconsin","return_normal","Past",2020-05-04,"cumulative_deaths",224,224,224,233,232,248,248,248
"Wisconsin","status_quo","Past",2020-05-04,"cumulative_deaths",224,224,224,233,232,248,248,248
"Wisconsin","linear_increase_sd","Past",2020-05-04,"cumulative_hosps",945,945,945,977,966,1022,1022,1022
"Wisconsin","return_normal","Past",2020-05-04,"cumulative_hosps",945,945,945,977,966,1022,1022,1022
"Wisconsin","status_quo","Past",2020-05-04,"cumulative_hosps",945,945,945,977,966,1022,1022,1022
"Wisconsin","linear_increase_sd","Past",2020-05-04,"daily_all_infections",917,917,917,996,1026,1060,1060,1060
"Wisconsin","return_normal","Past",2020-05-04,"daily_all_infections",917,917,917,996,1026,1060,1060,1060
"Wisconsin","status_quo","Past",2020-05-04,"daily_all_infections",917,917,917,996,1026,1060,1060,1060
"Wisconsin","linear_increase_sd","Past",2020-05-04,"daily_cases",306,306,306,339,347,354,354,354
"Wisconsin","return_normal","Past",2020-05-04,"daily_cases",306,306,306,339,347,354,354,354
"Wisconsin","status_quo","Past",2020-05-04,"daily_cases",306,306,306,339,347,354,354,354
"Wisconsin","linear_increase_sd","Past",2020-05-04,"daily_deaths",6,6,6,7,6,7,7,7
"Wisconsin","return_normal","Past",2020-05-04,"daily_deaths",6,6,6,7,6,7,7,7
"Wisconsin","status_quo","Past",2020-05-04,"daily_deaths",6,6,6,7,6,7,7,7
"Wisconsin","linear_increase_sd","Past",2020-05-04,"daily_hosps",36,36,36,37,36,38,38,38
"Wisconsin","return_normal","Past",2020-05-04,"daily_hosps",36,36,36,37,36,38,38,38
"Wisconsin","status_quo","Past",2020-05-04,"daily_hosps",36,36,36,37,36,38,38,38
"Wisconsin","linear_increase_sd","Past",2020-05-04,"latent_trend",NA,NA,NA,0.450102577621268,NA,NA,NA,NA
"Wisconsin","return_normal","Past",2020-05-04,"latent_trend",NA,NA,NA,0.450102577621268,NA,NA,NA,NA
"Wisconsin","status_quo","Past",2020-05-04,"latent_trend",NA,NA,NA,0.450102577621268,NA,NA,NA,NA
"Wisconsin","linear_increase_sd","Past",2020-05-04,"mobility_trend",NA,NA,NA,0.700224909383553,NA,NA,NA,NA
"Wisconsin","return_normal","Past",2020-05-04,"mobility_trend",NA,NA,NA,0.700224909383553,NA,NA,NA,NA
"Wisconsin","status_quo","Past",2020-05-04,"mobility_trend",NA,NA,NA,0.700224909383553,NA,NA,NA,NA
"Wisconsin",NA,"Past",2020-05-05,"actual_cumulative_cases",NA,NA,NA,9895,NA,NA,NA,NA
"Wisconsin",NA,"Past",2020-05-05,"actual_cumulative_deaths",NA,NA,NA,350,NA,NA,NA,NA
"Wisconsin",NA,"Past",2020-05-05,"actual_daily_cases",NA,NA,NA,358,NA,NA,NA,NA
"Wisconsin",NA,"Past",2020-05-05,"actual_daily_deaths",NA,NA,NA,13,NA,NA,NA,NA
"Wisconsin","linear_increase_sd","Past",2020-05-05,"combined_trend",NA,NA,NA,0.314051450826811,NA,NA,NA,NA
"Wisconsin","return_normal","Past",2020-05-05,"combined_trend",NA,NA,NA,0.314051450826811,NA,NA,NA,NA
"Wisconsin","status_quo","Past",2020-05-05,"combined_trend",NA,NA,NA,0.314051450826811,NA,NA,NA,NA
"Wisconsin","linear_increase_sd","Past",2020-05-05,"cumulative_all_infections",42440,42440,42440,44121,43788,45995,45995,45995
"Wisconsin","return_normal","Past",2020-05-05,"cumulative_all_infections",42440,42440,42440,44121,43788,45995,45995,45995
"Wisconsin","status_quo","Past",2020-05-05,"cumulative_all_infections",42440,42440,42440,44121,43788,45995,45995,45995
"Wisconsin","linear_increase_sd","Past",2020-05-05,"cumulative_cases",9574,9574,9574,9961,9915,10317,10317,10317
"Wisconsin","return_normal","Past",2020-05-05,"cumulative_cases",9574,9574,9574,9961,9915,10317,10317,10317
"Wisconsin","status_quo","Past",2020-05-05,"cumulative_cases",9574,9574,9574,9961,9915,10317,10317,10317
"Wisconsin","linear_increase_sd","Past",2020-05-05,"cumulative_deaths",230,230,230,240,239,255,255,255
"Wisconsin","return_normal","Past",2020-05-05,"cumulative_deaths",230,230,230,240,239,255,255,255
"Wisconsin","status_quo","Past",2020-05-05,"cumulative_deaths",230,230,230,240,239,255,255,255
"Wisconsin","linear_increase_sd","Past",2020-05-05,"cumulative_hosps",982,982,982,1016,1004,1060,1060,1060
"Wisconsin","return_normal","Past",2020-05-05,"cumulative_hosps",982,982,982,1016,1004,1060,1060,1060
"Wisconsin","status_quo","Past",2020-05-05,"cumulative_hosps",982,982,982,1016,1004,1060,1060,1060
"Wisconsin","linear_increase_sd","Past",2020-05-05,"daily_all_infections",908,908,908,990,1018,1060,1060,1060
"Wisconsin","return_normal","Past",2020-05-05,"daily_all_infections",908,908,908,990,1018,1060,1060,1060
"Wisconsin","status_quo","Past",2020-05-05,"daily_all_infections",908,908,908,990,1018,1060,1060,1060
"Wisconsin","linear_increase_sd","Past",2020-05-05,"daily_cases",314,314,314,337,336,355,355,355
"Wisconsin","return_normal","Past",2020-05-05,"daily_cases",314,314,314,337,336,355,355,355
"Wisconsin","status_quo","Past",2020-05-05,"daily_cases",314,314,314,337,336,355,355,355
"Wisconsin","linear_increase_sd","Past",2020-05-05,"daily_deaths",6,6,6,7,7,8,8,8
"Wisconsin","return_normal","Past",2020-05-05,"daily_deaths",6,6,6,7,7,8,8,8
"Wisconsin","status_quo","Past",2020-05-05,"daily_deaths",6,6,6,7,7,8,8,8
"Wisconsin","linear_increase_sd","Past",2020-05-05,"daily_hosps",37,37,37,39,38,39,39,39
"Wisconsin","return_normal","Past",2020-05-05,"daily_hosps",37,37,37,39,38,39,39,39
"Wisconsin","status_quo","Past",2020-05-05,"daily_hosps",37,37,37,39,38,39,39,39
"Wisconsin","linear_increase_sd","Past",2020-05-05,"latent_trend",NA,NA,NA,0.442277103065766,NA,NA,NA,NA
"Wisconsin","return_normal","Past",2020-05-05,"latent_trend",NA,NA,NA,0.442277103065766,NA,NA,NA,NA
"Wisconsin","status_quo","Past",2020-05-05,"latent_trend",NA,NA,NA,0.442277103065766,NA,NA,NA,NA
"Wisconsin","linear_increase_sd","Past",2020-05-05,"mobility_trend",NA,NA,NA,0.71007847489702,NA,NA,NA,NA
"Wisconsin","return_normal","Past",2020-05-05,"mobility_trend",NA,NA,NA,0.71007847489702,NA,NA,NA,NA
"Wisconsin","status_quo","Past",2020-05-05,"mobility_trend",NA,NA,NA,0.71007847489702,NA,NA,NA,NA
"Wisconsin",NA,"Past",2020-05-06,"actual_cumulative_cases",NA,NA,NA,10261,NA,NA,NA,NA
"Wisconsin",NA,"Past",2020-05-06,"actual_cumulative_deaths",NA,NA,NA,359,NA,NA,NA,NA
"Wisconsin",NA,"Past",2020-05-06,"actual_daily_cases",NA,NA,NA,366,NA,NA,NA,NA
"Wisconsin",NA,"Past",2020-05-06,"actual_daily_deaths",NA,NA,NA,9,NA,NA,NA,NA
"Wisconsin","linear_increase_sd","Past",2020-05-06,"combined_trend",NA,NA,NA,0.317795298172616,NA,NA,NA,NA
"Wisconsin","return_normal","Past",2020-05-06,"combined_trend",NA,NA,NA,0.317795298172616,NA,NA,NA,NA
"Wisconsin","status_quo","Past",2020-05-06,"combined_trend",NA,NA,NA,0.317795298172616,NA,NA,NA,NA
"Wisconsin","linear_increase_sd","Past",2020-05-06,"cumulative_all_infections",43355,43355,43355,45114,44803,47062,47062,47062
"Wisconsin","return_normal","Past",2020-05-06,"cumulative_all_infections",43355,43355,43355,45114,44803,47062,47062,47062
"Wisconsin","status_quo","Past",2020-05-06,"cumulative_all_infections",43355,43355,43355,45114,44803,47062,47062,47062
"Wisconsin","linear_increase_sd","Past",2020-05-06,"cumulative_cases",9902,9902,9902,10299,10238,10657,10657,10657
"Wisconsin","return_normal","Past",2020-05-06,"cumulative_cases",9902,9902,9902,10299,10238,10657,10657,10657
"Wisconsin","status_quo","Past",2020-05-06,"cumulative_cases",9902,9902,9902,10299,10238,10657,10657,10657
"Wisconsin","linear_increase_sd","Past",2020-05-06,"cumulative_deaths",237,237,237,247,246,262,262,262
"Wisconsin","return_normal","Past",2020-05-06,"cumulative_deaths",237,237,237,247,246,262,262,262
"Wisconsin","status_quo","Past",2020-05-06,"cumulative_deaths",237,237,237,247,246,262,262,262
"Wisconsin","linear_increase_sd","Past",2020-05-06,"cumulative_hosps",1018,1018,1018,1054,1042,1099,1099,1099
"Wisconsin","return_normal","Past",2020-05-06,"cumulative_hosps",1018,1018,1018,1054,1042,1099,1099,1099
"Wisconsin","status_quo","Past",2020-05-06,"cumulative_hosps",1018,1018,1018,1054,1042,1099,1099,1099
"Wisconsin","linear_increase_sd","Past",2020-05-06,"daily_all_infections",914,914,914,994,1015,1067,1067,1067
"Wisconsin","return_normal","Past",2020-05-06,"daily_all_infections",914,914,914,994,1015,1067,1067,1067
"Wisconsin","status_quo","Past",2020-05-06,"daily_all_infections",914,914,914,994,1015,1067,1067,1067
"Wisconsin","linear_increase_sd","Past",2020-05-06,"daily_cases",323,323,323,338,340,354,354,354
"Wisconsin","return_normal","Past",2020-05-06,"daily_cases",323,323,323,338,340,354,354,354
"Wisconsin","status_quo","Past",2020-05-06,"daily_cases",323,323,323,338,340,354,354,354
"Wisconsin","linear_increase_sd","Past",2020-05-06,"daily_deaths",6,6,6,7,7,7,7,7
"Wisconsin","return_normal","Past",2020-05-06,"daily_deaths",6,6,6,7,7,7,7,7
"Wisconsin","status_quo","Past",2020-05-06,"daily_deaths",6,6,6,7,7,7,7,7
"Wisconsin","linear_increase_sd","Past",2020-05-06,"daily_hosps",36,36,36,39,39,40,40,40
"Wisconsin","return_normal","Past",2020-05-06,"daily_hosps",36,36,36,39,39,40,40,40
"Wisconsin","status_quo","Past",2020-05-06,"daily_hosps",36,36,36,39,39,40,40,40
"Wisconsin","linear_increase_sd","Past",2020-05-06,"latent_trend",NA,NA,NA,0.441374988149159,NA,NA,NA,NA
"Wisconsin","return_normal","Past",2020-05-06,"latent_trend",NA,NA,NA,0.441374988149159,NA,NA,NA,NA
"Wisconsin","status_quo","Past",2020-05-06,"latent_trend",NA,NA,NA,0.441374988149159,NA,NA,NA,NA
"Wisconsin","linear_increase_sd","Past",2020-05-06,"mobility_trend",NA,NA,NA,0.720012023121754,NA,NA,NA,NA
"Wisconsin","return_normal","Past",2020-05-06,"mobility_trend",NA,NA,NA,0.720012023121754,NA,NA,NA,NA
"Wisconsin","status_quo","Past",2020-05-06,"mobility_trend",NA,NA,NA,0.720012023121754,NA,NA,NA,NA
"Wisconsin",NA,"Past",2020-05-07,"actual_cumulative_cases",NA,NA,NA,10620,NA,NA,NA,NA
"Wisconsin",NA,"Past",2020-05-07,"actual_cumulative_deaths",NA,NA,NA,371,NA,NA,NA,NA
"Wisconsin",NA,"Past",2020-05-07,"actual_daily_cases",NA,NA,NA,359,NA,NA,NA,NA
"Wisconsin",NA,"Past",2020-05-07,"actual_daily_deaths",NA,NA,NA,12,NA,NA,NA,NA
"Wisconsin","linear_increase_sd","Past",2020-05-07,"combined_trend",NA,NA,NA,0.325629848489044,NA,NA,NA,NA
"Wisconsin","return_normal","Past",2020-05-07,"combined_trend",NA,NA,NA,0.325629848489044,NA,NA,NA,NA
"Wisconsin","status_quo","Past",2020-05-07,"combined_trend",NA,NA,NA,0.325629848489044,NA,NA,NA,NA
"Wisconsin","linear_increase_sd","Past",2020-05-07,"cumulative_all_infections",44292,44292,44292,46125,45835,48148,48148,48148
"Wisconsin","return_normal","Past",2020-05-07,"cumulative_all_infections",44292,44292,44292,46125,45835,48148,48148,48148
"Wisconsin","status_quo","Past",2020-05-07,"cumulative_all_infections",44292,44292,44292,46125,45835,48148,48148,48148
"Wisconsin","linear_increase_sd","Past",2020-05-07,"cumulative_cases",10222,10222,10222,10632,10554,10995,10995,10995
"Wisconsin","return_normal","Past",2020-05-07,"cumulative_cases",10222,10222,10222,10632,10554,10995,10995,10995
"Wisconsin","status_quo","Past",2020-05-07,"cumulative_cases",10222,10222,10222,10632,10554,10995,10995,10995
"Wisconsin","linear_increase_sd","Past",2020-05-07,"cumulative_deaths",243,243,243,254,252,269,269,269
"Wisconsin","return_normal","Past",2020-05-07,"cumulative_deaths",243,243,243,254,252,269,269,269
"Wisconsin","status_quo","Past",2020-05-07,"cumulative_deaths",243,243,243,254,252,269,269,269
"Wisconsin","linear_increase_sd","Past",2020-05-07,"cumulative_hosps",1055,1055,1055,1093,1082,1138,1138,1138
"Wisconsin","return_normal","Past",2020-05-07,"cumulative_hosps",1055,1055,1055,1093,1082,1138,1138,1138
"Wisconsin","status_quo","Past",2020-05-07,"cumulative_hosps",1055,1055,1055,1093,1082,1138,1138,1138
"Wisconsin","linear_increase_sd","Past",2020-05-07,"daily_all_infections",933,933,933,1011,1032,1086,1086,1086
"Wisconsin","return_normal","Past",2020-05-07,"daily_all_infections",933,933,933,1011,1032,1086,1086,1086
"Wisconsin","status_quo","Past",2020-05-07,"daily_all_infections",933,933,933,1011,1032,1086,1086,1086
"Wisconsin","linear_increase_sd","Past",2020-05-07,"daily_cases",316,316,316,334,338,353,353,353
"Wisconsin","return_normal","Past",2020-05-07,"daily_cases",316,316,316,334,338,353,353,353
"Wisconsin","status_quo","Past",2020-05-07,"daily_cases",316,316,316,334,338,353,353,353
"Wisconsin","linear_increase_sd","Past",2020-05-07,"daily_deaths",6,6,6,7,7,8,8,8
"Wisconsin","return_normal","Past",2020-05-07,"daily_deaths",6,6,6,7,7,8,8,8
"Wisconsin","status_quo","Past",2020-05-07,"daily_deaths",6,6,6,7,7,8,8,8
"Wisconsin","linear_increase_sd","Past",2020-05-07,"daily_hosps",37,37,37,40,40,40,40,40
"Wisconsin","return_normal","Past",2020-05-07,"daily_hosps",37,37,37,40,40,40,40,40
"Wisconsin","status_quo","Past",2020-05-07,"daily_hosps",37,37,37,40,40,40,40,40
"Wisconsin","linear_increase_sd","Past",2020-05-07,"latent_trend",NA,NA,NA,0.446198260501182,NA,NA,NA,NA
"Wisconsin","return_normal","Past",2020-05-07,"latent_trend",NA,NA,NA,0.446198260501182,NA,NA,NA,NA
"Wisconsin","status_quo","Past",2020-05-07,"latent_trend",NA,NA,NA,0.446198260501182,NA,NA,NA,NA
"Wisconsin","linear_increase_sd","Past",2020-05-07,"mobility_trend",NA,NA,NA,0.729787355341294,NA,NA,NA,NA
"Wisconsin","return_normal","Past",2020-05-07,"mobility_trend",NA,NA,NA,0.729787355341294,NA,NA,NA,NA
"Wisconsin","status_quo","Past",2020-05-07,"mobility_trend",NA,NA,NA,0.729787355341294,NA,NA,NA,NA
"Wisconsin",NA,"Past",2020-05-08,"actual_cumulative_cases",NA,NA,NA,11029,NA,NA,NA,NA
"Wisconsin",NA,"Past",2020-05-08,"actual_cumulative_deaths",NA,NA,NA,381,NA,NA,NA,NA
"Wisconsin",NA,"Past",2020-05-08,"actual_daily_cases",NA,NA,NA,409,NA,NA,NA,NA
"Wisconsin",NA,"Past",2020-05-08,"actual_daily_deaths",NA,NA,NA,10,NA,NA,NA,NA
"Wisconsin","linear_increase_sd","Past",2020-05-08,"combined_trend",NA,NA,NA,0.336838791646546,NA,NA,NA,NA
"Wisconsin","return_normal","Past",2020-05-08,"combined_trend",NA,NA,NA,0.336838791646546,NA,NA,NA,NA
"Wisconsin","status_quo","Past",2020-05-08,"combined_trend",NA,NA,NA,0.336838791646546,NA,NA,NA,NA
"Wisconsin","linear_increase_sd","Past",2020-05-08,"cumulative_all_infections",45257,45257,45257,47158,46883,49254,49254,49254
"Wisconsin","return_normal","Past",2020-05-08,"cumulative_all_infections",45257,45257,45257,47158,46883,49254,49254,49254
"Wisconsin","status_quo","Past",2020-05-08,"cumulative_all_infections",45257,45257,45257,47158,46883,49254,49254,49254
"Wisconsin","linear_increase_sd","Past",2020-05-08,"cumulative_cases",10514,10514,10514,10957,10869,11347,11347,11347
"Wisconsin","return_normal","Past",2020-05-08,"cumulative_cases",10514,10514,10514,10957,10869,11347,11347,11347
"Wisconsin","status_quo","Past",2020-05-08,"cumulative_cases",10514,10514,10514,10957,10869,11347,11347,11347
"Wisconsin","linear_increase_sd","Past",2020-05-08,"cumulative_deaths",250,250,250,261,259,277,277,277
"Wisconsin","return_normal","Past",2020-05-08,"cumulative_deaths",250,250,250,261,259,277,277,277
"Wisconsin","status_quo","Past",2020-05-08,"cumulative_deaths",250,250,250,261,259,277,277,277
"Wisconsin","linear_increase_sd","Past",2020-05-08,"cumulative_hosps",1092,1092,1092,1133,1123,1178,1178,1178
"Wisconsin","return_normal","Past",2020-05-08,"cumulative_hosps",1092,1092,1092,1133,1123,1178,1178,1178
"Wisconsin","status_quo","Past",2020-05-08,"cumulative_hosps",1092,1092,1092,1133,1123,1178,1178,1178
"Wisconsin","linear_increase_sd","Past",2020-05-08,"daily_all_infections",961,961,961,1034,1048,1106,1106,1106
"Wisconsin","return_normal","Past",2020-05-08,"daily_all_infections",961,961,961,1034,1048,1106,1106,1106
"Wisconsin","status_quo","Past",2020-05-08,"daily_all_infections",961,961,961,1034,1048,1106,1106,1106
"Wisconsin","linear_increase_sd","Past",2020-05-08,"daily_cases",292,292,292,325,326,352,352,352
"Wisconsin","return_normal","Past",2020-05-08,"daily_cases",292,292,292,325,326,352,352,352
"Wisconsin","status_quo","Past",2020-05-08,"daily_cases",292,292,292,325,326,352,352,352
"Wisconsin","linear_increase_sd","Past",2020-05-08,"daily_deaths",7,7,7,8,7,8,8,8
"Wisconsin","return_normal","Past",2020-05-08,"daily_deaths",7,7,7,8,7,8,8,8
"Wisconsin","status_quo","Past",2020-05-08,"daily_deaths",7,7,7,8,7,8,8,8
"Wisconsin","linear_increase_sd","Past",2020-05-08,"daily_hosps",37,37,37,40,40,41,41,41
"Wisconsin","return_normal","Past",2020-05-08,"daily_hosps",37,37,37,40,40,41,41,41
"Wisconsin","status_quo","Past",2020-05-08,"daily_hosps",37,37,37,40,40,41,41,41
"Wisconsin","linear_increase_sd","Past",2020-05-08,"latent_trend",NA,NA,NA,0.45557472807112,NA,NA,NA,NA
"Wisconsin","return_normal","Past",2020-05-08,"latent_trend",NA,NA,NA,0.45557472807112,NA,NA,NA,NA
"Wisconsin","status_quo","Past",2020-05-08,"latent_trend",NA,NA,NA,0.45557472807112,NA,NA,NA,NA
"Wisconsin","linear_increase_sd","Past",2020-05-08,"mobility_trend",NA,NA,NA,0.739371108385893,NA,NA,NA,NA
"Wisconsin","return_normal","Past",2020-05-08,"mobility_trend",NA,NA,NA,0.739371108385893,NA,NA,NA,NA
"Wisconsin","status_quo","Past",2020-05-08,"mobility_trend",NA,NA,NA,0.739371108385893,NA,NA,NA,NA
"Wisconsin",NA,"Past",2020-05-09,"actual_cumulative_cases",NA,NA,NA,11401,NA,NA,NA,NA
"Wisconsin",NA,"Past",2020-05-09,"actual_cumulative_deaths",NA,NA,NA,395,NA,NA,NA,NA
"Wisconsin",NA,"Past",2020-05-09,"actual_daily_cases",NA,NA,NA,372,NA,NA,NA,NA
"Wisconsin",NA,"Past",2020-05-09,"actual_daily_deaths",NA,NA,NA,14,NA,NA,NA,NA
"Wisconsin","linear_increase_sd","Past",2020-05-09,"combined_trend",NA,NA,NA,0.350679933136985,NA,NA,NA,NA
"Wisconsin","return_normal","Past",2020-05-09,"combined_trend",NA,NA,NA,0.350679933136985,NA,NA,NA,NA
"Wisconsin","status_quo","Past",2020-05-09,"combined_trend",NA,NA,NA,0.350679933136985,NA,NA,NA,NA
"Wisconsin","linear_increase_sd","Past",2020-05-09,"cumulative_all_infections",46257,46257,46257,48221,47949,50381,50381,50381
"Wisconsin","return_normal","Past",2020-05-09,"cumulative_all_infections",46257,46257,46257,48221,47949,50381,50381,50381
"Wisconsin","status_quo","Past",2020-05-09,"cumulative_all_infections",46257,46257,46257,48221,47949,50381,50381,50381
"Wisconsin","linear_increase_sd","Past",2020-05-09,"cumulative_cases",10813,10813,10813,11278,11203,11677,11677,11677
"Wisconsin","return_normal","Past",2020-05-09,"cumulative_cases",10813,10813,10813,11278,11203,11677,11677,11677
"Wisconsin","status_quo","Past",2020-05-09,"cumulative_cases",10813,10813,10813,11278,11203,11677,11677,11677
"Wisconsin","linear_increase_sd","Past",2020-05-09,"cumulative_deaths",258,258,258,269,267,285,285,285
"Wisconsin","return_normal","Past",2020-05-09,"cumulative_deaths",258,258,258,269,267,285,285,285
"Wisconsin","status_quo","Past",2020-05-09,"cumulative_deaths",258,258,258,269,267,285,285,285
"Wisconsin","linear_increase_sd","Past",2020-05-09,"cumulative_hosps",1129,1129,1129,1173,1164,1218,1218,1218
"Wisconsin","return_normal","Past",2020-05-09,"cumulative_hosps",1129,1129,1129,1173,1164,1218,1218,1218
"Wisconsin","status_quo","Past",2020-05-09,"cumulative_hosps",1129,1129,1129,1173,1164,1218,1218,1218
"Wisconsin","linear_increase_sd","Past",2020-05-09,"daily_all_infections",1000,1000,1000,1063,1066,1127,1127,1127
"Wisconsin","return_normal","Past",2020-05-09,"daily_all_infections",1000,1000,1000,1063,1066,1127,1127,1127
"Wisconsin","status_quo","Past",2020-05-09,"daily_all_infections",1000,1000,1000,1063,1066,1127,1127,1127
"Wisconsin","linear_increase_sd","Past",2020-05-09,"daily_cases",299,299,299,322,330,339,339,339
"Wisconsin","return_normal","Past",2020-05-09,"daily_cases",299,299,299,322,330,339,339,339
"Wisconsin","status_quo","Past",2020-05-09,"daily_cases",299,299,299,322,330,339,339,339
"Wisconsin","linear_increase_sd","Past",2020-05-09,"daily_deaths",7,7,7,8,8,8,8,8
"Wisconsin","return_normal","Past",2020-05-09,"daily_deaths",7,7,7,8,8,8,8,8
"Wisconsin","status_quo","Past",2020-05-09,"daily_deaths",7,7,7,8,8,8,8,8
"Wisconsin","linear_increase_sd","Past",2020-05-09,"daily_hosps",37,37,37,41,40,43,43,43
"Wisconsin","return_normal","Past",2020-05-09,"daily_hosps",37,37,37,41,40,43,43,43
"Wisconsin","status_quo","Past",2020-05-09,"daily_hosps",37,37,37,41,40,43,43,43
"Wisconsin","linear_increase_sd","Past",2020-05-09,"latent_trend",NA,NA,NA,0.468334363723269,NA,NA,NA,NA
"Wisconsin","return_normal","Past",2020-05-09,"latent_trend",NA,NA,NA,0.468334363723269,NA,NA,NA,NA
"Wisconsin","status_quo","Past",2020-05-09,"latent_trend",NA,NA,NA,0.468334363723269,NA,NA,NA,NA
"Wisconsin","linear_increase_sd","Past",2020-05-09,"mobility_trend",NA,NA,NA,0.748781127972484,NA,NA,NA,NA
"Wisconsin","return_normal","Past",2020-05-09,"mobility_trend",NA,NA,NA,0.748781127972484,NA,NA,NA,NA
"Wisconsin","status_quo","Past",2020-05-09,"mobility_trend",NA,NA,NA,0.748781127972484,NA,NA,NA,NA
"Wisconsin",NA,"Past",2020-05-10,"actual_cumulative_cases",NA,NA,NA,11693,NA,NA,NA,NA
"Wisconsin",NA,"Past",2020-05-10,"actual_cumulative_deaths",NA,NA,NA,397,NA,NA,NA,NA
"Wisconsin",NA,"Past",2020-05-10,"actual_daily_cases",NA,NA,NA,292,NA,NA,NA,NA
"Wisconsin",NA,"Past",2020-05-10,"actual_daily_deaths",NA,NA,NA,2,NA,NA,NA,NA
"Wisconsin","linear_increase_sd","Past",2020-05-10,"combined_trend",NA,NA,NA,0.366348451514143,NA,NA,NA,NA
"Wisconsin","return_normal","Past",2020-05-10,"combined_trend",NA,NA,NA,0.366348451514143,NA,NA,NA,NA
"Wisconsin","status_quo","Past",2020-05-10,"combined_trend",NA,NA,NA,0.366348451514143,NA,NA,NA,NA
"Wisconsin","linear_increase_sd","Past",2020-05-10,"cumulative_all_infections",47306,47306,47306,49325,49051,51550,51550,51550
"Wisconsin","return_normal","Past",2020-05-10,"cumulative_all_infections",47306,47306,47306,49325,49051,51550,51550,51550
"Wisconsin","status_quo","Past",2020-05-10,"cumulative_all_infections",47306,47306,47306,49325,49051,51550,51550,51550
"Wisconsin","linear_increase_sd","Past",2020-05-10,"cumulative_cases",11119,11119,11119,11593,11529,12002,12002,12002
"Wisconsin","return_normal","Past",2020-05-10,"cumulative_cases",11119,11119,11119,11593,11529,12002,12002,12002
"Wisconsin","status_quo","Past",2020-05-10,"cumulative_cases",11119,11119,11119,11593,11529,12002,12002,12002
"Wisconsin","linear_increase_sd","Past",2020-05-10,"cumulative_deaths",264,264,264,276,274,292,292,292
"Wisconsin","return_normal","Past",2020-05-10,"cumulative_deaths",264,264,264,276,274,292,292,292
"Wisconsin","status_quo","Past",2020-05-10,"cumulative_deaths",264,264,264,276,274,292,292,292
"Wisconsin","linear_increase_sd","Past",2020-05-10,"cumulative_hosps",1166,1166,1166,1212,1202,1258,1258,1258
"Wisconsin","return_normal","Past",2020-05-10,"cumulative_hosps",1166,1166,1166,1212,1202,1258,1258,1258
"Wisconsin","status_quo","Past",2020-05-10,"cumulative_hosps",1166,1166,1166,1212,1202,1258,1258,1258
"Wisconsin","linear_increase_sd","Past",2020-05-10,"daily_all_infections",1049,1049,1049,1105,1102,1169,1169,1169
"Wisconsin","return_normal","Past",2020-05-10,"daily_all_infections",1049,1049,1049,1105,1102,1169,1169,1169
"Wisconsin","status_quo","Past",2020-05-10,"daily_all_infections",1049,1049,1049,1105,1102,1169,1169,1169
"Wisconsin","linear_increase_sd","Past",2020-05-10,"daily_cases",287,287,287,315,325,328,328,328
"Wisconsin","return_normal","Past",2020-05-10,"daily_cases",287,287,287,315,325,328,328,328
"Wisconsin","status_quo","Past",2020-05-10,"daily_cases",287,287,287,315,325,328,328,328
"Wisconsin","linear_increase_sd","Past",2020-05-10,"daily_deaths",6,6,6,8,7,9,9,9
"Wisconsin","return_normal","Past",2020-05-10,"daily_deaths",6,6,6,8,7,9,9,9
"Wisconsin","status_quo","Past",2020-05-10,"daily_deaths",6,6,6,8,7,9,9,9
"Wisconsin","linear_increase_sd","Past",2020-05-10,"daily_hosps",37,37,37,40,40,41,41,41
"Wisconsin","return_normal","Past",2020-05-10,"daily_hosps",37,37,37,40,40,41,41,41
"Wisconsin","status_quo","Past",2020-05-10,"daily_hosps",37,37,37,40,40,41,41,41
"Wisconsin","linear_increase_sd","Past",2020-05-10,"latent_trend",NA,NA,NA,0.483282866257649,NA,NA,NA,NA
"Wisconsin","return_normal","Past",2020-05-10,"latent_trend",NA,NA,NA,0.483282866257649,NA,NA,NA,NA
"Wisconsin","status_quo","Past",2020-05-10,"latent_trend",NA,NA,NA,0.483282866257649,NA,NA,NA,NA
"Wisconsin","linear_increase_sd","Past",2020-05-10,"mobility_trend",NA,NA,NA,0.758041464103622,NA,NA,NA,NA
"Wisconsin","return_normal","Past",2020-05-10,"mobility_trend",NA,NA,NA,0.758041464103622,NA,NA,NA,NA
"Wisconsin","status_quo","Past",2020-05-10,"mobility_trend",NA,NA,NA,0.758041464103622,NA,NA,NA,NA
"Wisconsin",NA,"Past",2020-05-11,"actual_cumulative_cases",NA,NA,NA,11919,NA,NA,NA,NA
"Wisconsin",NA,"Past",2020-05-11,"actual_cumulative_deaths",NA,NA,NA,406,NA,NA,NA,NA
"Wisconsin",NA,"Past",2020-05-11,"actual_daily_cases",NA,NA,NA,226,NA,NA,NA,NA
"Wisconsin",NA,"Past",2020-05-11,"actual_daily_deaths",NA,NA,NA,9,NA,NA,NA,NA
"Wisconsin","linear_increase_sd","Past",2020-05-11,"combined_trend",NA,NA,NA,0.382982808343902,NA,NA,NA,NA
"Wisconsin","return_normal","Past",2020-05-11,"combined_trend",NA,NA,NA,0.382982808343902,NA,NA,NA,NA
"Wisconsin","status_quo","Past",2020-05-11,"combined_trend",NA,NA,NA,0.382982808343902,NA,NA,NA,NA
"Wisconsin","linear_increase_sd","Past",2020-05-11,"cumulative_all_infections",48401,48401,48401,50474,50188,52760,52760,52760
"Wisconsin","return_normal","Past",2020-05-11,"cumulative_all_infections",48401,48401,48401,50474,50188,52760,52760,52760
"Wisconsin","status_quo","Past",2020-05-11,"cumulative_all_infections",48401,48401,48401,50474,50188,52760,52760,52760
"Wisconsin","linear_increase_sd","Past",2020-05-11,"cumulative_cases",11421,11421,11421,11910,11838,12346,12346,12346
"Wisconsin","return_normal","Past",2020-05-11,"cumulative_cases",11421,11421,11421,11910,11838,12346,12346,12346
"Wisconsin","status_quo","Past",2020-05-11,"cumulative_cases",11421,11421,11421,11910,11838,12346,12346,12346
"Wisconsin","linear_increase_sd","Past",2020-05-11,"cumulative_deaths",270,270,270,283,280,300,300,300
"Wisconsin","return_normal","Past",2020-05-11,"cumulative_deaths",270,270,270,283,280,300,300,300
"Wisconsin","status_quo","Past",2020-05-11,"cumulative_deaths",270,270,270,283,280,300,300,300
"Wisconsin","linear_increase_sd","Past",2020-05-11,"cumulative_hosps",1204,1204,1204,1252,1241,1298,1298,1298
"Wisconsin","return_normal","Past",2020-05-11,"cumulative_hosps",1204,1204,1204,1252,1241,1298,1298,1298
"Wisconsin","status_quo","Past",2020-05-11,"cumulative_hosps",1204,1204,1204,1252,1241,1298,1298,1298
"Wisconsin","linear_increase_sd","Past",2020-05-11,"daily_all_infections",1095,1095,1095,1149,1137,1210,1210,1210
"Wisconsin","return_normal","Past",2020-05-11,"daily_all_infections",1095,1095,1095,1149,1137,1210,1210,1210
"Wisconsin","status_quo","Past",2020-05-11,"daily_all_infections",1095,1095,1095,1149,1137,1210,1210,1210
"Wisconsin","linear_increase_sd","Past",2020-05-11,"daily_cases",299,299,299,318,309,344,344,344
"Wisconsin","return_normal","Past",2020-05-11,"daily_cases",299,299,299,318,309,344,344,344
"Wisconsin","status_quo","Past",2020-05-11,"daily_cases",299,299,299,318,309,344,344,344
"Wisconsin","linear_increase_sd","Past",2020-05-11,"daily_deaths",6,6,6,7,7,8,8,8
"Wisconsin","return_normal","Past",2020-05-11,"daily_deaths",6,6,6,7,7,8,8,8
"Wisconsin","status_quo","Past",2020-05-11,"daily_deaths",6,6,6,7,7,8,8,8
"Wisconsin","linear_increase_sd","Past",2020-05-11,"daily_hosps",38,38,38,40,39,41,41,41
"Wisconsin","return_normal","Past",2020-05-11,"daily_hosps",38,38,38,40,39,41,41,41
"Wisconsin","status_quo","Past",2020-05-11,"daily_hosps",38,38,38,40,39,41,41,41
"Wisconsin","linear_increase_sd","Past",2020-05-11,"latent_trend",NA,NA,NA,0.499194886827288,NA,NA,NA,NA
"Wisconsin","return_normal","Past",2020-05-11,"latent_trend",NA,NA,NA,0.499194886827288,NA,NA,NA,NA
"Wisconsin","status_quo","Past",2020-05-11,"latent_trend",NA,NA,NA,0.499194886827288,NA,NA,NA,NA
"Wisconsin","linear_increase_sd","Past",2020-05-11,"mobility_trend",NA,NA,NA,0.767200983924354,NA,NA,NA,NA
"Wisconsin","return_normal","Past",2020-05-11,"mobility_trend",NA,NA,NA,0.767200983924354,NA,NA,NA,NA
"Wisconsin","status_quo","Past",2020-05-11,"mobility_trend",NA,NA,NA,0.767200983924354,NA,NA,NA,NA
"Wisconsin",NA,"Past",2020-05-12,"actual_cumulative_cases",NA,NA,NA,12130,NA,NA,NA,NA
"Wisconsin",NA,"Past",2020-05-12,"actual_cumulative_deaths",NA,NA,NA,415,NA,NA,NA,NA
"Wisconsin",NA,"Past",2020-05-12,"actual_daily_cases",NA,NA,NA,211,NA,NA,NA,NA
"Wisconsin",NA,"Past",2020-05-12,"actual_daily_deaths",NA,NA,NA,9,NA,NA,NA,NA
"Wisconsin","linear_increase_sd","Past",2020-05-12,"combined_trend",NA,NA,NA,0.399656907607561,NA,NA,NA,NA
"Wisconsin","return_normal","Past",2020-05-12,"combined_trend",NA,NA,NA,0.399656907607561,NA,NA,NA,NA
"Wisconsin","status_quo","Past",2020-05-12,"combined_trend",NA,NA,NA,0.399656907607561,NA,NA,NA,NA
"Wisconsin","linear_increase_sd","Past",2020-05-12,"cumulative_all_infections",49555,49555,49555,51672,51363,54011,54011,54011
"Wisconsin","return_normal","Past",2020-05-12,"cumulative_all_infections",49555,49555,49555,51672,51363,54011,54011,54011
"Wisconsin","status_quo","Past",2020-05-12,"cumulative_all_infections",49555,49555,49555,51672,51363,54011,54011,54011
"Wisconsin","linear_increase_sd","Past",2020-05-12,"cumulative_cases",11716,11716,11716,12231,12163,12685,12685,12685
"Wisconsin","return_normal","Past",2020-05-12,"cumulative_cases",11716,11716,11716,12231,12163,12685,12685,12685
"Wisconsin","status_quo","Past",2020-05-12,"cumulative_cases",11716,11716,11716,12231,12163,12685,12685,12685
"Wisconsin","linear_increase_sd","Past",2020-05-12,"cumulative_deaths",277,277,277,290,287,307,307,307
"Wisconsin","return_normal","Past",2020-05-12,"cumulative_deaths",277,277,277,290,287,307,307,307
"Wisconsin","status_quo","Past",2020-05-12,"cumulative_deaths",277,277,277,290,287,307,307,307
"Wisconsin","linear_increase_sd","Past",2020-05-12,"cumulative_hosps",1242,1242,1242,1291,1280,1338,1338,1338
"Wisconsin","return_normal","Past",2020-05-12,"cumulative_hosps",1242,1242,1242,1291,1280,1338,1338,1338
"Wisconsin","status_quo","Past",2020-05-12,"cumulative_hosps",1242,1242,1242,1291,1280,1338,1338,1338
"Wisconsin","linear_increase_sd","Past",2020-05-12,"daily_all_infections",1154,1154,1154,1198,1175,1251,1251,1251
"Wisconsin","return_normal","Past",2020-05-12,"daily_all_infections",1154,1154,1154,1198,1175,1251,1251,1251
"Wisconsin","status_quo","Past",2020-05-12,"daily_all_infections",1154,1154,1154,1198,1175,1251,1251,1251
"Wisconsin","linear_increase_sd","Past",2020-05-12,"daily_cases",295,295,295,321,325,339,339,339
"Wisconsin","return_normal","Past",2020-05-12,"daily_cases",295,295,295,321,325,339,339,339
"Wisconsin","status_quo","Past",2020-05-12,"daily_cases",295,295,295,321,325,339,339,339
"Wisconsin","linear_increase_sd","Past",2020-05-12,"daily_deaths",7,7,7,8,7,8,8,8
"Wisconsin","return_normal","Past",2020-05-12,"daily_deaths",7,7,7,8,7,8,8,8
"Wisconsin","status_quo","Past",2020-05-12,"daily_deaths",7,7,7,8,7,8,8,8
"Wisconsin","linear_increase_sd","Past",2020-05-12,"daily_hosps",38,38,38,40,40,41,41,41
"Wisconsin","return_normal","Past",2020-05-12,"daily_hosps",38,38,38,40,40,41,41,41
"Wisconsin","status_quo","Past",2020-05-12,"daily_hosps",38,38,38,40,40,41,41,41
"Wisconsin","linear_increase_sd","Past",2020-05-12,"latent_trend",NA,NA,NA,0.514825836627998,NA,NA,NA,NA
"Wisconsin","return_normal","Past",2020-05-12,"latent_trend",NA,NA,NA,0.514825836627998,NA,NA,NA,NA
"Wisconsin","status_quo","Past",2020-05-12,"latent_trend",NA,NA,NA,0.514825836627998,NA,NA,NA,NA
"Wisconsin","linear_increase_sd","Past",2020-05-12,"mobility_trend",NA,NA,NA,0.776295358883367,NA,NA,NA,NA
"Wisconsin","return_normal","Past",2020-05-12,"mobility_trend",NA,NA,NA,0.776295358883367,NA,NA,NA,NA
"Wisconsin","status_quo","Past",2020-05-12,"mobility_trend",NA,NA,NA,0.776295358883367,NA,NA,NA,NA
"Wisconsin",NA,"Past",2020-05-13,"actual_cumulative_cases",NA,NA,NA,12448,NA,NA,NA,NA
"Wisconsin",NA,"Past",2020-05-13,"actual_cumulative_deaths",NA,NA,NA,418,NA,NA,NA,NA
"Wisconsin",NA,"Past",2020-05-13,"actual_daily_cases",NA,NA,NA,318,NA,NA,NA,NA
"Wisconsin",NA,"Past",2020-05-13,"actual_daily_deaths",NA,NA,NA,3,NA,NA,NA,NA
"Wisconsin","linear_increase_sd","Past",2020-05-13,"combined_trend",NA,NA,NA,0.415362434806862,NA,NA,NA,NA
"Wisconsin","return_normal","Past",2020-05-13,"combined_trend",NA,NA,NA,0.415362434806862,NA,NA,NA,NA
"Wisconsin","status_quo","Past",2020-05-13,"combined_trend",NA,NA,NA,0.415362434806862,NA,NA,NA,NA
"Wisconsin","linear_increase_sd","Past",2020-05-13,"cumulative_all_infections",50778,50778,50778,52925,52583,55306,55306,55306
"Wisconsin","return_normal","Past",2020-05-13,"cumulative_all_infections",50778,50778,50778,52925,52583,55306,55306,55306
"Wisconsin","status_quo","Past",2020-05-13,"cumulative_all_infections",50778,50778,50778,52925,52583,55306,55306,55306
"Wisconsin","linear_increase_sd","Past",2020-05-13,"cumulative_cases",12028,12028,12028,12566,12489,13048,13048,13048
"Wisconsin","return_normal","Past",2020-05-13,"cumulative_cases",12028,12028,12028,12566,12489,13048,13048,13048
"Wisconsin","status_quo","Past",2020-05-13,"cumulative_cases",12028,12028,12028,12566,12489,13048,13048,13048
"Wisconsin","linear_increase_sd","Past",2020-05-13,"cumulative_deaths",284,284,284,297,294,315,315,315
"Wisconsin","return_normal","Past",2020-05-13,"cumulative_deaths",284,284,284,297,294,315,315,315
"Wisconsin","status_quo","Past",2020-05-13,"cumulative_deaths",284,284,284,297,294,315,315,315
"Wisconsin","linear_increase_sd","Past",2020-05-13,"cumulative_hosps",1279,1279,1279,1330,1319,1377,1377,1377
"Wisconsin","return_normal","Past",2020-05-13,"cumulative_hosps",1279,1279,1279,1330,1319,1377,1377,1377
"Wisconsin","status_quo","Past",2020-05-13,"cumulative_hosps",1279,1279,1279,1330,1319,1377,1377,1377
"Wisconsin","linear_increase_sd","Past",2020-05-13,"daily_all_infections",1220,1220,1220,1254,1238,1295,1295,1295
"Wisconsin","return_normal","Past",2020-05-13,"daily_all_infections",1220,1220,1220,1254,1238,1295,1295,1295
"Wisconsin","status_quo","Past",2020-05-13,"daily_all_infections",1220,1220,1220,1254,1238,1295,1295,1295
"Wisconsin","linear_increase_sd","Past",2020-05-13,"daily_cases",312,312,312,335,326,363,363,363
"Wisconsin","return_normal","Past",2020-05-13,"daily_cases",312,312,312,335,326,363,363,363
"Wisconsin","status_quo","Past",2020-05-13,"daily_cases",312,312,312,335,326,363,363,363
"Wisconsin","linear_increase_sd","Past",2020-05-13,"daily_deaths",6,6,6,7,7,8,8,8
"Wisconsin","return_normal","Past",2020-05-13,"daily_deaths",6,6,6,7,7,8,8,8
"Wisconsin","status_quo","Past",2020-05-13,"daily_deaths",6,6,6,7,7,8,8,8
"Wisconsin","linear_increase_sd","Past",2020-05-13,"daily_hosps",37,37,37,39,39,41,41,41
"Wisconsin","return_normal","Past",2020-05-13,"daily_hosps",37,37,37,39,39,41,41,41
"Wisconsin","status_quo","Past",2020-05-13,"daily_hosps",37,37,37,39,39,41,41,41
"Wisconsin","linear_increase_sd","Past",2020-05-13,"latent_trend",NA,NA,NA,0.528933663888159,NA,NA,NA,NA
"Wisconsin","return_normal","Past",2020-05-13,"latent_trend",NA,NA,NA,0.528933663888159,NA,NA,NA,NA
"Wisconsin","status_quo","Past",2020-05-13,"latent_trend",NA,NA,NA,0.528933663888159,NA,NA,NA,NA
"Wisconsin","linear_increase_sd","Past",2020-05-13,"mobility_trend",NA,NA,NA,0.785282660501429,NA,NA,NA,NA
"Wisconsin","return_normal","Past",2020-05-13,"mobility_trend",NA,NA,NA,0.785282660501429,NA,NA,NA,NA
"Wisconsin","status_quo","Past",2020-05-13,"mobility_trend",NA,NA,NA,0.785282660501429,NA,NA,NA,NA
"Wisconsin",NA,"Past",2020-05-14,"actual_cumulative_cases",NA,NA,NA,12868,NA,NA,NA,NA
"Wisconsin",NA,"Past",2020-05-14,"actual_cumulative_deaths",NA,NA,NA,431,NA,NA,NA,NA
"Wisconsin",NA,"Past",2020-05-14,"actual_daily_cases",NA,NA,NA,420,NA,NA,NA,NA
"Wisconsin",NA,"Past",2020-05-14,"actual_daily_deaths",NA,NA,NA,13,NA,NA,NA,NA
"Wisconsin","linear_increase_sd","Past",2020-05-14,"combined_trend",NA,NA,NA,0.429061971197768,NA,NA,NA,NA
"Wisconsin","return_normal","Past",2020-05-14,"combined_trend",NA,NA,NA,0.429061971197768,NA,NA,NA,NA
"Wisconsin","status_quo","Past",2020-05-14,"combined_trend",NA,NA,NA,0.429061971197768,NA,NA,NA,NA
"Wisconsin","linear_increase_sd","Past",2020-05-14,"cumulative_all_infections",52069,52069,52069,54237,53848,56650,56650,56650
"Wisconsin","return_normal","Past",2020-05-14,"cumulative_all_infections",52069,52069,52069,54237,53848,56650,56650,56650
"Wisconsin","status_quo","Past",2020-05-14,"cumulative_all_infections",52069,52069,52069,54237,53848,56650,56650,56650
"Wisconsin","linear_increase_sd","Past",2020-05-14,"cumulative_cases",12351,12351,12351,12903,12823,13392,13392,13392
"Wisconsin","return_normal","Past",2020-05-14,"cumulative_cases",12351,12351,12351,12903,12823,13392,13392,13392
"Wisconsin","status_quo","Past",2020-05-14,"cumulative_cases",12351,12351,12351,12903,12823,13392,13392,13392
"Wisconsin","linear_increase_sd","Past",2020-05-14,"cumulative_deaths",293,293,293,305,301,322,322,322
"Wisconsin","return_normal","Past",2020-05-14,"cumulative_deaths",293,293,293,305,301,322,322,322
"Wisconsin","status_quo","Past",2020-05-14,"cumulative_deaths",293,293,293,305,301,322,322,322
"Wisconsin","linear_increase_sd","Past",2020-05-14,"cumulative_hosps",1316,1316,1316,1369,1358,1418,1418,1418
"Wisconsin","return_normal","Past",2020-05-14,"cumulative_hosps",1316,1316,1316,1369,1358,1418,1418,1418
"Wisconsin","status_quo","Past",2020-05-14,"cumulative_hosps",1316,1316,1316,1369,1358,1418,1418,1418
"Wisconsin","linear_increase_sd","Past",2020-05-14,"daily_all_infections",1265,1265,1265,1312,1311,1347,1347,1347
"Wisconsin","return_normal","Past",2020-05-14,"daily_all_infections",1265,1265,1265,1312,1311,1347,1347,1347
"Wisconsin","status_quo","Past",2020-05-14,"daily_all_infections",1265,1265,1265,1312,1311,1347,1347,1347
"Wisconsin","linear_increase_sd","Past",2020-05-14,"daily_cases",320,320,320,338,334,367,367,367
"Wisconsin","return_normal","Past",2020-05-14,"daily_cases",320,320,320,338,334,367,367,367
"Wisconsin","status_quo","Past",2020-05-14,"daily_cases",320,320,320,338,334,367,367,367
"Wisconsin","linear_increase_sd","Past",2020-05-14,"daily_deaths",7,7,7,8,7,9,9,9
"Wisconsin","return_normal","Past",2020-05-14,"daily_deaths",7,7,7,8,7,9,9,9
"Wisconsin","status_quo","Past",2020-05-14,"daily_deaths",7,7,7,8,7,9,9,9
"Wisconsin","linear_increase_sd","Past",2020-05-14,"daily_hosps",37,37,37,40,39,42,42,42
"Wisconsin","return_normal","Past",2020-05-14,"daily_hosps",37,37,37,40,39,42,42,42
"Wisconsin","status_quo","Past",2020-05-14,"daily_hosps",37,37,37,40,39,42,42,42
"Wisconsin","linear_increase_sd","Past",2020-05-14,"latent_trend",NA,NA,NA,0.540298308972755,NA,NA,NA,NA
"Wisconsin","return_normal","Past",2020-05-14,"latent_trend",NA,NA,NA,0.540298308972755,NA,NA,NA,NA
"Wisconsin","status_quo","Past",2020-05-14,"latent_trend",NA,NA,NA,0.540298308972755,NA,NA,NA,NA
"Wisconsin","linear_increase_sd","Past",2020-05-14,"mobility_trend",NA,NA,NA,0.794120514671839,NA,NA,NA,NA
"Wisconsin","return_normal","Past",2020-05-14,"mobility_trend",NA,NA,NA,0.794120514671839,NA,NA,NA,NA
"Wisconsin","status_quo","Past",2020-05-14,"mobility_trend",NA,NA,NA,0.794120514671839,NA,NA,NA,NA
"Wisconsin",NA,"Past",2020-05-15,"actual_cumulative_cases",NA,NA,NA,13343,NA,NA,NA,NA
"Wisconsin",NA,"Past",2020-05-15,"actual_cumulative_deaths",NA,NA,NA,442,NA,NA,NA,NA
"Wisconsin",NA,"Past",2020-05-15,"actual_daily_cases",NA,NA,NA,475,NA,NA,NA,NA
"Wisconsin",NA,"Past",2020-05-15,"actual_daily_deaths",NA,NA,NA,11,NA,NA,NA,NA
"Wisconsin","linear_increase_sd","Past",2020-05-15,"combined_trend",NA,NA,NA,0.439738899579139,NA,NA,NA,NA
"Wisconsin","return_normal","Past",2020-05-15,"combined_trend",NA,NA,NA,0.439738899579139,NA,NA,NA,NA
"Wisconsin","status_quo","Past",2020-05-15,"combined_trend",NA,NA,NA,0.439738899579139,NA,NA,NA,NA
"Wisconsin","linear_increase_sd","Past",2020-05-15,"cumulative_all_infections",53432,53432,53432,55609,55156,58040,58040,58040
"Wisconsin","return_normal","Past",2020-05-15,"cumulative_all_infections",53432,53432,53432,55609,55156,58040,58040,58040
"Wisconsin","status_quo","Past",2020-05-15,"cumulative_all_infections",53432,53432,53432,55609,55156,58040,58040,58040
"Wisconsin","linear_increase_sd","Past",2020-05-15,"cumulative_cases",12680,12680,12680,13251,13185,13745,13745,13745
"Wisconsin","return_normal","Past",2020-05-15,"cumulative_cases",12680,12680,12680,13251,13185,13745,13745,13745
"Wisconsin","status_quo","Past",2020-05-15,"cumulative_cases",12680,12680,12680,13251,13185,13745,13745,13745
"Wisconsin","linear_increase_sd","Past",2020-05-15,"cumulative_deaths",300,300,300,312,310,329,329,329
"Wisconsin","return_normal","Past",2020-05-15,"cumulative_deaths",300,300,300,312,310,329,329,329
"Wisconsin","status_quo","Past",2020-05-15,"cumulative_deaths",300,300,300,312,310,329,329,329
"Wisconsin","linear_increase_sd","Past",2020-05-15,"cumulative_hosps",1353,1353,1353,1408,1397,1458,1458,1458
"Wisconsin","return_normal","Past",2020-05-15,"cumulative_hosps",1353,1353,1353,1408,1397,1458,1458,1458
"Wisconsin","status_quo","Past",2020-05-15,"cumulative_hosps",1353,1353,1353,1408,1397,1458,1458,1458
"Wisconsin","linear_increase_sd","Past",2020-05-15,"daily_all_infections",1308,1308,1308,1373,1390,1405,1405,1405
"Wisconsin","return_normal","Past",2020-05-15,"daily_all_infections",1308,1308,1308,1373,1390,1405,1405,1405
"Wisconsin","status_quo","Past",2020-05-15,"daily_all_infections",1308,1308,1308,1373,1390,1405,1405,1405
"Wisconsin","linear_increase_sd","Past",2020-05-15,"daily_cases",327,327,327,349,353,370,370,370
"Wisconsin","return_normal","Past",2020-05-15,"daily_cases",327,327,327,349,353,370,370,370
"Wisconsin","status_quo","Past",2020-05-15,"daily_cases",327,327,327,349,353,370,370,370
"Wisconsin","linear_increase_sd","Past",2020-05-15,"daily_deaths",7,7,7,8,7,9,9,9
"Wisconsin","return_normal","Past",2020-05-15,"daily_deaths",7,7,7,8,7,9,9,9
"Wisconsin","status_quo","Past",2020-05-15,"daily_deaths",7,7,7,8,7,9,9,9
"Wisconsin","linear_increase_sd","Past",2020-05-15,"daily_hosps",36,36,36,39,39,41,41,41
"Wisconsin","return_normal","Past",2020-05-15,"daily_hosps",36,36,36,39,39,41,41,41
"Wisconsin","status_quo","Past",2020-05-15,"daily_hosps",36,36,36,39,39,41,41,41
"Wisconsin","linear_increase_sd","Past",2020-05-15,"latent_trend",NA,NA,NA,0.547727572572985,NA,NA,NA,NA
"Wisconsin","return_normal","Past",2020-05-15,"latent_trend",NA,NA,NA,0.547727572572985,NA,NA,NA,NA
"Wisconsin","status_quo","Past",2020-05-15,"latent_trend",NA,NA,NA,0.547727572572985,NA,NA,NA,NA
"Wisconsin","linear_increase_sd","Past",2020-05-15,"mobility_trend",NA,NA,NA,0.802842364705939,NA,NA,NA,NA
"Wisconsin","return_normal","Past",2020-05-15,"mobility_trend",NA,NA,NA,0.802842364705939,NA,NA,NA,NA
"Wisconsin","status_quo","Past",2020-05-15,"mobility_trend",NA,NA,NA,0.802842364705939,NA,NA,NA,NA
"Wisconsin",NA,"Past",2020-05-16,"actual_cumulative_cases",NA,NA,NA,13877,NA,NA,NA,NA
"Wisconsin",NA,"Past",2020-05-16,"actual_cumulative_deaths",NA,NA,NA,450,NA,NA,NA,NA
"Wisconsin",NA,"Past",2020-05-16,"actual_daily_cases",NA,NA,NA,534,NA,NA,NA,NA
"Wisconsin",NA,"Past",2020-05-16,"actual_daily_deaths",NA,NA,NA,8,NA,NA,NA,NA
"Wisconsin","linear_increase_sd","Past",2020-05-16,"combined_trend",NA,NA,NA,0.446359373473864,NA,NA,NA,NA
"Wisconsin","return_normal","Past",2020-05-16,"combined_trend",NA,NA,NA,0.446359373473864,NA,NA,NA,NA
"Wisconsin","status_quo","Past",2020-05-16,"combined_trend",NA,NA,NA,0.446359373473864,NA,NA,NA,NA
"Wisconsin","linear_increase_sd","Past",2020-05-16,"cumulative_all_infections",54860,54860,54860,57035,56507,59475,59475,59475
"Wisconsin","return_normal","Past",2020-05-16,"cumulative_all_infections",54860,54860,54860,57035,56507,59475,59475,59475
"Wisconsin","status_quo","Past",2020-05-16,"cumulative_all_infections",54860,54860,54860,57035,56507,59475,59475,59475
"Wisconsin","linear_increase_sd","Past",2020-05-16,"cumulative_cases",13015,13015,13015,13607,13529,14110,14110,14110
"Wisconsin","return_normal","Past",2020-05-16,"cumulative_cases",13015,13015,13015,13607,13529,14110,14110,14110
"Wisconsin","status_quo","Past",2020-05-16,"cumulative_cases",13015,13015,13015,13607,13529,14110,14110,14110
"Wisconsin","linear_increase_sd","Past",2020-05-16,"cumulative_deaths",308,308,308,320,318,336,336,336
"Wisconsin","return_normal","Past",2020-05-16,"cumulative_deaths",308,308,308,320,318,336,336,336
"Wisconsin","status_quo","Past",2020-05-16,"cumulative_deaths",308,308,308,320,318,336,336,336
"Wisconsin","linear_increase_sd","Past",2020-05-16,"cumulative_hosps",1389,1389,1389,1447,1437,1500,1500,1500
"Wisconsin","return_normal","Past",2020-05-16,"cumulative_hosps",1389,1389,1389,1447,1437,1500,1500,1500
"Wisconsin","status_quo","Past",2020-05-16,"cumulative_hosps",1389,1389,1389,1447,1437,1500,1500,1500
"Wisconsin","linear_increase_sd","Past",2020-05-16,"daily_all_infections",1351,1351,1351,1426,1435,1465,1465,1465
"Wisconsin","return_normal","Past",2020-05-16,"daily_all_infections",1351,1351,1351,1426,1435,1465,1465,1465
"Wisconsin","status_quo","Past",2020-05-16,"daily_all_infections",1351,1351,1351,1426,1435,1465,1465,1465
"Wisconsin","linear_increase_sd","Past",2020-05-16,"daily_cases",335,335,335,356,346,387,387,387
"Wisconsin","return_normal","Past",2020-05-16,"daily_cases",335,335,335,356,346,387,387,387
"Wisconsin","status_quo","Past",2020-05-16,"daily_cases",335,335,335,356,346,387,387,387
"Wisconsin","linear_increase_sd","Past",2020-05-16,"daily_deaths",6,6,6,8,8,8,8,8
"Wisconsin","return_normal","Past",2020-05-16,"daily_deaths",6,6,6,8,8,8,8,8
"Wisconsin","status_quo","Past",2020-05-16,"daily_deaths",6,6,6,8,8,8,8,8
"Wisconsin","linear_increase_sd","Past",2020-05-16,"daily_hosps",36,36,36,39,40,42,42,42
"Wisconsin","return_normal","Past",2020-05-16,"daily_hosps",36,36,36,39,40,42,42,42
"Wisconsin","status_quo","Past",2020-05-16,"daily_hosps",36,36,36,39,40,42,42,42
"Wisconsin","linear_increase_sd","Past",2020-05-16,"latent_trend",NA,NA,NA,0.550043675038398,NA,NA,NA,NA
"Wisconsin","return_normal","Past",2020-05-16,"latent_trend",NA,NA,NA,0.550043675038398,NA,NA,NA,NA
"Wisconsin","status_quo","Past",2020-05-16,"latent_trend",NA,NA,NA,0.550043675038398,NA,NA,NA,NA
"Wisconsin","linear_increase_sd","Past",2020-05-16,"mobility_trend",NA,NA,NA,0.811498056845584,NA,NA,NA,NA
"Wisconsin","return_normal","Past",2020-05-16,"mobility_trend",NA,NA,NA,0.811498056845584,NA,NA,NA,NA
"Wisconsin","status_quo","Past",2020-05-16,"mobility_trend",NA,NA,NA,0.811498056845584,NA,NA,NA,NA
"Wisconsin",NA,"Past",2020-05-17,"actual_cumulative_cases",NA,NA,NA,14256,NA,NA,NA,NA
"Wisconsin",NA,"Past",2020-05-17,"actual_cumulative_deaths",NA,NA,NA,450,NA,NA,NA,NA
"Wisconsin",NA,"Past",2020-05-17,"actual_daily_cases",NA,NA,NA,379,NA,NA,NA,NA
"Wisconsin",NA,"Past",2020-05-17,"actual_daily_deaths",NA,NA,NA,0,NA,NA,NA,NA
"Wisconsin","linear_increase_sd","Past",2020-05-17,"combined_trend",NA,NA,NA,0.44790608484074,NA,NA,NA,NA
"Wisconsin","return_normal","Past",2020-05-17,"combined_trend",NA,NA,NA,0.44790608484074,NA,NA,NA,NA
"Wisconsin","status_quo","Past",2020-05-17,"combined_trend",NA,NA,NA,0.44790608484074,NA,NA,NA,NA
"Wisconsin","linear_increase_sd","Past",2020-05-17,"cumulative_all_infections",56349,56349,56349,58513,57901,60948,60948,60948
"Wisconsin","return_normal","Past",2020-05-17,"cumulative_all_infections",56349,56349,56349,58513,57901,60948,60948,60948
"Wisconsin","status_quo","Past",2020-05-17,"cumulative_all_infections",56349,56349,56349,58513,57901,60948,60948,60948
"Wisconsin","linear_increase_sd","Past",2020-05-17,"cumulative_cases",13356,13356,13356,13981,13914,14501,14501,14501
"Wisconsin","return_normal","Past",2020-05-17,"cumulative_cases",13356,13356,13356,13981,13914,14501,14501,14501
"Wisconsin","status_quo","Past",2020-05-17,"cumulative_cases",13356,13356,13356,13981,13914,14501,14501,14501
"Wisconsin","linear_increase_sd","Past",2020-05-17,"cumulative_deaths",315,315,315,327,326,342,342,342
"Wisconsin","return_normal","Past",2020-05-17,"cumulative_deaths",315,315,315,327,326,342,342,342
"Wisconsin","status_quo","Past",2020-05-17,"cumulative_deaths",315,315,315,327,326,342,342,342
"Wisconsin","linear_increase_sd","Past",2020-05-17,"cumulative_hosps",1426,1426,1426,1486,1476,1541,1541,1541
"Wisconsin","return_normal","Past",2020-05-17,"cumulative_hosps",1426,1426,1426,1486,1476,1541,1541,1541
"Wisconsin","status_quo","Past",2020-05-17,"cumulative_hosps",1426,1426,1426,1486,1476,1541,1541,1541
"Wisconsin","linear_increase_sd","Past",2020-05-17,"daily_all_infections",1394,1394,1394,1478,1489,1530,1530,1530
"Wisconsin","return_normal","Past",2020-05-17,"daily_all_infections",1394,1394,1394,1478,1489,1530,1530,1530
"Wisconsin","status_quo","Past",2020-05-17,"daily_all_infections",1394,1394,1394,1478,1489,1530,1530,1530
"Wisconsin","linear_increase_sd","Past",2020-05-17,"daily_cases",341,341,341,375,385,394,394,394
"Wisconsin","return_normal","Past",2020-05-17,"daily_cases",341,341,341,375,385,394,394,394
"Wisconsin","status_quo","Past",2020-05-17,"daily_cases",341,341,341,375,385,394,394,394
"Wisconsin","linear_increase_sd","Past",2020-05-17,"daily_deaths",6,6,6,8,8,8,8,8
"Wisconsin","return_normal","Past",2020-05-17,"daily_deaths",6,6,6,8,8,8,8,8
"Wisconsin","status_quo","Past",2020-05-17,"daily_deaths",6,6,6,8,8,8,8,8
"Wisconsin","linear_increase_sd","Past",2020-05-17,"daily_hosps",37,37,37,39,39,41,41,41
"Wisconsin","return_normal","Past",2020-05-17,"daily_hosps",37,37,37,39,39,41,41,41
"Wisconsin","status_quo","Past",2020-05-17,"daily_hosps",37,37,37,39,39,41,41,41
"Wisconsin","linear_increase_sd","Past",2020-05-17,"latent_trend",NA,NA,NA,0.546142193019131,NA,NA,NA,NA
"Wisconsin","return_normal","Past",2020-05-17,"latent_trend",NA,NA,NA,0.546142193019131,NA,NA,NA,NA
"Wisconsin","status_quo","Past",2020-05-17,"latent_trend",NA,NA,NA,0.546142193019131,NA,NA,NA,NA
"Wisconsin","linear_increase_sd","Past",2020-05-17,"mobility_trend",NA,NA,NA,0.820127231636634,NA,NA,NA,NA
"Wisconsin","return_normal","Past",2020-05-17,"mobility_trend",NA,NA,NA,0.820127231636634,NA,NA,NA,NA
"Wisconsin","status_quo","Past",2020-05-17,"mobility_trend",NA,NA,NA,0.820127231636634,NA,NA,NA,NA
"Wisconsin",NA,"Past",2020-05-18,"actual_cumulative_cases",NA,NA,NA,14441,NA,NA,NA,NA
"Wisconsin",NA,"Past",2020-05-18,"actual_cumulative_deaths",NA,NA,NA,456,NA,NA,NA,NA
"Wisconsin",NA,"Past",2020-05-18,"actual_daily_cases",NA,NA,NA,185,NA,NA,NA,NA
"Wisconsin",NA,"Past",2020-05-18,"actual_daily_deaths",NA,NA,NA,6,NA,NA,NA,NA
"Wisconsin","linear_increase_sd","Past",2020-05-18,"combined_trend",NA,NA,NA,0.444284120295945,NA,NA,NA,NA
"Wisconsin","return_normal","Past",2020-05-18,"combined_trend",NA,NA,NA,0.444284120295945,NA,NA,NA,NA
"Wisconsin","status_quo","Past",2020-05-18,"combined_trend",NA,NA,NA,0.444284120295945,NA,NA,NA,NA
"Wisconsin","linear_increase_sd","Past",2020-05-18,"cumulative_all_infections",57879,57879,57879,60026,59315,62446,62446,62446
"Wisconsin","return_normal","Past",2020-05-18,"cumulative_all_infections",57879,57879,57879,60026,59315,62446,62446,62446
"Wisconsin","status_quo","Past",2020-05-18,"cumulative_all_infections",57879,57879,57879,60026,59315,62446,62446,62446
"Wisconsin","linear_increase_sd","Past",2020-05-18,"cumulative_cases",13742,13742,13742,14372,14311,14896,14896,14896
"Wisconsin","return_normal","Past",2020-05-18,"cumulative_cases",13742,13742,13742,14372,14311,14896,14896,14896
"Wisconsin","status_quo","Past",2020-05-18,"cumulative_cases",13742,13742,13742,14372,14311,14896,14896,14896
"Wisconsin","linear_increase_sd","Past",2020-05-18,"cumulative_deaths",322,322,322,335,334,350,350,350
"Wisconsin","return_normal","Past",2020-05-18,"cumulative_deaths",322,322,322,335,334,350,350,350
"Wisconsin","status_quo","Past",2020-05-18,"cumulative_deaths",322,322,322,335,334,350,350,350
"Wisconsin","linear_increase_sd","Past",2020-05-18,"cumulative_hosps",1463,1463,1463,1525,1517,1583,1583,1583
"Wisconsin","return_normal","Past",2020-05-18,"cumulative_hosps",1463,1463,1463,1525,1517,1583,1583,1583
"Wisconsin","status_quo","Past",2020-05-18,"cumulative_hosps",1463,1463,1463,1525,1517,1583,1583,1583
"Wisconsin","linear_increase_sd","Past",2020-05-18,"daily_all_infections",1414,1414,1414,1513,1530,1578,1578,1578
"Wisconsin","return_normal","Past",2020-05-18,"daily_all_infections",1414,1414,1414,1513,1530,1578,1578,1578
"Wisconsin","status_quo","Past",2020-05-18,"daily_all_infections",1414,1414,1414,1513,1530,1578,1578,1578
"Wisconsin","linear_increase_sd","Past",2020-05-18,"daily_cases",385,385,385,391,390,397,397,397
"Wisconsin","return_normal","Past",2020-05-18,"daily_cases",385,385,385,391,390,397,397,397
"Wisconsin","status_quo","Past",2020-05-18,"daily_cases",385,385,385,391,390,397,397,397
"Wisconsin","linear_increase_sd","Past",2020-05-18,"daily_deaths",7,7,7,8,8,8,8,8
"Wisconsin","return_normal","Past",2020-05-18,"daily_deaths",7,7,7,8,8,8,8,8
"Wisconsin","status_quo","Past",2020-05-18,"daily_deaths",7,7,7,8,8,8,8,8
"Wisconsin","linear_increase_sd","Past",2020-05-18,"daily_hosps",37,37,37,40,41,42,42,42
"Wisconsin","return_normal","Past",2020-05-18,"daily_hosps",37,37,37,40,41,42,42,42
"Wisconsin","status_quo","Past",2020-05-18,"daily_hosps",37,37,37,40,41,42,42,42
"Wisconsin","linear_increase_sd","Past",2020-05-18,"latent_trend",NA,NA,NA,0.536078453874185,NA,NA,NA,NA
"Wisconsin","return_normal","Past",2020-05-18,"latent_trend",NA,NA,NA,0.536078453874185,NA,NA,NA,NA
"Wisconsin","status_quo","Past",2020-05-18,"latent_trend",NA,NA,NA,0.536078453874185,NA,NA,NA,NA
"Wisconsin","linear_increase_sd","Past",2020-05-18,"mobility_trend",NA,NA,NA,0.828766978200949,NA,NA,NA,NA
"Wisconsin","return_normal","Past",2020-05-18,"mobility_trend",NA,NA,NA,0.828766978200949,NA,NA,NA,NA
"Wisconsin","status_quo","Past",2020-05-18,"mobility_trend",NA,NA,NA,0.828766978200949,NA,NA,NA,NA
"Wisconsin",NA,"Past",2020-05-19,"actual_cumulative_cases",NA,NA,NA,14691,NA,NA,NA,NA
"Wisconsin",NA,"Past",2020-05-19,"actual_cumulative_deaths",NA,NA,NA,464,NA,NA,NA,NA
"Wisconsin",NA,"Past",2020-05-19,"actual_daily_cases",NA,NA,NA,250,NA,NA,NA,NA
"Wisconsin",NA,"Past",2020-05-19,"actual_daily_deaths",NA,NA,NA,8,NA,NA,NA,NA
"Wisconsin","linear_increase_sd","Past",2020-05-19,"combined_trend",NA,NA,NA,0.436051083267521,NA,NA,NA,NA
"Wisconsin","return_normal","Past",2020-05-19,"combined_trend",NA,NA,NA,0.436051083267521,NA,NA,NA,NA
"Wisconsin","status_quo","Past",2020-05-19,"combined_trend",NA,NA,NA,0.436051083267521,NA,NA,NA,NA
"Wisconsin","linear_increase_sd","Past",2020-05-19,"cumulative_all_infections",59440,59440,59440,61561,60742,63967,63967,63967
"Wisconsin","return_normal","Past",2020-05-19,"cumulative_all_infections",59440,59440,59440,61561,60742,63967,63967,63967
"Wisconsin","status_quo","Past",2020-05-19,"cumulative_all_infections",59440,59440,59440,61561,60742,63967,63967,63967
"Wisconsin","linear_increase_sd","Past",2020-05-19,"cumulative_cases",14125,14125,14125,14770,14693,15315,15315,15315
"Wisconsin","return_normal","Past",2020-05-19,"cumulative_cases",14125,14125,14125,14770,14693,15315,15315,15315
"Wisconsin","status_quo","Past",2020-05-19,"cumulative_cases",14125,14125,14125,14770,14693,15315,15315,15315
"Wisconsin","linear_increase_sd","Past",2020-05-19,"cumulative_deaths",328,328,328,342,341,359,359,359
"Wisconsin","return_normal","Past",2020-05-19,"cumulative_deaths",328,328,328,342,341,359,359,359
"Wisconsin","status_quo","Past",2020-05-19,"cumulative_deaths",328,328,328,342,341,359,359,359
"Wisconsin","linear_increase_sd","Past",2020-05-19,"cumulative_hosps",1501,1501,1501,1566,1558,1626,1626,1626
"Wisconsin","return_normal","Past",2020-05-19,"cumulative_hosps",1501,1501,1501,1566,1558,1626,1626,1626
"Wisconsin","status_quo","Past",2020-05-19,"cumulative_hosps",1501,1501,1501,1566,1558,1626,1626,1626
"Wisconsin","linear_increase_sd","Past",2020-05-19,"daily_all_infections",1427,1427,1427,1536,1561,1605,1605,1605
"Wisconsin","return_normal","Past",2020-05-19,"daily_all_infections",1427,1427,1427,1536,1561,1605,1605,1605
"Wisconsin","status_quo","Past",2020-05-19,"daily_all_infections",1427,1427,1427,1536,1561,1605,1605,1605
"Wisconsin","linear_increase_sd","Past",2020-05-19,"daily_cases",382,382,382,399,389,419,419,419
"Wisconsin","return_normal","Past",2020-05-19,"daily_cases",382,382,382,399,389,419,419,419
"Wisconsin","status_quo","Past",2020-05-19,"daily_cases",382,382,382,399,389,419,419,419
"Wisconsin","linear_increase_sd","Past",2020-05-19,"daily_deaths",6,6,6,8,8,9,9,9
"Wisconsin","return_normal","Past",2020-05-19,"daily_deaths",6,6,6,8,8,9,9,9
"Wisconsin","status_quo","Past",2020-05-19,"daily_deaths",6,6,6,8,8,9,9,9
"Wisconsin","linear_increase_sd","Past",2020-05-19,"daily_hosps",38,38,38,41,41,43,43,43
"Wisconsin","return_normal","Past",2020-05-19,"daily_hosps",38,38,38,41,41,43,43,43
"Wisconsin","status_quo","Past",2020-05-19,"daily_hosps",38,38,38,41,41,43,43,43
"Wisconsin","linear_increase_sd","Past",2020-05-19,"latent_trend",NA,NA,NA,0.520755265187294,NA,NA,NA,NA
"Wisconsin","return_normal","Past",2020-05-19,"latent_trend",NA,NA,NA,0.520755265187294,NA,NA,NA,NA
"Wisconsin","status_quo","Past",2020-05-19,"latent_trend",NA,NA,NA,0.520755265187294,NA,NA,NA,NA
"Wisconsin","linear_increase_sd","Past",2020-05-19,"mobility_trend",NA,NA,NA,0.837343590008047,NA,NA,NA,NA
"Wisconsin","return_normal","Past",2020-05-19,"mobility_trend",NA,NA,NA,0.837343590008047,NA,NA,NA,NA
"Wisconsin","status_quo","Past",2020-05-19,"mobility_trend",NA,NA,NA,0.837343590008047,NA,NA,NA,NA
"Wisconsin",NA,"Past",2020-05-20,"actual_cumulative_cases",NA,NA,NA,15268,NA,NA,NA,NA
"Wisconsin",NA,"Past",2020-05-20,"actual_cumulative_deaths",NA,NA,NA,478,NA,NA,NA,NA
"Wisconsin",NA,"Past",2020-05-20,"actual_daily_cases",NA,NA,NA,577,NA,NA,NA,NA
"Wisconsin",NA,"Past",2020-05-20,"actual_daily_deaths",NA,NA,NA,14,NA,NA,NA,NA
"Wisconsin","linear_increase_sd","Past",2020-05-20,"combined_trend",NA,NA,NA,0.423620307753012,NA,NA,NA,NA
"Wisconsin","return_normal","Past",2020-05-20,"combined_trend",NA,NA,NA,0.423620307753012,NA,NA,NA,NA
"Wisconsin","status_quo","Past",2020-05-20,"combined_trend",NA,NA,NA,0.423620307753012,NA,NA,NA,NA
"Wisconsin","linear_increase_sd","Past",2020-05-20,"cumulative_all_infections",61012,61012,61012,63107,62291,65498,65498,65498
"Wisconsin","return_normal","Past",2020-05-20,"cumulative_all_infections",61012,61012,61012,63107,62291,65498,65498,65498
"Wisconsin","status_quo","Past",2020-05-20,"cumulative_all_infections",61012,61012,61012,63107,62291,65498,65498,65498
"Wisconsin","linear_increase_sd","Past",2020-05-20,"cumulative_cases",14561,14561,14561,15206,15103,15759,15759,15759
"Wisconsin","return_normal","Past",2020-05-20,"cumulative_cases",14561,14561,14561,15206,15103,15759,15759,15759
"Wisconsin","status_quo","Past",2020-05-20,"cumulative_cases",14561,14561,14561,15206,15103,15759,15759,15759
"Wisconsin","linear_increase_sd","Past",2020-05-20,"cumulative_deaths",336,336,336,350,348,366,366,366
"Wisconsin","return_normal","Past",2020-05-20,"cumulative_deaths",336,336,336,350,348,366,366,366
"Wisconsin","status_quo","Past",2020-05-20,"cumulative_deaths",336,336,336,350,348,366,366,366
"Wisconsin","linear_increase_sd","Past",2020-05-20,"cumulative_hosps",1540,1540,1540,1608,1600,1670,1670,1670
"Wisconsin","return_normal","Past",2020-05-20,"cumulative_hosps",1540,1540,1540,1608,1600,1670,1670,1670
"Wisconsin","status_quo","Past",2020-05-20,"cumulative_hosps",1540,1540,1540,1608,1600,1670,1670,1670
"Wisconsin","linear_increase_sd","Past",2020-05-20,"daily_all_infections",1431,1431,1431,1547,1572,1621,1621,1621
"Wisconsin","return_normal","Past",2020-05-20,"daily_all_infections",1431,1431,1431,1547,1572,1621,1621,1621
"Wisconsin","status_quo","Past",2020-05-20,"daily_all_infections",1431,1431,1431,1547,1572,1621,1621,1621
"Wisconsin","linear_increase_sd","Past",2020-05-20,"daily_cases",410,410,410,436,439,451,451,451
"Wisconsin","return_normal","Past",2020-05-20,"daily_cases",410,410,410,436,439,451,451,451
"Wisconsin","status_quo","Past",2020-05-20,"daily_cases",410,410,410,436,439,451,451,451
"Wisconsin","linear_increase_sd","Past",2020-05-20,"daily_deaths",6,6,6,8,7,8,8,8
"Wisconsin","return_normal","Past",2020-05-20,"daily_deaths",6,6,6,8,7,8,8,8
"Wisconsin","status_quo","Past",2020-05-20,"daily_deaths",6,6,6,8,7,8,8,8
"Wisconsin","linear_increase_sd","Past",2020-05-20,"daily_hosps",39,39,39,42,42,45,45,45
"Wisconsin","return_normal","Past",2020-05-20,"daily_hosps",39,39,39,42,42,45,45,45
"Wisconsin","status_quo","Past",2020-05-20,"daily_hosps",39,39,39,42,42,45,45,45
"Wisconsin","linear_increase_sd","Past",2020-05-20,"latent_trend",NA,NA,NA,0.501124066758916,NA,NA,NA,NA
"Wisconsin","return_normal","Past",2020-05-20,"latent_trend",NA,NA,NA,0.501124066758916,NA,NA,NA,NA
"Wisconsin","status_quo","Past",2020-05-20,"latent_trend",NA,NA,NA,0.501124066758916,NA,NA,NA,NA
"Wisconsin","linear_increase_sd","Past",2020-05-20,"mobility_trend",NA,NA,NA,0.845340177918078,NA,NA,NA,NA
"Wisconsin","return_normal","Past",2020-05-20,"mobility_trend",NA,NA,NA,0.845340177918078,NA,NA,NA,NA
"Wisconsin","status_quo","Past",2020-05-20,"mobility_trend",NA,NA,NA,0.845340177918078,NA,NA,NA,NA
"Wisconsin",NA,"Past",2020-05-21,"actual_cumulative_cases",NA,NA,NA,15791,NA,NA,NA,NA
"Wisconsin",NA,"Past",2020-05-21,"actual_cumulative_deaths",NA,NA,NA,484,NA,NA,NA,NA
"Wisconsin",NA,"Past",2020-05-21,"actual_daily_cases",NA,NA,NA,523,NA,NA,NA,NA
"Wisconsin",NA,"Past",2020-05-21,"actual_daily_deaths",NA,NA,NA,6,NA,NA,NA,NA
"Wisconsin","linear_increase_sd","Past",2020-05-21,"combined_trend",NA,NA,NA,0.407521935815344,NA,NA,NA,NA
"Wisconsin","return_normal","Past",2020-05-21,"combined_trend",NA,NA,NA,0.407521935815344,NA,NA,NA,NA
"Wisconsin","status_quo","Past",2020-05-21,"combined_trend",NA,NA,NA,0.407521935815344,NA,NA,NA,NA
"Wisconsin","linear_increase_sd","Past",2020-05-21,"cumulative_all_infections",62567,62567,62567,64646,63904,67022,67022,67022
"Wisconsin","return_normal","Past",2020-05-21,"cumulative_all_infections",62567,62567,62567,64646,63904,67022,67022,67022
"Wisconsin","status_quo","Past",2020-05-21,"cumulative_all_infections",62567,62567,62567,64646,63904,67022,67022,67022
"Wisconsin","linear_increase_sd","Past",2020-05-21,"cumulative_cases",15031,15031,15031,15651,15536,16200,16200,16200
"Wisconsin","return_normal","Past",2020-05-21,"cumulative_cases",15031,15031,15031,15651,15536,16200,16200,16200
"Wisconsin","status_quo","Past",2020-05-21,"cumulative_cases",15031,15031,15031,15651,15536,16200,16200,16200
"Wisconsin","linear_increase_sd","Past",2020-05-21,"cumulative_deaths",343,343,343,357,354,373,373,373
"Wisconsin","return_normal","Past",2020-05-21,"cumulative_deaths",343,343,343,357,354,373,373,373
"Wisconsin","status_quo","Past",2020-05-21,"cumulative_deaths",343,343,343,357,354,373,373,373
"Wisconsin","linear_increase_sd","Past",2020-05-21,"cumulative_hosps",1581,1581,1581,1651,1642,1715,1715,1715
"Wisconsin","return_normal","Past",2020-05-21,"cumulative_hosps",1581,1581,1581,1651,1642,1715,1715,1715
"Wisconsin","status_quo","Past",2020-05-21,"cumulative_hosps",1581,1581,1581,1651,1642,1715,1715,1715
"Wisconsin","linear_increase_sd","Past",2020-05-21,"daily_all_infections",1428,1428,1428,1539,1555,1613,1613,1613
"Wisconsin","return_normal","Past",2020-05-21,"daily_all_infections",1428,1428,1428,1539,1555,1613,1613,1613
"Wisconsin","status_quo","Past",2020-05-21,"daily_all_infections",1428,1428,1428,1539,1555,1613,1613,1613
"Wisconsin","linear_increase_sd","Past",2020-05-21,"daily_cases",430,430,430,445,441,470,470,470
"Wisconsin","return_normal","Past",2020-05-21,"daily_cases",430,430,430,445,441,470,470,470
"Wisconsin","status_quo","Past",2020-05-21,"daily_cases",430,430,430,445,441,470,470,470
"Wisconsin","linear_increase_sd","Past",2020-05-21,"daily_deaths",6,6,6,7,7,9,9,9
"Wisconsin","return_normal","Past",2020-05-21,"daily_deaths",6,6,6,7,7,9,9,9
"Wisconsin","status_quo","Past",2020-05-21,"daily_deaths",6,6,6,7,7,9,9,9
"Wisconsin","linear_increase_sd","Past",2020-05-21,"daily_hosps",41,41,41,43,42,45,45,45
"Wisconsin","return_normal","Past",2020-05-21,"daily_hosps",41,41,41,43,42,45,45,45
"Wisconsin","status_quo","Past",2020-05-21,"daily_hosps",41,41,41,43,42,45,45,45
"Wisconsin","linear_increase_sd","Past",2020-05-21,"latent_trend",NA,NA,NA,0.478198122838186,NA,NA,NA,NA
"Wisconsin","return_normal","Past",2020-05-21,"latent_trend",NA,NA,NA,0.478198122838186,NA,NA,NA,NA
"Wisconsin","status_quo","Past",2020-05-21,"latent_trend",NA,NA,NA,0.478198122838186,NA,NA,NA,NA
"Wisconsin","linear_increase_sd","Past",2020-05-21,"mobility_trend",NA,NA,NA,0.852203127433108,NA,NA,NA,NA
"Wisconsin","return_normal","Past",2020-05-21,"mobility_trend",NA,NA,NA,0.852203127433108,NA,NA,NA,NA
"Wisconsin","status_quo","Past",2020-05-21,"mobility_trend",NA,NA,NA,0.852203127433108,NA,NA,NA,NA
"Wisconsin",NA,"Past",2020-05-22,"actual_cumulative_cases",NA,NA,NA,16339,NA,NA,NA,NA
"Wisconsin",NA,"Past",2020-05-22,"actual_cumulative_deaths",NA,NA,NA,493,NA,NA,NA,NA
"Wisconsin",NA,"Past",2020-05-22,"actual_daily_cases",NA,NA,NA,548,NA,NA,NA,NA
"Wisconsin",NA,"Past",2020-05-22,"actual_daily_deaths",NA,NA,NA,9,NA,NA,NA,NA
"Wisconsin","linear_increase_sd","Past",2020-05-22,"combined_trend",NA,NA,NA,0.388577358247034,NA,NA,NA,NA
"Wisconsin","return_normal","Past",2020-05-22,"combined_trend",NA,NA,NA,0.388577358247034,NA,NA,NA,NA
"Wisconsin","status_quo","Past",2020-05-22,"combined_trend",NA,NA,NA,0.388577358247034,NA,NA,NA,NA
"Wisconsin","linear_increase_sd","Past",2020-05-22,"cumulative_all_infections",64101,64101,64101,66162,65480,68528,68528,68528
"Wisconsin","return_normal","Past",2020-05-22,"cumulative_all_infections",64101,64101,64101,66162,65480,68528,68528,68528
"Wisconsin","status_quo","Past",2020-05-22,"cumulative_all_infections",64101,64101,64101,66162,65480,68528,68528,68528
"Wisconsin","linear_increase_sd","Past",2020-05-22,"cumulative_cases",15506,15506,15506,16111,15985,16671,16671,16671
"Wisconsin","return_normal","Past",2020-05-22,"cumulative_cases",15506,15506,15506,16111,15985,16671,16671,16671
"Wisconsin","status_quo","Past",2020-05-22,"cumulative_cases",15506,15506,15506,16111,15985,16671,16671,16671
"Wisconsin","linear_increase_sd","Past",2020-05-22,"cumulative_deaths",350,350,350,364,360,380,380,380
"Wisconsin","return_normal","Past",2020-05-22,"cumulative_deaths",350,350,350,364,360,380,380,380
"Wisconsin","status_quo","Past",2020-05-22,"cumulative_deaths",350,350,350,364,360,380,380,380
"Wisconsin","linear_increase_sd","Past",2020-05-22,"cumulative_hosps",1624,1624,1624,1695,1686,1762,1762,1762
"Wisconsin","return_normal","Past",2020-05-22,"cumulative_hosps",1624,1624,1624,1695,1686,1762,1762,1762
"Wisconsin","status_quo","Past",2020-05-22,"cumulative_hosps",1624,1624,1624,1695,1686,1762,1762,1762
"Wisconsin","linear_increase_sd","Past",2020-05-22,"daily_all_infections",1409,1409,1409,1516,1534,1576,1576,1576
"Wisconsin","return_normal","Past",2020-05-22,"daily_all_infections",1409,1409,1409,1516,1534,1576,1576,1576
"Wisconsin","status_quo","Past",2020-05-22,"daily_all_infections",1409,1409,1409,1516,1534,1576,1576,1576
"Wisconsin","linear_increase_sd","Past",2020-05-22,"daily_cases",447,447,447,461,462,475,475,475
"Wisconsin","return_normal","Past",2020-05-22,"daily_cases",447,447,447,461,462,475,475,475
"Wisconsin","status_quo","Past",2020-05-22,"daily_cases",447,447,447,461,462,475,475,475
"Wisconsin","linear_increase_sd","Past",2020-05-22,"daily_deaths",6,6,6,7,7,8,8,8
"Wisconsin","return_normal","Past",2020-05-22,"daily_deaths",6,6,6,7,7,8,8,8
"Wisconsin","status_quo","Past",2020-05-22,"daily_deaths",6,6,6,7,7,8,8,8
"Wisconsin","linear_increase_sd","Past",2020-05-22,"daily_hosps",43,43,43,45,44,47,47,47
"Wisconsin","return_normal","Past",2020-05-22,"daily_hosps",43,43,43,45,44,47,47,47
"Wisconsin","status_quo","Past",2020-05-22,"daily_hosps",43,43,43,45,44,47,47,47
"Wisconsin","linear_increase_sd","Past",2020-05-22,"latent_trend",NA,NA,NA,0.453058921585241,NA,NA,NA,NA
"Wisconsin","return_normal","Past",2020-05-22,"latent_trend",NA,NA,NA,0.453058921585241,NA,NA,NA,NA
"Wisconsin","status_quo","Past",2020-05-22,"latent_trend",NA,NA,NA,0.453058921585241,NA,NA,NA,NA
"Wisconsin","linear_increase_sd","Past",2020-05-22,"mobility_trend",NA,NA,NA,0.857675105232256,NA,NA,NA,NA
"Wisconsin","return_normal","Past",2020-05-22,"mobility_trend",NA,NA,NA,0.857675105232256,NA,NA,NA,NA
"Wisconsin","status_quo","Past",2020-05-22,"mobility_trend",NA,NA,NA,0.857675105232256,NA,NA,NA,NA
"Wisconsin",NA,"Past",2020-05-23,"actual_cumulative_cases",NA,NA,NA,16842,NA,NA,NA,NA
"Wisconsin",NA,"Past",2020-05-23,"actual_cumulative_deaths",NA,NA,NA,504,NA,NA,NA,NA
"Wisconsin",NA,"Past",2020-05-23,"actual_daily_cases",NA,NA,NA,503,NA,NA,NA,NA
"Wisconsin",NA,"Past",2020-05-23,"actual_daily_deaths",NA,NA,NA,11,NA,NA,NA,NA
"Wisconsin","linear_increase_sd","Past",2020-05-23,"combined_trend",NA,NA,NA,0.367773308173512,NA,NA,NA,NA
"Wisconsin","return_normal","Past",2020-05-23,"combined_trend",NA,NA,NA,0.367773308173512,NA,NA,NA,NA
"Wisconsin","status_quo","Past",2020-05-23,"combined_trend",NA,NA,NA,0.367773308173512,NA,NA,NA,NA
"Wisconsin","linear_increase_sd","Past",2020-05-23,"cumulative_all_infections",65586,65586,65586,67637,66993,70009,70009,70009
"Wisconsin","return_normal","Past",2020-05-23,"cumulative_all_infections",65586,65586,65586,67637,66993,70009,70009,70009
"Wisconsin","status_quo","Past",2020-05-23,"cumulative_all_infections",65586,65586,65586,67637,66993,70009,70009,70009
"Wisconsin","linear_increase_sd","Past",2020-05-23,"cumulative_cases",15979,15979,15979,16577,16402,17135,17135,17135
"Wisconsin","return_normal","Past",2020-05-23,"cumulative_cases",15979,15979,15979,16577,16402,17135,17135,17135
"Wisconsin","status_quo","Past",2020-05-23,"cumulative_cases",15979,15979,15979,16577,16402,17135,17135,17135
"Wisconsin","linear_increase_sd","Past",2020-05-23,"cumulative_deaths",358,358,358,371,367,387,387,387
"Wisconsin","return_normal","Past",2020-05-23,"cumulative_deaths",358,358,358,371,367,387,387,387
"Wisconsin","status_quo","Past",2020-05-23,"cumulative_deaths",358,358,358,371,367,387,387,387
"Wisconsin","linear_increase_sd","Past",2020-05-23,"cumulative_hosps",1670,1670,1670,1742,1732,1809,1809,1809
"Wisconsin","return_normal","Past",2020-05-23,"cumulative_hosps",1670,1670,1670,1742,1732,1809,1809,1809
"Wisconsin","status_quo","Past",2020-05-23,"cumulative_hosps",1670,1670,1670,1742,1732,1809,1809,1809
"Wisconsin","linear_increase_sd","Past",2020-05-23,"daily_all_infections",1373,1373,1373,1476,1485,1526,1526,1526
"Wisconsin","return_normal","Past",2020-05-23,"daily_all_infections",1373,1373,1373,1476,1485,1526,1526,1526
"Wisconsin","status_quo","Past",2020-05-23,"daily_all_infections",1373,1373,1373,1476,1485,1526,1526,1526
"Wisconsin","linear_increase_sd","Past",2020-05-23,"daily_cases",417,417,417,466,473,497,497,497
"Wisconsin","return_normal","Past",2020-05-23,"daily_cases",417,417,417,466,473,497,497,497
"Wisconsin","status_quo","Past",2020-05-23,"daily_cases",417,417,417,466,473,497,497,497
"Wisconsin","linear_increase_sd","Past",2020-05-23,"daily_deaths",6,6,6,8,7,8,8,8
"Wisconsin","return_normal","Past",2020-05-23,"daily_deaths",6,6,6,8,7,8,8,8
"Wisconsin","status_quo","Past",2020-05-23,"daily_deaths",6,6,6,8,7,8,8,8
"Wisconsin","linear_increase_sd","Past",2020-05-23,"daily_hosps",46,46,46,47,46,48,48,48
"Wisconsin","return_normal","Past",2020-05-23,"daily_hosps",46,46,46,47,46,48,48,48
"Wisconsin","status_quo","Past",2020-05-23,"daily_hosps",46,46,46,47,46,48,48,48
"Wisconsin","linear_increase_sd","Past",2020-05-23,"latent_trend",NA,NA,NA,0.426833505191398,NA,NA,NA,NA
"Wisconsin","return_normal","Past",2020-05-23,"latent_trend",NA,NA,NA,0.426833505191398,NA,NA,NA,NA
"Wisconsin","status_quo","Past",2020-05-23,"latent_trend",NA,NA,NA,0.426833505191398,NA,NA,NA,NA
"Wisconsin","linear_increase_sd","Past",2020-05-23,"mobility_trend",NA,NA,NA,0.861631769063203,NA,NA,NA,NA
"Wisconsin","return_normal","Past",2020-05-23,"mobility_trend",NA,NA,NA,0.861631769063203,NA,NA,NA,NA
"Wisconsin","status_quo","Past",2020-05-23,"mobility_trend",NA,NA,NA,0.861631769063203,NA,NA,NA,NA
"Wisconsin",NA,"Past",2020-05-24,"actual_cumulative_cases",NA,NA,NA,17252,NA,NA,NA,NA
"Wisconsin",NA,"Past",2020-05-24,"actual_cumulative_deaths",NA,NA,NA,507,NA,NA,NA,NA
"Wisconsin",NA,"Past",2020-05-24,"actual_daily_cases",NA,NA,NA,410,NA,NA,NA,NA
"Wisconsin",NA,"Past",2020-05-24,"actual_daily_deaths",NA,NA,NA,3,NA,NA,NA,NA
"Wisconsin","linear_increase_sd","Past",2020-05-24,"combined_trend",NA,NA,NA,0.346234328282828,NA,NA,NA,NA
"Wisconsin","return_normal","Past",2020-05-24,"combined_trend",NA,NA,NA,0.346234328282828,NA,NA,NA,NA
"Wisconsin","status_quo","Past",2020-05-24,"combined_trend",NA,NA,NA,0.346234328282828,NA,NA,NA,NA
"Wisconsin","linear_increase_sd","Past",2020-05-24,"cumulative_all_infections",66999,66999,66999,69055,68435,71444,71444,71444
"Wisconsin","return_normal","Past",2020-05-24,"cumulative_all_infections",66999,66999,66999,69055,68435,71444,71444,71444
"Wisconsin","status_quo","Past",2020-05-24,"cumulative_all_infections",66999,66999,66999,69055,68435,71444,71444,71444
"Wisconsin","linear_increase_sd","Past",2020-05-24,"cumulative_cases",16483,16483,16483,17073,16870,17620,17620,17620
"Wisconsin","return_normal","Past",2020-05-24,"cumulative_cases",16483,16483,16483,17073,16870,17620,17620,17620
"Wisconsin","status_quo","Past",2020-05-24,"cumulative_cases",16483,16483,16483,17073,16870,17620,17620,17620
"Wisconsin","linear_increase_sd","Past",2020-05-24,"cumulative_deaths",366,366,366,378,373,395,395,395
"Wisconsin","return_normal","Past",2020-05-24,"cumulative_deaths",366,366,366,378,373,395,395,395
"Wisconsin","status_quo","Past",2020-05-24,"cumulative_deaths",366,366,366,378,373,395,395,395
"Wisconsin","linear_increase_sd","Past",2020-05-24,"cumulative_hosps",1717,1717,1717,1790,1779,1857,1857,1857
"Wisconsin","return_normal","Past",2020-05-24,"cumulative_hosps",1717,1717,1717,1790,1779,1857,1857,1857
"Wisconsin","status_quo","Past",2020-05-24,"cumulative_hosps",1717,1717,1717,1790,1779,1857,1857,1857
"Wisconsin","linear_increase_sd","Past",2020-05-24,"daily_all_infections",1327,1327,1327,1418,1435,1470,1470,1470
"Wisconsin","return_normal","Past",2020-05-24,"daily_all_infections",1327,1327,1327,1418,1435,1470,1470,1470
"Wisconsin","status_quo","Past",2020-05-24,"daily_all_infections",1327,1327,1327,1418,1435,1470,1470,1470
"Wisconsin","linear_increase_sd","Past",2020-05-24,"daily_cases",457,457,457,497,504,527,527,527
"Wisconsin","return_normal","Past",2020-05-24,"daily_cases",457,457,457,497,504,527,527,527
"Wisconsin","status_quo","Past",2020-05-24,"daily_cases",457,457,457,497,504,527,527,527
"Wisconsin","linear_increase_sd","Past",2020-05-24,"daily_deaths",6,6,6,8,8,8,8,8
"Wisconsin","return_normal","Past",2020-05-24,"daily_deaths",6,6,6,8,8,8,8,8
"Wisconsin","status_quo","Past",2020-05-24,"daily_deaths",6,6,6,8,8,8,8,8
"Wisconsin","linear_increase_sd","Past",2020-05-24,"daily_hosps",47,47,47,48,48,49,49,49
"Wisconsin","return_normal","Past",2020-05-24,"daily_hosps",47,47,47,48,48,49,49,49
"Wisconsin","status_quo","Past",2020-05-24,"daily_hosps",47,47,47,48,48,49,49,49
"Wisconsin","linear_increase_sd","Past",2020-05-24,"latent_trend",NA,NA,NA,0.400648639729816,NA,NA,NA,NA
"Wisconsin","return_normal","Past",2020-05-24,"latent_trend",NA,NA,NA,0.400648639729816,NA,NA,NA,NA
"Wisconsin","status_quo","Past",2020-05-24,"latent_trend",NA,NA,NA,0.400648639729816,NA,NA,NA,NA
"Wisconsin","linear_increase_sd","Past",2020-05-24,"mobility_trend",NA,NA,NA,0.864184459770828,NA,NA,NA,NA
"Wisconsin","return_normal","Past",2020-05-24,"mobility_trend",NA,NA,NA,0.864184459770828,NA,NA,NA,NA
"Wisconsin","status_quo","Past",2020-05-24,"mobility_trend",NA,NA,NA,0.864184459770828,NA,NA,NA,NA
"Wisconsin",NA,"Past",2020-05-25,"actual_cumulative_cases",NA,NA,NA,17570,NA,NA,NA,NA
"Wisconsin",NA,"Past",2020-05-25,"actual_cumulative_deaths",NA,NA,NA,511,NA,NA,NA,NA
"Wisconsin",NA,"Past",2020-05-25,"actual_daily_cases",NA,NA,NA,318,NA,NA,NA,NA
"Wisconsin",NA,"Past",2020-05-25,"actual_daily_deaths",NA,NA,NA,4,NA,NA,NA,NA
"Wisconsin","linear_increase_sd","Past",2020-05-25,"combined_trend",NA,NA,NA,0.325060720966174,NA,NA,NA,NA
"Wisconsin","return_normal","Past",2020-05-25,"combined_trend",NA,NA,NA,0.325060720966174,NA,NA,NA,NA
"Wisconsin","status_quo","Past",2020-05-25,"combined_trend",NA,NA,NA,0.325060720966174,NA,NA,NA,NA
"Wisconsin","linear_increase_sd","Past",2020-05-25,"cumulative_all_infections",68342,68342,68342,70413,69785,72834,72834,72834
"Wisconsin","return_normal","Past",2020-05-25,"cumulative_all_infections",68342,68342,68342,70413,69785,72834,72834,72834
"Wisconsin","status_quo","Past",2020-05-25,"cumulative_all_infections",68342,68342,68342,70413,69785,72834,72834,72834
"Wisconsin","linear_increase_sd","Past",2020-05-25,"cumulative_cases",16997,16997,16997,17559,17364,18099,18099,18099
"Wisconsin","return_normal","Past",2020-05-25,"cumulative_cases",16997,16997,16997,17559,17364,18099,18099,18099
"Wisconsin","status_quo","Past",2020-05-25,"cumulative_cases",16997,16997,16997,17559,17364,18099,18099,18099
"Wisconsin","linear_increase_sd","Past",2020-05-25,"cumulative_deaths",372,372,372,385,380,403,403,403
"Wisconsin","return_normal","Past",2020-05-25,"cumulative_deaths",372,372,372,385,380,403,403,403
"Wisconsin","status_quo","Past",2020-05-25,"cumulative_deaths",372,372,372,385,380,403,403,403
"Wisconsin","linear_increase_sd","Past",2020-05-25,"cumulative_hosps",1767,1767,1767,1840,1827,1908,1908,1908
"Wisconsin","return_normal","Past",2020-05-25,"cumulative_hosps",1767,1767,1767,1840,1827,1908,1908,1908
"Wisconsin","status_quo","Past",2020-05-25,"cumulative_hosps",1767,1767,1767,1840,1827,1908,1908,1908
"Wisconsin","linear_increase_sd","Past",2020-05-25,"daily_all_infections",1280,1280,1280,1358,1350,1426,1426,1426
"Wisconsin","return_normal","Past",2020-05-25,"daily_all_infections",1280,1280,1280,1358,1350,1426,1426,1426
"Wisconsin","status_quo","Past",2020-05-25,"daily_all_infections",1280,1280,1280,1358,1350,1426,1426,1426
"Wisconsin","linear_increase_sd","Past",2020-05-25,"daily_cases",449,449,449,487,494,514,514,514
"Wisconsin","return_normal","Past",2020-05-25,"daily_cases",449,449,449,487,494,514,514,514
"Wisconsin","status_quo","Past",2020-05-25,"daily_cases",449,449,449,487,494,514,514,514
"Wisconsin","linear_increase_sd","Past",2020-05-25,"daily_deaths",6,6,6,8,7,8,8,8
"Wisconsin","return_normal","Past",2020-05-25,"daily_deaths",6,6,6,8,7,8,8,8
"Wisconsin","status_quo","Past",2020-05-25,"daily_deaths",6,6,6,8,7,8,8,8
"Wisconsin","linear_increase_sd","Past",2020-05-25,"daily_hosps",48,48,48,51,51,52,52,52
"Wisconsin","return_normal","Past",2020-05-25,"daily_hosps",48,48,48,51,51,52,52,52
"Wisconsin","status_quo","Past",2020-05-25,"daily_hosps",48,48,48,51,51,52,52,52
"Wisconsin","linear_increase_sd","Past",2020-05-25,"latent_trend",NA,NA,NA,0.375575224945694,NA,NA,NA,NA
"Wisconsin","return_normal","Past",2020-05-25,"latent_trend",NA,NA,NA,0.375575224945694,NA,NA,NA,NA
"Wisconsin","status_quo","Past",2020-05-25,"latent_trend",NA,NA,NA,0.375575224945694,NA,NA,NA,NA
"Wisconsin","linear_increase_sd","Past",2020-05-25,"mobility_trend",NA,NA,NA,0.865500968582727,NA,NA,NA,NA
"Wisconsin","return_normal","Past",2020-05-25,"mobility_trend",NA,NA,NA,0.865500968582727,NA,NA,NA,NA
"Wisconsin","status_quo","Past",2020-05-25,"mobility_trend",NA,NA,NA,0.865500968582727,NA,NA,NA,NA
"Wisconsin",NA,"Past",2020-05-26,"actual_cumulative_cases",NA,NA,NA,17866,NA,NA,NA,NA
"Wisconsin",NA,"Past",2020-05-26,"actual_cumulative_deaths",NA,NA,NA,514,NA,NA,NA,NA
"Wisconsin",NA,"Past",2020-05-26,"actual_daily_cases",NA,NA,NA,296,NA,NA,NA,NA
"Wisconsin",NA,"Past",2020-05-26,"actual_daily_deaths",NA,NA,NA,3,NA,NA,NA,NA
"Wisconsin","linear_increase_sd","Past",2020-05-26,"combined_trend",NA,NA,NA,0.305242010886294,NA,NA,NA,NA
"Wisconsin","return_normal","Past",2020-05-26,"combined_trend",NA,NA,NA,0.305242010886294,NA,NA,NA,NA
"Wisconsin","status_quo","Past",2020-05-26,"combined_trend",NA,NA,NA,0.305242010886294,NA,NA,NA,NA
"Wisconsin","linear_increase_sd","Past",2020-05-26,"cumulative_all_infections",69593,69593,69593,71699,71049,74160,74160,74160
"Wisconsin","return_normal","Past",2020-05-26,"cumulative_all_infections",69593,69593,69593,71699,71049,74160,74160,74160
"Wisconsin","status_quo","Past",2020-05-26,"cumulative_all_infections",69593,69593,69593,71699,71049,74160,74160,74160
"Wisconsin","linear_increase_sd","Past",2020-05-26,"cumulative_cases",17504,17504,17504,18061,17913,18602,18602,18602
"Wisconsin","return_normal","Past",2020-05-26,"cumulative_cases",17504,17504,17504,18061,17913,18602,18602,18602
"Wisconsin","status_quo","Past",2020-05-26,"cumulative_cases",17504,17504,17504,18061,17913,18602,18602,18602
"Wisconsin","linear_increase_sd","Past",2020-05-26,"cumulative_deaths",379,379,379,393,387,411,411,411
"Wisconsin","return_normal","Past",2020-05-26,"cumulative_deaths",379,379,379,393,387,411,411,411
"Wisconsin","status_quo","Past",2020-05-26,"cumulative_deaths",379,379,379,393,387,411,411,411
"Wisconsin","linear_increase_sd","Past",2020-05-26,"cumulative_hosps",1820,1820,1820,1893,1878,1961,1961,1961
"Wisconsin","return_normal","Past",2020-05-26,"cumulative_hosps",1820,1820,1820,1893,1878,1961,1961,1961
"Wisconsin","status_quo","Past",2020-05-26,"cumulative_hosps",1820,1820,1820,1893,1878,1961,1961,1961
"Wisconsin","linear_increase_sd","Past",2020-05-26,"daily_all_infections",1225,1225,1225,1286,1264,1364,1364,1364
"Wisconsin","return_normal","Past",2020-05-26,"daily_all_infections",1225,1225,1225,1286,1264,1364,1364,1364
"Wisconsin","status_quo","Past",2020-05-26,"daily_all_infections",1225,1225,1225,1286,1264,1364,1364,1364
"Wisconsin","linear_increase_sd","Past",2020-05-26,"daily_cases",454,454,454,502,503,549,549,549
"Wisconsin","return_normal","Past",2020-05-26,"daily_cases",454,454,454,502,503,549,549,549
"Wisconsin","status_quo","Past",2020-05-26,"daily_cases",454,454,454,502,503,549,549,549
"Wisconsin","linear_increase_sd","Past",2020-05-26,"daily_deaths",7,7,7,8,8,8,8,8
"Wisconsin","return_normal","Past",2020-05-26,"daily_deaths",7,7,7,8,8,8,8,8
"Wisconsin","status_quo","Past",2020-05-26,"daily_deaths",7,7,7,8,8,8,8,8
"Wisconsin","linear_increase_sd","Past",2020-05-26,"daily_hosps",51,51,51,53,53,54,54,54
"Wisconsin","return_normal","Past",2020-05-26,"daily_hosps",51,51,51,53,53,54,54,54
"Wisconsin","status_quo","Past",2020-05-26,"daily_hosps",51,51,51,53,53,54,54,54
"Wisconsin","linear_increase_sd","Past",2020-05-26,"latent_trend",NA,NA,NA,0.352579632604053,NA,NA,NA,NA
"Wisconsin","return_normal","Past",2020-05-26,"latent_trend",NA,NA,NA,0.352579632604053,NA,NA,NA,NA
"Wisconsin","status_quo","Past",2020-05-26,"latent_trend",NA,NA,NA,0.352579632604053,NA,NA,NA,NA
"Wisconsin","linear_increase_sd","Past",2020-05-26,"mobility_trend",NA,NA,NA,0.865739205160158,NA,NA,NA,NA
"Wisconsin","return_normal","Past",2020-05-26,"mobility_trend",NA,NA,NA,0.865739205160158,NA,NA,NA,NA
"Wisconsin","status_quo","Past",2020-05-26,"mobility_trend",NA,NA,NA,0.865739205160158,NA,NA,NA,NA
"Wisconsin",NA,"Past",2020-05-27,"actual_cumulative_cases",NA,NA,NA,18512,NA,NA,NA,NA
"Wisconsin",NA,"Past",2020-05-27,"actual_cumulative_deaths",NA,NA,NA,536,NA,NA,NA,NA
"Wisconsin",NA,"Past",2020-05-27,"actual_daily_cases",NA,NA,NA,646,NA,NA,NA,NA
"Wisconsin",NA,"Past",2020-05-27,"actual_daily_deaths",NA,NA,NA,22,NA,NA,NA,NA
"Wisconsin","linear_increase_sd","Past",2020-05-27,"combined_trend",NA,NA,NA,0.287643369538496,NA,NA,NA,NA
"Wisconsin","return_normal","Past",2020-05-27,"combined_trend",NA,NA,NA,0.287643369538496,NA,NA,NA,NA
"Wisconsin","status_quo","Past",2020-05-27,"combined_trend",NA,NA,NA,0.287643369538496,NA,NA,NA,NA
"Wisconsin","linear_increase_sd","Past",2020-05-27,"cumulative_all_infections",70770,70770,70770,72914,72222,75426,75426,75426
"Wisconsin","return_normal","Past",2020-05-27,"cumulative_all_infections",70770,70770,70770,72914,72222,75426,75426,75426
"Wisconsin","status_quo","Past",2020-05-27,"cumulative_all_infections",70770,70770,70770,72914,72222,75426,75426,75426
"Wisconsin","linear_increase_sd","Past",2020-05-27,"cumulative_cases",17991,17991,17991,18551,18434,19096,19096,19096
"Wisconsin","return_normal","Past",2020-05-27,"cumulative_cases",17991,17991,17991,18551,18434,19096,19096,19096
"Wisconsin","status_quo","Past",2020-05-27,"cumulative_cases",17991,17991,17991,18551,18434,19096,19096,19096
"Wisconsin","linear_increase_sd","Past",2020-05-27,"cumulative_deaths",386,386,386,400,394,419,419,419
"Wisconsin","return_normal","Past",2020-05-27,"cumulative_deaths",386,386,386,400,394,419,419,419
"Wisconsin","status_quo","Past",2020-05-27,"cumulative_deaths",386,386,386,400,394,419,419,419
"Wisconsin","linear_increase_sd","Past",2020-05-27,"cumulative_hosps",1872,1872,1872,1946,1928,2014,2014,2014
"Wisconsin","return_normal","Past",2020-05-27,"cumulative_hosps",1872,1872,1872,1946,1928,2014,2014,2014
"Wisconsin","status_quo","Past",2020-05-27,"cumulative_hosps",1872,1872,1872,1946,1928,2014,2014,2014
"Wisconsin","linear_increase_sd","Past",2020-05-27,"daily_all_infections",1161,1161,1161,1216,1177,1300,1300,1300
"Wisconsin","return_normal","Past",2020-05-27,"daily_all_infections",1161,1161,1161,1216,1177,1300,1300,1300
"Wisconsin","status_quo","Past",2020-05-27,"daily_all_infections",1161,1161,1161,1216,1177,1300,1300,1300
"Wisconsin","linear_increase_sd","Past",2020-05-27,"daily_cases",452,452,452,490,494,521,521,521
"Wisconsin","return_normal","Past",2020-05-27,"daily_cases",452,452,452,490,494,521,521,521
"Wisconsin","status_quo","Past",2020-05-27,"daily_cases",452,452,452,490,494,521,521,521
"Wisconsin","linear_increase_sd","Past",2020-05-27,"daily_deaths",7,7,7,8,7,8,8,8
"Wisconsin","return_normal","Past",2020-05-27,"daily_deaths",7,7,7,8,7,8,8,8
"Wisconsin","status_quo","Past",2020-05-27,"daily_deaths",7,7,7,8,7,8,8,8
"Wisconsin","linear_increase_sd","Past",2020-05-27,"daily_hosps",50,50,50,53,53,55,55,55
"Wisconsin","return_normal","Past",2020-05-27,"daily_hosps",50,50,50,53,53,55,55,55
"Wisconsin","status_quo","Past",2020-05-27,"daily_hosps",50,50,50,53,53,55,55,55
"Wisconsin","linear_increase_sd","Past",2020-05-27,"latent_trend",NA,NA,NA,0.332496531987148,NA,NA,NA,NA
"Wisconsin","return_normal","Past",2020-05-27,"latent_trend",NA,NA,NA,0.332496531987148,NA,NA,NA,NA
"Wisconsin","status_quo","Past",2020-05-27,"latent_trend",NA,NA,NA,0.332496531987148,NA,NA,NA,NA
"Wisconsin","linear_increase_sd","Past",2020-05-27,"mobility_trend",NA,NA,NA,0.865101863828204,NA,NA,NA,NA
"Wisconsin","return_normal","Past",2020-05-27,"mobility_trend",NA,NA,NA,0.865101863828204,NA,NA,NA,NA
"Wisconsin","status_quo","Past",2020-05-27,"mobility_trend",NA,NA,NA,0.865101863828204,NA,NA,NA,NA
"Wisconsin",NA,"Past",2020-05-28,"actual_cumulative_cases",NA,NA,NA,19076,NA,NA,NA,NA
"Wisconsin",NA,"Past",2020-05-28,"actual_cumulative_deaths",NA,NA,NA,547,NA,NA,NA,NA
"Wisconsin",NA,"Past",2020-05-28,"actual_daily_cases",NA,NA,NA,564,NA,NA,NA,NA
"Wisconsin",NA,"Past",2020-05-28,"actual_daily_deaths",NA,NA,NA,11,NA,NA,NA,NA
"Wisconsin","linear_increase_sd","Past",2020-05-28,"combined_trend",NA,NA,NA,0.273045098011382,NA,NA,NA,NA
"Wisconsin","return_normal","Past",2020-05-28,"combined_trend",NA,NA,NA,0.273045098011382,NA,NA,NA,NA
"Wisconsin","status_quo","Past",2020-05-28,"combined_trend",NA,NA,NA,0.273045098011382,NA,NA,NA,NA
"Wisconsin","linear_increase_sd","Past",2020-05-28,"cumulative_all_infections",71868,71868,71868,74058,73313,76624,76624,76624
"Wisconsin","return_normal","Past",2020-05-28,"cumulative_all_infections",71868,71868,71868,74058,73313,76624,76624,76624
"Wisconsin","status_quo","Past",2020-05-28,"cumulative_all_infections",71868,71868,71868,74058,73313,76624,76624,76624
"Wisconsin","linear_increase_sd","Past",2020-05-28,"cumulative_cases",18478,18478,18478,19032,18934,19590,19590,19590
"Wisconsin","return_normal","Past",2020-05-28,"cumulative_cases",18478,18478,18478,19032,18934,19590,19590,19590
"Wisconsin","status_quo","Past",2020-05-28,"cumulative_cases",18478,18478,18478,19032,18934,19590,19590,19590
"Wisconsin","linear_increase_sd","Past",2020-05-28,"cumulative_deaths",393,393,393,408,400,427,427,427
"Wisconsin","return_normal","Past",2020-05-28,"cumulative_deaths",393,393,393,408,400,427,427,427
"Wisconsin","status_quo","Past",2020-05-28,"cumulative_deaths",393,393,393,408,400,427,427,427
"Wisconsin","linear_increase_sd","Past",2020-05-28,"cumulative_hosps",1927,1927,1927,2001,1980,2069,2069,2069
"Wisconsin","return_normal","Past",2020-05-28,"cumulative_hosps",1927,1927,1927,2001,1980,2069,2069,2069
"Wisconsin","status_quo","Past",2020-05-28,"cumulative_hosps",1927,1927,1927,2001,1980,2069,2069,2069
"Wisconsin","linear_increase_sd","Past",2020-05-28,"daily_all_infections",1091,1091,1091,1145,1107,1228,1228,1228
"Wisconsin","return_normal","Past",2020-05-28,"daily_all_infections",1091,1091,1091,1145,1107,1228,1228,1228
"Wisconsin","status_quo","Past",2020-05-28,"daily_all_infections",1091,1091,1091,1145,1107,1228,1228,1228
"Wisconsin","linear_increase_sd","Past",2020-05-28,"daily_cases",421,421,421,481,494,503,503,503
"Wisconsin","return_normal","Past",2020-05-28,"daily_cases",421,421,421,481,494,503,503,503
"Wisconsin","status_quo","Past",2020-05-28,"daily_cases",421,421,421,481,494,503,503,503
"Wisconsin","linear_increase_sd","Past",2020-05-28,"daily_deaths",6,6,6,8,7,8,8,8
"Wisconsin","return_normal","Past",2020-05-28,"daily_deaths",6,6,6,8,7,8,8,8
"Wisconsin","status_quo","Past",2020-05-28,"daily_deaths",6,6,6,8,7,8,8,8
"Wisconsin","linear_increase_sd","Past",2020-05-28,"daily_hosps",52,52,52,55,55,57,57,57
"Wisconsin","return_normal","Past",2020-05-28,"daily_hosps",52,52,52,55,55,57,57,57
"Wisconsin","status_quo","Past",2020-05-28,"daily_hosps",52,52,52,55,55,57,57,57
"Wisconsin","linear_increase_sd","Past",2020-05-28,"latent_trend",NA,NA,NA,0.316031493442449,NA,NA,NA,NA
"Wisconsin","return_normal","Past",2020-05-28,"latent_trend",NA,NA,NA,0.316031493442449,NA,NA,NA,NA
"Wisconsin","status_quo","Past",2020-05-28,"latent_trend",NA,NA,NA,0.316031493442449,NA,NA,NA,NA
"Wisconsin","linear_increase_sd","Past",2020-05-28,"mobility_trend",NA,NA,NA,0.863980659133596,NA,NA,NA,NA
"Wisconsin","return_normal","Past",2020-05-28,"mobility_trend",NA,NA,NA,0.863980659133596,NA,NA,NA,NA
"Wisconsin","status_quo","Past",2020-05-28,"mobility_trend",NA,NA,NA,0.863980659133596,NA,NA,NA,NA
"Wisconsin",NA,"Past",2020-05-29,"actual_cumulative_cases",NA,NA,NA,19842,NA,NA,NA,NA
"Wisconsin",NA,"Past",2020-05-29,"actual_cumulative_deaths",NA,NA,NA,565,NA,NA,NA,NA
"Wisconsin",NA,"Past",2020-05-29,"actual_daily_cases",NA,NA,NA,766,NA,NA,NA,NA
"Wisconsin",NA,"Past",2020-05-29,"actual_daily_deaths",NA,NA,NA,18,NA,NA,NA,NA
"Wisconsin","linear_increase_sd","Past",2020-05-29,"combined_trend",NA,NA,NA,0.262087787097211,NA,NA,NA,NA
"Wisconsin","return_normal","Past",2020-05-29,"combined_trend",NA,NA,NA,0.262087787097211,NA,NA,NA,NA
"Wisconsin","status_quo","Past",2020-05-29,"combined_trend",NA,NA,NA,0.262087787097211,NA,NA,NA,NA
"Wisconsin","linear_increase_sd","Past",2020-05-29,"cumulative_all_infections",72895,72895,72895,75140,74336,77765,77765,77765
"Wisconsin","return_normal","Past",2020-05-29,"cumulative_all_infections",72895,72895,72895,75140,74336,77765,77765,77765
"Wisconsin","status_quo","Past",2020-05-29,"cumulative_all_infections",72895,72895,72895,75140,74336,77765,77765,77765
"Wisconsin","linear_increase_sd","Past",2020-05-29,"cumulative_cases",18941,18941,18941,19506,19418,20084,20084,20084
"Wisconsin","return_normal","Past",2020-05-29,"cumulative_cases",18941,18941,18941,19506,19418,20084,20084,20084
"Wisconsin","status_quo","Past",2020-05-29,"cumulative_cases",18941,18941,18941,19506,19418,20084,20084,20084
"Wisconsin","linear_increase_sd","Past",2020-05-29,"cumulative_deaths",400,400,400,416,408,436,436,436
"Wisconsin","return_normal","Past",2020-05-29,"cumulative_deaths",400,400,400,416,408,436,436,436
"Wisconsin","status_quo","Past",2020-05-29,"cumulative_deaths",400,400,400,416,408,436,436,436
"Wisconsin","linear_increase_sd","Past",2020-05-29,"cumulative_hosps",1983,1983,1983,2057,2033,2126,2126,2126
"Wisconsin","return_normal","Past",2020-05-29,"cumulative_hosps",1983,1983,1983,2057,2033,2126,2126,2126
"Wisconsin","status_quo","Past",2020-05-29,"cumulative_hosps",1983,1983,1983,2057,2033,2126,2126,2126
"Wisconsin","linear_increase_sd","Past",2020-05-29,"daily_all_infections",1023,1023,1023,1082,1047,1169,1169,1169
"Wisconsin","return_normal","Past",2020-05-29,"daily_all_infections",1023,1023,1023,1082,1047,1169,1169,1169
"Wisconsin","status_quo","Past",2020-05-29,"daily_all_infections",1023,1023,1023,1082,1047,1169,1169,1169
"Wisconsin","linear_increase_sd","Past",2020-05-29,"daily_cases",445,445,445,475,484,494,494,494
"Wisconsin","return_normal","Past",2020-05-29,"daily_cases",445,445,445,475,484,494,494,494
"Wisconsin","status_quo","Past",2020-05-29,"daily_cases",445,445,445,475,484,494,494,494
"Wisconsin","linear_increase_sd","Past",2020-05-29,"daily_deaths",7,7,7,8,8,9,9,9
"Wisconsin","return_normal","Past",2020-05-29,"daily_deaths",7,7,7,8,8,9,9,9
"Wisconsin","status_quo","Past",2020-05-29,"daily_deaths",7,7,7,8,8,9,9,9
"Wisconsin","linear_increase_sd","Past",2020-05-29,"daily_hosps",53,53,53,56,57,57,57,57
"Wisconsin","return_normal","Past",2020-05-29,"daily_hosps",53,53,53,56,57,57,57,57
"Wisconsin","status_quo","Past",2020-05-29,"daily_hosps",53,53,53,56,57,57,57,57
"Wisconsin","linear_increase_sd","Past",2020-05-29,"latent_trend",NA,NA,NA,0.303759114694493,NA,NA,NA,NA
"Wisconsin","return_normal","Past",2020-05-29,"latent_trend",NA,NA,NA,0.303759114694493,NA,NA,NA,NA
"Wisconsin","status_quo","Past",2020-05-29,"latent_trend",NA,NA,NA,0.303759114694493,NA,NA,NA,NA
"Wisconsin","linear_increase_sd","Past",2020-05-29,"mobility_trend",NA,NA,NA,0.862814560678472,NA,NA,NA,NA
"Wisconsin","return_normal","Past",2020-05-29,"mobility_trend",NA,NA,NA,0.862814560678472,NA,NA,NA,NA
"Wisconsin","status_quo","Past",2020-05-29,"mobility_trend",NA,NA,NA,0.862814560678472,NA,NA,NA,NA
"Wisconsin",NA,"Past",2020-05-30,"actual_cumulative_cases",NA,NA,NA,20381,NA,NA,NA,NA
"Wisconsin",NA,"Past",2020-05-30,"actual_cumulative_deaths",NA,NA,NA,585,NA,NA,NA,NA
"Wisconsin",NA,"Past",2020-05-30,"actual_daily_cases",NA,NA,NA,539,NA,NA,NA,NA
"Wisconsin",NA,"Past",2020-05-30,"actual_daily_deaths",NA,NA,NA,20,NA,NA,NA,NA
"Wisconsin","linear_increase_sd","Past",2020-05-30,"combined_trend",NA,NA,NA,0.254825900575119,NA,NA,NA,NA
"Wisconsin","return_normal","Past",2020-05-30,"combined_trend",NA,NA,NA,0.254825900575119,NA,NA,NA,NA
"Wisconsin","status_quo","Past",2020-05-30,"combined_trend",NA,NA,NA,0.254825900575119,NA,NA,NA,NA
"Wisconsin","linear_increase_sd","Past",2020-05-30,"cumulative_all_infections",73871,73871,73871,76169,75312,78847,78847,78847
"Wisconsin","return_normal","Past",2020-05-30,"cumulative_all_infections",73871,73871,73871,76169,75312,78847,78847,78847
"Wisconsin","status_quo","Past",2020-05-30,"cumulative_all_infections",73871,73871,73871,76169,75312,78847,78847,78847
"Wisconsin","linear_increase_sd","Past",2020-05-30,"cumulative_cases",19400,19400,19400,19972,19904,20552,20552,20552
"Wisconsin","return_normal","Past",2020-05-30,"cumulative_cases",19400,19400,19400,19972,19904,20552,20552,20552
"Wisconsin","status_quo","Past",2020-05-30,"cumulative_cases",19400,19400,19400,19972,19904,20552,20552,20552
"Wisconsin","linear_increase_sd","Past",2020-05-30,"cumulative_deaths",407,407,407,423,417,444,444,444
"Wisconsin","return_normal","Past",2020-05-30,"cumulative_deaths",407,407,407,423,417,444,444,444
"Wisconsin","status_quo","Past",2020-05-30,"cumulative_deaths",407,407,407,423,417,444,444,444
"Wisconsin","linear_increase_sd","Past",2020-05-30,"cumulative_hosps",2040,2040,2040,2114,2091,2183,2183,2183
"Wisconsin","return_normal","Past",2020-05-30,"cumulative_hosps",2040,2040,2040,2114,2091,2183,2183,2183
"Wisconsin","status_quo","Past",2020-05-30,"cumulative_hosps",2040,2040,2040,2114,2091,2183,2183,2183
"Wisconsin","linear_increase_sd","Past",2020-05-30,"daily_all_infections",976,976,976,1029,996,1114,1114,1114
"Wisconsin","return_normal","Past",2020-05-30,"daily_all_infections",976,976,976,1029,996,1114,1114,1114
"Wisconsin","status_quo","Past",2020-05-30,"daily_all_infections",976,976,976,1029,996,1114,1114,1114
"Wisconsin","linear_increase_sd","Past",2020-05-30,"daily_cases",429,429,429,466,468,487,487,487
"Wisconsin","return_normal","Past",2020-05-30,"daily_cases",429,429,429,466,468,487,487,487
"Wisconsin","status_quo","Past",2020-05-30,"daily_cases",429,429,429,466,468,487,487,487
"Wisconsin","linear_increase_sd","Past",2020-05-30,"daily_deaths",7,7,7,8,8,9,9,9
"Wisconsin","return_normal","Past",2020-05-30,"daily_deaths",7,7,7,8,8,9,9,9
"Wisconsin","status_quo","Past",2020-05-30,"daily_deaths",7,7,7,8,8,9,9,9
"Wisconsin","linear_increase_sd","Past",2020-05-30,"daily_hosps",54,54,54,57,57,59,59,59
"Wisconsin","return_normal","Past",2020-05-30,"daily_hosps",54,54,54,57,57,59,59,59
"Wisconsin","status_quo","Past",2020-05-30,"daily_hosps",54,54,54,57,57,59,59,59
"Wisconsin","linear_increase_sd","Past",2020-05-30,"latent_trend",NA,NA,NA,0.295614998051655,NA,NA,NA,NA
"Wisconsin","return_normal","Past",2020-05-30,"latent_trend",NA,NA,NA,0.295614998051655,NA,NA,NA,NA
"Wisconsin","status_quo","Past",2020-05-30,"latent_trend",NA,NA,NA,0.295614998051655,NA,NA,NA,NA
"Wisconsin","linear_increase_sd","Past",2020-05-30,"mobility_trend",NA,NA,NA,0.862019526257565,NA,NA,NA,NA
"Wisconsin","return_normal","Past",2020-05-30,"mobility_trend",NA,NA,NA,0.862019526257565,NA,NA,NA,NA
"Wisconsin","status_quo","Past",2020-05-30,"mobility_trend",NA,NA,NA,0.862019526257565,NA,NA,NA,NA
"Wisconsin",NA,"Past",2020-05-31,"actual_cumulative_cases",NA,NA,NA,20563,NA,NA,NA,NA
"Wisconsin",NA,"Past",2020-05-31,"actual_cumulative_deaths",NA,NA,NA,589,NA,NA,NA,NA
"Wisconsin",NA,"Past",2020-05-31,"actual_daily_cases",NA,NA,NA,182,NA,NA,NA,NA
"Wisconsin",NA,"Past",2020-05-31,"actual_daily_deaths",NA,NA,NA,4,NA,NA,NA,NA
"Wisconsin","linear_increase_sd","Past",2020-05-31,"combined_trend",NA,NA,NA,0.250889190085414,NA,NA,NA,NA
"Wisconsin","return_normal","Past",2020-05-31,"combined_trend",NA,NA,NA,0.250889190085414,NA,NA,NA,NA
"Wisconsin","status_quo","Past",2020-05-31,"combined_trend",NA,NA,NA,0.250889190085414,NA,NA,NA,NA
"Wisconsin","linear_increase_sd","Past",2020-05-31,"cumulative_all_infections",74802,74802,74802,77150,76246,79876,79876,79876
"Wisconsin","return_normal","Past",2020-05-31,"cumulative_all_infections",74802,74802,74802,77150,76246,79876,79876,79876
"Wisconsin","status_quo","Past",2020-05-31,"cumulative_all_infections",74802,74802,74802,77150,76246,79876,79876,79876
"Wisconsin","linear_increase_sd","Past",2020-05-31,"cumulative_cases",19844,19844,19844,20426,20355,21011,21011,21011
"Wisconsin","return_normal","Past",2020-05-31,"cumulative_cases",19844,19844,19844,20426,20355,21011,21011,21011
"Wisconsin","status_quo","Past",2020-05-31,"cumulative_cases",19844,19844,19844,20426,20355,21011,21011,21011
"Wisconsin","linear_increase_sd","Past",2020-05-31,"cumulative_deaths",415,415,415,432,426,452,452,452
"Wisconsin","return_normal","Past",2020-05-31,"cumulative_deaths",415,415,415,432,426,452,452,452
"Wisconsin","status_quo","Past",2020-05-31,"cumulative_deaths",415,415,415,432,426,452,452,452
"Wisconsin","linear_increase_sd","Past",2020-05-31,"cumulative_hosps",2098,2098,2098,2172,2151,2241,2241,2241
"Wisconsin","return_normal","Past",2020-05-31,"cumulative_hosps",2098,2098,2098,2172,2151,2241,2241,2241
"Wisconsin","status_quo","Past",2020-05-31,"cumulative_hosps",2098,2098,2098,2172,2151,2241,2241,2241
"Wisconsin","linear_increase_sd","Past",2020-05-31,"daily_all_infections",931,931,931,982,951,1064,1064,1064
"Wisconsin","return_normal","Past",2020-05-31,"daily_all_infections",931,931,931,982,951,1064,1064,1064
"Wisconsin","status_quo","Past",2020-05-31,"daily_all_infections",931,931,931,982,951,1064,1064,1064
"Wisconsin","linear_increase_sd","Past",2020-05-31,"daily_cases",433,433,433,454,451,482,482,482
"Wisconsin","return_normal","Past",2020-05-31,"daily_cases",433,433,433,454,451,482,482,482
"Wisconsin","status_quo","Past",2020-05-31,"daily_cases",433,433,433,454,451,482,482,482
"Wisconsin","linear_increase_sd","Past",2020-05-31,"daily_deaths",7,7,7,9,8,9,9,9
"Wisconsin","return_normal","Past",2020-05-31,"daily_deaths",7,7,7,9,8,9,9,9
"Wisconsin","status_quo","Past",2020-05-31,"daily_deaths",7,7,7,9,8,9,9,9
"Wisconsin","linear_increase_sd","Past",2020-05-31,"daily_hosps",55,55,55,58,58,60,60,60
"Wisconsin","return_normal","Past",2020-05-31,"daily_hosps",55,55,55,58,58,60,60,60
"Wisconsin","status_quo","Past",2020-05-31,"daily_hosps",55,55,55,58,58,60,60,60
"Wisconsin","linear_increase_sd","Past",2020-05-31,"latent_trend",NA,NA,NA,0.291081939618836,NA,NA,NA,NA
"Wisconsin","return_normal","Past",2020-05-31,"latent_trend",NA,NA,NA,0.291081939618836,NA,NA,NA,NA
"Wisconsin","status_quo","Past",2020-05-31,"latent_trend",NA,NA,NA,0.291081939618836,NA,NA,NA,NA
"Wisconsin","linear_increase_sd","Past",2020-05-31,"mobility_trend",NA,NA,NA,0.861919466435969,NA,NA,NA,NA
"Wisconsin","return_normal","Past",2020-05-31,"mobility_trend",NA,NA,NA,0.861919466435969,NA,NA,NA,NA
"Wisconsin","status_quo","Past",2020-05-31,"mobility_trend",NA,NA,NA,0.861919466435969,NA,NA,NA,NA
"Wisconsin",NA,"Past",2020-06-01,"actual_cumulative_cases",NA,NA,NA,20735,NA,NA,NA,NA
"Wisconsin",NA,"Past",2020-06-01,"actual_cumulative_deaths",NA,NA,NA,592,NA,NA,NA,NA
"Wisconsin",NA,"Past",2020-06-01,"actual_daily_cases",NA,NA,NA,172,NA,NA,NA,NA
"Wisconsin",NA,"Past",2020-06-01,"actual_daily_deaths",NA,NA,NA,3,NA,NA,NA,NA
"Wisconsin","linear_increase_sd","Past",2020-06-01,"combined_trend",NA,NA,NA,0.249947312877837,NA,NA,NA,NA
"Wisconsin","return_normal","Past",2020-06-01,"combined_trend",NA,NA,NA,0.249947312877837,NA,NA,NA,NA
"Wisconsin","status_quo","Past",2020-06-01,"combined_trend",NA,NA,NA,0.249947312877837,NA,NA,NA,NA
"Wisconsin","linear_increase_sd","Past",2020-06-01,"cumulative_all_infections",75702,75702,75702,78091,77149,80846,80846,80846
"Wisconsin","return_normal","Past",2020-06-01,"cumulative_all_infections",75702,75702,75702,78091,77149,80846,80846,80846
"Wisconsin","status_quo","Past",2020-06-01,"cumulative_all_infections",75702,75702,75702,78091,77149,80846,80846,80846
"Wisconsin","linear_increase_sd","Past",2020-06-01,"cumulative_cases",20231,20231,20231,20849,20791,21450,21450,21450
"Wisconsin","return_normal","Past",2020-06-01,"cumulative_cases",20231,20231,20231,20849,20791,21450,21450,21450
"Wisconsin","status_quo","Past",2020-06-01,"cumulative_cases",20231,20231,20231,20849,20791,21450,21450,21450
"Wisconsin","linear_increase_sd","Past",2020-06-01,"cumulative_deaths",423,423,423,440,436,460,460,460
"Wisconsin","return_normal","Past",2020-06-01,"cumulative_deaths",423,423,423,440,436,460,460,460
"Wisconsin","status_quo","Past",2020-06-01,"cumulative_deaths",423,423,423,440,436,460,460,460
"Wisconsin","linear_increase_sd","Past",2020-06-01,"cumulative_hosps",2157,2157,2157,2230,2210,2298,2298,2298
"Wisconsin","return_normal","Past",2020-06-01,"cumulative_hosps",2157,2157,2157,2230,2210,2298,2298,2298
"Wisconsin","status_quo","Past",2020-06-01,"cumulative_hosps",2157,2157,2157,2230,2210,2298,2298,2298
"Wisconsin","linear_increase_sd","Past",2020-06-01,"daily_all_infections",900,900,900,941,912,1017,1017,1017
"Wisconsin","return_normal","Past",2020-06-01,"daily_all_infections",900,900,900,941,912,1017,1017,1017
"Wisconsin","status_quo","Past",2020-06-01,"daily_all_infections",900,900,900,941,912,1017,1017,1017
"Wisconsin","linear_increase_sd","Past",2020-06-01,"daily_cases",387,387,387,423,421,475,475,475
"Wisconsin","return_normal","Past",2020-06-01,"daily_cases",387,387,387,423,421,475,475,475
"Wisconsin","status_quo","Past",2020-06-01,"daily_cases",387,387,387,423,421,475,475,475
"Wisconsin","linear_increase_sd","Past",2020-06-01,"daily_deaths",8,8,8,9,9,10,10,10
"Wisconsin","return_normal","Past",2020-06-01,"daily_deaths",8,8,8,9,9,10,10,10
"Wisconsin","status_quo","Past",2020-06-01,"daily_deaths",8,8,8,9,9,10,10,10
"Wisconsin","linear_increase_sd","Past",2020-06-01,"daily_hosps",54,54,54,58,59,59,59,59
"Wisconsin","return_normal","Past",2020-06-01,"daily_hosps",54,54,54,58,59,59,59,59
"Wisconsin","status_quo","Past",2020-06-01,"daily_hosps",54,54,54,58,59,59,59,59
"Wisconsin","linear_increase_sd","Past",2020-06-01,"latent_trend",NA,NA,NA,0.289710855617004,NA,NA,NA,NA
"Wisconsin","return_normal","Past",2020-06-01,"latent_trend",NA,NA,NA,0.289710855617004,NA,NA,NA,NA
"Wisconsin","status_quo","Past",2020-06-01,"latent_trend",NA,NA,NA,0.289710855617004,NA,NA,NA,NA
"Wisconsin","linear_increase_sd","Past",2020-06-01,"mobility_trend",NA,NA,NA,0.862747487820289,NA,NA,NA,NA
"Wisconsin","return_normal","Past",2020-06-01,"mobility_trend",NA,NA,NA,0.862747487820289,NA,NA,NA,NA
"Wisconsin","status_quo","Past",2020-06-01,"mobility_trend",NA,NA,NA,0.862747487820289,NA,NA,NA,NA
"Wisconsin",NA,"Past",2020-06-02,"actual_cumulative_cases",NA,NA,NA,21154,NA,NA,NA,NA
"Wisconsin",NA,"Past",2020-06-02,"actual_cumulative_deaths",NA,NA,NA,604,NA,NA,NA,NA
"Wisconsin",NA,"Past",2020-06-02,"actual_daily_cases",NA,NA,NA,419,NA,NA,NA,NA
"Wisconsin",NA,"Past",2020-06-02,"actual_daily_deaths",NA,NA,NA,12,NA,NA,NA,NA
"Wisconsin","linear_increase_sd","Past",2020-06-02,"combined_trend",NA,NA,NA,0.251662954010615,NA,NA,NA,NA
"Wisconsin","return_normal","Past",2020-06-02,"combined_trend",NA,NA,NA,0.251662954010615,NA,NA,NA,NA
"Wisconsin","status_quo","Past",2020-06-02,"combined_trend",NA,NA,NA,0.251662954010615,NA,NA,NA,NA
"Wisconsin","linear_increase_sd","Past",2020-06-02,"cumulative_all_infections",76573,76573,76573,79003,78041,81777,81777,81777
"Wisconsin","return_normal","Past",2020-06-02,"cumulative_all_infections",76573,76573,76573,79003,78041,81777,81777,81777
"Wisconsin","status_quo","Past",2020-06-02,"cumulative_all_infections",76573,76573,76573,79003,78041,81777,81777,81777
"Wisconsin","linear_increase_sd","Past",2020-06-02,"cumulative_cases",20622,20622,20622,21246,21173,21876,21876,21876
"Wisconsin","return_normal","Past",2020-06-02,"cumulative_cases",20622,20622,20622,21246,21173,21876,21876,21876
"Wisconsin","status_quo","Past",2020-06-02,"cumulative_cases",20622,20622,20622,21246,21173,21876,21876,21876
"Wisconsin","linear_increase_sd","Past",2020-06-02,"cumulative_deaths",431,431,431,449,444,470,470,470
"Wisconsin","return_normal","Past",2020-06-02,"cumulative_deaths",431,431,431,449,444,470,470,470
"Wisconsin","status_quo","Past",2020-06-02,"cumulative_deaths",431,431,431,449,444,470,470,470
"Wisconsin","linear_increase_sd","Past",2020-06-02,"cumulative_hosps",2213,2213,2213,2287,2269,2355,2355,2355
"Wisconsin","return_normal","Past",2020-06-02,"cumulative_hosps",2213,2213,2213,2287,2269,2355,2355,2355
"Wisconsin","status_quo","Past",2020-06-02,"cumulative_hosps",2213,2213,2213,2287,2269,2355,2355,2355
"Wisconsin","linear_increase_sd","Past",2020-06-02,"daily_all_infections",871,871,871,913,892,983,983,983
"Wisconsin","return_normal","Past",2020-06-02,"daily_all_infections",871,871,871,913,892,983,983,983
"Wisconsin","status_quo","Past",2020-06-02,"daily_all_infections",871,871,871,913,892,983,983,983
"Wisconsin","linear_increase_sd","Past",2020-06-02,"daily_cases",382,382,382,397,391,426,426,426
"Wisconsin","return_normal","Past",2020-06-02,"daily_cases",382,382,382,397,391,426,426,426
"Wisconsin","status_quo","Past",2020-06-02,"daily_cases",382,382,382,397,391,426,426,426
"Wisconsin","linear_increase_sd","Past",2020-06-02,"daily_deaths",8,8,8,9,9,10,10,10
"Wisconsin","return_normal","Past",2020-06-02,"daily_deaths",8,8,8,9,9,10,10,10
"Wisconsin","status_quo","Past",2020-06-02,"daily_deaths",8,8,8,9,9,10,10,10
"Wisconsin","linear_increase_sd","Past",2020-06-02,"daily_hosps",54,54,54,57,57,59,59,59
"Wisconsin","return_normal","Past",2020-06-02,"daily_hosps",54,54,54,57,57,59,59,59
"Wisconsin","status_quo","Past",2020-06-02,"daily_hosps",54,54,54,57,57,59,59,59
"Wisconsin","linear_increase_sd","Past",2020-06-02,"latent_trend",NA,NA,NA,0.291119710085697,NA,NA,NA,NA
"Wisconsin","return_normal","Past",2020-06-02,"latent_trend",NA,NA,NA,0.291119710085697,NA,NA,NA,NA
"Wisconsin","status_quo","Past",2020-06-02,"latent_trend",NA,NA,NA,0.291119710085697,NA,NA,NA,NA
"Wisconsin","linear_increase_sd","Past",2020-06-02,"mobility_trend",NA,NA,NA,0.864465528412804,NA,NA,NA,NA
"Wisconsin","return_normal","Past",2020-06-02,"mobility_trend",NA,NA,NA,0.864465528412804,NA,NA,NA,NA
"Wisconsin","status_quo","Past",2020-06-02,"mobility_trend",NA,NA,NA,0.864465528412804,NA,NA,NA,NA
"Wisconsin",NA,"Past",2020-06-03,"actual_cumulative_cases",NA,NA,NA,21660,NA,NA,NA,NA
"Wisconsin",NA,"Past",2020-06-03,"actual_cumulative_deaths",NA,NA,NA,613,NA,NA,NA,NA
"Wisconsin",NA,"Past",2020-06-03,"actual_daily_cases",NA,NA,NA,506,NA,NA,NA,NA
"Wisconsin",NA,"Past",2020-06-03,"actual_daily_deaths",NA,NA,NA,9,NA,NA,NA,NA
"Wisconsin","linear_increase_sd","Past",2020-06-03,"combined_trend",NA,NA,NA,0.255729785880523,NA,NA,NA,NA
"Wisconsin","return_normal","Past",2020-06-03,"combined_trend",NA,NA,NA,0.255729785880523,NA,NA,NA,NA
"Wisconsin","status_quo","Past",2020-06-03,"combined_trend",NA,NA,NA,0.255729785880523,NA,NA,NA,NA
"Wisconsin","linear_increase_sd","Past",2020-06-03,"cumulative_all_infections",77428,77428,77428,79891,78917,82673,82673,82673
"Wisconsin","return_normal","Past",2020-06-03,"cumulative_all_infections",77428,77428,77428,79891,78917,82673,82673,82673
"Wisconsin","status_quo","Past",2020-06-03,"cumulative_all_infections",77428,77428,77428,79891,78917,82673,82673,82673
"Wisconsin","linear_increase_sd","Past",2020-06-03,"cumulative_cases",20981,20981,20981,21626,21533,22287,22287,22287
"Wisconsin","return_normal","Past",2020-06-03,"cumulative_cases",20981,20981,20981,21626,21533,22287,22287,22287
"Wisconsin","status_quo","Past",2020-06-03,"cumulative_cases",20981,20981,20981,21626,21533,22287,22287,22287
"Wisconsin","linear_increase_sd","Past",2020-06-03,"cumulative_deaths",440,440,440,457,451,478,478,478
"Wisconsin","return_normal","Past",2020-06-03,"cumulative_deaths",440,440,440,457,451,478,478,478
"Wisconsin","status_quo","Past",2020-06-03,"cumulative_deaths",440,440,440,457,451,478,478,478
"Wisconsin","linear_increase_sd","Past",2020-06-03,"cumulative_hosps",2269,2269,2269,2343,2326,2411,2411,2411
"Wisconsin","return_normal","Past",2020-06-03,"cumulative_hosps",2269,2269,2269,2343,2326,2411,2411,2411
"Wisconsin","status_quo","Past",2020-06-03,"cumulative_hosps",2269,2269,2269,2343,2326,2411,2411,2411
"Wisconsin","linear_increase_sd","Past",2020-06-03,"daily_all_infections",855,855,855,888,876,953,953,953
"Wisconsin","return_normal","Past",2020-06-03,"daily_all_infections",855,855,855,888,876,953,953,953
"Wisconsin","status_quo","Past",2020-06-03,"daily_all_infections",855,855,855,888,876,953,953,953
"Wisconsin","linear_increase_sd","Past",2020-06-03,"daily_cases",359,359,359,381,378,411,411,411
"Wisconsin","return_normal","Past",2020-06-03,"daily_cases",359,359,359,381,378,411,411,411
"Wisconsin","status_quo","Past",2020-06-03,"daily_cases",359,359,359,381,378,411,411,411
"Wisconsin","linear_increase_sd","Past",2020-06-03,"daily_deaths",7,7,7,9,8,9,9,9
"Wisconsin","return_normal","Past",2020-06-03,"daily_deaths",7,7,7,9,8,9,9,9
"Wisconsin","status_quo","Past",2020-06-03,"daily_deaths",7,7,7,9,8,9,9,9
"Wisconsin","linear_increase_sd","Past",2020-06-03,"daily_hosps",54,54,54,57,56,58,58,58
"Wisconsin","return_normal","Past",2020-06-03,"daily_hosps",54,54,54,57,56,58,58,58
"Wisconsin","status_quo","Past",2020-06-03,"daily_hosps",54,54,54,57,56,58,58,58
"Wisconsin","linear_increase_sd","Past",2020-06-03,"latent_trend",NA,NA,NA,0.294973615340501,NA,NA,NA,NA
"Wisconsin","return_normal","Past",2020-06-03,"latent_trend",NA,NA,NA,0.294973615340501,NA,NA,NA,NA
"Wisconsin","status_quo","Past",2020-06-03,"latent_trend",NA,NA,NA,0.294973615340501,NA,NA,NA,NA
"Wisconsin","linear_increase_sd","Past",2020-06-03,"mobility_trend",NA,NA,NA,0.86695817042932,NA,NA,NA,NA
"Wisconsin","return_normal","Past",2020-06-03,"mobility_trend",NA,NA,NA,0.86695817042932,NA,NA,NA,NA
"Wisconsin","status_quo","Past",2020-06-03,"mobility_trend",NA,NA,NA,0.86695817042932,NA,NA,NA,NA
"Wisconsin",NA,"Past",2020-06-04,"actual_cumulative_cases",NA,NA,NA,22192,NA,NA,NA,NA
"Wisconsin",NA,"Past",2020-06-04,"actual_cumulative_deaths",NA,NA,NA,623,NA,NA,NA,NA
"Wisconsin",NA,"Past",2020-06-04,"actual_daily_cases",NA,NA,NA,532,NA,NA,NA,NA
"Wisconsin",NA,"Past",2020-06-04,"actual_daily_deaths",NA,NA,NA,10,NA,NA,NA,NA
"Wisconsin","linear_increase_sd","Past",2020-06-04,"combined_trend",NA,NA,NA,0.2618615735157,NA,NA,NA,NA
"Wisconsin","return_normal","Past",2020-06-04,"combined_trend",NA,NA,NA,0.2618615735157,NA,NA,NA,NA
"Wisconsin","status_quo","Past",2020-06-04,"combined_trend",NA,NA,NA,0.2618615735157,NA,NA,NA,NA
"Wisconsin","linear_increase_sd","Past",2020-06-04,"cumulative_all_infections",78270,78270,78270,80760,79786,83541,83541,83541
"Wisconsin","return_normal","Past",2020-06-04,"cumulative_all_infections",78270,78270,78270,80760,79786,83541,83541,83541
"Wisconsin","status_quo","Past",2020-06-04,"cumulative_all_infections",78270,78270,78270,80760,79786,83541,83541,83541
"Wisconsin","linear_increase_sd","Past",2020-06-04,"cumulative_cases",21347,21347,21347,21995,21876,22690,22690,22690
"Wisconsin","return_normal","Past",2020-06-04,"cumulative_cases",21347,21347,21347,21995,21876,22690,22690,22690
"Wisconsin","status_quo","Past",2020-06-04,"cumulative_cases",21347,21347,21347,21995,21876,22690,22690,22690
"Wisconsin","linear_increase_sd","Past",2020-06-04,"cumulative_deaths",449,449,449,466,460,487,487,487
"Wisconsin","return_normal","Past",2020-06-04,"cumulative_deaths",449,449,449,466,460,487,487,487
"Wisconsin","status_quo","Past",2020-06-04,"cumulative_deaths",449,449,449,466,460,487,487,487
"Wisconsin","linear_increase_sd","Past",2020-06-04,"cumulative_hosps",2323,2323,2323,2397,2380,2467,2467,2467
"Wisconsin","return_normal","Past",2020-06-04,"cumulative_hosps",2323,2323,2323,2397,2380,2467,2467,2467
"Wisconsin","status_quo","Past",2020-06-04,"cumulative_hosps",2323,2323,2323,2397,2380,2467,2467,2467
"Wisconsin","linear_increase_sd","Past",2020-06-04,"daily_all_infections",833,833,833,869,868,933,933,933
"Wisconsin","return_normal","Past",2020-06-04,"daily_all_infections",833,833,833,869,868,933,933,933
"Wisconsin","status_quo","Past",2020-06-04,"daily_all_infections",833,833,833,869,868,933,933,933
"Wisconsin","linear_increase_sd","Past",2020-06-04,"daily_cases",343,343,343,370,366,403,403,403
"Wisconsin","return_normal","Past",2020-06-04,"daily_cases",343,343,343,370,366,403,403,403
"Wisconsin","status_quo","Past",2020-06-04,"daily_cases",343,343,343,370,366,403,403,403
"Wisconsin","linear_increase_sd","Past",2020-06-04,"daily_deaths",9,9,9,9,9,9,9,9
"Wisconsin","return_normal","Past",2020-06-04,"daily_deaths",9,9,9,9,9,9,9,9
"Wisconsin","status_quo","Past",2020-06-04,"daily_deaths",9,9,9,9,9,9,9,9
"Wisconsin","linear_increase_sd","Past",2020-06-04,"daily_hosps",52,52,52,55,54,56,56,56
"Wisconsin","return_normal","Past",2020-06-04,"daily_hosps",52,52,52,55,54,56,56,56
"Wisconsin","status_quo","Past",2020-06-04,"daily_hosps",52,52,52,55,54,56,56,56
"Wisconsin","linear_increase_sd","Past",2020-06-04,"latent_trend",NA,NA,NA,0.300965496306063,NA,NA,NA,NA
"Wisconsin","return_normal","Past",2020-06-04,"latent_trend",NA,NA,NA,0.300965496306063,NA,NA,NA,NA
"Wisconsin","status_quo","Past",2020-06-04,"latent_trend",NA,NA,NA,0.300965496306063,NA,NA,NA,NA
"Wisconsin","linear_increase_sd","Past",2020-06-04,"mobility_trend",NA,NA,NA,0.870071741544096,NA,NA,NA,NA
"Wisconsin","return_normal","Past",2020-06-04,"mobility_trend",NA,NA,NA,0.870071741544096,NA,NA,NA,NA
"Wisconsin","status_quo","Past",2020-06-04,"mobility_trend",NA,NA,NA,0.870071741544096,NA,NA,NA,NA
"Wisconsin",NA,"Past",2020-06-05,"actual_cumulative_cases",NA,NA,NA,22598,NA,NA,NA,NA
"Wisconsin",NA,"Past",2020-06-05,"actual_cumulative_deaths",NA,NA,NA,630,NA,NA,NA,NA
"Wisconsin",NA,"Past",2020-06-05,"actual_daily_cases",NA,NA,NA,406,NA,NA,NA,NA
"Wisconsin",NA,"Past",2020-06-05,"actual_daily_deaths",NA,NA,NA,7,NA,NA,NA,NA
"Wisconsin","linear_increase_sd","Past",2020-06-05,"combined_trend",NA,NA,NA,0.269792008022925,NA,NA,NA,NA
"Wisconsin","return_normal","Past",2020-06-05,"combined_trend",NA,NA,NA,0.269792008022925,NA,NA,NA,NA
"Wisconsin","status_quo","Past",2020-06-05,"combined_trend",NA,NA,NA,0.269792008022925,NA,NA,NA,NA
"Wisconsin","linear_increase_sd","Past",2020-06-05,"cumulative_all_infections",79108,79108,79108,81618,80660,84382,84382,84382
"Wisconsin","return_normal","Past",2020-06-05,"cumulative_all_infections",79108,79108,79108,81618,80660,84382,84382,84382
"Wisconsin","status_quo","Past",2020-06-05,"cumulative_all_infections",79108,79108,79108,81618,80660,84382,84382,84382
"Wisconsin","linear_increase_sd","Past",2020-06-05,"cumulative_cases",21679,21679,21679,22346,22215,23076,23076,23076
"Wisconsin","return_normal","Past",2020-06-05,"cumulative_cases",21679,21679,21679,22346,22215,23076,23076,23076
"Wisconsin","status_quo","Past",2020-06-05,"cumulative_cases",21679,21679,21679,22346,22215,23076,23076,23076
"Wisconsin","linear_increase_sd","Past",2020-06-05,"cumulative_deaths",457,457,457,475,470,496,496,496
"Wisconsin","return_normal","Past",2020-06-05,"cumulative_deaths",457,457,457,475,470,496,496,496
"Wisconsin","status_quo","Past",2020-06-05,"cumulative_deaths",457,457,457,475,470,496,496,496
"Wisconsin","linear_increase_sd","Past",2020-06-05,"cumulative_hosps",2375,2375,2375,2450,2433,2520,2520,2520
"Wisconsin","return_normal","Past",2020-06-05,"cumulative_hosps",2375,2375,2375,2450,2433,2520,2520,2520
"Wisconsin","status_quo","Past",2020-06-05,"cumulative_hosps",2375,2375,2375,2450,2433,2520,2520,2520
"Wisconsin","linear_increase_sd","Past",2020-06-05,"daily_all_infections",819,819,819,858,841,916,916,916
"Wisconsin","return_normal","Past",2020-06-05,"daily_all_infections",819,819,819,858,841,916,916,916
"Wisconsin","status_quo","Past",2020-06-05,"daily_all_infections",819,819,819,858,841,916,916,916
"Wisconsin","linear_increase_sd","Past",2020-06-05,"daily_cases",332,332,332,351,339,386,386,386
"Wisconsin","return_normal","Past",2020-06-05,"daily_cases",332,332,332,351,339,386,386,386
"Wisconsin","status_quo","Past",2020-06-05,"daily_cases",332,332,332,351,339,386,386,386
"Wisconsin","linear_increase_sd","Past",2020-06-05,"daily_deaths",8,8,8,9,9,10,10,10
"Wisconsin","return_normal","Past",2020-06-05,"daily_deaths",8,8,8,9,9,10,10,10
"Wisconsin","status_quo","Past",2020-06-05,"daily_deaths",8,8,8,9,9,10,10,10
"Wisconsin","linear_increase_sd","Past",2020-06-05,"daily_hosps",50,50,50,53,53,54,54,54
"Wisconsin","return_normal","Past",2020-06-05,"daily_hosps",50,50,50,53,53,54,54,54
"Wisconsin","status_quo","Past",2020-06-05,"daily_hosps",50,50,50,53,53,54,54,54
"Wisconsin","linear_increase_sd","Past",2020-06-05,"latent_trend",NA,NA,NA,0.308798655067058,NA,NA,NA,NA
"Wisconsin","return_normal","Past",2020-06-05,"latent_trend",NA,NA,NA,0.308798655067058,NA,NA,NA,NA
"Wisconsin","status_quo","Past",2020-06-05,"latent_trend",NA,NA,NA,0.308798655067058,NA,NA,NA,NA
"Wisconsin","linear_increase_sd","Past",2020-06-05,"mobility_trend",NA,NA,NA,0.873682587653554,NA,NA,NA,NA
"Wisconsin","return_normal","Past",2020-06-05,"mobility_trend",NA,NA,NA,0.873682587653554,NA,NA,NA,NA
"Wisconsin","status_quo","Past",2020-06-05,"mobility_trend",NA,NA,NA,0.873682587653554,NA,NA,NA,NA
"Wisconsin",NA,"Past",2020-06-06,"actual_cumulative_cases",NA,NA,NA,22936,NA,NA,NA,NA
"Wisconsin",NA,"Past",2020-06-06,"actual_cumulative_deaths",NA,NA,NA,642,NA,NA,NA,NA
"Wisconsin",NA,"Past",2020-06-06,"actual_daily_cases",NA,NA,NA,338,NA,NA,NA,NA
"Wisconsin",NA,"Past",2020-06-06,"actual_daily_deaths",NA,NA,NA,12,NA,NA,NA,NA
"Wisconsin","linear_increase_sd","Past",2020-06-06,"combined_trend",NA,NA,NA,0.279299497235321,NA,NA,NA,NA
"Wisconsin","return_normal","Past",2020-06-06,"combined_trend",NA,NA,NA,0.279299497235321,NA,NA,NA,NA
"Wisconsin","status_quo","Past",2020-06-06,"combined_trend",NA,NA,NA,0.279299497235321,NA,NA,NA,NA
"Wisconsin","linear_increase_sd","Past",2020-06-06,"cumulative_all_infections",79948,79948,79948,82468,81546,85201,85201,85201
"Wisconsin","return_normal","Past",2020-06-06,"cumulative_all_infections",79948,79948,79948,82468,81546,85201,85201,85201
"Wisconsin","status_quo","Past",2020-06-06,"cumulative_all_infections",79948,79948,79948,82468,81546,85201,85201,85201
"Wisconsin","linear_increase_sd","Past",2020-06-06,"cumulative_cases",22002,22002,22002,22685,22547,23440,23440,23440
"Wisconsin","return_normal","Past",2020-06-06,"cumulative_cases",22002,22002,22002,22685,22547,23440,23440,23440
"Wisconsin","status_quo","Past",2020-06-06,"cumulative_cases",22002,22002,22002,22685,22547,23440,23440,23440
"Wisconsin","linear_increase_sd","Past",2020-06-06,"cumulative_deaths",465,465,465,483,478,504,504,504
"Wisconsin","return_normal","Past",2020-06-06,"cumulative_deaths",465,465,465,483,478,504,504,504
"Wisconsin","status_quo","Past",2020-06-06,"cumulative_deaths",465,465,465,483,478,504,504,504
"Wisconsin","linear_increase_sd","Past",2020-06-06,"cumulative_hosps",2424,2424,2424,2500,2484,2572,2572,2572
"Wisconsin","return_normal","Past",2020-06-06,"cumulative_hosps",2424,2424,2424,2500,2484,2572,2572,2572
"Wisconsin","status_quo","Past",2020-06-06,"cumulative_hosps",2424,2424,2424,2500,2484,2572,2572,2572
"Wisconsin","linear_increase_sd","Past",2020-06-06,"daily_all_infections",808,808,808,851,840,900,900,900
"Wisconsin","return_normal","Past",2020-06-06,"daily_all_infections",808,808,808,851,840,900,900,900
"Wisconsin","status_quo","Past",2020-06-06,"daily_all_infections",808,808,808,851,840,900,900,900
"Wisconsin","linear_increase_sd","Past",2020-06-06,"daily_cases",323,323,323,339,332,364,364,364
"Wisconsin","return_normal","Past",2020-06-06,"daily_cases",323,323,323,339,332,364,364,364
"Wisconsin","status_quo","Past",2020-06-06,"daily_cases",323,323,323,339,332,364,364,364
"Wisconsin","linear_increase_sd","Past",2020-06-06,"daily_deaths",8,8,8,8,8,8,8,8
"Wisconsin","return_normal","Past",2020-06-06,"daily_deaths",8,8,8,8,8,8,8,8
"Wisconsin","status_quo","Past",2020-06-06,"daily_deaths",8,8,8,8,8,8,8,8
"Wisconsin","linear_increase_sd","Past",2020-06-06,"daily_hosps",48,48,48,51,51,53,53,53
"Wisconsin","return_normal","Past",2020-06-06,"daily_hosps",48,48,48,51,51,53,53,53
"Wisconsin","status_quo","Past",2020-06-06,"daily_hosps",48,48,48,51,51,53,53,53
"Wisconsin","linear_increase_sd","Past",2020-06-06,"latent_trend",NA,NA,NA,0.318172045301474,NA,NA,NA,NA
"Wisconsin","return_normal","Past",2020-06-06,"latent_trend",NA,NA,NA,0.318172045301474,NA,NA,NA,NA
"Wisconsin","status_quo","Past",2020-06-06,"latent_trend",NA,NA,NA,0.318172045301474,NA,NA,NA,NA
"Wisconsin","linear_increase_sd","Past",2020-06-06,"mobility_trend",NA,NA,NA,0.877825382084338,NA,NA,NA,NA
"Wisconsin","return_normal","Past",2020-06-06,"mobility_trend",NA,NA,NA,0.877825382084338,NA,NA,NA,NA
"Wisconsin","status_quo","Past",2020-06-06,"mobility_trend",NA,NA,NA,0.877825382084338,NA,NA,NA,NA
"Wisconsin",NA,"Past",2020-06-07,"actual_cumulative_cases",NA,NA,NA,23211,NA,NA,NA,NA
"Wisconsin",NA,"Past",2020-06-07,"actual_cumulative_deaths",NA,NA,NA,644,NA,NA,NA,NA
"Wisconsin",NA,"Past",2020-06-07,"actual_daily_cases",NA,NA,NA,275,NA,NA,NA,NA
"Wisconsin",NA,"Past",2020-06-07,"actual_daily_deaths",NA,NA,NA,2,NA,NA,NA,NA
"Wisconsin","linear_increase_sd","Past",2020-06-07,"combined_trend",NA,NA,NA,0.290162936566236,NA,NA,NA,NA
"Wisconsin","return_normal","Past",2020-06-07,"combined_trend",NA,NA,NA,0.290162936566236,NA,NA,NA,NA
"Wisconsin","status_quo","Past",2020-06-07,"combined_trend",NA,NA,NA,0.290162936566236,NA,NA,NA,NA
"Wisconsin","linear_increase_sd","Past",2020-06-07,"cumulative_all_infections",80792,80792,80792,83317,82439,86011,86011,86011
"Wisconsin","return_normal","Past",2020-06-07,"cumulative_all_infections",80792,80792,80792,83317,82439,86011,86011,86011
"Wisconsin","status_quo","Past",2020-06-07,"cumulative_all_infections",80792,80792,80792,83317,82439,86011,86011,86011
"Wisconsin","linear_increase_sd","Past",2020-06-07,"cumulative_cases",22304,22304,22304,23009,22873,23799,23799,23799
"Wisconsin","return_normal","Past",2020-06-07,"cumulative_cases",22304,22304,22304,23009,22873,23799,23799,23799
"Wisconsin","status_quo","Past",2020-06-07,"cumulative_cases",22304,22304,22304,23009,22873,23799,23799,23799
"Wisconsin","linear_increase_sd","Past",2020-06-07,"cumulative_deaths",473,473,473,492,487,514,514,514
"Wisconsin","return_normal","Past",2020-06-07,"cumulative_deaths",473,473,473,492,487,514,514,514
"Wisconsin","status_quo","Past",2020-06-07,"cumulative_deaths",473,473,473,492,487,514,514,514
"Wisconsin","linear_increase_sd","Past",2020-06-07,"cumulative_hosps",2471,2471,2471,2549,2531,2622,2622,2622
"Wisconsin","return_normal","Past",2020-06-07,"cumulative_hosps",2471,2471,2471,2549,2531,2622,2622,2622
"Wisconsin","status_quo","Past",2020-06-07,"cumulative_hosps",2471,2471,2471,2549,2531,2622,2622,2622
"Wisconsin","linear_increase_sd","Past",2020-06-07,"daily_all_infections",803,803,803,849,844,893,893,893
"Wisconsin","return_normal","Past",2020-06-07,"daily_all_infections",803,803,803,849,844,893,893,893
"Wisconsin","status_quo","Past",2020-06-07,"daily_all_infections",803,803,803,849,844,893,893,893
"Wisconsin","linear_increase_sd","Past",2020-06-07,"daily_cases",302,302,302,325,319,359,359,359
"Wisconsin","return_normal","Past",2020-06-07,"daily_cases",302,302,302,325,319,359,359,359
"Wisconsin","status_quo","Past",2020-06-07,"daily_cases",302,302,302,325,319,359,359,359
"Wisconsin","linear_increase_sd","Past",2020-06-07,"daily_deaths",8,8,8,9,9,10,10,10
"Wisconsin","return_normal","Past",2020-06-07,"daily_deaths",8,8,8,9,9,10,10,10
"Wisconsin","status_quo","Past",2020-06-07,"daily_deaths",8,8,8,9,9,10,10,10
"Wisconsin","linear_increase_sd","Past",2020-06-07,"daily_hosps",47,47,47,49,47,52,52,52
"Wisconsin","return_normal","Past",2020-06-07,"daily_hosps",47,47,47,49,47,52,52,52
"Wisconsin","status_quo","Past",2020-06-07,"daily_hosps",47,47,47,49,47,52,52,52
"Wisconsin","linear_increase_sd","Past",2020-06-07,"latent_trend",NA,NA,NA,0.328768818962826,NA,NA,NA,NA
"Wisconsin","return_normal","Past",2020-06-07,"latent_trend",NA,NA,NA,0.328768818962826,NA,NA,NA,NA
"Wisconsin","status_quo","Past",2020-06-07,"latent_trend",NA,NA,NA,0.328768818962826,NA,NA,NA,NA
"Wisconsin","linear_increase_sd","Past",2020-06-07,"mobility_trend",NA,NA,NA,0.882574380020645,NA,NA,NA,NA
"Wisconsin","return_normal","Past",2020-06-07,"mobility_trend",NA,NA,NA,0.882574380020645,NA,NA,NA,NA
"Wisconsin","status_quo","Past",2020-06-07,"mobility_trend",NA,NA,NA,0.882574380020645,NA,NA,NA,NA
"Wisconsin",NA,"Past",2020-06-08,"actual_cumulative_cases",NA,NA,NA,23433,NA,NA,NA,NA
"Wisconsin",NA,"Past",2020-06-08,"actual_cumulative_deaths",NA,NA,NA,644,NA,NA,NA,NA
"Wisconsin",NA,"Past",2020-06-08,"actual_daily_cases",NA,NA,NA,222,NA,NA,NA,NA
"Wisconsin",NA,"Past",2020-06-08,"actual_daily_deaths",NA,NA,NA,NA,NA,NA,NA,NA
"Wisconsin","linear_increase_sd","Past",2020-06-08,"combined_trend",NA,NA,NA,0.302130180382364,NA,NA,NA,NA
"Wisconsin","return_normal","Past",2020-06-08,"combined_trend",NA,NA,NA,0.302130180382364,NA,NA,NA,NA
"Wisconsin","status_quo","Past",2020-06-08,"combined_trend",NA,NA,NA,0.302130180382364,NA,NA,NA,NA
"Wisconsin","linear_increase_sd","Past",2020-06-08,"cumulative_all_infections",81643,81643,81643,84169,83348,86834,86834,86834
"Wisconsin","return_normal","Past",2020-06-08,"cumulative_all_infections",81643,81643,81643,84169,83348,86834,86834,86834
"Wisconsin","status_quo","Past",2020-06-08,"cumulative_all_infections",81643,81643,81643,84169,83348,86834,86834,86834
"Wisconsin","linear_increase_sd","Past",2020-06-08,"cumulative_cases",22618,22618,22618,23327,23186,24139,24139,24139
"Wisconsin","return_normal","Past",2020-06-08,"cumulative_cases",22618,22618,22618,23327,23186,24139,24139,24139
"Wisconsin","status_quo","Past",2020-06-08,"cumulative_cases",22618,22618,22618,23327,23186,24139,24139,24139
"Wisconsin","linear_increase_sd","Past",2020-06-08,"cumulative_deaths",481,481,481,500,495,522,522,522
"Wisconsin","return_normal","Past",2020-06-08,"cumulative_deaths",481,481,481,500,495,522,522,522
"Wisconsin","status_quo","Past",2020-06-08,"cumulative_deaths",481,481,481,500,495,522,522,522
"Wisconsin","linear_increase_sd","Past",2020-06-08,"cumulative_hosps",2516,2516,2516,2596,2577,2671,2671,2671
"Wisconsin","return_normal","Past",2020-06-08,"cumulative_hosps",2516,2516,2516,2596,2577,2671,2671,2671
"Wisconsin","status_quo","Past",2020-06-08,"cumulative_hosps",2516,2516,2516,2596,2577,2671,2671,2671
"Wisconsin","linear_increase_sd","Past",2020-06-08,"daily_all_infections",803,803,803,852,851,909,909,909
"Wisconsin","return_normal","Past",2020-06-08,"daily_all_infections",803,803,803,852,851,909,909,909
"Wisconsin","status_quo","Past",2020-06-08,"daily_all_infections",803,803,803,852,851,909,909,909
"Wisconsin","linear_increase_sd","Past",2020-06-08,"daily_cases",308,308,308,318,313,340,340,340
"Wisconsin","return_normal","Past",2020-06-08,"daily_cases",308,308,308,318,313,340,340,340
"Wisconsin","status_quo","Past",2020-06-08,"daily_cases",308,308,308,318,313,340,340,340
"Wisconsin","linear_increase_sd","Past",2020-06-08,"daily_deaths",8,8,8,9,8,9,9,9
"Wisconsin","return_normal","Past",2020-06-08,"daily_deaths",8,8,8,9,8,9,9,9
"Wisconsin","status_quo","Past",2020-06-08,"daily_deaths",8,8,8,9,8,9,9,9
"Wisconsin","linear_increase_sd","Past",2020-06-08,"daily_hosps",44,44,44,47,46,51,51,51
"Wisconsin","return_normal","Past",2020-06-08,"daily_hosps",44,44,44,47,46,51,51,51
"Wisconsin","status_quo","Past",2020-06-08,"daily_hosps",44,44,44,47,46,51,51,51
"Wisconsin","linear_increase_sd","Past",2020-06-08,"latent_trend",NA,NA,NA,0.340248535346289,NA,NA,NA,NA
"Wisconsin","return_normal","Past",2020-06-08,"latent_trend",NA,NA,NA,0.340248535346289,NA,NA,NA,NA
"Wisconsin","status_quo","Past",2020-06-08,"latent_trend",NA,NA,NA,0.340248535346289,NA,NA,NA,NA
"Wisconsin","linear_increase_sd","Past",2020-06-08,"mobility_trend",NA,NA,NA,0.887969084348505,NA,NA,NA,NA
"Wisconsin","return_normal","Past",2020-06-08,"mobility_trend",NA,NA,NA,0.887969084348505,NA,NA,NA,NA
"Wisconsin","status_quo","Past",2020-06-08,"mobility_trend",NA,NA,NA,0.887969084348505,NA,NA,NA,NA
"Wisconsin",NA,"Past",2020-06-09,"actual_cumulative_cases",NA,NA,NA,23733,NA,NA,NA,NA
"Wisconsin",NA,"Past",2020-06-09,"actual_cumulative_deaths",NA,NA,NA,659,NA,NA,NA,NA
"Wisconsin",NA,"Past",2020-06-09,"actual_daily_cases",NA,NA,NA,300,NA,NA,NA,NA
"Wisconsin",NA,"Past",2020-06-09,"actual_daily_deaths",NA,NA,NA,15,NA,NA,NA,NA
"Wisconsin","linear_increase_sd","Past",2020-06-09,"combined_trend",NA,NA,NA,0.31487372269024,NA,NA,NA,NA
"Wisconsin","return_normal","Past",2020-06-09,"combined_trend",NA,NA,NA,0.31487372269024,NA,NA,NA,NA
"Wisconsin","status_quo","Past",2020-06-09,"combined_trend",NA,NA,NA,0.31487372269024,NA,NA,NA,NA
"Wisconsin","linear_increase_sd","Past",2020-06-09,"cumulative_all_infections",82496,82496,82496,85024,84271,87729,87729,87729
"Wisconsin","return_normal","Past",2020-06-09,"cumulative_all_infections",82496,82496,82496,85024,84271,87729,87729,87729
"Wisconsin","status_quo","Past",2020-06-09,"cumulative_all_infections",82496,82496,82496,85024,84271,87729,87729,87729
"Wisconsin","linear_increase_sd","Past",2020-06-09,"cumulative_cases",22910,22910,22910,23639,23501,24472,24472,24472
"Wisconsin","return_normal","Past",2020-06-09,"cumulative_cases",22910,22910,22910,23639,23501,24472,24472,24472
"Wisconsin","status_quo","Past",2020-06-09,"cumulative_cases",22910,22910,22910,23639,23501,24472,24472,24472
"Wisconsin","linear_increase_sd","Past",2020-06-09,"cumulative_deaths",489,489,489,509,503,529,529,529
"Wisconsin","return_normal","Past",2020-06-09,"cumulative_deaths",489,489,489,509,503,529,529,529
"Wisconsin","status_quo","Past",2020-06-09,"cumulative_deaths",489,489,489,509,503,529,529,529
"Wisconsin","linear_increase_sd","Past",2020-06-09,"cumulative_hosps",2559,2559,2559,2641,2621,2718,2718,2718
"Wisconsin","return_normal","Past",2020-06-09,"cumulative_hosps",2559,2559,2559,2641,2621,2718,2718,2718
"Wisconsin","status_quo","Past",2020-06-09,"cumulative_hosps",2559,2559,2559,2641,2621,2718,2718,2718
"Wisconsin","linear_increase_sd","Past",2020-06-09,"daily_all_infections",802,802,802,856,853,923,923,923
"Wisconsin","return_normal","Past",2020-06-09,"daily_all_infections",802,802,802,856,853,923,923,923
"Wisconsin","status_quo","Past",2020-06-09,"daily_all_infections",802,802,802,856,853,923,923,923
"Wisconsin","linear_increase_sd","Past",2020-06-09,"daily_cases",292,292,292,313,315,333,333,333
"Wisconsin","return_normal","Past",2020-06-09,"daily_cases",292,292,292,313,315,333,333,333
"Wisconsin","status_quo","Past",2020-06-09,"daily_cases",292,292,292,313,315,333,333,333
"Wisconsin","linear_increase_sd","Past",2020-06-09,"daily_deaths",7,7,7,9,8,9,9,9
"Wisconsin","return_normal","Past",2020-06-09,"daily_deaths",7,7,7,9,8,9,9,9
"Wisconsin","status_quo","Past",2020-06-09,"daily_deaths",7,7,7,9,8,9,9,9
"Wisconsin","linear_increase_sd","Past",2020-06-09,"daily_hosps",43,43,43,46,44,49,49,49
"Wisconsin","return_normal","Past",2020-06-09,"daily_hosps",43,43,43,46,44,49,49,49
"Wisconsin","status_quo","Past",2020-06-09,"daily_hosps",43,43,43,46,44,49,49,49
"Wisconsin","linear_increase_sd","Past",2020-06-09,"latent_trend",NA,NA,NA,0.352243208655242,NA,NA,NA,NA
"Wisconsin","return_normal","Past",2020-06-09,"latent_trend",NA,NA,NA,0.352243208655242,NA,NA,NA,NA
"Wisconsin","status_quo","Past",2020-06-09,"latent_trend",NA,NA,NA,0.352243208655242,NA,NA,NA,NA
"Wisconsin","linear_increase_sd","Past",2020-06-09,"mobility_trend",NA,NA,NA,0.893909988761266,NA,NA,NA,NA
"Wisconsin","return_normal","Past",2020-06-09,"mobility_trend",NA,NA,NA,0.893909988761266,NA,NA,NA,NA
"Wisconsin","status_quo","Past",2020-06-09,"mobility_trend",NA,NA,NA,0.893909988761266,NA,NA,NA,NA
"Wisconsin",NA,"Past",2020-06-10,"actual_cumulative_cases",NA,NA,NA,24069,NA,NA,NA,NA
"Wisconsin",NA,"Past",2020-06-10,"actual_cumulative_deaths",NA,NA,NA,669,NA,NA,NA,NA
"Wisconsin",NA,"Past",2020-06-10,"actual_daily_cases",NA,NA,NA,336,NA,NA,NA,NA
"Wisconsin",NA,"Past",2020-06-10,"actual_daily_deaths",NA,NA,NA,10,NA,NA,NA,NA
"Wisconsin","linear_increase_sd","Past",2020-06-10,"combined_trend",NA,NA,NA,0.328020579297575,NA,NA,NA,NA
"Wisconsin","return_normal","Past",2020-06-10,"combined_trend",NA,NA,NA,0.328020579297575,NA,NA,NA,NA
"Wisconsin","status_quo","Past",2020-06-10,"combined_trend",NA,NA,NA,0.328020579297575,NA,NA,NA,NA
"Wisconsin","linear_increase_sd","Past",2020-06-10,"cumulative_all_infections",83371,83371,83371,85891,85217,88621,88621,88621
"Wisconsin","return_normal","Past",2020-06-10,"cumulative_all_infections",83371,83371,83371,85891,85217,88621,88621,88621
"Wisconsin","status_quo","Past",2020-06-10,"cumulative_all_infections",83371,83371,83371,85891,85217,88621,88621,88621
"Wisconsin","linear_increase_sd","Past",2020-06-10,"cumulative_cases",23207,23207,23207,23937,23800,24778,24778,24778
"Wisconsin","return_normal","Past",2020-06-10,"cumulative_cases",23207,23207,23207,23937,23800,24778,24778,24778
"Wisconsin","status_quo","Past",2020-06-10,"cumulative_cases",23207,23207,23207,23937,23800,24778,24778,24778
"Wisconsin","linear_increase_sd","Past",2020-06-10,"cumulative_deaths",497,497,497,517,511,536,536,536
"Wisconsin","return_normal","Past",2020-06-10,"cumulative_deaths",497,497,497,517,511,536,536,536
"Wisconsin","status_quo","Past",2020-06-10,"cumulative_deaths",497,497,497,517,511,536,536,536
"Wisconsin","linear_increase_sd","Past",2020-06-10,"cumulative_hosps",2600,2600,2600,2684,2664,2764,2764,2764
"Wisconsin","return_normal","Past",2020-06-10,"cumulative_hosps",2600,2600,2600,2684,2664,2764,2764,2764
"Wisconsin","status_quo","Past",2020-06-10,"cumulative_hosps",2600,2600,2600,2684,2664,2764,2764,2764
"Wisconsin","linear_increase_sd","Past",2020-06-10,"daily_all_infections",808,808,808,867,875,946,946,946
"Wisconsin","return_normal","Past",2020-06-10,"daily_all_infections",808,808,808,867,875,946,946,946
"Wisconsin","status_quo","Past",2020-06-10,"daily_all_infections",808,808,808,867,875,946,946,946
"Wisconsin","linear_increase_sd","Past",2020-06-10,"daily_cases",289,289,289,298,299,306,306,306
"Wisconsin","return_normal","Past",2020-06-10,"daily_cases",289,289,289,298,299,306,306,306
"Wisconsin","status_quo","Past",2020-06-10,"daily_cases",289,289,289,298,299,306,306,306
"Wisconsin","linear_increase_sd","Past",2020-06-10,"daily_deaths",7,7,7,8,8,9,9,9
"Wisconsin","return_normal","Past",2020-06-10,"daily_deaths",7,7,7,8,8,9,9,9
"Wisconsin","status_quo","Past",2020-06-10,"daily_deaths",7,7,7,8,8,9,9,9
"Wisconsin","linear_increase_sd","Past",2020-06-10,"daily_hosps",41,41,41,43,43,47,47,47
"Wisconsin","return_normal","Past",2020-06-10,"daily_hosps",41,41,41,43,43,47,47,47
"Wisconsin","status_quo","Past",2020-06-10,"daily_hosps",41,41,41,43,43,47,47,47
"Wisconsin","linear_increase_sd","Past",2020-06-10,"latent_trend",NA,NA,NA,0.364364020990548,NA,NA,NA,NA
"Wisconsin","return_normal","Past",2020-06-10,"latent_trend",NA,NA,NA,0.364364020990548,NA,NA,NA,NA
"Wisconsin","status_quo","Past",2020-06-10,"latent_trend",NA,NA,NA,0.364364020990548,NA,NA,NA,NA
"Wisconsin","linear_increase_sd","Past",2020-06-10,"mobility_trend",NA,NA,NA,0.900255130585696,NA,NA,NA,NA
"Wisconsin","return_normal","Past",2020-06-10,"mobility_trend",NA,NA,NA,0.900255130585696,NA,NA,NA,NA
"Wisconsin","status_quo","Past",2020-06-10,"mobility_trend",NA,NA,NA,0.900255130585696,NA,NA,NA,NA
"Wisconsin",NA,"Past",2020-06-11,"actual_cumulative_cases",NA,NA,NA,24440,NA,NA,NA,NA
"Wisconsin",NA,"Past",2020-06-11,"actual_cumulative_deaths",NA,NA,NA,680,NA,NA,NA,NA
"Wisconsin",NA,"Past",2020-06-11,"actual_daily_cases",NA,NA,NA,371,NA,NA,NA,NA
"Wisconsin",NA,"Past",2020-06-11,"actual_daily_deaths",NA,NA,NA,11,NA,NA,NA,NA
"Wisconsin","linear_increase_sd","Past",2020-06-11,"combined_trend",NA,NA,NA,0.341294914110951,NA,NA,NA,NA
"Wisconsin","return_normal","Past",2020-06-11,"combined_trend",NA,NA,NA,0.341294914110951,NA,NA,NA,NA
"Wisconsin","status_quo","Past",2020-06-11,"combined_trend",NA,NA,NA,0.341294914110951,NA,NA,NA,NA
"Wisconsin","linear_increase_sd","Past",2020-06-11,"cumulative_all_infections",84264,84264,84264,86774,86183,89532,89532,89532
"Wisconsin","return_normal","Past",2020-06-11,"cumulative_all_infections",84264,84264,84264,86774,86183,89532,89532,89532
"Wisconsin","status_quo","Past",2020-06-11,"cumulative_all_infections",84264,84264,84264,86774,86183,89532,89532,89532
"Wisconsin","linear_increase_sd","Past",2020-06-11,"cumulative_cases",23497,23497,23497,24227,24093,25084,25084,25084
"Wisconsin","return_normal","Past",2020-06-11,"cumulative_cases",23497,23497,23497,24227,24093,25084,25084,25084
"Wisconsin","status_quo","Past",2020-06-11,"cumulative_cases",23497,23497,23497,24227,24093,25084,25084,25084
"Wisconsin","linear_increase_sd","Past",2020-06-11,"cumulative_deaths",505,505,505,524,518,545,545,545
"Wisconsin","return_normal","Past",2020-06-11,"cumulative_deaths",505,505,505,524,518,545,545,545
"Wisconsin","status_quo","Past",2020-06-11,"cumulative_deaths",505,505,505,524,518,545,545,545
"Wisconsin","linear_increase_sd","Past",2020-06-11,"cumulative_hosps",2641,2641,2641,2726,2705,2809,2809,2809
"Wisconsin","return_normal","Past",2020-06-11,"cumulative_hosps",2641,2641,2641,2726,2705,2809,2809,2809
"Wisconsin","status_quo","Past",2020-06-11,"cumulative_hosps",2641,2641,2641,2726,2705,2809,2809,2809
"Wisconsin","linear_increase_sd","Past",2020-06-11,"daily_all_infections",819,819,819,884,893,966,966,966
"Wisconsin","return_normal","Past",2020-06-11,"daily_all_infections",819,819,819,884,893,966,966,966
"Wisconsin","status_quo","Past",2020-06-11,"daily_all_infections",819,819,819,884,893,966,966,966
"Wisconsin","linear_increase_sd","Past",2020-06-11,"daily_cases",279,279,279,290,290,306,306,306
"Wisconsin","return_normal","Past",2020-06-11,"daily_cases",279,279,279,290,290,306,306,306
"Wisconsin","status_quo","Past",2020-06-11,"daily_cases",279,279,279,290,290,306,306,306
"Wisconsin","linear_increase_sd","Past",2020-06-11,"daily_deaths",7,7,7,8,8,9,9,9
"Wisconsin","return_normal","Past",2020-06-11,"daily_deaths",7,7,7,8,8,9,9,9
"Wisconsin","status_quo","Past",2020-06-11,"daily_deaths",7,7,7,8,8,9,9,9
"Wisconsin","linear_increase_sd","Past",2020-06-11,"daily_hosps",40,40,40,42,41,45,45,45
"Wisconsin","return_normal","Past",2020-06-11,"daily_hosps",40,40,40,42,41,45,45,45
"Wisconsin","status_quo","Past",2020-06-11,"daily_hosps",40,40,40,42,41,45,45,45
"Wisconsin","linear_increase_sd","Past",2020-06-11,"latent_trend",NA,NA,NA,0.376359695510071,NA,NA,NA,NA
"Wisconsin","return_normal","Past",2020-06-11,"latent_trend",NA,NA,NA,0.376359695510071,NA,NA,NA,NA
"Wisconsin","status_quo","Past",2020-06-11,"latent_trend",NA,NA,NA,0.376359695510071,NA,NA,NA,NA
"Wisconsin","linear_increase_sd","Past",2020-06-11,"mobility_trend",NA,NA,NA,0.906831730874906,NA,NA,NA,NA
"Wisconsin","return_normal","Past",2020-06-11,"mobility_trend",NA,NA,NA,0.906831730874906,NA,NA,NA,NA
"Wisconsin","status_quo","Past",2020-06-11,"mobility_trend",NA,NA,NA,0.906831730874906,NA,NA,NA,NA
"Wisconsin",NA,"Past",2020-06-12,"actual_cumulative_cases",NA,NA,NA,24794,NA,NA,NA,NA
"Wisconsin",NA,"Past",2020-06-12,"actual_cumulative_deaths",NA,NA,NA,687,NA,NA,NA,NA
"Wisconsin",NA,"Past",2020-06-12,"actual_daily_cases",NA,NA,NA,354,NA,NA,NA,NA
"Wisconsin",NA,"Past",2020-06-12,"actual_daily_deaths",NA,NA,NA,7,NA,NA,NA,NA
"Wisconsin","linear_increase_sd","Past",2020-06-12,"combined_trend",NA,NA,NA,0.354540550827062,NA,NA,NA,NA
"Wisconsin","return_normal","Past",2020-06-12,"combined_trend",NA,NA,NA,0.354540550827062,NA,NA,NA,NA
"Wisconsin","status_quo","Past",2020-06-12,"combined_trend",NA,NA,NA,0.354540550827062,NA,NA,NA,NA
"Wisconsin","linear_increase_sd","Past",2020-06-12,"cumulative_all_infections",85164,85164,85164,87676,87165,90468,90468,90468
"Wisconsin","return_normal","Past",2020-06-12,"cumulative_all_infections",85164,85164,85164,87676,87165,90468,90468,90468
"Wisconsin","status_quo","Past",2020-06-12,"cumulative_all_infections",85164,85164,85164,87676,87165,90468,90468,90468
"Wisconsin","linear_increase_sd","Past",2020-06-12,"cumulative_cases",23789,23789,23789,24520,24388,25379,25379,25379
"Wisconsin","return_normal","Past",2020-06-12,"cumulative_cases",23789,23789,23789,24520,24388,25379,25379,25379
"Wisconsin","status_quo","Past",2020-06-12,"cumulative_cases",23789,23789,23789,24520,24388,25379,25379,25379
"Wisconsin","linear_increase_sd","Past",2020-06-12,"cumulative_deaths",512,512,512,532,526,553,553,553
"Wisconsin","return_normal","Past",2020-06-12,"cumulative_deaths",512,512,512,532,526,553,553,553
"Wisconsin","status_quo","Past",2020-06-12,"cumulative_deaths",512,512,512,532,526,553,553,553
"Wisconsin","linear_increase_sd","Past",2020-06-12,"cumulative_hosps",2678,2678,2678,2765,2744,2852,2852,2852
"Wisconsin","return_normal","Past",2020-06-12,"cumulative_hosps",2678,2678,2678,2765,2744,2852,2852,2852
"Wisconsin","status_quo","Past",2020-06-12,"cumulative_hosps",2678,2678,2678,2765,2744,2852,2852,2852
"Wisconsin","linear_increase_sd","Past",2020-06-12,"daily_all_infections",844,844,844,902,900,982,982,982
"Wisconsin","return_normal","Past",2020-06-12,"daily_all_infections",844,844,844,902,900,982,982,982
"Wisconsin","status_quo","Past",2020-06-12,"daily_all_infections",844,844,844,902,900,982,982,982
"Wisconsin","linear_increase_sd","Past",2020-06-12,"daily_cases",290,290,290,294,294,295,295,295
"Wisconsin","return_normal","Past",2020-06-12,"daily_cases",290,290,290,294,294,295,295,295
"Wisconsin","status_quo","Past",2020-06-12,"daily_cases",290,290,290,294,294,295,295,295
"Wisconsin","linear_increase_sd","Past",2020-06-12,"daily_deaths",7,7,7,8,8,8,8,8
"Wisconsin","return_normal","Past",2020-06-12,"daily_deaths",7,7,7,8,8,8,8,8
"Wisconsin","status_quo","Past",2020-06-12,"daily_deaths",7,7,7,8,8,8,8,8
"Wisconsin","linear_increase_sd","Past",2020-06-12,"daily_hosps",37,37,37,40,39,43,43,43
"Wisconsin","return_normal","Past",2020-06-12,"daily_hosps",37,37,37,40,39,43,43,43
"Wisconsin","status_quo","Past",2020-06-12,"daily_hosps",37,37,37,40,39,43,43,43
"Wisconsin","linear_increase_sd","Past",2020-06-12,"latent_trend",NA,NA,NA,0.388131092889796,NA,NA,NA,NA
"Wisconsin","return_normal","Past",2020-06-12,"latent_trend",NA,NA,NA,0.388131092889796,NA,NA,NA,NA
"Wisconsin","status_quo","Past",2020-06-12,"latent_trend",NA,NA,NA,0.388131092889796,NA,NA,NA,NA
"Wisconsin","linear_increase_sd","Past",2020-06-12,"mobility_trend",NA,NA,NA,0.91345567856304,NA,NA,NA,NA
"Wisconsin","return_normal","Past",2020-06-12,"mobility_trend",NA,NA,NA,0.91345567856304,NA,NA,NA,NA
"Wisconsin","status_quo","Past",2020-06-12,"mobility_trend",NA,NA,NA,0.91345567856304,NA,NA,NA,NA
"Wisconsin",NA,"Past",2020-06-13,"actual_cumulative_cases",NA,NA,NA,25088,NA,NA,NA,NA
"Wisconsin",NA,"Past",2020-06-13,"actual_cumulative_deaths",NA,NA,NA,689,NA,NA,NA,NA
"Wisconsin",NA,"Past",2020-06-13,"actual_daily_cases",NA,NA,NA,294,NA,NA,NA,NA
"Wisconsin",NA,"Past",2020-06-13,"actual_daily_deaths",NA,NA,NA,2,NA,NA,NA,NA
"Wisconsin","linear_increase_sd","Past",2020-06-13,"combined_trend",NA,NA,NA,0.367589260860949,NA,NA,NA,NA
"Wisconsin","return_normal","Past",2020-06-13,"combined_trend",NA,NA,NA,0.367589260860949,NA,NA,NA,NA
"Wisconsin","status_quo","Past",2020-06-13,"combined_trend",NA,NA,NA,0.367589260860949,NA,NA,NA,NA
"Wisconsin","linear_increase_sd","Past",2020-06-13,"cumulative_all_infections",86094,86094,86094,88603,88166,91424,91424,91424
"Wisconsin","return_normal","Past",2020-06-13,"cumulative_all_infections",86094,86094,86094,88603,88166,91424,91424,91424
"Wisconsin","status_quo","Past",2020-06-13,"cumulative_all_infections",86094,86094,86094,88603,88166,91424,91424,91424
"Wisconsin","linear_increase_sd","Past",2020-06-13,"cumulative_cases",24070,24070,24070,24808,24682,25689,25689,25689
"Wisconsin","return_normal","Past",2020-06-13,"cumulative_cases",24070,24070,24070,24808,24682,25689,25689,25689
"Wisconsin","status_quo","Past",2020-06-13,"cumulative_cases",24070,24070,24070,24808,24682,25689,25689,25689
"Wisconsin","linear_increase_sd","Past",2020-06-13,"cumulative_deaths",518,518,518,539,533,562,562,562
"Wisconsin","return_normal","Past",2020-06-13,"cumulative_deaths",518,518,518,539,533,562,562,562
"Wisconsin","status_quo","Past",2020-06-13,"cumulative_deaths",518,518,518,539,533,562,562,562
"Wisconsin","linear_increase_sd","Past",2020-06-13,"cumulative_hosps",2716,2716,2716,2804,2782,2894,2894,2894
"Wisconsin","return_normal","Past",2020-06-13,"cumulative_hosps",2716,2716,2716,2804,2782,2894,2894,2894
"Wisconsin","status_quo","Past",2020-06-13,"cumulative_hosps",2716,2716,2716,2804,2782,2894,2894,2894
"Wisconsin","linear_increase_sd","Past",2020-06-13,"daily_all_infections",870,870,870,927,930,1001,1001,1001
"Wisconsin","return_normal","Past",2020-06-13,"daily_all_infections",870,870,870,927,930,1001,1001,1001
"Wisconsin","status_quo","Past",2020-06-13,"daily_all_infections",870,870,870,927,930,1001,1001,1001
"Wisconsin","linear_increase_sd","Past",2020-06-13,"daily_cases",273,273,273,289,283,310,310,310
"Wisconsin","return_normal","Past",2020-06-13,"daily_cases",273,273,273,289,283,310,310,310
"Wisconsin","status_quo","Past",2020-06-13,"daily_cases",273,273,273,289,283,310,310,310
"Wisconsin","linear_increase_sd","Past",2020-06-13,"daily_deaths",6,6,6,8,7,9,9,9
"Wisconsin","return_normal","Past",2020-06-13,"daily_deaths",6,6,6,8,7,9,9,9
"Wisconsin","status_quo","Past",2020-06-13,"daily_deaths",6,6,6,8,7,9,9,9
"Wisconsin","linear_increase_sd","Past",2020-06-13,"daily_hosps",37,37,37,39,38,42,42,42
"Wisconsin","return_normal","Past",2020-06-13,"daily_hosps",37,37,37,39,38,42,42,42
"Wisconsin","status_quo","Past",2020-06-13,"daily_hosps",37,37,37,39,38,42,42,42
"Wisconsin","linear_increase_sd","Past",2020-06-13,"latent_trend",NA,NA,NA,0.399584664075532,NA,NA,NA,NA
"Wisconsin","return_normal","Past",2020-06-13,"latent_trend",NA,NA,NA,0.399584664075532,NA,NA,NA,NA
"Wisconsin","status_quo","Past",2020-06-13,"latent_trend",NA,NA,NA,0.399584664075532,NA,NA,NA,NA
"Wisconsin","linear_increase_sd","Past",2020-06-13,"mobility_trend",NA,NA,NA,0.919928350382,NA,NA,NA,NA
"Wisconsin","return_normal","Past",2020-06-13,"mobility_trend",NA,NA,NA,0.919928350382,NA,NA,NA,NA
"Wisconsin","status_quo","Past",2020-06-13,"mobility_trend",NA,NA,NA,0.919928350382,NA,NA,NA,NA
"Wisconsin",NA,"Past",2020-06-14,"actual_cumulative_cases",NA,NA,NA,25339,NA,NA,NA,NA
"Wisconsin",NA,"Past",2020-06-14,"actual_cumulative_deaths",NA,NA,NA,690,NA,NA,NA,NA
"Wisconsin",NA,"Past",2020-06-14,"actual_daily_cases",NA,NA,NA,251,NA,NA,NA,NA
"Wisconsin",NA,"Past",2020-06-14,"actual_daily_deaths",NA,NA,NA,1,NA,NA,NA,NA
"Wisconsin","linear_increase_sd","Past",2020-06-14,"combined_trend",NA,NA,NA,0.380269578422003,NA,NA,NA,NA
"Wisconsin","return_normal","Past",2020-06-14,"combined_trend",NA,NA,NA,0.380269578422003,NA,NA,NA,NA
"Wisconsin","status_quo","Past",2020-06-14,"combined_trend",NA,NA,NA,0.380269578422003,NA,NA,NA,NA
"Wisconsin","linear_increase_sd","Past",2020-06-14,"cumulative_all_infections",87045,87045,87045,89557,89190,92415,92415,92415
"Wisconsin","return_normal","Past",2020-06-14,"cumulative_all_infections",87045,87045,87045,89557,89190,92415,92415,92415
"Wisconsin","status_quo","Past",2020-06-14,"cumulative_all_infections",87045,87045,87045,89557,89190,92415,92415,92415
"Wisconsin","linear_increase_sd","Past",2020-06-14,"cumulative_cases",24347,24347,24347,25101,24984,26003,26003,26003
"Wisconsin","return_normal","Past",2020-06-14,"cumulative_cases",24347,24347,24347,25101,24984,26003,26003,26003
"Wisconsin","status_quo","Past",2020-06-14,"cumulative_cases",24347,24347,24347,25101,24984,26003,26003,26003
"Wisconsin","linear_increase_sd","Past",2020-06-14,"cumulative_deaths",524,524,524,547,540,570,570,570
"Wisconsin","return_normal","Past",2020-06-14,"cumulative_deaths",524,524,524,547,540,570,570,570
"Wisconsin","status_quo","Past",2020-06-14,"cumulative_deaths",524,524,524,547,540,570,570,570
"Wisconsin","linear_increase_sd","Past",2020-06-14,"cumulative_hosps",2751,2751,2751,2842,2820,2934,2934,2934
"Wisconsin","return_normal","Past",2020-06-14,"cumulative_hosps",2751,2751,2751,2842,2820,2934,2934,2934
"Wisconsin","status_quo","Past",2020-06-14,"cumulative_hosps",2751,2751,2751,2842,2820,2934,2934,2934
"Wisconsin","linear_increase_sd","Past",2020-06-14,"daily_all_infections",897,897,897,954,951,1024,1024,1024
"Wisconsin","return_normal","Past",2020-06-14,"daily_all_infections",897,897,897,954,951,1024,1024,1024
"Wisconsin","status_quo","Past",2020-06-14,"daily_all_infections",897,897,897,954,951,1024,1024,1024
"Wisconsin","linear_increase_sd","Past",2020-06-14,"daily_cases",277,277,277,294,296,314,314,314
"Wisconsin","return_normal","Past",2020-06-14,"daily_cases",277,277,277,294,296,314,314,314
"Wisconsin","status_quo","Past",2020-06-14,"daily_cases",277,277,277,294,296,314,314,314
"Wisconsin","linear_increase_sd","Past",2020-06-14,"daily_deaths",6,6,6,8,7,8,8,8
"Wisconsin","return_normal","Past",2020-06-14,"daily_deaths",6,6,6,8,7,8,8,8
"Wisconsin","status_quo","Past",2020-06-14,"daily_deaths",6,6,6,8,7,8,8,8
"Wisconsin","linear_increase_sd","Past",2020-06-14,"daily_hosps",35,35,35,38,38,40,40,40
"Wisconsin","return_normal","Past",2020-06-14,"daily_hosps",35,35,35,38,38,40,40,40
"Wisconsin","status_quo","Past",2020-06-14,"daily_hosps",35,35,35,38,38,40,40,40
"Wisconsin","linear_increase_sd","Past",2020-06-14,"latent_trend",NA,NA,NA,0.410626605138223,NA,NA,NA,NA
"Wisconsin","return_normal","Past",2020-06-14,"latent_trend",NA,NA,NA,0.410626605138223,NA,NA,NA,NA
"Wisconsin","status_quo","Past",2020-06-14,"latent_trend",NA,NA,NA,0.410626605138223,NA,NA,NA,NA
"Wisconsin","linear_increase_sd","Past",2020-06-14,"mobility_trend",NA,NA,NA,0.926071456801975,NA,NA,NA,NA
"Wisconsin","return_normal","Past",2020-06-14,"mobility_trend",NA,NA,NA,0.926071456801975,NA,NA,NA,NA
"Wisconsin","status_quo","Past",2020-06-14,"mobility_trend",NA,NA,NA,0.926071456801975,NA,NA,NA,NA
"Wisconsin",NA,"Past",2020-06-15,"actual_cumulative_cases",NA,NA,NA,25545,NA,NA,NA,NA
"Wisconsin",NA,"Past",2020-06-15,"actual_cumulative_deaths",NA,NA,NA,692,NA,NA,NA,NA
"Wisconsin",NA,"Past",2020-06-15,"actual_daily_cases",NA,NA,NA,206,NA,NA,NA,NA
"Wisconsin",NA,"Past",2020-06-15,"actual_daily_deaths",NA,NA,NA,2,NA,NA,NA,NA
"Wisconsin","linear_increase_sd","Past",2020-06-15,"combined_trend",NA,NA,NA,0.392441470911229,NA,NA,NA,NA
"Wisconsin","return_normal","Past",2020-06-15,"combined_trend",NA,NA,NA,0.392441470911229,NA,NA,NA,NA
"Wisconsin","status_quo","Past",2020-06-15,"combined_trend",NA,NA,NA,0.392441470911229,NA,NA,NA,NA
"Wisconsin","linear_increase_sd","Past",2020-06-15,"cumulative_all_infections",88018,88018,88018,90542,90240,93437,93437,93437
"Wisconsin","return_normal","Past",2020-06-15,"cumulative_all_infections",88018,88018,88018,90542,90240,93437,93437,93437
"Wisconsin","status_quo","Past",2020-06-15,"cumulative_all_infections",88018,88018,88018,90542,90240,93437,93437,93437
"Wisconsin","linear_increase_sd","Past",2020-06-15,"cumulative_cases",24652,24652,24652,25403,25309,26310,26310,26310
"Wisconsin","return_normal","Past",2020-06-15,"cumulative_cases",24652,24652,24652,25403,25309,26310,26310,26310
"Wisconsin","status_quo","Past",2020-06-15,"cumulative_cases",24652,24652,24652,25403,25309,26310,26310,26310
"Wisconsin","linear_increase_sd","Past",2020-06-15,"cumulative_deaths",530,530,530,553,546,577,577,577
"Wisconsin","return_normal","Past",2020-06-15,"cumulative_deaths",530,530,530,553,546,577,577,577
"Wisconsin","status_quo","Past",2020-06-15,"cumulative_deaths",530,530,530,553,546,577,577,577
"Wisconsin","linear_increase_sd","Past",2020-06-15,"cumulative_hosps",2786,2786,2786,2879,2857,2974,2974,2974
"Wisconsin","return_normal","Past",2020-06-15,"cumulative_hosps",2786,2786,2786,2879,2857,2974,2974,2974
"Wisconsin","status_quo","Past",2020-06-15,"cumulative_hosps",2786,2786,2786,2879,2857,2974,2974,2974
"Wisconsin","linear_increase_sd","Past",2020-06-15,"daily_all_infections",939,939,939,985,973,1050,1050,1050
"Wisconsin","return_normal","Past",2020-06-15,"daily_all_infections",939,939,939,985,973,1050,1050,1050
"Wisconsin","status_quo","Past",2020-06-15,"daily_all_infections",939,939,939,985,973,1050,1050,1050
"Wisconsin","linear_increase_sd","Past",2020-06-15,"daily_cases",284,284,284,302,305,325,325,325
"Wisconsin","return_normal","Past",2020-06-15,"daily_cases",284,284,284,302,305,325,325,325
"Wisconsin","status_quo","Past",2020-06-15,"daily_cases",284,284,284,302,305,325,325,325
"Wisconsin","linear_increase_sd","Past",2020-06-15,"daily_deaths",6,6,6,7,6,7,7,7
"Wisconsin","return_normal","Past",2020-06-15,"daily_deaths",6,6,6,7,6,7,7,7
"Wisconsin","status_quo","Past",2020-06-15,"daily_deaths",6,6,6,7,6,7,7,7
"Wisconsin","linear_increase_sd","Past",2020-06-15,"daily_hosps",35,35,35,37,36,40,40,40
"Wisconsin","return_normal","Past",2020-06-15,"daily_hosps",35,35,35,37,36,40,40,40
"Wisconsin","status_quo","Past",2020-06-15,"daily_hosps",35,35,35,37,36,40,40,40
"Wisconsin","linear_increase_sd","Past",2020-06-15,"latent_trend",NA,NA,NA,0.42116376330641,NA,NA,NA,NA
"Wisconsin","return_normal","Past",2020-06-15,"latent_trend",NA,NA,NA,0.42116376330641,NA,NA,NA,NA
"Wisconsin","status_quo","Past",2020-06-15,"latent_trend",NA,NA,NA,0.42116376330641,NA,NA,NA,NA
"Wisconsin","linear_increase_sd","Past",2020-06-15,"mobility_trend",NA,NA,NA,0.931802555448523,NA,NA,NA,NA
"Wisconsin","return_normal","Past",2020-06-15,"mobility_trend",NA,NA,NA,0.931802555448523,NA,NA,NA,NA
"Wisconsin","status_quo","Past",2020-06-15,"mobility_trend",NA,NA,NA,0.931802555448523,NA,NA,NA,NA
"Wisconsin",NA,"Past",2020-06-16,"actual_cumulative_cases",NA,NA,NA,25843,NA,NA,NA,NA
"Wisconsin",NA,"Past",2020-06-16,"actual_cumulative_deaths",NA,NA,NA,701,NA,NA,NA,NA
"Wisconsin",NA,"Past",2020-06-16,"actual_daily_cases",NA,NA,NA,298,NA,NA,NA,NA
"Wisconsin",NA,"Past",2020-06-16,"actual_daily_deaths",NA,NA,NA,9,NA,NA,NA,NA
"Wisconsin","linear_increase_sd","Past",2020-06-16,"combined_trend",NA,NA,NA,0.403972060017724,NA,NA,NA,NA
"Wisconsin","return_normal","Past",2020-06-16,"combined_trend",NA,NA,NA,0.403972060017724,NA,NA,NA,NA
"Wisconsin","status_quo","Past",2020-06-16,"combined_trend",NA,NA,NA,0.403972060017724,NA,NA,NA,NA
"Wisconsin","linear_increase_sd","Past",2020-06-16,"cumulative_all_infections",89017,89017,89017,91560,91306,94502,94502,94502
"Wisconsin","return_normal","Past",2020-06-16,"cumulative_all_infections",89017,89017,89017,91560,91306,94502,94502,94502
"Wisconsin","status_quo","Past",2020-06-16,"cumulative_all_infections",89017,89017,89017,91560,91306,94502,94502,94502
"Wisconsin","linear_increase_sd","Past",2020-06-16,"cumulative_cases",24940,24940,24940,25703,25623,26638,26638,26638
"Wisconsin","return_normal","Past",2020-06-16,"cumulative_cases",24940,24940,24940,25703,25623,26638,26638,26638
"Wisconsin","status_quo","Past",2020-06-16,"cumulative_cases",24940,24940,24940,25703,25623,26638,26638,26638
"Wisconsin","linear_increase_sd","Past",2020-06-16,"cumulative_deaths",536,536,536,559,553,584,584,584
"Wisconsin","return_normal","Past",2020-06-16,"cumulative_deaths",536,536,536,559,553,584,584,584
"Wisconsin","status_quo","Past",2020-06-16,"cumulative_deaths",536,536,536,559,553,584,584,584
"Wisconsin","linear_increase_sd","Past",2020-06-16,"cumulative_hosps",2822,2822,2822,2915,2893,3011,3011,3011
"Wisconsin","return_normal","Past",2020-06-16,"cumulative_hosps",2822,2822,2822,2915,2893,3011,3011,3011
"Wisconsin","status_quo","Past",2020-06-16,"cumulative_hosps",2822,2822,2822,2915,2893,3011,3011,3011
"Wisconsin","linear_increase_sd","Past",2020-06-16,"daily_all_infections",979,979,979,1019,999,1066,1066,1066
"Wisconsin","return_normal","Past",2020-06-16,"daily_all_infections",979,979,979,1019,999,1066,1066,1066
"Wisconsin","status_quo","Past",2020-06-16,"daily_all_infections",979,979,979,1019,999,1066,1066,1066
"Wisconsin","linear_increase_sd","Past",2020-06-16,"daily_cases",274,274,274,301,300,328,328,328
"Wisconsin","return_normal","Past",2020-06-16,"daily_cases",274,274,274,301,300,328,328,328
"Wisconsin","status_quo","Past",2020-06-16,"daily_cases",274,274,274,301,300,328,328,328
"Wisconsin","linear_increase_sd","Past",2020-06-16,"daily_deaths",6,6,6,7,7,7,7,7
"Wisconsin","return_normal","Past",2020-06-16,"daily_deaths",6,6,6,7,7,7,7,7
"Wisconsin","status_quo","Past",2020-06-16,"daily_deaths",6,6,6,7,7,7,7,7
"Wisconsin","linear_increase_sd","Past",2020-06-16,"daily_hosps",35,35,35,36,36,37,37,37
"Wisconsin","return_normal","Past",2020-06-16,"daily_hosps",35,35,35,36,36,37,37,37
"Wisconsin","status_quo","Past",2020-06-16,"daily_hosps",35,35,35,36,36,37,37,37
"Wisconsin","linear_increase_sd","Past",2020-06-16,"latent_trend",NA,NA,NA,0.431104406606797,NA,NA,NA,NA
"Wisconsin","return_normal","Past",2020-06-16,"latent_trend",NA,NA,NA,0.431104406606797,NA,NA,NA,NA
"Wisconsin","status_quo","Past",2020-06-16,"latent_trend",NA,NA,NA,0.431104406606797,NA,NA,NA,NA
"Wisconsin","linear_increase_sd","Past",2020-06-16,"mobility_trend",NA,NA,NA,0.937063165736045,NA,NA,NA,NA
"Wisconsin","return_normal","Past",2020-06-16,"mobility_trend",NA,NA,NA,0.937063165736045,NA,NA,NA,NA
"Wisconsin","status_quo","Past",2020-06-16,"mobility_trend",NA,NA,NA,0.937063165736045,NA,NA,NA,NA
"Wisconsin",NA,"Past",2020-06-17,"actual_cumulative_cases",NA,NA,NA,26128,NA,NA,NA,NA
"Wisconsin",NA,"Past",2020-06-17,"actual_cumulative_deaths",NA,NA,NA,710,NA,NA,NA,NA
"Wisconsin",NA,"Past",2020-06-17,"actual_daily_cases",NA,NA,NA,285,NA,NA,NA,NA
"Wisconsin",NA,"Past",2020-06-17,"actual_daily_deaths",NA,NA,NA,9,NA,NA,NA,NA
"Wisconsin","linear_increase_sd","Past",2020-06-17,"combined_trend",NA,NA,NA,0.414732162683728,NA,NA,NA,NA
"Wisconsin","return_normal","Past",2020-06-17,"combined_trend",NA,NA,NA,0.414732162683728,NA,NA,NA,NA
"Wisconsin","status_quo","Past",2020-06-17,"combined_trend",NA,NA,NA,0.414732162683728,NA,NA,NA,NA
"Wisconsin","linear_increase_sd","Past",2020-06-17,"cumulative_all_infections",90048,90048,90048,92619,92393,95613,95613,95613
"Wisconsin","return_normal","Past",2020-06-17,"cumulative_all_infections",90048,90048,90048,92619,92393,95613,95613,95613
"Wisconsin","status_quo","Past",2020-06-17,"cumulative_all_infections",90048,90048,90048,92619,92393,95613,95613,95613
"Wisconsin","linear_increase_sd","Past",2020-06-17,"cumulative_cases",25242,25242,25242,26010,25956,26955,26955,26955
"Wisconsin","return_normal","Past",2020-06-17,"cumulative_cases",25242,25242,25242,26010,25956,26955,26955,26955
"Wisconsin","status_quo","Past",2020-06-17,"cumulative_cases",25242,25242,25242,26010,25956,26955,26955,26955
"Wisconsin","linear_increase_sd","Past",2020-06-17,"cumulative_deaths",542,542,542,566,560,590,590,590
"Wisconsin","return_normal","Past",2020-06-17,"cumulative_deaths",542,542,542,566,560,590,590,590
"Wisconsin","status_quo","Past",2020-06-17,"cumulative_deaths",542,542,542,566,560,590,590,590
"Wisconsin","linear_increase_sd","Past",2020-06-17,"cumulative_hosps",2858,2858,2858,2951,2931,3049,3049,3049
"Wisconsin","return_normal","Past",2020-06-17,"cumulative_hosps",2858,2858,2858,2951,2931,3049,3049,3049
"Wisconsin","status_quo","Past",2020-06-17,"cumulative_hosps",2858,2858,2858,2951,2931,3049,3049,3049
"Wisconsin","linear_increase_sd","Past",2020-06-17,"daily_all_infections",1030,1030,1030,1059,1032,1111,1111,1111
"Wisconsin","return_normal","Past",2020-06-17,"daily_all_infections",1030,1030,1030,1059,1032,1111,1111,1111
"Wisconsin","status_quo","Past",2020-06-17,"daily_all_infections",1030,1030,1030,1059,1032,1111,1111,1111
"Wisconsin","linear_increase_sd","Past",2020-06-17,"daily_cases",291,291,291,307,302,333,333,333
"Wisconsin","return_normal","Past",2020-06-17,"daily_cases",291,291,291,307,302,333,333,333
"Wisconsin","status_quo","Past",2020-06-17,"daily_cases",291,291,291,307,302,333,333,333
"Wisconsin","linear_increase_sd","Past",2020-06-17,"daily_deaths",6,6,6,7,6,7,7,7
"Wisconsin","return_normal","Past",2020-06-17,"daily_deaths",6,6,6,7,6,7,7,7
"Wisconsin","status_quo","Past",2020-06-17,"daily_deaths",6,6,6,7,6,7,7,7
"Wisconsin","linear_increase_sd","Past",2020-06-17,"daily_hosps",34,34,34,37,36,38,38,38
"Wisconsin","return_normal","Past",2020-06-17,"daily_hosps",34,34,34,37,36,38,38,38
"Wisconsin","status_quo","Past",2020-06-17,"daily_hosps",34,34,34,37,36,38,38,38
"Wisconsin","linear_increase_sd","Past",2020-06-17,"latent_trend",NA,NA,NA,0.44035882517872,NA,NA,NA,NA
"Wisconsin","return_normal","Past",2020-06-17,"latent_trend",NA,NA,NA,0.44035882517872,NA,NA,NA,NA
"Wisconsin","status_quo","Past",2020-06-17,"latent_trend",NA,NA,NA,0.44035882517872,NA,NA,NA,NA
"Wisconsin","linear_increase_sd","Past",2020-06-17,"mobility_trend",NA,NA,NA,0.94180504391029,NA,NA,NA,NA
"Wisconsin","return_normal","Past",2020-06-17,"mobility_trend",NA,NA,NA,0.94180504391029,NA,NA,NA,NA
"Wisconsin","status_quo","Past",2020-06-17,"mobility_trend",NA,NA,NA,0.94180504391029,NA,NA,NA,NA
"Wisconsin",NA,"Past",2020-06-18,"actual_cumulative_cases",NA,NA,NA,26589,NA,NA,NA,NA
"Wisconsin",NA,"Past",2020-06-18,"actual_cumulative_deaths",NA,NA,NA,717,NA,NA,NA,NA
"Wisconsin",NA,"Past",2020-06-18,"actual_daily_cases",NA,NA,NA,461,NA,NA,NA,NA
"Wisconsin",NA,"Past",2020-06-18,"actual_daily_deaths",NA,NA,NA,7,NA,NA,NA,NA
"Wisconsin","linear_increase_sd","Past",2020-06-18,"combined_trend",NA,NA,NA,0.42461177609274,NA,NA,NA,NA
"Wisconsin","return_normal","Past",2020-06-18,"combined_trend",NA,NA,NA,0.42461177609274,NA,NA,NA,NA
"Wisconsin","status_quo","Past",2020-06-18,"combined_trend",NA,NA,NA,0.42461177609274,NA,NA,NA,NA
"Wisconsin","linear_increase_sd","Past",2020-06-18,"cumulative_all_infections",91103,91103,91103,93717,93507,96767,96767,96767
"Wisconsin","return_normal","Past",2020-06-18,"cumulative_all_infections",91103,91103,91103,93717,93507,96767,96767,96767
"Wisconsin","status_quo","Past",2020-06-18,"cumulative_all_infections",91103,91103,91103,93717,93507,96767,96767,96767
"Wisconsin","linear_increase_sd","Past",2020-06-18,"cumulative_cases",25559,25559,25559,26328,26289,27283,27283,27283
"Wisconsin","return_normal","Past",2020-06-18,"cumulative_cases",25559,25559,25559,26328,26289,27283,27283,27283
"Wisconsin","status_quo","Past",2020-06-18,"cumulative_cases",25559,25559,25559,26328,26289,27283,27283,27283
"Wisconsin","linear_increase_sd","Past",2020-06-18,"cumulative_deaths",548,548,548,571,565,596,596,596
"Wisconsin","return_normal","Past",2020-06-18,"cumulative_deaths",548,548,548,571,565,596,596,596
"Wisconsin","status_quo","Past",2020-06-18,"cumulative_deaths",548,548,548,571,565,596,596,596
"Wisconsin","linear_increase_sd","Past",2020-06-18,"cumulative_hosps",2893,2893,2893,2987,2969,3086,3086,3086
"Wisconsin","return_normal","Past",2020-06-18,"cumulative_hosps",2893,2893,2893,2987,2969,3086,3086,3086
"Wisconsin","status_quo","Past",2020-06-18,"cumulative_hosps",2893,2893,2893,2987,2969,3086,3086,3086
"Wisconsin","linear_increase_sd","Past",2020-06-18,"daily_all_infections",1055,1055,1055,1099,1091,1154,1154,1154
"Wisconsin","return_normal","Past",2020-06-18,"daily_all_infections",1055,1055,1055,1099,1091,1154,1154,1154
"Wisconsin","status_quo","Past",2020-06-18,"daily_all_infections",1055,1055,1055,1099,1091,1154,1154,1154
"Wisconsin","linear_increase_sd","Past",2020-06-18,"daily_cases",292,292,292,318,319,333,333,333
"Wisconsin","return_normal","Past",2020-06-18,"daily_cases",292,292,292,318,319,333,333,333
"Wisconsin","status_quo","Past",2020-06-18,"daily_cases",292,292,292,318,319,333,333,333
"Wisconsin","linear_increase_sd","Past",2020-06-18,"daily_deaths",5,5,5,6,6,7,7,7
"Wisconsin","return_normal","Past",2020-06-18,"daily_deaths",5,5,5,6,6,7,7,7
"Wisconsin","status_quo","Past",2020-06-18,"daily_deaths",5,5,5,6,6,7,7,7
"Wisconsin","linear_increase_sd","Past",2020-06-18,"daily_hosps",34,34,34,36,35,38,38,38
"Wisconsin","return_normal","Past",2020-06-18,"daily_hosps",34,34,34,36,35,38,38,38
"Wisconsin","status_quo","Past",2020-06-18,"daily_hosps",34,34,34,36,35,38,38,38
"Wisconsin","linear_increase_sd","Past",2020-06-18,"latent_trend",NA,NA,NA,0.448839744440285,NA,NA,NA,NA
"Wisconsin","return_normal","Past",2020-06-18,"latent_trend",NA,NA,NA,0.448839744440285,NA,NA,NA,NA
"Wisconsin","status_quo","Past",2020-06-18,"latent_trend",NA,NA,NA,0.448839744440285,NA,NA,NA,NA
"Wisconsin","linear_increase_sd","Past",2020-06-18,"mobility_trend",NA,NA,NA,0.946020893542398,NA,NA,NA,NA
"Wisconsin","return_normal","Past",2020-06-18,"mobility_trend",NA,NA,NA,0.946020893542398,NA,NA,NA,NA
"Wisconsin","status_quo","Past",2020-06-18,"mobility_trend",NA,NA,NA,0.946020893542398,NA,NA,NA,NA
"Wisconsin",NA,"Past",2020-06-19,"actual_cumulative_cases",NA,NA,NA,26912,NA,NA,NA,NA
"Wisconsin",NA,"Past",2020-06-19,"actual_cumulative_deaths",NA,NA,NA,728,NA,NA,NA,NA
"Wisconsin",NA,"Past",2020-06-19,"actual_daily_cases",NA,NA,NA,323,NA,NA,NA,NA
"Wisconsin",NA,"Past",2020-06-19,"actual_daily_deaths",NA,NA,NA,11,NA,NA,NA,NA
"Wisconsin","linear_increase_sd","Past",2020-06-19,"combined_trend",NA,NA,NA,0.433517751381425,NA,NA,NA,NA
"Wisconsin","return_normal","Past",2020-06-19,"combined_trend",NA,NA,NA,0.433517751381425,NA,NA,NA,NA
"Wisconsin","status_quo","Past",2020-06-19,"combined_trend",NA,NA,NA,0.433517751381425,NA,NA,NA,NA
"Wisconsin","linear_increase_sd","Past",2020-06-19,"cumulative_all_infections",92196,92196,92196,94859,94643,97972,97972,97972
"Wisconsin","return_normal","Past",2020-06-19,"cumulative_all_infections",92196,92196,92196,94859,94643,97972,97972,97972
"Wisconsin","status_quo","Past",2020-06-19,"cumulative_all_infections",92196,92196,92196,94859,94643,97972,97972,97972
"Wisconsin","linear_increase_sd","Past",2020-06-19,"cumulative_cases",25881,25881,25881,26649,26639,27615,27615,27615
"Wisconsin","return_normal","Past",2020-06-19,"cumulative_cases",25881,25881,25881,26649,26639,27615,27615,27615
"Wisconsin","status_quo","Past",2020-06-19,"cumulative_cases",25881,25881,25881,26649,26639,27615,27615,27615
"Wisconsin","linear_increase_sd","Past",2020-06-19,"cumulative_deaths",552,552,552,577,572,602,602,602
"Wisconsin","return_normal","Past",2020-06-19,"cumulative_deaths",552,552,552,577,572,602,602,602
"Wisconsin","status_quo","Past",2020-06-19,"cumulative_deaths",552,552,552,577,572,602,602,602
"Wisconsin","linear_increase_sd","Past",2020-06-19,"cumulative_hosps",2928,2928,2928,3022,3007,3124,3124,3124
"Wisconsin","return_normal","Past",2020-06-19,"cumulative_hosps",2928,2928,2928,3022,3007,3124,3124,3124
"Wisconsin","status_quo","Past",2020-06-19,"cumulative_hosps",2928,2928,2928,3022,3007,3124,3124,3124
"Wisconsin","linear_increase_sd","Past",2020-06-19,"daily_all_infections",1093,1093,1093,1143,1136,1205,1205,1205
"Wisconsin","return_normal","Past",2020-06-19,"daily_all_infections",1093,1093,1093,1143,1136,1205,1205,1205
"Wisconsin","status_quo","Past",2020-06-19,"daily_all_infections",1093,1093,1093,1143,1136,1205,1205,1205
"Wisconsin","linear_increase_sd","Past",2020-06-19,"daily_cases",301,301,301,322,322,350,350,350
"Wisconsin","return_normal","Past",2020-06-19,"daily_cases",301,301,301,322,322,350,350,350
"Wisconsin","status_quo","Past",2020-06-19,"daily_cases",301,301,301,322,322,350,350,350
"Wisconsin","linear_increase_sd","Past",2020-06-19,"daily_deaths",4,4,4,6,6,7,7,7
"Wisconsin","return_normal","Past",2020-06-19,"daily_deaths",4,4,4,6,6,7,7,7
"Wisconsin","status_quo","Past",2020-06-19,"daily_deaths",4,4,4,6,6,7,7,7
"Wisconsin","linear_increase_sd","Past",2020-06-19,"daily_hosps",33,33,33,36,35,38,38,38
"Wisconsin","return_normal","Past",2020-06-19,"daily_hosps",33,33,33,36,35,38,38,38
"Wisconsin","status_quo","Past",2020-06-19,"daily_hosps",33,33,33,36,35,38,38,38
"Wisconsin","linear_increase_sd","Past",2020-06-19,"latent_trend",NA,NA,NA,0.456462543628727,NA,NA,NA,NA
"Wisconsin","return_normal","Past",2020-06-19,"latent_trend",NA,NA,NA,0.456462543628727,NA,NA,NA,NA
"Wisconsin","status_quo","Past",2020-06-19,"latent_trend",NA,NA,NA,0.456462543628727,NA,NA,NA,NA
"Wisconsin","linear_increase_sd","Past",2020-06-19,"mobility_trend",NA,NA,NA,0.949733461008873,NA,NA,NA,NA
"Wisconsin","return_normal","Past",2020-06-19,"mobility_trend",NA,NA,NA,0.949733461008873,NA,NA,NA,NA
"Wisconsin","status_quo","Past",2020-06-19,"mobility_trend",NA,NA,NA,0.949733461008873,NA,NA,NA,NA
"Wisconsin",NA,"Past",2020-06-20,"actual_cumulative_cases",NA,NA,NA,27325,NA,NA,NA,NA
"Wisconsin",NA,"Past",2020-06-20,"actual_cumulative_deaths",NA,NA,NA,742,NA,NA,NA,NA
"Wisconsin",NA,"Past",2020-06-20,"actual_daily_cases",NA,NA,NA,413,NA,NA,NA,NA
"Wisconsin",NA,"Past",2020-06-20,"actual_daily_deaths",NA,NA,NA,14,NA,NA,NA,NA
"Wisconsin","linear_increase_sd","Past",2020-06-20,"combined_trend",NA,NA,NA,0.44139816879564,NA,NA,NA,NA
"Wisconsin","return_normal","Past",2020-06-20,"combined_trend",NA,NA,NA,0.44139816879564,NA,NA,NA,NA
"Wisconsin","status_quo","Past",2020-06-20,"combined_trend",NA,NA,NA,0.44139816879564,NA,NA,NA,NA
"Wisconsin","linear_increase_sd","Past",2020-06-20,"cumulative_all_infections",93326,93326,93326,96050,95805,99242,99242,99242
"Wisconsin","return_normal","Past",2020-06-20,"cumulative_all_infections",93326,93326,93326,96050,95805,99242,99242,99242
"Wisconsin","status_quo","Past",2020-06-20,"cumulative_all_infections",93326,93326,93326,96050,95805,99242,99242,99242
"Wisconsin","linear_increase_sd","Past",2020-06-20,"cumulative_cases",26214,26214,26214,26978,26984,27943,27943,27943
"Wisconsin","return_normal","Past",2020-06-20,"cumulative_cases",26214,26214,26214,26978,26984,27943,27943,27943
"Wisconsin","status_quo","Past",2020-06-20,"cumulative_cases",26214,26214,26214,26978,26984,27943,27943,27943
"Wisconsin","linear_increase_sd","Past",2020-06-20,"cumulative_deaths",557,557,557,583,577,607,607,607
"Wisconsin","return_normal","Past",2020-06-20,"cumulative_deaths",557,557,557,583,577,607,607,607
"Wisconsin","status_quo","Past",2020-06-20,"cumulative_deaths",557,557,557,583,577,607,607,607
"Wisconsin","linear_increase_sd","Past",2020-06-20,"cumulative_hosps",2965,2965,2965,3059,3044,3163,3163,3163
"Wisconsin","return_normal","Past",2020-06-20,"cumulative_hosps",2965,2965,2965,3059,3044,3163,3163,3163
"Wisconsin","status_quo","Past",2020-06-20,"cumulative_hosps",2965,2965,2965,3059,3044,3163,3163,3163
"Wisconsin","linear_increase_sd","Past",2020-06-20,"daily_all_infections",1130,1130,1130,1191,1181,1270,1270,1270
"Wisconsin","return_normal","Past",2020-06-20,"daily_all_infections",1130,1130,1130,1191,1181,1270,1270,1270
"Wisconsin","status_quo","Past",2020-06-20,"daily_all_infections",1130,1130,1130,1191,1181,1270,1270,1270
"Wisconsin","linear_increase_sd","Past",2020-06-20,"daily_cases",299,299,299,329,333,345,345,345
"Wisconsin","return_normal","Past",2020-06-20,"daily_cases",299,299,299,329,333,345,345,345
"Wisconsin","status_quo","Past",2020-06-20,"daily_cases",299,299,299,329,333,345,345,345
"Wisconsin","linear_increase_sd","Past",2020-06-20,"daily_deaths",5,5,5,6,5,6,6,6
"Wisconsin","return_normal","Past",2020-06-20,"daily_deaths",5,5,5,6,5,6,6,6
"Wisconsin","status_quo","Past",2020-06-20,"daily_deaths",5,5,5,6,5,6,6,6
"Wisconsin","linear_increase_sd","Past",2020-06-20,"daily_hosps",34,34,34,37,37,39,39,39
"Wisconsin","return_normal","Past",2020-06-20,"daily_hosps",34,34,34,37,37,39,39,39
"Wisconsin","status_quo","Past",2020-06-20,"daily_hosps",34,34,34,37,37,39,39,39
"Wisconsin","linear_increase_sd","Past",2020-06-20,"latent_trend",NA,NA,NA,0.46314528701081,NA,NA,NA,NA
"Wisconsin","return_normal","Past",2020-06-20,"latent_trend",NA,NA,NA,0.46314528701081,NA,NA,NA,NA
"Wisconsin","status_quo","Past",2020-06-20,"latent_trend",NA,NA,NA,0.46314528701081,NA,NA,NA,NA
"Wisconsin","linear_increase_sd","Past",2020-06-20,"mobility_trend",NA,NA,NA,0.953044716582289,NA,NA,NA,NA
"Wisconsin","return_normal","Past",2020-06-20,"mobility_trend",NA,NA,NA,0.953044716582289,NA,NA,NA,NA
"Wisconsin","status_quo","Past",2020-06-20,"mobility_trend",NA,NA,NA,0.953044716582289,NA,NA,NA,NA
"Wisconsin",NA,"Past",2020-06-21,"actual_cumulative_cases",NA,NA,NA,27614,NA,NA,NA,NA
"Wisconsin",NA,"Past",2020-06-21,"actual_cumulative_deaths",NA,NA,NA,742,NA,NA,NA,NA
"Wisconsin",NA,"Past",2020-06-21,"actual_daily_cases",NA,NA,NA,289,NA,NA,NA,NA
"Wisconsin",NA,"Past",2020-06-21,"actual_daily_deaths",NA,NA,NA,0,NA,NA,NA,NA
"Wisconsin","linear_increase_sd","Past",2020-06-21,"combined_trend",NA,NA,NA,0.448210889199389,NA,NA,NA,NA
"Wisconsin","return_normal","Past",2020-06-21,"combined_trend",NA,NA,NA,0.448210889199389,NA,NA,NA,NA
"Wisconsin","status_quo","Past",2020-06-21,"combined_trend",NA,NA,NA,0.448210889199389,NA,NA,NA,NA
"Wisconsin","linear_increase_sd","Past",2020-06-21,"cumulative_all_infections",94494,94494,94494,97287,96994,100566,100566,100566
"Wisconsin","return_normal","Past",2020-06-21,"cumulative_all_infections",94494,94494,94494,97287,96994,100566,100566,100566
"Wisconsin","status_quo","Past",2020-06-21,"cumulative_all_infections",94494,94494,94494,97287,96994,100566,100566,100566
"Wisconsin","linear_increase_sd","Past",2020-06-21,"cumulative_cases",26551,26551,26551,27323,27359,28310,28310,28310
"Wisconsin","return_normal","Past",2020-06-21,"cumulative_cases",26551,26551,26551,27323,27359,28310,28310,28310
"Wisconsin","status_quo","Past",2020-06-21,"cumulative_cases",26551,26551,26551,27323,27359,28310,28310,28310
"Wisconsin","linear_increase_sd","Past",2020-06-21,"cumulative_deaths",563,563,563,588,583,611,611,611
"Wisconsin","return_normal","Past",2020-06-21,"cumulative_deaths",563,563,563,588,583,611,611,611
"Wisconsin","status_quo","Past",2020-06-21,"cumulative_deaths",563,563,563,588,583,611,611,611
"Wisconsin","linear_increase_sd","Past",2020-06-21,"cumulative_hosps",3002,3002,3002,3095,3083,3201,3201,3201
"Wisconsin","return_normal","Past",2020-06-21,"cumulative_hosps",3002,3002,3002,3095,3083,3201,3201,3201
"Wisconsin","status_quo","Past",2020-06-21,"cumulative_hosps",3002,3002,3002,3095,3083,3201,3201,3201
"Wisconsin","linear_increase_sd","Past",2020-06-21,"daily_all_infections",1168,1168,1168,1238,1233,1324,1324,1324
"Wisconsin","return_normal","Past",2020-06-21,"daily_all_infections",1168,1168,1168,1238,1233,1324,1324,1324
"Wisconsin","status_quo","Past",2020-06-21,"daily_all_infections",1168,1168,1168,1238,1233,1324,1324,1324
"Wisconsin","linear_increase_sd","Past",2020-06-21,"daily_cases",324,324,324,346,337,375,375,375
"Wisconsin","return_normal","Past",2020-06-21,"daily_cases",324,324,324,346,337,375,375,375
"Wisconsin","status_quo","Past",2020-06-21,"daily_cases",324,324,324,346,337,375,375,375
"Wisconsin","linear_increase_sd","Past",2020-06-21,"daily_deaths",4,4,4,6,6,6,6,6
"Wisconsin","return_normal","Past",2020-06-21,"daily_deaths",4,4,4,6,6,6,6,6
"Wisconsin","status_quo","Past",2020-06-21,"daily_deaths",4,4,4,6,6,6,6,6
"Wisconsin","linear_increase_sd","Past",2020-06-21,"daily_hosps",34,34,34,37,37,39,39,39
"Wisconsin","return_normal","Past",2020-06-21,"daily_hosps",34,34,34,37,37,39,39,39
"Wisconsin","status_quo","Past",2020-06-21,"daily_hosps",34,34,34,37,37,39,39,39
"Wisconsin","linear_increase_sd","Past",2020-06-21,"latent_trend",NA,NA,NA,0.468808588635835,NA,NA,NA,NA
"Wisconsin","return_normal","Past",2020-06-21,"latent_trend",NA,NA,NA,0.468808588635835,NA,NA,NA,NA
"Wisconsin","status_quo","Past",2020-06-21,"latent_trend",NA,NA,NA,0.468808588635835,NA,NA,NA,NA
"Wisconsin","linear_increase_sd","Past",2020-06-21,"mobility_trend",NA,NA,NA,0.956063732756301,NA,NA,NA,NA
"Wisconsin","return_normal","Past",2020-06-21,"mobility_trend",NA,NA,NA,0.956063732756301,NA,NA,NA,NA
"Wisconsin","status_quo","Past",2020-06-21,"mobility_trend",NA,NA,NA,0.956063732756301,NA,NA,NA,NA
"Wisconsin",NA,"Past",2020-06-22,"actual_cumulative_cases",NA,NA,NA,27877,NA,NA,NA,NA
"Wisconsin",NA,"Past",2020-06-22,"actual_cumulative_deaths",NA,NA,NA,743,NA,NA,NA,NA
"Wisconsin",NA,"Past",2020-06-22,"actual_daily_cases",NA,NA,NA,263,NA,NA,NA,NA
"Wisconsin",NA,"Past",2020-06-22,"actual_daily_deaths",NA,NA,NA,1,NA,NA,NA,NA
"Wisconsin","linear_increase_sd","Past",2020-06-22,"combined_trend",NA,NA,NA,0.453897380996266,NA,NA,NA,NA
"Wisconsin","return_normal","Past",2020-06-22,"combined_trend",NA,NA,NA,0.453897380996266,NA,NA,NA,NA
"Wisconsin","status_quo","Past",2020-06-22,"combined_trend",NA,NA,NA,0.453897380996266,NA,NA,NA,NA
"Wisconsin","linear_increase_sd","Past",2020-06-22,"cumulative_all_infections",95717,95717,95717,98584,98215,101956,101956,101956
"Wisconsin","return_normal","Past",2020-06-22,"cumulative_all_infections",95717,95717,95717,98584,98215,101956,101956,101956
"Wisconsin","status_quo","Past",2020-06-22,"cumulative_all_infections",95717,95717,95717,98584,98215,101956,101956,101956
"Wisconsin","linear_increase_sd","Past",2020-06-22,"cumulative_cases",26913,26913,26913,27685,27738,28681,28681,28681
"Wisconsin","return_normal","Past",2020-06-22,"cumulative_cases",26913,26913,26913,27685,27738,28681,28681,28681
"Wisconsin","status_quo","Past",2020-06-22,"cumulative_cases",26913,26913,26913,27685,27738,28681,28681,28681
"Wisconsin","linear_increase_sd","Past",2020-06-22,"cumulative_deaths",568,568,568,593,588,617,617,617
"Wisconsin","return_normal","Past",2020-06-22,"cumulative_deaths",568,568,568,593,588,617,617,617
"Wisconsin","status_quo","Past",2020-06-22,"cumulative_deaths",568,568,568,593,588,617,617,617
"Wisconsin","linear_increase_sd","Past",2020-06-22,"cumulative_hosps",3038,3038,3038,3132,3122,3239,3239,3239
"Wisconsin","return_normal","Past",2020-06-22,"cumulative_hosps",3038,3038,3038,3132,3122,3239,3239,3239
"Wisconsin","status_quo","Past",2020-06-22,"cumulative_hosps",3038,3038,3038,3132,3122,3239,3239,3239
"Wisconsin","linear_increase_sd","Past",2020-06-22,"daily_all_infections",1221,1221,1221,1297,1301,1390,1390,1390
"Wisconsin","return_normal","Past",2020-06-22,"daily_all_infections",1221,1221,1221,1297,1301,1390,1390,1390
"Wisconsin","status_quo","Past",2020-06-22,"daily_all_infections",1221,1221,1221,1297,1301,1390,1390,1390
"Wisconsin","linear_increase_sd","Past",2020-06-22,"daily_cases",342,342,342,362,362,379,379,379
"Wisconsin","return_normal","Past",2020-06-22,"daily_cases",342,342,342,362,362,379,379,379
"Wisconsin","status_quo","Past",2020-06-22,"daily_cases",342,342,342,362,362,379,379,379
"Wisconsin","linear_increase_sd","Past",2020-06-22,"daily_deaths",5,5,5,6,5,6,6,6
"Wisconsin","return_normal","Past",2020-06-22,"daily_deaths",5,5,5,6,5,6,6,6
"Wisconsin","status_quo","Past",2020-06-22,"daily_deaths",5,5,5,6,5,6,6,6
"Wisconsin","linear_increase_sd","Past",2020-06-22,"daily_hosps",35,35,35,37,36,39,39,39
"Wisconsin","return_normal","Past",2020-06-22,"daily_hosps",35,35,35,37,36,39,39,39
"Wisconsin","status_quo","Past",2020-06-22,"daily_hosps",35,35,35,37,36,39,39,39
"Wisconsin","linear_increase_sd","Past",2020-06-22,"latent_trend",NA,NA,NA,0.473377446591836,NA,NA,NA,NA
"Wisconsin","return_normal","Past",2020-06-22,"latent_trend",NA,NA,NA,0.473377446591836,NA,NA,NA,NA
"Wisconsin","status_quo","Past",2020-06-22,"latent_trend",NA,NA,NA,0.473377446591836,NA,NA,NA,NA
"Wisconsin","linear_increase_sd","Past",2020-06-22,"mobility_trend",NA,NA,NA,0.958848767012834,NA,NA,NA,NA
"Wisconsin","return_normal","Past",2020-06-22,"mobility_trend",NA,NA,NA,0.958848767012834,NA,NA,NA,NA
"Wisconsin","status_quo","Past",2020-06-22,"mobility_trend",NA,NA,NA,0.958848767012834,NA,NA,NA,NA
"Wisconsin",NA,"Past",2020-06-23,"actual_cumulative_cases",NA,NA,NA,28174,NA,NA,NA,NA
"Wisconsin",NA,"Past",2020-06-23,"actual_cumulative_deaths",NA,NA,NA,748,NA,NA,NA,NA
"Wisconsin",NA,"Past",2020-06-23,"actual_daily_cases",NA,NA,NA,297,NA,NA,NA,NA
"Wisconsin",NA,"Past",2020-06-23,"actual_daily_deaths",NA,NA,NA,5,NA,NA,NA,NA
"Wisconsin","linear_increase_sd","Past",2020-06-23,"combined_trend",NA,NA,NA,0.458451115924119,NA,NA,NA,NA
"Wisconsin","return_normal","Past",2020-06-23,"combined_trend",NA,NA,NA,0.458451115924119,NA,NA,NA,NA
"Wisconsin","status_quo","Past",2020-06-23,"combined_trend",NA,NA,NA,0.458451115924119,NA,NA,NA,NA
"Wisconsin","linear_increase_sd","Past",2020-06-23,"cumulative_all_infections",96970,96970,96970,99936,99477,103419,103419,103419
"Wisconsin","return_normal","Past",2020-06-23,"cumulative_all_infections",96970,96970,96970,99936,99477,103419,103419,103419
"Wisconsin","status_quo","Past",2020-06-23,"cumulative_all_infections",96970,96970,96970,99936,99477,103419,103419,103419
"Wisconsin","linear_increase_sd","Past",2020-06-23,"cumulative_cases",27293,27293,27293,28059,28104,29064,29064,29064
"Wisconsin","return_normal","Past",2020-06-23,"cumulative_cases",27293,27293,27293,28059,28104,29064,29064,29064
"Wisconsin","status_quo","Past",2020-06-23,"cumulative_cases",27293,27293,27293,28059,28104,29064,29064,29064
"Wisconsin","linear_increase_sd","Past",2020-06-23,"cumulative_deaths",574,574,574,599,593,622,622,622
"Wisconsin","return_normal","Past",2020-06-23,"cumulative_deaths",574,574,574,599,593,622,622,622
"Wisconsin","status_quo","Past",2020-06-23,"cumulative_deaths",574,574,574,599,593,622,622,622
"Wisconsin","linear_increase_sd","Past",2020-06-23,"cumulative_hosps",3075,3075,3075,3169,3163,3278,3278,3278
"Wisconsin","return_normal","Past",2020-06-23,"cumulative_hosps",3075,3075,3075,3169,3163,3278,3278,3278
"Wisconsin","status_quo","Past",2020-06-23,"cumulative_hosps",3075,3075,3075,3169,3163,3278,3278,3278
"Wisconsin","linear_increase_sd","Past",2020-06-23,"daily_all_infections",1253,1253,1253,1353,1365,1463,1463,1463
"Wisconsin","return_normal","Past",2020-06-23,"daily_all_infections",1253,1253,1253,1353,1365,1463,1463,1463
"Wisconsin","status_quo","Past",2020-06-23,"daily_all_infections",1253,1253,1253,1353,1365,1463,1463,1463
"Wisconsin","linear_increase_sd","Past",2020-06-23,"daily_cases",366,366,366,374,372,383,383,383
"Wisconsin","return_normal","Past",2020-06-23,"daily_cases",366,366,366,374,372,383,383,383
"Wisconsin","status_quo","Past",2020-06-23,"daily_cases",366,366,366,374,372,383,383,383
"Wisconsin","linear_increase_sd","Past",2020-06-23,"daily_deaths",5,5,5,6,5,6,6,6
"Wisconsin","return_normal","Past",2020-06-23,"daily_deaths",5,5,5,6,5,6,6,6
"Wisconsin","status_quo","Past",2020-06-23,"daily_deaths",5,5,5,6,5,6,6,6
"Wisconsin","linear_increase_sd","Past",2020-06-23,"daily_hosps",36,36,36,38,37,41,41,41
"Wisconsin","return_normal","Past",2020-06-23,"daily_hosps",36,36,36,38,37,41,41,41
"Wisconsin","status_quo","Past",2020-06-23,"daily_hosps",36,36,36,38,37,41,41,41
"Wisconsin","linear_increase_sd","Past",2020-06-23,"latent_trend",NA,NA,NA,0.476844995141589,NA,NA,NA,NA
"Wisconsin","return_normal","Past",2020-06-23,"latent_trend",NA,NA,NA,0.476844995141589,NA,NA,NA,NA
"Wisconsin","status_quo","Past",2020-06-23,"latent_trend",NA,NA,NA,0.476844995141589,NA,NA,NA,NA
"Wisconsin","linear_increase_sd","Past",2020-06-23,"mobility_trend",NA,NA,NA,0.961425873386783,NA,NA,NA,NA
"Wisconsin","return_normal","Past",2020-06-23,"mobility_trend",NA,NA,NA,0.961425873386783,NA,NA,NA,NA
"Wisconsin","status_quo","Past",2020-06-23,"mobility_trend",NA,NA,NA,0.961425873386783,NA,NA,NA,NA
"Wisconsin",NA,"Past",2020-06-24,"actual_cumulative_cases",NA,NA,NA,28640,NA,NA,NA,NA
"Wisconsin",NA,"Past",2020-06-24,"actual_cumulative_deaths",NA,NA,NA,755,NA,NA,NA,NA
"Wisconsin",NA,"Past",2020-06-24,"actual_daily_cases",NA,NA,NA,466,NA,NA,NA,NA
"Wisconsin",NA,"Past",2020-06-24,"actual_daily_deaths",NA,NA,NA,7,NA,NA,NA,NA
"Wisconsin","linear_increase_sd","Past",2020-06-24,"combined_trend",NA,NA,NA,0.461906645022609,NA,NA,NA,NA
"Wisconsin","return_normal","Past",2020-06-24,"combined_trend",NA,NA,NA,0.461906645022609,NA,NA,NA,NA
"Wisconsin","status_quo","Past",2020-06-24,"combined_trend",NA,NA,NA,0.461906645022609,NA,NA,NA,NA
"Wisconsin","linear_increase_sd","Past",2020-06-24,"cumulative_all_infections",98291,98291,98291,101347,100783,104947,104947,104947
"Wisconsin","return_normal","Past",2020-06-24,"cumulative_all_infections",98291,98291,98291,101347,100783,104947,104947,104947
"Wisconsin","status_quo","Past",2020-06-24,"cumulative_all_infections",98291,98291,98291,101347,100783,104947,104947,104947
"Wisconsin","linear_increase_sd","Past",2020-06-24,"cumulative_cases",27670,27670,27670,28451,28491,29485,29485,29485
"Wisconsin","return_normal","Past",2020-06-24,"cumulative_cases",27670,27670,27670,28451,28491,29485,29485,29485
"Wisconsin","status_quo","Past",2020-06-24,"cumulative_cases",27670,27670,27670,28451,28491,29485,29485,29485
"Wisconsin","linear_increase_sd","Past",2020-06-24,"cumulative_deaths",578,578,578,604,599,627,627,627
"Wisconsin","return_normal","Past",2020-06-24,"cumulative_deaths",578,578,578,604,599,627,627,627
"Wisconsin","status_quo","Past",2020-06-24,"cumulative_deaths",578,578,578,604,599,627,627,627
"Wisconsin","linear_increase_sd","Past",2020-06-24,"cumulative_hosps",3114,3114,3114,3209,3205,3319,3319,3319
"Wisconsin","return_normal","Past",2020-06-24,"cumulative_hosps",3114,3114,3114,3209,3205,3319,3319,3319
"Wisconsin","status_quo","Past",2020-06-24,"cumulative_hosps",3114,3114,3114,3209,3205,3319,3319,3319
"Wisconsin","linear_increase_sd","Past",2020-06-24,"daily_all_infections",1306,1306,1306,1412,1421,1528,1528,1528
"Wisconsin","return_normal","Past",2020-06-24,"daily_all_infections",1306,1306,1306,1412,1421,1528,1528,1528
"Wisconsin","status_quo","Past",2020-06-24,"daily_all_infections",1306,1306,1306,1412,1421,1528,1528,1528
"Wisconsin","linear_increase_sd","Past",2020-06-24,"daily_cases",367,367,367,393,387,421,421,421
"Wisconsin","return_normal","Past",2020-06-24,"daily_cases",367,367,367,393,387,421,421,421
"Wisconsin","status_quo","Past",2020-06-24,"daily_cases",367,367,367,393,387,421,421,421
"Wisconsin","linear_increase_sd","Past",2020-06-24,"daily_deaths",4,4,4,5,5,6,6,6
"Wisconsin","return_normal","Past",2020-06-24,"daily_deaths",4,4,4,5,5,6,6,6
"Wisconsin","status_quo","Past",2020-06-24,"daily_deaths",4,4,4,5,5,6,6,6
"Wisconsin","linear_increase_sd","Past",2020-06-24,"daily_hosps",37,37,37,40,39,42,42,42
"Wisconsin","return_normal","Past",2020-06-24,"daily_hosps",37,37,37,40,39,42,42,42
"Wisconsin","status_quo","Past",2020-06-24,"daily_hosps",37,37,37,40,39,42,42,42
"Wisconsin","linear_increase_sd","Past",2020-06-24,"latent_trend",NA,NA,NA,0.479283993423269,NA,NA,NA,NA
"Wisconsin","return_normal","Past",2020-06-24,"latent_trend",NA,NA,NA,0.479283993423269,NA,NA,NA,NA
"Wisconsin","status_quo","Past",2020-06-24,"latent_trend",NA,NA,NA,0.479283993423269,NA,NA,NA,NA
"Wisconsin","linear_increase_sd","Past",2020-06-24,"mobility_trend",NA,NA,NA,0.963743107136663,NA,NA,NA,NA
"Wisconsin","return_normal","Past",2020-06-24,"mobility_trend",NA,NA,NA,0.963743107136663,NA,NA,NA,NA
"Wisconsin","status_quo","Past",2020-06-24,"mobility_trend",NA,NA,NA,0.963743107136663,NA,NA,NA,NA
"Wisconsin",NA,"Past",2020-06-25,"actual_cumulative_cases",NA,NA,NA,29104,NA,NA,NA,NA
"Wisconsin",NA,"Past",2020-06-25,"actual_cumulative_deaths",NA,NA,NA,764,NA,NA,NA,NA
"Wisconsin",NA,"Past",2020-06-25,"actual_daily_cases",NA,NA,NA,464,NA,NA,NA,NA
"Wisconsin",NA,"Past",2020-06-25,"actual_daily_deaths",NA,NA,NA,9,NA,NA,NA,NA
"Wisconsin","linear_increase_sd","Past",2020-06-25,"combined_trend",NA,NA,NA,0.464292104010729,NA,NA,NA,NA
"Wisconsin","return_normal","Past",2020-06-25,"combined_trend",NA,NA,NA,0.464292104010729,NA,NA,NA,NA
"Wisconsin","status_quo","Past",2020-06-25,"combined_trend",NA,NA,NA,0.464292104010729,NA,NA,NA,NA
"Wisconsin","linear_increase_sd","Past",2020-06-25,"cumulative_all_infections",99667,99667,99667,102822,102148,106554,106554,106554
"Wisconsin","return_normal","Past",2020-06-25,"cumulative_all_infections",99667,99667,99667,102822,102148,106554,106554,106554
"Wisconsin","status_quo","Past",2020-06-25,"cumulative_all_infections",99667,99667,99667,102822,102148,106554,106554,106554
"Wisconsin","linear_increase_sd","Past",2020-06-25,"cumulative_cases",28064,28064,28064,28850,28896,29898,29898,29898
"Wisconsin","return_normal","Past",2020-06-25,"cumulative_cases",28064,28064,28064,28850,28896,29898,29898,29898
"Wisconsin","status_quo","Past",2020-06-25,"cumulative_cases",28064,28064,28064,28850,28896,29898,29898,29898
"Wisconsin","linear_increase_sd","Past",2020-06-25,"cumulative_deaths",583,583,583,609,605,632,632,632
"Wisconsin","return_normal","Past",2020-06-25,"cumulative_deaths",583,583,583,609,605,632,632,632
"Wisconsin","status_quo","Past",2020-06-25,"cumulative_deaths",583,583,583,609,605,632,632,632
"Wisconsin","linear_increase_sd","Past",2020-06-25,"cumulative_hosps",3154,3154,3154,3249,3247,3361,3361,3361
"Wisconsin","return_normal","Past",2020-06-25,"cumulative_hosps",3154,3154,3154,3249,3247,3361,3361,3361
"Wisconsin","status_quo","Past",2020-06-25,"cumulative_hosps",3154,3154,3154,3249,3247,3361,3361,3361
"Wisconsin","linear_increase_sd","Past",2020-06-25,"daily_all_infections",1365,1365,1365,1475,1478,1607,1607,1607
"Wisconsin","return_normal","Past",2020-06-25,"daily_all_infections",1365,1365,1365,1475,1478,1607,1607,1607
"Wisconsin","status_quo","Past",2020-06-25,"daily_all_infections",1365,1365,1365,1475,1478,1607,1607,1607
"Wisconsin","linear_increase_sd","Past",2020-06-25,"daily_cases",386,386,386,399,395,413,413,413
"Wisconsin","return_normal","Past",2020-06-25,"daily_cases",386,386,386,399,395,413,413,413
"Wisconsin","status_quo","Past",2020-06-25,"daily_cases",386,386,386,399,395,413,413,413
"Wisconsin","linear_increase_sd","Past",2020-06-25,"daily_deaths",5,5,5,6,5,6,6,6
"Wisconsin","return_normal","Past",2020-06-25,"daily_deaths",5,5,5,6,5,6,6,6
"Wisconsin","status_quo","Past",2020-06-25,"daily_deaths",5,5,5,6,5,6,6,6
"Wisconsin","linear_increase_sd","Past",2020-06-25,"daily_hosps",38,38,38,40,40,42,42,42
"Wisconsin","return_normal","Past",2020-06-25,"daily_hosps",38,38,38,40,40,42,42,42
"Wisconsin","status_quo","Past",2020-06-25,"daily_hosps",38,38,38,40,40,42,42,42
"Wisconsin","linear_increase_sd","Past",2020-06-25,"latent_trend",NA,NA,NA,0.480772897955761,NA,NA,NA,NA
"Wisconsin","return_normal","Past",2020-06-25,"latent_trend",NA,NA,NA,0.480772897955761,NA,NA,NA,NA
"Wisconsin","status_quo","Past",2020-06-25,"latent_trend",NA,NA,NA,0.480772897955761,NA,NA,NA,NA
"Wisconsin","linear_increase_sd","Past",2020-06-25,"mobility_trend",NA,NA,NA,0.965720210071931,NA,NA,NA,NA
"Wisconsin","return_normal","Past",2020-06-25,"mobility_trend",NA,NA,NA,0.965720210071931,NA,NA,NA,NA
"Wisconsin","status_quo","Past",2020-06-25,"mobility_trend",NA,NA,NA,0.965720210071931,NA,NA,NA,NA
"Wisconsin",NA,"Past",2020-06-26,"actual_cumulative_cases",NA,NA,NA,29667,NA,NA,NA,NA
"Wisconsin",NA,"Past",2020-06-26,"actual_cumulative_deaths",NA,NA,NA,764,NA,NA,NA,NA
"Wisconsin",NA,"Past",2020-06-26,"actual_daily_cases",NA,NA,NA,563,NA,NA,NA,NA
"Wisconsin",NA,"Past",2020-06-26,"actual_daily_deaths",NA,NA,NA,0,NA,NA,NA,NA
"Wisconsin","linear_increase_sd","Past",2020-06-26,"combined_trend",NA,NA,NA,0.465621359855787,NA,NA,NA,NA
"Wisconsin","return_normal","Past",2020-06-26,"combined_trend",NA,NA,NA,0.465621359855787,NA,NA,NA,NA
"Wisconsin","status_quo","Past",2020-06-26,"combined_trend",NA,NA,NA,0.465621359855787,NA,NA,NA,NA
"Wisconsin","linear_increase_sd","Past",2020-06-26,"cumulative_all_infections",101105,101105,101105,104357,103560,108236,108236,108236
"Wisconsin","return_normal","Past",2020-06-26,"cumulative_all_infections",101105,101105,101105,104357,103560,108236,108236,108236
"Wisconsin","status_quo","Past",2020-06-26,"cumulative_all_infections",101105,101105,101105,104357,103560,108236,108236,108236
"Wisconsin","linear_increase_sd","Past",2020-06-26,"cumulative_cases",28459,28459,28459,29264,29303,30335,30335,30335
"Wisconsin","return_normal","Past",2020-06-26,"cumulative_cases",28459,28459,28459,29264,29303,30335,30335,30335
"Wisconsin","status_quo","Past",2020-06-26,"cumulative_cases",28459,28459,28459,29264,29303,30335,30335,30335
"Wisconsin","linear_increase_sd","Past",2020-06-26,"cumulative_deaths",588,588,588,614,610,637,637,637
"Wisconsin","return_normal","Past",2020-06-26,"cumulative_deaths",588,588,588,614,610,637,637,637
"Wisconsin","status_quo","Past",2020-06-26,"cumulative_deaths",588,588,588,614,610,637,637,637
"Wisconsin","linear_increase_sd","Past",2020-06-26,"cumulative_hosps",3195,3195,3195,3289,3290,3403,3403,3403
"Wisconsin","return_normal","Past",2020-06-26,"cumulative_hosps",3195,3195,3195,3289,3290,3403,3403,3403
"Wisconsin","status_quo","Past",2020-06-26,"cumulative_hosps",3195,3195,3195,3289,3290,3403,3403,3403
"Wisconsin","linear_increase_sd","Past",2020-06-26,"daily_all_infections",1412,1412,1412,1535,1532,1682,1682,1682
"Wisconsin","return_normal","Past",2020-06-26,"daily_all_infections",1412,1412,1412,1535,1532,1682,1682,1682
"Wisconsin","status_quo","Past",2020-06-26,"daily_all_infections",1412,1412,1412,1535,1532,1682,1682,1682
"Wisconsin","linear_increase_sd","Past",2020-06-26,"daily_cases",395,395,395,415,407,437,437,437
"Wisconsin","return_normal","Past",2020-06-26,"daily_cases",395,395,395,415,407,437,437,437
"Wisconsin","status_quo","Past",2020-06-26,"daily_cases",395,395,395,415,407,437,437,437
"Wisconsin","linear_increase_sd","Past",2020-06-26,"daily_deaths",5,5,5,5,5,5,5,5
"Wisconsin","return_normal","Past",2020-06-26,"daily_deaths",5,5,5,5,5,5,5,5
"Wisconsin","status_quo","Past",2020-06-26,"daily_deaths",5,5,5,5,5,5,5,5
"Wisconsin","linear_increase_sd","Past",2020-06-26,"daily_hosps",39,39,39,41,41,43,43,43
"Wisconsin","return_normal","Past",2020-06-26,"daily_hosps",39,39,39,41,41,43,43,43
"Wisconsin","status_quo","Past",2020-06-26,"daily_hosps",39,39,39,41,41,43,43,43
"Wisconsin","linear_increase_sd","Past",2020-06-26,"latent_trend",NA,NA,NA,0.481390923062419,NA,NA,NA,NA
"Wisconsin","return_normal","Past",2020-06-26,"latent_trend",NA,NA,NA,0.481390923062419,NA,NA,NA,NA
"Wisconsin","status_quo","Past",2020-06-26,"latent_trend",NA,NA,NA,0.481390923062419,NA,NA,NA,NA
"Wisconsin","linear_increase_sd","Past",2020-06-26,"mobility_trend",NA,NA,NA,0.967241668982222,NA,NA,NA,NA
"Wisconsin","return_normal","Past",2020-06-26,"mobility_trend",NA,NA,NA,0.967241668982222,NA,NA,NA,NA
"Wisconsin","status_quo","Past",2020-06-26,"mobility_trend",NA,NA,NA,0.967241668982222,NA,NA,NA,NA
"Wisconsin",NA,"Past",2020-06-27,"actual_cumulative_cases",NA,NA,NA,30226,NA,NA,NA,NA
"Wisconsin",NA,"Past",2020-06-27,"actual_cumulative_deaths",NA,NA,NA,775,NA,NA,NA,NA
"Wisconsin",NA,"Past",2020-06-27,"actual_daily_cases",NA,NA,NA,559,NA,NA,NA,NA
"Wisconsin",NA,"Past",2020-06-27,"actual_daily_deaths",NA,NA,NA,11,NA,NA,NA,NA
"Wisconsin","linear_increase_sd","Past",2020-06-27,"combined_trend",NA,NA,NA,0.465906921193589,NA,NA,NA,NA
"Wisconsin","return_normal","Past",2020-06-27,"combined_trend",NA,NA,NA,0.465906921193589,NA,NA,NA,NA
"Wisconsin","status_quo","Past",2020-06-27,"combined_trend",NA,NA,NA,0.465906921193589,NA,NA,NA,NA
"Wisconsin","linear_increase_sd","Past",2020-06-27,"cumulative_all_infections",102602,102602,102602,105955,105031,109991,109991,109991
"Wisconsin","return_normal","Past",2020-06-27,"cumulative_all_infections",102602,102602,102602,105955,105031,109991,109991,109991
"Wisconsin","status_quo","Past",2020-06-27,"cumulative_all_infections",102602,102602,102602,105955,105031,109991,109991,109991
"Wisconsin","linear_increase_sd","Past",2020-06-27,"cumulative_cases",28871,28871,28871,29702,29707,30811,30811,30811
"Wisconsin","return_normal","Past",2020-06-27,"cumulative_cases",28871,28871,28871,29702,29707,30811,30811,30811
"Wisconsin","status_quo","Past",2020-06-27,"cumulative_cases",28871,28871,28871,29702,29707,30811,30811,30811
"Wisconsin","linear_increase_sd","Past",2020-06-27,"cumulative_deaths",593,593,593,619,615,641,641,641
"Wisconsin","return_normal","Past",2020-06-27,"cumulative_deaths",593,593,593,619,615,641,641,641
"Wisconsin","status_quo","Past",2020-06-27,"cumulative_deaths",593,593,593,619,615,641,641,641
"Wisconsin","linear_increase_sd","Past",2020-06-27,"cumulative_hosps",3237,3237,3237,3332,3334,3447,3447,3447
"Wisconsin","return_normal","Past",2020-06-27,"cumulative_hosps",3237,3237,3237,3332,3334,3447,3447,3447
"Wisconsin","status_quo","Past",2020-06-27,"cumulative_hosps",3237,3237,3237,3332,3334,3447,3447,3447
"Wisconsin","linear_increase_sd","Past",2020-06-27,"daily_all_infections",1471,1471,1471,1598,1597,1755,1755,1755
"Wisconsin","return_normal","Past",2020-06-27,"daily_all_infections",1471,1471,1471,1598,1597,1755,1755,1755
"Wisconsin","status_quo","Past",2020-06-27,"daily_all_infections",1471,1471,1471,1598,1597,1755,1755,1755
"Wisconsin","linear_increase_sd","Past",2020-06-27,"daily_cases",404,404,404,438,440,476,476,476
"Wisconsin","return_normal","Past",2020-06-27,"daily_cases",404,404,404,438,440,476,476,476
"Wisconsin","status_quo","Past",2020-06-27,"daily_cases",404,404,404,438,440,476,476,476
"Wisconsin","linear_increase_sd","Past",2020-06-27,"daily_deaths",4,4,4,5,5,6,6,6
"Wisconsin","return_normal","Past",2020-06-27,"daily_deaths",4,4,4,5,5,6,6,6
"Wisconsin","status_quo","Past",2020-06-27,"daily_deaths",4,4,4,5,5,6,6,6
"Wisconsin","linear_increase_sd","Past",2020-06-27,"daily_hosps",41,41,41,43,42,44,44,44
"Wisconsin","return_normal","Past",2020-06-27,"daily_hosps",41,41,41,43,42,44,44,44
"Wisconsin","status_quo","Past",2020-06-27,"daily_hosps",41,41,41,43,42,44,44,44
"Wisconsin","linear_increase_sd","Past",2020-06-27,"latent_trend",NA,NA,NA,0.481217750868855,NA,NA,NA,NA
"Wisconsin","return_normal","Past",2020-06-27,"latent_trend",NA,NA,NA,0.481217750868855,NA,NA,NA,NA
"Wisconsin","status_quo","Past",2020-06-27,"latent_trend",NA,NA,NA,0.481217750868855,NA,NA,NA,NA
"Wisconsin","linear_increase_sd","Past",2020-06-27,"mobility_trend",NA,NA,NA,0.968183156902209,NA,NA,NA,NA
"Wisconsin","return_normal","Past",2020-06-27,"mobility_trend",NA,NA,NA,0.968183156902209,NA,NA,NA,NA
"Wisconsin","status_quo","Past",2020-06-27,"mobility_trend",NA,NA,NA,0.968183156902209,NA,NA,NA,NA
"Wisconsin",NA,"Past",2020-06-28,"actual_cumulative_cases",NA,NA,NA,30706,NA,NA,NA,NA
"Wisconsin",NA,"Past",2020-06-28,"actual_cumulative_deaths",NA,NA,NA,775,NA,NA,NA,NA
"Wisconsin",NA,"Past",2020-06-28,"actual_daily_cases",NA,NA,NA,480,NA,NA,NA,NA
"Wisconsin",NA,"Past",2020-06-28,"actual_daily_deaths",NA,NA,NA,0,NA,NA,NA,NA
"Wisconsin","linear_increase_sd","Past",2020-06-28,"combined_trend",NA,NA,NA,0.465180280662859,NA,NA,NA,NA
"Wisconsin","return_normal","Past",2020-06-28,"combined_trend",NA,NA,NA,0.465180280662859,NA,NA,NA,NA
"Wisconsin","status_quo","Past",2020-06-28,"combined_trend",NA,NA,NA,0.465180280662859,NA,NA,NA,NA
"Wisconsin","linear_increase_sd","Past",2020-06-28,"cumulative_all_infections",104159,104159,104159,107614,106565,111817,111817,111817
"Wisconsin","return_normal","Past",2020-06-28,"cumulative_all_infections",104159,104159,104159,107614,106565,111817,111817,111817
"Wisconsin","status_quo","Past",2020-06-28,"cumulative_all_infections",104159,104159,104159,107614,106565,111817,111817,111817
"Wisconsin","linear_increase_sd","Past",2020-06-28,"cumulative_cases",29309,29309,29309,30165,30147,31299,31299,31299
"Wisconsin","return_normal","Past",2020-06-28,"cumulative_cases",29309,29309,29309,30165,30147,31299,31299,31299
"Wisconsin","status_quo","Past",2020-06-28,"cumulative_cases",29309,29309,29309,30165,30147,31299,31299,31299
"Wisconsin","linear_increase_sd","Past",2020-06-28,"cumulative_deaths",598,598,598,624,621,646,646,646
"Wisconsin","return_normal","Past",2020-06-28,"cumulative_deaths",598,598,598,624,621,646,646,646
"Wisconsin","status_quo","Past",2020-06-28,"cumulative_deaths",598,598,598,624,621,646,646,646
"Wisconsin","linear_increase_sd","Past",2020-06-28,"cumulative_hosps",3280,3280,3280,3375,3378,3493,3493,3493
"Wisconsin","return_normal","Past",2020-06-28,"cumulative_hosps",3280,3280,3280,3375,3378,3493,3493,3493
"Wisconsin","status_quo","Past",2020-06-28,"cumulative_hosps",3280,3280,3280,3375,3378,3493,3493,3493
"Wisconsin","linear_increase_sd","Past",2020-06-28,"daily_all_infections",1534,1534,1534,1659,1648,1826,1826,1826
"Wisconsin","return_normal","Past",2020-06-28,"daily_all_infections",1534,1534,1534,1659,1648,1826,1826,1826
"Wisconsin","status_quo","Past",2020-06-28,"daily_all_infections",1534,1534,1534,1659,1648,1826,1826,1826
"Wisconsin","linear_increase_sd","Past",2020-06-28,"daily_cases",438,438,438,463,469,488,488,488
"Wisconsin","return_normal","Past",2020-06-28,"daily_cases",438,438,438,463,469,488,488,488
"Wisconsin","status_quo","Past",2020-06-28,"daily_cases",438,438,438,463,469,488,488,488
"Wisconsin","linear_increase_sd","Past",2020-06-28,"daily_deaths",5,5,5,6,5,6,6,6
"Wisconsin","return_normal","Past",2020-06-28,"daily_deaths",5,5,5,6,5,6,6,6
"Wisconsin","status_quo","Past",2020-06-28,"daily_deaths",5,5,5,6,5,6,6,6
"Wisconsin","linear_increase_sd","Past",2020-06-28,"daily_hosps",41,41,41,44,43,46,46,46
"Wisconsin","return_normal","Past",2020-06-28,"daily_hosps",41,41,41,44,43,46,46,46
"Wisconsin","status_quo","Past",2020-06-28,"daily_hosps",41,41,41,44,43,46,46,46
"Wisconsin","linear_increase_sd","Past",2020-06-28,"latent_trend",NA,NA,NA,0.480333367791401,NA,NA,NA,NA
"Wisconsin","return_normal","Past",2020-06-28,"latent_trend",NA,NA,NA,0.480333367791401,NA,NA,NA,NA
"Wisconsin","status_quo","Past",2020-06-28,"latent_trend",NA,NA,NA,0.480333367791401,NA,NA,NA,NA
"Wisconsin","linear_increase_sd","Past",2020-06-28,"mobility_trend",NA,NA,NA,0.968452978400777,NA,NA,NA,NA
"Wisconsin","return_normal","Past",2020-06-28,"mobility_trend",NA,NA,NA,0.968452978400777,NA,NA,NA,NA
"Wisconsin","status_quo","Past",2020-06-28,"mobility_trend",NA,NA,NA,0.968452978400777,NA,NA,NA,NA
"Wisconsin",NA,"Past",2020-06-29,"actual_cumulative_cases",NA,NA,NA,31032,NA,NA,NA,NA
"Wisconsin",NA,"Past",2020-06-29,"actual_cumulative_deaths",NA,NA,NA,782,NA,NA,NA,NA
"Wisconsin",NA,"Past",2020-06-29,"actual_daily_cases",NA,NA,NA,326,NA,NA,NA,NA
"Wisconsin",NA,"Past",2020-06-29,"actual_daily_deaths",NA,NA,NA,7,NA,NA,NA,NA
"Wisconsin","linear_increase_sd","Past",2020-06-29,"combined_trend",NA,NA,NA,0.463538880144605,NA,NA,NA,NA
"Wisconsin","return_normal","Past",2020-06-29,"combined_trend",NA,NA,NA,0.463538880144605,NA,NA,NA,NA
"Wisconsin","status_quo","Past",2020-06-29,"combined_trend",NA,NA,NA,0.463538880144605,NA,NA,NA,NA
"Wisconsin","linear_increase_sd","Past",2020-06-29,"cumulative_all_infections",105791,105791,105791,109336,108165,113715,113715,113715
"Wisconsin","return_normal","Past",2020-06-29,"cumulative_all_infections",105791,105791,105791,109336,108165,113715,113715,113715
"Wisconsin","status_quo","Past",2020-06-29,"cumulative_all_infections",105791,105791,105791,109336,108165,113715,113715,113715
"Wisconsin","linear_increase_sd","Past",2020-06-29,"cumulative_cases",29760,29760,29760,30645,30585,31821,31821,31821
"Wisconsin","return_normal","Past",2020-06-29,"cumulative_cases",29760,29760,29760,30645,30585,31821,31821,31821
"Wisconsin","status_quo","Past",2020-06-29,"cumulative_cases",29760,29760,29760,30645,30585,31821,31821,31821
"Wisconsin","linear_increase_sd","Past",2020-06-29,"cumulative_deaths",603,603,603,629,627,652,652,652
"Wisconsin","return_normal","Past",2020-06-29,"cumulative_deaths",603,603,603,629,627,652,652,652
"Wisconsin","status_quo","Past",2020-06-29,"cumulative_deaths",603,603,603,629,627,652,652,652
"Wisconsin","linear_increase_sd","Past",2020-06-29,"cumulative_hosps",3323,3323,3323,3420,3423,3541,3541,3541
"Wisconsin","return_normal","Past",2020-06-29,"cumulative_hosps",3323,3323,3323,3420,3423,3541,3541,3541
"Wisconsin","status_quo","Past",2020-06-29,"cumulative_hosps",3323,3323,3323,3420,3423,3541,3541,3541
"Wisconsin","linear_increase_sd","Past",2020-06-29,"daily_all_infections",1600,1600,1600,1723,1698,1898,1898,1898
"Wisconsin","return_normal","Past",2020-06-29,"daily_all_infections",1600,1600,1600,1723,1698,1898,1898,1898
"Wisconsin","status_quo","Past",2020-06-29,"daily_all_infections",1600,1600,1600,1723,1698,1898,1898,1898
"Wisconsin","linear_increase_sd","Past",2020-06-29,"daily_cases",438,438,438,481,486,522,522,522
"Wisconsin","return_normal","Past",2020-06-29,"daily_cases",438,438,438,481,486,522,522,522
"Wisconsin","status_quo","Past",2020-06-29,"daily_cases",438,438,438,481,486,522,522,522
"Wisconsin","linear_increase_sd","Past",2020-06-29,"daily_deaths",5,5,5,6,5,6,6,6
"Wisconsin","return_normal","Past",2020-06-29,"daily_deaths",5,5,5,6,5,6,6,6
"Wisconsin","status_quo","Past",2020-06-29,"daily_deaths",5,5,5,6,5,6,6,6
"Wisconsin","linear_increase_sd","Past",2020-06-29,"daily_hosps",43,43,43,46,45,48,48,48
"Wisconsin","return_normal","Past",2020-06-29,"daily_hosps",43,43,43,46,45,48,48,48
"Wisconsin","status_quo","Past",2020-06-29,"daily_hosps",43,43,43,46,45,48,48,48
"Wisconsin","linear_increase_sd","Past",2020-06-29,"latent_trend",NA,NA,NA,0.478817979004144,NA,NA,NA,NA
"Wisconsin","return_normal","Past",2020-06-29,"latent_trend",NA,NA,NA,0.478817979004144,NA,NA,NA,NA
"Wisconsin","status_quo","Past",2020-06-29,"latent_trend",NA,NA,NA,0.478817979004144,NA,NA,NA,NA
"Wisconsin","linear_increase_sd","Past",2020-06-29,"mobility_trend",NA,NA,NA,0.968089964183641,NA,NA,NA,NA
"Wisconsin","return_normal","Past",2020-06-29,"mobility_trend",NA,NA,NA,0.968089964183641,NA,NA,NA,NA
"Wisconsin","status_quo","Past",2020-06-29,"mobility_trend",NA,NA,NA,0.968089964183641,NA,NA,NA,NA
"Wisconsin",NA,"Past",2020-06-30,"actual_cumulative_cases",NA,NA,NA,31661,NA,NA,NA,NA
"Wisconsin",NA,"Past",2020-06-30,"actual_cumulative_deaths",NA,NA,NA,782,NA,NA,NA,NA
"Wisconsin",NA,"Past",2020-06-30,"actual_daily_cases",NA,NA,NA,629,NA,NA,NA,NA
"Wisconsin",NA,"Past",2020-06-30,"actual_daily_deaths",NA,NA,NA,0,NA,NA,NA,NA
"Wisconsin","linear_increase_sd","Past",2020-06-30,"combined_trend",NA,NA,NA,0.461094284843441,NA,NA,NA,NA
"Wisconsin","return_normal","Past",2020-06-30,"combined_trend",NA,NA,NA,0.461094284843441,NA,NA,NA,NA
"Wisconsin","status_quo","Past",2020-06-30,"combined_trend",NA,NA,NA,0.461094284843441,NA,NA,NA,NA
"Wisconsin","linear_increase_sd","Past",2020-06-30,"cumulative_all_infections",107481,107481,107481,111117,109831,115685,115685,115685
"Wisconsin","return_normal","Past",2020-06-30,"cumulative_all_infections",107481,107481,107481,111117,109831,115685,115685,115685
"Wisconsin","status_quo","Past",2020-06-30,"cumulative_all_infections",107481,107481,107481,111117,109831,115685,115685,115685
"Wisconsin","linear_increase_sd","Past",2020-06-30,"cumulative_cases",30211,30211,30211,31147,31058,32366,32366,32366
"Wisconsin","return_normal","Past",2020-06-30,"cumulative_cases",30211,30211,30211,31147,31058,32366,32366,32366
"Wisconsin","status_quo","Past",2020-06-30,"cumulative_cases",30211,30211,30211,31147,31058,32366,32366,32366
"Wisconsin","linear_increase_sd","Past",2020-06-30,"cumulative_deaths",608,608,608,635,632,656,656,656
"Wisconsin","return_normal","Past",2020-06-30,"cumulative_deaths",608,608,608,635,632,656,656,656
"Wisconsin","status_quo","Past",2020-06-30,"cumulative_deaths",608,608,608,635,632,656,656,656
"Wisconsin","linear_increase_sd","Past",2020-06-30,"cumulative_hosps",3368,3368,3368,3468,3471,3592,3592,3592
"Wisconsin","return_normal","Past",2020-06-30,"cumulative_hosps",3368,3368,3368,3468,3471,3592,3592,3592
"Wisconsin","status_quo","Past",2020-06-30,"cumulative_hosps",3368,3368,3368,3468,3471,3592,3592,3592
"Wisconsin","linear_increase_sd","Past",2020-06-30,"daily_all_infections",1666,1666,1666,1781,1752,1970,1970,1970
"Wisconsin","return_normal","Past",2020-06-30,"daily_all_infections",1666,1666,1666,1781,1752,1970,1970,1970
"Wisconsin","status_quo","Past",2020-06-30,"daily_all_infections",1666,1666,1666,1781,1752,1970,1970,1970
"Wisconsin","linear_increase_sd","Past",2020-06-30,"daily_cases",451,451,451,502,489,550,550,550
"Wisconsin","return_normal","Past",2020-06-30,"daily_cases",451,451,451,502,489,550,550,550
"Wisconsin","status_quo","Past",2020-06-30,"daily_cases",451,451,451,502,489,550,550,550
"Wisconsin","linear_increase_sd","Past",2020-06-30,"daily_deaths",4,4,4,6,5,7,7,7
"Wisconsin","return_normal","Past",2020-06-30,"daily_deaths",4,4,4,6,5,7,7,7
"Wisconsin","status_quo","Past",2020-06-30,"daily_deaths",4,4,4,6,5,7,7,7
"Wisconsin","linear_increase_sd","Past",2020-06-30,"daily_hosps",45,45,45,48,47,51,51,51
"Wisconsin","return_normal","Past",2020-06-30,"daily_hosps",45,45,45,48,47,51,51,51
"Wisconsin","status_quo","Past",2020-06-30,"daily_hosps",45,45,45,48,47,51,51,51
"Wisconsin","linear_increase_sd","Past",2020-06-30,"latent_trend",NA,NA,NA,0.476751963359864,NA,NA,NA,NA
"Wisconsin","return_normal","Past",2020-06-30,"latent_trend",NA,NA,NA,0.476751963359864,NA,NA,NA,NA
"Wisconsin","status_quo","Past",2020-06-30,"latent_trend",NA,NA,NA,0.476751963359864,NA,NA,NA,NA
"Wisconsin","linear_increase_sd","Past",2020-06-30,"mobility_trend",NA,NA,NA,0.967157600346147,NA,NA,NA,NA
"Wisconsin","return_normal","Past",2020-06-30,"mobility_trend",NA,NA,NA,0.967157600346147,NA,NA,NA,NA
"Wisconsin","status_quo","Past",2020-06-30,"mobility_trend",NA,NA,NA,0.967157600346147,NA,NA,NA,NA
"Wisconsin",NA,"Past",2020-07-01,"actual_cumulative_cases",NA,NA,NA,32224,NA,NA,NA,NA
"Wisconsin",NA,"Past",2020-07-01,"actual_cumulative_deaths",NA,NA,NA,791,NA,NA,NA,NA
"Wisconsin",NA,"Past",2020-07-01,"actual_daily_cases",NA,NA,NA,563,NA,NA,NA,NA
"Wisconsin",NA,"Past",2020-07-01,"actual_daily_deaths",NA,NA,NA,9,NA,NA,NA,NA
"Wisconsin","linear_increase_sd","Past",2020-07-01,"combined_trend",NA,NA,NA,0.457944295280027,NA,NA,NA,NA
"Wisconsin","return_normal","Past",2020-07-01,"combined_trend",NA,NA,NA,0.457944295280027,NA,NA,NA,NA
"Wisconsin","status_quo","Past",2020-07-01,"combined_trend",NA,NA,NA,0.457944295280027,NA,NA,NA,NA
"Wisconsin","linear_increase_sd","Past",2020-07-01,"cumulative_all_infections",109254,109254,109254,112963,111570,117738,117738,117738
"Wisconsin","return_normal","Past",2020-07-01,"cumulative_all_infections",109254,109254,109254,112963,111570,117738,117738,117738
"Wisconsin","status_quo","Past",2020-07-01,"cumulative_all_infections",109254,109254,109254,112963,111570,117738,117738,117738
"Wisconsin","linear_increase_sd","Past",2020-07-01,"cumulative_cases",30667,30667,30667,31664,31544,32937,32937,32937
"Wisconsin","return_normal","Past",2020-07-01,"cumulative_cases",30667,30667,30667,31664,31544,32937,32937,32937
"Wisconsin","status_quo","Past",2020-07-01,"cumulative_cases",30667,30667,30667,31664,31544,32937,32937,32937
"Wisconsin","linear_increase_sd","Past",2020-07-01,"cumulative_deaths",613,613,613,640,637,661,661,661
"Wisconsin","return_normal","Past",2020-07-01,"cumulative_deaths",613,613,613,640,637,661,661,661
"Wisconsin","status_quo","Past",2020-07-01,"cumulative_deaths",613,613,613,640,637,661,661,661
"Wisconsin","linear_increase_sd","Past",2020-07-01,"cumulative_hosps",3415,3415,3415,3517,3519,3645,3645,3645
"Wisconsin","return_normal","Past",2020-07-01,"cumulative_hosps",3415,3415,3415,3517,3519,3645,3645,3645
"Wisconsin","status_quo","Past",2020-07-01,"cumulative_hosps",3415,3415,3415,3517,3519,3645,3645,3645
"Wisconsin","linear_increase_sd","Past",2020-07-01,"daily_all_infections",1739,1739,1739,1846,1789,2053,2053,2053
"Wisconsin","return_normal","Past",2020-07-01,"daily_all_infections",1739,1739,1739,1846,1789,2053,2053,2053
"Wisconsin","status_quo","Past",2020-07-01,"daily_all_infections",1739,1739,1739,1846,1789,2053,2053,2053
"Wisconsin","linear_increase_sd","Past",2020-07-01,"daily_cases",456,456,456,518,527,571,571,571
"Wisconsin","return_normal","Past",2020-07-01,"daily_cases",456,456,456,518,527,571,571,571
"Wisconsin","status_quo","Past",2020-07-01,"daily_cases",456,456,456,518,527,571,571,571
"Wisconsin","linear_increase_sd","Past",2020-07-01,"daily_deaths",5,5,5,6,5,6,6,6
"Wisconsin","return_normal","Past",2020-07-01,"daily_deaths",5,5,5,6,5,6,6,6
"Wisconsin","status_quo","Past",2020-07-01,"daily_deaths",5,5,5,6,5,6,6,6
"Wisconsin","linear_increase_sd","Past",2020-07-01,"daily_hosps",47,47,47,50,50,53,53,53
"Wisconsin","return_normal","Past",2020-07-01,"daily_hosps",47,47,47,50,50,53,53,53
"Wisconsin","status_quo","Past",2020-07-01,"daily_hosps",47,47,47,50,50,53,53,53
"Wisconsin","linear_increase_sd","Past",2020-07-01,"latent_trend",NA,NA,NA,0.474215841317936,NA,NA,NA,NA
"Wisconsin","return_normal","Past",2020-07-01,"latent_trend",NA,NA,NA,0.474215841317936,NA,NA,NA,NA
"Wisconsin","status_quo","Past",2020-07-01,"latent_trend",NA,NA,NA,0.474215841317936,NA,NA,NA,NA
"Wisconsin","linear_increase_sd","Past",2020-07-01,"mobility_trend",NA,NA,NA,0.965687468405341,NA,NA,NA,NA
"Wisconsin","return_normal","Past",2020-07-01,"mobility_trend",NA,NA,NA,0.965687468405341,NA,NA,NA,NA
"Wisconsin","status_quo","Past",2020-07-01,"mobility_trend",NA,NA,NA,0.965687468405341,NA,NA,NA,NA
"Wisconsin",NA,"Past",2020-07-02,"actual_cumulative_cases",NA,NA,NA,32808,NA,NA,NA,NA
"Wisconsin",NA,"Past",2020-07-02,"actual_cumulative_deaths",NA,NA,NA,798,NA,NA,NA,NA
"Wisconsin",NA,"Past",2020-07-02,"actual_daily_cases",NA,NA,NA,584,NA,NA,NA,NA
"Wisconsin",NA,"Past",2020-07-02,"actual_daily_deaths",NA,NA,NA,7,NA,NA,NA,NA
"Wisconsin","linear_increase_sd","Past",2020-07-02,"combined_trend",NA,NA,NA,0.454212190281286,NA,NA,NA,NA
"Wisconsin","return_normal","Past",2020-07-02,"combined_trend",NA,NA,NA,0.454212190281286,NA,NA,NA,NA
"Wisconsin","status_quo","Past",2020-07-02,"combined_trend",NA,NA,NA,0.454212190281286,NA,NA,NA,NA
"Wisconsin","linear_increase_sd","Past",2020-07-02,"cumulative_all_infections",111092,111092,111092,114868,113380,119864,119864,119864
"Wisconsin","return_normal","Past",2020-07-02,"cumulative_all_infections",111092,111092,111092,114868,113380,119864,119864,119864
"Wisconsin","status_quo","Past",2020-07-02,"cumulative_all_infections",111092,111092,111092,114868,113380,119864,119864,119864
"Wisconsin","linear_increase_sd","Past",2020-07-02,"cumulative_cases",31161,31161,31161,32208,32050,33531,33531,33531
"Wisconsin","return_normal","Past",2020-07-02,"cumulative_cases",31161,31161,31161,32208,32050,33531,33531,33531
"Wisconsin","status_quo","Past",2020-07-02,"cumulative_cases",31161,31161,31161,32208,32050,33531,33531,33531
"Wisconsin","linear_increase_sd","Past",2020-07-02,"cumulative_deaths",618,618,618,645,642,666,666,666
"Wisconsin","return_normal","Past",2020-07-02,"cumulative_deaths",618,618,618,645,642,666,666,666
"Wisconsin","status_quo","Past",2020-07-02,"cumulative_deaths",618,618,618,645,642,666,666,666
"Wisconsin","linear_increase_sd","Past",2020-07-02,"cumulative_hosps",3463,3463,3463,3568,3568,3700,3700,3700
"Wisconsin","return_normal","Past",2020-07-02,"cumulative_hosps",3463,3463,3463,3568,3568,3700,3700,3700
"Wisconsin","status_quo","Past",2020-07-02,"cumulative_hosps",3463,3463,3463,3568,3568,3700,3700,3700
"Wisconsin","linear_increase_sd","Past",2020-07-02,"daily_all_infections",1810,1810,1810,1906,1841,2126,2126,2126
"Wisconsin","return_normal","Past",2020-07-02,"daily_all_infections",1810,1810,1810,1906,1841,2126,2126,2126
"Wisconsin","status_quo","Past",2020-07-02,"daily_all_infections",1810,1810,1810,1906,1841,2126,2126,2126
"Wisconsin","linear_increase_sd","Past",2020-07-02,"daily_cases",494,494,494,544,534,594,594,594
"Wisconsin","return_normal","Past",2020-07-02,"daily_cases",494,494,494,544,534,594,594,594
"Wisconsin","status_quo","Past",2020-07-02,"daily_cases",494,494,494,544,534,594,594,594
"Wisconsin","linear_increase_sd","Past",2020-07-02,"daily_deaths",5,5,5,6,5,7,7,7
"Wisconsin","return_normal","Past",2020-07-02,"daily_deaths",5,5,5,6,5,7,7,7
"Wisconsin","status_quo","Past",2020-07-02,"daily_deaths",5,5,5,6,5,7,7,7
"Wisconsin","linear_increase_sd","Past",2020-07-02,"daily_hosps",48,48,48,51,51,55,55,55
"Wisconsin","return_normal","Past",2020-07-02,"daily_hosps",48,48,48,51,51,55,55,55
"Wisconsin","status_quo","Past",2020-07-02,"daily_hosps",48,48,48,51,51,55,55,55
"Wisconsin","linear_increase_sd","Past",2020-07-02,"latent_trend",NA,NA,NA,0.47129023747572,NA,NA,NA,NA
"Wisconsin","return_normal","Past",2020-07-02,"latent_trend",NA,NA,NA,0.47129023747572,NA,NA,NA,NA
"Wisconsin","status_quo","Past",2020-07-02,"latent_trend",NA,NA,NA,0.47129023747572,NA,NA,NA,NA
"Wisconsin","linear_increase_sd","Past",2020-07-02,"mobility_trend",NA,NA,NA,0.963763206117091,NA,NA,NA,NA
"Wisconsin","return_normal","Past",2020-07-02,"mobility_trend",NA,NA,NA,0.963763206117091,NA,NA,NA,NA
"Wisconsin","status_quo","Past",2020-07-02,"mobility_trend",NA,NA,NA,0.963763206117091,NA,NA,NA,NA
"Wisconsin",NA,"Past",2020-07-03,"actual_cumulative_cases",NA,NA,NA,33430,NA,NA,NA,NA
"Wisconsin",NA,"Past",2020-07-03,"actual_cumulative_deaths",NA,NA,NA,801,NA,NA,NA,NA
"Wisconsin",NA,"Past",2020-07-03,"actual_daily_cases",NA,NA,NA,622,NA,NA,NA,NA
"Wisconsin",NA,"Past",2020-07-03,"actual_daily_deaths",NA,NA,NA,3,NA,NA,NA,NA
"Wisconsin","linear_increase_sd","Past",2020-07-03,"combined_trend",NA,NA,NA,0.450133305350302,NA,NA,NA,NA
"Wisconsin","return_normal","Past",2020-07-03,"combined_trend",NA,NA,NA,0.450133305350302,NA,NA,NA,NA
"Wisconsin","status_quo","Past",2020-07-03,"combined_trend",NA,NA,NA,0.450133305350302,NA,NA,NA,NA
"Wisconsin","linear_increase_sd","Past",2020-07-03,"cumulative_all_infections",113004,113004,113004,116829,115258,122045,122045,122045
"Wisconsin","return_normal","Past",2020-07-03,"cumulative_all_infections",113004,113004,113004,116829,115258,122045,122045,122045
"Wisconsin","status_quo","Past",2020-07-03,"cumulative_all_infections",113004,113004,113004,116829,115258,122045,122045,122045
"Wisconsin","linear_increase_sd","Past",2020-07-03,"cumulative_cases",31694,31694,31694,32768,32561,34131,34131,34131
"Wisconsin","return_normal","Past",2020-07-03,"cumulative_cases",31694,31694,31694,32768,32561,34131,34131,34131
"Wisconsin","status_quo","Past",2020-07-03,"cumulative_cases",31694,31694,31694,32768,32561,34131,34131,34131
"Wisconsin","linear_increase_sd","Past",2020-07-03,"cumulative_deaths",623,623,623,651,649,672,672,672
"Wisconsin","return_normal","Past",2020-07-03,"cumulative_deaths",623,623,623,651,649,672,672,672
"Wisconsin","status_quo","Past",2020-07-03,"cumulative_deaths",623,623,623,651,649,672,672,672
"Wisconsin","linear_increase_sd","Past",2020-07-03,"cumulative_hosps",3515,3515,3515,3622,3618,3758,3758,3758
"Wisconsin","return_normal","Past",2020-07-03,"cumulative_hosps",3515,3515,3515,3622,3618,3758,3758,3758
"Wisconsin","status_quo","Past",2020-07-03,"cumulative_hosps",3515,3515,3515,3622,3618,3758,3758,3758
"Wisconsin","linear_increase_sd","Past",2020-07-03,"daily_all_infections",1878,1878,1878,1961,1912,2181,2181,2181
"Wisconsin","return_normal","Past",2020-07-03,"daily_all_infections",1878,1878,1878,1961,1912,2181,2181,2181
"Wisconsin","status_quo","Past",2020-07-03,"daily_all_infections",1878,1878,1878,1961,1912,2181,2181,2181
"Wisconsin","linear_increase_sd","Past",2020-07-03,"daily_cases",511,511,511,560,562,600,600,600
"Wisconsin","return_normal","Past",2020-07-03,"daily_cases",511,511,511,560,562,600,600,600
"Wisconsin","status_quo","Past",2020-07-03,"daily_cases",511,511,511,560,562,600,600,600
"Wisconsin","linear_increase_sd","Past",2020-07-03,"daily_deaths",5,5,5,6,6,7,7,7
"Wisconsin","return_normal","Past",2020-07-03,"daily_deaths",5,5,5,6,6,7,7,7
"Wisconsin","status_quo","Past",2020-07-03,"daily_deaths",5,5,5,6,6,7,7,7
"Wisconsin","linear_increase_sd","Past",2020-07-03,"daily_hosps",50,50,50,54,54,58,58,58
"Wisconsin","return_normal","Past",2020-07-03,"daily_hosps",50,50,50,54,54,58,58,58
"Wisconsin","status_quo","Past",2020-07-03,"daily_hosps",50,50,50,54,54,58,58,58
"Wisconsin","linear_increase_sd","Past",2020-07-03,"latent_trend",NA,NA,NA,0.468055827254344,NA,NA,NA,NA
"Wisconsin","return_normal","Past",2020-07-03,"latent_trend",NA,NA,NA,0.468055827254344,NA,NA,NA,NA
"Wisconsin","status_quo","Past",2020-07-03,"latent_trend",NA,NA,NA,0.468055827254344,NA,NA,NA,NA
"Wisconsin","linear_increase_sd","Past",2020-07-03,"mobility_trend",NA,NA,NA,0.961708580770852,NA,NA,NA,NA
"Wisconsin","return_normal","Past",2020-07-03,"mobility_trend",NA,NA,NA,0.961708580770852,NA,NA,NA,NA
"Wisconsin","status_quo","Past",2020-07-03,"mobility_trend",NA,NA,NA,0.961708580770852,NA,NA,NA,NA
"Wisconsin",NA,"Past",2020-07-04,"actual_cumulative_cases",NA,NA,NA,34206,NA,NA,NA,NA
"Wisconsin",NA,"Past",2020-07-04,"actual_cumulative_deaths",NA,NA,NA,801,NA,NA,NA,NA
"Wisconsin",NA,"Past",2020-07-04,"actual_daily_cases",NA,NA,NA,776,NA,NA,NA,NA
"Wisconsin",NA,"Past",2020-07-04,"actual_daily_deaths",NA,NA,NA,0,NA,NA,NA,NA
"Wisconsin","linear_increase_sd","Past",2020-07-04,"combined_trend",NA,NA,NA,0.445934121285938,NA,NA,NA,NA
"Wisconsin","return_normal","Past",2020-07-04,"combined_trend",NA,NA,NA,0.445934121285938,NA,NA,NA,NA
"Wisconsin","status_quo","Past",2020-07-04,"combined_trend",NA,NA,NA,0.445934121285938,NA,NA,NA,NA
"Wisconsin","linear_increase_sd","Past",2020-07-04,"cumulative_all_infections",114974,114974,114974,118843,117199,124286,124286,124286
"Wisconsin","return_normal","Past",2020-07-04,"cumulative_all_infections",114974,114974,114974,118843,117199,124286,124286,124286
"Wisconsin","status_quo","Past",2020-07-04,"cumulative_all_infections",114974,114974,114974,118843,117199,124286,124286,124286
"Wisconsin","linear_increase_sd","Past",2020-07-04,"cumulative_cases",32228,32228,32228,33342,33103,34737,34737,34737
"Wisconsin","return_normal","Past",2020-07-04,"cumulative_cases",32228,32228,32228,33342,33103,34737,34737,34737
"Wisconsin","status_quo","Past",2020-07-04,"cumulative_cases",32228,32228,32228,33342,33103,34737,34737,34737
"Wisconsin","linear_increase_sd","Past",2020-07-04,"cumulative_deaths",629,629,629,657,655,677,677,677
"Wisconsin","return_normal","Past",2020-07-04,"cumulative_deaths",629,629,629,657,655,677,677,677
"Wisconsin","status_quo","Past",2020-07-04,"cumulative_deaths",629,629,629,657,655,677,677,677
"Wisconsin","linear_increase_sd","Past",2020-07-04,"cumulative_hosps",3568,3568,3568,3678,3671,3817,3817,3817
"Wisconsin","return_normal","Past",2020-07-04,"cumulative_hosps",3568,3568,3568,3678,3671,3817,3817,3817
"Wisconsin","status_quo","Past",2020-07-04,"cumulative_hosps",3568,3568,3568,3678,3671,3817,3817,3817
"Wisconsin","linear_increase_sd","Past",2020-07-04,"daily_all_infections",1929,1929,1929,2015,1970,2241,2241,2241
"Wisconsin","return_normal","Past",2020-07-04,"daily_all_infections",1929,1929,1929,2015,1970,2241,2241,2241
"Wisconsin","status_quo","Past",2020-07-04,"daily_all_infections",1929,1929,1929,2015,1970,2241,2241,2241
"Wisconsin","linear_increase_sd","Past",2020-07-04,"daily_cases",534,534,534,575,555,634,634,634
"Wisconsin","return_normal","Past",2020-07-04,"daily_cases",534,534,534,575,555,634,634,634
"Wisconsin","status_quo","Past",2020-07-04,"daily_cases",534,534,534,575,555,634,634,634
"Wisconsin","linear_increase_sd","Past",2020-07-04,"daily_deaths",5,5,5,6,6,6,6,6
"Wisconsin","return_normal","Past",2020-07-04,"daily_deaths",5,5,5,6,6,6,6,6
"Wisconsin","status_quo","Past",2020-07-04,"daily_deaths",5,5,5,6,6,6,6,6
"Wisconsin","linear_increase_sd","Past",2020-07-04,"daily_hosps",53,53,53,56,56,59,59,59
"Wisconsin","return_normal","Past",2020-07-04,"daily_hosps",53,53,53,56,56,59,59,59
"Wisconsin","status_quo","Past",2020-07-04,"daily_hosps",53,53,53,56,56,59,59,59
"Wisconsin","linear_increase_sd","Past",2020-07-04,"latent_trend",NA,NA,NA,0.464592595445992,NA,NA,NA,NA
"Wisconsin","return_normal","Past",2020-07-04,"latent_trend",NA,NA,NA,0.464592595445992,NA,NA,NA,NA
"Wisconsin","status_quo","Past",2020-07-04,"latent_trend",NA,NA,NA,0.464592595445992,NA,NA,NA,NA
"Wisconsin","linear_increase_sd","Past",2020-07-04,"mobility_trend",NA,NA,NA,0.959839062561591,NA,NA,NA,NA
"Wisconsin","return_normal","Past",2020-07-04,"mobility_trend",NA,NA,NA,0.959839062561591,NA,NA,NA,NA
"Wisconsin","status_quo","Past",2020-07-04,"mobility_trend",NA,NA,NA,0.959839062561591,NA,NA,NA,NA
"Wisconsin",NA,"Past",2020-07-05,"actual_cumulative_cases",NA,NA,NA,34739,NA,NA,NA,NA
"Wisconsin",NA,"Past",2020-07-05,"actual_cumulative_deaths",NA,NA,NA,801,NA,NA,NA,NA
"Wisconsin",NA,"Past",2020-07-05,"actual_daily_cases",NA,NA,NA,533,NA,NA,NA,NA
"Wisconsin",NA,"Past",2020-07-05,"actual_daily_deaths",NA,NA,NA,0,NA,NA,NA,NA
"Wisconsin","linear_increase_sd","Past",2020-07-05,"combined_trend",NA,NA,NA,0.441680971837094,NA,NA,NA,NA
"Wisconsin","return_normal","Past",2020-07-05,"combined_trend",NA,NA,NA,0.441680971837094,NA,NA,NA,NA
"Wisconsin","status_quo","Past",2020-07-05,"combined_trend",NA,NA,NA,0.441680971837094,NA,NA,NA,NA
"Wisconsin","linear_increase_sd","Past",2020-07-05,"cumulative_all_infections",117007,117007,117007,120913,119193,126595,126595,126595
"Wisconsin","return_normal","Past",2020-07-05,"cumulative_all_infections",117007,117007,117007,120913,119193,126595,126595,126595
"Wisconsin","status_quo","Past",2020-07-05,"cumulative_all_infections",117007,117007,117007,120913,119193,126595,126595,126595
"Wisconsin","linear_increase_sd","Past",2020-07-05,"cumulative_cases",32844,32844,32844,33957,33698,35394,35394,35394
"Wisconsin","return_normal","Past",2020-07-05,"cumulative_cases",32844,32844,32844,33957,33698,35394,35394,35394
"Wisconsin","status_quo","Past",2020-07-05,"cumulative_cases",32844,32844,32844,33957,33698,35394,35394,35394
"Wisconsin","linear_increase_sd","Past",2020-07-05,"cumulative_deaths",634,634,634,662,661,682,682,682
"Wisconsin","return_normal","Past",2020-07-05,"cumulative_deaths",634,634,634,662,661,682,682,682
"Wisconsin","status_quo","Past",2020-07-05,"cumulative_deaths",634,634,634,662,661,682,682,682
"Wisconsin","linear_increase_sd","Past",2020-07-05,"cumulative_hosps",3624,3624,3624,3737,3727,3881,3881,3881
"Wisconsin","return_normal","Past",2020-07-05,"cumulative_hosps",3624,3624,3624,3737,3727,3881,3881,3881
"Wisconsin","status_quo","Past",2020-07-05,"cumulative_hosps",3624,3624,3624,3737,3727,3881,3881,3881
"Wisconsin","linear_increase_sd","Past",2020-07-05,"daily_all_infections",1977,1977,1977,2070,2033,2309,2309,2309
"Wisconsin","return_normal","Past",2020-07-05,"daily_all_infections",1977,1977,1977,2070,2033,2309,2309,2309
"Wisconsin","status_quo","Past",2020-07-05,"daily_all_infections",1977,1977,1977,2070,2033,2309,2309,2309
"Wisconsin","linear_increase_sd","Past",2020-07-05,"daily_cases",551,551,551,615,616,657,657,657
"Wisconsin","return_normal","Past",2020-07-05,"daily_cases",551,551,551,615,616,657,657,657
"Wisconsin","status_quo","Past",2020-07-05,"daily_cases",551,551,551,615,616,657,657,657
"Wisconsin","linear_increase_sd","Past",2020-07-05,"daily_deaths",5,5,5,6,6,6,6,6
"Wisconsin","return_normal","Past",2020-07-05,"daily_deaths",5,5,5,6,6,6,6,6
"Wisconsin","status_quo","Past",2020-07-05,"daily_deaths",5,5,5,6,6,6,6,6
"Wisconsin","linear_increase_sd","Past",2020-07-05,"daily_hosps",56,56,56,60,60,64,64,64
"Wisconsin","return_normal","Past",2020-07-05,"daily_hosps",56,56,56,60,60,64,64,64
"Wisconsin","status_quo","Past",2020-07-05,"daily_hosps",56,56,56,60,60,64,64,64
"Wisconsin","linear_increase_sd","Past",2020-07-05,"latent_trend",NA,NA,NA,0.46095016190624,NA,NA,NA,NA
"Wisconsin","return_normal","Past",2020-07-05,"latent_trend",NA,NA,NA,0.46095016190624,NA,NA,NA,NA
"Wisconsin","status_quo","Past",2020-07-05,"latent_trend",NA,NA,NA,0.46095016190624,NA,NA,NA,NA
"Wisconsin","linear_increase_sd","Past",2020-07-05,"mobility_trend",NA,NA,NA,0.958196803772758,NA,NA,NA,NA
"Wisconsin","return_normal","Past",2020-07-05,"mobility_trend",NA,NA,NA,0.958196803772758,NA,NA,NA,NA
"Wisconsin","status_quo","Past",2020-07-05,"mobility_trend",NA,NA,NA,0.958196803772758,NA,NA,NA,NA
"Wisconsin",NA,"Past",2020-07-06,"actual_cumulative_cases",NA,NA,NA,35229,NA,NA,NA,NA
"Wisconsin",NA,"Past",2020-07-06,"actual_cumulative_deaths",NA,NA,NA,801,NA,NA,NA,NA
"Wisconsin",NA,"Past",2020-07-06,"actual_daily_cases",NA,NA,NA,490,NA,NA,NA,NA
"Wisconsin",NA,"Past",2020-07-06,"actual_daily_deaths",NA,NA,NA,0,NA,NA,NA,NA
"Wisconsin","linear_increase_sd","Past",2020-07-06,"combined_trend",NA,NA,NA,0.437367589954229,NA,NA,NA,NA
"Wisconsin","return_normal","Past",2020-07-06,"combined_trend",NA,NA,NA,0.437367589954229,NA,NA,NA,NA
"Wisconsin","status_quo","Past",2020-07-06,"combined_trend",NA,NA,NA,0.437367589954229,NA,NA,NA,NA
"Wisconsin","linear_increase_sd","Past",2020-07-06,"cumulative_all_infections",119103,119103,119103,123033,121241,128957,128957,128957
"Wisconsin","return_normal","Past",2020-07-06,"cumulative_all_infections",119103,119103,119103,123033,121241,128957,128957,128957
"Wisconsin","status_quo","Past",2020-07-06,"cumulative_all_infections",119103,119103,119103,123033,121241,128957,128957,128957
"Wisconsin","linear_increase_sd","Past",2020-07-06,"cumulative_cases",33430,33430,33430,34590,34309,36098,36098,36098
"Wisconsin","return_normal","Past",2020-07-06,"cumulative_cases",33430,33430,33430,34590,34309,36098,36098,36098
"Wisconsin","status_quo","Past",2020-07-06,"cumulative_cases",33430,33430,33430,34590,34309,36098,36098,36098
"Wisconsin","linear_increase_sd","Past",2020-07-06,"cumulative_deaths",641,641,641,668,666,687,687,687
"Wisconsin","return_normal","Past",2020-07-06,"cumulative_deaths",641,641,641,668,666,687,687,687
"Wisconsin","status_quo","Past",2020-07-06,"cumulative_deaths",641,641,641,668,666,687,687,687
"Wisconsin","linear_increase_sd","Past",2020-07-06,"cumulative_hosps",3682,3682,3682,3798,3784,3947,3947,3947
"Wisconsin","return_normal","Past",2020-07-06,"cumulative_hosps",3682,3682,3682,3798,3784,3947,3947,3947
"Wisconsin","status_quo","Past",2020-07-06,"cumulative_hosps",3682,3682,3682,3798,3784,3947,3947,3947
"Wisconsin","linear_increase_sd","Past",2020-07-06,"daily_all_infections",2016,2016,2016,2120,2075,2362,2362,2362
"Wisconsin","return_normal","Past",2020-07-06,"daily_all_infections",2016,2016,2016,2120,2075,2362,2362,2362
"Wisconsin","status_quo","Past",2020-07-06,"daily_all_infections",2016,2016,2016,2120,2075,2362,2362,2362
"Wisconsin","linear_increase_sd","Past",2020-07-06,"daily_cases",586,586,586,634,617,704,704,704
"Wisconsin","return_normal","Past",2020-07-06,"daily_cases",586,586,586,634,617,704,704,704
"Wisconsin","status_quo","Past",2020-07-06,"daily_cases",586,586,586,634,617,704,704,704
"Wisconsin","linear_increase_sd","Past",2020-07-06,"daily_deaths",5,5,5,6,6,7,7,7
"Wisconsin","return_normal","Past",2020-07-06,"daily_deaths",5,5,5,6,6,7,7,7
"Wisconsin","status_quo","Past",2020-07-06,"daily_deaths",5,5,5,6,6,7,7,7
"Wisconsin","linear_increase_sd","Past",2020-07-06,"daily_hosps",57,57,57,62,61,66,66,66
"Wisconsin","return_normal","Past",2020-07-06,"daily_hosps",57,57,57,62,61,66,66,66
"Wisconsin","status_quo","Past",2020-07-06,"daily_hosps",57,57,57,62,61,66,66,66
"Wisconsin","linear_increase_sd","Past",2020-07-06,"latent_trend",NA,NA,NA,0.457136156313683,NA,NA,NA,NA
"Wisconsin","return_normal","Past",2020-07-06,"latent_trend",NA,NA,NA,0.457136156313683,NA,NA,NA,NA
"Wisconsin","status_quo","Past",2020-07-06,"latent_trend",NA,NA,NA,0.457136156313683,NA,NA,NA,NA
"Wisconsin","linear_increase_sd","Past",2020-07-06,"mobility_trend",NA,NA,NA,0.956755627209919,NA,NA,NA,NA
"Wisconsin","return_normal","Past",2020-07-06,"mobility_trend",NA,NA,NA,0.956755627209919,NA,NA,NA,NA
"Wisconsin","status_quo","Past",2020-07-06,"mobility_trend",NA,NA,NA,0.956755627209919,NA,NA,NA,NA
"Wisconsin",NA,"Past",2020-07-07,"actual_cumulative_cases",NA,NA,NA,35764,NA,NA,NA,NA
"Wisconsin",NA,"Past",2020-07-07,"actual_cumulative_deaths",NA,NA,NA,810,NA,NA,NA,NA
"Wisconsin",NA,"Past",2020-07-07,"actual_daily_cases",NA,NA,NA,535,NA,NA,NA,NA
"Wisconsin",NA,"Past",2020-07-07,"actual_daily_deaths",NA,NA,NA,9,NA,NA,NA,NA
"Wisconsin","linear_increase_sd","Past",2020-07-07,"combined_trend",NA,NA,NA,0.432987274845149,NA,NA,NA,NA
"Wisconsin","return_normal","Past",2020-07-07,"combined_trend",NA,NA,NA,0.432987274845149,NA,NA,NA,NA
"Wisconsin","status_quo","Past",2020-07-07,"combined_trend",NA,NA,NA,0.432987274845149,NA,NA,NA,NA
"Wisconsin","linear_increase_sd","Past",2020-07-07,"cumulative_all_infections",121256,121256,121256,125205,123331,131385,131385,131385
"Wisconsin","return_normal","Past",2020-07-07,"cumulative_all_infections",121256,121256,121256,125205,123331,131385,131385,131385
"Wisconsin","status_quo","Past",2020-07-07,"cumulative_all_infections",121256,121256,121256,125205,123331,131385,131385,131385
"Wisconsin","linear_increase_sd","Past",2020-07-07,"cumulative_cases",34072,34072,34072,35247,34953,36823,36823,36823
"Wisconsin","return_normal","Past",2020-07-07,"cumulative_cases",34072,34072,34072,35247,34953,36823,36823,36823
"Wisconsin","status_quo","Past",2020-07-07,"cumulative_cases",34072,34072,34072,35247,34953,36823,36823,36823
"Wisconsin","linear_increase_sd","Past",2020-07-07,"cumulative_deaths",646,646,646,674,672,693,693,693
"Wisconsin","return_normal","Past",2020-07-07,"cumulative_deaths",646,646,646,674,672,693,693,693
"Wisconsin","status_quo","Past",2020-07-07,"cumulative_deaths",646,646,646,674,672,693,693,693
"Wisconsin","linear_increase_sd","Past",2020-07-07,"cumulative_hosps",3743,3743,3743,3862,3842,4017,4017,4017
"Wisconsin","return_normal","Past",2020-07-07,"cumulative_hosps",3743,3743,3743,3862,3842,4017,4017,4017
"Wisconsin","status_quo","Past",2020-07-07,"cumulative_hosps",3743,3743,3743,3862,3842,4017,4017,4017
"Wisconsin","linear_increase_sd","Past",2020-07-07,"daily_all_infections",2070,2070,2070,2173,2122,2428,2428,2428
"Wisconsin","return_normal","Past",2020-07-07,"daily_all_infections",2070,2070,2070,2173,2122,2428,2428,2428
"Wisconsin","status_quo","Past",2020-07-07,"daily_all_infections",2070,2070,2070,2173,2122,2428,2428,2428
"Wisconsin","linear_increase_sd","Past",2020-07-07,"daily_cases",619,619,619,657,644,725,725,725
"Wisconsin","return_normal","Past",2020-07-07,"daily_cases",619,619,619,657,644,725,725,725
"Wisconsin","status_quo","Past",2020-07-07,"daily_cases",619,619,619,657,644,725,725,725
"Wisconsin","linear_increase_sd","Past",2020-07-07,"daily_deaths",5,5,5,6,5,6,6,6
"Wisconsin","return_normal","Past",2020-07-07,"daily_deaths",5,5,5,6,5,6,6,6
"Wisconsin","status_quo","Past",2020-07-07,"daily_deaths",5,5,5,6,5,6,6,6
"Wisconsin","linear_increase_sd","Past",2020-07-07,"daily_hosps",58,58,58,64,64,70,70,70
"Wisconsin","return_normal","Past",2020-07-07,"daily_hosps",58,58,58,64,64,70,70,70
"Wisconsin","status_quo","Past",2020-07-07,"daily_hosps",58,58,58,64,64,70,70,70
"Wisconsin","linear_increase_sd","Past",2020-07-07,"latent_trend",NA,NA,NA,0.453155236852921,NA,NA,NA,NA
"Wisconsin","return_normal","Past",2020-07-07,"latent_trend",NA,NA,NA,0.453155236852921,NA,NA,NA,NA
"Wisconsin","status_quo","Past",2020-07-07,"latent_trend",NA,NA,NA,0.453155236852921,NA,NA,NA,NA
"Wisconsin","linear_increase_sd","Past",2020-07-07,"mobility_trend",NA,NA,NA,0.955494364033319,NA,NA,NA,NA
"Wisconsin","return_normal","Past",2020-07-07,"mobility_trend",NA,NA,NA,0.955494364033319,NA,NA,NA,NA
"Wisconsin","status_quo","Past",2020-07-07,"mobility_trend",NA,NA,NA,0.955494364033319,NA,NA,NA,NA
"Wisconsin",NA,"Past",2020-07-08,"actual_cumulative_cases",NA,NA,NA,36409,NA,NA,NA,NA
"Wisconsin",NA,"Past",2020-07-08,"actual_cumulative_deaths",NA,NA,NA,812,NA,NA,NA,NA
"Wisconsin",NA,"Past",2020-07-08,"actual_daily_cases",NA,NA,NA,645,NA,NA,NA,NA
"Wisconsin",NA,"Past",2020-07-08,"actual_daily_deaths",NA,NA,NA,2,NA,NA,NA,NA
"Wisconsin","linear_increase_sd","Past",2020-07-08,"combined_trend",NA,NA,NA,0.428542572849117,NA,NA,NA,NA
"Wisconsin","return_normal","Past",2020-07-08,"combined_trend",NA,NA,NA,0.428542572849117,NA,NA,NA,NA
"Wisconsin","status_quo","Past",2020-07-08,"combined_trend",NA,NA,NA,0.428542572849117,NA,NA,NA,NA
"Wisconsin","linear_increase_sd","Past",2020-07-08,"cumulative_all_infections",123459,123459,123459,127424,125463,133866,133866,133866
"Wisconsin","return_normal","Past",2020-07-08,"cumulative_all_infections",123459,123459,123459,127424,125463,133866,133866,133866
"Wisconsin","status_quo","Past",2020-07-08,"cumulative_all_infections",123459,123459,123459,127424,125463,133866,133866,133866
"Wisconsin","linear_increase_sd","Past",2020-07-08,"cumulative_cases",34725,34725,34725,35919,35614,37546,37546,37546
"Wisconsin","return_normal","Past",2020-07-08,"cumulative_cases",34725,34725,34725,35919,35614,37546,37546,37546
"Wisconsin","status_quo","Past",2020-07-08,"cumulative_cases",34725,34725,34725,35919,35614,37546,37546,37546
"Wisconsin","linear_increase_sd","Past",2020-07-08,"cumulative_deaths",652,652,652,680,678,700,700,700
"Wisconsin","return_normal","Past",2020-07-08,"cumulative_deaths",652,652,652,680,678,700,700,700
"Wisconsin","status_quo","Past",2020-07-08,"cumulative_deaths",652,652,652,680,678,700,700,700
"Wisconsin","linear_increase_sd","Past",2020-07-08,"cumulative_hosps",3805,3805,3805,3927,3903,4088,4088,4088
"Wisconsin","return_normal","Past",2020-07-08,"cumulative_hosps",3805,3805,3805,3927,3903,4088,4088,4088
"Wisconsin","status_quo","Past",2020-07-08,"cumulative_hosps",3805,3805,3805,3927,3903,4088,4088,4088
"Wisconsin","linear_increase_sd","Past",2020-07-08,"daily_all_infections",2115,2115,2115,2219,2164,2481,2481,2481
"Wisconsin","return_normal","Past",2020-07-08,"daily_all_infections",2115,2115,2115,2219,2164,2481,2481,2481
"Wisconsin","status_quo","Past",2020-07-08,"daily_all_infections",2115,2115,2115,2219,2164,2481,2481,2481
"Wisconsin","linear_increase_sd","Past",2020-07-08,"daily_cases",653,653,653,673,662,723,723,723
"Wisconsin","return_normal","Past",2020-07-08,"daily_cases",653,653,653,673,662,723,723,723
"Wisconsin","status_quo","Past",2020-07-08,"daily_cases",653,653,653,673,662,723,723,723
"Wisconsin","linear_increase_sd","Past",2020-07-08,"daily_deaths",6,6,6,7,6,7,7,7
"Wisconsin","return_normal","Past",2020-07-08,"daily_deaths",6,6,6,7,6,7,7,7
"Wisconsin","status_quo","Past",2020-07-08,"daily_deaths",6,6,6,7,6,7,7,7
"Wisconsin","linear_increase_sd","Past",2020-07-08,"daily_hosps",61,61,61,66,65,71,71,71
"Wisconsin","return_normal","Past",2020-07-08,"daily_hosps",61,61,61,66,65,71,71,71
"Wisconsin","status_quo","Past",2020-07-08,"daily_hosps",61,61,61,66,65,71,71,71
"Wisconsin","linear_increase_sd","Past",2020-07-08,"latent_trend",NA,NA,NA,0.449012195215018,NA,NA,NA,NA
"Wisconsin","return_normal","Past",2020-07-08,"latent_trend",NA,NA,NA,0.449012195215018,NA,NA,NA,NA
"Wisconsin","status_quo","Past",2020-07-08,"latent_trend",NA,NA,NA,0.449012195215018,NA,NA,NA,NA
"Wisconsin","linear_increase_sd","Past",2020-07-08,"mobility_trend",NA,NA,NA,0.954411878821911,NA,NA,NA,NA
"Wisconsin","return_normal","Past",2020-07-08,"mobility_trend",NA,NA,NA,0.954411878821911,NA,NA,NA,NA
"Wisconsin","status_quo","Past",2020-07-08,"mobility_trend",NA,NA,NA,0.954411878821911,NA,NA,NA,NA
"Wisconsin",NA,"Past",2020-07-09,"actual_cumulative_cases",NA,NA,NA,37209,NA,NA,NA,NA
"Wisconsin",NA,"Past",2020-07-09,"actual_cumulative_deaths",NA,NA,NA,814,NA,NA,NA,NA
"Wisconsin",NA,"Past",2020-07-09,"actual_daily_cases",NA,NA,NA,800,NA,NA,NA,NA
"Wisconsin",NA,"Past",2020-07-09,"actual_daily_deaths",NA,NA,NA,2,NA,NA,NA,NA
"Wisconsin","linear_increase_sd","Past",2020-07-09,"combined_trend",NA,NA,NA,0.424031853915826,NA,NA,NA,NA
"Wisconsin","return_normal","Past",2020-07-09,"combined_trend",NA,NA,NA,0.424031853915826,NA,NA,NA,NA
"Wisconsin","status_quo","Past",2020-07-09,"combined_trend",NA,NA,NA,0.424031853915826,NA,NA,NA,NA
"Wisconsin","linear_increase_sd","Past",2020-07-09,"cumulative_all_infections",125676,125676,125676,129683,127631,136402,136402,136402
"Wisconsin","return_normal","Past",2020-07-09,"cumulative_all_infections",125676,125676,125676,129683,127631,136402,136402,136402
"Wisconsin","status_quo","Past",2020-07-09,"cumulative_all_infections",125676,125676,125676,129683,127631,136402,136402,136402
"Wisconsin","linear_increase_sd","Past",2020-07-09,"cumulative_cases",35408,35408,35408,36615,36264,38331,38331,38331
"Wisconsin","return_normal","Past",2020-07-09,"cumulative_cases",35408,35408,35408,36615,36264,38331,38331,38331
"Wisconsin","status_quo","Past",2020-07-09,"cumulative_cases",35408,35408,35408,36615,36264,38331,38331,38331
"Wisconsin","linear_increase_sd","Past",2020-07-09,"cumulative_deaths",658,658,658,686,684,706,706,706
"Wisconsin","return_normal","Past",2020-07-09,"cumulative_deaths",658,658,658,686,684,706,706,706
"Wisconsin","status_quo","Past",2020-07-09,"cumulative_deaths",658,658,658,686,684,706,706,706
"Wisconsin","linear_increase_sd","Past",2020-07-09,"cumulative_hosps",3870,3870,3870,3996,3967,4163,4163,4163
"Wisconsin","return_normal","Past",2020-07-09,"cumulative_hosps",3870,3870,3870,3996,3967,4163,4163,4163
"Wisconsin","status_quo","Past",2020-07-09,"cumulative_hosps",3870,3870,3870,3996,3967,4163,4163,4163
"Wisconsin","linear_increase_sd","Past",2020-07-09,"daily_all_infections",2168,2168,2168,2259,2203,2536,2536,2536
"Wisconsin","return_normal","Past",2020-07-09,"daily_all_infections",2168,2168,2168,2259,2203,2536,2536,2536
"Wisconsin","status_quo","Past",2020-07-09,"daily_all_infections",2168,2168,2168,2259,2203,2536,2536,2536
"Wisconsin","linear_increase_sd","Past",2020-07-09,"daily_cases",650,650,650,696,683,785,785,785
"Wisconsin","return_normal","Past",2020-07-09,"daily_cases",650,650,650,696,683,785,785,785
"Wisconsin","status_quo","Past",2020-07-09,"daily_cases",650,650,650,696,683,785,785,785
"Wisconsin","linear_increase_sd","Past",2020-07-09,"daily_deaths",6,6,6,7,6,7,7,7
"Wisconsin","return_normal","Past",2020-07-09,"daily_deaths",6,6,6,7,6,7,7,7
"Wisconsin","status_quo","Past",2020-07-09,"daily_deaths",6,6,6,7,6,7,7,7
"Wisconsin","linear_increase_sd","Past",2020-07-09,"daily_hosps",64,64,64,69,68,75,75,75
"Wisconsin","return_normal","Past",2020-07-09,"daily_hosps",64,64,64,69,68,75,75,75
"Wisconsin","status_quo","Past",2020-07-09,"daily_hosps",64,64,64,69,68,75,75,75
"Wisconsin","linear_increase_sd","Past",2020-07-09,"latent_trend",NA,NA,NA,0.444711962159159,NA,NA,NA,NA
"Wisconsin","return_normal","Past",2020-07-09,"latent_trend",NA,NA,NA,0.444711962159159,NA,NA,NA,NA
"Wisconsin","status_quo","Past",2020-07-09,"latent_trend",NA,NA,NA,0.444711962159159,NA,NA,NA,NA
"Wisconsin","linear_increase_sd","Past",2020-07-09,"mobility_trend",NA,NA,NA,0.953497746849606,NA,NA,NA,NA
"Wisconsin","return_normal","Past",2020-07-09,"mobility_trend",NA,NA,NA,0.953497746849606,NA,NA,NA,NA
"Wisconsin","status_quo","Past",2020-07-09,"mobility_trend",NA,NA,NA,0.953497746849606,NA,NA,NA,NA
"Wisconsin",NA,"Past",2020-07-10,"actual_cumulative_cases",NA,NA,NA,38098,NA,NA,NA,NA
"Wisconsin",NA,"Past",2020-07-10,"actual_cumulative_deaths",NA,NA,NA,819,NA,NA,NA,NA
"Wisconsin",NA,"Past",2020-07-10,"actual_daily_cases",NA,NA,NA,889,NA,NA,NA,NA
"Wisconsin",NA,"Past",2020-07-10,"actual_daily_deaths",NA,NA,NA,5,NA,NA,NA,NA
"Wisconsin","linear_increase_sd","Past",2020-07-10,"combined_trend",NA,NA,NA,0.419428443663133,NA,NA,NA,NA
"Wisconsin","return_normal","Past",2020-07-10,"combined_trend",NA,NA,NA,0.419428443663133,NA,NA,NA,NA
"Wisconsin","status_quo","Past",2020-07-10,"combined_trend",NA,NA,NA,0.419428443663133,NA,NA,NA,NA
"Wisconsin","linear_increase_sd","Past",2020-07-10,"cumulative_all_infections",127936,127936,127936,131983,129819,138968,138968,138968
"Wisconsin","return_normal","Past",2020-07-10,"cumulative_all_infections",127936,127936,127936,131983,129819,138968,138968,138968
"Wisconsin","status_quo","Past",2020-07-10,"cumulative_all_infections",127936,127936,127936,131983,129819,138968,138968,138968
"Wisconsin","linear_increase_sd","Past",2020-07-10,"cumulative_cases",36086,36086,36086,37310,36904,39140,39140,39140
"Wisconsin","return_normal","Past",2020-07-10,"cumulative_cases",36086,36086,36086,37310,36904,39140,39140,39140
"Wisconsin","status_quo","Past",2020-07-10,"cumulative_cases",36086,36086,36086,37310,36904,39140,39140,39140
"Wisconsin","linear_increase_sd","Past",2020-07-10,"cumulative_deaths",664,664,664,693,690,713,713,713
"Wisconsin","return_normal","Past",2020-07-10,"cumulative_deaths",664,664,664,693,690,713,713,713
"Wisconsin","status_quo","Past",2020-07-10,"cumulative_deaths",664,664,664,693,690,713,713,713
"Wisconsin","linear_increase_sd","Past",2020-07-10,"cumulative_hosps",3938,3938,3938,4068,4034,4242,4242,4242
"Wisconsin","return_normal","Past",2020-07-10,"cumulative_hosps",3938,3938,3938,4068,4034,4242,4242,4242
"Wisconsin","status_quo","Past",2020-07-10,"cumulative_hosps",3938,3938,3938,4068,4034,4242,4242,4242
"Wisconsin","linear_increase_sd","Past",2020-07-10,"daily_all_infections",2188,2188,2188,2300,2260,2566,2566,2566
"Wisconsin","return_normal","Past",2020-07-10,"daily_all_infections",2188,2188,2188,2300,2260,2566,2566,2566
"Wisconsin","status_quo","Past",2020-07-10,"daily_all_infections",2188,2188,2188,2300,2260,2566,2566,2566
"Wisconsin","linear_increase_sd","Past",2020-07-10,"daily_cases",640,640,640,696,678,809,809,809
"Wisconsin","return_normal","Past",2020-07-10,"daily_cases",640,640,640,696,678,809,809,809
"Wisconsin","status_quo","Past",2020-07-10,"daily_cases",640,640,640,696,678,809,809,809
"Wisconsin","linear_increase_sd","Past",2020-07-10,"daily_deaths",6,6,6,7,6,7,7,7
"Wisconsin","return_normal","Past",2020-07-10,"daily_deaths",6,6,6,7,6,7,7,7
"Wisconsin","status_quo","Past",2020-07-10,"daily_deaths",6,6,6,7,6,7,7,7
"Wisconsin","linear_increase_sd","Past",2020-07-10,"daily_hosps",67,67,67,72,70,79,79,79
"Wisconsin","return_normal","Past",2020-07-10,"daily_hosps",67,67,67,72,70,79,79,79
"Wisconsin","status_quo","Past",2020-07-10,"daily_hosps",67,67,67,72,70,79,79,79
"Wisconsin","linear_increase_sd","Past",2020-07-10,"latent_trend",NA,NA,NA,0.440259612170382,NA,NA,NA,NA
"Wisconsin","return_normal","Past",2020-07-10,"latent_trend",NA,NA,NA,0.440259612170382,NA,NA,NA,NA
"Wisconsin","status_quo","Past",2020-07-10,"latent_trend",NA,NA,NA,0.440259612170382,NA,NA,NA,NA
"Wisconsin","linear_increase_sd","Past",2020-07-10,"mobility_trend",NA,NA,NA,0.952684352751423,NA,NA,NA,NA
"Wisconsin","return_normal","Past",2020-07-10,"mobility_trend",NA,NA,NA,0.952684352751423,NA,NA,NA,NA
"Wisconsin","status_quo","Past",2020-07-10,"mobility_trend",NA,NA,NA,0.952684352751423,NA,NA,NA,NA
"Wisconsin",NA,"Past",2020-07-11,"actual_cumulative_cases",NA,NA,NA,39079,NA,NA,NA,NA
"Wisconsin",NA,"Past",2020-07-11,"actual_cumulative_deaths",NA,NA,NA,826,NA,NA,NA,NA
"Wisconsin",NA,"Past",2020-07-11,"actual_daily_cases",NA,NA,NA,981,NA,NA,NA,NA
"Wisconsin",NA,"Past",2020-07-11,"actual_daily_deaths",NA,NA,NA,7,NA,NA,NA,NA
"Wisconsin","linear_increase_sd","Past",2020-07-11,"combined_trend",NA,NA,NA,0.414699058636694,NA,NA,NA,NA
"Wisconsin","return_normal","Past",2020-07-11,"combined_trend",NA,NA,NA,0.414699058636694,NA,NA,NA,NA
"Wisconsin","status_quo","Past",2020-07-11,"combined_trend",NA,NA,NA,0.414699058636694,NA,NA,NA,NA
"Wisconsin","linear_increase_sd","Past",2020-07-11,"cumulative_all_infections",130230,130230,130230,134316,132022,141573,141573,141573
"Wisconsin","return_normal","Past",2020-07-11,"cumulative_all_infections",130230,130230,130230,134316,132022,141573,141573,141573
"Wisconsin","status_quo","Past",2020-07-11,"cumulative_all_infections",130230,130230,130230,134316,132022,141573,141573,141573
"Wisconsin","linear_increase_sd","Past",2020-07-11,"cumulative_cases",36782,36782,36782,38035,37598,39956,39956,39956
"Wisconsin","return_normal","Past",2020-07-11,"cumulative_cases",36782,36782,36782,38035,37598,39956,39956,39956
"Wisconsin","status_quo","Past",2020-07-11,"cumulative_cases",36782,36782,36782,38035,37598,39956,39956,39956
"Wisconsin","linear_increase_sd","Past",2020-07-11,"cumulative_deaths",671,671,671,700,696,720,720,720
"Wisconsin","return_normal","Past",2020-07-11,"cumulative_deaths",671,671,671,700,696,720,720,720
"Wisconsin","status_quo","Past",2020-07-11,"cumulative_deaths",671,671,671,700,696,720,720,720
"Wisconsin","linear_increase_sd","Past",2020-07-11,"cumulative_hosps",4008,4008,4008,4141,4104,4324,4324,4324
"Wisconsin","return_normal","Past",2020-07-11,"cumulative_hosps",4008,4008,4008,4141,4104,4324,4324,4324
"Wisconsin","status_quo","Past",2020-07-11,"cumulative_hosps",4008,4008,4008,4141,4104,4324,4324,4324
"Wisconsin","linear_increase_sd","Past",2020-07-11,"daily_all_infections",2203,2203,2203,2334,2294,2605,2605,2605
"Wisconsin","return_normal","Past",2020-07-11,"daily_all_infections",2203,2203,2203,2334,2294,2605,2605,2605
"Wisconsin","status_quo","Past",2020-07-11,"daily_all_infections",2203,2203,2203,2334,2294,2605,2605,2605
"Wisconsin","linear_increase_sd","Past",2020-07-11,"daily_cases",694,694,694,726,709,816,816,816
"Wisconsin","return_normal","Past",2020-07-11,"daily_cases",694,694,694,726,709,816,816,816
"Wisconsin","status_quo","Past",2020-07-11,"daily_cases",694,694,694,726,709,816,816,816
"Wisconsin","linear_increase_sd","Past",2020-07-11,"daily_deaths",6,6,6,7,7,7,7,7
"Wisconsin","return_normal","Past",2020-07-11,"daily_deaths",6,6,6,7,7,7,7,7
"Wisconsin","status_quo","Past",2020-07-11,"daily_deaths",6,6,6,7,7,7,7,7
"Wisconsin","linear_increase_sd","Past",2020-07-11,"daily_hosps",70,70,70,74,72,82,82,82
"Wisconsin","return_normal","Past",2020-07-11,"daily_hosps",70,70,70,74,72,82,82,82
"Wisconsin","status_quo","Past",2020-07-11,"daily_hosps",70,70,70,74,72,82,82,82
"Wisconsin","linear_increase_sd","Past",2020-07-11,"latent_trend",NA,NA,NA,0.435660367124286,NA,NA,NA,NA
"Wisconsin","return_normal","Past",2020-07-11,"latent_trend",NA,NA,NA,0.435660367124286,NA,NA,NA,NA
"Wisconsin","status_quo","Past",2020-07-11,"latent_trend",NA,NA,NA,0.435660367124286,NA,NA,NA,NA
"Wisconsin","linear_increase_sd","Past",2020-07-11,"mobility_trend",NA,NA,NA,0.951886124905156,NA,NA,NA,NA
"Wisconsin","return_normal","Past",2020-07-11,"mobility_trend",NA,NA,NA,0.951886124905156,NA,NA,NA,NA
"Wisconsin","status_quo","Past",2020-07-11,"mobility_trend",NA,NA,NA,0.951886124905156,NA,NA,NA,NA
"Wisconsin",NA,"Past",2020-07-12,"actual_cumulative_cases",NA,NA,NA,39876,NA,NA,NA,NA
"Wisconsin",NA,"Past",2020-07-12,"actual_cumulative_deaths",NA,NA,NA,826,NA,NA,NA,NA
"Wisconsin",NA,"Past",2020-07-12,"actual_daily_cases",NA,NA,NA,797,NA,NA,NA,NA
"Wisconsin",NA,"Past",2020-07-12,"actual_daily_deaths",NA,NA,NA,NA,NA,NA,NA,NA
"Wisconsin","linear_increase_sd","Past",2020-07-12,"combined_trend",NA,NA,NA,0.409805769797493,NA,NA,NA,NA
"Wisconsin","return_normal","Past",2020-07-12,"combined_trend",NA,NA,NA,0.409805769797493,NA,NA,NA,NA
"Wisconsin","status_quo","Past",2020-07-12,"combined_trend",NA,NA,NA,0.409805769797493,NA,NA,NA,NA
"Wisconsin","linear_increase_sd","Past",2020-07-12,"cumulative_all_infections",132557,132557,132557,136680,134234,144216,144216,144216
"Wisconsin","return_normal","Past",2020-07-12,"cumulative_all_infections",132557,132557,132557,136680,134234,144216,144216,144216
"Wisconsin","status_quo","Past",2020-07-12,"cumulative_all_infections",132557,132557,132557,136680,134234,144216,144216,144216
"Wisconsin","linear_increase_sd","Past",2020-07-12,"cumulative_cases",37535,37535,37535,38793,38338,40786,40786,40786
"Wisconsin","return_normal","Past",2020-07-12,"cumulative_cases",37535,37535,37535,38793,38338,40786,40786,40786
"Wisconsin","status_quo","Past",2020-07-12,"cumulative_cases",37535,37535,37535,38793,38338,40786,40786,40786
"Wisconsin","linear_increase_sd","Past",2020-07-12,"cumulative_deaths",677,677,677,706,702,727,727,727
"Wisconsin","return_normal","Past",2020-07-12,"cumulative_deaths",677,677,677,706,702,727,727,727
"Wisconsin","status_quo","Past",2020-07-12,"cumulative_deaths",677,677,677,706,702,727,727,727
"Wisconsin","linear_increase_sd","Past",2020-07-12,"cumulative_hosps",4080,4080,4080,4217,4176,4407,4407,4407
"Wisconsin","return_normal","Past",2020-07-12,"cumulative_hosps",4080,4080,4080,4217,4176,4407,4407,4407
"Wisconsin","status_quo","Past",2020-07-12,"cumulative_hosps",4080,4080,4080,4217,4176,4407,4407,4407
"Wisconsin","linear_increase_sd","Past",2020-07-12,"daily_all_infections",2212,2212,2212,2365,2327,2643,2643,2643
"Wisconsin","return_normal","Past",2020-07-12,"daily_all_infections",2212,2212,2212,2365,2327,2643,2643,2643
"Wisconsin","status_quo","Past",2020-07-12,"daily_all_infections",2212,2212,2212,2365,2327,2643,2643,2643
"Wisconsin","linear_increase_sd","Past",2020-07-12,"daily_cases",727,727,727,758,740,830,830,830
"Wisconsin","return_normal","Past",2020-07-12,"daily_cases",727,727,727,758,740,830,830,830
"Wisconsin","status_quo","Past",2020-07-12,"daily_cases",727,727,727,758,740,830,830,830
"Wisconsin","linear_increase_sd","Past",2020-07-12,"daily_deaths",6,6,6,7,7,8,8,8
"Wisconsin","return_normal","Past",2020-07-12,"daily_deaths",6,6,6,7,7,8,8,8
"Wisconsin","status_quo","Past",2020-07-12,"daily_deaths",6,6,6,7,7,8,8,8
"Wisconsin","linear_increase_sd","Past",2020-07-12,"daily_hosps",72,72,72,76,76,83,83,83
"Wisconsin","return_normal","Past",2020-07-12,"daily_hosps",72,72,72,76,76,83,83,83
"Wisconsin","status_quo","Past",2020-07-12,"daily_hosps",72,72,72,76,76,83,83,83
"Wisconsin","linear_increase_sd","Past",2020-07-12,"latent_trend",NA,NA,NA,0.430919598876483,NA,NA,NA,NA
"Wisconsin","return_normal","Past",2020-07-12,"latent_trend",NA,NA,NA,0.430919598876483,NA,NA,NA,NA
"Wisconsin","status_quo","Past",2020-07-12,"latent_trend",NA,NA,NA,0.430919598876483,NA,NA,NA,NA
"Wisconsin","linear_increase_sd","Past",2020-07-12,"mobility_trend",NA,NA,NA,0.95100285729858,NA,NA,NA,NA
"Wisconsin","return_normal","Past",2020-07-12,"mobility_trend",NA,NA,NA,0.95100285729858,NA,NA,NA,NA
"Wisconsin","status_quo","Past",2020-07-12,"mobility_trend",NA,NA,NA,0.95100285729858,NA,NA,NA,NA
"Wisconsin",NA,"Past",2020-07-13,"actual_cumulative_cases",NA,NA,NA,40381,NA,NA,NA,NA
"Wisconsin",NA,"Past",2020-07-13,"actual_cumulative_deaths",NA,NA,NA,826,NA,NA,NA,NA
"Wisconsin",NA,"Past",2020-07-13,"actual_daily_cases",NA,NA,NA,505,NA,NA,NA,NA
"Wisconsin",NA,"Past",2020-07-13,"actual_daily_deaths",NA,NA,NA,0,NA,NA,NA,NA
"Wisconsin","linear_increase_sd","Past",2020-07-13,"combined_trend",NA,NA,NA,0.40473709076302,NA,NA,NA,NA
"Wisconsin","return_normal","Past",2020-07-13,"combined_trend",NA,NA,NA,0.40473709076302,NA,NA,NA,NA
"Wisconsin","status_quo","Past",2020-07-13,"combined_trend",NA,NA,NA,0.40473709076302,NA,NA,NA,NA
"Wisconsin","linear_increase_sd","Past",2020-07-13,"cumulative_all_infections",134896,134896,134896,139072,136453,146901,146901,146901
"Wisconsin","return_normal","Past",2020-07-13,"cumulative_all_infections",134896,134896,134896,139072,136453,146901,146901,146901
"Wisconsin","status_quo","Past",2020-07-13,"cumulative_all_infections",134896,134896,134896,139072,136453,146901,146901,146901
"Wisconsin","linear_increase_sd","Past",2020-07-13,"cumulative_cases",38306,38306,38306,39554,39079,41647,41647,41647
"Wisconsin","return_normal","Past",2020-07-13,"cumulative_cases",38306,38306,38306,39554,39079,41647,41647,41647
"Wisconsin","status_quo","Past",2020-07-13,"cumulative_cases",38306,38306,38306,39554,39079,41647,41647,41647
"Wisconsin","linear_increase_sd","Past",2020-07-13,"cumulative_deaths",685,685,685,714,710,734,734,734
"Wisconsin","return_normal","Past",2020-07-13,"cumulative_deaths",685,685,685,714,710,734,734,734
"Wisconsin","status_quo","Past",2020-07-13,"cumulative_deaths",685,685,685,714,710,734,734,734
"Wisconsin","linear_increase_sd","Past",2020-07-13,"cumulative_hosps",4157,4157,4157,4296,4250,4493,4493,4493
"Wisconsin","return_normal","Past",2020-07-13,"cumulative_hosps",4157,4157,4157,4296,4250,4493,4493,4493
"Wisconsin","status_quo","Past",2020-07-13,"cumulative_hosps",4157,4157,4157,4296,4250,4493,4493,4493
"Wisconsin","linear_increase_sd","Past",2020-07-13,"daily_all_infections",2219,2219,2219,2392,2339,2685,2685,2685
"Wisconsin","return_normal","Past",2020-07-13,"daily_all_infections",2219,2219,2219,2392,2339,2685,2685,2685
"Wisconsin","status_quo","Past",2020-07-13,"daily_all_infections",2219,2219,2219,2392,2339,2685,2685,2685
"Wisconsin","linear_increase_sd","Past",2020-07-13,"daily_cases",712,712,712,761,741,861,861,861
"Wisconsin","return_normal","Past",2020-07-13,"daily_cases",712,712,712,761,741,861,861,861
"Wisconsin","status_quo","Past",2020-07-13,"daily_cases",712,712,712,761,741,861,861,861
"Wisconsin","linear_increase_sd","Past",2020-07-13,"daily_deaths",6,6,6,8,8,8,8,8
"Wisconsin","return_normal","Past",2020-07-13,"daily_deaths",6,6,6,8,8,8,8,8
"Wisconsin","status_quo","Past",2020-07-13,"daily_deaths",6,6,6,8,8,8,8,8
"Wisconsin","linear_increase_sd","Past",2020-07-13,"daily_hosps",74,74,74,79,77,86,86,86
"Wisconsin","return_normal","Past",2020-07-13,"daily_hosps",74,74,74,79,77,86,86,86
"Wisconsin","status_quo","Past",2020-07-13,"daily_hosps",74,74,74,79,77,86,86,86
"Wisconsin","linear_increase_sd","Past",2020-07-13,"latent_trend",NA,NA,NA,0.426042830702403,NA,NA,NA,NA
"Wisconsin","return_normal","Past",2020-07-13,"latent_trend",NA,NA,NA,0.426042830702403,NA,NA,NA,NA
"Wisconsin","status_quo","Past",2020-07-13,"latent_trend",NA,NA,NA,0.426042830702403,NA,NA,NA,NA
"Wisconsin","linear_increase_sd","Past",2020-07-13,"mobility_trend",NA,NA,NA,0.949991553890821,NA,NA,NA,NA
"Wisconsin","return_normal","Past",2020-07-13,"mobility_trend",NA,NA,NA,0.949991553890821,NA,NA,NA,NA
"Wisconsin","status_quo","Past",2020-07-13,"mobility_trend",NA,NA,NA,0.949991553890821,NA,NA,NA,NA
"Wisconsin",NA,"Past",2020-07-14,"actual_cumulative_cases",NA,NA,NA,41348,NA,NA,NA,NA
"Wisconsin",NA,"Past",2020-07-14,"actual_cumulative_deaths",NA,NA,NA,832,NA,NA,NA,NA
"Wisconsin",NA,"Past",2020-07-14,"actual_daily_cases",NA,NA,NA,967,NA,NA,NA,NA
"Wisconsin",NA,"Past",2020-07-14,"actual_daily_deaths",NA,NA,NA,6,NA,NA,NA,NA
"Wisconsin","linear_increase_sd","Past",2020-07-14,"combined_trend",NA,NA,NA,0.399585100509137,NA,NA,NA,NA
"Wisconsin","return_normal","Past",2020-07-14,"combined_trend",NA,NA,NA,0.399585100509137,NA,NA,NA,NA
"Wisconsin","status_quo","Past",2020-07-14,"combined_trend",NA,NA,NA,0.399585100509137,NA,NA,NA,NA
"Wisconsin","linear_increase_sd","Past",2020-07-14,"cumulative_all_infections",137242,137242,137242,141489,138684,149609,149609,149609
"Wisconsin","return_normal","Past",2020-07-14,"cumulative_all_infections",137242,137242,137242,141489,138684,149609,149609,149609
"Wisconsin","status_quo","Past",2020-07-14,"cumulative_all_infections",137242,137242,137242,141489,138684,149609,149609,149609
"Wisconsin","linear_increase_sd","Past",2020-07-14,"cumulative_cases",39078,39078,39078,40354,39852,42554,42554,42554
"Wisconsin","return_normal","Past",2020-07-14,"cumulative_cases",39078,39078,39078,40354,39852,42554,42554,42554
"Wisconsin","status_quo","Past",2020-07-14,"cumulative_cases",39078,39078,39078,40354,39852,42554,42554,42554
"Wisconsin","linear_increase_sd","Past",2020-07-14,"cumulative_deaths",692,692,692,721,717,743,743,743
"Wisconsin","return_normal","Past",2020-07-14,"cumulative_deaths",692,692,692,721,717,743,743,743
"Wisconsin","status_quo","Past",2020-07-14,"cumulative_deaths",692,692,692,721,717,743,743,743
"Wisconsin","linear_increase_sd","Past",2020-07-14,"cumulative_hosps",4236,4236,4236,4377,4326,4584,4584,4584
"Wisconsin","return_normal","Past",2020-07-14,"cumulative_hosps",4236,4236,4236,4377,4326,4584,4584,4584
"Wisconsin","status_quo","Past",2020-07-14,"cumulative_hosps",4236,4236,4236,4377,4326,4584,4584,4584
"Wisconsin","linear_increase_sd","Past",2020-07-14,"daily_all_infections",2231,2231,2231,2417,2373,2708,2708,2708
"Wisconsin","return_normal","Past",2020-07-14,"daily_all_infections",2231,2231,2231,2417,2373,2708,2708,2708
"Wisconsin","status_quo","Past",2020-07-14,"daily_all_infections",2231,2231,2231,2417,2373,2708,2708,2708
"Wisconsin","linear_increase_sd","Past",2020-07-14,"daily_cases",764,764,764,801,773,907,907,907
"Wisconsin","return_normal","Past",2020-07-14,"daily_cases",764,764,764,801,773,907,907,907
"Wisconsin","status_quo","Past",2020-07-14,"daily_cases",764,764,764,801,773,907,907,907
"Wisconsin","linear_increase_sd","Past",2020-07-14,"daily_deaths",6,6,6,8,7,9,9,9
"Wisconsin","return_normal","Past",2020-07-14,"daily_deaths",6,6,6,8,7,9,9,9
"Wisconsin","status_quo","Past",2020-07-14,"daily_deaths",6,6,6,8,7,9,9,9
"Wisconsin","linear_increase_sd","Past",2020-07-14,"daily_hosps",76,76,76,81,79,91,91,91
"Wisconsin","return_normal","Past",2020-07-14,"daily_hosps",76,76,76,81,79,91,91,91
"Wisconsin","status_quo","Past",2020-07-14,"daily_hosps",76,76,76,81,79,91,91,91
"Wisconsin","linear_increase_sd","Past",2020-07-14,"latent_trend",NA,NA,NA,0.421035737521816,NA,NA,NA,NA
"Wisconsin","return_normal","Past",2020-07-14,"latent_trend",NA,NA,NA,0.421035737521816,NA,NA,NA,NA
"Wisconsin","status_quo","Past",2020-07-14,"latent_trend",NA,NA,NA,0.421035737521816,NA,NA,NA,NA
"Wisconsin","linear_increase_sd","Past",2020-07-14,"mobility_trend",NA,NA,NA,0.949052692916437,NA,NA,NA,NA
"Wisconsin","return_normal","Past",2020-07-14,"mobility_trend",NA,NA,NA,0.949052692916437,NA,NA,NA,NA
"Wisconsin","status_quo","Past",2020-07-14,"mobility_trend",NA,NA,NA,0.949052692916437,NA,NA,NA,NA
"Wisconsin",NA,"Past",2020-07-15,"actual_cumulative_cases",NA,NA,NA,42196,NA,NA,NA,NA
"Wisconsin",NA,"Past",2020-07-15,"actual_cumulative_deaths",NA,NA,NA,833,NA,NA,NA,NA
"Wisconsin",NA,"Past",2020-07-15,"actual_daily_cases",NA,NA,NA,848,NA,NA,NA,NA
"Wisconsin",NA,"Past",2020-07-15,"actual_daily_deaths",NA,NA,NA,1,NA,NA,NA,NA
"Wisconsin","linear_increase_sd","Past",2020-07-15,"combined_trend",NA,NA,NA,0.394463296823451,NA,NA,NA,NA
"Wisconsin","return_normal","Past",2020-07-15,"combined_trend",NA,NA,NA,0.394463296823451,NA,NA,NA,NA
"Wisconsin","status_quo","Past",2020-07-15,"combined_trend",NA,NA,NA,0.394463296823451,NA,NA,NA,NA
"Wisconsin","linear_increase_sd","Past",2020-07-15,"cumulative_all_infections",139589,139589,139589,143920,140910,152333,152333,152333
"Wisconsin","return_normal","Past",2020-07-15,"cumulative_all_infections",139589,139589,139589,143920,140910,152333,152333,152333
"Wisconsin","status_quo","Past",2020-07-15,"cumulative_all_infections",139589,139589,139589,143920,140910,152333,152333,152333
"Wisconsin","linear_increase_sd","Past",2020-07-15,"cumulative_cases",39829,39829,39829,41148,40616,43462,43462,43462
"Wisconsin","return_normal","Past",2020-07-15,"cumulative_cases",39829,39829,39829,41148,40616,43462,43462,43462
"Wisconsin","status_quo","Past",2020-07-15,"cumulative_cases",39829,39829,39829,41148,40616,43462,43462,43462
"Wisconsin","linear_increase_sd","Past",2020-07-15,"cumulative_deaths",700,700,700,730,723,752,752,752
"Wisconsin","return_normal","Past",2020-07-15,"cumulative_deaths",700,700,700,730,723,752,752,752
"Wisconsin","status_quo","Past",2020-07-15,"cumulative_deaths",700,700,700,730,723,752,752,752
"Wisconsin","linear_increase_sd","Past",2020-07-15,"cumulative_hosps",4318,4318,4318,4460,4404,4677,4677,4677
"Wisconsin","return_normal","Past",2020-07-15,"cumulative_hosps",4318,4318,4318,4460,4404,4677,4677,4677
"Wisconsin","status_quo","Past",2020-07-15,"cumulative_hosps",4318,4318,4318,4460,4404,4677,4677,4677
"Wisconsin","linear_increase_sd","Past",2020-07-15,"daily_all_infections",2226,2226,2226,2432,2406,2724,2724,2724
"Wisconsin","return_normal","Past",2020-07-15,"daily_all_infections",2226,2226,2226,2432,2406,2724,2724,2724
"Wisconsin","status_quo","Past",2020-07-15,"daily_all_infections",2226,2226,2226,2432,2406,2724,2724,2724
"Wisconsin","linear_increase_sd","Past",2020-07-15,"daily_cases",751,751,751,794,764,908,908,908
"Wisconsin","return_normal","Past",2020-07-15,"daily_cases",751,751,751,794,764,908,908,908
"Wisconsin","status_quo","Past",2020-07-15,"daily_cases",751,751,751,794,764,908,908,908
"Wisconsin","linear_increase_sd","Past",2020-07-15,"daily_deaths",6,6,6,9,9,11,11,11
"Wisconsin","return_normal","Past",2020-07-15,"daily_deaths",6,6,6,9,9,11,11,11
"Wisconsin","status_quo","Past",2020-07-15,"daily_deaths",6,6,6,9,9,11,11,11
"Wisconsin","linear_increase_sd","Past",2020-07-15,"daily_hosps",78,78,78,84,82,93,93,93
"Wisconsin","return_normal","Past",2020-07-15,"daily_hosps",78,78,78,84,82,93,93,93
"Wisconsin","status_quo","Past",2020-07-15,"daily_hosps",78,78,78,84,82,93,93,93
"Wisconsin","linear_increase_sd","Past",2020-07-15,"latent_trend",NA,NA,NA,0.415904144852159,NA,NA,NA,NA
"Wisconsin","return_normal","Past",2020-07-15,"latent_trend",NA,NA,NA,0.415904144852159,NA,NA,NA,NA
"Wisconsin","status_quo","Past",2020-07-15,"latent_trend",NA,NA,NA,0.415904144852159,NA,NA,NA,NA
"Wisconsin","linear_increase_sd","Past",2020-07-15,"mobility_trend",NA,NA,NA,0.948447621178843,NA,NA,NA,NA
"Wisconsin","return_normal","Past",2020-07-15,"mobility_trend",NA,NA,NA,0.948447621178843,NA,NA,NA,NA
"Wisconsin","status_quo","Past",2020-07-15,"mobility_trend",NA,NA,NA,0.948447621178843,NA,NA,NA,NA
"Wisconsin",NA,"Past",2020-07-16,"actual_cumulative_cases",NA,NA,NA,43138,NA,NA,NA,NA
"Wisconsin",NA,"Past",2020-07-16,"actual_cumulative_deaths",NA,NA,NA,837,NA,NA,NA,NA
"Wisconsin",NA,"Past",2020-07-16,"actual_daily_cases",NA,NA,NA,942,NA,NA,NA,NA
"Wisconsin",NA,"Past",2020-07-16,"actual_daily_deaths",NA,NA,NA,4,NA,NA,NA,NA
"Wisconsin","linear_increase_sd","Past",2020-07-16,"combined_trend",NA,NA,NA,0.389449698795107,NA,NA,NA,NA
"Wisconsin","return_normal","Past",2020-07-16,"combined_trend",NA,NA,NA,0.389449698795107,NA,NA,NA,NA
"Wisconsin","status_quo","Past",2020-07-16,"combined_trend",NA,NA,NA,0.389449698795107,NA,NA,NA,NA
"Wisconsin","linear_increase_sd","Past",2020-07-16,"cumulative_all_infections",141949,141949,141949,146361,143138,155060,155060,155060
"Wisconsin","return_normal","Past",2020-07-16,"cumulative_all_infections",141949,141949,141949,146361,143138,155060,155060,155060
"Wisconsin","status_quo","Past",2020-07-16,"cumulative_all_infections",141949,141949,141949,146361,143138,155060,155060,155060
"Wisconsin","linear_increase_sd","Past",2020-07-16,"cumulative_cases",40674,40674,40674,41967,41370,44338,44338,44338
"Wisconsin","return_normal","Past",2020-07-16,"cumulative_cases",40674,40674,40674,41967,41370,44338,44338,44338
"Wisconsin","status_quo","Past",2020-07-16,"cumulative_cases",40674,40674,40674,41967,41370,44338,44338,44338
"Wisconsin","linear_increase_sd","Past",2020-07-16,"cumulative_deaths",707,707,707,738,730,762,762,762
"Wisconsin","return_normal","Past",2020-07-16,"cumulative_deaths",707,707,707,738,730,762,762,762
"Wisconsin","status_quo","Past",2020-07-16,"cumulative_deaths",707,707,707,738,730,762,762,762
"Wisconsin","linear_increase_sd","Past",2020-07-16,"cumulative_hosps",4403,4403,4403,4545,4485,4771,4771,4771
"Wisconsin","return_normal","Past",2020-07-16,"cumulative_hosps",4403,4403,4403,4545,4485,4771,4771,4771
"Wisconsin","status_quo","Past",2020-07-16,"cumulative_hosps",4403,4403,4403,4545,4485,4771,4771,4771
"Wisconsin","linear_increase_sd","Past",2020-07-16,"daily_all_infections",2228,2228,2228,2441,2416,2727,2727,2727
"Wisconsin","return_normal","Past",2020-07-16,"daily_all_infections",2228,2228,2228,2441,2416,2727,2727,2727
"Wisconsin","status_quo","Past",2020-07-16,"daily_all_infections",2228,2228,2228,2441,2416,2727,2727,2727
"Wisconsin","linear_increase_sd","Past",2020-07-16,"daily_cases",754,754,754,820,821,876,876,876
"Wisconsin","return_normal","Past",2020-07-16,"daily_cases",754,754,754,820,821,876,876,876
"Wisconsin","status_quo","Past",2020-07-16,"daily_cases",754,754,754,820,821,876,876,876
"Wisconsin","linear_increase_sd","Past",2020-07-16,"daily_deaths",7,7,7,8,8,10,10,10
"Wisconsin","return_normal","Past",2020-07-16,"daily_deaths",7,7,7,8,8,10,10,10
"Wisconsin","status_quo","Past",2020-07-16,"daily_deaths",7,7,7,8,8,10,10,10
"Wisconsin","linear_increase_sd","Past",2020-07-16,"daily_hosps",81,81,81,86,84,94,94,94
"Wisconsin","return_normal","Past",2020-07-16,"daily_hosps",81,81,81,86,84,94,94,94
"Wisconsin","status_quo","Past",2020-07-16,"daily_hosps",81,81,81,86,84,94,94,94
"Wisconsin","linear_increase_sd","Past",2020-07-16,"latent_trend",NA,NA,NA,0.410654471127832,NA,NA,NA,NA
"Wisconsin","return_normal","Past",2020-07-16,"latent_trend",NA,NA,NA,0.410654471127832,NA,NA,NA,NA
"Wisconsin","status_quo","Past",2020-07-16,"latent_trend",NA,NA,NA,0.410654471127832,NA,NA,NA,NA
"Wisconsin","linear_increase_sd","Past",2020-07-16,"mobility_trend",NA,NA,NA,0.948363468990152,NA,NA,NA,NA
"Wisconsin","return_normal","Past",2020-07-16,"mobility_trend",NA,NA,NA,0.948363468990152,NA,NA,NA,NA
"Wisconsin","status_quo","Past",2020-07-16,"mobility_trend",NA,NA,NA,0.948363468990152,NA,NA,NA,NA
"Wisconsin",NA,"Past",2020-07-17,"actual_cumulative_cases",NA,NA,NA,44067,NA,NA,NA,NA
"Wisconsin",NA,"Past",2020-07-17,"actual_cumulative_deaths",NA,NA,NA,839,NA,NA,NA,NA
"Wisconsin",NA,"Past",2020-07-17,"actual_daily_cases",NA,NA,NA,929,NA,NA,NA,NA
"Wisconsin",NA,"Past",2020-07-17,"actual_daily_deaths",NA,NA,NA,2,NA,NA,NA,NA
"Wisconsin","linear_increase_sd","Past",2020-07-17,"combined_trend",NA,NA,NA,0.384527324745818,NA,NA,NA,NA
"Wisconsin","return_normal","Past",2020-07-17,"combined_trend",NA,NA,NA,0.384527324745818,NA,NA,NA,NA
"Wisconsin","status_quo","Past",2020-07-17,"combined_trend",NA,NA,NA,0.384527324745818,NA,NA,NA,NA
"Wisconsin","linear_increase_sd","Past",2020-07-17,"cumulative_all_infections",144313,144313,144313,148811,145368,157806,157806,157806
"Wisconsin","return_normal","Past",2020-07-17,"cumulative_all_infections",144313,144313,144313,148811,145368,157806,157806,157806
"Wisconsin","status_quo","Past",2020-07-17,"cumulative_all_infections",144313,144313,144313,148811,145368,157806,157806,157806
"Wisconsin","linear_increase_sd","Past",2020-07-17,"cumulative_cases",41481,41481,41481,42802,42191,45238,45238,45238
"Wisconsin","return_normal","Past",2020-07-17,"cumulative_cases",41481,41481,41481,42802,42191,45238,45238,45238
"Wisconsin","status_quo","Past",2020-07-17,"cumulative_cases",41481,41481,41481,42802,42191,45238,45238,45238
"Wisconsin","linear_increase_sd","Past",2020-07-17,"cumulative_deaths",715,715,715,746,738,771,771,771
"Wisconsin","return_normal","Past",2020-07-17,"cumulative_deaths",715,715,715,746,738,771,771,771
"Wisconsin","status_quo","Past",2020-07-17,"cumulative_deaths",715,715,715,746,738,771,771,771
"Wisconsin","linear_increase_sd","Past",2020-07-17,"cumulative_hosps",4489,4489,4489,4634,4568,4871,4871,4871
"Wisconsin","return_normal","Past",2020-07-17,"cumulative_hosps",4489,4489,4489,4634,4568,4871,4871,4871
"Wisconsin","status_quo","Past",2020-07-17,"cumulative_hosps",4489,4489,4489,4634,4568,4871,4871,4871
"Wisconsin","linear_increase_sd","Past",2020-07-17,"daily_all_infections",2230,2230,2230,2450,2414,2746,2746,2746
"Wisconsin","return_normal","Past",2020-07-17,"daily_all_infections",2230,2230,2230,2450,2414,2746,2746,2746
"Wisconsin","status_quo","Past",2020-07-17,"daily_all_infections",2230,2230,2230,2450,2414,2746,2746,2746
"Wisconsin","linear_increase_sd","Past",2020-07-17,"daily_cases",807,807,807,835,821,900,900,900
"Wisconsin","return_normal","Past",2020-07-17,"daily_cases",807,807,807,835,821,900,900,900
"Wisconsin","status_quo","Past",2020-07-17,"daily_cases",807,807,807,835,821,900,900,900
"Wisconsin","linear_increase_sd","Past",2020-07-17,"daily_deaths",8,8,8,9,8,10,10,10
"Wisconsin","return_normal","Past",2020-07-17,"daily_deaths",8,8,8,9,8,10,10,10
"Wisconsin","status_quo","Past",2020-07-17,"daily_deaths",8,8,8,9,8,10,10,10
"Wisconsin","linear_increase_sd","Past",2020-07-17,"daily_hosps",83,83,83,89,86,100,100,100
"Wisconsin","return_normal","Past",2020-07-17,"daily_hosps",83,83,83,89,86,100,100,100
"Wisconsin","status_quo","Past",2020-07-17,"daily_hosps",83,83,83,89,86,100,100,100
"Wisconsin","linear_increase_sd","Past",2020-07-17,"latent_trend",NA,NA,NA,0.405324312263269,NA,NA,NA,NA
"Wisconsin","return_normal","Past",2020-07-17,"latent_trend",NA,NA,NA,0.405324312263269,NA,NA,NA,NA
"Wisconsin","status_quo","Past",2020-07-17,"latent_trend",NA,NA,NA,0.405324312263269,NA,NA,NA,NA
"Wisconsin","linear_increase_sd","Past",2020-07-17,"mobility_trend",NA,NA,NA,0.94869050069727,NA,NA,NA,NA
"Wisconsin","return_normal","Past",2020-07-17,"mobility_trend",NA,NA,NA,0.94869050069727,NA,NA,NA,NA
"Wisconsin","status_quo","Past",2020-07-17,"mobility_trend",NA,NA,NA,0.94869050069727,NA,NA,NA,NA
"Wisconsin",NA,"Past",2020-07-18,"actual_cumulative_cases",NA,NA,NA,45098,NA,NA,NA,NA
"Wisconsin",NA,"Past",2020-07-18,"actual_cumulative_deaths",NA,NA,NA,849,NA,NA,NA,NA
"Wisconsin",NA,"Past",2020-07-18,"actual_daily_cases",NA,NA,NA,1031,NA,NA,NA,NA
"Wisconsin",NA,"Past",2020-07-18,"actual_daily_deaths",NA,NA,NA,10,NA,NA,NA,NA
"Wisconsin","linear_increase_sd","Past",2020-07-18,"combined_trend",NA,NA,NA,0.3796937249059,NA,NA,NA,NA
"Wisconsin","return_normal","Past",2020-07-18,"combined_trend",NA,NA,NA,0.3796937249059,NA,NA,NA,NA
"Wisconsin","status_quo","Past",2020-07-18,"combined_trend",NA,NA,NA,0.3796937249059,NA,NA,NA,NA
"Wisconsin","linear_increase_sd","Past",2020-07-18,"cumulative_all_infections",146676,146676,146676,151260,147602,160548,160548,160548
"Wisconsin","return_normal","Past",2020-07-18,"cumulative_all_infections",146676,146676,146676,151260,147602,160548,160548,160548
"Wisconsin","status_quo","Past",2020-07-18,"cumulative_all_infections",146676,146676,146676,151260,147602,160548,160548,160548
"Wisconsin","linear_increase_sd","Past",2020-07-18,"cumulative_cases",42288,42288,42288,43646,42966,46201,46201,46201
"Wisconsin","return_normal","Past",2020-07-18,"cumulative_cases",42288,42288,42288,43646,42966,46201,46201,46201
"Wisconsin","status_quo","Past",2020-07-18,"cumulative_cases",42288,42288,42288,43646,42966,46201,46201,46201
"Wisconsin","linear_increase_sd","Past",2020-07-18,"cumulative_deaths",723,723,723,755,746,781,781,781
"Wisconsin","return_normal","Past",2020-07-18,"cumulative_deaths",723,723,723,755,746,781,781,781
"Wisconsin","status_quo","Past",2020-07-18,"cumulative_deaths",723,723,723,755,746,781,781,781
"Wisconsin","linear_increase_sd","Past",2020-07-18,"cumulative_hosps",4578,4578,4578,4724,4655,4970,4970,4970
"Wisconsin","return_normal","Past",2020-07-18,"cumulative_hosps",4578,4578,4578,4724,4655,4970,4970,4970
"Wisconsin","status_quo","Past",2020-07-18,"cumulative_hosps",4578,4578,4578,4724,4655,4970,4970,4970
"Wisconsin","linear_increase_sd","Past",2020-07-18,"daily_all_infections",2234,2234,2234,2449,2416,2742,2742,2742
"Wisconsin","return_normal","Past",2020-07-18,"daily_all_infections",2234,2234,2234,2449,2416,2742,2742,2742
"Wisconsin","status_quo","Past",2020-07-18,"daily_all_infections",2234,2234,2234,2449,2416,2742,2742,2742
"Wisconsin","linear_increase_sd","Past",2020-07-18,"daily_cases",775,775,775,844,836,963,963,963
"Wisconsin","return_normal","Past",2020-07-18,"daily_cases",775,775,775,844,836,963,963,963
"Wisconsin","status_quo","Past",2020-07-18,"daily_cases",775,775,775,844,836,963,963,963
"Wisconsin","linear_increase_sd","Past",2020-07-18,"daily_deaths",8,8,8,9,9,10,10,10
"Wisconsin","return_normal","Past",2020-07-18,"daily_deaths",8,8,8,9,9,10,10,10
"Wisconsin","status_quo","Past",2020-07-18,"daily_deaths",8,8,8,9,9,10,10,10
"Wisconsin","linear_increase_sd","Past",2020-07-18,"daily_hosps",86,86,86,90,88,99,99,99
"Wisconsin","return_normal","Past",2020-07-18,"daily_hosps",86,86,86,90,88,99,99,99
"Wisconsin","status_quo","Past",2020-07-18,"daily_hosps",86,86,86,90,88,99,99,99
"Wisconsin","linear_increase_sd","Past",2020-07-18,"latent_trend",NA,NA,NA,0.400001505820553,NA,NA,NA,NA
"Wisconsin","return_normal","Past",2020-07-18,"latent_trend",NA,NA,NA,0.400001505820553,NA,NA,NA,NA
"Wisconsin","status_quo","Past",2020-07-18,"latent_trend",NA,NA,NA,0.400001505820553,NA,NA,NA,NA
"Wisconsin","linear_increase_sd","Past",2020-07-18,"mobility_trend",NA,NA,NA,0.949230738836859,NA,NA,NA,NA
"Wisconsin","return_normal","Past",2020-07-18,"mobility_trend",NA,NA,NA,0.949230738836859,NA,NA,NA,NA
"Wisconsin","status_quo","Past",2020-07-18,"mobility_trend",NA,NA,NA,0.949230738836859,NA,NA,NA,NA
"Wisconsin",NA,"Past",2020-07-19,"actual_cumulative_cases",NA,NA,NA,45947,NA,NA,NA,NA
"Wisconsin",NA,"Past",2020-07-19,"actual_cumulative_deaths",NA,NA,NA,850,NA,NA,NA,NA
"Wisconsin",NA,"Past",2020-07-19,"actual_daily_cases",NA,NA,NA,849,NA,NA,NA,NA
"Wisconsin",NA,"Past",2020-07-19,"actual_daily_deaths",NA,NA,NA,1,NA,NA,NA,NA
"Wisconsin","linear_increase_sd","Past",2020-07-19,"combined_trend",NA,NA,NA,0.374931728074102,NA,NA,NA,NA
"Wisconsin","return_normal","Past",2020-07-19,"combined_trend",NA,NA,NA,0.374931728074102,NA,NA,NA,NA
"Wisconsin","status_quo","Past",2020-07-19,"combined_trend",NA,NA,NA,0.374931728074102,NA,NA,NA,NA
"Wisconsin","linear_increase_sd","Past",2020-07-19,"cumulative_all_infections",149041,149041,149041,153706,149958,163278,163278,163278
"Wisconsin","return_normal","Past",2020-07-19,"cumulative_all_infections",149041,149041,149041,153706,149958,163278,163278,163278
"Wisconsin","status_quo","Past",2020-07-19,"cumulative_all_infections",149041,149041,149041,153706,149958,163278,163278,163278
"Wisconsin","linear_increase_sd","Past",2020-07-19,"cumulative_cases",43099,43099,43099,44501,43797,47141,47141,47141
"Wisconsin","return_normal","Past",2020-07-19,"cumulative_cases",43099,43099,43099,44501,43797,47141,47141,47141
"Wisconsin","status_quo","Past",2020-07-19,"cumulative_cases",43099,43099,43099,44501,43797,47141,47141,47141
"Wisconsin","linear_increase_sd","Past",2020-07-19,"cumulative_deaths",732,732,732,764,754,791,791,791
"Wisconsin","return_normal","Past",2020-07-19,"cumulative_deaths",732,732,732,764,754,791,791,791
"Wisconsin","status_quo","Past",2020-07-19,"cumulative_deaths",732,732,732,764,754,791,791,791
"Wisconsin","linear_increase_sd","Past",2020-07-19,"cumulative_hosps",4668,4668,4668,4816,4743,5074,5074,5074
"Wisconsin","return_normal","Past",2020-07-19,"cumulative_hosps",4668,4668,4668,4816,4743,5074,5074,5074
"Wisconsin","status_quo","Past",2020-07-19,"cumulative_hosps",4668,4668,4668,4816,4743,5074,5074,5074
"Wisconsin","linear_increase_sd","Past",2020-07-19,"daily_all_infections",2246,2246,2246,2447,2400,2730,2730,2730
"Wisconsin","return_normal","Past",2020-07-19,"daily_all_infections",2246,2246,2246,2447,2400,2730,2730,2730
"Wisconsin","status_quo","Past",2020-07-19,"daily_all_infections",2246,2246,2246,2447,2400,2730,2730,2730
"Wisconsin","linear_increase_sd","Past",2020-07-19,"daily_cases",811,811,811,856,831,940,940,940
"Wisconsin","return_normal","Past",2020-07-19,"daily_cases",811,811,811,856,831,940,940,940
"Wisconsin","status_quo","Past",2020-07-19,"daily_cases",811,811,811,856,831,940,940,940
"Wisconsin","linear_increase_sd","Past",2020-07-19,"daily_deaths",8,8,8,9,8,10,10,10
"Wisconsin","return_normal","Past",2020-07-19,"daily_deaths",8,8,8,9,8,10,10,10
"Wisconsin","status_quo","Past",2020-07-19,"daily_deaths",8,8,8,9,8,10,10,10
"Wisconsin","linear_increase_sd","Past",2020-07-19,"daily_hosps",88,88,88,93,90,104,104,104
"Wisconsin","return_normal","Past",2020-07-19,"daily_hosps",88,88,88,93,90,104,104,104
"Wisconsin","status_quo","Past",2020-07-19,"daily_hosps",88,88,88,93,90,104,104,104
"Wisconsin","linear_increase_sd","Past",2020-07-19,"latent_trend",NA,NA,NA,0.394777133240868,NA,NA,NA,NA
"Wisconsin","return_normal","Past",2020-07-19,"latent_trend",NA,NA,NA,0.394777133240868,NA,NA,NA,NA
"Wisconsin","status_quo","Past",2020-07-19,"latent_trend",NA,NA,NA,0.394777133240868,NA,NA,NA,NA
"Wisconsin","linear_increase_sd","Past",2020-07-19,"mobility_trend",NA,NA,NA,0.949730104669824,NA,NA,NA,NA
"Wisconsin","return_normal","Past",2020-07-19,"mobility_trend",NA,NA,NA,0.949730104669824,NA,NA,NA,NA
"Wisconsin","status_quo","Past",2020-07-19,"mobility_trend",NA,NA,NA,0.949730104669824,NA,NA,NA,NA
"Wisconsin",NA,"Past",2020-07-20,"actual_cumulative_cases",NA,NA,NA,46674,NA,NA,NA,NA
"Wisconsin",NA,"Past",2020-07-20,"actual_cumulative_deaths",NA,NA,NA,852,NA,NA,NA,NA
"Wisconsin",NA,"Past",2020-07-20,"actual_daily_cases",NA,NA,NA,727,NA,NA,NA,NA
"Wisconsin",NA,"Past",2020-07-20,"actual_daily_deaths",NA,NA,NA,2,NA,NA,NA,NA
"Wisconsin","linear_increase_sd","Past",2020-07-20,"combined_trend",NA,NA,NA,0.370229056015732,NA,NA,NA,NA
"Wisconsin","return_normal","Past",2020-07-20,"combined_trend",NA,NA,NA,0.370229056015732,NA,NA,NA,NA
"Wisconsin","status_quo","Past",2020-07-20,"combined_trend",NA,NA,NA,0.370229056015732,NA,NA,NA,NA
"Wisconsin","linear_increase_sd","Past",2020-07-20,"cumulative_all_infections",151412,151412,151412,156153,152350,166008,166008,166008
"Wisconsin","return_normal","Past",2020-07-20,"cumulative_all_infections",151412,151412,151412,156153,152350,166008,166008,166008
"Wisconsin","status_quo","Past",2020-07-20,"cumulative_all_infections",151412,151412,151412,156153,152350,166008,166008,166008
"Wisconsin","linear_increase_sd","Past",2020-07-20,"cumulative_cases",43945,43945,43945,45372,44583,48100,48100,48100
"Wisconsin","return_normal","Past",2020-07-20,"cumulative_cases",43945,43945,43945,45372,44583,48100,48100,48100
"Wisconsin","status_quo","Past",2020-07-20,"cumulative_cases",43945,43945,43945,45372,44583,48100,48100,48100
"Wisconsin","linear_increase_sd","Past",2020-07-20,"cumulative_deaths",741,741,741,772,762,800,800,800
"Wisconsin","return_normal","Past",2020-07-20,"cumulative_deaths",741,741,741,772,762,800,800,800
"Wisconsin","status_quo","Past",2020-07-20,"cumulative_deaths",741,741,741,772,762,800,800,800
"Wisconsin","linear_increase_sd","Past",2020-07-20,"cumulative_hosps",4761,4761,4761,4911,4833,5179,5179,5179
"Wisconsin","return_normal","Past",2020-07-20,"cumulative_hosps",4761,4761,4761,4911,4833,5179,5179,5179
"Wisconsin","status_quo","Past",2020-07-20,"cumulative_hosps",4761,4761,4761,4911,4833,5179,5179,5179
"Wisconsin","linear_increase_sd","Past",2020-07-20,"daily_all_infections",2258,2258,2258,2448,2392,2730,2730,2730
"Wisconsin","return_normal","Past",2020-07-20,"daily_all_infections",2258,2258,2258,2448,2392,2730,2730,2730
"Wisconsin","status_quo","Past",2020-07-20,"daily_all_infections",2258,2258,2258,2448,2392,2730,2730,2730
"Wisconsin","linear_increase_sd","Past",2020-07-20,"daily_cases",786,786,786,872,874,959,959,959
"Wisconsin","return_normal","Past",2020-07-20,"daily_cases",786,786,786,872,874,959,959,959
"Wisconsin","status_quo","Past",2020-07-20,"daily_cases",786,786,786,872,874,959,959,959
"Wisconsin","linear_increase_sd","Past",2020-07-20,"daily_deaths",8,8,8,9,8,9,9,9
"Wisconsin","return_normal","Past",2020-07-20,"daily_deaths",8,8,8,9,8,9,9,9
"Wisconsin","status_quo","Past",2020-07-20,"daily_deaths",8,8,8,9,8,9,9,9
"Wisconsin","linear_increase_sd","Past",2020-07-20,"daily_hosps",90,90,90,95,93,105,105,105
"Wisconsin","return_normal","Past",2020-07-20,"daily_hosps",90,90,90,95,93,105,105,105
"Wisconsin","status_quo","Past",2020-07-20,"daily_hosps",90,90,90,95,93,105,105,105
"Wisconsin","linear_increase_sd","Past",2020-07-20,"latent_trend",NA,NA,NA,0.389740598523976,NA,NA,NA,NA
"Wisconsin","return_normal","Past",2020-07-20,"latent_trend",NA,NA,NA,0.389740598523976,NA,NA,NA,NA
"Wisconsin","status_quo","Past",2020-07-20,"latent_trend",NA,NA,NA,0.389740598523976,NA,NA,NA,NA
"Wisconsin","linear_increase_sd","Past",2020-07-20,"mobility_trend",NA,NA,NA,0.949937105392307,NA,NA,NA,NA
"Wisconsin","return_normal","Past",2020-07-20,"mobility_trend",NA,NA,NA,0.949937105392307,NA,NA,NA,NA
"Wisconsin","status_quo","Past",2020-07-20,"mobility_trend",NA,NA,NA,0.949937105392307,NA,NA,NA,NA
"Wisconsin",NA,"Past",2020-07-21,"actual_cumulative_cases",NA,NA,NA,47835,NA,NA,NA,NA
"Wisconsin",NA,"Past",2020-07-21,"actual_cumulative_deaths",NA,NA,NA,865,NA,NA,NA,NA
"Wisconsin",NA,"Past",2020-07-21,"actual_daily_cases",NA,NA,NA,1161,NA,NA,NA,NA
"Wisconsin",NA,"Past",2020-07-21,"actual_daily_deaths",NA,NA,NA,13,NA,NA,NA,NA
"Wisconsin","linear_increase_sd","Past",2020-07-21,"combined_trend",NA,NA,NA,0.36560225650309,NA,NA,NA,NA
"Wisconsin","return_normal","Past",2020-07-21,"combined_trend",NA,NA,NA,0.36560225650309,NA,NA,NA,NA
"Wisconsin","status_quo","Past",2020-07-21,"combined_trend",NA,NA,NA,0.36560225650309,NA,NA,NA,NA
"Wisconsin","linear_increase_sd","Past",2020-07-21,"cumulative_all_infections",153772,153772,153772,158585,154712,168716,168716,168716
"Wisconsin","return_normal","Past",2020-07-21,"cumulative_all_infections",153772,153772,153772,158585,154712,168716,168716,168716
"Wisconsin","status_quo","Past",2020-07-21,"cumulative_all_infections",153772,153772,153772,158585,154712,168716,168716,168716
"Wisconsin","linear_increase_sd","Past",2020-07-21,"cumulative_cases",44788,44788,44788,46234,45362,49043,49043,49043
"Wisconsin","return_normal","Past",2020-07-21,"cumulative_cases",44788,44788,44788,46234,45362,49043,49043,49043
"Wisconsin","status_quo","Past",2020-07-21,"cumulative_cases",44788,44788,44788,46234,45362,49043,49043,49043
"Wisconsin","linear_increase_sd","Past",2020-07-21,"cumulative_deaths",748,748,748,781,771,810,810,810
"Wisconsin","return_normal","Past",2020-07-21,"cumulative_deaths",748,748,748,781,771,810,810,810
"Wisconsin","status_quo","Past",2020-07-21,"cumulative_deaths",748,748,748,781,771,810,810,810
"Wisconsin","linear_increase_sd","Past",2020-07-21,"cumulative_hosps",4855,4855,4855,5007,4925,5288,5288,5288
"Wisconsin","return_normal","Past",2020-07-21,"cumulative_hosps",4855,4855,4855,5007,4925,5288,5288,5288
"Wisconsin","status_quo","Past",2020-07-21,"cumulative_hosps",4855,4855,4855,5007,4925,5288,5288,5288
"Wisconsin","linear_increase_sd","Past",2020-07-21,"daily_all_infections",2261,2261,2261,2432,2362,2708,2708,2708
"Wisconsin","return_normal","Past",2020-07-21,"daily_all_infections",2261,2261,2261,2432,2362,2708,2708,2708
"Wisconsin","status_quo","Past",2020-07-21,"daily_all_infections",2261,2261,2261,2432,2362,2708,2708,2708
"Wisconsin","linear_increase_sd","Past",2020-07-21,"daily_cases",779,779,779,862,871,943,943,943
"Wisconsin","return_normal","Past",2020-07-21,"daily_cases",779,779,779,862,871,943,943,943
"Wisconsin","status_quo","Past",2020-07-21,"daily_cases",779,779,779,862,871,943,943,943
"Wisconsin","linear_increase_sd","Past",2020-07-21,"daily_deaths",7,7,7,9,9,10,10,10
"Wisconsin","return_normal","Past",2020-07-21,"daily_deaths",7,7,7,9,9,10,10,10
"Wisconsin","status_quo","Past",2020-07-21,"daily_deaths",7,7,7,9,9,10,10,10
"Wisconsin","linear_increase_sd","Past",2020-07-21,"daily_hosps",92,92,92,97,94,109,109,109
"Wisconsin","return_normal","Past",2020-07-21,"daily_hosps",92,92,92,97,94,109,109,109
"Wisconsin","status_quo","Past",2020-07-21,"daily_hosps",92,92,92,97,94,109,109,109
"Wisconsin","linear_increase_sd","Past",2020-07-21,"latent_trend",NA,NA,NA,0.384979550314167,NA,NA,NA,NA
"Wisconsin","return_normal","Past",2020-07-21,"latent_trend",NA,NA,NA,0.384979550314167,NA,NA,NA,NA
"Wisconsin","status_quo","Past",2020-07-21,"latent_trend",NA,NA,NA,0.384979550314167,NA,NA,NA,NA
"Wisconsin","linear_increase_sd","Past",2020-07-21,"mobility_trend",NA,NA,NA,0.949666693217174,NA,NA,NA,NA
"Wisconsin","return_normal","Past",2020-07-21,"mobility_trend",NA,NA,NA,0.949666693217174,NA,NA,NA,NA
"Wisconsin","status_quo","Past",2020-07-21,"mobility_trend",NA,NA,NA,0.949666693217174,NA,NA,NA,NA
"Wisconsin",NA,"Past",2020-07-22,"actual_cumulative_cases",NA,NA,NA,48582,NA,NA,NA,NA
"Wisconsin",NA,"Past",2020-07-22,"actual_cumulative_deaths",NA,NA,NA,871,NA,NA,NA,NA
"Wisconsin",NA,"Past",2020-07-22,"actual_daily_cases",NA,NA,NA,747,NA,NA,NA,NA
"Wisconsin",NA,"Past",2020-07-22,"actual_daily_deaths",NA,NA,NA,6,NA,NA,NA,NA
"Wisconsin","linear_increase_sd","Past",2020-07-22,"combined_trend",NA,NA,NA,0.36107163340047,NA,NA,NA,NA
"Wisconsin","return_normal","Past",2020-07-22,"combined_trend",NA,NA,NA,0.36107163340047,NA,NA,NA,NA
"Wisconsin","status_quo","Past",2020-07-22,"combined_trend",NA,NA,NA,0.36107163340047,NA,NA,NA,NA
"Wisconsin","linear_increase_sd","Past",2020-07-22,"cumulative_all_infections",156137,156137,156137,161003,157043,171416,171416,171416
"Wisconsin","return_normal","Past",2020-07-22,"cumulative_all_infections",156137,156137,156137,161003,157043,171416,171416,171416
"Wisconsin","status_quo","Past",2020-07-22,"cumulative_all_infections",156137,156137,156137,161003,157043,171416,171416,171416
"Wisconsin","linear_increase_sd","Past",2020-07-22,"cumulative_cases",45634,45634,45634,47125,46182,50082,50082,50082
"Wisconsin","return_normal","Past",2020-07-22,"cumulative_cases",45634,45634,45634,47125,46182,50082,50082,50082
"Wisconsin","status_quo","Past",2020-07-22,"cumulative_cases",45634,45634,45634,47125,46182,50082,50082,50082
"Wisconsin","linear_increase_sd","Past",2020-07-22,"cumulative_deaths",757,757,757,791,780,821,821,821
"Wisconsin","return_normal","Past",2020-07-22,"cumulative_deaths",757,757,757,791,780,821,821,821
"Wisconsin","status_quo","Past",2020-07-22,"cumulative_deaths",757,757,757,791,780,821,821,821
"Wisconsin","linear_increase_sd","Past",2020-07-22,"cumulative_hosps",4951,4951,4951,5104,5017,5396,5396,5396
"Wisconsin","return_normal","Past",2020-07-22,"cumulative_hosps",4951,4951,4951,5104,5017,5396,5396,5396
"Wisconsin","status_quo","Past",2020-07-22,"cumulative_hosps",4951,4951,4951,5104,5017,5396,5396,5396
"Wisconsin","linear_increase_sd","Past",2020-07-22,"daily_all_infections",2265,2265,2265,2418,2365,2700,2700,2700
"Wisconsin","return_normal","Past",2020-07-22,"daily_all_infections",2265,2265,2265,2418,2365,2700,2700,2700
"Wisconsin","status_quo","Past",2020-07-22,"daily_all_infections",2265,2265,2265,2418,2365,2700,2700,2700
"Wisconsin","linear_increase_sd","Past",2020-07-22,"daily_cases",820,820,820,892,854,1039,1039,1039
"Wisconsin","return_normal","Past",2020-07-22,"daily_cases",820,820,820,892,854,1039,1039,1039
"Wisconsin","status_quo","Past",2020-07-22,"daily_cases",820,820,820,892,854,1039,1039,1039
"Wisconsin","linear_increase_sd","Past",2020-07-22,"daily_deaths",9,9,9,10,9,11,11,11
"Wisconsin","return_normal","Past",2020-07-22,"daily_deaths",9,9,9,10,9,11,11,11
"Wisconsin","status_quo","Past",2020-07-22,"daily_deaths",9,9,9,10,9,11,11,11
"Wisconsin","linear_increase_sd","Past",2020-07-22,"daily_hosps",92,92,92,97,95,108,108,108
"Wisconsin","return_normal","Past",2020-07-22,"daily_hosps",92,92,92,97,95,108,108,108
"Wisconsin","status_quo","Past",2020-07-22,"daily_hosps",92,92,92,97,95,108,108,108
"Wisconsin","linear_increase_sd","Past",2020-07-22,"latent_trend",NA,NA,NA,0.380579914450136,NA,NA,NA,NA
"Wisconsin","return_normal","Past",2020-07-22,"latent_trend",NA,NA,NA,0.380579914450136,NA,NA,NA,NA
"Wisconsin","status_quo","Past",2020-07-22,"latent_trend",NA,NA,NA,0.380579914450136,NA,NA,NA,NA
"Wisconsin","linear_increase_sd","Past",2020-07-22,"mobility_trend",NA,NA,NA,0.948740644713602,NA,NA,NA,NA
"Wisconsin","return_normal","Past",2020-07-22,"mobility_trend",NA,NA,NA,0.948740644713602,NA,NA,NA,NA
"Wisconsin","status_quo","Past",2020-07-22,"mobility_trend",NA,NA,NA,0.948740644713602,NA,NA,NA,NA
"Wisconsin",NA,"Past",2020-07-23,"actual_cumulative_cases",NA,NA,NA,49668,NA,NA,NA,NA
"Wisconsin",NA,"Past",2020-07-23,"actual_cumulative_deaths",NA,NA,NA,884,NA,NA,NA,NA
"Wisconsin",NA,"Past",2020-07-23,"actual_daily_cases",NA,NA,NA,1086,NA,NA,NA,NA
"Wisconsin",NA,"Past",2020-07-23,"actual_daily_deaths",NA,NA,NA,13,NA,NA,NA,NA
"Wisconsin","linear_increase_sd","Past",2020-07-23,"combined_trend",NA,NA,NA,0.356642872509496,NA,NA,NA,NA
"Wisconsin","return_normal","Past",2020-07-23,"combined_trend",NA,NA,NA,0.356642872509496,NA,NA,NA,NA
"Wisconsin","status_quo","Past",2020-07-23,"combined_trend",NA,NA,NA,0.356642872509496,NA,NA,NA,NA
"Wisconsin","linear_increase_sd","Past",2020-07-23,"cumulative_all_infections",158483,158483,158483,163403,159332,174094,174094,174094
"Wisconsin","return_normal","Past",2020-07-23,"cumulative_all_infections",158483,158483,158483,163403,159332,174094,174094,174094
"Wisconsin","status_quo","Past",2020-07-23,"cumulative_all_infections",158483,158483,158483,163403,159332,174094,174094,174094
"Wisconsin","linear_increase_sd","Past",2020-07-23,"cumulative_cases",46439,46439,46439,47986,46985,51045,51045,51045
"Wisconsin","return_normal","Past",2020-07-23,"cumulative_cases",46439,46439,46439,47986,46985,51045,51045,51045
"Wisconsin","status_quo","Past",2020-07-23,"cumulative_cases",46439,46439,46439,47986,46985,51045,51045,51045
"Wisconsin","linear_increase_sd","Past",2020-07-23,"cumulative_deaths",767,767,767,800,789,831,831,831
"Wisconsin","return_normal","Past",2020-07-23,"cumulative_deaths",767,767,767,800,789,831,831,831
"Wisconsin","status_quo","Past",2020-07-23,"cumulative_deaths",767,767,767,800,789,831,831,831
"Wisconsin","linear_increase_sd","Past",2020-07-23,"cumulative_hosps",5048,5048,5048,5203,5109,5509,5509,5509
"Wisconsin","return_normal","Past",2020-07-23,"cumulative_hosps",5048,5048,5048,5203,5109,5509,5509,5509
"Wisconsin","status_quo","Past",2020-07-23,"cumulative_hosps",5048,5048,5048,5203,5109,5509,5509,5509
"Wisconsin","linear_increase_sd","Past",2020-07-23,"daily_all_infections",2284,2284,2284,2401,2346,2678,2678,2678
"Wisconsin","return_normal","Past",2020-07-23,"daily_all_infections",2284,2284,2284,2401,2346,2678,2678,2678
"Wisconsin","status_quo","Past",2020-07-23,"daily_all_infections",2284,2284,2284,2401,2346,2678,2678,2678
"Wisconsin","linear_increase_sd","Past",2020-07-23,"daily_cases",803,803,803,861,867,963,963,963
"Wisconsin","return_normal","Past",2020-07-23,"daily_cases",803,803,803,861,867,963,963,963
"Wisconsin","status_quo","Past",2020-07-23,"daily_cases",803,803,803,861,867,963,963,963
"Wisconsin","linear_increase_sd","Past",2020-07-23,"daily_deaths",9,9,9,10,10,10,10,10
"Wisconsin","return_normal","Past",2020-07-23,"daily_deaths",9,9,9,10,10,10,10,10
"Wisconsin","status_quo","Past",2020-07-23,"daily_deaths",9,9,9,10,10,10,10,10
"Wisconsin","linear_increase_sd","Past",2020-07-23,"daily_hosps",92,92,92,100,97,113,113,113
"Wisconsin","return_normal","Past",2020-07-23,"daily_hosps",92,92,92,100,97,113,113,113
"Wisconsin","status_quo","Past",2020-07-23,"daily_hosps",92,92,92,100,97,113,113,113
"Wisconsin","linear_increase_sd","Past",2020-07-23,"latent_trend",NA,NA,NA,0.376626052446494,NA,NA,NA,NA
"Wisconsin","return_normal","Past",2020-07-23,"latent_trend",NA,NA,NA,0.376626052446494,NA,NA,NA,NA
"Wisconsin","status_quo","Past",2020-07-23,"latent_trend",NA,NA,NA,0.376626052446494,NA,NA,NA,NA
"Wisconsin","linear_increase_sd","Past",2020-07-23,"mobility_trend",NA,NA,NA,0.94694158885932,NA,NA,NA,NA
"Wisconsin","return_normal","Past",2020-07-23,"mobility_trend",NA,NA,NA,0.94694158885932,NA,NA,NA,NA
"Wisconsin","status_quo","Past",2020-07-23,"mobility_trend",NA,NA,NA,0.94694158885932,NA,NA,NA,NA
"Wisconsin",NA,"Past",2020-07-24,"actual_cumulative_cases",NA,NA,NA,50726,NA,NA,NA,NA
"Wisconsin",NA,"Past",2020-07-24,"actual_cumulative_deaths",NA,NA,NA,884,NA,NA,NA,NA
"Wisconsin",NA,"Past",2020-07-24,"actual_daily_cases",NA,NA,NA,1058,NA,NA,NA,NA
"Wisconsin",NA,"Past",2020-07-24,"actual_daily_deaths",NA,NA,NA,0,NA,NA,NA,NA
"Wisconsin","linear_increase_sd","Past",2020-07-24,"combined_trend",NA,NA,NA,0.352336137937085,NA,NA,NA,NA
"Wisconsin","return_normal","Past",2020-07-24,"combined_trend",NA,NA,NA,0.352336137937085,NA,NA,NA,NA
"Wisconsin","status_quo","Past",2020-07-24,"combined_trend",NA,NA,NA,0.352336137937085,NA,NA,NA,NA
"Wisconsin","linear_increase_sd","Past",2020-07-24,"cumulative_all_infections",160823,160823,160823,165783,161584,176747,176747,176747
"Wisconsin","return_normal","Past",2020-07-24,"cumulative_all_infections",160823,160823,160823,165783,161584,176747,176747,176747
"Wisconsin","status_quo","Past",2020-07-24,"cumulative_all_infections",160823,160823,160823,165783,161584,176747,176747,176747
"Wisconsin","linear_increase_sd","Past",2020-07-24,"cumulative_cases",47281,47281,47281,48847,47770,52043,52043,52043
"Wisconsin","return_normal","Past",2020-07-24,"cumulative_cases",47281,47281,47281,48847,47770,52043,52043,52043
"Wisconsin","status_quo","Past",2020-07-24,"cumulative_cases",47281,47281,47281,48847,47770,52043,52043,52043
"Wisconsin","linear_increase_sd","Past",2020-07-24,"cumulative_deaths",777,777,777,810,799,841,841,841
"Wisconsin","return_normal","Past",2020-07-24,"cumulative_deaths",777,777,777,810,799,841,841,841
"Wisconsin","status_quo","Past",2020-07-24,"cumulative_deaths",777,777,777,810,799,841,841,841
"Wisconsin","linear_increase_sd","Past",2020-07-24,"cumulative_hosps",5147,5147,5147,5304,5203,5620,5620,5620
"Wisconsin","return_normal","Past",2020-07-24,"cumulative_hosps",5147,5147,5147,5304,5203,5620,5620,5620
"Wisconsin","status_quo","Past",2020-07-24,"cumulative_hosps",5147,5147,5147,5304,5203,5620,5620,5620
"Wisconsin","linear_increase_sd","Past",2020-07-24,"daily_all_infections",2252,2252,2252,2380,2340,2653,2653,2653
"Wisconsin","return_normal","Past",2020-07-24,"daily_all_infections",2252,2252,2252,2380,2340,2653,2653,2653
"Wisconsin","status_quo","Past",2020-07-24,"daily_all_infections",2252,2252,2252,2380,2340,2653,2653,2653
"Wisconsin","linear_increase_sd","Past",2020-07-24,"daily_cases",785,785,785,861,842,998,998,998
"Wisconsin","return_normal","Past",2020-07-24,"daily_cases",785,785,785,861,842,998,998,998
"Wisconsin","status_quo","Past",2020-07-24,"daily_cases",785,785,785,861,842,998,998,998
"Wisconsin","linear_increase_sd","Past",2020-07-24,"daily_deaths",10,10,10,10,10,10,10,10
"Wisconsin","return_normal","Past",2020-07-24,"daily_deaths",10,10,10,10,10,10,10,10
"Wisconsin","status_quo","Past",2020-07-24,"daily_deaths",10,10,10,10,10,10,10,10
"Wisconsin","linear_increase_sd","Past",2020-07-24,"daily_hosps",94,94,94,101,99,111,111,111
"Wisconsin","return_normal","Past",2020-07-24,"daily_hosps",94,94,94,101,99,111,111,111
"Wisconsin","status_quo","Past",2020-07-24,"daily_hosps",94,94,94,101,99,111,111,111
"Wisconsin","linear_increase_sd","Past",2020-07-24,"latent_trend",NA,NA,NA,0.373201055982633,NA,NA,NA,NA
"Wisconsin","return_normal","Past",2020-07-24,"latent_trend",NA,NA,NA,0.373201055982633,NA,NA,NA,NA
"Wisconsin","status_quo","Past",2020-07-24,"latent_trend",NA,NA,NA,0.373201055982633,NA,NA,NA,NA
"Wisconsin","linear_increase_sd","Past",2020-07-24,"mobility_trend",NA,NA,NA,0.944092017664285,NA,NA,NA,NA
"Wisconsin","return_normal","Past",2020-07-24,"mobility_trend",NA,NA,NA,0.944092017664285,NA,NA,NA,NA
"Wisconsin","status_quo","Past",2020-07-24,"mobility_trend",NA,NA,NA,0.944092017664285,NA,NA,NA,NA
"Wisconsin",NA,"Past",2020-07-25,"actual_cumulative_cases",NA,NA,NA,51714,NA,NA,NA,NA
"Wisconsin",NA,"Past",2020-07-25,"actual_cumulative_deaths",NA,NA,NA,897,NA,NA,NA,NA
"Wisconsin",NA,"Past",2020-07-25,"actual_daily_cases",NA,NA,NA,988,NA,NA,NA,NA
"Wisconsin",NA,"Past",2020-07-25,"actual_daily_deaths",NA,NA,NA,13,NA,NA,NA,NA
"Wisconsin","linear_increase_sd","Past",2020-07-25,"combined_trend",NA,NA,NA,0.348242851407611,NA,NA,NA,NA
"Wisconsin","return_normal","Past",2020-07-25,"combined_trend",NA,NA,NA,0.348242851407611,NA,NA,NA,NA
"Wisconsin","status_quo","Past",2020-07-25,"combined_trend",NA,NA,NA,0.348242851407611,NA,NA,NA,NA
"Wisconsin","linear_increase_sd","Past",2020-07-25,"cumulative_all_infections",163153,163153,163153,168144,163793,179372,179372,179372
"Wisconsin","return_normal","Past",2020-07-25,"cumulative_all_infections",163153,163153,163153,168144,163793,179372,179372,179372
"Wisconsin","status_quo","Past",2020-07-25,"cumulative_all_infections",163153,163153,163153,168144,163793,179372,179372,179372
"Wisconsin","linear_increase_sd","Past",2020-07-25,"cumulative_cases",48135,48135,48135,49720,48561,52990,52990,52990
"Wisconsin","return_normal","Past",2020-07-25,"cumulative_cases",48135,48135,48135,49720,48561,52990,52990,52990
"Wisconsin","status_quo","Past",2020-07-25,"cumulative_cases",48135,48135,48135,49720,48561,52990,52990,52990
"Wisconsin","linear_increase_sd","Past",2020-07-25,"cumulative_deaths",786,786,786,820,811,853,853,853
"Wisconsin","return_normal","Past",2020-07-25,"cumulative_deaths",786,786,786,820,811,853,853,853
"Wisconsin","status_quo","Past",2020-07-25,"cumulative_deaths",786,786,786,820,811,853,853,853
"Wisconsin","linear_increase_sd","Past",2020-07-25,"cumulative_hosps",5246,5246,5246,5406,5297,5735,5735,5735
"Wisconsin","return_normal","Past",2020-07-25,"cumulative_hosps",5246,5246,5246,5406,5297,5735,5735,5735
"Wisconsin","status_quo","Past",2020-07-25,"cumulative_hosps",5246,5246,5246,5406,5297,5735,5735,5735
"Wisconsin","linear_increase_sd","Past",2020-07-25,"daily_all_infections",2209,2209,2209,2362,2330,2625,2625,2625
"Wisconsin","return_normal","Past",2020-07-25,"daily_all_infections",2209,2209,2209,2362,2330,2625,2625,2625
"Wisconsin","status_quo","Past",2020-07-25,"daily_all_infections",2209,2209,2209,2362,2330,2625,2625,2625
"Wisconsin","linear_increase_sd","Past",2020-07-25,"daily_cases",791,791,791,874,873,947,947,947
"Wisconsin","return_normal","Past",2020-07-25,"daily_cases",791,791,791,874,873,947,947,947
"Wisconsin","status_quo","Past",2020-07-25,"daily_cases",791,791,791,874,873,947,947,947
"Wisconsin","linear_increase_sd","Past",2020-07-25,"daily_deaths",8,8,8,11,10,12,12,12
"Wisconsin","return_normal","Past",2020-07-25,"daily_deaths",8,8,8,11,10,12,12,12
"Wisconsin","status_quo","Past",2020-07-25,"daily_deaths",8,8,8,11,10,12,12,12
"Wisconsin","linear_increase_sd","Past",2020-07-25,"daily_hosps",94,94,94,102,99,115,115,115
"Wisconsin","return_normal","Past",2020-07-25,"daily_hosps",94,94,94,102,99,115,115,115
"Wisconsin","status_quo","Past",2020-07-25,"daily_hosps",94,94,94,102,99,115,115,115
"Wisconsin","linear_increase_sd","Past",2020-07-25,"latent_trend",NA,NA,NA,0.37038718135251,NA,NA,NA,NA
"Wisconsin","return_normal","Past",2020-07-25,"latent_trend",NA,NA,NA,0.37038718135251,NA,NA,NA,NA
"Wisconsin","status_quo","Past",2020-07-25,"latent_trend",NA,NA,NA,0.37038718135251,NA,NA,NA,NA
"Wisconsin","linear_increase_sd","Past",2020-07-25,"mobility_trend",NA,NA,NA,0.940213022858844,NA,NA,NA,NA
"Wisconsin","return_normal","Past",2020-07-25,"mobility_trend",NA,NA,NA,0.940213022858844,NA,NA,NA,NA
"Wisconsin","status_quo","Past",2020-07-25,"mobility_trend",NA,NA,NA,0.940213022858844,NA,NA,NA,NA
"Wisconsin",NA,"Past",2020-07-26,"actual_cumulative_cases",NA,NA,NA,52679,NA,NA,NA,NA
"Wisconsin",NA,"Past",2020-07-26,"actual_cumulative_deaths",NA,NA,NA,898,NA,NA,NA,NA
"Wisconsin",NA,"Past",2020-07-26,"actual_daily_cases",NA,NA,NA,965,NA,NA,NA,NA
"Wisconsin",NA,"Past",2020-07-26,"actual_daily_deaths",NA,NA,NA,1,NA,NA,NA,NA
"Wisconsin","linear_increase_sd","Past",2020-07-26,"combined_trend",NA,NA,NA,0.344467331143304,NA,NA,NA,NA
"Wisconsin","return_normal","Past",2020-07-26,"combined_trend",NA,NA,NA,0.344467331143304,NA,NA,NA,NA
"Wisconsin","status_quo","Past",2020-07-26,"combined_trend",NA,NA,NA,0.344467331143304,NA,NA,NA,NA
"Wisconsin","linear_increase_sd","Past",2020-07-26,"cumulative_all_infections",165468,165468,165468,170480,165964,181960,181960,181960
"Wisconsin","return_normal","Past",2020-07-26,"cumulative_all_infections",165468,165468,165468,170480,165964,181960,181960,181960
"Wisconsin","status_quo","Past",2020-07-26,"cumulative_all_infections",165468,165468,165468,170480,165964,181960,181960,181960
"Wisconsin","linear_increase_sd","Past",2020-07-26,"cumulative_cases",49006,49006,49006,50615,49427,53977,53977,53977
"Wisconsin","return_normal","Past",2020-07-26,"cumulative_cases",49006,49006,49006,50615,49427,53977,53977,53977
"Wisconsin","status_quo","Past",2020-07-26,"cumulative_cases",49006,49006,49006,50615,49427,53977,53977,53977
"Wisconsin","linear_increase_sd","Past",2020-07-26,"cumulative_deaths",797,797,797,830,821,863,863,863
"Wisconsin","return_normal","Past",2020-07-26,"cumulative_deaths",797,797,797,830,821,863,863,863
"Wisconsin","status_quo","Past",2020-07-26,"cumulative_deaths",797,797,797,830,821,863,863,863
"Wisconsin","linear_increase_sd","Past",2020-07-26,"cumulative_hosps",5345,5345,5345,5507,5392,5849,5849,5849
"Wisconsin","return_normal","Past",2020-07-26,"cumulative_hosps",5345,5345,5345,5507,5392,5849,5849,5849
"Wisconsin","status_quo","Past",2020-07-26,"cumulative_hosps",5345,5345,5345,5507,5392,5849,5849,5849
"Wisconsin","linear_increase_sd","Past",2020-07-26,"daily_all_infections",2171,2171,2171,2336,2304,2588,2588,2588
"Wisconsin","return_normal","Past",2020-07-26,"daily_all_infections",2171,2171,2171,2336,2304,2588,2588,2588
"Wisconsin","status_quo","Past",2020-07-26,"daily_all_infections",2171,2171,2171,2336,2304,2588,2588,2588
"Wisconsin","linear_increase_sd","Past",2020-07-26,"daily_cases",860,860,860,896,871,987,987,987
"Wisconsin","return_normal","Past",2020-07-26,"daily_cases",860,860,860,896,871,987,987,987
"Wisconsin","status_quo","Past",2020-07-26,"daily_cases",860,860,860,896,871,987,987,987
"Wisconsin","linear_increase_sd","Past",2020-07-26,"daily_deaths",9,9,9,10,10,11,11,11
"Wisconsin","return_normal","Past",2020-07-26,"daily_deaths",9,9,9,10,10,11,11,11
"Wisconsin","status_quo","Past",2020-07-26,"daily_deaths",9,9,9,10,10,11,11,11
"Wisconsin","linear_increase_sd","Past",2020-07-26,"daily_hosps",95,95,95,102,99,114,114,114
"Wisconsin","return_normal","Past",2020-07-26,"daily_hosps",95,95,95,102,99,114,114,114
"Wisconsin","status_quo","Past",2020-07-26,"daily_hosps",95,95,95,102,99,114,114,114
"Wisconsin","linear_increase_sd","Past",2020-07-26,"latent_trend",NA,NA,NA,0.368266421151975,NA,NA,NA,NA
"Wisconsin","return_normal","Past",2020-07-26,"latent_trend",NA,NA,NA,0.368266421151975,NA,NA,NA,NA
"Wisconsin","status_quo","Past",2020-07-26,"latent_trend",NA,NA,NA,0.368266421151975,NA,NA,NA,NA
"Wisconsin","linear_increase_sd","Past",2020-07-26,"mobility_trend",NA,NA,NA,0.935375346103442,NA,NA,NA,NA
"Wisconsin","return_normal","Past",2020-07-26,"mobility_trend",NA,NA,NA,0.935375346103442,NA,NA,NA,NA
"Wisconsin","status_quo","Past",2020-07-26,"mobility_trend",NA,NA,NA,0.935375346103442,NA,NA,NA,NA
"Wisconsin",NA,"Past",2020-07-27,"actual_cumulative_cases",NA,NA,NA,53280,NA,NA,NA,NA
"Wisconsin",NA,"Past",2020-07-27,"actual_cumulative_deaths",NA,NA,NA,899,NA,NA,NA,NA
"Wisconsin",NA,"Past",2020-07-27,"actual_daily_cases",NA,NA,NA,601,NA,NA,NA,NA
"Wisconsin",NA,"Past",2020-07-27,"actual_daily_deaths",NA,NA,NA,1,NA,NA,NA,NA
"Wisconsin","linear_increase_sd","Past",2020-07-27,"combined_trend",NA,NA,NA,0.341123592444981,NA,NA,NA,NA
"Wisconsin","return_normal","Past",2020-07-27,"combined_trend",NA,NA,NA,0.341123592444981,NA,NA,NA,NA
"Wisconsin","status_quo","Past",2020-07-27,"combined_trend",NA,NA,NA,0.341123592444981,NA,NA,NA,NA
"Wisconsin","linear_increase_sd","Past",2020-07-27,"cumulative_all_infections",167763,167763,167763,172785,168105,184516,184516,184516
"Wisconsin","return_normal","Past",2020-07-27,"cumulative_all_infections",167763,167763,167763,172785,168105,184516,184516,184516
"Wisconsin","status_quo","Past",2020-07-27,"cumulative_all_infections",167763,167763,167763,172785,168105,184516,184516,184516
"Wisconsin","linear_increase_sd","Past",2020-07-27,"cumulative_cases",49819,49819,49819,51473,50243,54958,54958,54958
"Wisconsin","return_normal","Past",2020-07-27,"cumulative_cases",49819,49819,49819,51473,50243,54958,54958,54958
"Wisconsin","status_quo","Past",2020-07-27,"cumulative_cases",49819,49819,49819,51473,50243,54958,54958,54958
"Wisconsin","linear_increase_sd","Past",2020-07-27,"cumulative_deaths",807,807,807,841,831,875,875,875
"Wisconsin","return_normal","Past",2020-07-27,"cumulative_deaths",807,807,807,841,831,875,875,875
"Wisconsin","status_quo","Past",2020-07-27,"cumulative_deaths",807,807,807,841,831,875,875,875
"Wisconsin","linear_increase_sd","Past",2020-07-27,"cumulative_hosps",5444,5444,5444,5610,5486,5965,5965,5965
"Wisconsin","return_normal","Past",2020-07-27,"cumulative_hosps",5444,5444,5444,5610,5486,5965,5965,5965
"Wisconsin","status_quo","Past",2020-07-27,"cumulative_hosps",5444,5444,5444,5610,5486,5965,5965,5965
"Wisconsin","linear_increase_sd","Past",2020-07-27,"daily_all_infections",2129,2129,2129,2306,2295,2556,2556,2556
"Wisconsin","return_normal","Past",2020-07-27,"daily_all_infections",2129,2129,2129,2306,2295,2556,2556,2556
"Wisconsin","status_quo","Past",2020-07-27,"daily_all_infections",2129,2129,2129,2306,2295,2556,2556,2556
"Wisconsin","linear_increase_sd","Past",2020-07-27,"daily_cases",813,813,813,858,816,981,981,981
"Wisconsin","return_normal","Past",2020-07-27,"daily_cases",813,813,813,858,816,981,981,981
"Wisconsin","status_quo","Past",2020-07-27,"daily_cases",813,813,813,858,816,981,981,981
"Wisconsin","linear_increase_sd","Past",2020-07-27,"daily_deaths",10,10,10,11,10,12,12,12
"Wisconsin","return_normal","Past",2020-07-27,"daily_deaths",10,10,10,11,10,12,12,12
"Wisconsin","status_quo","Past",2020-07-27,"daily_deaths",10,10,10,11,10,12,12,12
"Wisconsin","linear_increase_sd","Past",2020-07-27,"daily_hosps",94,94,94,103,101,116,116,116
"Wisconsin","return_normal","Past",2020-07-27,"daily_hosps",94,94,94,103,101,116,116,116
"Wisconsin","status_quo","Past",2020-07-27,"daily_hosps",94,94,94,103,101,116,116,116
"Wisconsin","linear_increase_sd","Past",2020-07-27,"latent_trend",NA,NA,NA,0.366921203257696,NA,NA,NA,NA
"Wisconsin","return_normal","Past",2020-07-27,"latent_trend",NA,NA,NA,0.366921203257696,NA,NA,NA,NA
"Wisconsin","status_quo","Past",2020-07-27,"latent_trend",NA,NA,NA,0.366921203257696,NA,NA,NA,NA
"Wisconsin","linear_increase_sd","Past",2020-07-27,"mobility_trend",NA,NA,NA,0.929691686978917,NA,NA,NA,NA
"Wisconsin","return_normal","Past",2020-07-27,"mobility_trend",NA,NA,NA,0.929691686978917,NA,NA,NA,NA
"Wisconsin","status_quo","Past",2020-07-27,"mobility_trend",NA,NA,NA,0.929691686978917,NA,NA,NA,NA
"Wisconsin",NA,"Past",2020-07-28,"actual_cumulative_cases",NA,NA,NA,54063,NA,NA,NA,NA
"Wisconsin",NA,"Past",2020-07-28,"actual_cumulative_deaths",NA,NA,NA,912,NA,NA,NA,NA
"Wisconsin",NA,"Past",2020-07-28,"actual_daily_cases",NA,NA,NA,783,NA,NA,NA,NA
"Wisconsin",NA,"Past",2020-07-28,"actual_daily_deaths",NA,NA,NA,13,NA,NA,NA,NA
"Wisconsin","linear_increase_sd","Past",2020-07-28,"combined_trend",NA,NA,NA,0.33838130870063,NA,NA,NA,NA
"Wisconsin","return_normal","Past",2020-07-28,"combined_trend",NA,NA,NA,0.33838130870063,NA,NA,NA,NA
"Wisconsin","status_quo","Past",2020-07-28,"combined_trend",NA,NA,NA,0.33838130870063,NA,NA,NA,NA
"Wisconsin","linear_increase_sd","Past",2020-07-28,"cumulative_all_infections",170027,170027,170027,175065,170394,187045,187045,187045
"Wisconsin","return_normal","Past",2020-07-28,"cumulative_all_infections",170027,170027,170027,175065,170394,187045,187045,187045
"Wisconsin","status_quo","Past",2020-07-28,"cumulative_all_infections",170027,170027,170027,175065,170394,187045,187045,187045
"Wisconsin","linear_increase_sd","Past",2020-07-28,"cumulative_cases",50632,50632,50632,52326,51043,55925,55925,55925
"Wisconsin","return_normal","Past",2020-07-28,"cumulative_cases",50632,50632,50632,52326,51043,55925,55925,55925
"Wisconsin","status_quo","Past",2020-07-28,"cumulative_cases",50632,50632,50632,52326,51043,55925,55925,55925
"Wisconsin","linear_increase_sd","Past",2020-07-28,"cumulative_deaths",817,817,817,851,841,887,887,887
"Wisconsin","return_normal","Past",2020-07-28,"cumulative_deaths",817,817,817,851,841,887,887,887
"Wisconsin","status_quo","Past",2020-07-28,"cumulative_deaths",817,817,817,851,841,887,887,887
"Wisconsin","linear_increase_sd","Past",2020-07-28,"cumulative_hosps",5545,5545,5545,5714,5582,6081,6081,6081
"Wisconsin","return_normal","Past",2020-07-28,"cumulative_hosps",5545,5545,5545,5714,5582,6081,6081,6081
"Wisconsin","status_quo","Past",2020-07-28,"cumulative_hosps",5545,5545,5545,5714,5582,6081,6081,6081
"Wisconsin","linear_increase_sd","Past",2020-07-28,"daily_all_infections",2088,2088,2088,2280,2264,2529,2529,2529
"Wisconsin","return_normal","Past",2020-07-28,"daily_all_infections",2088,2088,2088,2280,2264,2529,2529,2529
"Wisconsin","status_quo","Past",2020-07-28,"daily_all_infections",2088,2088,2088,2280,2264,2529,2529,2529
"Wisconsin","linear_increase_sd","Past",2020-07-28,"daily_cases",800,800,800,853,813,967,967,967
"Wisconsin","return_normal","Past",2020-07-28,"daily_cases",800,800,800,853,813,967,967,967
"Wisconsin","status_quo","Past",2020-07-28,"daily_cases",800,800,800,853,813,967,967,967
"Wisconsin","linear_increase_sd","Past",2020-07-28,"daily_deaths",8,8,8,10,10,12,12,12
"Wisconsin","return_normal","Past",2020-07-28,"daily_deaths",8,8,8,10,10,12,12,12
"Wisconsin","status_quo","Past",2020-07-28,"daily_deaths",8,8,8,10,10,12,12,12
"Wisconsin","linear_increase_sd","Past",2020-07-28,"daily_hosps",96,96,96,104,101,116,116,116
"Wisconsin","return_normal","Past",2020-07-28,"daily_hosps",96,96,96,104,101,116,116,116
"Wisconsin","status_quo","Past",2020-07-28,"daily_hosps",96,96,96,104,101,116,116,116
"Wisconsin","linear_increase_sd","Past",2020-07-28,"latent_trend",NA,NA,NA,0.366434597257126,NA,NA,NA,NA
"Wisconsin","return_normal","Past",2020-07-28,"latent_trend",NA,NA,NA,0.366434597257126,NA,NA,NA,NA
"Wisconsin","status_quo","Past",2020-07-28,"latent_trend",NA,NA,NA,0.366434597257126,NA,NA,NA,NA
"Wisconsin","linear_increase_sd","Past",2020-07-28,"mobility_trend",NA,NA,NA,0.923442576747711,NA,NA,NA,NA
"Wisconsin","return_normal","Past",2020-07-28,"mobility_trend",NA,NA,NA,0.923442576747711,NA,NA,NA,NA
"Wisconsin","status_quo","Past",2020-07-28,"mobility_trend",NA,NA,NA,0.923442576747711,NA,NA,NA,NA
"Wisconsin",NA,"Past",2020-07-29,"actual_cumulative_cases",NA,NA,NA,54987,NA,NA,NA,NA
"Wisconsin",NA,"Past",2020-07-29,"actual_cumulative_deaths",NA,NA,NA,917,NA,NA,NA,NA
"Wisconsin",NA,"Past",2020-07-29,"actual_daily_cases",NA,NA,NA,924,NA,NA,NA,NA
"Wisconsin",NA,"Past",2020-07-29,"actual_daily_deaths",NA,NA,NA,5,NA,NA,NA,NA
"Wisconsin","linear_increase_sd","Past",2020-07-29,"combined_trend",NA,NA,NA,0.336333695551222,NA,NA,NA,NA
"Wisconsin","return_normal","Past",2020-07-29,"combined_trend",NA,NA,NA,0.336333695551222,NA,NA,NA,NA
"Wisconsin","status_quo","Past",2020-07-29,"combined_trend",NA,NA,NA,0.336333695551222,NA,NA,NA,NA
"Wisconsin","linear_increase_sd","Past",2020-07-29,"cumulative_all_infections",172247,172247,172247,177318,172661,189533,189533,189533
"Wisconsin","return_normal","Past",2020-07-29,"cumulative_all_infections",172247,172247,172247,177318,172661,189533,189533,189533
"Wisconsin","status_quo","Past",2020-07-29,"cumulative_all_infections",172247,172247,172247,177318,172661,189533,189533,189533
"Wisconsin","linear_increase_sd","Past",2020-07-29,"cumulative_cases",51453,51453,51453,53189,51880,56915,56915,56915
"Wisconsin","return_normal","Past",2020-07-29,"cumulative_cases",51453,51453,51453,53189,51880,56915,56915,56915
"Wisconsin","status_quo","Past",2020-07-29,"cumulative_cases",51453,51453,51453,53189,51880,56915,56915,56915
"Wisconsin","linear_increase_sd","Past",2020-07-29,"cumulative_deaths",826,826,826,860,851,898,898,898
"Wisconsin","return_normal","Past",2020-07-29,"cumulative_deaths",826,826,826,860,851,898,898,898
"Wisconsin","status_quo","Past",2020-07-29,"cumulative_deaths",826,826,826,860,851,898,898,898
"Wisconsin","linear_increase_sd","Past",2020-07-29,"cumulative_hosps",5644,5644,5644,5817,5678,6197,6197,6197
"Wisconsin","return_normal","Past",2020-07-29,"cumulative_hosps",5644,5644,5644,5817,5678,6197,6197,6197
"Wisconsin","status_quo","Past",2020-07-29,"cumulative_hosps",5644,5644,5644,5817,5678,6197,6197,6197
"Wisconsin","linear_increase_sd","Past",2020-07-29,"daily_all_infections",2066,2066,2066,2253,2237,2488,2488,2488
"Wisconsin","return_normal","Past",2020-07-29,"daily_all_infections",2066,2066,2066,2253,2237,2488,2488,2488
"Wisconsin","status_quo","Past",2020-07-29,"daily_all_infections",2066,2066,2066,2253,2237,2488,2488,2488
"Wisconsin","linear_increase_sd","Past",2020-07-29,"daily_cases",801,801,801,864,837,990,990,990
"Wisconsin","return_normal","Past",2020-07-29,"daily_cases",801,801,801,864,837,990,990,990
"Wisconsin","status_quo","Past",2020-07-29,"daily_cases",801,801,801,864,837,990,990,990
"Wisconsin","linear_increase_sd","Past",2020-07-29,"daily_deaths",9,9,9,10,10,11,11,11
"Wisconsin","return_normal","Past",2020-07-29,"daily_deaths",9,9,9,10,10,11,11,11
"Wisconsin","status_quo","Past",2020-07-29,"daily_deaths",9,9,9,10,10,11,11,11
"Wisconsin","linear_increase_sd","Past",2020-07-29,"daily_hosps",96,96,96,104,101,116,116,116
"Wisconsin","return_normal","Past",2020-07-29,"daily_hosps",96,96,96,104,101,116,116,116
"Wisconsin","status_quo","Past",2020-07-29,"daily_hosps",96,96,96,104,101,116,116,116
"Wisconsin","linear_increase_sd","Past",2020-07-29,"latent_trend",NA,NA,NA,0.366818938049088,NA,NA,NA,NA
"Wisconsin","return_normal","Past",2020-07-29,"latent_trend",NA,NA,NA,0.366818938049088,NA,NA,NA,NA
"Wisconsin","status_quo","Past",2020-07-29,"latent_trend",NA,NA,NA,0.366818938049088,NA,NA,NA,NA
"Wisconsin","linear_increase_sd","Past",2020-07-29,"mobility_trend",NA,NA,NA,0.916892942714462,NA,NA,NA,NA
"Wisconsin","return_normal","Past",2020-07-29,"mobility_trend",NA,NA,NA,0.916892942714462,NA,NA,NA,NA
"Wisconsin","status_quo","Past",2020-07-29,"mobility_trend",NA,NA,NA,0.916892942714462,NA,NA,NA,NA
"Wisconsin",NA,"Past",2020-07-30,"actual_cumulative_cases",NA,NA,NA,56078,NA,NA,NA,NA
"Wisconsin",NA,"Past",2020-07-30,"actual_cumulative_deaths",NA,NA,NA,925,NA,NA,NA,NA
"Wisconsin",NA,"Past",2020-07-30,"actual_daily_cases",NA,NA,NA,1091,NA,NA,NA,NA
"Wisconsin",NA,"Past",2020-07-30,"actual_daily_deaths",NA,NA,NA,8,NA,NA,NA,NA
"Wisconsin","linear_increase_sd","Past",2020-07-30,"combined_trend",NA,NA,NA,0.33486068675614,NA,NA,NA,NA
"Wisconsin","return_normal","Past",2020-07-30,"combined_trend",NA,NA,NA,0.33486068675614,NA,NA,NA,NA
"Wisconsin","status_quo","Past",2020-07-30,"combined_trend",NA,NA,NA,0.33486068675614,NA,NA,NA,NA
"Wisconsin","linear_increase_sd","Past",2020-07-30,"cumulative_all_infections",174293,174293,174293,179551,174921,191992,191992,191992
"Wisconsin","return_normal","Past",2020-07-30,"cumulative_all_infections",174293,174293,174293,179551,174921,191992,191992,191992
"Wisconsin","status_quo","Past",2020-07-30,"cumulative_all_infections",174293,174293,174293,179551,174921,191992,191992,191992
"Wisconsin","linear_increase_sd","Past",2020-07-30,"cumulative_cases",52290,52290,52290,54052,52704,57909,57909,57909
"Wisconsin","return_normal","Past",2020-07-30,"cumulative_cases",52290,52290,52290,54052,52704,57909,57909,57909
"Wisconsin","status_quo","Past",2020-07-30,"cumulative_cases",52290,52290,52290,54052,52704,57909,57909,57909
"Wisconsin","linear_increase_sd","Past",2020-07-30,"cumulative_deaths",835,835,835,870,862,908,908,908
"Wisconsin","return_normal","Past",2020-07-30,"cumulative_deaths",835,835,835,870,862,908,908,908
"Wisconsin","status_quo","Past",2020-07-30,"cumulative_deaths",835,835,835,870,862,908,908,908
"Wisconsin","linear_increase_sd","Past",2020-07-30,"cumulative_hosps",5746,5746,5746,5921,5778,6314,6314,6314
"Wisconsin","return_normal","Past",2020-07-30,"cumulative_hosps",5746,5746,5746,5921,5778,6314,6314,6314
"Wisconsin","status_quo","Past",2020-07-30,"cumulative_hosps",5746,5746,5746,5921,5778,6314,6314,6314
"Wisconsin","linear_increase_sd","Past",2020-07-30,"daily_all_infections",2046,2046,2046,2233,2218,2459,2459,2459
"Wisconsin","return_normal","Past",2020-07-30,"daily_all_infections",2046,2046,2046,2233,2218,2459,2459,2459
"Wisconsin","status_quo","Past",2020-07-30,"daily_all_infections",2046,2046,2046,2233,2218,2459,2459,2459
"Wisconsin","linear_increase_sd","Past",2020-07-30,"daily_cases",786,786,786,864,837,994,994,994
"Wisconsin","return_normal","Past",2020-07-30,"daily_cases",786,786,786,864,837,994,994,994
"Wisconsin","status_quo","Past",2020-07-30,"daily_cases",786,786,786,864,837,994,994,994
"Wisconsin","linear_increase_sd","Past",2020-07-30,"daily_deaths",9,9,9,10,10,11,11,11
"Wisconsin","return_normal","Past",2020-07-30,"daily_deaths",9,9,9,10,10,11,11,11
"Wisconsin","status_quo","Past",2020-07-30,"daily_deaths",9,9,9,10,10,11,11,11
"Wisconsin","linear_increase_sd","Past",2020-07-30,"daily_hosps",95,95,95,104,102,117,117,117
"Wisconsin","return_normal","Past",2020-07-30,"daily_hosps",95,95,95,104,102,117,117,117
"Wisconsin","status_quo","Past",2020-07-30,"daily_hosps",95,95,95,104,102,117,117,117
"Wisconsin","linear_increase_sd","Past",2020-07-30,"latent_trend",NA,NA,NA,0.367947454755607,NA,NA,NA,NA
"Wisconsin","return_normal","Past",2020-07-30,"latent_trend",NA,NA,NA,0.367947454755607,NA,NA,NA,NA
"Wisconsin","status_quo","Past",2020-07-30,"latent_trend",NA,NA,NA,0.367947454755607,NA,NA,NA,NA
"Wisconsin","linear_increase_sd","Past",2020-07-30,"mobility_trend",NA,NA,NA,0.910077464671027,NA,NA,NA,NA
"Wisconsin","return_normal","Past",2020-07-30,"mobility_trend",NA,NA,NA,0.910077464671027,NA,NA,NA,NA
"Wisconsin","status_quo","Past",2020-07-30,"mobility_trend",NA,NA,NA,0.910077464671027,NA,NA,NA,NA
"Wisconsin",NA,"Past",2020-07-31,"actual_cumulative_cases",NA,NA,NA,56933,NA,NA,NA,NA
"Wisconsin",NA,"Past",2020-07-31,"actual_cumulative_deaths",NA,NA,NA,940,NA,NA,NA,NA
"Wisconsin",NA,"Past",2020-07-31,"actual_daily_cases",NA,NA,NA,855,NA,NA,NA,NA
"Wisconsin",NA,"Past",2020-07-31,"actual_daily_deaths",NA,NA,NA,15,NA,NA,NA,NA
"Wisconsin","linear_increase_sd","Past",2020-07-31,"combined_trend",NA,NA,NA,0.333829915152183,NA,NA,NA,NA
"Wisconsin","return_normal","Past",2020-07-31,"combined_trend",NA,NA,NA,0.333829915152183,NA,NA,NA,NA
"Wisconsin","status_quo","Past",2020-07-31,"combined_trend",NA,NA,NA,0.333829915152183,NA,NA,NA,NA
"Wisconsin","linear_increase_sd","Past",2020-07-31,"cumulative_all_infections",176317,176317,176317,181756,177158,194428,194428,194428
"Wisconsin","return_normal","Past",2020-07-31,"cumulative_all_infections",176317,176317,176317,181756,177158,194428,194428,194428
"Wisconsin","status_quo","Past",2020-07-31,"cumulative_all_infections",176317,176317,176317,181756,177158,194428,194428,194428
"Wisconsin","linear_increase_sd","Past",2020-07-31,"cumulative_cases",53136,53136,53136,54913,53565,58836,58836,58836
"Wisconsin","return_normal","Past",2020-07-31,"cumulative_cases",53136,53136,53136,54913,53565,58836,58836,58836
"Wisconsin","status_quo","Past",2020-07-31,"cumulative_cases",53136,53136,53136,54913,53565,58836,58836,58836
"Wisconsin","linear_increase_sd","Past",2020-07-31,"cumulative_deaths",846,846,846,881,873,919,919,919
"Wisconsin","return_normal","Past",2020-07-31,"cumulative_deaths",846,846,846,881,873,919,919,919
"Wisconsin","status_quo","Past",2020-07-31,"cumulative_deaths",846,846,846,881,873,919,919,919
"Wisconsin","linear_increase_sd","Past",2020-07-31,"cumulative_hosps",5847,5847,5847,6025,5879,6431,6431,6431
"Wisconsin","return_normal","Past",2020-07-31,"cumulative_hosps",5847,5847,5847,6025,5879,6431,6431,6431
"Wisconsin","status_quo","Past",2020-07-31,"cumulative_hosps",5847,5847,5847,6025,5879,6431,6431,6431
"Wisconsin","linear_increase_sd","Past",2020-07-31,"daily_all_infections",2024,2024,2024,2206,2169,2436,2436,2436
"Wisconsin","return_normal","Past",2020-07-31,"daily_all_infections",2024,2024,2024,2206,2169,2436,2436,2436
"Wisconsin","status_quo","Past",2020-07-31,"daily_all_infections",2024,2024,2024,2206,2169,2436,2436,2436
"Wisconsin","linear_increase_sd","Past",2020-07-31,"daily_cases",823,823,823,861,847,927,927,927
"Wisconsin","return_normal","Past",2020-07-31,"daily_cases",823,823,823,861,847,927,927,927
"Wisconsin","status_quo","Past",2020-07-31,"daily_cases",823,823,823,861,847,927,927,927
"Wisconsin","linear_increase_sd","Past",2020-07-31,"daily_deaths",9,9,9,11,11,11,11,11
"Wisconsin","return_normal","Past",2020-07-31,"daily_deaths",9,9,9,11,11,11,11,11
"Wisconsin","status_quo","Past",2020-07-31,"daily_deaths",9,9,9,11,11,11,11,11
"Wisconsin","linear_increase_sd","Past",2020-07-31,"daily_hosps",97,97,97,104,101,117,117,117
"Wisconsin","return_normal","Past",2020-07-31,"daily_hosps",97,97,97,104,101,117,117,117
"Wisconsin","status_quo","Past",2020-07-31,"daily_hosps",97,97,97,104,101,117,117,117
"Wisconsin","linear_increase_sd","Past",2020-07-31,"latent_trend",NA,NA,NA,0.369678519154127,NA,NA,NA,NA
"Wisconsin","return_normal","Past",2020-07-31,"latent_trend",NA,NA,NA,0.369678519154127,NA,NA,NA,NA
"Wisconsin","status_quo","Past",2020-07-31,"latent_trend",NA,NA,NA,0.369678519154127,NA,NA,NA,NA
"Wisconsin","linear_increase_sd","Past",2020-07-31,"mobility_trend",NA,NA,NA,0.903027624964603,NA,NA,NA,NA
"Wisconsin","return_normal","Past",2020-07-31,"mobility_trend",NA,NA,NA,0.903027624964603,NA,NA,NA,NA
"Wisconsin","status_quo","Past",2020-07-31,"mobility_trend",NA,NA,NA,0.903027624964603,NA,NA,NA,NA
"Wisconsin",NA,"Past",2020-08-01,"actual_cumulative_cases",NA,NA,NA,58057,NA,NA,NA,NA
"Wisconsin",NA,"Past",2020-08-01,"actual_cumulative_deaths",NA,NA,NA,953,NA,NA,NA,NA
"Wisconsin",NA,"Past",2020-08-01,"actual_daily_cases",NA,NA,NA,1124,NA,NA,NA,NA
"Wisconsin",NA,"Past",2020-08-01,"actual_daily_deaths",NA,NA,NA,13,NA,NA,NA,NA
"Wisconsin","linear_increase_sd","Past",2020-08-01,"combined_trend",NA,NA,NA,0.333193367037991,NA,NA,NA,NA
"Wisconsin","return_normal","Past",2020-08-01,"combined_trend",NA,NA,NA,0.333193367037991,NA,NA,NA,NA
"Wisconsin","status_quo","Past",2020-08-01,"combined_trend",NA,NA,NA,0.333193367037991,NA,NA,NA,NA
"Wisconsin","linear_increase_sd","Past",2020-08-01,"cumulative_all_infections",178332,178332,178332,183942,179365,196834,196834,196834
"Wisconsin","return_normal","Past",2020-08-01,"cumulative_all_infections",178332,178332,178332,183942,179365,196834,196834,196834
"Wisconsin","status_quo","Past",2020-08-01,"cumulative_all_infections",178332,178332,178332,183942,179365,196834,196834,196834
"Wisconsin","linear_increase_sd","Past",2020-08-01,"cumulative_cases",53960,53960,53960,55764,54416,59784,59784,59784
"Wisconsin","return_normal","Past",2020-08-01,"cumulative_cases",53960,53960,53960,55764,54416,59784,59784,59784
"Wisconsin","status_quo","Past",2020-08-01,"cumulative_cases",53960,53960,53960,55764,54416,59784,59784,59784
"Wisconsin","linear_increase_sd","Past",2020-08-01,"cumulative_deaths",856,856,856,891,883,932,932,932
"Wisconsin","return_normal","Past",2020-08-01,"cumulative_deaths",856,856,856,891,883,932,932,932
"Wisconsin","status_quo","Past",2020-08-01,"cumulative_deaths",856,856,856,891,883,932,932,932
"Wisconsin","linear_increase_sd","Past",2020-08-01,"cumulative_hosps",5950,5950,5950,6130,5980,6547,6547,6547
"Wisconsin","return_normal","Past",2020-08-01,"cumulative_hosps",5950,5950,5950,6130,5980,6547,6547,6547
"Wisconsin","status_quo","Past",2020-08-01,"cumulative_hosps",5950,5950,5950,6130,5980,6547,6547,6547
"Wisconsin","linear_increase_sd","Past",2020-08-01,"daily_all_infections",2015,2015,2015,2186,2151,2406,2406,2406
"Wisconsin","return_normal","Past",2020-08-01,"daily_all_infections",2015,2015,2015,2186,2151,2406,2406,2406
"Wisconsin","status_quo","Past",2020-08-01,"daily_all_infections",2015,2015,2015,2186,2151,2406,2406,2406
"Wisconsin","linear_increase_sd","Past",2020-08-01,"daily_cases",807,807,807,852,828,948,948,948
"Wisconsin","return_normal","Past",2020-08-01,"daily_cases",807,807,807,852,828,948,948,948
"Wisconsin","status_quo","Past",2020-08-01,"daily_cases",807,807,807,852,828,948,948,948
"Wisconsin","linear_increase_sd","Past",2020-08-01,"daily_deaths",9,9,9,11,10,13,13,13
"Wisconsin","return_normal","Past",2020-08-01,"daily_deaths",9,9,9,11,10,13,13,13
"Wisconsin","status_quo","Past",2020-08-01,"daily_deaths",9,9,9,11,10,13,13,13
"Wisconsin","linear_increase_sd","Past",2020-08-01,"daily_hosps",97,97,97,105,103,116,116,116
"Wisconsin","return_normal","Past",2020-08-01,"daily_hosps",97,97,97,105,103,116,116,116
"Wisconsin","status_quo","Past",2020-08-01,"daily_hosps",97,97,97,105,103,116,116,116
"Wisconsin","linear_increase_sd","Past",2020-08-01,"latent_trend",NA,NA,NA,0.37187076647707,NA,NA,NA,NA
"Wisconsin","return_normal","Past",2020-08-01,"latent_trend",NA,NA,NA,0.37187076647707,NA,NA,NA,NA
"Wisconsin","status_quo","Past",2020-08-01,"latent_trend",NA,NA,NA,0.37187076647707,NA,NA,NA,NA
"Wisconsin","linear_increase_sd","Past",2020-08-01,"mobility_trend",NA,NA,NA,0.895992363676525,NA,NA,NA,NA
"Wisconsin","return_normal","Past",2020-08-01,"mobility_trend",NA,NA,NA,0.895992363676525,NA,NA,NA,NA
"Wisconsin","status_quo","Past",2020-08-01,"mobility_trend",NA,NA,NA,0.895992363676525,NA,NA,NA,NA
"Wisconsin",NA,"Past",2020-08-02,"actual_cumulative_cases",NA,NA,NA,58989,NA,NA,NA,NA
"Wisconsin",NA,"Past",2020-08-02,"actual_cumulative_deaths",NA,NA,NA,954,NA,NA,NA,NA
"Wisconsin",NA,"Past",2020-08-02,"actual_daily_cases",NA,NA,NA,932,NA,NA,NA,NA
"Wisconsin",NA,"Past",2020-08-02,"actual_daily_deaths",NA,NA,NA,1,NA,NA,NA,NA
"Wisconsin","linear_increase_sd","Past",2020-08-02,"combined_trend",NA,NA,NA,0.332927041879693,NA,NA,NA,NA
"Wisconsin","return_normal","Past",2020-08-02,"combined_trend",NA,NA,NA,0.332927041879693,NA,NA,NA,NA
"Wisconsin","status_quo","Past",2020-08-02,"combined_trend",NA,NA,NA,0.332927041879693,NA,NA,NA,NA
"Wisconsin","linear_increase_sd","Past",2020-08-02,"cumulative_all_infections",180335,180335,180335,186106,181539,199216,199216,199216
"Wisconsin","return_normal","Past",2020-08-02,"cumulative_all_infections",180335,180335,180335,186106,181539,199216,199216,199216
"Wisconsin","status_quo","Past",2020-08-02,"cumulative_all_infections",180335,180335,180335,186106,181539,199216,199216,199216
"Wisconsin","linear_increase_sd","Past",2020-08-02,"cumulative_cases",54783,54783,54783,56605,55254,60704,60704,60704
"Wisconsin","return_normal","Past",2020-08-02,"cumulative_cases",54783,54783,54783,56605,55254,60704,60704,60704
"Wisconsin","status_quo","Past",2020-08-02,"cumulative_cases",54783,54783,54783,56605,55254,60704,60704,60704
"Wisconsin","linear_increase_sd","Past",2020-08-02,"cumulative_deaths",866,866,866,902,894,945,945,945
"Wisconsin","return_normal","Past",2020-08-02,"cumulative_deaths",866,866,866,902,894,945,945,945
"Wisconsin","status_quo","Past",2020-08-02,"cumulative_deaths",866,866,866,902,894,945,945,945
"Wisconsin","linear_increase_sd","Past",2020-08-02,"cumulative_hosps",6050,6050,6050,6232,6079,6661,6661,6661
"Wisconsin","return_normal","Past",2020-08-02,"cumulative_hosps",6050,6050,6050,6232,6079,6661,6661,6661
"Wisconsin","status_quo","Past",2020-08-02,"cumulative_hosps",6050,6050,6050,6232,6079,6661,6661,6661
"Wisconsin","linear_increase_sd","Past",2020-08-02,"daily_all_infections",2003,2003,2003,2164,2144,2382,2382,2382
"Wisconsin","return_normal","Past",2020-08-02,"daily_all_infections",2003,2003,2003,2164,2144,2382,2382,2382
"Wisconsin","status_quo","Past",2020-08-02,"daily_all_infections",2003,2003,2003,2164,2144,2382,2382,2382
"Wisconsin","linear_increase_sd","Past",2020-08-02,"daily_cases",795,795,795,841,825,920,920,920
"Wisconsin","return_normal","Past",2020-08-02,"daily_cases",795,795,795,841,825,920,920,920
"Wisconsin","status_quo","Past",2020-08-02,"daily_cases",795,795,795,841,825,920,920,920
"Wisconsin","linear_increase_sd","Past",2020-08-02,"daily_deaths",10,10,10,11,11,13,13,13
"Wisconsin","return_normal","Past",2020-08-02,"daily_deaths",10,10,10,11,11,13,13,13
"Wisconsin","status_quo","Past",2020-08-02,"daily_deaths",10,10,10,11,11,13,13,13
"Wisconsin","linear_increase_sd","Past",2020-08-02,"daily_hosps",97,97,97,103,100,114,114,114
"Wisconsin","return_normal","Past",2020-08-02,"daily_hosps",97,97,97,103,100,114,114,114
"Wisconsin","status_quo","Past",2020-08-02,"daily_hosps",97,97,97,103,100,114,114,114
"Wisconsin","linear_increase_sd","Past",2020-08-02,"latent_trend",NA,NA,NA,0.374382215657655,NA,NA,NA,NA
"Wisconsin","return_normal","Past",2020-08-02,"latent_trend",NA,NA,NA,0.374382215657655,NA,NA,NA,NA
"Wisconsin","status_quo","Past",2020-08-02,"latent_trend",NA,NA,NA,0.374382215657655,NA,NA,NA,NA
"Wisconsin","linear_increase_sd","Past",2020-08-02,"mobility_trend",NA,NA,NA,0.889270451308324,NA,NA,NA,NA
"Wisconsin","return_normal","Past",2020-08-02,"mobility_trend",NA,NA,NA,0.889270451308324,NA,NA,NA,NA
"Wisconsin","status_quo","Past",2020-08-02,"mobility_trend",NA,NA,NA,0.889270451308324,NA,NA,NA,NA
"Wisconsin",NA,"Past",2020-08-03,"actual_cumulative_cases",NA,NA,NA,59400,NA,NA,NA,NA
"Wisconsin",NA,"Past",2020-08-03,"actual_cumulative_deaths",NA,NA,NA,955,NA,NA,NA,NA
"Wisconsin",NA,"Past",2020-08-03,"actual_daily_cases",NA,NA,NA,411,NA,NA,NA,NA
"Wisconsin",NA,"Past",2020-08-03,"actual_daily_deaths",NA,NA,NA,1,NA,NA,NA,NA
"Wisconsin","linear_increase_sd","Past",2020-08-03,"combined_trend",NA,NA,NA,0.333006255022546,NA,NA,NA,NA
"Wisconsin","return_normal","Past",2020-08-03,"combined_trend",NA,NA,NA,0.333006255022546,NA,NA,NA,NA
"Wisconsin","status_quo","Past",2020-08-03,"combined_trend",NA,NA,NA,0.333006255022546,NA,NA,NA,NA
"Wisconsin","linear_increase_sd","Past",2020-08-03,"cumulative_all_infections",182334,182334,182334,188246,183678,201569,201569,201569
"Wisconsin","return_normal","Past",2020-08-03,"cumulative_all_infections",182334,182334,182334,188246,183678,201569,201569,201569
"Wisconsin","status_quo","Past",2020-08-03,"cumulative_all_infections",182334,182334,182334,188246,183678,201569,201569,201569
"Wisconsin","linear_increase_sd","Past",2020-08-03,"cumulative_cases",55612,55612,55612,57428,56081,61599,61599,61599
"Wisconsin","return_normal","Past",2020-08-03,"cumulative_cases",55612,55612,55612,57428,56081,61599,61599,61599
"Wisconsin","status_quo","Past",2020-08-03,"cumulative_cases",55612,55612,55612,57428,56081,61599,61599,61599
"Wisconsin","linear_increase_sd","Past",2020-08-03,"cumulative_deaths",876,876,876,913,904,958,958,958
"Wisconsin","return_normal","Past",2020-08-03,"cumulative_deaths",876,876,876,913,904,958,958,958
"Wisconsin","status_quo","Past",2020-08-03,"cumulative_deaths",876,876,876,913,904,958,958,958
"Wisconsin","linear_increase_sd","Past",2020-08-03,"cumulative_hosps",6152,6152,6152,6335,6176,6776,6776,6776
"Wisconsin","return_normal","Past",2020-08-03,"cumulative_hosps",6152,6152,6152,6335,6176,6776,6776,6776
"Wisconsin","status_quo","Past",2020-08-03,"cumulative_hosps",6152,6152,6152,6335,6176,6776,6776,6776
"Wisconsin","linear_increase_sd","Past",2020-08-03,"daily_all_infections",1999,1999,1999,2141,2136,2353,2353,2353
"Wisconsin","return_normal","Past",2020-08-03,"daily_all_infections",1999,1999,1999,2141,2136,2353,2353,2353
"Wisconsin","status_quo","Past",2020-08-03,"daily_all_infections",1999,1999,1999,2141,2136,2353,2353,2353
"Wisconsin","linear_increase_sd","Past",2020-08-03,"daily_cases",777,777,777,824,827,895,895,895
"Wisconsin","return_normal","Past",2020-08-03,"daily_cases",777,777,777,824,827,895,895,895
"Wisconsin","status_quo","Past",2020-08-03,"daily_cases",777,777,777,824,827,895,895,895
"Wisconsin","linear_increase_sd","Past",2020-08-03,"daily_deaths",9,9,9,11,10,13,13,13
"Wisconsin","return_normal","Past",2020-08-03,"daily_deaths",9,9,9,11,10,13,13,13
"Wisconsin","status_quo","Past",2020-08-03,"daily_deaths",9,9,9,11,10,13,13,13
"Wisconsin","linear_increase_sd","Past",2020-08-03,"daily_hosps",97,97,97,103,102,115,115,115
"Wisconsin","return_normal","Past",2020-08-03,"daily_hosps",97,97,97,103,102,115,115,115
"Wisconsin","status_quo","Past",2020-08-03,"daily_hosps",97,97,97,103,102,115,115,115
"Wisconsin","linear_increase_sd","Past",2020-08-03,"latent_trend",NA,NA,NA,0.377069664987034,NA,NA,NA,NA
"Wisconsin","return_normal","Past",2020-08-03,"latent_trend",NA,NA,NA,0.377069664987034,NA,NA,NA,NA
"Wisconsin","status_quo","Past",2020-08-03,"latent_trend",NA,NA,NA,0.377069664987034,NA,NA,NA,NA
"Wisconsin","linear_increase_sd","Past",2020-08-03,"mobility_trend",NA,NA,NA,0.88314252230817,NA,NA,NA,NA
"Wisconsin","return_normal","Past",2020-08-03,"mobility_trend",NA,NA,NA,0.88314252230817,NA,NA,NA,NA
"Wisconsin","status_quo","Past",2020-08-03,"mobility_trend",NA,NA,NA,0.88314252230817,NA,NA,NA,NA
"Wisconsin",NA,"Past",2020-08-04,"actual_cumulative_cases",NA,NA,NA,60170,NA,NA,NA,NA
"Wisconsin",NA,"Past",2020-08-04,"actual_cumulative_deaths",NA,NA,NA,967,NA,NA,NA,NA
"Wisconsin",NA,"Past",2020-08-04,"actual_daily_cases",NA,NA,NA,770,NA,NA,NA,NA
"Wisconsin",NA,"Past",2020-08-04,"actual_daily_deaths",NA,NA,NA,12,NA,NA,NA,NA
"Wisconsin","linear_increase_sd","Past",2020-08-04,"combined_trend",NA,NA,NA,0.333410381035896,NA,NA,NA,NA
"Wisconsin","return_normal","Past",2020-08-04,"combined_trend",NA,NA,NA,0.333410381035896,NA,NA,NA,NA
"Wisconsin","status_quo","Past",2020-08-04,"combined_trend",NA,NA,NA,0.333410381035896,NA,NA,NA,NA
"Wisconsin","linear_increase_sd","Past",2020-08-04,"cumulative_all_infections",184334,184334,184334,190364,185782,203893,203893,203893
"Wisconsin","return_normal","Past",2020-08-04,"cumulative_all_infections",184334,184334,184334,190364,185782,203893,203893,203893
"Wisconsin","status_quo","Past",2020-08-04,"cumulative_all_infections",184334,184334,184334,190364,185782,203893,203893,203893
"Wisconsin","linear_increase_sd","Past",2020-08-04,"cumulative_cases",56429,56429,56429,58243,56896,62506,62506,62506
"Wisconsin","return_normal","Past",2020-08-04,"cumulative_cases",56429,56429,56429,58243,56896,62506,62506,62506
"Wisconsin","status_quo","Past",2020-08-04,"cumulative_cases",56429,56429,56429,58243,56896,62506,62506,62506
"Wisconsin","linear_increase_sd","Past",2020-08-04,"cumulative_deaths",886,886,886,923,916,969,969,969
"Wisconsin","return_normal","Past",2020-08-04,"cumulative_deaths",886,886,886,923,916,969,969,969
"Wisconsin","status_quo","Past",2020-08-04,"cumulative_deaths",886,886,886,923,916,969,969,969
"Wisconsin","linear_increase_sd","Past",2020-08-04,"cumulative_hosps",6253,6253,6253,6437,6274,6890,6890,6890
"Wisconsin","return_normal","Past",2020-08-04,"cumulative_hosps",6253,6253,6253,6437,6274,6890,6890,6890
"Wisconsin","status_quo","Past",2020-08-04,"cumulative_hosps",6253,6253,6253,6437,6274,6890,6890,6890
"Wisconsin","linear_increase_sd","Past",2020-08-04,"daily_all_infections",2000,2000,2000,2118,2104,2324,2324,2324
"Wisconsin","return_normal","Past",2020-08-04,"daily_all_infections",2000,2000,2000,2118,2104,2324,2324,2324
"Wisconsin","status_quo","Past",2020-08-04,"daily_all_infections",2000,2000,2000,2118,2104,2324,2324,2324
"Wisconsin","linear_increase_sd","Past",2020-08-04,"daily_cases",727,727,727,816,815,907,907,907
"Wisconsin","return_normal","Past",2020-08-04,"daily_cases",727,727,727,816,815,907,907,907
"Wisconsin","status_quo","Past",2020-08-04,"daily_cases",727,727,727,816,815,907,907,907
"Wisconsin","linear_increase_sd","Past",2020-08-04,"daily_deaths",10,10,10,11,10,12,12,12
"Wisconsin","return_normal","Past",2020-08-04,"daily_deaths",10,10,10,11,10,12,12,12
"Wisconsin","status_quo","Past",2020-08-04,"daily_deaths",10,10,10,11,10,12,12,12
"Wisconsin","linear_increase_sd","Past",2020-08-04,"daily_hosps",97,97,97,103,101,114,114,114
"Wisconsin","return_normal","Past",2020-08-04,"daily_hosps",97,97,97,103,101,114,114,114
"Wisconsin","status_quo","Past",2020-08-04,"daily_hosps",97,97,97,103,101,114,114,114
"Wisconsin","linear_increase_sd","Past",2020-08-04,"latent_trend",NA,NA,NA,0.379788359142051,NA,NA,NA,NA
"Wisconsin","return_normal","Past",2020-08-04,"latent_trend",NA,NA,NA,0.379788359142051,NA,NA,NA,NA
"Wisconsin","status_quo","Past",2020-08-04,"latent_trend",NA,NA,NA,0.379788359142051,NA,NA,NA,NA
"Wisconsin","linear_increase_sd","Past",2020-08-04,"mobility_trend",NA,NA,NA,0.877884677110895,NA,NA,NA,NA
"Wisconsin","return_normal","Past",2020-08-04,"mobility_trend",NA,NA,NA,0.877884677110895,NA,NA,NA,NA
"Wisconsin","status_quo","Past",2020-08-04,"mobility_trend",NA,NA,NA,0.877884677110895,NA,NA,NA,NA
"Wisconsin",NA,"Past",2020-08-05,"actual_cumulative_cases",NA,NA,NA,61109,NA,NA,NA,NA
"Wisconsin",NA,"Past",2020-08-05,"actual_cumulative_deaths",NA,NA,NA,976,NA,NA,NA,NA
"Wisconsin",NA,"Past",2020-08-05,"actual_daily_cases",NA,NA,NA,939,NA,NA,NA,NA
"Wisconsin",NA,"Past",2020-08-05,"actual_daily_deaths",NA,NA,NA,9,NA,NA,NA,NA
"Wisconsin","linear_increase_sd","Past",2020-08-05,"combined_trend",NA,NA,NA,0.334124609367402,NA,NA,NA,NA
"Wisconsin","return_normal","Past",2020-08-05,"combined_trend",NA,NA,NA,0.334124609367402,NA,NA,NA,NA
"Wisconsin","status_quo","Past",2020-08-05,"combined_trend",NA,NA,NA,0.334124609367402,NA,NA,NA,NA
"Wisconsin","linear_increase_sd","Past",2020-08-05,"cumulative_all_infections",186333,186333,186333,192459,187847,206192,206192,206192
"Wisconsin","return_normal","Past",2020-08-05,"cumulative_all_infections",186333,186333,186333,192459,187847,206192,206192,206192
"Wisconsin","status_quo","Past",2020-08-05,"cumulative_all_infections",186333,186333,186333,192459,187847,206192,206192,206192
"Wisconsin","linear_increase_sd","Past",2020-08-05,"cumulative_cases",57218,57218,57218,59050,57707,63387,63387,63387
"Wisconsin","return_normal","Past",2020-08-05,"cumulative_cases",57218,57218,57218,59050,57707,63387,63387,63387
"Wisconsin","status_quo","Past",2020-08-05,"cumulative_cases",57218,57218,57218,59050,57707,63387,63387,63387
"Wisconsin","linear_increase_sd","Past",2020-08-05,"cumulative_deaths",896,896,896,934,926,980,980,980
"Wisconsin","return_normal","Past",2020-08-05,"cumulative_deaths",896,896,896,934,926,980,980,980
"Wisconsin","status_quo","Past",2020-08-05,"cumulative_deaths",896,896,896,934,926,980,980,980
"Wisconsin","linear_increase_sd","Past",2020-08-05,"cumulative_hosps",6353,6353,6353,6539,6369,7003,7003,7003
"Wisconsin","return_normal","Past",2020-08-05,"cumulative_hosps",6353,6353,6353,6539,6369,7003,7003,7003
"Wisconsin","status_quo","Past",2020-08-05,"cumulative_hosps",6353,6353,6353,6539,6369,7003,7003,7003
"Wisconsin","linear_increase_sd","Past",2020-08-05,"daily_all_infections",1999,1999,1999,2096,2065,2299,2299,2299
"Wisconsin","return_normal","Past",2020-08-05,"daily_all_infections",1999,1999,1999,2096,2065,2299,2299,2299
"Wisconsin","status_quo","Past",2020-08-05,"daily_all_infections",1999,1999,1999,2096,2065,2299,2299,2299
"Wisconsin","linear_increase_sd","Past",2020-08-05,"daily_cases",762,762,762,807,790,881,881,881
"Wisconsin","return_normal","Past",2020-08-05,"daily_cases",762,762,762,807,790,881,881,881
"Wisconsin","status_quo","Past",2020-08-05,"daily_cases",762,762,762,807,790,881,881,881
"Wisconsin","linear_increase_sd","Past",2020-08-05,"daily_deaths",10,10,10,11,10,11,11,11
"Wisconsin","return_normal","Past",2020-08-05,"daily_deaths",10,10,10,11,10,11,11,11
"Wisconsin","status_quo","Past",2020-08-05,"daily_deaths",10,10,10,11,10,11,11,11
"Wisconsin","linear_increase_sd","Past",2020-08-05,"daily_hosps",95,95,95,102,100,113,113,113
"Wisconsin","return_normal","Past",2020-08-05,"daily_hosps",95,95,95,102,100,113,113,113
"Wisconsin","status_quo","Past",2020-08-05,"daily_hosps",95,95,95,102,100,113,113,113
"Wisconsin","linear_increase_sd","Past",2020-08-05,"latent_trend",NA,NA,NA,0.382391909843698,NA,NA,NA,NA
"Wisconsin","return_normal","Past",2020-08-05,"latent_trend",NA,NA,NA,0.382391909843698,NA,NA,NA,NA
"Wisconsin","status_quo","Past",2020-08-05,"latent_trend",NA,NA,NA,0.382391909843698,NA,NA,NA,NA
"Wisconsin","linear_increase_sd","Past",2020-08-05,"mobility_trend",NA,NA,NA,0.873775309482814,NA,NA,NA,NA
"Wisconsin","return_normal","Past",2020-08-05,"mobility_trend",NA,NA,NA,0.873775309482814,NA,NA,NA,NA
"Wisconsin","status_quo","Past",2020-08-05,"mobility_trend",NA,NA,NA,0.873775309482814,NA,NA,NA,NA
"Wisconsin",NA,"Past",2020-08-06,"actual_cumulative_cases",NA,NA,NA,61984,NA,NA,NA,NA
"Wisconsin",NA,"Past",2020-08-06,"actual_cumulative_deaths",NA,NA,NA,984,NA,NA,NA,NA
"Wisconsin",NA,"Past",2020-08-06,"actual_daily_cases",NA,NA,NA,875,NA,NA,NA,NA
"Wisconsin",NA,"Past",2020-08-06,"actual_daily_deaths",NA,NA,NA,8,NA,NA,NA,NA
"Wisconsin","linear_increase_sd","Past",2020-08-06,"combined_trend",NA,NA,NA,0.335141196336449,NA,NA,NA,NA
"Wisconsin","return_normal","Past",2020-08-06,"combined_trend",NA,NA,NA,0.335141196336449,NA,NA,NA,NA
"Wisconsin","status_quo","Past",2020-08-06,"combined_trend",NA,NA,NA,0.335141196336449,NA,NA,NA,NA
"Wisconsin","linear_increase_sd","Past",2020-08-06,"cumulative_all_infections",188325,188325,188325,194537,189872,208466,208466,208466
"Wisconsin","return_normal","Past",2020-08-06,"cumulative_all_infections",188325,188325,188325,194537,189872,208466,208466,208466
"Wisconsin","status_quo","Past",2020-08-06,"cumulative_all_infections",188325,188325,188325,194537,189872,208466,208466,208466
"Wisconsin","linear_increase_sd","Past",2020-08-06,"cumulative_cases",57968,57968,57968,59842,58506,64269,64269,64269
"Wisconsin","return_normal","Past",2020-08-06,"cumulative_cases",57968,57968,57968,59842,58506,64269,64269,64269
"Wisconsin","status_quo","Past",2020-08-06,"cumulative_cases",57968,57968,57968,59842,58506,64269,64269,64269
"Wisconsin","linear_increase_sd","Past",2020-08-06,"cumulative_deaths",906,906,906,944,937,990,990,990
"Wisconsin","return_normal","Past",2020-08-06,"cumulative_deaths",906,906,906,944,937,990,990,990
"Wisconsin","status_quo","Past",2020-08-06,"cumulative_deaths",906,906,906,944,937,990,990,990
"Wisconsin","linear_increase_sd","Past",2020-08-06,"cumulative_hosps",6454,6454,6454,6641,6466,7116,7116,7116
"Wisconsin","return_normal","Past",2020-08-06,"cumulative_hosps",6454,6454,6454,6641,6466,7116,7116,7116
"Wisconsin","status_quo","Past",2020-08-06,"cumulative_hosps",6454,6454,6454,6641,6466,7116,7116,7116
"Wisconsin","linear_increase_sd","Past",2020-08-06,"daily_all_infections",1979,1979,1979,2078,2025,2274,2274,2274
"Wisconsin","return_normal","Past",2020-08-06,"daily_all_infections",1979,1979,1979,2078,2025,2274,2274,2274
"Wisconsin","status_quo","Past",2020-08-06,"daily_all_infections",1979,1979,1979,2078,2025,2274,2274,2274
"Wisconsin","linear_increase_sd","Past",2020-08-06,"daily_cases",742,742,742,792,786,882,882,882
"Wisconsin","return_normal","Past",2020-08-06,"daily_cases",742,742,742,792,786,882,882,882
"Wisconsin","status_quo","Past",2020-08-06,"daily_cases",742,742,742,792,786,882,882,882
"Wisconsin","linear_increase_sd","Past",2020-08-06,"daily_deaths",10,10,10,11,10,11,11,11
"Wisconsin","return_normal","Past",2020-08-06,"daily_deaths",10,10,10,11,10,11,11,11
"Wisconsin","status_quo","Past",2020-08-06,"daily_deaths",10,10,10,11,10,11,11,11
"Wisconsin","linear_increase_sd","Past",2020-08-06,"daily_hosps",97,97,97,102,99,113,113,113
"Wisconsin","return_normal","Past",2020-08-06,"daily_hosps",97,97,97,102,99,113,113,113
"Wisconsin","status_quo","Past",2020-08-06,"daily_hosps",97,97,97,102,99,113,113,113
"Wisconsin","linear_increase_sd","Past",2020-08-06,"latent_trend",NA,NA,NA,0.384732444104258,NA,NA,NA,NA
"Wisconsin","return_normal","Past",2020-08-06,"latent_trend",NA,NA,NA,0.384732444104258,NA,NA,NA,NA
"Wisconsin","status_quo","Past",2020-08-06,"latent_trend",NA,NA,NA,0.384732444104258,NA,NA,NA,NA
"Wisconsin","linear_increase_sd","Past",2020-08-06,"mobility_trend",NA,NA,NA,0.871101986516194,NA,NA,NA,NA
"Wisconsin","return_normal","Past",2020-08-06,"mobility_trend",NA,NA,NA,0.871101986516194,NA,NA,NA,NA
"Wisconsin","status_quo","Past",2020-08-06,"mobility_trend",NA,NA,NA,0.871101986516194,NA,NA,NA,NA
"Wisconsin",NA,"Past",2020-08-07,"actual_cumulative_cases",NA,NA,NA,63027,NA,NA,NA,NA
"Wisconsin",NA,"Past",2020-08-07,"actual_cumulative_deaths",NA,NA,NA,996,NA,NA,NA,NA
"Wisconsin",NA,"Past",2020-08-07,"actual_daily_cases",NA,NA,NA,1043,NA,NA,NA,NA
"Wisconsin",NA,"Past",2020-08-07,"actual_daily_deaths",NA,NA,NA,12,NA,NA,NA,NA
"Wisconsin","linear_increase_sd","Past",2020-08-07,"combined_trend",NA,NA,NA,0.336441356295486,NA,NA,NA,NA
"Wisconsin","return_normal","Past",2020-08-07,"combined_trend",NA,NA,NA,0.336441356295486,NA,NA,NA,NA
"Wisconsin","status_quo","Past",2020-08-07,"combined_trend",NA,NA,NA,0.336441356295486,NA,NA,NA,NA
"Wisconsin","linear_increase_sd","Past",2020-08-07,"cumulative_all_infections",190328,190328,190328,196597,191871,210711,210711,210711
"Wisconsin","return_normal","Past",2020-08-07,"cumulative_all_infections",190328,190328,190328,196597,191871,210711,210711,210711
"Wisconsin","status_quo","Past",2020-08-07,"cumulative_all_infections",190328,190328,190328,196597,191871,210711,210711,210711
"Wisconsin","linear_increase_sd","Past",2020-08-07,"cumulative_cases",58705,58705,58705,60630,59303,65153,65153,65153
"Wisconsin","return_normal","Past",2020-08-07,"cumulative_cases",58705,58705,58705,60630,59303,65153,65153,65153
"Wisconsin","status_quo","Past",2020-08-07,"cumulative_cases",58705,58705,58705,60630,59303,65153,65153,65153
"Wisconsin","linear_increase_sd","Past",2020-08-07,"cumulative_deaths",915,915,915,954,949,1001,1001,1001
"Wisconsin","return_normal","Past",2020-08-07,"cumulative_deaths",915,915,915,954,949,1001,1001,1001
"Wisconsin","status_quo","Past",2020-08-07,"cumulative_deaths",915,915,915,954,949,1001,1001,1001
"Wisconsin","linear_increase_sd","Past",2020-08-07,"cumulative_hosps",6552,6552,6552,6740,6558,7225,7225,7225
"Wisconsin","return_normal","Past",2020-08-07,"cumulative_hosps",6552,6552,6552,6740,6558,7225,7225,7225
"Wisconsin","status_quo","Past",2020-08-07,"cumulative_hosps",6552,6552,6552,6740,6558,7225,7225,7225
"Wisconsin","linear_increase_sd","Past",2020-08-07,"daily_all_infections",1950,1950,1950,2061,2003,2245,2245,2245
"Wisconsin","return_normal","Past",2020-08-07,"daily_all_infections",1950,1950,1950,2061,2003,2245,2245,2245
"Wisconsin","status_quo","Past",2020-08-07,"daily_all_infections",1950,1950,1950,2061,2003,2245,2245,2245
"Wisconsin","linear_increase_sd","Past",2020-08-07,"daily_cases",737,737,737,788,780,884,884,884
"Wisconsin","return_normal","Past",2020-08-07,"daily_cases",737,737,737,788,780,884,884,884
"Wisconsin","status_quo","Past",2020-08-07,"daily_cases",737,737,737,788,780,884,884,884
"Wisconsin","linear_increase_sd","Past",2020-08-07,"daily_deaths",9,9,9,11,10,12,12,12
"Wisconsin","return_normal","Past",2020-08-07,"daily_deaths",9,9,9,11,10,12,12,12
"Wisconsin","status_quo","Past",2020-08-07,"daily_deaths",9,9,9,11,10,12,12,12
"Wisconsin","linear_increase_sd","Past",2020-08-07,"daily_hosps",92,92,92,100,99,109,109,109
"Wisconsin","return_normal","Past",2020-08-07,"daily_hosps",92,92,92,100,99,109,109,109
"Wisconsin","status_quo","Past",2020-08-07,"daily_hosps",92,92,92,100,99,109,109,109
"Wisconsin","linear_increase_sd","Past",2020-08-07,"latent_trend",NA,NA,NA,0.386660951715448,NA,NA,NA,NA
"Wisconsin","return_normal","Past",2020-08-07,"latent_trend",NA,NA,NA,0.386660951715448,NA,NA,NA,NA
"Wisconsin","status_quo","Past",2020-08-07,"latent_trend",NA,NA,NA,0.386660951715448,NA,NA,NA,NA
"Wisconsin","linear_increase_sd","Past",2020-08-07,"mobility_trend",NA,NA,NA,0.870119816347735,NA,NA,NA,NA
"Wisconsin","return_normal","Past",2020-08-07,"mobility_trend",NA,NA,NA,0.870119816347735,NA,NA,NA,NA
"Wisconsin","status_quo","Past",2020-08-07,"mobility_trend",NA,NA,NA,0.870119816347735,NA,NA,NA,NA
"Wisconsin",NA,"Past",2020-08-08,"actual_cumulative_cases",NA,NA,NA,64212,NA,NA,NA,NA
"Wisconsin",NA,"Past",2020-08-08,"actual_cumulative_deaths",NA,NA,NA,1002,NA,NA,NA,NA
"Wisconsin",NA,"Past",2020-08-08,"actual_daily_cases",NA,NA,NA,1185,NA,NA,NA,NA
"Wisconsin",NA,"Past",2020-08-08,"actual_daily_deaths",NA,NA,NA,6,NA,NA,NA,NA
"Wisconsin","linear_increase_sd","Past",2020-08-08,"combined_trend",NA,NA,NA,0.337950839682369,NA,NA,NA,NA
"Wisconsin","return_normal","Past",2020-08-08,"combined_trend",NA,NA,NA,0.337950839682369,NA,NA,NA,NA
"Wisconsin","status_quo","Past",2020-08-08,"combined_trend",NA,NA,NA,0.337950839682369,NA,NA,NA,NA
"Wisconsin","linear_increase_sd","Past",2020-08-08,"cumulative_all_infections",192337,192337,192337,198638,193837,212936,212936,212936
"Wisconsin","return_normal","Past",2020-08-08,"cumulative_all_infections",192337,192337,192337,198638,193837,212936,212936,212936
"Wisconsin","status_quo","Past",2020-08-08,"cumulative_all_infections",192337,192337,192337,198638,193837,212936,212936,212936
"Wisconsin","linear_increase_sd","Past",2020-08-08,"cumulative_cases",59475,59475,59475,61421,60076,66045,66045,66045
"Wisconsin","return_normal","Past",2020-08-08,"cumulative_cases",59475,59475,59475,61421,60076,66045,66045,66045
"Wisconsin","status_quo","Past",2020-08-08,"cumulative_cases",59475,59475,59475,61421,60076,66045,66045,66045
"Wisconsin","linear_increase_sd","Past",2020-08-08,"cumulative_deaths",925,925,925,964,959,1011,1011,1011
"Wisconsin","return_normal","Past",2020-08-08,"cumulative_deaths",925,925,925,964,959,1011,1011,1011
"Wisconsin","status_quo","Past",2020-08-08,"cumulative_deaths",925,925,925,964,959,1011,1011,1011
"Wisconsin","linear_increase_sd","Past",2020-08-08,"cumulative_hosps",6649,6649,6649,6839,6654,7335,7335,7335
"Wisconsin","return_normal","Past",2020-08-08,"cumulative_hosps",6649,6649,6649,6839,6654,7335,7335,7335
"Wisconsin","status_quo","Past",2020-08-08,"cumulative_hosps",6649,6649,6649,6839,6654,7335,7335,7335
"Wisconsin","linear_increase_sd","Past",2020-08-08,"daily_all_infections",1921,1921,1921,2041,2009,2225,2225,2225
"Wisconsin","return_normal","Past",2020-08-08,"daily_all_infections",1921,1921,1921,2041,2009,2225,2225,2225
"Wisconsin","status_quo","Past",2020-08-08,"daily_all_infections",1921,1921,1921,2041,2009,2225,2225,2225
"Wisconsin","linear_increase_sd","Past",2020-08-08,"daily_cases",685,685,685,792,773,892,892,892
"Wisconsin","return_normal","Past",2020-08-08,"daily_cases",685,685,685,792,773,892,892,892
"Wisconsin","status_quo","Past",2020-08-08,"daily_cases",685,685,685,792,773,892,892,892
"Wisconsin","linear_increase_sd","Past",2020-08-08,"daily_deaths",10,10,10,11,10,11,11,11
"Wisconsin","return_normal","Past",2020-08-08,"daily_deaths",10,10,10,11,10,11,11,11
"Wisconsin","status_quo","Past",2020-08-08,"daily_deaths",10,10,10,11,10,11,11,11
"Wisconsin","linear_increase_sd","Past",2020-08-08,"daily_hosps",91,91,91,99,97,110,110,110
"Wisconsin","return_normal","Past",2020-08-08,"daily_hosps",91,91,91,99,97,110,110,110
"Wisconsin","status_quo","Past",2020-08-08,"daily_hosps",91,91,91,99,97,110,110,110
"Wisconsin","linear_increase_sd","Past",2020-08-08,"latent_trend",NA,NA,NA,0.388027808041181,NA,NA,NA,NA
"Wisconsin","return_normal","Past",2020-08-08,"latent_trend",NA,NA,NA,0.388027808041181,NA,NA,NA,NA
"Wisconsin","status_quo","Past",2020-08-08,"latent_trend",NA,NA,NA,0.388027808041181,NA,NA,NA,NA
"Wisconsin","linear_increase_sd","Past",2020-08-08,"mobility_trend",NA,NA,NA,0.870944897965929,NA,NA,NA,NA
"Wisconsin","return_normal","Past",2020-08-08,"mobility_trend",NA,NA,NA,0.870944897965929,NA,NA,NA,NA
"Wisconsin","status_quo","Past",2020-08-08,"mobility_trend",NA,NA,NA,0.870944897965929,NA,NA,NA,NA
"Wisconsin",NA,"Past",2020-08-09,"actual_cumulative_cases",NA,NA,NA,64834,NA,NA,NA,NA
"Wisconsin",NA,"Past",2020-08-09,"actual_cumulative_deaths",NA,NA,NA,1004,NA,NA,NA,NA
"Wisconsin",NA,"Past",2020-08-09,"actual_daily_cases",NA,NA,NA,622,NA,NA,NA,NA
"Wisconsin",NA,"Past",2020-08-09,"actual_daily_deaths",NA,NA,NA,2,NA,NA,NA,NA
"Wisconsin","linear_increase_sd","Past",2020-08-09,"combined_trend",NA,NA,NA,0.339561837488166,NA,NA,NA,NA
"Wisconsin","return_normal","Past",2020-08-09,"combined_trend",NA,NA,NA,0.339561837488166,NA,NA,NA,NA
"Wisconsin","status_quo","Past",2020-08-09,"combined_trend",NA,NA,NA,0.339561837488166,NA,NA,NA,NA
"Wisconsin","linear_increase_sd","Past",2020-08-09,"cumulative_all_infections",194341,194341,194341,200665,195792,215139,215139,215139
"Wisconsin","return_normal","Past",2020-08-09,"cumulative_all_infections",194341,194341,194341,200665,195792,215139,215139,215139
"Wisconsin","status_quo","Past",2020-08-09,"cumulative_all_infections",194341,194341,194341,200665,195792,215139,215139,215139
"Wisconsin","linear_increase_sd","Past",2020-08-09,"cumulative_cases",60230,60230,60230,62213,60854,66896,66896,66896
"Wisconsin","return_normal","Past",2020-08-09,"cumulative_cases",60230,60230,60230,62213,60854,66896,66896,66896
"Wisconsin","status_quo","Past",2020-08-09,"cumulative_cases",60230,60230,60230,62213,60854,66896,66896,66896
"Wisconsin","linear_increase_sd","Past",2020-08-09,"cumulative_deaths",935,935,935,974,970,1021,1021,1021
"Wisconsin","return_normal","Past",2020-08-09,"cumulative_deaths",935,935,935,974,970,1021,1021,1021
"Wisconsin","status_quo","Past",2020-08-09,"cumulative_deaths",935,935,935,974,970,1021,1021,1021
"Wisconsin","linear_increase_sd","Past",2020-08-09,"cumulative_hosps",6741,6741,6741,6937,6750,7445,7445,7445
"Wisconsin","return_normal","Past",2020-08-09,"cumulative_hosps",6741,6741,6741,6937,6750,7445,7445,7445
"Wisconsin","status_quo","Past",2020-08-09,"cumulative_hosps",6741,6741,6741,6937,6750,7445,7445,7445
"Wisconsin","linear_increase_sd","Past",2020-08-09,"daily_all_infections",1907,1907,1907,2028,2004,2203,2203,2203
"Wisconsin","return_normal","Past",2020-08-09,"daily_all_infections",1907,1907,1907,2028,2004,2203,2203,2203
"Wisconsin","status_quo","Past",2020-08-09,"daily_all_infections",1907,1907,1907,2028,2004,2203,2203,2203
"Wisconsin","linear_increase_sd","Past",2020-08-09,"daily_cases",748,748,748,792,778,851,851,851
"Wisconsin","return_normal","Past",2020-08-09,"daily_cases",748,748,748,792,778,851,851,851
"Wisconsin","status_quo","Past",2020-08-09,"daily_cases",748,748,748,792,778,851,851,851
"Wisconsin","linear_increase_sd","Past",2020-08-09,"daily_deaths",9,9,9,10,10,11,11,11
"Wisconsin","return_normal","Past",2020-08-09,"daily_deaths",9,9,9,10,10,11,11,11
"Wisconsin","status_quo","Past",2020-08-09,"daily_deaths",9,9,9,10,10,11,11,11
"Wisconsin","linear_increase_sd","Past",2020-08-09,"daily_hosps",92,92,92,98,96,110,110,110
"Wisconsin","return_normal","Past",2020-08-09,"daily_hosps",92,92,92,98,96,110,110,110
"Wisconsin","status_quo","Past",2020-08-09,"daily_hosps",92,92,92,98,96,110,110,110
"Wisconsin","linear_increase_sd","Past",2020-08-09,"latent_trend",NA,NA,NA,0.38868375147958,NA,NA,NA,NA
"Wisconsin","return_normal","Past",2020-08-09,"latent_trend",NA,NA,NA,0.38868375147958,NA,NA,NA,NA
"Wisconsin","status_quo","Past",2020-08-09,"latent_trend",NA,NA,NA,0.38868375147958,NA,NA,NA,NA
"Wisconsin","linear_increase_sd","Past",2020-08-09,"mobility_trend",NA,NA,NA,0.873619841826617,NA,NA,NA,NA
"Wisconsin","return_normal","Past",2020-08-09,"mobility_trend",NA,NA,NA,0.873619841826617,NA,NA,NA,NA
"Wisconsin","status_quo","Past",2020-08-09,"mobility_trend",NA,NA,NA,0.873619841826617,NA,NA,NA,NA
"Wisconsin",NA,"Past",2020-08-10,"actual_cumulative_cases",NA,NA,NA,65355,NA,NA,NA,NA
"Wisconsin",NA,"Past",2020-08-10,"actual_cumulative_deaths",NA,NA,NA,1004,NA,NA,NA,NA
"Wisconsin",NA,"Past",2020-08-10,"actual_daily_cases",NA,NA,NA,521,NA,NA,NA,NA
"Wisconsin",NA,"Past",2020-08-10,"actual_daily_deaths",NA,NA,NA,0,NA,NA,NA,NA
"Wisconsin","linear_increase_sd","Past",2020-08-10,"combined_trend",NA,NA,NA,0.341162389763106,NA,NA,NA,NA
"Wisconsin","return_normal","Past",2020-08-10,"combined_trend",NA,NA,NA,0.341162389763106,NA,NA,NA,NA
"Wisconsin","status_quo","Past",2020-08-10,"combined_trend",NA,NA,NA,0.341162389763106,NA,NA,NA,NA
"Wisconsin","linear_increase_sd","Past",2020-08-10,"cumulative_all_infections",196351,196351,196351,202677,197727,217309,217309,217309
"Wisconsin","return_normal","Past",2020-08-10,"cumulative_all_infections",196351,196351,196351,202677,197727,217309,217309,217309
"Wisconsin","status_quo","Past",2020-08-10,"cumulative_all_infections",196351,196351,196351,202677,197727,217309,217309,217309
"Wisconsin","linear_increase_sd","Past",2020-08-10,"cumulative_cases",60975,60975,60975,62984,61649,67726,67726,67726
"Wisconsin","return_normal","Past",2020-08-10,"cumulative_cases",60975,60975,60975,62984,61649,67726,67726,67726
"Wisconsin","status_quo","Past",2020-08-10,"cumulative_cases",60975,60975,60975,62984,61649,67726,67726,67726
"Wisconsin","linear_increase_sd","Past",2020-08-10,"cumulative_deaths",944,944,944,984,978,1031,1031,1031
"Wisconsin","return_normal","Past",2020-08-10,"cumulative_deaths",944,944,944,984,978,1031,1031,1031
"Wisconsin","status_quo","Past",2020-08-10,"cumulative_deaths",944,944,944,984,978,1031,1031,1031
"Wisconsin","linear_increase_sd","Past",2020-08-10,"cumulative_hosps",6830,6830,6830,7034,6845,7552,7552,7552
"Wisconsin","return_normal","Past",2020-08-10,"cumulative_hosps",6830,6830,6830,7034,6845,7552,7552,7552
"Wisconsin","status_quo","Past",2020-08-10,"cumulative_hosps",6830,6830,6830,7034,6845,7552,7552,7552
"Wisconsin","linear_increase_sd","Past",2020-08-10,"daily_all_infections",1899,1899,1899,2012,2010,2170,2170,2170
"Wisconsin","return_normal","Past",2020-08-10,"daily_all_infections",1899,1899,1899,2012,2010,2170,2170,2170
"Wisconsin","status_quo","Past",2020-08-10,"daily_all_infections",1899,1899,1899,2012,2010,2170,2170,2170
"Wisconsin","linear_increase_sd","Past",2020-08-10,"daily_cases",721,721,721,772,768,830,830,830
"Wisconsin","return_normal","Past",2020-08-10,"daily_cases",721,721,721,772,768,830,830,830
"Wisconsin","status_quo","Past",2020-08-10,"daily_cases",721,721,721,772,768,830,830,830
"Wisconsin","linear_increase_sd","Past",2020-08-10,"daily_deaths",8,8,8,10,9,11,11,11
"Wisconsin","return_normal","Past",2020-08-10,"daily_deaths",8,8,8,10,9,11,11,11
"Wisconsin","status_quo","Past",2020-08-10,"daily_deaths",8,8,8,10,9,11,11,11
"Wisconsin","linear_increase_sd","Past",2020-08-10,"daily_hosps",89,89,89,97,95,107,107,107
"Wisconsin","return_normal","Past",2020-08-10,"daily_hosps",89,89,89,97,95,107,107,107
"Wisconsin","status_quo","Past",2020-08-10,"daily_hosps",89,89,89,97,95,107,107,107
"Wisconsin","linear_increase_sd","Past",2020-08-10,"latent_trend",NA,NA,NA,0.388553342007151,NA,NA,NA,NA
"Wisconsin","return_normal","Past",2020-08-10,"latent_trend",NA,NA,NA,0.388553342007151,NA,NA,NA,NA
"Wisconsin","status_quo","Past",2020-08-10,"latent_trend",NA,NA,NA,0.388553342007151,NA,NA,NA,NA
"Wisconsin","linear_increase_sd","Past",2020-08-10,"mobility_trend",NA,NA,NA,0.878032313403258,NA,NA,NA,NA
"Wisconsin","return_normal","Past",2020-08-10,"mobility_trend",NA,NA,NA,0.878032313403258,NA,NA,NA,NA
"Wisconsin","status_quo","Past",2020-08-10,"mobility_trend",NA,NA,NA,0.878032313403258,NA,NA,NA,NA
"Wisconsin",NA,"Past",2020-08-11,"actual_cumulative_cases",NA,NA,NA,66122,NA,NA,NA,NA
"Wisconsin",NA,"Past",2020-08-11,"actual_cumulative_deaths",NA,NA,NA,1012,NA,NA,NA,NA
"Wisconsin",NA,"Past",2020-08-11,"actual_daily_cases",NA,NA,NA,767,NA,NA,NA,NA
"Wisconsin",NA,"Past",2020-08-11,"actual_daily_deaths",NA,NA,NA,8,NA,NA,NA,NA
"Wisconsin","linear_increase_sd","Past",2020-08-11,"combined_trend",NA,NA,NA,0.342752804015053,NA,NA,NA,NA
"Wisconsin","return_normal","Past",2020-08-11,"combined_trend",NA,NA,NA,0.342752804015053,NA,NA,NA,NA
"Wisconsin","status_quo","Past",2020-08-11,"combined_trend",NA,NA,NA,0.342752804015053,NA,NA,NA,NA
"Wisconsin","linear_increase_sd","Past",2020-08-11,"cumulative_all_infections",198350,198350,198350,204674,199644,219457,219457,219457
"Wisconsin","return_normal","Past",2020-08-11,"cumulative_all_infections",198350,198350,198350,204674,199644,219457,219457,219457
"Wisconsin","status_quo","Past",2020-08-11,"cumulative_all_infections",198350,198350,198350,204674,199644,219457,219457,219457
"Wisconsin","linear_increase_sd","Past",2020-08-11,"cumulative_cases",61711,61711,61711,63747,62413,68523,68523,68523
"Wisconsin","return_normal","Past",2020-08-11,"cumulative_cases",61711,61711,61711,63747,62413,68523,68523,68523
"Wisconsin","status_quo","Past",2020-08-11,"cumulative_cases",61711,61711,61711,63747,62413,68523,68523,68523
"Wisconsin","linear_increase_sd","Past",2020-08-11,"cumulative_deaths",952,952,952,993,988,1041,1041,1041
"Wisconsin","return_normal","Past",2020-08-11,"cumulative_deaths",952,952,952,993,988,1041,1041,1041
"Wisconsin","status_quo","Past",2020-08-11,"cumulative_deaths",952,952,952,993,988,1041,1041,1041
"Wisconsin","linear_increase_sd","Past",2020-08-11,"cumulative_hosps",6920,6920,6920,7130,6940,7659,7659,7659
"Wisconsin","return_normal","Past",2020-08-11,"cumulative_hosps",6920,6920,6920,7130,6940,7659,7659,7659
"Wisconsin","status_quo","Past",2020-08-11,"cumulative_hosps",6920,6920,6920,7130,6940,7659,7659,7659
"Wisconsin","linear_increase_sd","Past",2020-08-11,"daily_all_infections",1900,1900,1900,1998,1999,2148,2148,2148
"Wisconsin","return_normal","Past",2020-08-11,"daily_all_infections",1900,1900,1900,1998,1999,2148,2148,2148
"Wisconsin","status_quo","Past",2020-08-11,"daily_all_infections",1900,1900,1900,1998,1999,2148,2148,2148
"Wisconsin","linear_increase_sd","Past",2020-08-11,"daily_cases",728,728,728,763,764,797,797,797
"Wisconsin","return_normal","Past",2020-08-11,"daily_cases",728,728,728,763,764,797,797,797
"Wisconsin","status_quo","Past",2020-08-11,"daily_cases",728,728,728,763,764,797,797,797
"Wisconsin","linear_increase_sd","Past",2020-08-11,"daily_deaths",8,8,8,10,10,10,10,10
"Wisconsin","return_normal","Past",2020-08-11,"daily_deaths",8,8,8,10,10,10,10,10
"Wisconsin","status_quo","Past",2020-08-11,"daily_deaths",8,8,8,10,10,10,10,10
"Wisconsin","linear_increase_sd","Past",2020-08-11,"daily_hosps",90,90,90,96,94,107,107,107
"Wisconsin","return_normal","Past",2020-08-11,"daily_hosps",90,90,90,96,94,107,107,107
"Wisconsin","status_quo","Past",2020-08-11,"daily_hosps",90,90,90,96,94,107,107,107
"Wisconsin","linear_increase_sd","Past",2020-08-11,"latent_trend",NA,NA,NA,0.387731136140088,NA,NA,NA,NA
"Wisconsin","return_normal","Past",2020-08-11,"latent_trend",NA,NA,NA,0.387731136140088,NA,NA,NA,NA
"Wisconsin","status_quo","Past",2020-08-11,"latent_trend",NA,NA,NA,0.387731136140088,NA,NA,NA,NA
"Wisconsin","linear_increase_sd","Past",2020-08-11,"mobility_trend",NA,NA,NA,0.883996078899414,NA,NA,NA,NA
"Wisconsin","return_normal","Past",2020-08-11,"mobility_trend",NA,NA,NA,0.883996078899414,NA,NA,NA,NA
"Wisconsin","status_quo","Past",2020-08-11,"mobility_trend",NA,NA,NA,0.883996078899414,NA,NA,NA,NA
"Wisconsin",NA,"Past",2020-08-12,"actual_cumulative_cases",NA,NA,NA,66653,NA,NA,NA,NA
"Wisconsin",NA,"Past",2020-08-12,"actual_cumulative_deaths",NA,NA,NA,1017,NA,NA,NA,NA
"Wisconsin",NA,"Past",2020-08-12,"actual_daily_cases",NA,NA,NA,531,NA,NA,NA,NA
"Wisconsin",NA,"Past",2020-08-12,"actual_daily_deaths",NA,NA,NA,5,NA,NA,NA,NA
"Wisconsin","linear_increase_sd","Past",2020-08-12,"combined_trend",NA,NA,NA,0.344297060905842,NA,NA,NA,NA
"Wisconsin","return_normal","Past",2020-08-12,"combined_trend",NA,NA,NA,0.344297060905842,NA,NA,NA,NA
"Wisconsin","status_quo","Past",2020-08-12,"combined_trend",NA,NA,NA,0.344297060905842,NA,NA,NA,NA
"Wisconsin","linear_increase_sd","Past",2020-08-12,"cumulative_all_infections",200337,200337,200337,206658,201570,221579,221579,221579
"Wisconsin","return_normal","Past",2020-08-12,"cumulative_all_infections",200337,200337,200337,206658,201570,221579,221579,221579
"Wisconsin","status_quo","Past",2020-08-12,"cumulative_all_infections",200337,200337,200337,206658,201570,221579,221579,221579
"Wisconsin","linear_increase_sd","Past",2020-08-12,"cumulative_cases",62433,62433,62433,64496,63110,69382,69382,69382
"Wisconsin","return_normal","Past",2020-08-12,"cumulative_cases",62433,62433,62433,64496,63110,69382,69382,69382
"Wisconsin","status_quo","Past",2020-08-12,"cumulative_cases",62433,62433,62433,64496,63110,69382,69382,69382
"Wisconsin","linear_increase_sd","Past",2020-08-12,"cumulative_deaths",961,961,961,1003,997,1052,1052,1052
"Wisconsin","return_normal","Past",2020-08-12,"cumulative_deaths",961,961,961,1003,997,1052,1052,1052
"Wisconsin","status_quo","Past",2020-08-12,"cumulative_deaths",961,961,961,1003,997,1052,1052,1052
"Wisconsin","linear_increase_sd","Past",2020-08-12,"cumulative_hosps",7009,7009,7009,7225,7035,7764,7764,7764
"Wisconsin","return_normal","Past",2020-08-12,"cumulative_hosps",7009,7009,7009,7225,7035,7764,7764,7764
"Wisconsin","status_quo","Past",2020-08-12,"cumulative_hosps",7009,7009,7009,7225,7035,7764,7764,7764
"Wisconsin","linear_increase_sd","Past",2020-08-12,"daily_all_infections",1896,1896,1896,1984,1987,2122,2122,2122
"Wisconsin","return_normal","Past",2020-08-12,"daily_all_infections",1896,1896,1896,1984,1987,2122,2122,2122
"Wisconsin","status_quo","Past",2020-08-12,"daily_all_infections",1896,1896,1896,1984,1987,2122,2122,2122
"Wisconsin","linear_increase_sd","Past",2020-08-12,"daily_cases",697,697,697,749,722,859,859,859
"Wisconsin","return_normal","Past",2020-08-12,"daily_cases",697,697,697,749,722,859,859,859
"Wisconsin","status_quo","Past",2020-08-12,"daily_cases",697,697,697,749,722,859,859,859
"Wisconsin","linear_increase_sd","Past",2020-08-12,"daily_deaths",9,9,9,10,9,11,11,11
"Wisconsin","return_normal","Past",2020-08-12,"daily_deaths",9,9,9,10,9,11,11,11
"Wisconsin","status_quo","Past",2020-08-12,"daily_deaths",9,9,9,10,9,11,11,11
"Wisconsin","linear_increase_sd","Past",2020-08-12,"daily_hosps",89,89,89,96,95,105,105,105
"Wisconsin","return_normal","Past",2020-08-12,"daily_hosps",89,89,89,96,95,105,105,105
"Wisconsin","status_quo","Past",2020-08-12,"daily_hosps",89,89,89,96,95,105,105,105
"Wisconsin","linear_increase_sd","Past",2020-08-12,"latent_trend",NA,NA,NA,0.386336562804322,NA,NA,NA,NA
"Wisconsin","return_normal","Past",2020-08-12,"latent_trend",NA,NA,NA,0.386336562804322,NA,NA,NA,NA
"Wisconsin","status_quo","Past",2020-08-12,"latent_trend",NA,NA,NA,0.386336562804322,NA,NA,NA,NA
"Wisconsin","linear_increase_sd","Past",2020-08-12,"mobility_trend",NA,NA,NA,0.891184252421447,NA,NA,NA,NA
"Wisconsin","return_normal","Past",2020-08-12,"mobility_trend",NA,NA,NA,0.891184252421447,NA,NA,NA,NA
"Wisconsin","status_quo","Past",2020-08-12,"mobility_trend",NA,NA,NA,0.891184252421447,NA,NA,NA,NA
"Wisconsin",NA,"Past",2020-08-13,"actual_cumulative_cases",NA,NA,NA,67621,NA,NA,NA,NA
"Wisconsin",NA,"Past",2020-08-13,"actual_cumulative_deaths",NA,NA,NA,1024,NA,NA,NA,NA
"Wisconsin",NA,"Past",2020-08-13,"actual_daily_cases",NA,NA,NA,968,NA,NA,NA,NA
"Wisconsin",NA,"Past",2020-08-13,"actual_daily_deaths",NA,NA,NA,7,NA,NA,NA,NA
"Wisconsin","linear_increase_sd","Past",2020-08-13,"combined_trend",NA,NA,NA,0.345746363229182,NA,NA,NA,NA
"Wisconsin","return_normal","Past",2020-08-13,"combined_trend",NA,NA,NA,0.345746363229182,NA,NA,NA,NA
"Wisconsin","status_quo","Past",2020-08-13,"combined_trend",NA,NA,NA,0.345746363229182,NA,NA,NA,NA
"Wisconsin","linear_increase_sd","Past",2020-08-13,"cumulative_all_infections",202316,202316,202316,208626,203480,223681,223681,223681
"Wisconsin","return_normal","Past",2020-08-13,"cumulative_all_infections",202316,202316,202316,208626,203480,223681,223681,223681
"Wisconsin","status_quo","Past",2020-08-13,"cumulative_all_infections",202316,202316,202316,208626,203480,223681,223681,223681
"Wisconsin","linear_increase_sd","Past",2020-08-13,"cumulative_cases",63172,63172,63172,65253,63863,70197,70197,70197
"Wisconsin","return_normal","Past",2020-08-13,"cumulative_cases",63172,63172,63172,65253,63863,70197,70197,70197
"Wisconsin","status_quo","Past",2020-08-13,"cumulative_cases",63172,63172,63172,65253,63863,70197,70197,70197
"Wisconsin","linear_increase_sd","Past",2020-08-13,"cumulative_deaths",971,971,971,1012,1007,1061,1061,1061
"Wisconsin","return_normal","Past",2020-08-13,"cumulative_deaths",971,971,971,1012,1007,1061,1061,1061
"Wisconsin","status_quo","Past",2020-08-13,"cumulative_deaths",971,971,971,1012,1007,1061,1061,1061
"Wisconsin","linear_increase_sd","Past",2020-08-13,"cumulative_hosps",7097,7097,7097,7320,7128,7870,7870,7870
"Wisconsin","return_normal","Past",2020-08-13,"cumulative_hosps",7097,7097,7097,7320,7128,7870,7870,7870
"Wisconsin","status_quo","Past",2020-08-13,"cumulative_hosps",7097,7097,7097,7320,7128,7870,7870,7870
"Wisconsin","linear_increase_sd","Past",2020-08-13,"daily_all_infections",1898,1898,1898,1968,1948,2102,2102,2102
"Wisconsin","return_normal","Past",2020-08-13,"daily_all_infections",1898,1898,1898,1968,1948,2102,2102,2102
"Wisconsin","status_quo","Past",2020-08-13,"daily_all_infections",1898,1898,1898,1968,1948,2102,2102,2102
"Wisconsin","linear_increase_sd","Past",2020-08-13,"daily_cases",726,726,726,758,753,815,815,815
"Wisconsin","return_normal","Past",2020-08-13,"daily_cases",726,726,726,758,753,815,815,815
"Wisconsin","status_quo","Past",2020-08-13,"daily_cases",726,726,726,758,753,815,815,815
"Wisconsin","linear_increase_sd","Past",2020-08-13,"daily_deaths",9,9,9,10,10,10,10,10
"Wisconsin","return_normal","Past",2020-08-13,"daily_deaths",9,9,9,10,10,10,10,10
"Wisconsin","status_quo","Past",2020-08-13,"daily_deaths",9,9,9,10,10,10,10,10
"Wisconsin","linear_increase_sd","Past",2020-08-13,"daily_hosps",88,88,88,95,93,106,106,106
"Wisconsin","return_normal","Past",2020-08-13,"daily_hosps",88,88,88,95,93,106,106,106
"Wisconsin","status_quo","Past",2020-08-13,"daily_hosps",88,88,88,95,93,106,106,106
"Wisconsin","linear_increase_sd","Past",2020-08-13,"latent_trend",NA,NA,NA,0.384489533742194,NA,NA,NA,NA
"Wisconsin","return_normal","Past",2020-08-13,"latent_trend",NA,NA,NA,0.384489533742194,NA,NA,NA,NA
"Wisconsin","status_quo","Past",2020-08-13,"latent_trend",NA,NA,NA,0.384489533742194,NA,NA,NA,NA
"Wisconsin","linear_increase_sd","Past",2020-08-13,"mobility_trend",NA,NA,NA,0.899234785051419,NA,NA,NA,NA
"Wisconsin","return_normal","Past",2020-08-13,"mobility_trend",NA,NA,NA,0.899234785051419,NA,NA,NA,NA
"Wisconsin","status_quo","Past",2020-08-13,"mobility_trend",NA,NA,NA,0.899234785051419,NA,NA,NA,NA
"Wisconsin",NA,"Past",2020-08-14,"actual_cumulative_cases",NA,NA,NA,68680,NA,NA,NA,NA
"Wisconsin",NA,"Past",2020-08-14,"actual_cumulative_deaths",NA,NA,NA,1031,NA,NA,NA,NA
"Wisconsin",NA,"Past",2020-08-14,"actual_daily_cases",NA,NA,NA,1059,NA,NA,NA,NA
"Wisconsin",NA,"Past",2020-08-14,"actual_daily_deaths",NA,NA,NA,7,NA,NA,NA,NA
"Wisconsin","linear_increase_sd","Past",2020-08-14,"combined_trend",NA,NA,NA,0.347067981479601,NA,NA,NA,NA
"Wisconsin","return_normal","Past",2020-08-14,"combined_trend",NA,NA,NA,0.347067981479601,NA,NA,NA,NA
"Wisconsin","status_quo","Past",2020-08-14,"combined_trend",NA,NA,NA,0.347067981479601,NA,NA,NA,NA
"Wisconsin","linear_increase_sd","Past",2020-08-14,"cumulative_all_infections",204279,204279,204279,210583,205399,225760,225760,225760
"Wisconsin","return_normal","Past",2020-08-14,"cumulative_all_infections",204279,204279,204279,210583,205399,225760,225760,225760
"Wisconsin","status_quo","Past",2020-08-14,"cumulative_all_infections",204279,204279,204279,210583,205399,225760,225760,225760
"Wisconsin","linear_increase_sd","Past",2020-08-14,"cumulative_cases",63849,63849,63849,65997,64605,71013,71013,71013
"Wisconsin","return_normal","Past",2020-08-14,"cumulative_cases",63849,63849,63849,65997,64605,71013,71013,71013
"Wisconsin","status_quo","Past",2020-08-14,"cumulative_cases",63849,63849,63849,65997,64605,71013,71013,71013
"Wisconsin","linear_increase_sd","Past",2020-08-14,"cumulative_deaths",980,980,980,1022,1015,1072,1072,1072
"Wisconsin","return_normal","Past",2020-08-14,"cumulative_deaths",980,980,980,1022,1015,1072,1072,1072
"Wisconsin","status_quo","Past",2020-08-14,"cumulative_deaths",980,980,980,1022,1015,1072,1072,1072
"Wisconsin","linear_increase_sd","Past",2020-08-14,"cumulative_hosps",7186,7186,7186,7413,7221,7972,7972,7972
"Wisconsin","return_normal","Past",2020-08-14,"cumulative_hosps",7186,7186,7186,7413,7221,7972,7972,7972
"Wisconsin","status_quo","Past",2020-08-14,"cumulative_hosps",7186,7186,7186,7413,7221,7972,7972,7972
"Wisconsin","linear_increase_sd","Past",2020-08-14,"daily_all_infections",1910,1910,1910,1958,1919,2079,2079,2079
"Wisconsin","return_normal","Past",2020-08-14,"daily_all_infections",1910,1910,1910,1958,1919,2079,2079,2079
"Wisconsin","status_quo","Past",2020-08-14,"daily_all_infections",1910,1910,1910,1958,1919,2079,2079,2079
"Wisconsin","linear_increase_sd","Past",2020-08-14,"daily_cases",677,677,677,744,742,816,816,816
"Wisconsin","return_normal","Past",2020-08-14,"daily_cases",677,677,677,744,742,816,816,816
"Wisconsin","status_quo","Past",2020-08-14,"daily_cases",677,677,677,744,742,816,816,816
"Wisconsin","linear_increase_sd","Past",2020-08-14,"daily_deaths",8,8,8,10,10,11,11,11
"Wisconsin","return_normal","Past",2020-08-14,"daily_deaths",8,8,8,10,10,11,11,11
"Wisconsin","status_quo","Past",2020-08-14,"daily_deaths",8,8,8,10,10,11,11,11
"Wisconsin","linear_increase_sd","Past",2020-08-14,"daily_hosps",89,89,89,94,92,102,102,102
"Wisconsin","return_normal","Past",2020-08-14,"daily_hosps",89,89,89,94,92,102,102,102
"Wisconsin","status_quo","Past",2020-08-14,"daily_hosps",89,89,89,94,92,102,102,102
"Wisconsin","linear_increase_sd","Past",2020-08-14,"latent_trend",NA,NA,NA,0.382309887297248,NA,NA,NA,NA
"Wisconsin","return_normal","Past",2020-08-14,"latent_trend",NA,NA,NA,0.382309887297248,NA,NA,NA,NA
"Wisconsin","status_quo","Past",2020-08-14,"latent_trend",NA,NA,NA,0.382309887297248,NA,NA,NA,NA
"Wisconsin","linear_increase_sd","Past",2020-08-14,"mobility_trend",NA,NA,NA,0.907818481842595,NA,NA,NA,NA
"Wisconsin","return_normal","Past",2020-08-14,"mobility_trend",NA,NA,NA,0.907818481842595,NA,NA,NA,NA
"Wisconsin","status_quo","Past",2020-08-14,"mobility_trend",NA,NA,NA,0.907818481842595,NA,NA,NA,NA
"Wisconsin",NA,"Past",2020-08-15,"actual_cumulative_cases",NA,NA,NA,69546,NA,NA,NA,NA
"Wisconsin",NA,"Past",2020-08-15,"actual_cumulative_deaths",NA,NA,NA,1044,NA,NA,NA,NA
"Wisconsin",NA,"Past",2020-08-15,"actual_daily_cases",NA,NA,NA,866,NA,NA,NA,NA
"Wisconsin",NA,"Past",2020-08-15,"actual_daily_deaths",NA,NA,NA,13,NA,NA,NA,NA
"Wisconsin","linear_increase_sd","Past",2020-08-15,"combined_trend",NA,NA,NA,0.348284129302548,NA,NA,NA,NA
"Wisconsin","return_normal","Past",2020-08-15,"combined_trend",NA,NA,NA,0.348284129302548,NA,NA,NA,NA
"Wisconsin","status_quo","Past",2020-08-15,"combined_trend",NA,NA,NA,0.348284129302548,NA,NA,NA,NA
"Wisconsin","linear_increase_sd","Past",2020-08-15,"cumulative_all_infections",206213,206213,206213,212527,207315,227817,227817,227817
"Wisconsin","return_normal","Past",2020-08-15,"cumulative_all_infections",206213,206213,206213,212527,207315,227817,227817,227817
"Wisconsin","status_quo","Past",2020-08-15,"cumulative_all_infections",206213,206213,206213,212527,207315,227817,227817,227817
"Wisconsin","linear_increase_sd","Past",2020-08-15,"cumulative_cases",64554,64554,64554,66733,65299,71800,71800,71800
"Wisconsin","return_normal","Past",2020-08-15,"cumulative_cases",64554,64554,64554,66733,65299,71800,71800,71800
"Wisconsin","status_quo","Past",2020-08-15,"cumulative_cases",64554,64554,64554,66733,65299,71800,71800,71800
"Wisconsin","linear_increase_sd","Past",2020-08-15,"cumulative_deaths",989,989,989,1031,1023,1081,1081,1081
"Wisconsin","return_normal","Past",2020-08-15,"cumulative_deaths",989,989,989,1031,1023,1081,1081,1081
"Wisconsin","status_quo","Past",2020-08-15,"cumulative_deaths",989,989,989,1031,1023,1081,1081,1081
"Wisconsin","linear_increase_sd","Past",2020-08-15,"cumulative_hosps",7274,7274,7274,7505,7312,8073,8073,8073
"Wisconsin","return_normal","Past",2020-08-15,"cumulative_hosps",7274,7274,7274,7505,7312,8073,8073,8073
"Wisconsin","status_quo","Past",2020-08-15,"cumulative_hosps",7274,7274,7274,7505,7312,8073,8073,8073
"Wisconsin","linear_increase_sd","Past",2020-08-15,"daily_all_infections",1882,1882,1882,1944,1920,2057,2057,2057
"Wisconsin","return_normal","Past",2020-08-15,"daily_all_infections",1882,1882,1882,1944,1920,2057,2057,2057
"Wisconsin","status_quo","Past",2020-08-15,"daily_all_infections",1882,1882,1882,1944,1920,2057,2057,2057
"Wisconsin","linear_increase_sd","Past",2020-08-15,"daily_cases",694,694,694,736,740,787,787,787
"Wisconsin","return_normal","Past",2020-08-15,"daily_cases",694,694,694,736,740,787,787,787
"Wisconsin","status_quo","Past",2020-08-15,"daily_cases",694,694,694,736,740,787,787,787
"Wisconsin","linear_increase_sd","Past",2020-08-15,"daily_deaths",8,8,8,9,9,11,11,11
"Wisconsin","return_normal","Past",2020-08-15,"daily_deaths",8,8,8,9,9,11,11,11
"Wisconsin","status_quo","Past",2020-08-15,"daily_deaths",8,8,8,9,9,11,11,11
"Wisconsin","linear_increase_sd","Past",2020-08-15,"daily_hosps",88,88,88,93,91,101,101,101
"Wisconsin","return_normal","Past",2020-08-15,"daily_hosps",88,88,88,93,91,101,101,101
"Wisconsin","status_quo","Past",2020-08-15,"daily_hosps",88,88,88,93,91,101,101,101
"Wisconsin","linear_increase_sd","Past",2020-08-15,"latent_trend",NA,NA,NA,0.379916939242998,NA,NA,NA,NA
"Wisconsin","return_normal","Past",2020-08-15,"latent_trend",NA,NA,NA,0.379916939242998,NA,NA,NA,NA
"Wisconsin","status_quo","Past",2020-08-15,"latent_trend",NA,NA,NA,0.379916939242998,NA,NA,NA,NA
"Wisconsin","linear_increase_sd","Past",2020-08-15,"mobility_trend",NA,NA,NA,0.916737563733063,NA,NA,NA,NA
"Wisconsin","return_normal","Past",2020-08-15,"mobility_trend",NA,NA,NA,0.916737563733063,NA,NA,NA,NA
"Wisconsin","status_quo","Past",2020-08-15,"mobility_trend",NA,NA,NA,0.916737563733063,NA,NA,NA,NA
"Wisconsin",NA,"Past",2020-08-16,"actual_cumulative_cases",NA,NA,NA,70245,NA,NA,NA,NA
"Wisconsin",NA,"Past",2020-08-16,"actual_cumulative_deaths",NA,NA,NA,1045,NA,NA,NA,NA
"Wisconsin",NA,"Past",2020-08-16,"actual_daily_cases",NA,NA,NA,699,NA,NA,NA,NA
"Wisconsin",NA,"Past",2020-08-16,"actual_daily_deaths",NA,NA,NA,1,NA,NA,NA,NA
"Wisconsin","linear_increase_sd","Past",2020-08-16,"combined_trend",NA,NA,NA,0.34942739466582,NA,NA,NA,NA
"Wisconsin","return_normal","Past",2020-08-16,"combined_trend",NA,NA,NA,0.34942739466582,NA,NA,NA,NA
"Wisconsin","status_quo","Past",2020-08-16,"combined_trend",NA,NA,NA,0.34942739466582,NA,NA,NA,NA
"Wisconsin","linear_increase_sd","Past",2020-08-16,"cumulative_all_infections",208146,208146,208146,214463,209245,229855,229855,229855
"Wisconsin","return_normal","Past",2020-08-16,"cumulative_all_infections",208146,208146,208146,214463,209245,229855,229855,229855
"Wisconsin","status_quo","Past",2020-08-16,"cumulative_all_infections",208146,208146,208146,214463,209245,229855,229855,229855
"Wisconsin","linear_increase_sd","Past",2020-08-16,"cumulative_cases",65259,65259,65259,67467,65983,72634,72634,72634
"Wisconsin","return_normal","Past",2020-08-16,"cumulative_cases",65259,65259,65259,67467,65983,72634,72634,72634
"Wisconsin","status_quo","Past",2020-08-16,"cumulative_cases",65259,65259,65259,67467,65983,72634,72634,72634
"Wisconsin","linear_increase_sd","Past",2020-08-16,"cumulative_deaths",997,997,997,1041,1033,1092,1092,1092
"Wisconsin","return_normal","Past",2020-08-16,"cumulative_deaths",997,997,997,1041,1033,1092,1092,1092
"Wisconsin","status_quo","Past",2020-08-16,"cumulative_deaths",997,997,997,1041,1033,1092,1092,1092
"Wisconsin","linear_increase_sd","Past",2020-08-16,"cumulative_hosps",7361,7361,7361,7598,7403,8174,8174,8174
"Wisconsin","return_normal","Past",2020-08-16,"cumulative_hosps",7361,7361,7361,7598,7403,8174,8174,8174
"Wisconsin","status_quo","Past",2020-08-16,"cumulative_hosps",7361,7361,7361,7598,7403,8174,8174,8174
"Wisconsin","linear_increase_sd","Past",2020-08-16,"daily_all_infections",1846,1846,1846,1937,1933,2038,2038,2038
"Wisconsin","return_normal","Past",2020-08-16,"daily_all_infections",1846,1846,1846,1937,1933,2038,2038,2038
"Wisconsin","status_quo","Past",2020-08-16,"daily_all_infections",1846,1846,1846,1937,1933,2038,2038,2038
"Wisconsin","linear_increase_sd","Past",2020-08-16,"daily_cases",684,684,684,735,714,834,834,834
"Wisconsin","return_normal","Past",2020-08-16,"daily_cases",684,684,684,735,714,834,834,834
"Wisconsin","status_quo","Past",2020-08-16,"daily_cases",684,684,684,735,714,834,834,834
"Wisconsin","linear_increase_sd","Past",2020-08-16,"daily_deaths",8,8,8,10,9,11,11,11
"Wisconsin","return_normal","Past",2020-08-16,"daily_deaths",8,8,8,10,9,11,11,11
"Wisconsin","status_quo","Past",2020-08-16,"daily_deaths",8,8,8,10,9,11,11,11
"Wisconsin","linear_increase_sd","Past",2020-08-16,"daily_hosps",87,87,87,93,91,101,101,101
"Wisconsin","return_normal","Past",2020-08-16,"daily_hosps",87,87,87,93,91,101,101,101
"Wisconsin","status_quo","Past",2020-08-16,"daily_hosps",87,87,87,93,91,101,101,101
"Wisconsin","linear_increase_sd","Past",2020-08-16,"latent_trend",NA,NA,NA,0.377429139145468,NA,NA,NA,NA
"Wisconsin","return_normal","Past",2020-08-16,"latent_trend",NA,NA,NA,0.377429139145468,NA,NA,NA,NA
"Wisconsin","status_quo","Past",2020-08-16,"latent_trend",NA,NA,NA,0.377429139145468,NA,NA,NA,NA
"Wisconsin","linear_increase_sd","Past",2020-08-16,"mobility_trend",NA,NA,NA,0.925809267024145,NA,NA,NA,NA
"Wisconsin","return_normal","Past",2020-08-16,"mobility_trend",NA,NA,NA,0.925809267024145,NA,NA,NA,NA
"Wisconsin","status_quo","Past",2020-08-16,"mobility_trend",NA,NA,NA,0.925809267024145,NA,NA,NA,NA
"Wisconsin",NA,"Past",2020-08-17,"actual_cumulative_cases",NA,NA,NA,70714,NA,NA,NA,NA
"Wisconsin",NA,"Past",2020-08-17,"actual_cumulative_deaths",NA,NA,NA,1045,NA,NA,NA,NA
"Wisconsin",NA,"Past",2020-08-17,"actual_daily_cases",NA,NA,NA,469,NA,NA,NA,NA
"Wisconsin",NA,"Past",2020-08-17,"actual_daily_deaths",NA,NA,NA,0,NA,NA,NA,NA
"Wisconsin","linear_increase_sd","Past",2020-08-17,"combined_trend",NA,NA,NA,0.350508501625273,NA,NA,NA,NA
"Wisconsin","return_normal","Past",2020-08-17,"combined_trend",NA,NA,NA,0.350508501625273,NA,NA,NA,NA
"Wisconsin","status_quo","Past",2020-08-17,"combined_trend",NA,NA,NA,0.350508501625273,NA,NA,NA,NA
"Wisconsin","linear_increase_sd","Past",2020-08-17,"cumulative_all_infections",210075,210075,210075,216389,211182,231873,231873,231873
"Wisconsin","return_normal","Past",2020-08-17,"cumulative_all_infections",210075,210075,210075,216389,211182,231873,231873,231873
"Wisconsin","status_quo","Past",2020-08-17,"cumulative_all_infections",210075,210075,210075,216389,211182,231873,231873,231873
"Wisconsin","linear_increase_sd","Past",2020-08-17,"cumulative_cases",65944,65944,65944,68208,66730,73425,73425,73425
"Wisconsin","return_normal","Past",2020-08-17,"cumulative_cases",65944,65944,65944,68208,66730,73425,73425,73425
"Wisconsin","status_quo","Past",2020-08-17,"cumulative_cases",65944,65944,65944,68208,66730,73425,73425,73425
"Wisconsin","linear_increase_sd","Past",2020-08-17,"cumulative_deaths",1006,1006,1006,1050,1042,1102,1102,1102
"Wisconsin","return_normal","Past",2020-08-17,"cumulative_deaths",1006,1006,1006,1050,1042,1102,1102,1102
"Wisconsin","status_quo","Past",2020-08-17,"cumulative_deaths",1006,1006,1006,1050,1042,1102,1102,1102
"Wisconsin","linear_increase_sd","Past",2020-08-17,"cumulative_hosps",7449,7449,7449,7689,7492,8273,8273,8273
"Wisconsin","return_normal","Past",2020-08-17,"cumulative_hosps",7449,7449,7449,7689,7492,8273,8273,8273
"Wisconsin","status_quo","Past",2020-08-17,"cumulative_hosps",7449,7449,7449,7689,7492,8273,8273,8273
"Wisconsin","linear_increase_sd","Past",2020-08-17,"daily_all_infections",1811,1811,1811,1926,1937,2018,2018,2018
"Wisconsin","return_normal","Past",2020-08-17,"daily_all_infections",1811,1811,1811,1926,1937,2018,2018,2018
"Wisconsin","status_quo","Past",2020-08-17,"daily_all_infections",1811,1811,1811,1926,1937,2018,2018,2018
"Wisconsin","linear_increase_sd","Past",2020-08-17,"daily_cases",685,685,685,741,745,791,791,791
"Wisconsin","return_normal","Past",2020-08-17,"daily_cases",685,685,685,741,745,791,791,791
"Wisconsin","status_quo","Past",2020-08-17,"daily_cases",685,685,685,741,745,791,791,791
"Wisconsin","linear_increase_sd","Past",2020-08-17,"daily_deaths",8,8,8,10,9,10,10,10
"Wisconsin","return_normal","Past",2020-08-17,"daily_deaths",8,8,8,10,9,10,10,10
"Wisconsin","status_quo","Past",2020-08-17,"daily_deaths",8,8,8,10,9,10,10,10
"Wisconsin","linear_increase_sd","Past",2020-08-17,"daily_hosps",88,88,88,92,89,99,99,99
"Wisconsin","return_normal","Past",2020-08-17,"daily_hosps",88,88,88,92,89,99,99,99
"Wisconsin","status_quo","Past",2020-08-17,"daily_hosps",88,88,88,92,89,99,99,99
"Wisconsin","linear_increase_sd","Past",2020-08-17,"latent_trend",NA,NA,NA,0.37496384070236,NA,NA,NA,NA
"Wisconsin","return_normal","Past",2020-08-17,"latent_trend",NA,NA,NA,0.37496384070236,NA,NA,NA,NA
"Wisconsin","status_quo","Past",2020-08-17,"latent_trend",NA,NA,NA,0.37496384070236,NA,NA,NA,NA
"Wisconsin","linear_increase_sd","Past",2020-08-17,"mobility_trend",NA,NA,NA,0.934779473585296,NA,NA,NA,NA
"Wisconsin","return_normal","Past",2020-08-17,"mobility_trend",NA,NA,NA,0.934779473585296,NA,NA,NA,NA
"Wisconsin","status_quo","Past",2020-08-17,"mobility_trend",NA,NA,NA,0.934779473585296,NA,NA,NA,NA
"Wisconsin",NA,"Past",2020-08-18,"actual_cumulative_cases",NA,NA,NA,71423,NA,NA,NA,NA
"Wisconsin",NA,"Past",2020-08-18,"actual_cumulative_deaths",NA,NA,NA,1058,NA,NA,NA,NA
"Wisconsin",NA,"Past",2020-08-18,"actual_daily_cases",NA,NA,NA,709,NA,NA,NA,NA
"Wisconsin",NA,"Past",2020-08-18,"actual_daily_deaths",NA,NA,NA,13,NA,NA,NA,NA
"Wisconsin","linear_increase_sd","Past",2020-08-18,"combined_trend",NA,NA,NA,0.351521867930123,NA,NA,NA,NA
"Wisconsin","return_normal","Past",2020-08-18,"combined_trend",NA,NA,NA,0.351521867930123,NA,NA,NA,NA
"Wisconsin","status_quo","Past",2020-08-18,"combined_trend",NA,NA,NA,0.351521867930123,NA,NA,NA,NA
"Wisconsin","linear_increase_sd","Past",2020-08-18,"cumulative_all_infections",211978,211978,211978,218309,213132,233867,233867,233867
"Wisconsin","return_normal","Past",2020-08-18,"cumulative_all_infections",211978,211978,211978,218309,213132,233867,233867,233867
"Wisconsin","status_quo","Past",2020-08-18,"cumulative_all_infections",211978,211978,211978,218309,213132,233867,233867,233867
"Wisconsin","linear_increase_sd","Past",2020-08-18,"cumulative_cases",66611,66611,66611,68935,67442,74211,74211,74211
"Wisconsin","return_normal","Past",2020-08-18,"cumulative_cases",66611,66611,66611,68935,67442,74211,74211,74211
"Wisconsin","status_quo","Past",2020-08-18,"cumulative_cases",66611,66611,66611,68935,67442,74211,74211,74211
"Wisconsin","linear_increase_sd","Past",2020-08-18,"cumulative_deaths",1014,1014,1014,1059,1052,1113,1113,1113
"Wisconsin","return_normal","Past",2020-08-18,"cumulative_deaths",1014,1014,1014,1059,1052,1113,1113,1113
"Wisconsin","status_quo","Past",2020-08-18,"cumulative_deaths",1014,1014,1014,1059,1052,1113,1113,1113
"Wisconsin","linear_increase_sd","Past",2020-08-18,"cumulative_hosps",7538,7538,7538,7780,7579,8372,8372,8372
"Wisconsin","return_normal","Past",2020-08-18,"cumulative_hosps",7538,7538,7538,7780,7579,8372,8372,8372
"Wisconsin","status_quo","Past",2020-08-18,"cumulative_hosps",7538,7538,7538,7780,7579,8372,8372,8372
"Wisconsin","linear_increase_sd","Past",2020-08-18,"daily_all_infections",1801,1801,1801,1920,1950,1994,1994,1994
"Wisconsin","return_normal","Past",2020-08-18,"daily_all_infections",1801,1801,1801,1920,1950,1994,1994,1994
"Wisconsin","status_quo","Past",2020-08-18,"daily_all_infections",1801,1801,1801,1920,1950,1994,1994,1994
"Wisconsin","linear_increase_sd","Past",2020-08-18,"daily_cases",667,667,667,728,719,786,786,786
"Wisconsin","return_normal","Past",2020-08-18,"daily_cases",667,667,667,728,719,786,786,786
"Wisconsin","status_quo","Past",2020-08-18,"daily_cases",667,667,667,728,719,786,786,786
"Wisconsin","linear_increase_sd","Past",2020-08-18,"daily_deaths",8,8,8,9,8,11,11,11
"Wisconsin","return_normal","Past",2020-08-18,"daily_deaths",8,8,8,9,8,11,11,11
"Wisconsin","status_quo","Past",2020-08-18,"daily_deaths",8,8,8,9,8,11,11,11
"Wisconsin","linear_increase_sd","Past",2020-08-18,"daily_hosps",87,87,87,91,89,99,99,99
"Wisconsin","return_normal","Past",2020-08-18,"daily_hosps",87,87,87,91,89,99,99,99
"Wisconsin","status_quo","Past",2020-08-18,"daily_hosps",87,87,87,91,89,99,99,99
"Wisconsin","linear_increase_sd","Past",2020-08-18,"latent_trend",NA,NA,NA,0.372637200561094,NA,NA,NA,NA
"Wisconsin","return_normal","Past",2020-08-18,"latent_trend",NA,NA,NA,0.372637200561094,NA,NA,NA,NA
"Wisconsin","status_quo","Past",2020-08-18,"latent_trend",NA,NA,NA,0.372637200561094,NA,NA,NA,NA
"Wisconsin","linear_increase_sd","Past",2020-08-18,"mobility_trend",NA,NA,NA,0.943335414179859,NA,NA,NA,NA
"Wisconsin","return_normal","Past",2020-08-18,"mobility_trend",NA,NA,NA,0.943335414179859,NA,NA,NA,NA
"Wisconsin","status_quo","Past",2020-08-18,"mobility_trend",NA,NA,NA,0.943335414179859,NA,NA,NA,NA
"Wisconsin",NA,"Past",2020-08-19,"actual_cumulative_cases",NA,NA,NA,72133,NA,NA,NA,NA
"Wisconsin",NA,"Past",2020-08-19,"actual_cumulative_deaths",NA,NA,NA,1066,NA,NA,NA,NA
"Wisconsin",NA,"Past",2020-08-19,"actual_daily_cases",NA,NA,NA,710,NA,NA,NA,NA
"Wisconsin",NA,"Past",2020-08-19,"actual_daily_deaths",NA,NA,NA,8,NA,NA,NA,NA
"Wisconsin","linear_increase_sd","Past",2020-08-19,"combined_trend",NA,NA,NA,0.352406971875984,NA,NA,NA,NA
"Wisconsin","return_normal","Past",2020-08-19,"combined_trend",NA,NA,NA,0.352406971875984,NA,NA,NA,NA
"Wisconsin","status_quo","Past",2020-08-19,"combined_trend",NA,NA,NA,0.352406971875984,NA,NA,NA,NA
"Wisconsin","linear_increase_sd","Past",2020-08-19,"cumulative_all_infections",213862,213862,213862,220219,215086,235852,235852,235852
"Wisconsin","return_normal","Past",2020-08-19,"cumulative_all_infections",213862,213862,213862,220219,215086,235852,235852,235852
"Wisconsin","status_quo","Past",2020-08-19,"cumulative_all_infections",213862,213862,213862,220219,215086,235852,235852,235852
"Wisconsin","linear_increase_sd","Past",2020-08-19,"cumulative_cases",67290,67290,67290,69650,68164,74969,74969,74969
"Wisconsin","return_normal","Past",2020-08-19,"cumulative_cases",67290,67290,67290,69650,68164,74969,74969,74969
"Wisconsin","status_quo","Past",2020-08-19,"cumulative_cases",67290,67290,67290,69650,68164,74969,74969,74969
"Wisconsin","linear_increase_sd","Past",2020-08-19,"cumulative_deaths",1022,1022,1022,1067,1061,1121,1121,1121
"Wisconsin","return_normal","Past",2020-08-19,"cumulative_deaths",1022,1022,1022,1067,1061,1121,1121,1121
"Wisconsin","status_quo","Past",2020-08-19,"cumulative_deaths",1022,1022,1022,1067,1061,1121,1121,1121
"Wisconsin","linear_increase_sd","Past",2020-08-19,"cumulative_hosps",7625,7625,7625,7869,7665,8469,8469,8469
"Wisconsin","return_normal","Past",2020-08-19,"cumulative_hosps",7625,7625,7625,7869,7665,8469,8469,8469
"Wisconsin","status_quo","Past",2020-08-19,"cumulative_hosps",7625,7625,7625,7869,7665,8469,8469,8469
"Wisconsin","linear_increase_sd","Past",2020-08-19,"daily_all_infections",1771,1771,1771,1911,1954,1985,1985,1985
"Wisconsin","return_normal","Past",2020-08-19,"daily_all_infections",1771,1771,1771,1911,1954,1985,1985,1985
"Wisconsin","status_quo","Past",2020-08-19,"daily_all_infections",1771,1771,1771,1911,1954,1985,1985,1985
"Wisconsin","linear_increase_sd","Past",2020-08-19,"daily_cases",679,679,679,716,722,758,758,758
"Wisconsin","return_normal","Past",2020-08-19,"daily_cases",679,679,679,716,722,758,758,758
"Wisconsin","status_quo","Past",2020-08-19,"daily_cases",679,679,679,716,722,758,758,758
"Wisconsin","linear_increase_sd","Past",2020-08-19,"daily_deaths",8,8,8,9,9,9,9,9
"Wisconsin","return_normal","Past",2020-08-19,"daily_deaths",8,8,8,9,9,9,9,9
"Wisconsin","status_quo","Past",2020-08-19,"daily_deaths",8,8,8,9,9,9,9,9
"Wisconsin","linear_increase_sd","Past",2020-08-19,"daily_hosps",85,85,85,89,87,97,97,97
"Wisconsin","return_normal","Past",2020-08-19,"daily_hosps",85,85,85,89,87,97,97,97
"Wisconsin","status_quo","Past",2020-08-19,"daily_hosps",85,85,85,89,87,97,97,97
"Wisconsin","linear_increase_sd","Past",2020-08-19,"latent_trend",NA,NA,NA,0.370564222427355,NA,NA,NA,NA
"Wisconsin","return_normal","Past",2020-08-19,"latent_trend",NA,NA,NA,0.370564222427355,NA,NA,NA,NA
"Wisconsin","status_quo","Past",2020-08-19,"latent_trend",NA,NA,NA,0.370564222427355,NA,NA,NA,NA
"Wisconsin","linear_increase_sd","Past",2020-08-19,"mobility_trend",NA,NA,NA,0.95100106957862,NA,NA,NA,NA
"Wisconsin","return_normal","Past",2020-08-19,"mobility_trend",NA,NA,NA,0.95100106957862,NA,NA,NA,NA
"Wisconsin","status_quo","Past",2020-08-19,"mobility_trend",NA,NA,NA,0.95100106957862,NA,NA,NA,NA
"Wisconsin",NA,"Past",2020-08-20,"actual_cumulative_cases",NA,NA,NA,72902,NA,NA,NA,NA
"Wisconsin",NA,"Past",2020-08-20,"actual_cumulative_deaths",NA,NA,NA,1073,NA,NA,NA,NA
"Wisconsin",NA,"Past",2020-08-20,"actual_daily_cases",NA,NA,NA,769,NA,NA,NA,NA
"Wisconsin",NA,"Past",2020-08-20,"actual_daily_deaths",NA,NA,NA,7,NA,NA,NA,NA
"Wisconsin","linear_increase_sd","Past",2020-08-20,"combined_trend",NA,NA,NA,0.353089450354029,NA,NA,NA,NA
"Wisconsin","return_normal","Past",2020-08-20,"combined_trend",NA,NA,NA,0.353089450354029,NA,NA,NA,NA
"Wisconsin","status_quo","Past",2020-08-20,"combined_trend",NA,NA,NA,0.353089450354029,NA,NA,NA,NA
"Wisconsin","linear_increase_sd","Past",2020-08-20,"cumulative_all_infections",215723,215723,215723,222123,217048,237819,237819,237819
"Wisconsin","return_normal","Past",2020-08-20,"cumulative_all_infections",215723,215723,215723,222123,217048,237819,237819,237819
"Wisconsin","status_quo","Past",2020-08-20,"cumulative_all_infections",215723,215723,215723,222123,217048,237819,237819,237819
"Wisconsin","linear_increase_sd","Past",2020-08-20,"cumulative_cases",67985,67985,67985,70363,68877,75732,75732,75732
"Wisconsin","return_normal","Past",2020-08-20,"cumulative_cases",67985,67985,67985,70363,68877,75732,75732,75732
"Wisconsin","status_quo","Past",2020-08-20,"cumulative_cases",67985,67985,67985,70363,68877,75732,75732,75732
"Wisconsin","linear_increase_sd","Past",2020-08-20,"cumulative_deaths",1031,1031,1031,1075,1068,1129,1129,1129
"Wisconsin","return_normal","Past",2020-08-20,"cumulative_deaths",1031,1031,1031,1075,1068,1129,1129,1129
"Wisconsin","status_quo","Past",2020-08-20,"cumulative_deaths",1031,1031,1031,1075,1068,1129,1129,1129
"Wisconsin","linear_increase_sd","Past",2020-08-20,"cumulative_hosps",7711,7711,7711,7958,7752,8564,8564,8564
"Wisconsin","return_normal","Past",2020-08-20,"cumulative_hosps",7711,7711,7711,7958,7752,8564,8564,8564
"Wisconsin","status_quo","Past",2020-08-20,"cumulative_hosps",7711,7711,7711,7958,7752,8564,8564,8564
"Wisconsin","linear_increase_sd","Past",2020-08-20,"daily_all_infections",1759,1759,1759,1904,1962,1968,1968,1968
"Wisconsin","return_normal","Past",2020-08-20,"daily_all_infections",1759,1759,1759,1904,1962,1968,1968,1968
"Wisconsin","status_quo","Past",2020-08-20,"daily_all_infections",1759,1759,1759,1904,1962,1968,1968,1968
"Wisconsin","linear_increase_sd","Past",2020-08-20,"daily_cases",693,693,693,713,699,763,763,763
"Wisconsin","return_normal","Past",2020-08-20,"daily_cases",693,693,693,713,699,763,763,763
"Wisconsin","status_quo","Past",2020-08-20,"daily_cases",693,693,693,713,699,763,763,763
"Wisconsin","linear_increase_sd","Past",2020-08-20,"daily_deaths",7,7,7,8,8,9,9,9
"Wisconsin","return_normal","Past",2020-08-20,"daily_deaths",7,7,7,8,8,9,9,9
"Wisconsin","status_quo","Past",2020-08-20,"daily_deaths",7,7,7,8,8,9,9,9
"Wisconsin","linear_increase_sd","Past",2020-08-20,"daily_hosps",84,84,84,89,87,95,95,95
"Wisconsin","return_normal","Past",2020-08-20,"daily_hosps",84,84,84,89,87,95,95,95
"Wisconsin","status_quo","Past",2020-08-20,"daily_hosps",84,84,84,89,87,95,95,95
"Wisconsin","linear_increase_sd","Past",2020-08-20,"latent_trend",NA,NA,NA,0.368858962122848,NA,NA,NA,NA
"Wisconsin","return_normal","Past",2020-08-20,"latent_trend",NA,NA,NA,0.368858962122848,NA,NA,NA,NA
"Wisconsin","status_quo","Past",2020-08-20,"latent_trend",NA,NA,NA,0.368858962122848,NA,NA,NA,NA
"Wisconsin","linear_increase_sd","Past",2020-08-20,"mobility_trend",NA,NA,NA,0.957247855174612,NA,NA,NA,NA
"Wisconsin","return_normal","Past",2020-08-20,"mobility_trend",NA,NA,NA,0.957247855174612,NA,NA,NA,NA
"Wisconsin","status_quo","Past",2020-08-20,"mobility_trend",NA,NA,NA,0.957247855174612,NA,NA,NA,NA
"Wisconsin",NA,"Past",2020-08-21,"actual_cumulative_cases",NA,NA,NA,73750,NA,NA,NA,NA
"Wisconsin",NA,"Past",2020-08-21,"actual_cumulative_deaths",NA,NA,NA,1074,NA,NA,NA,NA
"Wisconsin",NA,"Past",2020-08-21,"actual_daily_cases",NA,NA,NA,848,NA,NA,NA,NA
"Wisconsin",NA,"Past",2020-08-21,"actual_daily_deaths",NA,NA,NA,1,NA,NA,NA,NA
"Wisconsin","linear_increase_sd","Past",2020-08-21,"combined_trend",NA,NA,NA,0.353481148390109,NA,NA,NA,NA
"Wisconsin","return_normal","Past",2020-08-21,"combined_trend",NA,NA,NA,0.353481148390109,NA,NA,NA,NA
"Wisconsin","status_quo","Past",2020-08-21,"combined_trend",NA,NA,NA,0.353481148390109,NA,NA,NA,NA
"Wisconsin","linear_increase_sd","Past",2020-08-21,"cumulative_all_infections",217566,217566,217566,224022,219004,239776,239776,239776
"Wisconsin","return_normal","Past",2020-08-21,"cumulative_all_infections",217566,217566,217566,224022,219004,239776,239776,239776
"Wisconsin","status_quo","Past",2020-08-21,"cumulative_all_infections",217566,217566,217566,224022,219004,239776,239776,239776
"Wisconsin","linear_increase_sd","Past",2020-08-21,"cumulative_cases",68709,68709,68709,71086,69605,76512,76512,76512
"Wisconsin","return_normal","Past",2020-08-21,"cumulative_cases",68709,68709,68709,71086,69605,76512,76512,76512
"Wisconsin","status_quo","Past",2020-08-21,"cumulative_cases",68709,68709,68709,71086,69605,76512,76512,76512
"Wisconsin","linear_increase_sd","Past",2020-08-21,"cumulative_deaths",1040,1040,1040,1084,1077,1138,1138,1138
"Wisconsin","return_normal","Past",2020-08-21,"cumulative_deaths",1040,1040,1040,1084,1077,1138,1138,1138
"Wisconsin","status_quo","Past",2020-08-21,"cumulative_deaths",1040,1040,1040,1084,1077,1138,1138,1138
"Wisconsin","linear_increase_sd","Past",2020-08-21,"cumulative_hosps",7799,7799,7799,8046,7839,8659,8659,8659
"Wisconsin","return_normal","Past",2020-08-21,"cumulative_hosps",7799,7799,7799,8046,7839,8659,8659,8659
"Wisconsin","status_quo","Past",2020-08-21,"cumulative_hosps",7799,7799,7799,8046,7839,8659,8659,8659
"Wisconsin","linear_increase_sd","Past",2020-08-21,"daily_all_infections",1776,1776,1776,1899,1956,1963,1963,1963
"Wisconsin","return_normal","Past",2020-08-21,"daily_all_infections",1776,1776,1776,1899,1956,1963,1963,1963
"Wisconsin","status_quo","Past",2020-08-21,"daily_all_infections",1776,1776,1776,1899,1956,1963,1963,1963
"Wisconsin","linear_increase_sd","Past",2020-08-21,"daily_cases",684,684,684,724,724,780,780,780
"Wisconsin","return_normal","Past",2020-08-21,"daily_cases",684,684,684,724,724,780,780,780
"Wisconsin","status_quo","Past",2020-08-21,"daily_cases",684,684,684,724,724,780,780,780
"Wisconsin","linear_increase_sd","Past",2020-08-21,"daily_deaths",8,8,8,9,9,9,9,9
"Wisconsin","return_normal","Past",2020-08-21,"daily_deaths",8,8,8,9,9,9,9,9
"Wisconsin","status_quo","Past",2020-08-21,"daily_deaths",8,8,8,9,9,9,9,9
"Wisconsin","linear_increase_sd","Past",2020-08-21,"daily_hosps",84,84,84,89,88,95,95,95
"Wisconsin","return_normal","Past",2020-08-21,"daily_hosps",84,84,84,89,88,95,95,95
"Wisconsin","status_quo","Past",2020-08-21,"daily_hosps",84,84,84,89,88,95,95,95
"Wisconsin","linear_increase_sd","Past",2020-08-21,"latent_trend",NA,NA,NA,0.367635032877695,NA,NA,NA,NA
"Wisconsin","return_normal","Past",2020-08-21,"latent_trend",NA,NA,NA,0.367635032877695,NA,NA,NA,NA
"Wisconsin","status_quo","Past",2020-08-21,"latent_trend",NA,NA,NA,0.367635032877695,NA,NA,NA,NA
"Wisconsin","linear_increase_sd","Past",2020-08-21,"mobility_trend",NA,NA,NA,0.961500174842438,NA,NA,NA,NA
"Wisconsin","return_normal","Past",2020-08-21,"mobility_trend",NA,NA,NA,0.961500174842438,NA,NA,NA,NA
"Wisconsin","status_quo","Past",2020-08-21,"mobility_trend",NA,NA,NA,0.961500174842438,NA,NA,NA,NA
"Wisconsin",NA,"Past",2020-08-22,"actual_cumulative_cases",NA,NA,NA,74725,NA,NA,NA,NA
"Wisconsin",NA,"Past",2020-08-22,"actual_cumulative_deaths",NA,NA,NA,1088,NA,NA,NA,NA
"Wisconsin",NA,"Past",2020-08-22,"actual_daily_cases",NA,NA,NA,975,NA,NA,NA,NA
"Wisconsin",NA,"Past",2020-08-22,"actual_daily_deaths",NA,NA,NA,14,NA,NA,NA,NA
"Wisconsin","linear_increase_sd","Past",2020-08-22,"combined_trend",NA,NA,NA,0.353605708379529,NA,NA,NA,NA
"Wisconsin","return_normal","Past",2020-08-22,"combined_trend",NA,NA,NA,0.353605708379529,NA,NA,NA,NA
"Wisconsin","status_quo","Past",2020-08-22,"combined_trend",NA,NA,NA,0.353605708379529,NA,NA,NA,NA
"Wisconsin","linear_increase_sd","Past",2020-08-22,"cumulative_all_infections",219407,219407,219407,225914,220947,241726,241726,241726
"Wisconsin","return_normal","Past",2020-08-22,"cumulative_all_infections",219407,219407,219407,225914,220947,241726,241726,241726
"Wisconsin","status_quo","Past",2020-08-22,"cumulative_all_infections",219407,219407,219407,225914,220947,241726,241726,241726
"Wisconsin","linear_increase_sd","Past",2020-08-22,"cumulative_cases",69417,69417,69417,71786,70290,77260,77260,77260
"Wisconsin","return_normal","Past",2020-08-22,"cumulative_cases",69417,69417,69417,71786,70290,77260,77260,77260
"Wisconsin","status_quo","Past",2020-08-22,"cumulative_cases",69417,69417,69417,71786,70290,77260,77260,77260
"Wisconsin","linear_increase_sd","Past",2020-08-22,"cumulative_deaths",1047,1047,1047,1093,1084,1147,1147,1147
"Wisconsin","return_normal","Past",2020-08-22,"cumulative_deaths",1047,1047,1047,1093,1084,1147,1147,1147
"Wisconsin","status_quo","Past",2020-08-22,"cumulative_deaths",1047,1047,1047,1093,1084,1147,1147,1147
"Wisconsin","linear_increase_sd","Past",2020-08-22,"cumulative_hosps",7887,7887,7887,8134,7924,8752,8752,8752
"Wisconsin","return_normal","Past",2020-08-22,"cumulative_hosps",7887,7887,7887,8134,7924,8752,8752,8752
"Wisconsin","status_quo","Past",2020-08-22,"cumulative_hosps",7887,7887,7887,8134,7924,8752,8752,8752
"Wisconsin","linear_increase_sd","Past",2020-08-22,"daily_all_infections",1776,1776,1776,1892,1943,1950,1950,1950
"Wisconsin","return_normal","Past",2020-08-22,"daily_all_infections",1776,1776,1776,1892,1943,1950,1950,1950
"Wisconsin","status_quo","Past",2020-08-22,"daily_all_infections",1776,1776,1776,1892,1943,1950,1950,1950
"Wisconsin","linear_increase_sd","Past",2020-08-22,"daily_cases",657,657,657,701,703,748,748,748
"Wisconsin","return_normal","Past",2020-08-22,"daily_cases",657,657,657,701,703,748,748,748
"Wisconsin","status_quo","Past",2020-08-22,"daily_cases",657,657,657,701,703,748,748,748
"Wisconsin","linear_increase_sd","Past",2020-08-22,"daily_deaths",7,7,7,9,9,11,11,11
"Wisconsin","return_normal","Past",2020-08-22,"daily_deaths",7,7,7,9,9,11,11,11
"Wisconsin","status_quo","Past",2020-08-22,"daily_deaths",7,7,7,9,9,11,11,11
"Wisconsin","linear_increase_sd","Past",2020-08-22,"daily_hosps",85,85,85,88,88,93,93,93
"Wisconsin","return_normal","Past",2020-08-22,"daily_hosps",85,85,85,88,88,93,93,93
"Wisconsin","status_quo","Past",2020-08-22,"daily_hosps",85,85,85,88,88,93,93,93
"Wisconsin","linear_increase_sd","Past",2020-08-22,"latent_trend",NA,NA,NA,0.367098694970882,NA,NA,NA,NA
"Wisconsin","return_normal","Past",2020-08-22,"latent_trend",NA,NA,NA,0.367098694970882,NA,NA,NA,NA
"Wisconsin","status_quo","Past",2020-08-22,"latent_trend",NA,NA,NA,0.367098694970882,NA,NA,NA,NA
"Wisconsin","linear_increase_sd","Past",2020-08-22,"mobility_trend",NA,NA,NA,0.963244253449543,NA,NA,NA,NA
"Wisconsin","return_normal","Past",2020-08-22,"mobility_trend",NA,NA,NA,0.963244253449543,NA,NA,NA,NA
"Wisconsin","status_quo","Past",2020-08-22,"mobility_trend",NA,NA,NA,0.963244253449543,NA,NA,NA,NA
"Wisconsin",NA,"Past",2020-08-23,"actual_cumulative_cases",NA,NA,NA,75204,NA,NA,NA,NA
"Wisconsin",NA,"Past",2020-08-23,"actual_cumulative_deaths",NA,NA,NA,1088,NA,NA,NA,NA
"Wisconsin",NA,"Past",2020-08-23,"actual_daily_cases",NA,NA,NA,479,NA,NA,NA,NA
"Wisconsin",NA,"Past",2020-08-23,"actual_daily_deaths",NA,NA,NA,0,NA,NA,NA,NA
"Wisconsin","linear_increase_sd","Past",2020-08-23,"combined_trend",NA,NA,NA,0.353835904287077,NA,NA,NA,NA
"Wisconsin","return_normal","Past",2020-08-23,"combined_trend",NA,NA,NA,0.353835904287077,NA,NA,NA,NA
"Wisconsin","status_quo","Past",2020-08-23,"combined_trend",NA,NA,NA,0.353835904287077,NA,NA,NA,NA
"Wisconsin","linear_increase_sd","Past",2020-08-23,"cumulative_all_infections",221235,221235,221235,227804,222875,243674,243674,243674
"Wisconsin","return_normal","Past",2020-08-23,"cumulative_all_infections",221235,221235,221235,227804,222875,243674,243674,243674
"Wisconsin","status_quo","Past",2020-08-23,"cumulative_all_infections",221235,221235,221235,227804,222875,243674,243674,243674
"Wisconsin","linear_increase_sd","Past",2020-08-23,"cumulative_cases",70158,70158,70158,72498,71008,77971,77971,77971
"Wisconsin","return_normal","Past",2020-08-23,"cumulative_cases",70158,70158,70158,72498,71008,77971,77971,77971
"Wisconsin","status_quo","Past",2020-08-23,"cumulative_cases",70158,70158,70158,72498,71008,77971,77971,77971
"Wisconsin","linear_increase_sd","Past",2020-08-23,"cumulative_deaths",1055,1055,1055,1101,1091,1156,1156,1156
"Wisconsin","return_normal","Past",2020-08-23,"cumulative_deaths",1055,1055,1055,1101,1091,1156,1156,1156
"Wisconsin","status_quo","Past",2020-08-23,"cumulative_deaths",1055,1055,1055,1101,1091,1156,1156,1156
"Wisconsin","linear_increase_sd","Past",2020-08-23,"cumulative_hosps",7975,7975,7975,8221,8009,8844,8844,8844
"Wisconsin","return_normal","Past",2020-08-23,"cumulative_hosps",7975,7975,7975,8221,8009,8844,8844,8844
"Wisconsin","status_quo","Past",2020-08-23,"cumulative_hosps",7975,7975,7975,8221,8009,8844,8844,8844
"Wisconsin","linear_increase_sd","Past",2020-08-23,"daily_all_infections",1813,1813,1813,1891,1928,1948,1948,1948
"Wisconsin","return_normal","Past",2020-08-23,"daily_all_infections",1813,1813,1813,1891,1928,1948,1948,1948
"Wisconsin","status_quo","Past",2020-08-23,"daily_all_infections",1813,1813,1813,1891,1928,1948,1948,1948
"Wisconsin","linear_increase_sd","Past",2020-08-23,"daily_cases",689,689,689,713,711,741,741,741
"Wisconsin","return_normal","Past",2020-08-23,"daily_cases",689,689,689,713,711,741,741,741
"Wisconsin","status_quo","Past",2020-08-23,"daily_cases",689,689,689,713,711,741,741,741
"Wisconsin","linear_increase_sd","Past",2020-08-23,"daily_deaths",7,7,7,8,8,9,9,9
"Wisconsin","return_normal","Past",2020-08-23,"daily_deaths",7,7,7,8,8,9,9,9
"Wisconsin","status_quo","Past",2020-08-23,"daily_deaths",7,7,7,8,8,9,9,9
"Wisconsin","linear_increase_sd","Past",2020-08-23,"daily_hosps",84,84,84,87,86,92,92,92
"Wisconsin","return_normal","Past",2020-08-23,"daily_hosps",84,84,84,87,86,92,92,92
"Wisconsin","status_quo","Past",2020-08-23,"daily_hosps",84,84,84,87,86,92,92,92
"Wisconsin","linear_increase_sd","Past",2020-08-23,"latent_trend",NA,NA,NA,0.367713174697541,NA,NA,NA,NA
"Wisconsin","return_normal","Past",2020-08-23,"latent_trend",NA,NA,NA,0.367713174697541,NA,NA,NA,NA
"Wisconsin","status_quo","Past",2020-08-23,"latent_trend",NA,NA,NA,0.367713174697541,NA,NA,NA,NA
"Wisconsin","linear_increase_sd","Past",2020-08-23,"mobility_trend",NA,NA,NA,0.962260611353187,NA,NA,NA,NA
"Wisconsin","return_normal","Past",2020-08-23,"mobility_trend",NA,NA,NA,0.962260611353187,NA,NA,NA,NA
"Wisconsin","status_quo","Past",2020-08-23,"mobility_trend",NA,NA,NA,0.962260611353187,NA,NA,NA,NA
"Wisconsin",NA,"Past",2020-08-24,"actual_cumulative_cases",NA,NA,NA,75618,NA,NA,NA,NA
"Wisconsin",NA,"Past",2020-08-24,"actual_cumulative_deaths",NA,NA,NA,1088,NA,NA,NA,NA
"Wisconsin",NA,"Past",2020-08-24,"actual_daily_cases",NA,NA,NA,414,NA,NA,NA,NA
"Wisconsin",NA,"Past",2020-08-24,"actual_daily_deaths",NA,NA,NA,0,NA,NA,NA,NA
"Wisconsin","linear_increase_sd","Past",2020-08-24,"combined_trend",NA,NA,NA,0.354600152923733,NA,NA,NA,NA
"Wisconsin","return_normal","Past",2020-08-24,"combined_trend",NA,NA,NA,0.354600152923733,NA,NA,NA,NA
"Wisconsin","status_quo","Past",2020-08-24,"combined_trend",NA,NA,NA,0.354600152923733,NA,NA,NA,NA
"Wisconsin","linear_increase_sd","Past",2020-08-24,"cumulative_all_infections",223048,223048,223048,229692,224801,245623,245623,245623
"Wisconsin","return_normal","Past",2020-08-24,"cumulative_all_infections",223048,223048,223048,229692,224801,245623,245623,245623
"Wisconsin","status_quo","Past",2020-08-24,"cumulative_all_infections",223048,223048,223048,229692,224801,245623,245623,245623
"Wisconsin","linear_increase_sd","Past",2020-08-24,"cumulative_cases",70892,70892,70892,73205,71708,78699,78699,78699
"Wisconsin","return_normal","Past",2020-08-24,"cumulative_cases",70892,70892,70892,73205,71708,78699,78699,78699
"Wisconsin","status_quo","Past",2020-08-24,"cumulative_cases",70892,70892,70892,73205,71708,78699,78699,78699
"Wisconsin","linear_increase_sd","Past",2020-08-24,"cumulative_deaths",1063,1063,1063,1109,1099,1164,1164,1164
"Wisconsin","return_normal","Past",2020-08-24,"cumulative_deaths",1063,1063,1063,1109,1099,1164,1164,1164
"Wisconsin","status_quo","Past",2020-08-24,"cumulative_deaths",1063,1063,1063,1109,1099,1164,1164,1164
"Wisconsin","linear_increase_sd","Past",2020-08-24,"cumulative_hosps",8062,8062,8062,8308,8094,8938,8938,8938
"Wisconsin","return_normal","Past",2020-08-24,"cumulative_hosps",8062,8062,8062,8308,8094,8938,8938,8938
"Wisconsin","status_quo","Past",2020-08-24,"cumulative_hosps",8062,8062,8062,8308,8094,8938,8938,8938
"Wisconsin","linear_increase_sd","Past",2020-08-24,"daily_all_infections",1813,1813,1813,1888,1902,1949,1949,1949
"Wisconsin","return_normal","Past",2020-08-24,"daily_all_infections",1813,1813,1813,1888,1902,1949,1949,1949
"Wisconsin","status_quo","Past",2020-08-24,"daily_all_infections",1813,1813,1813,1888,1902,1949,1949,1949
"Wisconsin","linear_increase_sd","Past",2020-08-24,"daily_cases",682,682,682,707,700,734,734,734
"Wisconsin","return_normal","Past",2020-08-24,"daily_cases",682,682,682,707,700,734,734,734
"Wisconsin","status_quo","Past",2020-08-24,"daily_cases",682,682,682,707,700,734,734,734
"Wisconsin","linear_increase_sd","Past",2020-08-24,"daily_deaths",7,7,7,8,8,8,8,8
"Wisconsin","return_normal","Past",2020-08-24,"daily_deaths",7,7,7,8,8,8,8,8
"Wisconsin","status_quo","Past",2020-08-24,"daily_deaths",7,7,7,8,8,8,8,8
"Wisconsin","linear_increase_sd","Past",2020-08-24,"daily_hosps",84,84,84,87,85,94,94,94
"Wisconsin","return_normal","Past",2020-08-24,"daily_hosps",84,84,84,87,85,94,94,94
"Wisconsin","status_quo","Past",2020-08-24,"daily_hosps",84,84,84,87,85,94,94,94
"Wisconsin","linear_increase_sd","Past",2020-08-24,"latent_trend",NA,NA,NA,0.36999052183397,NA,NA,NA,NA
"Wisconsin","return_normal","Past",2020-08-24,"latent_trend",NA,NA,NA,0.36999052183397,NA,NA,NA,NA
"Wisconsin","status_quo","Past",2020-08-24,"latent_trend",NA,NA,NA,0.36999052183397,NA,NA,NA,NA
"Wisconsin","linear_increase_sd","Past",2020-08-24,"mobility_trend",NA,NA,NA,0.958403342783082,NA,NA,NA,NA
"Wisconsin","return_normal","Past",2020-08-24,"mobility_trend",NA,NA,NA,0.958403342783082,NA,NA,NA,NA
"Wisconsin","status_quo","Past",2020-08-24,"mobility_trend",NA,NA,NA,0.958403342783082,NA,NA,NA,NA
"Wisconsin",NA,"Past",2020-08-25,"actual_cumulative_cases",NA,NA,NA,76305,NA,NA,NA,NA
"Wisconsin",NA,"Past",2020-08-25,"actual_cumulative_deaths",NA,NA,NA,1101,NA,NA,NA,NA
"Wisconsin",NA,"Past",2020-08-25,"actual_daily_cases",NA,NA,NA,687,NA,NA,NA,NA
"Wisconsin",NA,"Past",2020-08-25,"actual_daily_deaths",NA,NA,NA,13,NA,NA,NA,NA
"Wisconsin","linear_increase_sd","Past",2020-08-25,"combined_trend",NA,NA,NA,0.356337142557119,NA,NA,NA,NA
"Wisconsin","return_normal","Past",2020-08-25,"combined_trend",NA,NA,NA,0.356337142557119,NA,NA,NA,NA
"Wisconsin","status_quo","Past",2020-08-25,"combined_trend",NA,NA,NA,0.356337142557119,NA,NA,NA,NA
"Wisconsin","linear_increase_sd","Past",2020-08-25,"cumulative_all_infections",224868,224868,224868,231584,226711,247583,247583,247583
"Wisconsin","return_normal","Past",2020-08-25,"cumulative_all_infections",224868,224868,224868,231584,226711,247583,247583,247583
"Wisconsin","status_quo","Past",2020-08-25,"cumulative_all_infections",224868,224868,224868,231584,226711,247583,247583,247583
"Wisconsin","linear_increase_sd","Past",2020-08-25,"cumulative_cases",71591,71591,71591,73902,72407,79408,79408,79408
"Wisconsin","return_normal","Past",2020-08-25,"cumulative_cases",71591,71591,71591,73902,72407,79408,79408,79408
"Wisconsin","status_quo","Past",2020-08-25,"cumulative_cases",71591,71591,71591,73902,72407,79408,79408,79408
"Wisconsin","linear_increase_sd","Past",2020-08-25,"cumulative_deaths",1071,1071,1071,1117,1106,1173,1173,1173
"Wisconsin","return_normal","Past",2020-08-25,"cumulative_deaths",1071,1071,1071,1117,1106,1173,1173,1173
"Wisconsin","status_quo","Past",2020-08-25,"cumulative_deaths",1071,1071,1071,1117,1106,1173,1173,1173
"Wisconsin","linear_increase_sd","Past",2020-08-25,"cumulative_hosps",8149,8149,8149,8395,8180,9029,9029,9029
"Wisconsin","return_normal","Past",2020-08-25,"cumulative_hosps",8149,8149,8149,8395,8180,9029,9029,9029
"Wisconsin","status_quo","Past",2020-08-25,"cumulative_hosps",8149,8149,8149,8395,8180,9029,9029,9029
"Wisconsin","linear_increase_sd","Past",2020-08-25,"daily_all_infections",1820,1820,1820,1893,1891,1960,1960,1960
"Wisconsin","return_normal","Past",2020-08-25,"daily_all_infections",1820,1820,1820,1893,1891,1960,1960,1960
"Wisconsin","status_quo","Past",2020-08-25,"daily_all_infections",1820,1820,1820,1893,1891,1960,1960,1960
"Wisconsin","linear_increase_sd","Past",2020-08-25,"daily_cases",689,689,689,698,699,709,709,709
"Wisconsin","return_normal","Past",2020-08-25,"daily_cases",689,689,689,698,699,709,709,709
"Wisconsin","status_quo","Past",2020-08-25,"daily_cases",689,689,689,698,699,709,709,709
"Wisconsin","linear_increase_sd","Past",2020-08-25,"daily_deaths",7,7,7,9,8,10,10,10
"Wisconsin","return_normal","Past",2020-08-25,"daily_deaths",7,7,7,9,8,10,10,10
"Wisconsin","status_quo","Past",2020-08-25,"daily_deaths",7,7,7,9,8,10,10,10
"Wisconsin","linear_increase_sd","Past",2020-08-25,"daily_hosps",85,85,85,87,86,91,91,91
"Wisconsin","return_normal","Past",2020-08-25,"daily_hosps",85,85,85,87,86,91,91,91
"Wisconsin","status_quo","Past",2020-08-25,"daily_hosps",85,85,85,87,86,91,91,91
"Wisconsin","linear_increase_sd","Past",2020-08-25,"latent_trend",NA,NA,NA,0.374455511946015,NA,NA,NA,NA
"Wisconsin","return_normal","Past",2020-08-25,"latent_trend",NA,NA,NA,0.374455511946015,NA,NA,NA,NA
"Wisconsin","status_quo","Past",2020-08-25,"latent_trend",NA,NA,NA,0.374455511946015,NA,NA,NA,NA
"Wisconsin","linear_increase_sd","Past",2020-08-25,"mobility_trend",NA,NA,NA,0.951614093501425,NA,NA,NA,NA
"Wisconsin","return_normal","Past",2020-08-25,"mobility_trend",NA,NA,NA,0.951614093501425,NA,NA,NA,NA
"Wisconsin","status_quo","Past",2020-08-25,"mobility_trend",NA,NA,NA,0.951614093501425,NA,NA,NA,NA
"Wisconsin",NA,"Past",2020-08-26,"actual_cumulative_cases",NA,NA,NA,77091,NA,NA,NA,NA
"Wisconsin",NA,"Past",2020-08-26,"actual_cumulative_deaths",NA,NA,NA,1107,NA,NA,NA,NA
"Wisconsin",NA,"Past",2020-08-26,"actual_daily_cases",NA,NA,NA,786,NA,NA,NA,NA
"Wisconsin",NA,"Past",2020-08-26,"actual_daily_deaths",NA,NA,NA,6,NA,NA,NA,NA
"Wisconsin","linear_increase_sd","Past",2020-08-26,"combined_trend",NA,NA,NA,0.359589655747637,NA,NA,NA,NA
"Wisconsin","return_normal","Past",2020-08-26,"combined_trend",NA,NA,NA,0.359589655747637,NA,NA,NA,NA
"Wisconsin","status_quo","Past",2020-08-26,"combined_trend",NA,NA,NA,0.359589655747637,NA,NA,NA,NA
"Wisconsin","linear_increase_sd","Past",2020-08-26,"cumulative_all_infections",226708,226708,226708,233493,228606,249558,249558,249558
"Wisconsin","return_normal","Past",2020-08-26,"cumulative_all_infections",226708,226708,226708,233493,228606,249558,249558,249558
"Wisconsin","status_quo","Past",2020-08-26,"cumulative_all_infections",226708,226708,226708,233493,228606,249558,249558,249558
"Wisconsin","linear_increase_sd","Past",2020-08-26,"cumulative_cases",72288,72288,72288,74588,73093,80138,80138,80138
"Wisconsin","return_normal","Past",2020-08-26,"cumulative_cases",72288,72288,72288,74588,73093,80138,80138,80138
"Wisconsin","status_quo","Past",2020-08-26,"cumulative_cases",72288,72288,72288,74588,73093,80138,80138,80138
"Wisconsin","linear_increase_sd","Past",2020-08-26,"cumulative_deaths",1078,1078,1078,1125,1114,1182,1182,1182
"Wisconsin","return_normal","Past",2020-08-26,"cumulative_deaths",1078,1078,1078,1125,1114,1182,1182,1182
"Wisconsin","status_quo","Past",2020-08-26,"cumulative_deaths",1078,1078,1078,1125,1114,1182,1182,1182
"Wisconsin","linear_increase_sd","Past",2020-08-26,"cumulative_hosps",8234,8234,8234,8480,8264,9120,9120,9120
"Wisconsin","return_normal","Past",2020-08-26,"cumulative_hosps",8234,8234,8234,8480,8264,9120,9120,9120
"Wisconsin","status_quo","Past",2020-08-26,"cumulative_hosps",8234,8234,8234,8480,8264,9120,9120,9120
"Wisconsin","linear_increase_sd","Past",2020-08-26,"daily_all_infections",1840,1840,1840,1909,1895,1975,1975,1975
"Wisconsin","return_normal","Past",2020-08-26,"daily_all_infections",1840,1840,1840,1909,1895,1975,1975,1975
"Wisconsin","status_quo","Past",2020-08-26,"daily_all_infections",1840,1840,1840,1909,1895,1975,1975,1975
"Wisconsin","linear_increase_sd","Past",2020-08-26,"daily_cases",651,651,651,687,686,730,730,730
"Wisconsin","return_normal","Past",2020-08-26,"daily_cases",651,651,651,687,686,730,730,730
"Wisconsin","status_quo","Past",2020-08-26,"daily_cases",651,651,651,687,686,730,730,730
"Wisconsin","linear_increase_sd","Past",2020-08-26,"daily_deaths",7,7,7,8,8,9,9,9
"Wisconsin","return_normal","Past",2020-08-26,"daily_deaths",7,7,7,8,8,9,9,9
"Wisconsin","status_quo","Past",2020-08-26,"daily_deaths",7,7,7,8,8,9,9,9
"Wisconsin","linear_increase_sd","Past",2020-08-26,"daily_hosps",82,82,82,86,85,91,91,91
"Wisconsin","return_normal","Past",2020-08-26,"daily_hosps",82,82,82,86,85,91,91,91
"Wisconsin","status_quo","Past",2020-08-26,"daily_hosps",82,82,82,86,85,91,91,91
"Wisconsin","linear_increase_sd","Past",2020-08-26,"latent_trend",NA,NA,NA,0.381655157284992,NA,NA,NA,NA
"Wisconsin","return_normal","Past",2020-08-26,"latent_trend",NA,NA,NA,0.381655157284992,NA,NA,NA,NA
"Wisconsin","status_quo","Past",2020-08-26,"latent_trend",NA,NA,NA,0.381655157284992,NA,NA,NA,NA
"Wisconsin","linear_increase_sd","Past",2020-08-26,"mobility_trend",NA,NA,NA,0.942184715400351,NA,NA,NA,NA
"Wisconsin","return_normal","Past",2020-08-26,"mobility_trend",NA,NA,NA,0.942184715400351,NA,NA,NA,NA
"Wisconsin","status_quo","Past",2020-08-26,"mobility_trend",NA,NA,NA,0.942184715400351,NA,NA,NA,NA
"Wisconsin",NA,"Past",2020-08-27,"actual_cumulative_cases",NA,NA,NA,78003,NA,NA,NA,NA
"Wisconsin",NA,"Past",2020-08-27,"actual_cumulative_deaths",NA,NA,NA,1118,NA,NA,NA,NA
"Wisconsin",NA,"Past",2020-08-27,"actual_daily_cases",NA,NA,NA,912,NA,NA,NA,NA
"Wisconsin",NA,"Past",2020-08-27,"actual_daily_deaths",NA,NA,NA,11,NA,NA,NA,NA
"Wisconsin","linear_increase_sd","Past",2020-08-27,"combined_trend",NA,NA,NA,0.364907585035505,NA,NA,NA,NA
"Wisconsin","return_normal","Past",2020-08-27,"combined_trend",NA,NA,NA,0.364907585035505,NA,NA,NA,NA
"Wisconsin","status_quo","Past",2020-08-27,"combined_trend",NA,NA,NA,0.364907585035505,NA,NA,NA,NA
"Wisconsin","linear_increase_sd","Past",2020-08-27,"cumulative_all_infections",228570,228570,228570,235424,230510,251567,251567,251567
"Wisconsin","return_normal","Past",2020-08-27,"cumulative_all_infections",228570,228570,228570,235424,230510,251567,251567,251567
"Wisconsin","status_quo","Past",2020-08-27,"cumulative_all_infections",228570,228570,228570,235424,230510,251567,251567,251567
"Wisconsin","linear_increase_sd","Past",2020-08-27,"cumulative_cases",73026,73026,73026,75294,73793,80876,80876,80876
"Wisconsin","return_normal","Past",2020-08-27,"cumulative_cases",73026,73026,73026,75294,73793,80876,80876,80876
"Wisconsin","status_quo","Past",2020-08-27,"cumulative_cases",73026,73026,73026,75294,73793,80876,80876,80876
"Wisconsin","linear_increase_sd","Past",2020-08-27,"cumulative_deaths",1086,1086,1086,1134,1124,1191,1191,1191
"Wisconsin","return_normal","Past",2020-08-27,"cumulative_deaths",1086,1086,1086,1134,1124,1191,1191,1191
"Wisconsin","status_quo","Past",2020-08-27,"cumulative_deaths",1086,1086,1086,1134,1124,1191,1191,1191
"Wisconsin","linear_increase_sd","Past",2020-08-27,"cumulative_hosps",8319,8319,8319,8565,8350,9211,9211,9211
"Wisconsin","return_normal","Past",2020-08-27,"cumulative_hosps",8319,8319,8319,8565,8350,9211,9211,9211
"Wisconsin","status_quo","Past",2020-08-27,"cumulative_hosps",8319,8319,8319,8565,8350,9211,9211,9211
"Wisconsin","linear_increase_sd","Past",2020-08-27,"daily_all_infections",1860,1860,1860,1931,1904,2020,2020,2020
"Wisconsin","return_normal","Past",2020-08-27,"daily_all_infections",1860,1860,1860,1931,1904,2020,2020,2020
"Wisconsin","status_quo","Past",2020-08-27,"daily_all_infections",1860,1860,1860,1931,1904,2020,2020,2020
"Wisconsin","linear_increase_sd","Past",2020-08-27,"daily_cases",647,647,647,706,707,738,738,738
"Wisconsin","return_normal","Past",2020-08-27,"daily_cases",647,647,647,706,707,738,738,738
"Wisconsin","status_quo","Past",2020-08-27,"daily_cases",647,647,647,706,707,738,738,738
"Wisconsin","linear_increase_sd","Past",2020-08-27,"daily_deaths",7,7,7,9,9,10,10,10
"Wisconsin","return_normal","Past",2020-08-27,"daily_deaths",7,7,7,9,9,10,10,10
"Wisconsin","status_quo","Past",2020-08-27,"daily_deaths",7,7,7,9,9,10,10,10
"Wisconsin","linear_increase_sd","Past",2020-08-27,"daily_hosps",82,82,82,86,85,91,91,91
"Wisconsin","return_normal","Past",2020-08-27,"daily_hosps",82,82,82,86,85,91,91,91
"Wisconsin","status_quo","Past",2020-08-27,"daily_hosps",82,82,82,86,85,91,91,91
"Wisconsin","linear_increase_sd","Past",2020-08-27,"latent_trend",NA,NA,NA,0.392167903781915,NA,NA,NA,NA
"Wisconsin","return_normal","Past",2020-08-27,"latent_trend",NA,NA,NA,0.392167903781915,NA,NA,NA,NA
"Wisconsin","status_quo","Past",2020-08-27,"latent_trend",NA,NA,NA,0.392167903781915,NA,NA,NA,NA
"Wisconsin","linear_increase_sd","Past",2020-08-27,"mobility_trend",NA,NA,NA,0.930488144278198,NA,NA,NA,NA
"Wisconsin","return_normal","Past",2020-08-27,"mobility_trend",NA,NA,NA,0.930488144278198,NA,NA,NA,NA
"Wisconsin","status_quo","Past",2020-08-27,"mobility_trend",NA,NA,NA,0.930488144278198,NA,NA,NA,NA
"Wisconsin",NA,"Past",2020-08-28,"actual_cumulative_cases",NA,NA,NA,78867,NA,NA,NA,NA
"Wisconsin",NA,"Past",2020-08-28,"actual_cumulative_deaths",NA,NA,NA,1120,NA,NA,NA,NA
"Wisconsin",NA,"Past",2020-08-28,"actual_daily_cases",NA,NA,NA,864,NA,NA,NA,NA
"Wisconsin",NA,"Past",2020-08-28,"actual_daily_deaths",NA,NA,NA,2,NA,NA,NA,NA
"Wisconsin","linear_increase_sd","Past",2020-08-28,"combined_trend",NA,NA,NA,0.372808116907777,NA,NA,NA,NA
"Wisconsin","return_normal","Past",2020-08-28,"combined_trend",NA,NA,NA,0.372808116907777,NA,NA,NA,NA
"Wisconsin","status_quo","Past",2020-08-28,"combined_trend",NA,NA,NA,0.372808116907777,NA,NA,NA,NA
"Wisconsin","linear_increase_sd","Past",2020-08-28,"cumulative_all_infections",230483,230483,230483,237404,232442,253634,253634,253634
"Wisconsin","return_normal","Past",2020-08-28,"cumulative_all_infections",230483,230483,230483,237404,232442,253634,253634,253634
"Wisconsin","status_quo","Past",2020-08-28,"cumulative_all_infections",230483,230483,230483,237404,232442,253634,253634,253634
"Wisconsin","linear_increase_sd","Past",2020-08-28,"cumulative_cases",73695,73695,73695,75976,74518,81582,81582,81582
"Wisconsin","return_normal","Past",2020-08-28,"cumulative_cases",73695,73695,73695,75976,74518,81582,81582,81582
"Wisconsin","status_quo","Past",2020-08-28,"cumulative_cases",73695,73695,73695,75976,74518,81582,81582,81582
"Wisconsin","linear_increase_sd","Past",2020-08-28,"cumulative_deaths",1094,1094,1094,1142,1132,1199,1199,1199
"Wisconsin","return_normal","Past",2020-08-28,"cumulative_deaths",1094,1094,1094,1142,1132,1199,1199,1199
"Wisconsin","status_quo","Past",2020-08-28,"cumulative_deaths",1094,1094,1094,1142,1132,1199,1199,1199
"Wisconsin","linear_increase_sd","Past",2020-08-28,"cumulative_hosps",8404,8404,8404,8651,8435,9300,9300,9300
"Wisconsin","return_normal","Past",2020-08-28,"cumulative_hosps",8404,8404,8404,8651,8435,9300,9300,9300
"Wisconsin","status_quo","Past",2020-08-28,"cumulative_hosps",8404,8404,8404,8651,8435,9300,9300,9300
"Wisconsin","linear_increase_sd","Past",2020-08-28,"daily_all_infections",1873,1873,1873,1980,1932,2115,2115,2115
"Wisconsin","return_normal","Past",2020-08-28,"daily_all_infections",1873,1873,1873,1980,1932,2115,2115,2115
"Wisconsin","status_quo","Past",2020-08-28,"daily_all_infections",1873,1873,1873,1980,1932,2115,2115,2115
"Wisconsin","linear_increase_sd","Past",2020-08-28,"daily_cases",645,645,645,682,669,725,725,725
"Wisconsin","return_normal","Past",2020-08-28,"daily_cases",645,645,645,682,669,725,725,725
"Wisconsin","status_quo","Past",2020-08-28,"daily_cases",645,645,645,682,669,725,725,725
"Wisconsin","linear_increase_sd","Past",2020-08-28,"daily_deaths",8,8,8,8,8,8,8,8
"Wisconsin","return_normal","Past",2020-08-28,"daily_deaths",8,8,8,8,8,8,8,8
"Wisconsin","status_quo","Past",2020-08-28,"daily_deaths",8,8,8,8,8,8,8,8
"Wisconsin","linear_increase_sd","Past",2020-08-28,"daily_hosps",82,82,82,86,85,89,89,89
"Wisconsin","return_normal","Past",2020-08-28,"daily_hosps",82,82,82,86,85,89,89,89
"Wisconsin","status_quo","Past",2020-08-28,"daily_hosps",82,82,82,86,85,89,89,89
"Wisconsin","linear_increase_sd","Past",2020-08-28,"latent_trend",NA,NA,NA,0.406608929492476,NA,NA,NA,NA
"Wisconsin","return_normal","Past",2020-08-28,"latent_trend",NA,NA,NA,0.406608929492476,NA,NA,NA,NA
"Wisconsin","status_quo","Past",2020-08-28,"latent_trend",NA,NA,NA,0.406608929492476,NA,NA,NA,NA
"Wisconsin","linear_increase_sd","Past",2020-08-28,"mobility_trend",NA,NA,NA,0.916871445428194,NA,NA,NA,NA
"Wisconsin","return_normal","Past",2020-08-28,"mobility_trend",NA,NA,NA,0.916871445428194,NA,NA,NA,NA
"Wisconsin","status_quo","Past",2020-08-28,"mobility_trend",NA,NA,NA,0.916871445428194,NA,NA,NA,NA
"Wisconsin",NA,"Past",2020-08-29,"actual_cumulative_cases",NA,NA,NA,79729,NA,NA,NA,NA
"Wisconsin",NA,"Past",2020-08-29,"actual_cumulative_deaths",NA,NA,NA,1126,NA,NA,NA,NA
"Wisconsin",NA,"Past",2020-08-29,"actual_daily_cases",NA,NA,NA,862,NA,NA,NA,NA
"Wisconsin",NA,"Past",2020-08-29,"actual_daily_deaths",NA,NA,NA,6,NA,NA,NA,NA
"Wisconsin","linear_increase_sd","Past",2020-08-29,"combined_trend",NA,NA,NA,0.383791121497443,NA,NA,NA,NA
"Wisconsin","return_normal","Past",2020-08-29,"combined_trend",NA,NA,NA,0.383791121497443,NA,NA,NA,NA
"Wisconsin","status_quo","Past",2020-08-29,"combined_trend",NA,NA,NA,0.383791121497443,NA,NA,NA,NA
"Wisconsin","linear_increase_sd","Past",2020-08-29,"cumulative_all_infections",232466,232466,232466,239440,234403,255766,255766,255766
"Wisconsin","return_normal","Past",2020-08-29,"cumulative_all_infections",232466,232466,232466,239440,234403,255766,255766,255766
"Wisconsin","status_quo","Past",2020-08-29,"cumulative_all_infections",232466,232466,232466,239440,234403,255766,255766,255766
"Wisconsin","linear_increase_sd","Past",2020-08-29,"cumulative_cases",74428,74428,74428,76690,75263,82301,82301,82301
"Wisconsin","return_normal","Past",2020-08-29,"cumulative_cases",74428,74428,74428,76690,75263,82301,82301,82301
"Wisconsin","status_quo","Past",2020-08-29,"cumulative_cases",74428,74428,74428,76690,75263,82301,82301,82301
"Wisconsin","linear_increase_sd","Past",2020-08-29,"cumulative_deaths",1102,1102,1102,1149,1140,1207,1207,1207
"Wisconsin","return_normal","Past",2020-08-29,"cumulative_deaths",1102,1102,1102,1149,1140,1207,1207,1207
"Wisconsin","status_quo","Past",2020-08-29,"cumulative_deaths",1102,1102,1102,1149,1140,1207,1207,1207
"Wisconsin","linear_increase_sd","Past",2020-08-29,"cumulative_hosps",8488,8488,8488,8736,8519,9388,9388,9388
"Wisconsin","return_normal","Past",2020-08-29,"cumulative_hosps",8488,8488,8488,8736,8519,9388,9388,9388
"Wisconsin","status_quo","Past",2020-08-29,"cumulative_hosps",8488,8488,8488,8736,8519,9388,9388,9388
"Wisconsin","linear_increase_sd","Past",2020-08-29,"daily_all_infections",1900,1900,1900,2036,1983,2204,2204,2204
"Wisconsin","return_normal","Past",2020-08-29,"daily_all_infections",1900,1900,1900,2036,1983,2204,2204,2204
"Wisconsin","status_quo","Past",2020-08-29,"daily_all_infections",1900,1900,1900,2036,1983,2204,2204,2204
"Wisconsin","linear_increase_sd","Past",2020-08-29,"daily_cases",674,674,674,714,719,745,745,745
"Wisconsin","return_normal","Past",2020-08-29,"daily_cases",674,674,674,714,719,745,745,745
"Wisconsin","status_quo","Past",2020-08-29,"daily_cases",674,674,674,714,719,745,745,745
"Wisconsin","linear_increase_sd","Past",2020-08-29,"daily_deaths",6,6,6,8,8,8,8,8
"Wisconsin","return_normal","Past",2020-08-29,"daily_deaths",6,6,6,8,8,8,8,8
"Wisconsin","status_quo","Past",2020-08-29,"daily_deaths",6,6,6,8,8,8,8,8
"Wisconsin","linear_increase_sd","Past",2020-08-29,"daily_hosps",82,82,82,85,84,88,88,88
"Wisconsin","return_normal","Past",2020-08-29,"daily_hosps",82,82,82,85,84,88,88,88
"Wisconsin","status_quo","Past",2020-08-29,"daily_hosps",82,82,82,85,84,88,88,88
"Wisconsin","linear_increase_sd","Past",2020-08-29,"latent_trend",NA,NA,NA,0.425625595217101,NA,NA,NA,NA
"Wisconsin","return_normal","Past",2020-08-29,"latent_trend",NA,NA,NA,0.425625595217101,NA,NA,NA,NA
"Wisconsin","status_quo","Past",2020-08-29,"latent_trend",NA,NA,NA,0.425625595217101,NA,NA,NA,NA
"Wisconsin","linear_increase_sd","Past",2020-08-29,"mobility_trend",NA,NA,NA,0.90171062504284,NA,NA,NA,NA
"Wisconsin","return_normal","Past",2020-08-29,"mobility_trend",NA,NA,NA,0.90171062504284,NA,NA,NA,NA
"Wisconsin","status_quo","Past",2020-08-29,"mobility_trend",NA,NA,NA,0.90171062504284,NA,NA,NA,NA
"Wisconsin",NA,"Past",2020-08-30,"actual_cumulative_cases",NA,NA,NA,80299,NA,NA,NA,NA
"Wisconsin",NA,"Past",2020-08-30,"actual_cumulative_deaths",NA,NA,NA,1129,NA,NA,NA,NA
"Wisconsin",NA,"Past",2020-08-30,"actual_daily_cases",NA,NA,NA,570,NA,NA,NA,NA
"Wisconsin",NA,"Past",2020-08-30,"actual_daily_deaths",NA,NA,NA,3,NA,NA,NA,NA
"Wisconsin","linear_increase_sd","Past",2020-08-30,"combined_trend",NA,NA,NA,0.398373796315167,NA,NA,NA,NA
"Wisconsin","return_normal","Past",2020-08-30,"combined_trend",NA,NA,NA,0.398373796315167,NA,NA,NA,NA
"Wisconsin","status_quo","Past",2020-08-30,"combined_trend",NA,NA,NA,0.398373796315167,NA,NA,NA,NA
"Wisconsin","linear_increase_sd","Past",2020-08-30,"cumulative_all_infections",234551,234551,234551,241562,236438,258003,258003,258003
"Wisconsin","return_normal","Past",2020-08-30,"cumulative_all_infections",234551,234551,234551,241562,236438,258003,258003,258003
"Wisconsin","status_quo","Past",2020-08-30,"cumulative_all_infections",234551,234551,234551,241562,236438,258003,258003,258003
"Wisconsin","linear_increase_sd","Past",2020-08-30,"cumulative_cases",75112,75112,75112,77391,75994,82996,82996,82996
"Wisconsin","return_normal","Past",2020-08-30,"cumulative_cases",75112,75112,75112,77391,75994,82996,82996,82996
"Wisconsin","status_quo","Past",2020-08-30,"cumulative_cases",75112,75112,75112,77391,75994,82996,82996,82996
"Wisconsin","linear_increase_sd","Past",2020-08-30,"cumulative_deaths",1110,1110,1110,1157,1147,1214,1214,1214
"Wisconsin","return_normal","Past",2020-08-30,"cumulative_deaths",1110,1110,1110,1157,1147,1214,1214,1214
"Wisconsin","status_quo","Past",2020-08-30,"cumulative_deaths",1110,1110,1110,1157,1147,1214,1214,1214
"Wisconsin","linear_increase_sd","Past",2020-08-30,"cumulative_hosps",8570,8570,8570,8820,8604,9475,9475,9475
"Wisconsin","return_normal","Past",2020-08-30,"cumulative_hosps",8570,8570,8570,8820,8604,9475,9475,9475
"Wisconsin","status_quo","Past",2020-08-30,"cumulative_hosps",8570,8570,8570,8820,8604,9475,9475,9475
"Wisconsin","linear_increase_sd","Past",2020-08-30,"daily_all_infections",1947,1947,1947,2122,2085,2305,2305,2305
"Wisconsin","return_normal","Past",2020-08-30,"daily_all_infections",1947,1947,1947,2122,2085,2305,2305,2305
"Wisconsin","status_quo","Past",2020-08-30,"daily_all_infections",1947,1947,1947,2122,2085,2305,2305,2305
"Wisconsin","linear_increase_sd","Past",2020-08-30,"daily_cases",661,661,661,702,702,731,731,731
"Wisconsin","return_normal","Past",2020-08-30,"daily_cases",661,661,661,702,702,731,731,731
"Wisconsin","status_quo","Past",2020-08-30,"daily_cases",661,661,661,702,702,731,731,731
"Wisconsin","linear_increase_sd","Past",2020-08-30,"daily_deaths",7,7,7,8,8,8,8,8
"Wisconsin","return_normal","Past",2020-08-30,"daily_deaths",7,7,7,8,8,8,8,8
"Wisconsin","status_quo","Past",2020-08-30,"daily_deaths",7,7,7,8,8,8,8,8
"Wisconsin","linear_increase_sd","Past",2020-08-30,"daily_hosps",79,79,79,84,85,87,87,87
"Wisconsin","return_normal","Past",2020-08-30,"daily_hosps",79,79,79,84,85,87,87,87
"Wisconsin","status_quo","Past",2020-08-30,"daily_hosps",79,79,79,84,85,87,87,87
"Wisconsin","linear_increase_sd","Past",2020-08-30,"latent_trend",NA,NA,NA,0.449873860778753,NA,NA,NA,NA
"Wisconsin","return_normal","Past",2020-08-30,"latent_trend",NA,NA,NA,0.449873860778753,NA,NA,NA,NA
"Wisconsin","status_quo","Past",2020-08-30,"latent_trend",NA,NA,NA,0.449873860778753,NA,NA,NA,NA
"Wisconsin","linear_increase_sd","Past",2020-08-30,"mobility_trend",NA,NA,NA,0.885523323416841,NA,NA,NA,NA
"Wisconsin","return_normal","Past",2020-08-30,"mobility_trend",NA,NA,NA,0.885523323416841,NA,NA,NA,NA
"Wisconsin","status_quo","Past",2020-08-30,"mobility_trend",NA,NA,NA,0.885523323416841,NA,NA,NA,NA
"Wisconsin",NA,"Past",2020-08-31,"actual_cumulative_cases",NA,NA,NA,80567,NA,NA,NA,NA
"Wisconsin",NA,"Past",2020-08-31,"actual_cumulative_deaths",NA,NA,NA,1129,NA,NA,NA,NA
"Wisconsin",NA,"Past",2020-08-31,"actual_daily_cases",NA,NA,NA,268,NA,NA,NA,NA
"Wisconsin",NA,"Past",2020-08-31,"actual_daily_deaths",NA,NA,NA,0,NA,NA,NA,NA
"Wisconsin","linear_increase_sd","Past",2020-08-31,"combined_trend",NA,NA,NA,0.417001963833896,NA,NA,NA,NA
"Wisconsin","return_normal","Past",2020-08-31,"combined_trend",NA,NA,NA,0.417001963833896,NA,NA,NA,NA
"Wisconsin","status_quo","Past",2020-08-31,"combined_trend",NA,NA,NA,0.417001963833896,NA,NA,NA,NA
"Wisconsin","linear_increase_sd","Past",2020-08-31,"cumulative_all_infections",236754,236754,236754,243795,238574,260378,260378,260378
"Wisconsin","return_normal","Past",2020-08-31,"cumulative_all_infections",236754,236754,236754,243795,238574,260378,260378,260378
"Wisconsin","status_quo","Past",2020-08-31,"cumulative_all_infections",236754,236754,236754,243795,238574,260378,260378,260378
"Wisconsin","linear_increase_sd","Past",2020-08-31,"cumulative_cases",75753,75753,75753,78099,76713,83729,83729,83729
"Wisconsin","return_normal","Past",2020-08-31,"cumulative_cases",75753,75753,75753,78099,76713,83729,83729,83729
"Wisconsin","status_quo","Past",2020-08-31,"cumulative_cases",75753,75753,75753,78099,76713,83729,83729,83729
"Wisconsin","linear_increase_sd","Past",2020-08-31,"cumulative_deaths",1118,1118,1118,1165,1156,1223,1223,1223
"Wisconsin","return_normal","Past",2020-08-31,"cumulative_deaths",1118,1118,1118,1165,1156,1223,1223,1223
"Wisconsin","status_quo","Past",2020-08-31,"cumulative_deaths",1118,1118,1118,1165,1156,1223,1223,1223
"Wisconsin","linear_increase_sd","Past",2020-08-31,"cumulative_hosps",8653,8653,8653,8904,8689,9562,9562,9562
"Wisconsin","return_normal","Past",2020-08-31,"cumulative_hosps",8653,8653,8653,8904,8689,9562,9562,9562
"Wisconsin","status_quo","Past",2020-08-31,"cumulative_hosps",8653,8653,8653,8904,8689,9562,9562,9562
"Wisconsin","linear_increase_sd","Past",2020-08-31,"daily_all_infections",2034,2034,2034,2234,2203,2420,2420,2420
"Wisconsin","return_normal","Past",2020-08-31,"daily_all_infections",2034,2034,2034,2234,2203,2420,2420,2420
"Wisconsin","status_quo","Past",2020-08-31,"daily_all_infections",2034,2034,2034,2234,2203,2420,2420,2420
"Wisconsin","linear_increase_sd","Past",2020-08-31,"daily_cases",641,641,641,709,719,742,742,742
"Wisconsin","return_normal","Past",2020-08-31,"daily_cases",641,641,641,709,719,742,742,742
"Wisconsin","status_quo","Past",2020-08-31,"daily_cases",641,641,641,709,719,742,742,742
"Wisconsin","linear_increase_sd","Past",2020-08-31,"daily_deaths",8,8,8,9,8,9,9,9
"Wisconsin","return_normal","Past",2020-08-31,"daily_deaths",8,8,8,9,8,9,9,9
"Wisconsin","status_quo","Past",2020-08-31,"daily_deaths",8,8,8,9,8,9,9,9
"Wisconsin","linear_increase_sd","Past",2020-08-31,"daily_hosps",79,79,79,84,85,87,87,87
"Wisconsin","return_normal","Past",2020-08-31,"daily_hosps",79,79,79,84,85,87,87,87
"Wisconsin","status_quo","Past",2020-08-31,"daily_hosps",79,79,79,84,85,87,87,87
"Wisconsin","linear_increase_sd","Past",2020-08-31,"latent_trend",NA,NA,NA,0.479962802611227,NA,NA,NA,NA
"Wisconsin","return_normal","Past",2020-08-31,"latent_trend",NA,NA,NA,0.479962802611227,NA,NA,NA,NA
"Wisconsin","status_quo","Past",2020-08-31,"latent_trend",NA,NA,NA,0.479962802611227,NA,NA,NA,NA
"Wisconsin","linear_increase_sd","Past",2020-08-31,"mobility_trend",NA,NA,NA,0.86882142025425,NA,NA,NA,NA
"Wisconsin","return_normal","Past",2020-08-31,"mobility_trend",NA,NA,NA,0.86882142025425,NA,NA,NA,NA
"Wisconsin","status_quo","Past",2020-08-31,"mobility_trend",NA,NA,NA,0.86882142025425,NA,NA,NA,NA
"Wisconsin",NA,"Past",2020-09-01,"actual_cumulative_cases",NA,NA,NA,81603,NA,NA,NA,NA
"Wisconsin",NA,"Past",2020-09-01,"actual_cumulative_deaths",NA,NA,NA,1138,NA,NA,NA,NA
"Wisconsin",NA,"Past",2020-09-01,"actual_daily_cases",NA,NA,NA,1036,NA,NA,NA,NA
"Wisconsin",NA,"Past",2020-09-01,"actual_daily_deaths",NA,NA,NA,9,NA,NA,NA,NA
"Wisconsin","linear_increase_sd","Past",2020-09-01,"combined_trend",NA,NA,NA,0.43990721539982,NA,NA,NA,NA
"Wisconsin","return_normal","Past",2020-09-01,"combined_trend",NA,NA,NA,0.43990721539982,NA,NA,NA,NA
"Wisconsin","status_quo","Past",2020-09-01,"combined_trend",NA,NA,NA,0.43990721539982,NA,NA,NA,NA
"Wisconsin","linear_increase_sd","Past",2020-09-01,"cumulative_all_infections",239117,239117,239117,246184,240868,262918,262918,262918
"Wisconsin","return_normal","Past",2020-09-01,"cumulative_all_infections",239117,239117,239117,246184,240868,262918,262918,262918
"Wisconsin","status_quo","Past",2020-09-01,"cumulative_all_infections",239117,239117,239117,246184,240868,262918,262918,262918
"Wisconsin","linear_increase_sd","Past",2020-09-01,"cumulative_cases",76448,76448,76448,78823,77438,84503,84503,84503
"Wisconsin","return_normal","Past",2020-09-01,"cumulative_cases",76448,76448,76448,78823,77438,84503,84503,84503
"Wisconsin","status_quo","Past",2020-09-01,"cumulative_cases",76448,76448,76448,78823,77438,84503,84503,84503
"Wisconsin","linear_increase_sd","Past",2020-09-01,"cumulative_deaths",1125,1125,1125,1173,1163,1232,1232,1232
"Wisconsin","return_normal","Past",2020-09-01,"cumulative_deaths",1125,1125,1125,1173,1163,1232,1232,1232
"Wisconsin","status_quo","Past",2020-09-01,"cumulative_deaths",1125,1125,1125,1173,1163,1232,1232,1232
"Wisconsin","linear_increase_sd","Past",2020-09-01,"cumulative_hosps",8736,8736,8736,8987,8772,9651,9651,9651
"Wisconsin","return_normal","Past",2020-09-01,"cumulative_hosps",8736,8736,8736,8987,8772,9651,9651,9651
"Wisconsin","status_quo","Past",2020-09-01,"cumulative_hosps",8736,8736,8736,8987,8772,9651,9651,9651
"Wisconsin","linear_increase_sd","Past",2020-09-01,"daily_all_infections",2175,2175,2175,2389,2363,2570,2570,2570
"Wisconsin","return_normal","Past",2020-09-01,"daily_all_infections",2175,2175,2175,2389,2363,2570,2570,2570
"Wisconsin","status_quo","Past",2020-09-01,"daily_all_infections",2175,2175,2175,2389,2363,2570,2570,2570
"Wisconsin","linear_increase_sd","Past",2020-09-01,"daily_cases",695,695,695,724,716,774,774,774
"Wisconsin","return_normal","Past",2020-09-01,"daily_cases",695,695,695,724,716,774,774,774
"Wisconsin","status_quo","Past",2020-09-01,"daily_cases",695,695,695,724,716,774,774,774
"Wisconsin","linear_increase_sd","Past",2020-09-01,"daily_deaths",7,7,7,8,7,9,9,9
"Wisconsin","return_normal","Past",2020-09-01,"daily_deaths",7,7,7,8,7,9,9,9
"Wisconsin","status_quo","Past",2020-09-01,"daily_deaths",7,7,7,8,7,9,9,9
"Wisconsin","linear_increase_sd","Past",2020-09-01,"daily_hosps",79,79,79,84,83,89,89,89
"Wisconsin","return_normal","Past",2020-09-01,"daily_hosps",79,79,79,84,83,89,89,89
"Wisconsin","status_quo","Past",2020-09-01,"daily_hosps",79,79,79,84,83,89,89,89
"Wisconsin","linear_increase_sd","Past",2020-09-01,"latent_trend",NA,NA,NA,0.516352041030641,NA,NA,NA,NA
"Wisconsin","return_normal","Past",2020-09-01,"latent_trend",NA,NA,NA,0.516352041030641,NA,NA,NA,NA
"Wisconsin","status_quo","Past",2020-09-01,"latent_trend",NA,NA,NA,0.516352041030641,NA,NA,NA,NA
"Wisconsin","linear_increase_sd","Past",2020-09-01,"mobility_trend",NA,NA,NA,0.851952118794307,NA,NA,NA,NA
"Wisconsin","return_normal","Past",2020-09-01,"mobility_trend",NA,NA,NA,0.851952118794307,NA,NA,NA,NA
"Wisconsin","status_quo","Past",2020-09-01,"mobility_trend",NA,NA,NA,0.851952118794307,NA,NA,NA,NA
"Wisconsin",NA,"Past",2020-09-02,"actual_cumulative_cases",NA,NA,NA,82181,NA,NA,NA,NA
"Wisconsin",NA,"Past",2020-09-02,"actual_cumulative_deaths",NA,NA,NA,1149,NA,NA,NA,NA
"Wisconsin",NA,"Past",2020-09-02,"actual_daily_cases",NA,NA,NA,578,NA,NA,NA,NA
"Wisconsin",NA,"Past",2020-09-02,"actual_daily_deaths",NA,NA,NA,11,NA,NA,NA,NA
"Wisconsin","linear_increase_sd","Past",2020-09-02,"combined_trend",NA,NA,NA,0.467047619264168,NA,NA,NA,NA
"Wisconsin","return_normal","Past",2020-09-02,"combined_trend",NA,NA,NA,0.467047619264168,NA,NA,NA,NA
"Wisconsin","status_quo","Past",2020-09-02,"combined_trend",NA,NA,NA,0.467047619264168,NA,NA,NA,NA
"Wisconsin","linear_increase_sd","Past",2020-09-02,"cumulative_all_infections",241621,241621,241621,248761,243355,265669,265669,265669
"Wisconsin","return_normal","Past",2020-09-02,"cumulative_all_infections",241621,241621,241621,248761,243355,265669,265669,265669
"Wisconsin","status_quo","Past",2020-09-02,"cumulative_all_infections",241621,241621,241621,248761,243355,265669,265669,265669
"Wisconsin","linear_increase_sd","Past",2020-09-02,"cumulative_cases",77126,77126,77126,79547,78127,85274,85274,85274
"Wisconsin","return_normal","Past",2020-09-02,"cumulative_cases",77126,77126,77126,79547,78127,85274,85274,85274
"Wisconsin","status_quo","Past",2020-09-02,"cumulative_cases",77126,77126,77126,79547,78127,85274,85274,85274
"Wisconsin","linear_increase_sd","Past",2020-09-02,"cumulative_deaths",1132,1132,1132,1180,1170,1239,1239,1239
"Wisconsin","return_normal","Past",2020-09-02,"cumulative_deaths",1132,1132,1132,1180,1170,1239,1239,1239
"Wisconsin","status_quo","Past",2020-09-02,"cumulative_deaths",1132,1132,1132,1180,1170,1239,1239,1239
"Wisconsin","linear_increase_sd","Past",2020-09-02,"cumulative_hosps",8818,8818,8818,9071,8858,9737,9737,9737
"Wisconsin","return_normal","Past",2020-09-02,"cumulative_hosps",8818,8818,8818,9071,8858,9737,9737,9737
"Wisconsin","status_quo","Past",2020-09-02,"cumulative_hosps",8818,8818,8818,9071,8858,9737,9737,9737
"Wisconsin","linear_increase_sd","Past",2020-09-02,"daily_all_infections",2362,2362,2362,2578,2571,2751,2751,2751
"Wisconsin","return_normal","Past",2020-09-02,"daily_all_infections",2362,2362,2362,2578,2571,2751,2751,2751
"Wisconsin","status_quo","Past",2020-09-02,"daily_all_infections",2362,2362,2362,2578,2571,2751,2751,2751
"Wisconsin","linear_increase_sd","Past",2020-09-02,"daily_cases",678,678,678,724,726,771,771,771
"Wisconsin","return_normal","Past",2020-09-02,"daily_cases",678,678,678,724,726,771,771,771
"Wisconsin","status_quo","Past",2020-09-02,"daily_cases",678,678,678,724,726,771,771,771
"Wisconsin","linear_increase_sd","Past",2020-09-02,"daily_deaths",7,7,7,7,7,7,7,7
"Wisconsin","return_normal","Past",2020-09-02,"daily_deaths",7,7,7,7,7,7,7,7
"Wisconsin","status_quo","Past",2020-09-02,"daily_deaths",7,7,7,7,7,7,7,7
"Wisconsin","linear_increase_sd","Past",2020-09-02,"daily_hosps",81,81,81,84,85,86,86,86
"Wisconsin","return_normal","Past",2020-09-02,"daily_hosps",81,81,81,84,85,86,86,86
"Wisconsin","status_quo","Past",2020-09-02,"daily_hosps",81,81,81,84,85,86,86,86
"Wisconsin","linear_increase_sd","Past",2020-09-02,"latent_trend",NA,NA,NA,0.559190161480045,NA,NA,NA,NA
"Wisconsin","return_normal","Past",2020-09-02,"latent_trend",NA,NA,NA,0.559190161480045,NA,NA,NA,NA
"Wisconsin","status_quo","Past",2020-09-02,"latent_trend",NA,NA,NA,0.559190161480045,NA,NA,NA,NA
"Wisconsin","linear_increase_sd","Past",2020-09-02,"mobility_trend",NA,NA,NA,0.835221453160054,NA,NA,NA,NA
"Wisconsin","return_normal","Past",2020-09-02,"mobility_trend",NA,NA,NA,0.835221453160054,NA,NA,NA,NA
"Wisconsin","status_quo","Past",2020-09-02,"mobility_trend",NA,NA,NA,0.835221453160054,NA,NA,NA,NA
"Wisconsin",NA,"Past",2020-09-03,"actual_cumulative_cases",NA,NA,NA,82921,NA,NA,NA,NA
"Wisconsin",NA,"Past",2020-09-03,"actual_cumulative_deaths",NA,NA,NA,1153,NA,NA,NA,NA
"Wisconsin",NA,"Past",2020-09-03,"actual_daily_cases",NA,NA,NA,740,NA,NA,NA,NA
"Wisconsin",NA,"Past",2020-09-03,"actual_daily_deaths",NA,NA,NA,4,NA,NA,NA,NA
"Wisconsin","linear_increase_sd","Past",2020-09-03,"combined_trend",NA,NA,NA,0.497636177778686,NA,NA,NA,NA
"Wisconsin","return_normal","Past",2020-09-03,"combined_trend",NA,NA,NA,0.497636177778686,NA,NA,NA,NA
"Wisconsin","status_quo","Past",2020-09-03,"combined_trend",NA,NA,NA,0.497636177778686,NA,NA,NA,NA
"Wisconsin","linear_increase_sd","Past",2020-09-03,"cumulative_all_infections",244219,244219,244219,251567,246082,268675,268675,268675
"Wisconsin","return_normal","Past",2020-09-03,"cumulative_all_infections",244219,244219,244219,251567,246082,268675,268675,268675
"Wisconsin","status_quo","Past",2020-09-03,"cumulative_all_infections",244219,244219,244219,251567,246082,268675,268675,268675
"Wisconsin","linear_increase_sd","Past",2020-09-03,"cumulative_cases",77821,77821,77821,80288,78847,86084,86084,86084
"Wisconsin","return_normal","Past",2020-09-03,"cumulative_cases",77821,77821,77821,80288,78847,86084,86084,86084
"Wisconsin","status_quo","Past",2020-09-03,"cumulative_cases",77821,77821,77821,80288,78847,86084,86084,86084
"Wisconsin","linear_increase_sd","Past",2020-09-03,"cumulative_deaths",1139,1139,1139,1187,1177,1247,1247,1247
"Wisconsin","return_normal","Past",2020-09-03,"cumulative_deaths",1139,1139,1139,1187,1177,1247,1247,1247
"Wisconsin","status_quo","Past",2020-09-03,"cumulative_deaths",1139,1139,1139,1187,1177,1247,1247,1247
"Wisconsin","linear_increase_sd","Past",2020-09-03,"cumulative_hosps",8899,8899,8899,9156,8944,9826,9826,9826
"Wisconsin","return_normal","Past",2020-09-03,"cumulative_hosps",8899,8899,8899,9156,8944,9826,9826,9826
"Wisconsin","status_quo","Past",2020-09-03,"cumulative_hosps",8899,8899,8899,9156,8944,9826,9826,9826
"Wisconsin","linear_increase_sd","Past",2020-09-03,"daily_all_infections",2598,2598,2598,2806,2824,3006,3006,3006
"Wisconsin","return_normal","Past",2020-09-03,"daily_all_infections",2598,2598,2598,2806,2824,3006,3006,3006
"Wisconsin","status_quo","Past",2020-09-03,"daily_all_infections",2598,2598,2598,2806,2824,3006,3006,3006
"Wisconsin","linear_increase_sd","Past",2020-09-03,"daily_cases",695,695,695,742,720,810,810,810
"Wisconsin","return_normal","Past",2020-09-03,"daily_cases",695,695,695,742,720,810,810,810
"Wisconsin","status_quo","Past",2020-09-03,"daily_cases",695,695,695,742,720,810,810,810
"Wisconsin","linear_increase_sd","Past",2020-09-03,"daily_deaths",7,7,7,8,7,8,8,8
"Wisconsin","return_normal","Past",2020-09-03,"daily_deaths",7,7,7,8,7,8,8,8
"Wisconsin","status_quo","Past",2020-09-03,"daily_deaths",7,7,7,8,7,8,8,8
"Wisconsin","linear_increase_sd","Past",2020-09-03,"daily_hosps",81,81,81,85,84,89,89,89
"Wisconsin","return_normal","Past",2020-09-03,"daily_hosps",81,81,81,85,84,89,89,89
"Wisconsin","status_quo","Past",2020-09-03,"daily_hosps",81,81,81,85,84,89,89,89
"Wisconsin","linear_increase_sd","Past",2020-09-03,"latent_trend",NA,NA,NA,0.607719327043462,NA,NA,NA,NA
"Wisconsin","return_normal","Past",2020-09-03,"latent_trend",NA,NA,NA,0.607719327043462,NA,NA,NA,NA
"Wisconsin","status_quo","Past",2020-09-03,"latent_trend",NA,NA,NA,0.607719327043462,NA,NA,NA,NA
"Wisconsin","linear_increase_sd","Past",2020-09-03,"mobility_trend",NA,NA,NA,0.818858567818918,NA,NA,NA,NA
"Wisconsin","return_normal","Past",2020-09-03,"mobility_trend",NA,NA,NA,0.818858567818918,NA,NA,NA,NA
"Wisconsin","status_quo","Past",2020-09-03,"mobility_trend",NA,NA,NA,0.818858567818918,NA,NA,NA,NA
"Wisconsin",NA,"Past",2020-09-04,"actual_cumulative_cases",NA,NA,NA,84463,NA,NA,NA,NA
"Wisconsin",NA,"Past",2020-09-04,"actual_cumulative_deaths",NA,NA,NA,1160,NA,NA,NA,NA
"Wisconsin",NA,"Past",2020-09-04,"actual_daily_cases",NA,NA,NA,1542,NA,NA,NA,NA
"Wisconsin",NA,"Past",2020-09-04,"actual_daily_deaths",NA,NA,NA,7,NA,NA,NA,NA
"Wisconsin","linear_increase_sd","Past",2020-09-04,"combined_trend",NA,NA,NA,0.529301632280363,NA,NA,NA,NA
"Wisconsin","return_normal","Past",2020-09-04,"combined_trend",NA,NA,NA,0.529301632280363,NA,NA,NA,NA
"Wisconsin","status_quo","Past",2020-09-04,"combined_trend",NA,NA,NA,0.529301632280363,NA,NA,NA,NA
"Wisconsin","linear_increase_sd","Past",2020-09-04,"cumulative_all_infections",247092,247092,247092,254648,249110,271976,271976,271976
"Wisconsin","return_normal","Past",2020-09-04,"cumulative_all_infections",247092,247092,247092,254648,249110,271976,271976,271976
"Wisconsin","status_quo","Past",2020-09-04,"cumulative_all_infections",247092,247092,247092,254648,249110,271976,271976,271976
"Wisconsin","linear_increase_sd","Past",2020-09-04,"cumulative_cases",78534,78534,78534,81050,79602,86906,86906,86906
"Wisconsin","return_normal","Past",2020-09-04,"cumulative_cases",78534,78534,78534,81050,79602,86906,86906,86906
"Wisconsin","status_quo","Past",2020-09-04,"cumulative_cases",78534,78534,78534,81050,79602,86906,86906,86906
"Wisconsin","linear_increase_sd","Past",2020-09-04,"cumulative_deaths",1147,1147,1147,1194,1184,1254,1254,1254
"Wisconsin","return_normal","Past",2020-09-04,"cumulative_deaths",1147,1147,1147,1194,1184,1254,1254,1254
"Wisconsin","status_quo","Past",2020-09-04,"cumulative_deaths",1147,1147,1147,1194,1184,1254,1254,1254
"Wisconsin","linear_increase_sd","Past",2020-09-04,"cumulative_hosps",8982,8982,8982,9241,9028,9914,9914,9914
"Wisconsin","return_normal","Past",2020-09-04,"cumulative_hosps",8982,8982,8982,9241,9028,9914,9914,9914
"Wisconsin","status_quo","Past",2020-09-04,"cumulative_hosps",8982,8982,8982,9241,9028,9914,9914,9914
"Wisconsin","linear_increase_sd","Past",2020-09-04,"daily_all_infections",2873,2873,2873,3081,3069,3301,3301,3301
"Wisconsin","return_normal","Past",2020-09-04,"daily_all_infections",2873,2873,2873,3081,3069,3301,3301,3301
"Wisconsin","status_quo","Past",2020-09-04,"daily_all_infections",2873,2873,2873,3081,3069,3301,3301,3301
"Wisconsin","linear_increase_sd","Past",2020-09-04,"daily_cases",713,713,713,763,755,822,822,822
"Wisconsin","return_normal","Past",2020-09-04,"daily_cases",713,713,713,763,755,822,822,822
"Wisconsin","status_quo","Past",2020-09-04,"daily_cases",713,713,713,763,755,822,822,822
"Wisconsin","linear_increase_sd","Past",2020-09-04,"daily_deaths",7,7,7,8,7,8,8,8
"Wisconsin","return_normal","Past",2020-09-04,"daily_deaths",7,7,7,8,7,8,8,8
"Wisconsin","status_quo","Past",2020-09-04,"daily_deaths",7,7,7,8,7,8,8,8
"Wisconsin","linear_increase_sd","Past",2020-09-04,"daily_hosps",83,83,83,85,84,88,88,88
"Wisconsin","return_normal","Past",2020-09-04,"daily_hosps",83,83,83,85,84,88,88,88
"Wisconsin","status_quo","Past",2020-09-04,"daily_hosps",83,83,83,85,84,88,88,88
"Wisconsin","linear_increase_sd","Past",2020-09-04,"latent_trend",NA,NA,NA,0.659331701796089,NA,NA,NA,NA
"Wisconsin","return_normal","Past",2020-09-04,"latent_trend",NA,NA,NA,0.659331701796089,NA,NA,NA,NA
"Wisconsin","status_quo","Past",2020-09-04,"latent_trend",NA,NA,NA,0.659331701796089,NA,NA,NA,NA
"Wisconsin","linear_increase_sd","Past",2020-09-04,"mobility_trend",NA,NA,NA,0.802785048615879,NA,NA,NA,NA
"Wisconsin","return_normal","Past",2020-09-04,"mobility_trend",NA,NA,NA,0.802785048615879,NA,NA,NA,NA
"Wisconsin","status_quo","Past",2020-09-04,"mobility_trend",NA,NA,NA,0.802785048615879,NA,NA,NA,NA
"Wisconsin",NA,"Past",2020-09-05,"actual_cumulative_cases",NA,NA,NA,85462,NA,NA,NA,NA
"Wisconsin",NA,"Past",2020-09-05,"actual_cumulative_deaths",NA,NA,NA,1175,NA,NA,NA,NA
"Wisconsin",NA,"Past",2020-09-05,"actual_daily_cases",NA,NA,NA,999,NA,NA,NA,NA
"Wisconsin",NA,"Past",2020-09-05,"actual_daily_deaths",NA,NA,NA,15,NA,NA,NA,NA
"Wisconsin","linear_increase_sd","Past",2020-09-05,"combined_trend",NA,NA,NA,0.559418038179922,NA,NA,NA,NA
"Wisconsin","return_normal","Past",2020-09-05,"combined_trend",NA,NA,NA,0.559418038179922,NA,NA,NA,NA
"Wisconsin","status_quo","Past",2020-09-05,"combined_trend",NA,NA,NA,0.559418038179922,NA,NA,NA,NA
"Wisconsin","linear_increase_sd","Past",2020-09-05,"cumulative_all_infections",250306,250306,250306,258027,252460,275568,275568,275568
"Wisconsin","return_normal","Past",2020-09-05,"cumulative_all_infections",250306,250306,250306,258027,252460,275568,275568,275568
"Wisconsin","status_quo","Past",2020-09-05,"cumulative_all_infections",250306,250306,250306,258027,252460,275568,275568,275568
"Wisconsin","linear_increase_sd","Past",2020-09-05,"cumulative_cases",79338,79338,79338,81861,80391,87746,87746,87746
"Wisconsin","return_normal","Past",2020-09-05,"cumulative_cases",79338,79338,79338,81861,80391,87746,87746,87746
"Wisconsin","status_quo","Past",2020-09-05,"cumulative_cases",79338,79338,79338,81861,80391,87746,87746,87746
"Wisconsin","linear_increase_sd","Past",2020-09-05,"cumulative_deaths",1155,1155,1155,1201,1191,1260,1260,1260
"Wisconsin","return_normal","Past",2020-09-05,"cumulative_deaths",1155,1155,1155,1201,1191,1260,1260,1260
"Wisconsin","status_quo","Past",2020-09-05,"cumulative_deaths",1155,1155,1155,1201,1191,1260,1260,1260
"Wisconsin","linear_increase_sd","Past",2020-09-05,"cumulative_hosps",9066,9066,9066,9327,9115,10003,10003,10003
"Wisconsin","return_normal","Past",2020-09-05,"cumulative_hosps",9066,9066,9066,9327,9115,10003,10003,10003
"Wisconsin","status_quo","Past",2020-09-05,"cumulative_hosps",9066,9066,9066,9327,9115,10003,10003,10003
"Wisconsin","linear_increase_sd","Past",2020-09-05,"daily_all_infections",3214,3214,3214,3379,3350,3592,3592,3592
"Wisconsin","return_normal","Past",2020-09-05,"daily_all_infections",3214,3214,3214,3379,3350,3592,3592,3592
"Wisconsin","status_quo","Past",2020-09-05,"daily_all_infections",3214,3214,3214,3379,3350,3592,3592,3592
"Wisconsin","linear_increase_sd","Past",2020-09-05,"daily_cases",751,751,751,811,804,869,869,869
"Wisconsin","return_normal","Past",2020-09-05,"daily_cases",751,751,751,811,804,869,869,869
"Wisconsin","status_quo","Past",2020-09-05,"daily_cases",751,751,751,811,804,869,869,869
"Wisconsin","linear_increase_sd","Past",2020-09-05,"daily_deaths",6,6,6,8,7,8,8,8
"Wisconsin","return_normal","Past",2020-09-05,"daily_deaths",6,6,6,8,7,8,8,8
"Wisconsin","status_quo","Past",2020-09-05,"daily_deaths",6,6,6,8,7,8,8,8
"Wisconsin","linear_increase_sd","Past",2020-09-05,"daily_hosps",84,84,84,86,85,89,89,89
"Wisconsin","return_normal","Past",2020-09-05,"daily_hosps",84,84,84,86,85,89,89,89
"Wisconsin","status_quo","Past",2020-09-05,"daily_hosps",84,84,84,86,85,89,89,89
"Wisconsin","linear_increase_sd","Past",2020-09-05,"latent_trend",NA,NA,NA,0.710915384336447,NA,NA,NA,NA
"Wisconsin","return_normal","Past",2020-09-05,"latent_trend",NA,NA,NA,0.710915384336447,NA,NA,NA,NA
"Wisconsin","status_quo","Past",2020-09-05,"latent_trend",NA,NA,NA,0.710915384336447,NA,NA,NA,NA
"Wisconsin","linear_increase_sd","Past",2020-09-05,"mobility_trend",NA,NA,NA,0.786898202663135,NA,NA,NA,NA
"Wisconsin","return_normal","Past",2020-09-05,"mobility_trend",NA,NA,NA,0.786898202663135,NA,NA,NA,NA
"Wisconsin","status_quo","Past",2020-09-05,"mobility_trend",NA,NA,NA,0.786898202663135,NA,NA,NA,NA
"Wisconsin",NA,"Past",2020-09-06,"actual_cumulative_cases",NA,NA,NA,86352,NA,NA,NA,NA
"Wisconsin",NA,"Past",2020-09-06,"actual_cumulative_deaths",NA,NA,NA,1175,NA,NA,NA,NA
"Wisconsin",NA,"Past",2020-09-06,"actual_daily_cases",NA,NA,NA,890,NA,NA,NA,NA
"Wisconsin",NA,"Past",2020-09-06,"actual_daily_deaths",NA,NA,NA,0,NA,NA,NA,NA
"Wisconsin","linear_increase_sd","Past",2020-09-06,"combined_trend",NA,NA,NA,0.585885206905225,NA,NA,NA,NA
"Wisconsin","return_normal","Past",2020-09-06,"combined_trend",NA,NA,NA,0.585885206905225,NA,NA,NA,NA
"Wisconsin","status_quo","Past",2020-09-06,"combined_trend",NA,NA,NA,0.585885206905225,NA,NA,NA,NA
"Wisconsin","linear_increase_sd","Past",2020-09-06,"cumulative_all_infections",253876,253876,253876,261742,256193,279471,279471,279471
"Wisconsin","return_normal","Past",2020-09-06,"cumulative_all_infections",253876,253876,253876,261742,256193,279471,279471,279471
"Wisconsin","status_quo","Past",2020-09-06,"cumulative_all_infections",253876,253876,253876,261742,256193,279471,279471,279471
"Wisconsin","linear_increase_sd","Past",2020-09-06,"cumulative_cases",80207,80207,80207,82732,81268,88659,88659,88659
"Wisconsin","return_normal","Past",2020-09-06,"cumulative_cases",80207,80207,80207,82732,81268,88659,88659,88659
"Wisconsin","status_quo","Past",2020-09-06,"cumulative_cases",80207,80207,80207,82732,81268,88659,88659,88659
"Wisconsin","linear_increase_sd","Past",2020-09-06,"cumulative_deaths",1162,1162,1162,1209,1199,1268,1268,1268
"Wisconsin","return_normal","Past",2020-09-06,"cumulative_deaths",1162,1162,1162,1209,1199,1268,1268,1268
"Wisconsin","status_quo","Past",2020-09-06,"cumulative_deaths",1162,1162,1162,1209,1199,1268,1268,1268
"Wisconsin","linear_increase_sd","Past",2020-09-06,"cumulative_hosps",9149,9149,9149,9413,9201,10094,10094,10094
"Wisconsin","return_normal","Past",2020-09-06,"cumulative_hosps",9149,9149,9149,9413,9201,10094,10094,10094
"Wisconsin","status_quo","Past",2020-09-06,"cumulative_hosps",9149,9149,9149,9413,9201,10094,10094,10094
"Wisconsin","linear_increase_sd","Past",2020-09-06,"daily_all_infections",3497,3497,3497,3716,3733,3903,3903,3903
"Wisconsin","return_normal","Past",2020-09-06,"daily_all_infections",3497,3497,3497,3716,3733,3903,3903,3903
"Wisconsin","status_quo","Past",2020-09-06,"daily_all_infections",3497,3497,3497,3716,3733,3903,3903,3903
"Wisconsin","linear_increase_sd","Past",2020-09-06,"daily_cases",792,792,792,872,877,913,913,913
"Wisconsin","return_normal","Past",2020-09-06,"daily_cases",792,792,792,872,877,913,913,913
"Wisconsin","status_quo","Past",2020-09-06,"daily_cases",792,792,792,872,877,913,913,913
"Wisconsin","linear_increase_sd","Past",2020-09-06,"daily_deaths",7,7,7,8,7,8,8,8
"Wisconsin","return_normal","Past",2020-09-06,"daily_deaths",7,7,7,8,7,8,8,8
"Wisconsin","status_quo","Past",2020-09-06,"daily_deaths",7,7,7,8,7,8,8,8
"Wisconsin","linear_increase_sd","Past",2020-09-06,"daily_hosps",83,83,83,87,86,91,91,91
"Wisconsin","return_normal","Past",2020-09-06,"daily_hosps",83,83,83,87,86,91,91,91
"Wisconsin","status_quo","Past",2020-09-06,"daily_hosps",83,83,83,87,86,91,91,91
"Wisconsin","linear_increase_sd","Past",2020-09-06,"latent_trend",NA,NA,NA,0.759601731915887,NA,NA,NA,NA
"Wisconsin","return_normal","Past",2020-09-06,"latent_trend",NA,NA,NA,0.759601731915887,NA,NA,NA,NA
"Wisconsin","status_quo","Past",2020-09-06,"latent_trend",NA,NA,NA,0.759601731915887,NA,NA,NA,NA
"Wisconsin","linear_increase_sd","Past",2020-09-06,"mobility_trend",NA,NA,NA,0.771305780764204,NA,NA,NA,NA
"Wisconsin","return_normal","Past",2020-09-06,"mobility_trend",NA,NA,NA,0.771305780764204,NA,NA,NA,NA
"Wisconsin","status_quo","Past",2020-09-06,"mobility_trend",NA,NA,NA,0.771305780764204,NA,NA,NA,NA
"Wisconsin",NA,"Past",2020-09-07,"actual_cumulative_cases",NA,NA,NA,86927,NA,NA,NA,NA
"Wisconsin",NA,"Past",2020-09-07,"actual_cumulative_deaths",NA,NA,NA,1175,NA,NA,NA,NA
"Wisconsin",NA,"Past",2020-09-07,"actual_daily_cases",NA,NA,NA,575,NA,NA,NA,NA
"Wisconsin",NA,"Past",2020-09-07,"actual_daily_deaths",NA,NA,NA,0,NA,NA,NA,NA
"Wisconsin","linear_increase_sd","Past",2020-09-07,"combined_trend",NA,NA,NA,0.607337161574942,NA,NA,NA,NA
"Wisconsin","return_normal","Past",2020-09-07,"combined_trend",NA,NA,NA,0.607337161574942,NA,NA,NA,NA
"Wisconsin","status_quo","Past",2020-09-07,"combined_trend",NA,NA,NA,0.607337161574942,NA,NA,NA,NA
"Wisconsin","linear_increase_sd","Past",2020-09-07,"cumulative_all_infections",257829,257829,257829,265808,260309,283664,283664,283664
"Wisconsin","return_normal","Past",2020-09-07,"cumulative_all_infections",257829,257829,257829,265808,260309,283664,283664,283664
"Wisconsin","status_quo","Past",2020-09-07,"cumulative_all_infections",257829,257829,257829,265808,260309,283664,283664,283664
"Wisconsin","linear_increase_sd","Past",2020-09-07,"cumulative_cases",81101,81101,81101,83644,82100,89646,89646,89646
"Wisconsin","return_normal","Past",2020-09-07,"cumulative_cases",81101,81101,81101,83644,82100,89646,89646,89646
"Wisconsin","status_quo","Past",2020-09-07,"cumulative_cases",81101,81101,81101,83644,82100,89646,89646,89646
"Wisconsin","linear_increase_sd","Past",2020-09-07,"cumulative_deaths",1169,1169,1169,1216,1207,1275,1275,1275
"Wisconsin","return_normal","Past",2020-09-07,"cumulative_deaths",1169,1169,1169,1216,1207,1275,1275,1275
"Wisconsin","status_quo","Past",2020-09-07,"cumulative_deaths",1169,1169,1169,1216,1207,1275,1275,1275
"Wisconsin","linear_increase_sd","Past",2020-09-07,"cumulative_hosps",9235,9235,9235,9501,9289,10186,10186,10186
"Wisconsin","return_normal","Past",2020-09-07,"cumulative_hosps",9235,9235,9235,9501,9289,10186,10186,10186
"Wisconsin","status_quo","Past",2020-09-07,"cumulative_hosps",9235,9235,9235,9501,9289,10186,10186,10186
"Wisconsin","linear_increase_sd","Past",2020-09-07,"daily_all_infections",3773,3773,3773,4066,4116,4295,4295,4295
"Wisconsin","return_normal","Past",2020-09-07,"daily_all_infections",3773,3773,3773,4066,4116,4295,4295,4295
"Wisconsin","status_quo","Past",2020-09-07,"daily_all_infections",3773,3773,3773,4066,4116,4295,4295,4295
"Wisconsin","linear_increase_sd","Past",2020-09-07,"daily_cases",832,832,832,913,916,987,987,987
"Wisconsin","return_normal","Past",2020-09-07,"daily_cases",832,832,832,913,916,987,987,987
"Wisconsin","status_quo","Past",2020-09-07,"daily_cases",832,832,832,913,916,987,987,987
"Wisconsin","linear_increase_sd","Past",2020-09-07,"daily_deaths",7,7,7,8,7,8,8,8
"Wisconsin","return_normal","Past",2020-09-07,"daily_deaths",7,7,7,8,7,8,8,8
"Wisconsin","status_quo","Past",2020-09-07,"daily_deaths",7,7,7,8,7,8,8,8
"Wisconsin","linear_increase_sd","Past",2020-09-07,"daily_hosps",86,86,86,89,88,92,92,92
"Wisconsin","return_normal","Past",2020-09-07,"daily_hosps",86,86,86,89,88,92,92,92
"Wisconsin","status_quo","Past",2020-09-07,"daily_hosps",86,86,86,89,88,92,92,92
"Wisconsin","linear_increase_sd","Past",2020-09-07,"latent_trend",NA,NA,NA,0.803216399333893,NA,NA,NA,NA
"Wisconsin","return_normal","Past",2020-09-07,"latent_trend",NA,NA,NA,0.803216399333893,NA,NA,NA,NA
"Wisconsin","status_quo","Past",2020-09-07,"latent_trend",NA,NA,NA,0.803216399333893,NA,NA,NA,NA
"Wisconsin","linear_increase_sd","Past",2020-09-07,"mobility_trend",NA,NA,NA,0.756131426199224,NA,NA,NA,NA
"Wisconsin","return_normal","Past",2020-09-07,"mobility_trend",NA,NA,NA,0.756131426199224,NA,NA,NA,NA
"Wisconsin","status_quo","Past",2020-09-07,"mobility_trend",NA,NA,NA,0.756131426199224,NA,NA,NA,NA
"Wisconsin",NA,"Past",2020-09-08,"actual_cumulative_cases",NA,NA,NA,87676,NA,NA,NA,NA
"Wisconsin",NA,"Past",2020-09-08,"actual_cumulative_deaths",NA,NA,NA,1175,NA,NA,NA,NA
"Wisconsin",NA,"Past",2020-09-08,"actual_daily_cases",NA,NA,NA,749,NA,NA,NA,NA
"Wisconsin",NA,"Past",2020-09-08,"actual_daily_deaths",NA,NA,NA,0,NA,NA,NA,NA
"Wisconsin","linear_increase_sd","Past",2020-09-08,"combined_trend",NA,NA,NA,0.623122170853373,NA,NA,NA,NA
"Wisconsin","return_normal","Past",2020-09-08,"combined_trend",NA,NA,NA,0.623122170853373,NA,NA,NA,NA
"Wisconsin","status_quo","Past",2020-09-08,"combined_trend",NA,NA,NA,0.623122170853373,NA,NA,NA,NA
"Wisconsin","linear_increase_sd","Past",2020-09-08,"cumulative_all_infections",262199,262199,262199,270249,264850,288133,288133,288133
"Wisconsin","return_normal","Past",2020-09-08,"cumulative_all_infections",262199,262199,262199,270249,264850,288133,288133,288133
"Wisconsin","status_quo","Past",2020-09-08,"cumulative_all_infections",262199,262199,262199,270249,264850,288133,288133,288133
"Wisconsin","linear_increase_sd","Past",2020-09-08,"cumulative_cases",82051,82051,82051,84665,83071,90707,90707,90707
"Wisconsin","return_normal","Past",2020-09-08,"cumulative_cases",82051,82051,82051,84665,83071,90707,90707,90707
"Wisconsin","status_quo","Past",2020-09-08,"cumulative_cases",82051,82051,82051,84665,83071,90707,90707,90707
"Wisconsin","linear_increase_sd","Past",2020-09-08,"cumulative_deaths",1176,1176,1176,1223,1214,1283,1283,1283
"Wisconsin","return_normal","Past",2020-09-08,"cumulative_deaths",1176,1176,1176,1223,1214,1283,1283,1283
"Wisconsin","status_quo","Past",2020-09-08,"cumulative_deaths",1176,1176,1176,1223,1214,1283,1283,1283
"Wisconsin","linear_increase_sd","Past",2020-09-08,"cumulative_hosps",9324,9324,9324,9592,9378,10281,10281,10281
"Wisconsin","return_normal","Past",2020-09-08,"cumulative_hosps",9324,9324,9324,9592,9378,10281,10281,10281
"Wisconsin","status_quo","Past",2020-09-08,"cumulative_hosps",9324,9324,9324,9592,9378,10281,10281,10281
"Wisconsin","linear_increase_sd","Past",2020-09-08,"daily_all_infections",4069,4069,4069,4442,4469,4758,4758,4758
"Wisconsin","return_normal","Past",2020-09-08,"daily_all_infections",4069,4069,4069,4442,4469,4758,4758,4758
"Wisconsin","status_quo","Past",2020-09-08,"daily_all_infections",4069,4069,4069,4442,4469,4758,4758,4758
"Wisconsin","linear_increase_sd","Past",2020-09-08,"daily_cases",950,950,950,1022,1061,1063,1063,1063
"Wisconsin","return_normal","Past",2020-09-08,"daily_cases",950,950,950,1022,1061,1063,1063,1063
"Wisconsin","status_quo","Past",2020-09-08,"daily_cases",950,950,950,1022,1061,1063,1063,1063
"Wisconsin","linear_increase_sd","Past",2020-09-08,"daily_deaths",6,6,6,8,7,8,8,8
"Wisconsin","return_normal","Past",2020-09-08,"daily_deaths",6,6,6,8,7,8,8,8
"Wisconsin","status_quo","Past",2020-09-08,"daily_deaths",6,6,6,8,7,8,8,8
"Wisconsin","linear_increase_sd","Past",2020-09-08,"daily_hosps",88,88,88,91,89,95,95,95
"Wisconsin","return_normal","Past",2020-09-08,"daily_hosps",88,88,88,91,89,95,95,95
"Wisconsin","status_quo","Past",2020-09-08,"daily_hosps",88,88,88,91,89,95,95,95
"Wisconsin","linear_increase_sd","Past",2020-09-08,"latent_trend",NA,NA,NA,0.840521436229708,NA,NA,NA,NA
"Wisconsin","return_normal","Past",2020-09-08,"latent_trend",NA,NA,NA,0.840521436229708,NA,NA,NA,NA
"Wisconsin","status_quo","Past",2020-09-08,"latent_trend",NA,NA,NA,0.840521436229708,NA,NA,NA,NA
"Wisconsin","linear_increase_sd","Past",2020-09-08,"mobility_trend",NA,NA,NA,0.741351908463496,NA,NA,NA,NA
"Wisconsin","return_normal","Past",2020-09-08,"mobility_trend",NA,NA,NA,0.741351908463496,NA,NA,NA,NA
"Wisconsin","status_quo","Past",2020-09-08,"mobility_trend",NA,NA,NA,0.741351908463496,NA,NA,NA,NA
"Wisconsin",NA,"Past",2020-09-09,"actual_cumulative_cases",NA,NA,NA,88589,NA,NA,NA,NA
"Wisconsin",NA,"Past",2020-09-09,"actual_cumulative_deaths",NA,NA,NA,1190,NA,NA,NA,NA
"Wisconsin",NA,"Past",2020-09-09,"actual_daily_cases",NA,NA,NA,913,NA,NA,NA,NA
"Wisconsin",NA,"Past",2020-09-09,"actual_daily_deaths",NA,NA,NA,15,NA,NA,NA,NA
"Wisconsin","linear_increase_sd","Past",2020-09-09,"combined_trend",NA,NA,NA,0.633262996947308,NA,NA,NA,NA
"Wisconsin","return_normal","Past",2020-09-09,"combined_trend",NA,NA,NA,0.633262996947308,NA,NA,NA,NA
"Wisconsin","status_quo","Past",2020-09-09,"combined_trend",NA,NA,NA,0.633262996947308,NA,NA,NA,NA
"Wisconsin","linear_increase_sd","Past",2020-09-09,"cumulative_all_infections",267007,267007,267007,275084,269838,292850,292850,292850
"Wisconsin","return_normal","Past",2020-09-09,"cumulative_all_infections",267007,267007,267007,275084,269838,292850,292850,292850
"Wisconsin","status_quo","Past",2020-09-09,"cumulative_all_infections",267007,267007,267007,275084,269838,292850,292850,292850
"Wisconsin","linear_increase_sd","Past",2020-09-09,"cumulative_cases",83080,83080,83080,85753,84117,91872,91872,91872
"Wisconsin","return_normal","Past",2020-09-09,"cumulative_cases",83080,83080,83080,85753,84117,91872,91872,91872
"Wisconsin","status_quo","Past",2020-09-09,"cumulative_cases",83080,83080,83080,85753,84117,91872,91872,91872
"Wisconsin","linear_increase_sd","Past",2020-09-09,"cumulative_deaths",1184,1184,1184,1231,1221,1291,1291,1291
"Wisconsin","return_normal","Past",2020-09-09,"cumulative_deaths",1184,1184,1184,1231,1221,1291,1291,1291
"Wisconsin","status_quo","Past",2020-09-09,"cumulative_deaths",1184,1184,1184,1231,1221,1291,1291,1291
"Wisconsin","linear_increase_sd","Past",2020-09-09,"cumulative_hosps",9415,9415,9415,9687,9471,10382,10382,10382
"Wisconsin","return_normal","Past",2020-09-09,"cumulative_hosps",9415,9415,9415,9687,9471,10382,10382,10382
"Wisconsin","status_quo","Past",2020-09-09,"cumulative_hosps",9415,9415,9415,9687,9471,10382,10382,10382
"Wisconsin","linear_increase_sd","Past",2020-09-09,"daily_all_infections",4419,4419,4419,4835,4808,5240,5240,5240
"Wisconsin","return_normal","Past",2020-09-09,"daily_all_infections",4419,4419,4419,4835,4808,5240,5240,5240
"Wisconsin","status_quo","Past",2020-09-09,"daily_all_infections",4419,4419,4419,4835,4808,5240,5240,5240
"Wisconsin","linear_increase_sd","Past",2020-09-09,"daily_cases",1029,1029,1029,1088,1075,1165,1165,1165
"Wisconsin","return_normal","Past",2020-09-09,"daily_cases",1029,1029,1029,1088,1075,1165,1165,1165
"Wisconsin","status_quo","Past",2020-09-09,"daily_cases",1029,1029,1029,1088,1075,1165,1165,1165
"Wisconsin","linear_increase_sd","Past",2020-09-09,"daily_deaths",7,7,7,8,7,8,8,8
"Wisconsin","return_normal","Past",2020-09-09,"daily_deaths",7,7,7,8,7,8,8,8
"Wisconsin","status_quo","Past",2020-09-09,"daily_deaths",7,7,7,8,7,8,8,8
"Wisconsin","linear_increase_sd","Past",2020-09-09,"daily_hosps",89,89,89,95,93,101,101,101
"Wisconsin","return_normal","Past",2020-09-09,"daily_hosps",89,89,89,95,93,101,101,101
"Wisconsin","status_quo","Past",2020-09-09,"daily_hosps",89,89,89,95,93,101,101,101
"Wisconsin","linear_increase_sd","Past",2020-09-09,"latent_trend",NA,NA,NA,0.871186418962677,NA,NA,NA,NA
"Wisconsin","return_normal","Past",2020-09-09,"latent_trend",NA,NA,NA,0.871186418962677,NA,NA,NA,NA
"Wisconsin","status_quo","Past",2020-09-09,"latent_trend",NA,NA,NA,0.871186418962677,NA,NA,NA,NA
"Wisconsin","linear_increase_sd","Past",2020-09-09,"mobility_trend",NA,NA,NA,0.72689723251349,NA,NA,NA,NA
"Wisconsin","return_normal","Past",2020-09-09,"mobility_trend",NA,NA,NA,0.72689723251349,NA,NA,NA,NA
"Wisconsin","status_quo","Past",2020-09-09,"mobility_trend",NA,NA,NA,0.72689723251349,NA,NA,NA,NA
"Wisconsin",NA,"Past",2020-09-10,"actual_cumulative_cases",NA,NA,NA,90181,NA,NA,NA,NA
"Wisconsin",NA,"Past",2020-09-10,"actual_cumulative_deaths",NA,NA,NA,1200,NA,NA,NA,NA
"Wisconsin",NA,"Past",2020-09-10,"actual_daily_cases",NA,NA,NA,1592,NA,NA,NA,NA
"Wisconsin",NA,"Past",2020-09-10,"actual_daily_deaths",NA,NA,NA,10,NA,NA,NA,NA
"Wisconsin","linear_increase_sd","Past",2020-09-10,"combined_trend",NA,NA,NA,0.638229006021104,NA,NA,NA,NA
"Wisconsin","return_normal","Past",2020-09-10,"combined_trend",NA,NA,NA,0.638229006021104,NA,NA,NA,NA
"Wisconsin","status_quo","Past",2020-09-10,"combined_trend",NA,NA,NA,0.638229006021104,NA,NA,NA,NA
"Wisconsin","linear_increase_sd","Past",2020-09-10,"cumulative_all_infections",272269,272269,272269,280316,275304,297720,297720,297720
"Wisconsin","return_normal","Past",2020-09-10,"cumulative_all_infections",272269,272269,272269,280316,275304,297720,297720,297720
"Wisconsin","status_quo","Past",2020-09-10,"cumulative_all_infections",272269,272269,272269,280316,275304,297720,297720,297720
"Wisconsin","linear_increase_sd","Past",2020-09-10,"cumulative_cases",84195,84195,84195,86939,85282,93109,93109,93109
"Wisconsin","return_normal","Past",2020-09-10,"cumulative_cases",84195,84195,84195,86939,85282,93109,93109,93109
"Wisconsin","status_quo","Past",2020-09-10,"cumulative_cases",84195,84195,84195,86939,85282,93109,93109,93109
"Wisconsin","linear_increase_sd","Past",2020-09-10,"cumulative_deaths",1191,1191,1191,1238,1227,1299,1299,1299
"Wisconsin","return_normal","Past",2020-09-10,"cumulative_deaths",1191,1191,1191,1238,1227,1299,1299,1299
"Wisconsin","status_quo","Past",2020-09-10,"cumulative_deaths",1191,1191,1191,1238,1227,1299,1299,1299
"Wisconsin","linear_increase_sd","Past",2020-09-10,"cumulative_hosps",9511,9511,9511,9785,9567,10486,10486,10486
"Wisconsin","return_normal","Past",2020-09-10,"cumulative_hosps",9511,9511,9511,9785,9567,10486,10486,10486
"Wisconsin","status_quo","Past",2020-09-10,"cumulative_hosps",9511,9511,9511,9785,9567,10486,10486,10486
"Wisconsin","linear_increase_sd","Past",2020-09-10,"daily_all_infections",4785,4785,4785,5233,5262,5780,5780,5780
"Wisconsin","return_normal","Past",2020-09-10,"daily_all_infections",4785,4785,4785,5233,5262,5780,5780,5780
"Wisconsin","status_quo","Past",2020-09-10,"daily_all_infections",4785,4785,4785,5233,5262,5780,5780,5780
"Wisconsin","linear_increase_sd","Past",2020-09-10,"daily_cases",1115,1115,1115,1186,1165,1261,1261,1261
"Wisconsin","return_normal","Past",2020-09-10,"daily_cases",1115,1115,1115,1186,1165,1261,1261,1261
"Wisconsin","status_quo","Past",2020-09-10,"daily_cases",1115,1115,1115,1186,1165,1261,1261,1261
"Wisconsin","linear_increase_sd","Past",2020-09-10,"daily_deaths",6,6,6,8,7,9,9,9
"Wisconsin","return_normal","Past",2020-09-10,"daily_deaths",6,6,6,8,7,9,9,9
"Wisconsin","status_quo","Past",2020-09-10,"daily_deaths",6,6,6,8,7,9,9,9
"Wisconsin","linear_increase_sd","Past",2020-09-10,"daily_hosps",92,92,92,99,96,104,104,104
"Wisconsin","return_normal","Past",2020-09-10,"daily_hosps",92,92,92,99,96,104,104,104
"Wisconsin","status_quo","Past",2020-09-10,"daily_hosps",92,92,92,99,96,104,104,104
"Wisconsin","linear_increase_sd","Past",2020-09-10,"latent_trend",NA,NA,NA,0.895562395305138,NA,NA,NA,NA
"Wisconsin","return_normal","Past",2020-09-10,"latent_trend",NA,NA,NA,0.895562395305138,NA,NA,NA,NA
"Wisconsin","status_quo","Past",2020-09-10,"latent_trend",NA,NA,NA,0.895562395305138,NA,NA,NA,NA
"Wisconsin","linear_increase_sd","Past",2020-09-10,"mobility_trend",NA,NA,NA,0.712657218935198,NA,NA,NA,NA
"Wisconsin","return_normal","Past",2020-09-10,"mobility_trend",NA,NA,NA,0.712657218935198,NA,NA,NA,NA
"Wisconsin","status_quo","Past",2020-09-10,"mobility_trend",NA,NA,NA,0.712657218935198,NA,NA,NA,NA
"Wisconsin",NA,"Past",2020-09-11,"actual_cumulative_cases",NA,NA,NA,91624,NA,NA,NA,NA
"Wisconsin",NA,"Past",2020-09-11,"actual_cumulative_deaths",NA,NA,NA,1204,NA,NA,NA,NA
"Wisconsin",NA,"Past",2020-09-11,"actual_daily_cases",NA,NA,NA,1443,NA,NA,NA,NA
"Wisconsin",NA,"Past",2020-09-11,"actual_daily_deaths",NA,NA,NA,4,NA,NA,NA,NA
"Wisconsin","linear_increase_sd","Past",2020-09-11,"combined_trend",NA,NA,NA,0.638711356468894,NA,NA,NA,NA
"Wisconsin","return_normal","Past",2020-09-11,"combined_trend",NA,NA,NA,0.638711356468894,NA,NA,NA,NA
"Wisconsin","status_quo","Past",2020-09-11,"combined_trend",NA,NA,NA,0.638711356468894,NA,NA,NA,NA
"Wisconsin","linear_increase_sd","Past",2020-09-11,"cumulative_all_infections",278020,278020,278020,285948,281381,302613,302613,302613
"Wisconsin","return_normal","Past",2020-09-11,"cumulative_all_infections",278020,278020,278020,285948,281381,302613,302613,302613
"Wisconsin","status_quo","Past",2020-09-11,"cumulative_all_infections",278020,278020,278020,285948,281381,302613,302613,302613
"Wisconsin","linear_increase_sd","Past",2020-09-11,"cumulative_cases",85434,85434,85434,88257,86607,94463,94463,94463
"Wisconsin","return_normal","Past",2020-09-11,"cumulative_cases",85434,85434,85434,88257,86607,94463,94463,94463
"Wisconsin","status_quo","Past",2020-09-11,"cumulative_cases",85434,85434,85434,88257,86607,94463,94463,94463
"Wisconsin","linear_increase_sd","Past",2020-09-11,"cumulative_deaths",1198,1198,1198,1246,1235,1307,1307,1307
"Wisconsin","return_normal","Past",2020-09-11,"cumulative_deaths",1198,1198,1198,1246,1235,1307,1307,1307
"Wisconsin","status_quo","Past",2020-09-11,"cumulative_deaths",1198,1198,1198,1246,1235,1307,1307,1307
"Wisconsin","linear_increase_sd","Past",2020-09-11,"cumulative_hosps",9613,9613,9613,9889,9669,10595,10595,10595
"Wisconsin","return_normal","Past",2020-09-11,"cumulative_hosps",9613,9613,9613,9889,9669,10595,10595,10595
"Wisconsin","status_quo","Past",2020-09-11,"cumulative_hosps",9613,9613,9613,9889,9669,10595,10595,10595
"Wisconsin","linear_increase_sd","Past",2020-09-11,"daily_all_infections",4893,4893,4893,5633,5751,6317,6317,6317
"Wisconsin","return_normal","Past",2020-09-11,"daily_all_infections",4893,4893,4893,5633,5751,6317,6317,6317
"Wisconsin","status_quo","Past",2020-09-11,"daily_all_infections",4893,4893,4893,5633,5751,6317,6317,6317
"Wisconsin","linear_increase_sd","Past",2020-09-11,"daily_cases",1239,1239,1239,1319,1325,1379,1379,1379
"Wisconsin","return_normal","Past",2020-09-11,"daily_cases",1239,1239,1239,1319,1325,1379,1379,1379
"Wisconsin","status_quo","Past",2020-09-11,"daily_cases",1239,1239,1239,1319,1325,1379,1379,1379
"Wisconsin","linear_increase_sd","Past",2020-09-11,"daily_deaths",7,7,7,8,8,8,8,8
"Wisconsin","return_normal","Past",2020-09-11,"daily_deaths",7,7,7,8,8,8,8,8
"Wisconsin","status_quo","Past",2020-09-11,"daily_deaths",7,7,7,8,8,8,8,8
"Wisconsin","linear_increase_sd","Past",2020-09-11,"daily_hosps",97,97,97,104,102,109,109,109
"Wisconsin","return_normal","Past",2020-09-11,"daily_hosps",97,97,97,104,102,109,109,109
"Wisconsin","status_quo","Past",2020-09-11,"daily_hosps",97,97,97,104,102,109,109,109
"Wisconsin","linear_increase_sd","Past",2020-09-11,"latent_trend",NA,NA,NA,0.914388992053347,NA,NA,NA,NA
"Wisconsin","return_normal","Past",2020-09-11,"latent_trend",NA,NA,NA,0.914388992053347,NA,NA,NA,NA
"Wisconsin","status_quo","Past",2020-09-11,"latent_trend",NA,NA,NA,0.914388992053347,NA,NA,NA,NA
"Wisconsin","linear_increase_sd","Past",2020-09-11,"mobility_trend",NA,NA,NA,0.69851164222199,NA,NA,NA,NA
"Wisconsin","return_normal","Past",2020-09-11,"mobility_trend",NA,NA,NA,0.69851164222199,NA,NA,NA,NA
"Wisconsin","status_quo","Past",2020-09-11,"mobility_trend",NA,NA,NA,0.69851164222199,NA,NA,NA,NA
"Wisconsin",NA,"Past",2020-09-12,"actual_cumulative_cases",NA,NA,NA,93054,NA,NA,NA,NA
"Wisconsin",NA,"Past",2020-09-12,"actual_cumulative_deaths",NA,NA,NA,1216,NA,NA,NA,NA
"Wisconsin",NA,"Past",2020-09-12,"actual_daily_cases",NA,NA,NA,1430,NA,NA,NA,NA
"Wisconsin",NA,"Past",2020-09-12,"actual_daily_deaths",NA,NA,NA,12,NA,NA,NA,NA
"Wisconsin","linear_increase_sd","Past",2020-09-12,"combined_trend",NA,NA,NA,0.64859445521695,NA,NA,NA,NA
"Wisconsin","return_normal","Past",2020-09-12,"combined_trend",NA,NA,NA,0.64859445521695,NA,NA,NA,NA
"Wisconsin","status_quo","Past",2020-09-12,"combined_trend",NA,NA,NA,0.64859445521695,NA,NA,NA,NA
"Wisconsin","linear_increase_sd","Past",2020-09-12,"cumulative_all_infections",284270,284270,284270,291940,288274,307271,307271,307271
"Wisconsin","return_normal","Past",2020-09-12,"cumulative_all_infections",284270,284270,284270,291940,288274,307271,307271,307271
"Wisconsin","status_quo","Past",2020-09-12,"cumulative_all_infections",284270,284270,284270,291940,288274,307271,307271,307271
"Wisconsin","linear_increase_sd","Past",2020-09-12,"cumulative_cases",86856,86856,86856,89711,87994,95981,95981,95981
"Wisconsin","return_normal","Past",2020-09-12,"cumulative_cases",86856,86856,86856,89711,87994,95981,95981,95981
"Wisconsin","status_quo","Past",2020-09-12,"cumulative_cases",86856,86856,86856,89711,87994,95981,95981,95981
"Wisconsin","linear_increase_sd","Past",2020-09-12,"cumulative_deaths",1205,1205,1205,1253,1241,1314,1314,1314
"Wisconsin","return_normal","Past",2020-09-12,"cumulative_deaths",1205,1205,1205,1253,1241,1314,1314,1314
"Wisconsin","status_quo","Past",2020-09-12,"cumulative_deaths",1205,1205,1205,1253,1241,1314,1314,1314
"Wisconsin","linear_increase_sd","Past",2020-09-12,"cumulative_hosps",9724,9724,9724,10000,9777,10712,10712,10712
"Wisconsin","return_normal","Past",2020-09-12,"cumulative_hosps",9724,9724,9724,10000,9777,10712,10712,10712
"Wisconsin","status_quo","Past",2020-09-12,"cumulative_hosps",9724,9724,9724,10000,9777,10712,10712,10712
"Wisconsin","linear_increase_sd","Past",2020-09-12,"daily_all_infections",4658,4658,4658,5992,6250,6893,6893,6893
"Wisconsin","return_normal","Past",2020-09-12,"daily_all_infections",4658,4658,4658,5992,6250,6893,6893,6893
"Wisconsin","status_quo","Past",2020-09-12,"daily_all_infections",4658,4658,4658,5992,6250,6893,6893,6893
"Wisconsin","linear_increase_sd","Past",2020-09-12,"daily_cases",1350,1350,1350,1454,1422,1593,1593,1593
"Wisconsin","return_normal","Past",2020-09-12,"daily_cases",1350,1350,1350,1454,1422,1593,1593,1593
"Wisconsin","status_quo","Past",2020-09-12,"daily_cases",1350,1350,1350,1454,1422,1593,1593,1593
"Wisconsin","linear_increase_sd","Past",2020-09-12,"daily_deaths",6,6,6,7,7,8,8,8
"Wisconsin","return_normal","Past",2020-09-12,"daily_deaths",6,6,6,7,7,8,8,8
"Wisconsin","status_quo","Past",2020-09-12,"daily_deaths",6,6,6,7,7,8,8,8
"Wisconsin","linear_increase_sd","Past",2020-09-12,"daily_hosps",104,104,104,111,111,117,117,117
"Wisconsin","return_normal","Past",2020-09-12,"daily_hosps",104,104,104,111,111,117,117,117
"Wisconsin","status_quo","Past",2020-09-12,"daily_hosps",104,104,104,111,111,117,117,117
"Wisconsin","linear_increase_sd","Past",2020-09-12,"latent_trend",NA,NA,NA,0.928537788080022,NA,NA,NA,NA
"Wisconsin","return_normal","Past",2020-09-12,"latent_trend",NA,NA,NA,0.928537788080022,NA,NA,NA,NA
"Wisconsin","status_quo","Past",2020-09-12,"latent_trend",NA,NA,NA,0.928537788080022,NA,NA,NA,NA
"Wisconsin","linear_increase_sd","Past",2020-09-12,"mobility_trend",NA,NA,NA,0.69851164222199,NA,NA,NA,NA
"Wisconsin","return_normal","Past",2020-09-12,"mobility_trend",NA,NA,NA,0.69851164222199,NA,NA,NA,NA
"Wisconsin","status_quo","Past",2020-09-12,"mobility_trend",NA,NA,NA,0.69851164222199,NA,NA,NA,NA
"Wisconsin",NA,"Past",2020-09-13,"actual_cumulative_cases",NA,NA,NA,94678,NA,NA,NA,NA
"Wisconsin",NA,"Past",2020-09-13,"actual_cumulative_deaths",NA,NA,NA,1217,NA,NA,NA,NA
"Wisconsin",NA,"Past",2020-09-13,"actual_daily_cases",NA,NA,NA,1624,NA,NA,NA,NA
"Wisconsin",NA,"Past",2020-09-13,"actual_daily_deaths",NA,NA,NA,1,NA,NA,NA,NA
"Wisconsin","linear_increase_sd","Past",2020-09-13,"combined_trend",NA,NA,NA,0.6557875739918,NA,NA,NA,NA
"Wisconsin","return_normal","Past",2020-09-13,"combined_trend",NA,NA,NA,0.6557875739918,NA,NA,NA,NA
"Wisconsin","status_quo","Past",2020-09-13,"combined_trend",NA,NA,NA,0.6557875739918,NA,NA,NA,NA
"Wisconsin","linear_increase_sd","Past",2020-09-13,"cumulative_all_infections",291190,291190,291190,298378,295939,311423,311423,311423
"Wisconsin","return_normal","Past",2020-09-13,"cumulative_all_infections",291190,291190,291190,298378,295939,311423,311423,311423
"Wisconsin","status_quo","Past",2020-09-13,"cumulative_all_infections",291190,291190,291190,298378,295939,311423,311423,311423
"Wisconsin","linear_increase_sd","Past",2020-09-13,"cumulative_cases",88396,88396,88396,91251,89568,97527,97527,97527
"Wisconsin","return_normal","Past",2020-09-13,"cumulative_cases",88396,88396,88396,91251,89568,97527,97527,97527
"Wisconsin","status_quo","Past",2020-09-13,"cumulative_cases",88396,88396,88396,91251,89568,97527,97527,97527
"Wisconsin","linear_increase_sd","Past",2020-09-13,"cumulative_deaths",1212,1212,1212,1260,1249,1321,1321,1321
"Wisconsin","return_normal","Past",2020-09-13,"cumulative_deaths",1212,1212,1212,1260,1249,1321,1321,1321
"Wisconsin","status_quo","Past",2020-09-13,"cumulative_deaths",1212,1212,1212,1260,1249,1321,1321,1321
"Wisconsin","linear_increase_sd","Past",2020-09-13,"cumulative_hosps",9840,9840,9840,10119,9894,10836,10836,10836
"Wisconsin","return_normal","Past",2020-09-13,"cumulative_hosps",9840,9840,9840,10119,9894,10836,10836,10836
"Wisconsin","status_quo","Past",2020-09-13,"cumulative_hosps",9840,9840,9840,10119,9894,10836,10836,10836
"Wisconsin","linear_increase_sd","Past",2020-09-13,"daily_all_infections",4152,4152,4152,6439,6920,7665,7665,7665
"Wisconsin","return_normal","Past",2020-09-13,"daily_all_infections",4152,4152,4152,6439,6920,7665,7665,7665
"Wisconsin","status_quo","Past",2020-09-13,"daily_all_infections",4152,4152,4152,6439,6920,7665,7665,7665
"Wisconsin","linear_increase_sd","Past",2020-09-13,"daily_cases",1451,1451,1451,1540,1546,1589,1589,1589
"Wisconsin","return_normal","Past",2020-09-13,"daily_cases",1451,1451,1451,1540,1546,1589,1589,1589
"Wisconsin","status_quo","Past",2020-09-13,"daily_cases",1451,1451,1451,1540,1546,1589,1589,1589
"Wisconsin","linear_increase_sd","Past",2020-09-13,"daily_deaths",7,7,7,8,7,8,8,8
"Wisconsin","return_normal","Past",2020-09-13,"daily_deaths",7,7,7,8,7,8,8,8
"Wisconsin","status_quo","Past",2020-09-13,"daily_deaths",7,7,7,8,7,8,8,8
"Wisconsin","linear_increase_sd","Past",2020-09-13,"daily_hosps",111,111,111,119,121,124,124,124
"Wisconsin","return_normal","Past",2020-09-13,"daily_hosps",111,111,111,119,121,124,124,124
"Wisconsin","status_quo","Past",2020-09-13,"daily_hosps",111,111,111,119,121,124,124,124
"Wisconsin","linear_increase_sd","Past",2020-09-13,"latent_trend",NA,NA,NA,0.938835567444111,NA,NA,NA,NA
"Wisconsin","return_normal","Past",2020-09-13,"latent_trend",NA,NA,NA,0.938835567444111,NA,NA,NA,NA
"Wisconsin","status_quo","Past",2020-09-13,"latent_trend",NA,NA,NA,0.938835567444111,NA,NA,NA,NA
"Wisconsin","linear_increase_sd","Past",2020-09-13,"mobility_trend",NA,NA,NA,0.69851164222199,NA,NA,NA,NA
"Wisconsin","return_normal","Past",2020-09-13,"mobility_trend",NA,NA,NA,0.69851164222199,NA,NA,NA,NA
"Wisconsin","status_quo","Past",2020-09-13,"mobility_trend",NA,NA,NA,0.69851164222199,NA,NA,NA,NA
"Wisconsin","linear_increase_sd","Future",2020-09-14,"combined_trend",NA,NA,NA,0.6557875739918,NA,NA,NA,NA
"Wisconsin","return_normal","Future",2020-09-14,"combined_trend",NA,NA,NA,0.6557875739918,NA,NA,NA,NA
"Wisconsin","status_quo","Future",2020-09-14,"combined_trend",NA,NA,NA,0.6557875739918,NA,NA,NA,NA
"Wisconsin","linear_increase_sd","Future",2020-09-14,"cumulative_all_infections",265669,265625,265608,300086,300076,323123,323179,323224
"Wisconsin","return_normal","Future",2020-09-14,"cumulative_all_infections",265655,265622,265590,300093,300088,323105,323193,323230
"Wisconsin","status_quo","Future",2020-09-14,"cumulative_all_infections",265666,265635,265590,300099,300085,323130,323197,323239
"Wisconsin","linear_increase_sd","Future",2020-09-14,"cumulative_cases",90109,89807,89612,93072,91945,98968,99313,99500
"Wisconsin","return_normal","Future",2020-09-14,"cumulative_cases",90089,89870,89672,93080,91958,98926,99173,99428
"Wisconsin","status_quo","Future",2020-09-14,"cumulative_cases",90073,89741,89600,93057,91850,98916,99170,99383
"Wisconsin","linear_increase_sd","Future",2020-09-14,"cumulative_deaths",1218,1216,1214,1268,1255,1327,1331,1337
"Wisconsin","return_normal","Future",2020-09-14,"cumulative_deaths",1217,1214,1213,1269,1256,1328,1334,1339
"Wisconsin","status_quo","Future",2020-09-14,"cumulative_deaths",1217,1215,1213,1268,1255,1328,1333,1336
"Wisconsin","linear_increase_sd","Future",2020-09-14,"cumulative_hosps",10000,9992,9987,10288,10082,10989,10995,11000
"Wisconsin","return_normal","Future",2020-09-14,"cumulative_hosps",9998,9990,9987,10287,10083,10989,10995,10999
"Wisconsin","status_quo","Future",2020-09-14,"cumulative_hosps",10000,9993,9985,10287,10081,10986,10996,11002
"Wisconsin","linear_increase_sd","Future",2020-09-14,"daily_all_infections",0,0,0,0,0,0,0,0
"Wisconsin","return_normal","Future",2020-09-14,"daily_all_infections",0,0,0,0,0,0,0,0
"Wisconsin","status_quo","Future",2020-09-14,"daily_all_infections",0,0,0,0,0,0,0,0
"Wisconsin","linear_increase_sd","Future",2020-09-14,"daily_cases",1149,1020,878,1822,1774,2566,2877,3044
"Wisconsin","return_normal","Future",2020-09-14,"daily_cases",1162,967,889,1829,1711,2720,3020,3346
"Wisconsin","status_quo","Future",2020-09-14,"daily_cases",1133,1028,897,1806,1745,2530,2781,3039
"Wisconsin","linear_increase_sd","Future",2020-09-14,"daily_deaths",1,0,0,8,6,18,23,27
"Wisconsin","return_normal","Future",2020-09-14,"daily_deaths",1,1,0,9,7,19,26,35
"Wisconsin","status_quo","Future",2020-09-14,"daily_deaths",1,0,0,8,6,16,21,27
"Wisconsin","linear_increase_sd","Future",2020-09-14,"daily_hosps",147,141,136,169,168,193,200,205
"Wisconsin","return_normal","Future",2020-09-14,"daily_hosps",147,142,138,169,167,195,202,206
"Wisconsin","status_quo","Future",2020-09-14,"daily_hosps",145,141,137,169,166,195,202,206
"Wisconsin","linear_increase_sd","Future",2020-09-14,"latent_trend",NA,NA,NA,0.938835567444111,NA,NA,NA,NA
"Wisconsin","return_normal","Future",2020-09-14,"latent_trend",NA,NA,NA,0.938835567444111,NA,NA,NA,NA
"Wisconsin","status_quo","Future",2020-09-14,"latent_trend",NA,NA,NA,0.938835567444111,NA,NA,NA,NA
"Wisconsin","linear_increase_sd","Future",2020-09-14,"mobility_trend",NA,NA,NA,0.69851164222199,NA,NA,NA,NA
"Wisconsin","return_normal","Future",2020-09-14,"mobility_trend",NA,NA,NA,0.69851164222199,NA,NA,NA,NA
"Wisconsin","status_quo","Future",2020-09-14,"mobility_trend",NA,NA,NA,0.69851164222199,NA,NA,NA,NA
"Wisconsin","linear_increase_sd","Future",2020-09-15,"combined_trend",NA,NA,NA,0.616949148565024,NA,NA,NA,NA
"Wisconsin","return_normal","Future",2020-09-15,"combined_trend",NA,NA,NA,0.666690850332855,NA,NA,NA,NA
"Wisconsin","status_quo","Future",2020-09-15,"combined_trend",NA,NA,NA,0.645267216077045,NA,NA,NA,NA
"Wisconsin","linear_increase_sd","Future",2020-09-15,"cumulative_all_infections",269812,269736,269705,308820,309577,334115,334199,334287
"Wisconsin","return_normal","Future",2020-09-15,"cumulative_all_infections",269823,269753,269731,308835,309594,334108,334242,334308
"Wisconsin","status_quo","Future",2020-09-15,"cumulative_all_infections",269833,269766,269719,308829,309557,334118,334235,334297
"Wisconsin","linear_increase_sd","Future",2020-09-15,"cumulative_cases",92024,91708,91396,95166,94368,100435,100868,101155
"Wisconsin","return_normal","Future",2020-09-15,"cumulative_cases",92211,91664,91345,95134,94402,100378,100772,100994
"Wisconsin","status_quo","Future",2020-09-15,"cumulative_cases",92036,91673,91453,95079,94291,100388,100752,101118
"Wisconsin","linear_increase_sd","Future",2020-09-15,"cumulative_deaths",1225,1220,1217,1276,1264,1335,1339,1344
"Wisconsin","return_normal","Future",2020-09-15,"cumulative_deaths",1225,1220,1218,1277,1264,1336,1342,1349
"Wisconsin","status_quo","Future",2020-09-15,"cumulative_deaths",1224,1220,1217,1276,1265,1336,1344,1351
"Wisconsin","linear_increase_sd","Future",2020-09-15,"cumulative_hosps",10161,10147,10139,10458,10272,11141,11149,11160
"Wisconsin","return_normal","Future",2020-09-15,"cumulative_hosps",10157,10146,10139,10457,10273,11141,11151,11161
"Wisconsin","status_quo","Future",2020-09-15,"cumulative_hosps",10165,10153,10143,10457,10275,11137,11150,11159
"Wisconsin","linear_increase_sd","Future",2020-09-15,"daily_all_infections",4137,4092,4049,8735,9486,10995,11077,11110
"Wisconsin","return_normal","Future",2020-09-15,"daily_all_infections",4155,4114,4094,8743,9479,11016,11067,11124
"Wisconsin","status_quo","Future",2020-09-15,"daily_all_infections",4163,4120,4088,8730,9470,11009,11064,11113
"Wisconsin","linear_increase_sd","Future",2020-09-15,"daily_cases",1243,1139,1017,2094,2026,3046,3386,3681
"Wisconsin","return_normal","Future",2020-09-15,"daily_cases",1260,1086,989,2055,1972,2920,3333,3529
"Wisconsin","status_quo","Future",2020-09-15,"daily_cases",1230,1090,1028,2023,1927,2930,3232,3489
"Wisconsin","linear_increase_sd","Future",2020-09-15,"daily_deaths",1,0,0,9,6,18,25,28
"Wisconsin","return_normal","Future",2020-09-15,"daily_deaths",1,0,0,9,6,18,24,28
"Wisconsin","status_quo","Future",2020-09-15,"daily_deaths",1,0,0,9,6,18,22,27
"Wisconsin","linear_increase_sd","Future",2020-09-15,"daily_hosps",146,142,137,171,169,195,202,208
"Wisconsin","return_normal","Future",2020-09-15,"daily_hosps",146,140,136,170,169,194,201,207
"Wisconsin","status_quo","Future",2020-09-15,"daily_hosps",146,139,136,171,171,197,203,209
"Wisconsin","linear_increase_sd","Future",2020-09-15,"latent_trend",NA,NA,NA,0.923774461402572,NA,NA,NA,NA
"Wisconsin","return_normal","Future",2020-09-15,"latent_trend",NA,NA,NA,0.923774461402572,NA,NA,NA,NA
"Wisconsin","status_quo","Future",2020-09-15,"latent_trend",NA,NA,NA,0.923774461402572,NA,NA,NA,NA
"Wisconsin","linear_increase_sd","Future",2020-09-15,"mobility_trend",NA,NA,NA,0.667856900512606,NA,NA,NA,NA
"Wisconsin","return_normal","Future",2020-09-15,"mobility_trend",NA,NA,NA,0.72170305435876,NA,NA,NA,NA
"Wisconsin","status_quo","Future",2020-09-15,"mobility_trend",NA,NA,NA,0.69851164222199,NA,NA,NA,NA
"Wisconsin","linear_increase_sd","Future",2020-09-16,"combined_trend",NA,NA,NA,0.576909130691442,NA,NA,NA,NA
"Wisconsin","return_normal","Future",2020-09-16,"combined_trend",NA,NA,NA,0.674411430008213,NA,NA,NA,NA
"Wisconsin","status_quo","Future",2020-09-16,"combined_trend",NA,NA,NA,0.632417418435937,NA,NA,NA,NA
"Wisconsin","linear_increase_sd","Future",2020-09-16,"cumulative_all_infections",273720,273633,273595,317677,319330,345329,345449,345540
"Wisconsin","return_normal","Future",2020-09-16,"cumulative_all_infections",274046,273958,273885,318421,320118,346274,346388,346498
"Wisconsin","status_quo","Future",2020-09-16,"cumulative_all_infections",273922,273830,273774,318105,319770,345874,346023,346107
"Wisconsin","linear_increase_sd","Future",2020-09-16,"cumulative_cases",94360,93858,93345,97399,96780,101837,102250,102633
"Wisconsin","return_normal","Future",2020-09-16,"cumulative_cases",94445,93727,93332,97373,96821,101764,102132,102357
"Wisconsin","status_quo","Future",2020-09-16,"cumulative_cases",94254,93656,93191,97333,96848,101873,102272,102443
"Wisconsin","linear_increase_sd","Future",2020-09-16,"cumulative_deaths",1234,1227,1224,1285,1274,1342,1351,1358
"Wisconsin","return_normal","Future",2020-09-16,"cumulative_deaths",1233,1225,1222,1286,1274,1343,1353,1358
"Wisconsin","status_quo","Future",2020-09-16,"cumulative_deaths",1232,1227,1224,1284,1274,1344,1350,1361
"Wisconsin","linear_increase_sd","Future",2020-09-16,"cumulative_hosps",10326,10311,10301,10633,10468,11297,11310,11317
"Wisconsin","return_normal","Future",2020-09-16,"cumulative_hosps",10322,10309,10299,10630,10470,11291,11307,11321
"Wisconsin","status_quo","Future",2020-09-16,"cumulative_hosps",10332,10317,10303,10631,10469,11292,11304,11311
"Wisconsin","linear_increase_sd","Future",2020-09-16,"daily_all_infections",3905,3869,3839,8858,9745,11242,11316,11351
"Wisconsin","return_normal","Future",2020-09-16,"daily_all_infections",4222,4167,4129,9587,10578,12165,12224,12293
"Wisconsin","status_quo","Future",2020-09-16,"daily_all_infections",4076,4037,4011,9277,10210,11758,11834,11876
"Wisconsin","linear_increase_sd","Future",2020-09-16,"daily_cases",1388,1177,1049,2233,2166,3252,3759,4005
"Wisconsin","return_normal","Future",2020-09-16,"daily_cases",1209,1057,934,2239,2175,3335,3656,3967
"Wisconsin","status_quo","Future",2020-09-16,"daily_cases",1243,1108,1009,2254,2167,3340,3649,3973
"Wisconsin","linear_increase_sd","Future",2020-09-16,"daily_deaths",1,0,0,9,6,20,24,28
"Wisconsin","return_normal","Future",2020-09-16,"daily_deaths",1,0,0,9,6,18,23,31
"Wisconsin","status_quo","Future",2020-09-16,"daily_deaths",1,0,0,9,6,17,22,28
"Wisconsin","linear_increase_sd","Future",2020-09-16,"daily_hosps",151,144,141,176,174,201,209,216
"Wisconsin","return_normal","Future",2020-09-16,"daily_hosps",148,143,138,173,171,200,207,216
"Wisconsin","status_quo","Future",2020-09-16,"daily_hosps",147,141,137,174,172,200,210,217
"Wisconsin","linear_increase_sd","Future",2020-09-16,"latent_trend",NA,NA,NA,0.905378493655732,NA,NA,NA,NA
"Wisconsin","return_normal","Future",2020-09-16,"latent_trend",NA,NA,NA,0.905378493655732,NA,NA,NA,NA
"Wisconsin","status_quo","Future",2020-09-16,"latent_trend",NA,NA,NA,0.905378493655732,NA,NA,NA,NA
"Wisconsin","linear_increase_sd","Future",2020-09-16,"mobility_trend",NA,NA,NA,0.637202158803222,NA,NA,NA,NA
"Wisconsin","return_normal","Future",2020-09-16,"mobility_trend",NA,NA,NA,0.74489446649553,NA,NA,NA,NA
"Wisconsin","status_quo","Future",2020-09-16,"mobility_trend",NA,NA,NA,0.69851164222199,NA,NA,NA,NA
"Wisconsin","linear_increase_sd","Future",2020-09-17,"combined_trend",NA,NA,NA,0.535644880106188,NA,NA,NA,NA
"Wisconsin","return_normal","Future",2020-09-17,"combined_trend",NA,NA,NA,0.678300256132496,NA,NA,NA,NA
"Wisconsin","status_quo","Future",2020-09-17,"combined_trend",NA,NA,NA,0.616858920351958,NA,NA,NA,NA
"Wisconsin","linear_increase_sd","Future",2020-09-17,"cumulative_all_infections",277380,277299,277230,326617,329248,356708,356872,356982
"Wisconsin","return_normal","Future",2020-09-17,"cumulative_all_infections",278330,278242,278190,328940,331784,359703,359879,359967
"Wisconsin","status_quo","Future",2020-09-17,"cumulative_all_infections",277946,277835,277756,327941,330676,358394,358615,358714
"Wisconsin","linear_increase_sd","Future",2020-09-17,"cumulative_cases",96669,96054,95529,99805,99696,103446,103873,104182
"Wisconsin","return_normal","Future",2020-09-17,"cumulative_cases",97020,96180,95652,99795,99425,103213,103594,103832
"Wisconsin","status_quo","Future",2020-09-17,"cumulative_cases",96589,96038,95585,99744,99498,103364,103802,104176
"Wisconsin","linear_increase_sd","Future",2020-09-17,"cumulative_deaths",1241,1233,1230,1294,1285,1350,1359,1370
"Wisconsin","return_normal","Future",2020-09-17,"cumulative_deaths",1241,1233,1228,1295,1285,1354,1362,1370
"Wisconsin","status_quo","Future",2020-09-17,"cumulative_deaths",1239,1232,1230,1293,1286,1351,1361,1370
"Wisconsin","linear_increase_sd","Future",2020-09-17,"cumulative_hosps",10501,10487,10479,10815,10674,11449,11465,11476
"Wisconsin","return_normal","Future",2020-09-17,"cumulative_hosps",10498,10478,10467,10812,10673,11449,11467,11479
"Wisconsin","status_quo","Future",2020-09-17,"cumulative_hosps",10503,10490,10479,10814,10678,11446,11459,11471
"Wisconsin","linear_increase_sd","Future",2020-09-17,"daily_all_infections",3662,3630,3600,8940,9936,11464,11514,11562
"Wisconsin","return_normal","Future",2020-09-17,"daily_all_infections",4309,4259,4229,10519,11671,13524,13568,13614
"Wisconsin","status_quo","Future",2020-09-17,"daily_all_infections",4042,3978,3943,9836,10904,12636,12695,12741
"Wisconsin","linear_increase_sd","Future",2020-09-17,"daily_cases",1280,1081,939,2407,2347,3653,4028,4442
"Wisconsin","return_normal","Future",2020-09-17,"daily_cases",1343,1194,1043,2422,2316,3649,4007,4393
"Wisconsin","status_quo","Future",2020-09-17,"daily_cases",1341,1182,1010,2412,2341,3542,3911,4369
"Wisconsin","linear_increase_sd","Future",2020-09-17,"daily_deaths",1,0,0,9,7,20,25,28
"Wisconsin","return_normal","Future",2020-09-17,"daily_deaths",1,1,0,9,6,20,26,30
"Wisconsin","status_quo","Future",2020-09-17,"daily_deaths",1,1,0,9,6,21,25,30
"Wisconsin","linear_increase_sd","Future",2020-09-17,"daily_hosps",153,145,140,183,182,213,220,227
"Wisconsin","return_normal","Future",2020-09-17,"daily_hosps",154,148,142,183,182,212,217,222
"Wisconsin","status_quo","Future",2020-09-17,"daily_hosps",153,146,140,184,183,213,221,229
"Wisconsin","linear_increase_sd","Future",2020-09-17,"latent_trend",NA,NA,NA,0.883104708734286,NA,NA,NA,NA
"Wisconsin","return_normal","Future",2020-09-17,"latent_trend",NA,NA,NA,0.883104708734286,NA,NA,NA,NA
"Wisconsin","status_quo","Future",2020-09-17,"latent_trend",NA,NA,NA,0.883104708734286,NA,NA,NA,NA
"Wisconsin","linear_increase_sd","Future",2020-09-17,"mobility_trend",NA,NA,NA,0.606547417093839,NA,NA,NA,NA
"Wisconsin","return_normal","Future",2020-09-17,"mobility_trend",NA,NA,NA,0.7680858786323,NA,NA,NA,NA
"Wisconsin","status_quo","Future",2020-09-17,"mobility_trend",NA,NA,NA,0.69851164222199,NA,NA,NA,NA
"Wisconsin","linear_increase_sd","Future",2020-09-18,"combined_trend",NA,NA,NA,0.493205548126017,NA,NA,NA,NA
"Wisconsin","return_normal","Future",2020-09-18,"combined_trend",NA,NA,NA,0.677665069542511,NA,NA,NA,NA
"Wisconsin","status_quo","Future",2020-09-18,"combined_trend",NA,NA,NA,0.598218786416259,NA,NA,NA,NA
"Wisconsin","linear_increase_sd","Future",2020-09-18,"cumulative_all_infections",280807,280696,280646,335574,339425,368226,368399,368496
"Wisconsin","return_normal","Future",2020-09-18,"cumulative_all_infections",282734,282583,282524,340471,345675,374540,374705,374794
"Wisconsin","status_quo","Future",2020-09-18,"cumulative_all_infections",281927,281776,281695,338361,342892,371761,372020,372145
"Wisconsin","linear_increase_sd","Future",2020-09-18,"cumulative_cases",99412,98486,98161,102370,102339,105186,105716,106158
"Wisconsin","return_normal","Future",2020-09-18,"cumulative_cases",99500,98714,97805,102361,102350,105113,105615,105975
"Wisconsin","status_quo","Future",2020-09-18,"cumulative_cases",99239,98438,97897,102295,102374,105042,105610,106289
"Wisconsin","linear_increase_sd","Future",2020-09-18,"cumulative_deaths",1250,1239,1236,1303,1295,1360,1373,1381
"Wisconsin","return_normal","Future",2020-09-18,"cumulative_deaths",1249,1238,1234,1304,1298,1363,1370,1379
"Wisconsin","status_quo","Future",2020-09-18,"cumulative_deaths",1248,1241,1236,1303,1300,1360,1371,1380
"Wisconsin","linear_increase_sd","Future",2020-09-18,"cumulative_hosps",10697,10671,10664,11011,10903,11608,11626,11641
"Wisconsin","return_normal","Future",2020-09-18,"cumulative_hosps",10689,10672,10656,11007,10898,11605,11628,11646
"Wisconsin","status_quo","Future",2020-09-18,"cumulative_hosps",10695,10681,10670,11009,10896,11604,11616,11636
"Wisconsin","linear_increase_sd","Future",2020-09-18,"daily_all_infections",3418,3388,3367,8958,10029,11641,11684,11771
"Wisconsin","return_normal","Future",2020-09-18,"daily_all_infections",4365,4318,4281,11531,12921,15002,15090,15155
"Wisconsin","status_quo","Future",2020-09-18,"daily_all_infections",3960,3923,3885,10420,11687,13571,13627,13683
"Wisconsin","linear_increase_sd","Future",2020-09-18,"daily_cases",1381,1218,1093,2565,2518,3874,4223,4566
"Wisconsin","return_normal","Future",2020-09-18,"daily_cases",1379,1188,1075,2566,2492,3822,4189,4551
"Wisconsin","status_quo","Future",2020-09-18,"daily_cases",1345,1192,1044,2551,2462,3807,4160,4582
"Wisconsin","linear_increase_sd","Future",2020-09-18,"daily_deaths",1,1,0,9,7,19,24,29
"Wisconsin","return_normal","Future",2020-09-18,"daily_deaths",2,1,0,10,7,19,25,30
"Wisconsin","status_quo","Future",2020-09-18,"daily_deaths",1,1,0,10,8,20,25,33
"Wisconsin","linear_increase_sd","Future",2020-09-18,"daily_hosps",158,150,144,196,196,232,238,245
"Wisconsin","return_normal","Future",2020-09-18,"daily_hosps",159,153,148,196,197,227,236,242
"Wisconsin","status_quo","Future",2020-09-18,"daily_hosps",159,150,146,195,196,227,234,239
"Wisconsin","linear_increase_sd","Future",2020-09-18,"latent_trend",NA,NA,NA,0.856419206576577,NA,NA,NA,NA
"Wisconsin","return_normal","Future",2020-09-18,"latent_trend",NA,NA,NA,0.856419206576577,NA,NA,NA,NA
"Wisconsin","status_quo","Future",2020-09-18,"latent_trend",NA,NA,NA,0.856419206576577,NA,NA,NA,NA
"Wisconsin","linear_increase_sd","Future",2020-09-18,"mobility_trend",NA,NA,NA,0.575892675384455,NA,NA,NA,NA
"Wisconsin","return_normal","Future",2020-09-18,"mobility_trend",NA,NA,NA,0.79127729076907,NA,NA,NA,NA
"Wisconsin","status_quo","Future",2020-09-18,"mobility_trend",NA,NA,NA,0.69851164222199,NA,NA,NA,NA
"Wisconsin","linear_increase_sd","Future",2020-09-19,"combined_trend",NA,NA,NA,0.44973952393099,NA,NA,NA,NA
"Wisconsin","return_normal","Future",2020-09-19,"combined_trend",NA,NA,NA,0.671814531011438,NA,NA,NA,NA
"Wisconsin","status_quo","Future",2020-09-19,"combined_trend",NA,NA,NA,0.576167346456832,NA,NA,NA,NA
"Wisconsin","linear_increase_sd","Future",2020-09-19,"cumulative_all_infections",283981,283844,283771,344463,351004,379669,379861,379987
"Wisconsin","return_normal","Future",2020-09-19,"cumulative_all_infections",287190,287049,286937,353114,362471,390849,391027,391162
"Wisconsin","status_quo","Future",2020-09-19,"cumulative_all_infections",285838,285685,285586,349363,357416,385905,386191,386457
"Wisconsin","linear_increase_sd","Future",2020-09-19,"cumulative_cases",102192,101377,100728,105109,105265,107717,108477,109253
"Wisconsin","return_normal","Future",2020-09-19,"cumulative_cases",102441,101335,100827,105133,105364,107580,108633,109786
"Wisconsin","status_quo","Future",2020-09-19,"cumulative_cases",102113,101158,100901,105100,105291,107697,108441,109012
"Wisconsin","linear_increase_sd","Future",2020-09-19,"cumulative_deaths",1259,1247,1241,1312,1308,1369,1383,1392
"Wisconsin","return_normal","Future",2020-09-19,"cumulative_deaths",1261,1247,1243,1314,1310,1373,1383,1389
"Wisconsin","status_quo","Future",2020-09-19,"cumulative_deaths",1259,1249,1243,1313,1309,1371,1380,1393
"Wisconsin","linear_increase_sd","Future",2020-09-19,"cumulative_hosps",10906,10877,10861,11222,11149,11770,11788,11805
"Wisconsin","return_normal","Future",2020-09-19,"cumulative_hosps",10901,10882,10858,11219,11151,11768,11790,11808
"Wisconsin","status_quo","Future",2020-09-19,"cumulative_hosps",10905,10889,10873,11220,11142,11765,11780,11798
"Wisconsin","linear_increase_sd","Future",2020-09-19,"daily_all_infections",3168,3125,3093,8889,10034,11764,11835,11872
"Wisconsin","return_normal","Future",2020-09-19,"daily_all_infections",4467,4426,4401,12644,14286,16766,16864,16915
"Wisconsin","status_quo","Future",2020-09-19,"daily_all_infections",3906,3859,3827,11002,12403,14545,14688,14754
"Wisconsin","linear_increase_sd","Future",2020-09-19,"daily_cases",1349,1201,1006,2740,2733,4165,4717,5067
"Wisconsin","return_normal","Future",2020-09-19,"daily_cases",1486,1261,1108,2773,2735,4079,4728,5197
"Wisconsin","status_quo","Future",2020-09-19,"daily_cases",1413,1232,1101,2806,2744,4193,4583,5003
"Wisconsin","linear_increase_sd","Future",2020-09-19,"daily_deaths",2,1,0,10,8,23,26,31
"Wisconsin","return_normal","Future",2020-09-19,"daily_deaths",2,1,1,11,8,23,28,34
"Wisconsin","status_quo","Future",2020-09-19,"daily_deaths",2,1,0,11,8,23,30,34
"Wisconsin","linear_increase_sd","Future",2020-09-19,"daily_hosps",160,151,147,211,214,252,261,266
"Wisconsin","return_normal","Future",2020-09-19,"daily_hosps",162,151,145,212,214,257,264,268
"Wisconsin","status_quo","Future",2020-09-19,"daily_hosps",162,152,147,212,213,253,260,268
"Wisconsin","linear_increase_sd","Future",2020-09-19,"latent_trend",NA,NA,NA,0.824850026298808,NA,NA,NA,NA
"Wisconsin","return_normal","Future",2020-09-19,"latent_trend",NA,NA,NA,0.824850026298808,NA,NA,NA,NA
"Wisconsin","status_quo","Future",2020-09-19,"latent_trend",NA,NA,NA,0.824850026298808,NA,NA,NA,NA
"Wisconsin","linear_increase_sd","Future",2020-09-19,"mobility_trend",NA,NA,NA,0.545237933675071,NA,NA,NA,NA
"Wisconsin","return_normal","Future",2020-09-19,"mobility_trend",NA,NA,NA,0.81446870290584,NA,NA,NA,NA
"Wisconsin","status_quo","Future",2020-09-19,"mobility_trend",NA,NA,NA,0.69851164222199,NA,NA,NA,NA
"Wisconsin","linear_increase_sd","Future",2020-09-20,"combined_trend",NA,NA,NA,0.405521129734236,NA,NA,NA,NA
"Wisconsin","return_normal","Future",2020-09-20,"combined_trend",NA,NA,NA,0.660124313209283,NA,NA,NA,NA
"Wisconsin","status_quo","Future",2020-09-20,"combined_trend",NA,NA,NA,0.550467319393647,NA,NA,NA,NA
"Wisconsin","linear_increase_sd","Future",2020-09-20,"cumulative_all_infections",286868,286770,286684,353139,362716,390888,391094,391270
"Wisconsin","return_normal","Future",2020-09-20,"cumulative_all_infections",291711,291569,291465,366903,378462,408669,408922,409100
"Wisconsin","status_quo","Future",2020-09-20,"cumulative_all_infections",289660,289466,289351,360869,372771,400820,401073,401397
"Wisconsin","linear_increase_sd","Future",2020-09-20,"cumulative_cases",105171,104365,103727,107990,107777,111123,112199,113042
"Wisconsin","return_normal","Future",2020-09-20,"cumulative_cases",105541,104513,103925,108215,107913,111416,112864,113634
"Wisconsin","status_quo","Future",2020-09-20,"cumulative_cases",105085,104458,103879,108121,107953,111334,112264,113283
"Wisconsin","linear_increase_sd","Future",2020-09-20,"cumulative_deaths",1270,1258,1249,1324,1319,1384,1395,1410
"Wisconsin","return_normal","Future",2020-09-20,"cumulative_deaths",1271,1261,1252,1326,1323,1384,1395,1404
"Wisconsin","status_quo","Future",2020-09-20,"cumulative_deaths",1270,1256,1251,1325,1321,1383,1399,1408
"Wisconsin","linear_increase_sd","Future",2020-09-20,"cumulative_hosps",11132,11112,11094,11452,11416,11938,11957,11970
"Wisconsin","return_normal","Future",2020-09-20,"cumulative_hosps",11130,11109,11091,11448,11414,11931,11958,11979
"Wisconsin","status_quo","Future",2020-09-20,"cumulative_hosps",11138,11116,11103,11450,11407,11924,11948,11961
"Wisconsin","linear_increase_sd","Future",2020-09-20,"daily_all_infections",2913,2882,2853,8677,9848,11696,11779,11830
"Wisconsin","return_normal","Future",2020-09-20,"daily_all_infections",4547,4505,4458,13789,15661,18661,18776,18838
"Wisconsin","status_quo","Future",2020-09-20,"daily_all_infections",3830,3778,3739,11507,13049,15539,15623,15659
"Wisconsin","linear_increase_sd","Future",2020-09-20,"daily_cases",1440,1255,1005,2881,2859,4327,4796,5169
"Wisconsin","return_normal","Future",2020-09-20,"daily_cases",1474,1259,1030,3082,2992,4692,5209,5653
"Wisconsin","status_quo","Future",2020-09-20,"daily_cases",1457,1162,1017,3022,2948,4593,5296,5637
"Wisconsin","linear_increase_sd","Future",2020-09-20,"daily_deaths",2,1,0,12,9,24,30,36
"Wisconsin","return_normal","Future",2020-09-20,"daily_deaths",2,1,1,12,9,26,31,39
"Wisconsin","status_quo","Future",2020-09-20,"daily_deaths",2,1,0,12,8,25,33,38
"Wisconsin","linear_increase_sd","Future",2020-09-20,"daily_hosps",164,158,153,231,234,279,289,294
"Wisconsin","return_normal","Future",2020-09-20,"daily_hosps",163,156,149,230,233,277,290,297
"Wisconsin","status_quo","Future",2020-09-20,"daily_hosps",163,154,146,230,236,277,285,290
"Wisconsin","linear_increase_sd","Future",2020-09-20,"latent_trend",NA,NA,NA,0.788057472660858,NA,NA,NA,NA
"Wisconsin","return_normal","Future",2020-09-20,"latent_trend",NA,NA,NA,0.788057472660858,NA,NA,NA,NA
"Wisconsin","status_quo","Future",2020-09-20,"latent_trend",NA,NA,NA,0.788057472660858,NA,NA,NA,NA
"Wisconsin","linear_increase_sd","Future",2020-09-20,"mobility_trend",NA,NA,NA,0.514583191965687,NA,NA,NA,NA
"Wisconsin","return_normal","Future",2020-09-20,"mobility_trend",NA,NA,NA,0.83766011504261,NA,NA,NA,NA
"Wisconsin","status_quo","Future",2020-09-20,"mobility_trend",NA,NA,NA,0.69851164222199,NA,NA,NA,NA
"Wisconsin","linear_increase_sd","Future",2020-09-21,"combined_trend",NA,NA,NA,0.360970405596637,NA,NA,NA,NA
"Wisconsin","return_normal","Future",2020-09-21,"combined_trend",NA,NA,NA,0.642123695682382,NA,NA,NA,NA
"Wisconsin","status_quo","Future",2020-09-21,"combined_trend",NA,NA,NA,0.521031633236903,NA,NA,NA,NA
"Wisconsin","linear_increase_sd","Future",2020-09-21,"cumulative_all_infections",289516,289387,289279,361423,373277,401617,401835,402026
"Wisconsin","return_normal","Future",2020-09-21,"cumulative_all_infections",296345,296148,296041,381831,391911,427985,428339,428460
"Wisconsin","status_quo","Future",2020-09-21,"cumulative_all_infections",293415,293211,293073,372788,383494,416282,416502,416851
"Wisconsin","linear_increase_sd","Future",2020-09-21,"cumulative_cases",107918,107343,106825,111066,110413,115159,116347,117451
"Wisconsin","return_normal","Future",2020-09-21,"cumulative_cases",108173,107626,107035,111574,111007,115964,117169,117823
"Wisconsin","status_quo","Future",2020-09-21,"cumulative_cases",108054,107415,106784,111331,110901,115392,116884,117561
"Wisconsin","linear_increase_sd","Future",2020-09-21,"cumulative_deaths",1280,1265,1260,1336,1331,1395,1406,1420
"Wisconsin","return_normal","Future",2020-09-21,"cumulative_deaths",1284,1272,1264,1338,1335,1396,1408,1420
"Wisconsin","status_quo","Future",2020-09-21,"cumulative_deaths",1280,1269,1260,1337,1336,1399,1412,1423
"Wisconsin","linear_increase_sd","Future",2020-09-21,"cumulative_hosps",11393,11363,11339,11702,11687,12103,12126,12140
"Wisconsin","return_normal","Future",2020-09-21,"cumulative_hosps",11384,11364,11346,11697,11683,12097,12122,12138
"Wisconsin","status_quo","Future",2020-09-21,"cumulative_hosps",11391,11368,11353,11698,11681,12095,12118,12134
"Wisconsin","linear_increase_sd","Future",2020-09-21,"daily_all_infections",2639,2603,2584,8285,9458,11376,11462,11507
"Wisconsin","return_normal","Future",2020-09-21,"daily_all_infections",4621,4562,4528,14929,17037,20650,20740,20834
"Wisconsin","status_quo","Future",2020-09-21,"daily_all_infections",3738,3695,3669,11919,13628,16414,16519,16583
"Wisconsin","linear_increase_sd","Future",2020-09-21,"daily_cases",1325,1162,1024,3076,3040,4844,5329,5726
"Wisconsin","return_normal","Future",2020-09-21,"daily_cases",1558,1289,1137,3360,3256,5351,5886,6396
"Wisconsin","status_quo","Future",2020-09-21,"daily_cases",1413,1187,1064,3210,3163,4849,5300,5795
"Wisconsin","linear_increase_sd","Future",2020-09-21,"daily_deaths",2,1,1,12,9,26,32,38
"Wisconsin","return_normal","Future",2020-09-21,"daily_deaths",2,1,1,13,10,27,31,38
"Wisconsin","status_quo","Future",2020-09-21,"daily_deaths",2,1,1,13,9,26,36,46
"Wisconsin","linear_increase_sd","Future",2020-09-21,"daily_hosps",169,159,153,250,260,304,314,320
"Wisconsin","return_normal","Future",2020-09-21,"daily_hosps",166,158,154,249,258,307,313,317
"Wisconsin","status_quo","Future",2020-09-21,"daily_hosps",167,160,155,249,257,302,312,321
"Wisconsin","linear_increase_sd","Future",2020-09-21,"latent_trend",NA,NA,NA,0.745916892064222,NA,NA,NA,NA
"Wisconsin","return_normal","Future",2020-09-21,"latent_trend",NA,NA,NA,0.745916892064222,NA,NA,NA,NA
"Wisconsin","status_quo","Future",2020-09-21,"latent_trend",NA,NA,NA,0.745916892064222,NA,NA,NA,NA
"Wisconsin","linear_increase_sd","Future",2020-09-21,"mobility_trend",NA,NA,NA,0.483928450256303,NA,NA,NA,NA
"Wisconsin","return_normal","Future",2020-09-21,"mobility_trend",NA,NA,NA,0.86085152717938,NA,NA,NA,NA
"Wisconsin","status_quo","Future",2020-09-21,"mobility_trend",NA,NA,NA,0.69851164222199,NA,NA,NA,NA
"Wisconsin","linear_increase_sd","Future",2020-09-22,"combined_trend",NA,NA,NA,0.316657931933135,NA,NA,NA,NA
"Wisconsin","return_normal","Future",2020-09-22,"combined_trend",NA,NA,NA,0.617594190056504,NA,NA,NA,NA
"Wisconsin","status_quo","Future",2020-09-22,"combined_trend",NA,NA,NA,0.487981649688684,NA,NA,NA,NA
"Wisconsin","linear_increase_sd","Future",2020-09-22,"cumulative_all_infections",291887,291715,291644,369138,379980,411582,411844,412046
"Wisconsin","return_normal","Future",2020-09-22,"cumulative_all_infections",301059,300850,300679,397833,410019,448668,449039,449262
"Wisconsin","status_quo","Future",2020-09-22,"cumulative_all_infections",297072,296827,296641,384960,395381,431998,432306,432666
"Wisconsin","linear_increase_sd","Future",2020-09-22,"cumulative_cases",110077,109501,109032,114243,113673,119329,120809,121808
"Wisconsin","return_normal","Future",2020-09-22,"cumulative_cases",110551,109830,109369,115211,114833,120586,121876,123072
"Wisconsin","status_quo","Future",2020-09-22,"cumulative_cases",110272,109726,109080,114722,114368,119542,121171,122780
"Wisconsin","linear_increase_sd","Future",2020-09-22,"cumulative_deaths",1291,1279,1271,1349,1345,1405,1423,1431
"Wisconsin","return_normal","Future",2020-09-22,"cumulative_deaths",1293,1282,1276,1351,1348,1407,1418,1428
"Wisconsin","status_quo","Future",2020-09-22,"cumulative_deaths",1292,1280,1274,1350,1348,1410,1424,1436
"Wisconsin","linear_increase_sd","Future",2020-09-22,"cumulative_hosps",11675,11643,11618,11970,11964,12271,12293,12312
"Wisconsin","return_normal","Future",2020-09-22,"cumulative_hosps",11665,11645,11626,11969,11963,12270,12296,12312
"Wisconsin","status_quo","Future",2020-09-22,"cumulative_hosps",11675,11649,11626,11967,11964,12266,12289,12310
"Wisconsin","linear_increase_sd","Future",2020-09-22,"daily_all_infections",2362,2332,2310,7716,8814,10767,10841,10912
"Wisconsin","return_normal","Future",2020-09-22,"daily_all_infections",4725,4651,4630,16003,18353,22539,22631,22701
"Wisconsin","status_quo","Future",2020-09-22,"daily_all_infections",3640,3588,3555,12172,13936,17095,17181,17279
"Wisconsin","linear_increase_sd","Future",2020-09-22,"daily_cases",1317,1082,960,3178,3164,4948,5557,6099
"Wisconsin","return_normal","Future",2020-09-22,"daily_cases",1529,1237,1103,3638,3685,5676,6256,6958
"Wisconsin","status_quo","Future",2020-09-22,"daily_cases",1427,1248,1070,3391,3360,5294,5784,6257
"Wisconsin","linear_increase_sd","Future",2020-09-22,"daily_deaths",2,1,0,13,10,28,34,39
"Wisconsin","return_normal","Future",2020-09-22,"daily_deaths",2,1,1,13,10,27,33,38
"Wisconsin","status_quo","Future",2020-09-22,"daily_deaths",2,1,0,13,10,26,33,38
"Wisconsin","linear_increase_sd","Future",2020-09-22,"daily_hosps",169,160,152,269,282,331,340,350
"Wisconsin","return_normal","Future",2020-09-22,"daily_hosps",174,163,157,273,284,337,344,355
"Wisconsin","status_quo","Future",2020-09-22,"daily_hosps",171,163,156,270,281,332,340,347
"Wisconsin","linear_increase_sd","Future",2020-09-22,"latent_trend",NA,NA,NA,0.698602027786391,NA,NA,NA,NA
"Wisconsin","return_normal","Future",2020-09-22,"latent_trend",NA,NA,NA,0.698602027786391,NA,NA,NA,NA
"Wisconsin","status_quo","Future",2020-09-22,"latent_trend",NA,NA,NA,0.698602027786391,NA,NA,NA,NA
"Wisconsin","linear_increase_sd","Future",2020-09-22,"mobility_trend",NA,NA,NA,0.453273708546919,NA,NA,NA,NA
"Wisconsin","return_normal","Future",2020-09-22,"mobility_trend",NA,NA,NA,0.88404293931615,NA,NA,NA,NA
"Wisconsin","status_quo","Future",2020-09-22,"mobility_trend",NA,NA,NA,0.69851164222199,NA,NA,NA,NA
"Wisconsin","linear_increase_sd","Future",2020-09-23,"combined_trend",NA,NA,NA,0.273286598512887,NA,NA,NA,NA
"Wisconsin","return_normal","Future",2020-09-23,"combined_trend",NA,NA,NA,0.586663186978841,NA,NA,NA,NA
"Wisconsin","status_quo","Future",2020-09-23,"combined_trend",NA,NA,NA,0.451692625517876,NA,NA,NA,NA
"Wisconsin","linear_increase_sd","Future",2020-09-23,"cumulative_all_infections",293964,293794,293691,376123,386089,420578,420867,421101
"Wisconsin","return_normal","Future",2020-09-23,"cumulative_all_infections",305860,305618,305448,414703,429342,470461,470924,471098
"Wisconsin","status_quo","Future",2020-09-23,"cumulative_all_infections",300607,300350,300185,397162,409366,447746,448081,448445
"Wisconsin","linear_increase_sd","Future",2020-09-23,"cumulative_cases",111711,111122,110659,117477,117133,123787,124947,126743
"Wisconsin","return_normal","Future",2020-09-23,"cumulative_cases",112372,111485,110980,119371,119132,126079,127507,128526
"Wisconsin","status_quo","Future",2020-09-23,"cumulative_cases",112295,111376,110781,118405,118189,124771,126160,127335
"Wisconsin","linear_increase_sd","Future",2020-09-23,"cumulative_deaths",1308,1295,1282,1362,1360,1421,1436,1452
"Wisconsin","return_normal","Future",2020-09-23,"cumulative_deaths",1305,1296,1290,1365,1364,1421,1436,1448
"Wisconsin","status_quo","Future",2020-09-23,"cumulative_deaths",1302,1293,1288,1364,1362,1423,1441,1451
"Wisconsin","linear_increase_sd","Future",2020-09-23,"cumulative_hosps",11974,11945,11917,12259,12267,12455,12475,12488
"Wisconsin","return_normal","Future",2020-09-23,"cumulative_hosps",11977,11954,11939,12263,12267,12464,12480,12491
"Wisconsin","status_quo","Future",2020-09-23,"cumulative_hosps",11978,11958,11947,12260,12271,12455,12474,12497
"Wisconsin","linear_increase_sd","Future",2020-09-23,"daily_all_infections",2082,2047,2019,6985,7992,9874,9966,10015
"Wisconsin","return_normal","Future",2020-09-23,"daily_all_infections",4788,4729,4699,16870,19341,24141,24233,24350
"Wisconsin","status_quo","Future",2020-09-23,"daily_all_infections",3547,3508,3469,12203,13958,17377,17481,17548
"Wisconsin","linear_increase_sd","Future",2020-09-23,"daily_cases",1290,1126,990,3234,3262,5068,5533,5985
"Wisconsin","return_normal","Future",2020-09-23,"daily_cases",1578,1282,1142,4161,4189,6555,7255,7623
"Wisconsin","status_quo","Future",2020-09-23,"daily_cases",1423,1289,1097,3683,3590,5729,6568,7198
"Wisconsin","linear_increase_sd","Future",2020-09-23,"daily_deaths",2,1,0,14,11,29,39,41
"Wisconsin","return_normal","Future",2020-09-23,"daily_deaths",2,1,0,15,11,31,39,45
"Wisconsin","status_quo","Future",2020-09-23,"daily_deaths",2,1,1,15,10,30,39,50
"Wisconsin","linear_increase_sd","Future",2020-09-23,"daily_hosps",166,161,156,290,304,361,372,380
"Wisconsin","return_normal","Future",2020-09-23,"daily_hosps",174,166,158,295,313,368,378,385
"Wisconsin","status_quo","Future",2020-09-23,"daily_hosps",172,164,160,294,307,367,377,385
"Wisconsin","linear_increase_sd","Future",2020-09-23,"latent_trend",NA,NA,NA,0.646650103183715,NA,NA,NA,NA
"Wisconsin","return_normal","Future",2020-09-23,"latent_trend",NA,NA,NA,0.646650103183715,NA,NA,NA,NA
"Wisconsin","status_quo","Future",2020-09-23,"latent_trend",NA,NA,NA,0.646650103183715,NA,NA,NA,NA
"Wisconsin","linear_increase_sd","Future",2020-09-23,"mobility_trend",NA,NA,NA,0.422618966837535,NA,NA,NA,NA
"Wisconsin","return_normal","Future",2020-09-23,"mobility_trend",NA,NA,NA,0.90723435145292,NA,NA,NA,NA
"Wisconsin","status_quo","Future",2020-09-23,"mobility_trend",NA,NA,NA,0.69851164222199,NA,NA,NA,NA
"Wisconsin","linear_increase_sd","Future",2020-09-24,"combined_trend",NA,NA,NA,0.231645419644266,NA,NA,NA,NA
"Wisconsin","return_normal","Future",2020-09-24,"combined_trend",NA,NA,NA,0.549868719228404,NA,NA,NA,NA
"Wisconsin","status_quo","Future",2020-09-24,"combined_trend",NA,NA,NA,0.412810690659373,NA,NA,NA,NA
"Wisconsin","linear_increase_sd","Future",2020-09-24,"cumulative_all_infections",295750,295567,295471,382245,392421,428438,428778,429001
"Wisconsin","return_normal","Future",2020-09-24,"cumulative_all_infections",310717,310465,310248,432175,449363,493031,493481,493773
"Wisconsin","status_quo","Future",2020-09-24,"cumulative_all_infections",304004,303770,303551,409123,423059,463134,463572,463926
"Wisconsin","linear_increase_sd","Future",2020-09-24,"cumulative_cases",112883,112350,111617,120697,120570,128095,129809,131170
"Wisconsin","return_normal","Future",2020-09-24,"cumulative_cases",114101,113254,112607,123799,124065,131948,133828,135521
"Wisconsin","status_quo","Future",2020-09-24,"cumulative_cases",113876,112827,112330,122236,122232,130302,132010,133256
"Wisconsin","linear_increase_sd","Future",2020-09-24,"cumulative_deaths",1320,1309,1300,1377,1375,1437,1452,1463
"Wisconsin","return_normal","Future",2020-09-24,"cumulative_deaths",1322,1311,1305,1380,1381,1436,1450,1465
"Wisconsin","status_quo","Future",2020-09-24,"cumulative_deaths",1318,1308,1296,1379,1378,1438,1454,1472
"Wisconsin","linear_increase_sd","Future",2020-09-24,"cumulative_hosps",12306,12275,12246,12568,12586,12792,12825,12842
"Wisconsin","return_normal","Future",2020-09-24,"cumulative_hosps",12316,12294,12281,12587,12602,12815,12852,12872
"Wisconsin","status_quo","Future",2020-09-24,"cumulative_hosps",12319,12290,12276,12577,12590,12792,12827,12855
"Wisconsin","linear_increase_sd","Future",2020-09-24,"daily_all_infections",1787,1769,1753,6122,7009,8757,8829,8857
"Wisconsin","return_normal","Future",2020-09-24,"daily_all_infections",4875,4815,4771,17473,20034,25262,25416,25494
"Wisconsin","status_quo","Future",2020-09-24,"daily_all_infections",3422,3380,3354,11962,13690,17233,17291,17366
"Wisconsin","linear_increase_sd","Future",2020-09-24,"daily_cases",1188,1008,931,3220,3214,5101,5724,6313
"Wisconsin","return_normal","Future",2020-09-24,"daily_cases",1643,1369,1246,4428,4426,7060,7863,8482
"Wisconsin","status_quo","Future",2020-09-24,"daily_cases",1491,1289,1122,3831,3771,6171,6870,7538
"Wisconsin","linear_increase_sd","Future",2020-09-24,"daily_deaths",3,2,1,15,12,32,37,45
"Wisconsin","return_normal","Future",2020-09-24,"daily_deaths",2,1,1,16,12,35,41,50
"Wisconsin","status_quo","Future",2020-09-24,"daily_deaths",3,1,1,16,11,32,42,49
"Wisconsin","linear_increase_sd","Future",2020-09-24,"daily_hosps",169,162,153,310,332,389,398,408
"Wisconsin","return_normal","Future",2020-09-24,"daily_hosps",176,169,162,324,346,408,420,426
"Wisconsin","status_quo","Future",2020-09-24,"daily_hosps",175,168,162,317,338,400,408,419
"Wisconsin","linear_increase_sd","Future",2020-09-24,"latent_trend",NA,NA,NA,0.590986127799113,NA,NA,NA,NA
"Wisconsin","return_normal","Future",2020-09-24,"latent_trend",NA,NA,NA,0.590986127799113,NA,NA,NA,NA
"Wisconsin","status_quo","Future",2020-09-24,"latent_trend",NA,NA,NA,0.590986127799113,NA,NA,NA,NA
"Wisconsin","linear_increase_sd","Future",2020-09-24,"mobility_trend",NA,NA,NA,0.391964225128152,NA,NA,NA,NA
"Wisconsin","return_normal","Future",2020-09-24,"mobility_trend",NA,NA,NA,0.93042576358969,NA,NA,NA,NA
"Wisconsin","status_quo","Future",2020-09-24,"mobility_trend",NA,NA,NA,0.69851164222199,NA,NA,NA,NA
"Wisconsin","linear_increase_sd","Future",2020-09-25,"combined_trend",NA,NA,NA,0.192537322184829,NA,NA,NA,NA
"Wisconsin","return_normal","Future",2020-09-25,"combined_trend",NA,NA,NA,0.508170711896391,NA,NA,NA,NA
"Wisconsin","status_quo","Future",2020-09-25,"combined_trend",NA,NA,NA,0.372228151433469,NA,NA,NA,NA
"Wisconsin","linear_increase_sd","Future",2020-09-25,"cumulative_all_infections",297310,297088,297002,387414,398287,435066,435517,435651
"Wisconsin","return_normal","Future",2020-09-25,"cumulative_all_infections",315629,315415,315160,449848,469608,515764,516267,516553
"Wisconsin","status_quo","Future",2020-09-25,"cumulative_all_infections",307304,307034,306835,420556,436133,477720,478223,478793
"Wisconsin","linear_increase_sd","Future",2020-09-25,"cumulative_cases",114243,113505,112850,123965,124282,132700,134442,136082
"Wisconsin","return_normal","Future",2020-09-25,"cumulative_cases",115812,115052,114145,128643,129132,138447,140497,142932
"Wisconsin","status_quo","Future",2020-09-25,"cumulative_cases",115222,114259,113703,126364,126758,136087,138085,139220
"Wisconsin","linear_increase_sd","Future",2020-09-25,"cumulative_deaths",1332,1318,1310,1393,1393,1453,1467,1483
"Wisconsin","return_normal","Future",2020-09-25,"cumulative_deaths",1336,1324,1316,1396,1394,1456,1468,1481
"Wisconsin","status_quo","Future",2020-09-25,"cumulative_deaths",1334,1321,1309,1396,1397,1454,1471,1484
"Wisconsin","linear_increase_sd","Future",2020-09-25,"cumulative_hosps",12659,12618,12600,12895,12839,13196,13230,13252
"Wisconsin","return_normal","Future",2020-09-25,"cumulative_hosps",12697,12677,12656,12940,12879,13257,13288,13316
"Wisconsin","status_quo","Future",2020-09-25,"cumulative_hosps",12683,12658,12637,12917,12870,13216,13250,13289
"Wisconsin","linear_increase_sd","Future",2020-09-25,"daily_all_infections",1545,1515,1501,5169,5881,7397,7453,7491
"Wisconsin","return_normal","Future",2020-09-25,"daily_all_infections",4951,4896,4856,17673,20212,25690,25842,25918
"Wisconsin","status_quo","Future",2020-09-25,"daily_all_infections",3290,3248,3221,11433,13074,16514,16609,16706
"Wisconsin","linear_increase_sd","Future",2020-09-25,"daily_cases",1116,923,851,3269,3338,5188,5765,6178
"Wisconsin","return_normal","Future",2020-09-25,"daily_cases",1582,1400,1197,4845,4977,7651,9028,9810
"Wisconsin","status_quo","Future",2020-09-25,"daily_cases",1435,1253,1060,4129,4208,6617,7202,7784
"Wisconsin","linear_increase_sd","Future",2020-09-25,"daily_deaths",2,1,1,16,11,36,43,51
"Wisconsin","return_normal","Future",2020-09-25,"daily_deaths",3,1,1,16,13,34,43,50
"Wisconsin","status_quo","Future",2020-09-25,"daily_deaths",3,2,2,17,13,34,44,55
"Wisconsin","linear_increase_sd","Future",2020-09-25,"daily_hosps",170,160,157,328,349,417,426,435
"Wisconsin","return_normal","Future",2020-09-25,"daily_hosps",182,172,164,354,382,452,461,464
"Wisconsin","status_quo","Future",2020-09-25,"daily_hosps",176,166,161,341,368,432,444,450
"Wisconsin","linear_increase_sd","Future",2020-09-25,"latent_trend",NA,NA,NA,0.532887541071468,NA,NA,NA,NA
"Wisconsin","return_normal","Future",2020-09-25,"latent_trend",NA,NA,NA,0.532887541071468,NA,NA,NA,NA
"Wisconsin","status_quo","Future",2020-09-25,"latent_trend",NA,NA,NA,0.532887541071468,NA,NA,NA,NA
"Wisconsin","linear_increase_sd","Future",2020-09-25,"mobility_trend",NA,NA,NA,0.361309483418768,NA,NA,NA,NA
"Wisconsin","return_normal","Future",2020-09-25,"mobility_trend",NA,NA,NA,0.95361717572646,NA,NA,NA,NA
"Wisconsin","status_quo","Future",2020-09-25,"mobility_trend",NA,NA,NA,0.69851164222199,NA,NA,NA,NA
"Wisconsin","linear_increase_sd","Future",2020-09-26,"combined_trend",NA,NA,NA,0.156691696637086,NA,NA,NA,NA
"Wisconsin","return_normal","Future",2020-09-26,"combined_trend",NA,NA,NA,0.462893089422227,NA,NA,NA,NA
"Wisconsin","status_quo","Future",2020-09-26,"combined_trend",NA,NA,NA,0.331012867907753,NA,NA,NA,NA
"Wisconsin","linear_increase_sd","Future",2020-09-26,"cumulative_all_infections",298585,298411,298273,391601,403027,440408,440869,441083
"Wisconsin","return_normal","Future",2020-09-26,"cumulative_all_infections",320671,320379,320143,467251,489444,537912,538467,538995
"Wisconsin","status_quo","Future",2020-09-26,"cumulative_all_infections",310450,310138,309967,431171,448155,491269,491915,492448
"Wisconsin","linear_increase_sd","Future",2020-09-26,"cumulative_cases",115239,114392,113929,127088,127807,136811,138777,139710
"Wisconsin","return_normal","Future",2020-09-26,"cumulative_cases",117565,116661,115936,133903,134801,146165,148417,150062
"Wisconsin","status_quo","Future",2020-09-26,"cumulative_cases",116534,115524,114929,130574,131855,141953,143711,145068
"Wisconsin","linear_increase_sd","Future",2020-09-26,"cumulative_deaths",1349,1337,1321,1411,1410,1472,1491,1503
"Wisconsin","return_normal","Future",2020-09-26,"cumulative_deaths",1357,1339,1330,1413,1414,1473,1485,1496
"Wisconsin","status_quo","Future",2020-09-26,"cumulative_deaths",1350,1335,1326,1413,1412,1472,1496,1509
"Wisconsin","linear_increase_sd","Future",2020-09-26,"cumulative_hosps",12944,12920,12888,13238,13146,13625,13660,13685
"Wisconsin","return_normal","Future",2020-09-26,"cumulative_hosps",12991,12961,12936,13327,13232,13733,13787,13805
"Wisconsin","status_quo","Future",2020-09-26,"cumulative_hosps",12966,12941,12911,13282,13210,13676,13709,13745
"Wisconsin","linear_increase_sd","Future",2020-09-26,"daily_all_infections",1299,1273,1259,4188,4750,5936,5997,6038
"Wisconsin","return_normal","Future",2020-09-26,"daily_all_infections",5031,4981,4942,17403,19826,25150,25347,25417
"Wisconsin","status_quo","Future",2020-09-26,"daily_all_infections",3147,3094,3068,10616,12041,15256,15358,15423
"Wisconsin","linear_increase_sd","Future",2020-09-26,"daily_cases",1020,861,770,3123,3146,5021,5630,6363
"Wisconsin","return_normal","Future",2020-09-26,"daily_cases",1684,1429,1266,5260,5288,8434,9370,10454
"Wisconsin","status_quo","Future",2020-09-26,"daily_cases",1364,1072,969,4211,4161,6882,7563,8377
"Wisconsin","linear_increase_sd","Future",2020-09-26,"daily_deaths",3,1,0,18,14,38,48,59
"Wisconsin","return_normal","Future",2020-09-26,"daily_deaths",3,2,1,17,13,36,44,54
"Wisconsin","status_quo","Future",2020-09-26,"daily_deaths",3,2,1,18,14,38,46,59
"Wisconsin","linear_increase_sd","Future",2020-09-26,"daily_hosps",170,162,156,343,371,439,449,460
"Wisconsin","return_normal","Future",2020-09-26,"daily_hosps",185,173,166,387,422,500,505,515
"Wisconsin","status_quo","Future",2020-09-26,"daily_hosps",176,166,162,366,393,471,479,485
"Wisconsin","linear_increase_sd","Future",2020-09-26,"latent_trend",NA,NA,NA,0.473883107881767,NA,NA,NA,NA
"Wisconsin","return_normal","Future",2020-09-26,"latent_trend",NA,NA,NA,0.473883107881767,NA,NA,NA,NA
"Wisconsin","status_quo","Future",2020-09-26,"latent_trend",NA,NA,NA,0.473883107881767,NA,NA,NA,NA
"Wisconsin","linear_increase_sd","Future",2020-09-26,"mobility_trend",NA,NA,NA,0.330654741709384,NA,NA,NA,NA
"Wisconsin","return_normal","Future",2020-09-26,"mobility_trend",NA,NA,NA,0.97680858786323,NA,NA,NA,NA
"Wisconsin","status_quo","Future",2020-09-26,"mobility_trend",NA,NA,NA,0.69851164222199,NA,NA,NA,NA
"Wisconsin","linear_increase_sd","Future",2020-09-27,"combined_trend",NA,NA,NA,0.124679751191378,NA,NA,NA,NA
"Wisconsin","return_normal","Future",2020-09-27,"combined_trend",NA,NA,NA,0.415599170637926,NA,NA,NA,NA
"Wisconsin","status_quo","Future",2020-09-27,"combined_trend",NA,NA,NA,0.290300859188395,NA,NA,NA,NA
"Wisconsin","linear_increase_sd","Future",2020-09-27,"cumulative_all_infections",299687,299451,299330,394856,406676,444551,445034,445279
"Wisconsin","return_normal","Future",2020-09-27,"cumulative_all_infections",325750,325409,325224,483900,508297,559120,559671,560347
"Wisconsin","status_quo","Future",2020-09-27,"cumulative_all_infections",313420,313124,312951,440729,458941,503456,504079,504647
"Wisconsin","linear_increase_sd","Future",2020-09-27,"cumulative_cases",116125,115505,114713,130006,130907,140523,142503,143688
"Wisconsin","return_normal","Future",2020-09-27,"cumulative_cases",119331,118460,117916,139475,141335,153530,155918,159255
"Wisconsin","status_quo","Future",2020-09-27,"cumulative_cases",118028,116929,116242,134890,136299,147492,149799,152117
"Wisconsin","linear_increase_sd","Future",2020-09-27,"cumulative_deaths",1365,1354,1339,1429,1427,1491,1509,1528
"Wisconsin","return_normal","Future",2020-09-27,"cumulative_deaths",1371,1356,1347,1432,1431,1491,1504,1521
"Wisconsin","status_quo","Future",2020-09-27,"cumulative_deaths",1369,1349,1338,1431,1429,1498,1522,1538
"Wisconsin","linear_increase_sd","Future",2020-09-27,"cumulative_hosps",13114,13083,13050,13593,13498,14065,14099,14128
"Wisconsin","return_normal","Future",2020-09-27,"cumulative_hosps",13175,13145,13113,13748,13638,14264,14318,14351
"Wisconsin","status_quo","Future",2020-09-27,"cumulative_hosps",13149,13114,13087,13676,13590,14170,14216,14245
"Wisconsin","linear_increase_sd","Future",2020-09-27,"daily_all_infections",1074,1044,1033,3255,3662,4525,4565,4615
"Wisconsin","return_normal","Future",2020-09-27,"daily_all_infections",5079,5032,4999,16649,18821,23649,23822,23920
"Wisconsin","status_quo","Future",2020-09-27,"daily_all_infections",3004,2966,2938,9558,10804,13459,13559,13631
"Wisconsin","linear_increase_sd","Future",2020-09-27,"daily_cases",982,807,703,2919,3008,4615,5157,5597
"Wisconsin","return_normal","Future",2020-09-27,"daily_cases",1781,1471,1360,5573,5500,9353,10273,11105
"Wisconsin","status_quo","Future",2020-09-27,"daily_cases",1405,1163,1010,4317,4405,6902,7878,8588
"Wisconsin","linear_increase_sd","Future",2020-09-27,"daily_deaths",3,2,2,19,14,40,49,58
"Wisconsin","return_normal","Future",2020-09-27,"daily_deaths",4,2,1,19,14,39,52,65
"Wisconsin","status_quo","Future",2020-09-27,"daily_deaths",3,2,1,19,14,38,51,65
"Wisconsin","linear_increase_sd","Future",2020-09-27,"daily_hosps",161,153,148,355,390,460,470,479
"Wisconsin","return_normal","Future",2020-09-27,"daily_hosps",185,176,170,421,464,546,558,566
"Wisconsin","status_quo","Future",2020-09-27,"daily_hosps",175,167,162,394,426,515,523,529
"Wisconsin","linear_increase_sd","Future",2020-09-27,"latent_trend",NA,NA,NA,0.415599170637926,NA,NA,NA,NA
"Wisconsin","return_normal","Future",2020-09-27,"latent_trend",NA,NA,NA,0.415599170637926,NA,NA,NA,NA
"Wisconsin","status_quo","Future",2020-09-27,"latent_trend",NA,NA,NA,0.415599170637926,NA,NA,NA,NA
"Wisconsin","linear_increase_sd","Future",2020-09-27,"mobility_trend",NA,NA,NA,0.3,NA,NA,NA,NA
"Wisconsin","return_normal","Future",2020-09-27,"mobility_trend",NA,NA,NA,1,NA,NA,NA,NA
"Wisconsin","status_quo","Future",2020-09-27,"mobility_trend",NA,NA,NA,0.69851164222199,NA,NA,NA,NA
"Wisconsin","linear_increase_sd","Future",2020-09-28,"combined_trend",NA,NA,NA,0.124679751191378,NA,NA,NA,NA
"Wisconsin","return_normal","Future",2020-09-28,"combined_trend",NA,NA,NA,0.415599170637926,NA,NA,NA,NA
"Wisconsin","status_quo","Future",2020-09-28,"combined_trend",NA,NA,NA,0.290300859188395,NA,NA,NA,NA
"Wisconsin","linear_increase_sd","Future",2020-09-28,"cumulative_all_infections",300542,300314,300186,397264,409365,447589,448096,448350
"Wisconsin","return_normal","Future",2020-09-28,"cumulative_all_infections",330932,330517,330307,499312,525538,578655,579338,580038
"Wisconsin","status_quo","Future",2020-09-28,"cumulative_all_infections",316301,315958,315797,449060,468293,514012,514694,515249
"Wisconsin","linear_increase_sd","Future",2020-09-28,"cumulative_cases",116976,116288,115475,132805,134209,144331,146150,147647
"Wisconsin","return_normal","Future",2020-09-28,"cumulative_cases",121009,120144,119392,145424,148019,161765,165265,168754
"Wisconsin","status_quo","Future",2020-09-28,"cumulative_cases",119366,118109,117304,139227,140962,153487,156442,158217
"Wisconsin","linear_increase_sd","Future",2020-09-28,"cumulative_deaths",1387,1375,1358,1450,1445,1512,1536,1553
"Wisconsin","return_normal","Future",2020-09-28,"cumulative_deaths",1386,1374,1360,1452,1450,1510,1534,1546
"Wisconsin","status_quo","Future",2020-09-28,"cumulative_deaths",1387,1372,1359,1451,1450,1517,1539,1563
"Wisconsin","linear_increase_sd","Future",2020-09-28,"cumulative_hosps",13274,13243,13213,13954,13862,14525,14561,14597
"Wisconsin","return_normal","Future",2020-09-28,"cumulative_hosps",13364,13337,13302,14210,14115,14859,14914,14940
"Wisconsin","status_quo","Future",2020-09-28,"cumulative_hosps",13321,13286,13260,14095,14002,14703,14759,14788
"Wisconsin","linear_increase_sd","Future",2020-09-28,"daily_all_infections",867,843,831,2408,2689,3241,3283,3312
"Wisconsin","return_normal","Future",2020-09-28,"daily_all_infections",5141,5075,5032,15413,17312,21230,21330,21397
"Wisconsin","status_quo","Future",2020-09-28,"daily_all_infections",2870,2814,2785,8332,9305,11383,11457,11518
"Wisconsin","linear_increase_sd","Future",2020-09-28,"daily_cases",830,668,569,2799,2798,4640,5241,5540
"Wisconsin","return_normal","Future",2020-09-28,"daily_cases",1730,1394,1217,5950,5941,9586,10911,11537
"Wisconsin","status_quo","Future",2020-09-28,"daily_cases",1298,1072,984,4338,4353,7219,8062,8746
"Wisconsin","linear_increase_sd","Future",2020-09-28,"daily_deaths",3,2,1,21,16,44,57,68
"Wisconsin","return_normal","Future",2020-09-28,"daily_deaths",4,3,2,21,16,43,54,62
"Wisconsin","status_quo","Future",2020-09-28,"daily_deaths",4,2,1,21,16,43,54,61
"Wisconsin","linear_increase_sd","Future",2020-09-28,"daily_hosps",157,149,142,362,402,471,482,493
"Wisconsin","return_normal","Future",2020-09-28,"daily_hosps",190,181,173,463,510,612,624,632
"Wisconsin","status_quo","Future",2020-09-28,"daily_hosps",173,164,157,419,464,553,566,573
"Wisconsin","linear_increase_sd","Future",2020-09-28,"latent_trend",NA,NA,NA,0.415599170637926,NA,NA,NA,NA
"Wisconsin","return_normal","Future",2020-09-28,"latent_trend",NA,NA,NA,0.415599170637926,NA,NA,NA,NA
"Wisconsin","status_quo","Future",2020-09-28,"latent_trend",NA,NA,NA,0.415599170637926,NA,NA,NA,NA
"Wisconsin","linear_increase_sd","Future",2020-09-28,"mobility_trend",NA,NA,NA,0.3,NA,NA,NA,NA
"Wisconsin","return_normal","Future",2020-09-28,"mobility_trend",NA,NA,NA,1,NA,NA,NA,NA
"Wisconsin","status_quo","Future",2020-09-28,"mobility_trend",NA,NA,NA,0.69851164222199,NA,NA,NA,NA
"Wisconsin","linear_increase_sd","Future",2020-09-29,"combined_trend",NA,NA,NA,0.124679751191378,NA,NA,NA,NA
"Wisconsin","return_normal","Future",2020-09-29,"combined_trend",NA,NA,NA,0.415599170637926,NA,NA,NA,NA
"Wisconsin","status_quo","Future",2020-09-29,"combined_trend",NA,NA,NA,0.290300859188395,NA,NA,NA,NA
"Wisconsin","linear_increase_sd","Future",2020-09-29,"cumulative_all_infections",301336,301086,300958,399511,411874,450423,451007,451246
"Wisconsin","return_normal","Future",2020-09-29,"cumulative_all_infections",336157,335766,335549,515333,543586,598986,599698,600290
"Wisconsin","status_quo","Future",2020-09-29,"cumulative_all_infections",319129,318685,318501,457398,477627,524618,525334,525864
"Wisconsin","linear_increase_sd","Future",2020-09-29,"cumulative_cases",117596,116908,116331,135265,136804,147476,149318,151927
"Wisconsin","return_normal","Future",2020-09-29,"cumulative_cases",122722,121903,121170,151559,154691,170763,174120,178449
"Wisconsin","status_quo","Future",2020-09-29,"cumulative_cases",120781,119262,118431,143601,145556,159871,162872,165190
"Wisconsin","linear_increase_sd","Future",2020-09-29,"cumulative_deaths",1408,1392,1375,1471,1468,1535,1561,1578
"Wisconsin","return_normal","Future",2020-09-29,"cumulative_deaths",1409,1393,1381,1473,1472,1532,1568,1591
"Wisconsin","status_quo","Future",2020-09-29,"cumulative_deaths",1410,1395,1379,1472,1470,1537,1563,1587
"Wisconsin","linear_increase_sd","Future",2020-09-29,"cumulative_hosps",13417,13389,13366,14317,14245,14986,15023,15056
"Wisconsin","return_normal","Future",2020-09-29,"cumulative_hosps",13554,13522,13495,14713,14663,15514,15556,15579
"Wisconsin","status_quo","Future",2020-09-29,"cumulative_hosps",13503,13459,13420,14535,14467,15266,15316,15358
"Wisconsin","linear_increase_sd","Future",2020-09-29,"daily_all_infections",782,762,754,2247,2508,3045,3082,3111
"Wisconsin","return_normal","Future",2020-09-29,"daily_all_infections",5225,5171,5149,16022,18014,22240,22368,22443
"Wisconsin","status_quo","Future",2020-09-29,"daily_all_infections",2793,2758,2717,8339,9349,11500,11597,11636
"Wisconsin","linear_increase_sd","Future",2020-09-29,"daily_cases",731,641,541,2460,2478,4009,4456,4881
"Wisconsin","return_normal","Future",2020-09-29,"daily_cases",1774,1426,1248,6135,6216,10497,11426,12285
"Wisconsin","status_quo","Future",2020-09-29,"daily_cases",1280,1038,963,4374,4367,7134,7831,9280
"Wisconsin","linear_increase_sd","Future",2020-09-29,"daily_deaths",4,2,1,22,17,43,58,67
"Wisconsin","return_normal","Future",2020-09-29,"daily_deaths",4,2,1,22,16,48,61,70
"Wisconsin","status_quo","Future",2020-09-29,"daily_deaths",3,1,1,21,16,45,58,66
"Wisconsin","linear_increase_sd","Future",2020-09-29,"daily_hosps",149,141,134,363,404,480,490,497
"Wisconsin","return_normal","Future",2020-09-29,"daily_hosps",191,181,175,503,560,671,686,697
"Wisconsin","status_quo","Future",2020-09-29,"daily_hosps",177,166,160,441,492,584,597,607
"Wisconsin","linear_increase_sd","Future",2020-09-29,"latent_trend",NA,NA,NA,0.415599170637926,NA,NA,NA,NA
"Wisconsin","return_normal","Future",2020-09-29,"latent_trend",NA,NA,NA,0.415599170637926,NA,NA,NA,NA
"Wisconsin","status_quo","Future",2020-09-29,"latent_trend",NA,NA,NA,0.415599170637926,NA,NA,NA,NA
"Wisconsin","linear_increase_sd","Future",2020-09-29,"mobility_trend",NA,NA,NA,0.3,NA,NA,NA,NA
"Wisconsin","return_normal","Future",2020-09-29,"mobility_trend",NA,NA,NA,1,NA,NA,NA,NA
"Wisconsin","status_quo","Future",2020-09-29,"mobility_trend",NA,NA,NA,0.69851164222199,NA,NA,NA,NA
"Wisconsin","linear_increase_sd","Future",2020-09-30,"combined_trend",NA,NA,NA,0.124679751191378,NA,NA,NA,NA
"Wisconsin","return_normal","Future",2020-09-30,"combined_trend",NA,NA,NA,0.415599170637926,NA,NA,NA,NA
"Wisconsin","status_quo","Future",2020-09-30,"combined_trend",NA,NA,NA,0.290300859188395,NA,NA,NA,NA
"Wisconsin","linear_increase_sd","Future",2020-09-30,"cumulative_all_infections",302011,301787,301663,401568,414155,453066,453686,453817
"Wisconsin","return_normal","Future",2020-09-30,"cumulative_all_infections",341414,341050,340769,531830,562140,619816,620659,621398
"Wisconsin","status_quo","Future",2020-09-30,"cumulative_all_infections",321842,321424,321178,465632,486856,535061,535850,536443
"Wisconsin","linear_increase_sd","Future",2020-09-30,"cumulative_cases",118346,117605,117073,137435,139304,150391,152471,155065
"Wisconsin","return_normal","Future",2020-09-30,"cumulative_cases",124624,123689,122787,157725,161747,179310,182884,187211
"Wisconsin","status_quo","Future",2020-09-30,"cumulative_cases",122010,120404,119791,147829,150188,166247,168914,171331
"Wisconsin","linear_increase_sd","Future",2020-09-30,"cumulative_deaths",1427,1411,1397,1491,1488,1556,1580,1601
"Wisconsin","return_normal","Future",2020-09-30,"cumulative_deaths",1431,1411,1398,1498,1496,1564,1594,1619
"Wisconsin","status_quo","Future",2020-09-30,"cumulative_deaths",1431,1414,1399,1494,1486,1564,1597,1620
"Wisconsin","linear_increase_sd","Future",2020-09-30,"cumulative_hosps",13557,13524,13501,14679,14634,15450,15494,15528
"Wisconsin","return_normal","Future",2020-09-30,"cumulative_hosps",13751,13716,13697,15257,15274,16213,16258,16283
"Wisconsin","status_quo","Future",2020-09-30,"cumulative_hosps",13669,13638,13597,14997,14981,15865,15912,15958
"Wisconsin","linear_increase_sd","Future",2020-09-30,"daily_all_infections",704,685,675,2058,2304,2811,2853,2873
"Wisconsin","return_normal","Future",2020-09-30,"daily_all_infections",5310,5253,5201,16497,18546,23021,23140,23206
"Wisconsin","status_quo","Future",2020-09-30,"daily_all_infections",2710,2665,2640,8234,9257,11432,11494,11550
"Wisconsin","linear_increase_sd","Future",2020-09-30,"daily_cases",666,566,468,2170,2135,3584,4028,4533
"Wisconsin","return_normal","Future",2020-09-30,"daily_cases",1748,1492,1252,6167,6179,10177,11401,12221
"Wisconsin","status_quo","Future",2020-09-30,"daily_cases",1253,992,870,4228,4336,6701,7972,8901
"Wisconsin","linear_increase_sd","Future",2020-09-30,"daily_deaths",4,3,2,21,16,43,50,56
"Wisconsin","return_normal","Future",2020-09-30,"daily_deaths",4,2,1,25,18,56,66,80
"Wisconsin","status_quo","Future",2020-09-30,"daily_deaths",4,3,1,23,17,46,55,67
"Wisconsin","linear_increase_sd","Future",2020-09-30,"daily_hosps",140,132,127,362,409,481,494,503
"Wisconsin","return_normal","Future",2020-09-30,"daily_hosps",200,192,184,544,608,732,748,758
"Wisconsin","status_quo","Future",2020-09-30,"daily_hosps",172,163,154,462,520,620,633,647
"Wisconsin","linear_increase_sd","Future",2020-09-30,"latent_trend",NA,NA,NA,0.415599170637926,NA,NA,NA,NA
"Wisconsin","return_normal","Future",2020-09-30,"latent_trend",NA,NA,NA,0.415599170637926,NA,NA,NA,NA
"Wisconsin","status_quo","Future",2020-09-30,"latent_trend",NA,NA,NA,0.415599170637926,NA,NA,NA,NA
"Wisconsin","linear_increase_sd","Future",2020-09-30,"mobility_trend",NA,NA,NA,0.3,NA,NA,NA,NA
"Wisconsin","return_normal","Future",2020-09-30,"mobility_trend",NA,NA,NA,1,NA,NA,NA,NA
"Wisconsin","status_quo","Future",2020-09-30,"mobility_trend",NA,NA,NA,0.69851164222199,NA,NA,NA,NA
"Wisconsin","linear_increase_sd","Future",2020-10-01,"combined_trend",NA,NA,NA,0.124679751191378,NA,NA,NA,NA
"Wisconsin","return_normal","Future",2020-10-01,"combined_trend",NA,NA,NA,0.415599170637926,NA,NA,NA,NA
"Wisconsin","status_quo","Future",2020-10-01,"combined_trend",NA,NA,NA,0.290300859188395,NA,NA,NA,NA
"Wisconsin","linear_increase_sd","Future",2020-10-01,"cumulative_all_infections",302650,302401,302279,403424,416226,455437,456016,456213
"Wisconsin","return_normal","Future",2020-10-01,"cumulative_all_infections",346831,346339,346076,548621,581118,641115,642031,642717
"Wisconsin","status_quo","Future",2020-10-01,"cumulative_all_infections",324419,324006,323784,473666,495872,545209,546040,546681
"Wisconsin","linear_increase_sd","Future",2020-10-01,"cumulative_cases",118800,118175,117648,139258,141340,152775,154522,157099
"Wisconsin","return_normal","Future",2020-10-01,"cumulative_cases",126445,125403,124608,164119,169537,188659,192615,197054
"Wisconsin","status_quo","Future",2020-10-01,"cumulative_cases",123135,121723,121032,151833,154671,171508,174859,177404
"Wisconsin","linear_increase_sd","Future",2020-10-01,"cumulative_deaths",1443,1433,1420,1512,1508,1587,1610,1632
"Wisconsin","return_normal","Future",2020-10-01,"cumulative_deaths",1454,1429,1419,1523,1519,1600,1617,1646
"Wisconsin","status_quo","Future",2020-10-01,"cumulative_deaths",1451,1433,1416,1519,1510,1595,1629,1657
"Wisconsin","linear_increase_sd","Future",2020-10-01,"cumulative_hosps",13692,13661,13624,15031,15020,15896,15945,15966
"Wisconsin","return_normal","Future",2020-10-01,"cumulative_hosps",13957,13916,13896,15842,15941,16976,17021,17053
"Wisconsin","status_quo","Future",2020-10-01,"cumulative_hosps",13839,13801,13760,15473,15515,16485,16529,16575
"Wisconsin","linear_increase_sd","Future",2020-10-01,"daily_all_infections",622,604,595,1856,2083,2545,2579,2614
"Wisconsin","return_normal","Future",2020-10-01,"daily_all_infections",5374,5307,5268,16791,18885,23435,23603,23674
"Wisconsin","status_quo","Future",2020-10-01,"daily_all_infections",2618,2573,2536,8035,9040,11165,11243,11276
"Wisconsin","linear_increase_sd","Future",2020-10-01,"daily_cases",549,458,408,1823,1860,2999,3297,3488
"Wisconsin","return_normal","Future",2020-10-01,"daily_cases",1830,1574,1394,6394,6447,10299,11539,13131
"Wisconsin","status_quo","Future",2020-10-01,"daily_cases",1207,1027,896,4004,4011,6652,7273,8055
"Wisconsin","linear_increase_sd","Future",2020-10-01,"daily_deaths",5,2,1,21,16,44,54,67
"Wisconsin","return_normal","Future",2020-10-01,"daily_deaths",5,2,1,26,19,55,68,80
"Wisconsin","status_quo","Future",2020-10-01,"daily_deaths",4,2,1,26,18,54,74,95
"Wisconsin","linear_increase_sd","Future",2020-10-01,"daily_hosps",130,122,118,352,390,477,490,496
"Wisconsin","return_normal","Future",2020-10-01,"daily_hosps",201,194,185,586,665,798,814,824
"Wisconsin","status_quo","Future",2020-10-01,"daily_hosps",168,160,153,477,536,647,658,674
"Wisconsin","linear_increase_sd","Future",2020-10-01,"latent_trend",NA,NA,NA,0.415599170637926,NA,NA,NA,NA
"Wisconsin","return_normal","Future",2020-10-01,"latent_trend",NA,NA,NA,0.415599170637926,NA,NA,NA,NA
"Wisconsin","status_quo","Future",2020-10-01,"latent_trend",NA,NA,NA,0.415599170637926,NA,NA,NA,NA
"Wisconsin","linear_increase_sd","Future",2020-10-01,"mobility_trend",NA,NA,NA,0.3,NA,NA,NA,NA
"Wisconsin","return_normal","Future",2020-10-01,"mobility_trend",NA,NA,NA,1,NA,NA,NA,NA
"Wisconsin","status_quo","Future",2020-10-01,"mobility_trend",NA,NA,NA,0.69851164222199,NA,NA,NA,NA
"Wisconsin","linear_increase_sd","Future",2020-10-02,"combined_trend",NA,NA,NA,0.124679751191378,NA,NA,NA,NA
"Wisconsin","return_normal","Future",2020-10-02,"combined_trend",NA,NA,NA,0.415599170637926,NA,NA,NA,NA
"Wisconsin","status_quo","Future",2020-10-02,"combined_trend",NA,NA,NA,0.290300859188395,NA,NA,NA,NA
"Wisconsin","linear_increase_sd","Future",2020-10-02,"cumulative_all_infections",303204,302968,302842,405075,418119,457548,458122,458310
"Wisconsin","return_normal","Future",2020-10-02,"cumulative_all_infections",352284,351765,351444,565607,600183,663374,664034,664753
"Wisconsin","status_quo","Future",2020-10-02,"cumulative_all_infections",326950,326498,326251,481449,504568,555091,555970,556565
"Wisconsin","linear_increase_sd","Future",2020-10-02,"cumulative_cases",119295,118722,118198,140795,143063,154700,156625,159044
"Wisconsin","return_normal","Future",2020-10-02,"cumulative_cases",128346,127237,126250,170364,176516,197797,201657,206058
"Wisconsin","status_quo","Future",2020-10-02,"cumulative_cases",124246,122849,122293,155538,158774,176581,179985,182500
"Wisconsin","linear_increase_sd","Future",2020-10-02,"cumulative_deaths",1465,1448,1438,1535,1528,1616,1649,1667
"Wisconsin","return_normal","Future",2020-10-02,"cumulative_deaths",1476,1458,1445,1550,1543,1630,1659,1686
"Wisconsin","status_quo","Future",2020-10-02,"cumulative_deaths",1475,1455,1440,1545,1539,1632,1655,1679
"Wisconsin","linear_increase_sd","Future",2020-10-02,"cumulative_hosps",13815,13776,13747,15370,15400,16337,16379,16431
"Wisconsin","return_normal","Future",2020-10-02,"cumulative_hosps",14155,14126,14104,16466,16648,17806,17849,17874
"Wisconsin","status_quo","Future",2020-10-02,"cumulative_hosps",14007,13971,13931,15962,16068,17121,17168,17198
"Wisconsin","linear_increase_sd","Future",2020-10-02,"daily_all_infections",555,538,528,1651,1849,2270,2306,2336
"Wisconsin","return_normal","Future",2020-10-02,"daily_all_infections",5451,5397,5377,16986,19086,23695,23806,23906
"Wisconsin","status_quo","Future",2020-10-02,"daily_all_infections",2526,2481,2457,7784,8735,10828,10933,10975
"Wisconsin","linear_increase_sd","Future",2020-10-02,"daily_cases",478,390,356,1538,1539,2537,2786,3070
"Wisconsin","return_normal","Future",2020-10-02,"daily_cases",1854,1614,1402,6246,6338,10155,11562,12899
"Wisconsin","status_quo","Future",2020-10-02,"daily_cases",1110,941,829,3706,3721,6083,6801,7193
"Wisconsin","linear_increase_sd","Future",2020-10-02,"daily_deaths",4,3,1,24,18,47,63,83
"Wisconsin","return_normal","Future",2020-10-02,"daily_deaths",5,3,2,27,22,56,70,88
"Wisconsin","status_quo","Future",2020-10-02,"daily_deaths",4,3,2,27,21,57,67,82
"Wisconsin","linear_increase_sd","Future",2020-10-02,"daily_hosps",122,116,112,339,384,463,474,482
"Wisconsin","return_normal","Future",2020-10-02,"daily_hosps",206,196,190,624,709,860,873,893
"Wisconsin","status_quo","Future",2020-10-02,"daily_hosps",165,155,150,489,551,666,687,694
"Wisconsin","linear_increase_sd","Future",2020-10-02,"latent_trend",NA,NA,NA,0.415599170637926,NA,NA,NA,NA
"Wisconsin","return_normal","Future",2020-10-02,"latent_trend",NA,NA,NA,0.415599170637926,NA,NA,NA,NA
"Wisconsin","status_quo","Future",2020-10-02,"latent_trend",NA,NA,NA,0.415599170637926,NA,NA,NA,NA
"Wisconsin","linear_increase_sd","Future",2020-10-02,"mobility_trend",NA,NA,NA,0.3,NA,NA,NA,NA
"Wisconsin","return_normal","Future",2020-10-02,"mobility_trend",NA,NA,NA,1,NA,NA,NA,NA
"Wisconsin","status_quo","Future",2020-10-02,"mobility_trend",NA,NA,NA,0.69851164222199,NA,NA,NA,NA
"Wisconsin","linear_increase_sd","Future",2020-10-03,"combined_trend",NA,NA,NA,0.124679751191378,NA,NA,NA,NA
"Wisconsin","return_normal","Future",2020-10-03,"combined_trend",NA,NA,NA,0.415599170637926,NA,NA,NA,NA
"Wisconsin","status_quo","Future",2020-10-03,"combined_trend",NA,NA,NA,0.290300859188395,NA,NA,NA,NA
"Wisconsin","linear_increase_sd","Future",2020-10-03,"cumulative_all_infections",303691,303451,303333,406527,419731,459401,459988,460177
"Wisconsin","return_normal","Future",2020-10-03,"cumulative_all_infections",357831,357296,356904,582697,619380,686177,687318,687983
"Wisconsin","status_quo","Future",2020-10-03,"cumulative_all_infections",329403,328940,328683,488950,512913,564653,565578,566159
"Wisconsin","linear_increase_sd","Future",2020-10-03,"cumulative_cases",119737,119178,118619,142120,144613,156509,158377,160946
"Wisconsin","return_normal","Future",2020-10-03,"cumulative_cases",130246,129413,128125,176501,182955,207140,210861,215349
"Wisconsin","status_quo","Future",2020-10-03,"cumulative_cases",125178,124169,123364,159032,162932,180885,184288,187686
"Wisconsin","linear_increase_sd","Future",2020-10-03,"cumulative_deaths",1483,1465,1453,1558,1552,1648,1683,1706
"Wisconsin","return_normal","Future",2020-10-03,"cumulative_deaths",1498,1482,1473,1580,1572,1670,1696,1726
"Wisconsin","status_quo","Future",2020-10-03,"cumulative_deaths",1494,1477,1462,1571,1562,1663,1690,1719
"Wisconsin","linear_increase_sd","Future",2020-10-03,"cumulative_hosps",13927,13883,13854,15687,15763,16747,16791,16839
"Wisconsin","return_normal","Future",2020-10-03,"cumulative_hosps",14369,14337,14309,17120,17393,18689,18724,18751
"Wisconsin","status_quo","Future",2020-10-03,"cumulative_hosps",14161,14123,14093,16455,16634,17781,17820,17840
"Wisconsin","linear_increase_sd","Future",2020-10-03,"daily_all_infections",486,471,458,1453,1625,2004,2040,2072
"Wisconsin","return_normal","Future",2020-10-03,"daily_all_infections",5539,5473,5418,17091,19192,23804,23932,24084
"Wisconsin","status_quo","Future",2020-10-03,"daily_all_infections",2441,2400,2381,7501,8413,10441,10520,10584
"Wisconsin","linear_increase_sd","Future",2020-10-03,"daily_cases",412,352,329,1325,1344,2143,2378,2622
"Wisconsin","return_normal","Future",2020-10-03,"daily_cases",1837,1479,1351,6137,6020,9977,11329,12174
"Wisconsin","status_quo","Future",2020-10-03,"daily_cases",1100,900,780,3494,3577,5646,6306,6868
"Wisconsin","linear_increase_sd","Future",2020-10-03,"daily_deaths",4,2,1,24,18,50,66,77
"Wisconsin","return_normal","Future",2020-10-03,"daily_deaths",6,3,2,31,24,64,83,95
"Wisconsin","status_quo","Future",2020-10-03,"daily_deaths",5,4,2,27,20,56,67,83
"Wisconsin","linear_increase_sd","Future",2020-10-03,"daily_hosps",108,102,98,318,359,434,444,455
"Wisconsin","return_normal","Future",2020-10-03,"daily_hosps",207,198,193,655,751,909,924,940
"Wisconsin","status_quo","Future",2020-10-03,"daily_hosps",162,151,143,494,558,681,698,716
"Wisconsin","linear_increase_sd","Future",2020-10-03,"latent_trend",NA,NA,NA,0.415599170637926,NA,NA,NA,NA
"Wisconsin","return_normal","Future",2020-10-03,"latent_trend",NA,NA,NA,0.415599170637926,NA,NA,NA,NA
"Wisconsin","status_quo","Future",2020-10-03,"latent_trend",NA,NA,NA,0.415599170637926,NA,NA,NA,NA
"Wisconsin","linear_increase_sd","Future",2020-10-03,"mobility_trend",NA,NA,NA,0.3,NA,NA,NA,NA
"Wisconsin","return_normal","Future",2020-10-03,"mobility_trend",NA,NA,NA,1,NA,NA,NA,NA
"Wisconsin","status_quo","Future",2020-10-03,"mobility_trend",NA,NA,NA,0.69851164222199,NA,NA,NA,NA
"Wisconsin","linear_increase_sd","Future",2020-10-04,"combined_trend",NA,NA,NA,0.124679751191378,NA,NA,NA,NA
"Wisconsin","return_normal","Future",2020-10-04,"combined_trend",NA,NA,NA,0.415599170637926,NA,NA,NA,NA
"Wisconsin","status_quo","Future",2020-10-04,"combined_trend",NA,NA,NA,0.290300859188395,NA,NA,NA,NA
"Wisconsin","linear_increase_sd","Future",2020-10-04,"cumulative_all_infections",304093,303873,303744,407799,421149,460991,461585,461815
"Wisconsin","return_normal","Future",2020-10-04,"cumulative_all_infections",363441,362816,362408,599858,638742,709645,711200,711829
"Wisconsin","status_quo","Future",2020-10-04,"cumulative_all_infections",331758,331250,330986,496151,520999,573741,574722,575252
"Wisconsin","linear_increase_sd","Future",2020-10-04,"cumulative_cases",120049,119498,119030,143212,145732,157832,159881,162544
"Wisconsin","return_normal","Future",2020-10-04,"cumulative_cases",132387,131238,130327,182619,189600,215379,221165,225979
"Wisconsin","status_quo","Future",2020-10-04,"cumulative_cases",126424,125103,124545,162428,166790,185656,188075,192052
"Wisconsin","linear_increase_sd","Future",2020-10-04,"cumulative_deaths",1497,1482,1472,1583,1575,1682,1713,1743
"Wisconsin","return_normal","Future",2020-10-04,"cumulative_deaths",1518,1500,1489,1613,1609,1706,1738,1765
"Wisconsin","status_quo","Future",2020-10-04,"cumulative_deaths",1511,1497,1488,1600,1592,1694,1718,1751
"Wisconsin","linear_increase_sd","Future",2020-10-04,"cumulative_hosps",14031,13976,13952,15982,16094,17142,17177,17227
"Wisconsin","return_normal","Future",2020-10-04,"cumulative_hosps",14580,14543,14512,17801,18169,19609,19660,19703
"Wisconsin","status_quo","Future",2020-10-04,"cumulative_hosps",14322,14282,14252,16948,17184,18432,18479,18510
"Wisconsin","linear_increase_sd","Future",2020-10-04,"daily_all_infections",427,414,403,1273,1422,1750,1787,1808
"Wisconsin","return_normal","Future",2020-10-04,"daily_all_infections",5610,5547,5505,17161,19240,23921,24022,24119
"Wisconsin","status_quo","Future",2020-10-04,"daily_all_infections",2359,2313,2295,7202,8064,10013,10075,10119
"Wisconsin","linear_increase_sd","Future",2020-10-04,"daily_cases",335,284,228,1093,1100,1777,1915,2156
"Wisconsin","return_normal","Future",2020-10-04,"daily_cases",1955,1643,1475,6118,6053,9955,11442,12512
"Wisconsin","status_quo","Future",2020-10-04,"daily_cases",1051,926,740,3396,3314,5575,6162,6638
"Wisconsin","linear_increase_sd","Future",2020-10-04,"daily_deaths",4,2,1,25,19,53,67,75
"Wisconsin","return_normal","Future",2020-10-04,"daily_deaths",6,4,2,33,25,68,86,101
"Wisconsin","status_quo","Future",2020-10-04,"daily_deaths",5,2,1,29,23,57,74,89
"Wisconsin","linear_increase_sd","Future",2020-10-04,"daily_hosps",99,93,90,295,332,407,415,426
"Wisconsin","return_normal","Future",2020-10-04,"daily_hosps",212,204,196,682,773,956,988,1002
"Wisconsin","status_quo","Future",2020-10-04,"daily_hosps",160,150,147,493,558,685,709,717
"Wisconsin","linear_increase_sd","Future",2020-10-04,"latent_trend",NA,NA,NA,0.415599170637926,NA,NA,NA,NA
"Wisconsin","return_normal","Future",2020-10-04,"latent_trend",NA,NA,NA,0.415599170637926,NA,NA,NA,NA
"Wisconsin","status_quo","Future",2020-10-04,"latent_trend",NA,NA,NA,0.415599170637926,NA,NA,NA,NA
"Wisconsin","linear_increase_sd","Future",2020-10-04,"mobility_trend",NA,NA,NA,0.3,NA,NA,NA,NA
"Wisconsin","return_normal","Future",2020-10-04,"mobility_trend",NA,NA,NA,1,NA,NA,NA,NA
"Wisconsin","status_quo","Future",2020-10-04,"mobility_trend",NA,NA,NA,0.69851164222199,NA,NA,NA,NA
"Wisconsin","linear_increase_sd","Future",2020-10-05,"combined_trend",NA,NA,NA,0.124679751191378,NA,NA,NA,NA
"Wisconsin","return_normal","Future",2020-10-05,"combined_trend",NA,NA,NA,0.415599170637926,NA,NA,NA,NA
"Wisconsin","status_quo","Future",2020-10-05,"combined_trend",NA,NA,NA,0.290300859188395,NA,NA,NA,NA
"Wisconsin","linear_increase_sd","Future",2020-10-05,"cumulative_all_infections",304475,304226,304116,408911,422376,462402,463027,463242
"Wisconsin","return_normal","Future",2020-10-05,"cumulative_all_infections",369147,368515,368001,617060,657912,733421,735061,735872
"Wisconsin","status_quo","Future",2020-10-05,"cumulative_all_infections",334026,333534,333244,503060,528734,582472,583399,583970
"Wisconsin","linear_increase_sd","Future",2020-10-05,"cumulative_cases",120353,119800,119313,144149,146722,159301,161139,163334
"Wisconsin","return_normal","Future",2020-10-05,"cumulative_cases",134338,133124,132381,188920,196480,223829,229516,233929
"Wisconsin","status_quo","Future",2020-10-05,"cumulative_cases",127678,126196,125340,165635,170290,189759,193167,196828
"Wisconsin","linear_increase_sd","Future",2020-10-05,"cumulative_deaths",1513,1497,1487,1607,1596,1709,1745,1776
"Wisconsin","return_normal","Future",2020-10-05,"cumulative_deaths",1537,1519,1507,1649,1646,1760,1800,1821
"Wisconsin","status_quo","Future",2020-10-05,"cumulative_deaths",1527,1509,1501,1633,1626,1741,1772,1800
"Wisconsin","linear_increase_sd","Future",2020-10-05,"cumulative_hosps",14117,14073,14035,16250,16398,17497,17537,17571
"Wisconsin","return_normal","Future",2020-10-05,"cumulative_hosps",14798,14757,14722,18501,18967,20575,20657,20686
"Wisconsin","status_quo","Future",2020-10-05,"cumulative_hosps",14478,14431,14410,17432,17736,19096,19142,19194
"Wisconsin","linear_increase_sd","Future",2020-10-05,"daily_all_infections",369,355,345,1113,1235,1541,1562,1580
"Wisconsin","return_normal","Future",2020-10-05,"daily_all_infections",5694,5609,5565,17202,19231,23850,24018,24124
"Wisconsin","status_quo","Future",2020-10-05,"daily_all_infections",2274,2235,2211,6909,7727,9576,9670,9719
"Wisconsin","linear_increase_sd","Future",2020-10-05,"daily_cases",307,258,227,938,938,1504,1761,1899
"Wisconsin","return_normal","Future",2020-10-05,"daily_cases",1871,1565,1438,6302,6369,10328,11906,12367
"Wisconsin","status_quo","Future",2020-10-05,"daily_cases",1029,884,772,3207,3260,5164,5836,6435
"Wisconsin","linear_increase_sd","Future",2020-10-05,"daily_deaths",5,3,1,24,17,51,62,72
"Wisconsin","return_normal","Future",2020-10-05,"daily_deaths",6,3,2,37,28,76,96,123
"Wisconsin","status_quo","Future",2020-10-05,"daily_deaths",6,4,2,33,25,71,96,109
"Wisconsin","linear_increase_sd","Future",2020-10-05,"daily_hosps",89,83,79,268,304,371,380,390
"Wisconsin","return_normal","Future",2020-10-05,"daily_hosps",211,204,196,701,792,987,1010,1022
"Wisconsin","status_quo","Future",2020-10-05,"daily_hosps",154,145,141,485,549,683,697,704
"Wisconsin","linear_increase_sd","Future",2020-10-05,"latent_trend",NA,NA,NA,0.415599170637926,NA,NA,NA,NA
"Wisconsin","return_normal","Future",2020-10-05,"latent_trend",NA,NA,NA,0.415599170637926,NA,NA,NA,NA
"Wisconsin","status_quo","Future",2020-10-05,"latent_trend",NA,NA,NA,0.415599170637926,NA,NA,NA,NA
"Wisconsin","linear_increase_sd","Future",2020-10-05,"mobility_trend",NA,NA,NA,0.3,NA,NA,NA,NA
"Wisconsin","return_normal","Future",2020-10-05,"mobility_trend",NA,NA,NA,1,NA,NA,NA,NA
"Wisconsin","status_quo","Future",2020-10-05,"mobility_trend",NA,NA,NA,0.69851164222199,NA,NA,NA,NA
"Wisconsin","linear_increase_sd","Future",2020-10-06,"combined_trend",NA,NA,NA,0.124679751191378,NA,NA,NA,NA
"Wisconsin","return_normal","Future",2020-10-06,"combined_trend",NA,NA,NA,0.415599170637926,NA,NA,NA,NA
"Wisconsin","status_quo","Future",2020-10-06,"combined_trend",NA,NA,NA,0.290300859188395,NA,NA,NA,NA
"Wisconsin","linear_increase_sd","Future",2020-10-06,"cumulative_all_infections",304807,304542,304432,409879,423441,463606,464247,464488
"Wisconsin","return_normal","Future",2020-10-06,"cumulative_all_infections",374886,374227,373706,634322,677226,757247,758988,759914
"Wisconsin","status_quo","Future",2020-10-06,"cumulative_all_infections",336260,335729,335404,509690,536116,590814,591731,592484
"Wisconsin","linear_increase_sd","Future",2020-10-06,"cumulative_cases",120687,120080,119695,144965,147672,160215,162307,164618
"Wisconsin","return_normal","Future",2020-10-06,"cumulative_cases",136232,135186,134284,195161,203242,232304,237890,241493
"Wisconsin","status_quo","Future",2020-10-06,"cumulative_cases",128579,127159,126354,168748,173932,193916,197464,200287
"Wisconsin","linear_increase_sd","Future",2020-10-06,"cumulative_deaths",1533,1517,1504,1630,1619,1734,1779,1818
"Wisconsin","return_normal","Future",2020-10-06,"cumulative_deaths",1552,1536,1520,1686,1688,1813,1851,1886
"Wisconsin","status_quo","Future",2020-10-06,"cumulative_deaths",1545,1525,1514,1665,1666,1781,1812,1846
"Wisconsin","linear_increase_sd","Future",2020-10-06,"cumulative_hosps",14195,14155,14108,16490,16674,17822,17864,17893
"Wisconsin","return_normal","Future",2020-10-06,"cumulative_hosps",15013,14970,14940,19213,19771,21592,21661,21691
"Wisconsin","status_quo","Future",2020-10-06,"cumulative_hosps",14632,14590,14554,17905,18264,19744,19799,19839
"Wisconsin","linear_increase_sd","Future",2020-10-06,"daily_all_infections",326,317,312,969,1079,1327,1364,1381
"Wisconsin","return_normal","Future",2020-10-06,"daily_all_infections",5759,5703,5656,17263,19253,23852,23976,24100
"Wisconsin","status_quo","Future",2020-10-06,"daily_all_infections",2206,2170,2148,6631,7370,9211,9262,9318
"Wisconsin","linear_increase_sd","Future",2020-10-06,"daily_cases",258,209,189,816,826,1274,1386,1575
"Wisconsin","return_normal","Future",2020-10-06,"daily_cases",1889,1525,1368,6242,6516,10026,10842,12117
"Wisconsin","status_quo","Future",2020-10-06,"daily_cases",966,786,734,3113,3154,4879,5552,6484
"Wisconsin","linear_increase_sd","Future",2020-10-06,"daily_deaths",4,2,1,24,18,48,61,73
"Wisconsin","return_normal","Future",2020-10-06,"daily_deaths",6,3,2,38,28,84,106,127
"Wisconsin","status_quo","Future",2020-10-06,"daily_deaths",5,3,2,33,24,70,84,103
"Wisconsin","linear_increase_sd","Future",2020-10-06,"daily_hosps",79,72,69,241,271,337,347,352
"Wisconsin","return_normal","Future",2020-10-06,"daily_hosps",215,206,200,712,807,1011,1027,1039
"Wisconsin","status_quo","Future",2020-10-06,"daily_hosps",151,142,138,473,537,658,671,689
"Wisconsin","linear_increase_sd","Future",2020-10-06,"latent_trend",NA,NA,NA,0.415599170637926,NA,NA,NA,NA
"Wisconsin","return_normal","Future",2020-10-06,"latent_trend",NA,NA,NA,0.415599170637926,NA,NA,NA,NA
"Wisconsin","status_quo","Future",2020-10-06,"latent_trend",NA,NA,NA,0.415599170637926,NA,NA,NA,NA
"Wisconsin","linear_increase_sd","Future",2020-10-06,"mobility_trend",NA,NA,NA,0.3,NA,NA,NA,NA
"Wisconsin","return_normal","Future",2020-10-06,"mobility_trend",NA,NA,NA,1,NA,NA,NA,NA
"Wisconsin","status_quo","Future",2020-10-06,"mobility_trend",NA,NA,NA,0.69851164222199,NA,NA,NA,NA
"Wisconsin","linear_increase_sd","Future",2020-10-07,"combined_trend",NA,NA,NA,0.124679751191378,NA,NA,NA,NA
"Wisconsin","return_normal","Future",2020-10-07,"combined_trend",NA,NA,NA,0.415599170637926,NA,NA,NA,NA
"Wisconsin","status_quo","Future",2020-10-07,"combined_trend",NA,NA,NA,0.290300859188395,NA,NA,NA,NA
"Wisconsin","linear_increase_sd","Future",2020-10-07,"cumulative_all_infections",305097,304835,304709,410720,424367,464675,465309,465531
"Wisconsin","return_normal","Future",2020-10-07,"cumulative_all_infections",380759,380036,379469,651630,696480,781012,782926,783984
"Wisconsin","status_quo","Future",2020-10-07,"cumulative_all_infections",338329,337828,337517,516050,543152,598693,599730,600475
"Wisconsin","linear_increase_sd","Future",2020-10-07,"cumulative_cases",120930,120312,119860,145681,148448,161157,163182,165613
"Wisconsin","return_normal","Future",2020-10-07,"cumulative_cases",138253,137254,136304,201482,211477,240858,247277,250625
"Wisconsin","status_quo","Future",2020-10-07,"cumulative_cases",129463,128135,127425,171751,177227,198443,201468,204625
"Wisconsin","linear_increase_sd","Future",2020-10-07,"cumulative_deaths",1548,1529,1517,1653,1643,1761,1813,1845
"Wisconsin","return_normal","Future",2020-10-07,"cumulative_deaths",1576,1554,1534,1727,1728,1867,1912,1940
"Wisconsin","status_quo","Future",2020-10-07,"cumulative_deaths",1563,1537,1530,1697,1702,1823,1857,1899
"Wisconsin","linear_increase_sd","Future",2020-10-07,"cumulative_hosps",14266,14217,14175,16700,16918,18098,18146,18179
"Wisconsin","return_normal","Future",2020-10-07,"cumulative_hosps",15240,15195,15157,19935,20600,22607,22664,22720
"Wisconsin","status_quo","Future",2020-10-07,"cumulative_hosps",14769,14730,14698,18361,18785,20366,20429,20471
"Wisconsin","linear_increase_sd","Future",2020-10-07,"daily_all_infections",284,275,266,841,932,1161,1182,1196
"Wisconsin","return_normal","Future",2020-10-07,"daily_all_infections",5841,5779,5737,17308,19294,23870,24019,24141
"Wisconsin","status_quo","Future",2020-10-07,"daily_all_infections",2130,2085,2056,6360,7103,8779,8866,8953
"Wisconsin","linear_increase_sd","Future",2020-10-07,"daily_cases",228,192,167,716,719,1156,1259,1366
"Wisconsin","return_normal","Future",2020-10-07,"daily_cases",1917,1608,1419,6321,6368,10349,11502,12200
"Wisconsin","status_quo","Future",2020-10-07,"daily_cases",923,768,674,3004,2994,4790,5378,5902
"Wisconsin","linear_increase_sd","Future",2020-10-07,"daily_deaths",3,2,1,23,16,49,63,72
"Wisconsin","return_normal","Future",2020-10-07,"daily_deaths",7,3,2,42,34,85,110,132
"Wisconsin","status_quo","Future",2020-10-07,"daily_deaths",5,3,2,32,24,70,88,106
"Wisconsin","linear_increase_sd","Future",2020-10-07,"daily_hosps",67,63,59,211,240,294,299,309
"Wisconsin","return_normal","Future",2020-10-07,"daily_hosps",226,214,207,723,821,1017,1041,1050
"Wisconsin","status_quo","Future",2020-10-07,"daily_hosps",142,132,129,457,519,642,656,666
"Wisconsin","linear_increase_sd","Future",2020-10-07,"latent_trend",NA,NA,NA,0.415599170637926,NA,NA,NA,NA
"Wisconsin","return_normal","Future",2020-10-07,"latent_trend",NA,NA,NA,0.415599170637926,NA,NA,NA,NA
"Wisconsin","status_quo","Future",2020-10-07,"latent_trend",NA,NA,NA,0.415599170637926,NA,NA,NA,NA
"Wisconsin","linear_increase_sd","Future",2020-10-07,"mobility_trend",NA,NA,NA,0.3,NA,NA,NA,NA
"Wisconsin","return_normal","Future",2020-10-07,"mobility_trend",NA,NA,NA,1,NA,NA,NA,NA
"Wisconsin","status_quo","Future",2020-10-07,"mobility_trend",NA,NA,NA,0.69851164222199,NA,NA,NA,NA
"Wisconsin","linear_increase_sd","Future",2020-10-08,"combined_trend",NA,NA,NA,0.124679751191378,NA,NA,NA,NA
"Wisconsin","return_normal","Future",2020-10-08,"combined_trend",NA,NA,NA,0.415599170637926,NA,NA,NA,NA
"Wisconsin","status_quo","Future",2020-10-08,"combined_trend",NA,NA,NA,0.290300859188395,NA,NA,NA,NA
"Wisconsin","linear_increase_sd","Future",2020-10-08,"cumulative_all_infections",305349,305082,304957,411451,425154,465605,466233,466454
"Wisconsin","return_normal","Future",2020-10-08,"cumulative_all_infections",386689,385948,385244,668980,715832,805118,806796,807908
"Wisconsin","status_quo","Future",2020-10-08,"cumulative_all_infections",340381,339820,339521,522152,549936,606407,607361,608118
"Wisconsin","linear_increase_sd","Future",2020-10-08,"cumulative_cases",121101,120537,120052,146313,149019,162057,164222,166266
"Wisconsin","return_normal","Future",2020-10-08,"cumulative_cases",140375,139326,138212,207874,218756,249481,254707,259706
"Wisconsin","status_quo","Future",2020-10-08,"cumulative_cases",130550,128959,128387,174649,179914,202477,205710,208724
"Wisconsin","linear_increase_sd","Future",2020-10-08,"cumulative_deaths",1559,1538,1529,1673,1665,1792,1838,1865
"Wisconsin","return_normal","Future",2020-10-08,"cumulative_deaths",1596,1569,1547,1767,1766,1930,1985,2005
"Wisconsin","status_quo","Future",2020-10-08,"cumulative_deaths",1575,1549,1538,1730,1733,1867,1914,1960
"Wisconsin","linear_increase_sd","Future",2020-10-08,"cumulative_hosps",14324,14280,14235,16885,17128,18346,18399,18438
"Wisconsin","return_normal","Future",2020-10-08,"cumulative_hosps",15460,15416,15386,20663,21411,23625,23694,23751
"Wisconsin","status_quo","Future",2020-10-08,"cumulative_hosps",14905,14866,14834,18799,19293,20979,21046,21096
"Wisconsin","linear_increase_sd","Future",2020-10-08,"daily_all_infections",249,239,228,732,815,1012,1033,1044
"Wisconsin","return_normal","Future",2020-10-08,"daily_all_infections",5919,5819,5767,17351,19325,23864,24033,24100
"Wisconsin","status_quo","Future",2020-10-08,"daily_all_infections",2041,2004,1988,6103,6791,8444,8501,8532
"Wisconsin","linear_increase_sd","Future",2020-10-08,"daily_cases",207,177,160,632,638,1018,1154,1222
"Wisconsin","return_normal","Future",2020-10-08,"daily_cases",2064,1779,1570,6392,6357,10501,11645,12791
"Wisconsin","status_quo","Future",2020-10-08,"daily_cases",970,772,710,2898,2821,4660,5147,5865
"Wisconsin","linear_increase_sd","Future",2020-10-08,"daily_deaths",3,1,1,21,15,47,60,76
"Wisconsin","return_normal","Future",2020-10-08,"daily_deaths",7,4,2,40,32,82,106,127
"Wisconsin","status_quo","Future",2020-10-08,"daily_deaths",7,4,2,34,26,74,85,113
"Wisconsin","linear_increase_sd","Future",2020-10-08,"daily_hosps",60,55,52,185,209,260,265,269
"Wisconsin","return_normal","Future",2020-10-08,"daily_hosps",223,214,210,728,822,1024,1047,1062
"Wisconsin","status_quo","Future",2020-10-08,"daily_hosps",137,131,128,439,494,617,633,646
"Wisconsin","linear_increase_sd","Future",2020-10-08,"latent_trend",NA,NA,NA,0.415599170637926,NA,NA,NA,NA
"Wisconsin","return_normal","Future",2020-10-08,"latent_trend",NA,NA,NA,0.415599170637926,NA,NA,NA,NA
"Wisconsin","status_quo","Future",2020-10-08,"latent_trend",NA,NA,NA,0.415599170637926,NA,NA,NA,NA
"Wisconsin","linear_increase_sd","Future",2020-10-08,"mobility_trend",NA,NA,NA,0.3,NA,NA,NA,NA
"Wisconsin","return_normal","Future",2020-10-08,"mobility_trend",NA,NA,NA,1,NA,NA,NA,NA
"Wisconsin","status_quo","Future",2020-10-08,"mobility_trend",NA,NA,NA,0.69851164222199,NA,NA,NA,NA
"Wisconsin","linear_increase_sd","Future",2020-10-09,"combined_trend",NA,NA,NA,0.124679751191378,NA,NA,NA,NA
"Wisconsin","return_normal","Future",2020-10-09,"combined_trend",NA,NA,NA,0.415599170637926,NA,NA,NA,NA
"Wisconsin","status_quo","Future",2020-10-09,"combined_trend",NA,NA,NA,0.290300859188395,NA,NA,NA,NA
"Wisconsin","linear_increase_sd","Future",2020-10-09,"cumulative_all_infections",305559,305285,305168,412089,425871,466395,467035,467260
"Wisconsin","return_normal","Future",2020-10-09,"cumulative_all_infections",392634,391868,391177,686358,735188,828865,830551,831994
"Wisconsin","status_quo","Future",2020-10-09,"cumulative_all_infections",342372,341820,341452,528009,556462,613819,614711,615582
"Wisconsin","linear_increase_sd","Future",2020-10-09,"cumulative_cases",121283,120811,120210,146864,149584,162768,164897,166901
"Wisconsin","return_normal","Future",2020-10-09,"cumulative_cases",142460,141421,140222,214297,226061,259095,264875,268971
"Wisconsin","status_quo","Future",2020-10-09,"cumulative_cases",131242,129924,129252,177411,183015,205831,209473,212555
"Wisconsin","linear_increase_sd","Future",2020-10-09,"cumulative_deaths",1571,1545,1536,1693,1689,1818,1860,1892
"Wisconsin","return_normal","Future",2020-10-09,"cumulative_deaths",1611,1585,1564,1810,1808,2002,2050,2093
"Wisconsin","status_quo","Future",2020-10-09,"cumulative_deaths",1594,1563,1549,1762,1771,1917,1961,1993
"Wisconsin","linear_increase_sd","Future",2020-10-09,"cumulative_hosps",14379,14334,14297,17046,17299,18564,18613,18655
"Wisconsin","return_normal","Future",2020-10-09,"cumulative_hosps",15691,15642,15614,21394,22238,24648,24730,24805
"Wisconsin","status_quo","Future",2020-10-09,"cumulative_hosps",15042,15000,14964,19219,19762,21560,21651,21698
"Wisconsin","linear_increase_sd","Future",2020-10-09,"daily_all_infections",211,204,198,638,709,885,902,916
"Wisconsin","return_normal","Future",2020-10-09,"daily_all_infections",5989,5899,5861,17378,19334,23825,23996,24081
"Wisconsin","status_quo","Future",2020-10-09,"daily_all_infections",1985,1947,1912,5858,6514,8075,8155,8192
"Wisconsin","linear_increase_sd","Future",2020-10-09,"daily_cases",177,143,123,552,551,888,989,1117
"Wisconsin","return_normal","Future",2020-10-09,"daily_cases",2085,1700,1602,6424,6311,10585,11478,12455
"Wisconsin","status_quo","Future",2020-10-09,"daily_cases",876,751,683,2763,2753,4424,5010,5559
"Wisconsin","linear_increase_sd","Future",2020-10-09,"daily_deaths",3,2,1,21,16,45,56,68
"Wisconsin","return_normal","Future",2020-10-09,"daily_deaths",7,3,2,43,32,97,117,143
"Wisconsin","status_quo","Future",2020-10-09,"daily_deaths",5,3,2,33,25,74,90,109
"Wisconsin","linear_increase_sd","Future",2020-10-09,"daily_hosps",53,48,43,162,181,226,238,244
"Wisconsin","return_normal","Future",2020-10-09,"daily_hosps",229,219,209,732,827,1031,1048,1067
"Wisconsin","status_quo","Future",2020-10-09,"daily_hosps",132,124,121,421,473,595,607,620
"Wisconsin","linear_increase_sd","Future",2020-10-09,"latent_trend",NA,NA,NA,0.415599170637926,NA,NA,NA,NA
"Wisconsin","return_normal","Future",2020-10-09,"latent_trend",NA,NA,NA,0.415599170637926,NA,NA,NA,NA
"Wisconsin","status_quo","Future",2020-10-09,"latent_trend",NA,NA,NA,0.415599170637926,NA,NA,NA,NA
"Wisconsin","linear_increase_sd","Future",2020-10-09,"mobility_trend",NA,NA,NA,0.3,NA,NA,NA,NA
"Wisconsin","return_normal","Future",2020-10-09,"mobility_trend",NA,NA,NA,1,NA,NA,NA,NA
"Wisconsin","status_quo","Future",2020-10-09,"mobility_trend",NA,NA,NA,0.69851164222199,NA,NA,NA,NA
"Wisconsin","linear_increase_sd","Future",2020-10-10,"combined_trend",NA,NA,NA,0.124679751191378,NA,NA,NA,NA
"Wisconsin","return_normal","Future",2020-10-10,"combined_trend",NA,NA,NA,0.415599170637926,NA,NA,NA,NA
"Wisconsin","status_quo","Future",2020-10-10,"combined_trend",NA,NA,NA,0.290300859188395,NA,NA,NA,NA
"Wisconsin","linear_increase_sd","Future",2020-10-10,"cumulative_all_infections",305742,305480,305347,412644,426467,467100,467686,467964
"Wisconsin","return_normal","Future",2020-10-10,"cumulative_all_infections",398716,397865,397199,703761,754515,852714,854421,855889
"Wisconsin","status_quo","Future",2020-10-10,"cumulative_all_infections",344282,343687,343349,533628,562708,620883,621722,622481
"Wisconsin","linear_increase_sd","Future",2020-10-10,"cumulative_cases",121419,120956,120401,147336,150189,163384,165475,167596
"Wisconsin","return_normal","Future",2020-10-10,"cumulative_cases",144442,143445,142226,220741,233181,268003,273027,278680
"Wisconsin","status_quo","Future",2020-10-10,"cumulative_cases",132202,130836,130209,180061,186006,209481,213103,217036
"Wisconsin","linear_increase_sd","Future",2020-10-10,"cumulative_deaths",1584,1556,1543,1713,1709,1841,1893,1919
"Wisconsin","return_normal","Future",2020-10-10,"cumulative_deaths",1633,1597,1582,1854,1852,2066,2119,2152
"Wisconsin","status_quo","Future",2020-10-10,"cumulative_deaths",1604,1574,1557,1794,1802,1963,2008,2046
"Wisconsin","linear_increase_sd","Future",2020-10-10,"cumulative_hosps",14423,14380,14341,17186,17460,18746,18808,18843
"Wisconsin","return_normal","Future",2020-10-10,"cumulative_hosps",15917,15879,15847,22133,23079,25679,25754,25860
"Wisconsin","status_quo","Future",2020-10-10,"cumulative_hosps",15167,15129,15086,19625,20221,22120,22231,22268
"Wisconsin","linear_increase_sd","Future",2020-10-10,"daily_all_infections",187,179,174,556,619,768,788,804
"Wisconsin","return_normal","Future",2020-10-10,"daily_all_infections",6076,5996,5953,17404,19337,23796,23946,24020
"Wisconsin","status_quo","Future",2020-10-10,"daily_all_infections",1906,1875,1850,5619,6225,7754,7816,7865
"Wisconsin","linear_increase_sd","Future",2020-10-10,"daily_cases",147,130,116,473,473,778,861,936
"Wisconsin","return_normal","Future",2020-10-10,"daily_cases",2057,1587,1470,6444,6341,10444,11578,12831
"Wisconsin","status_quo","Future",2020-10-10,"daily_cases",825,650,587,2651,2604,4314,4866,5286
"Wisconsin","linear_increase_sd","Future",2020-10-10,"daily_deaths",3,2,1,20,16,44,53,65
"Wisconsin","return_normal","Future",2020-10-10,"daily_deaths",7,4,2,45,33,95,122,167
"Wisconsin","status_quo","Future",2020-10-10,"daily_deaths",4,2,2,32,24,69,85,100
"Wisconsin","linear_increase_sd","Future",2020-10-10,"daily_hosps",45,42,39,140,154,196,205,212
"Wisconsin","return_normal","Future",2020-10-10,"daily_hosps",232,223,217,740,830,1039,1054,1071
"Wisconsin","status_quo","Future",2020-10-10,"daily_hosps",130,122,119,406,460,567,585,592
"Wisconsin","linear_increase_sd","Future",2020-10-10,"latent_trend",NA,NA,NA,0.415599170637926,NA,NA,NA,NA
"Wisconsin","return_normal","Future",2020-10-10,"latent_trend",NA,NA,NA,0.415599170637926,NA,NA,NA,NA
"Wisconsin","status_quo","Future",2020-10-10,"latent_trend",NA,NA,NA,0.415599170637926,NA,NA,NA,NA
"Wisconsin","linear_increase_sd","Future",2020-10-10,"mobility_trend",NA,NA,NA,0.3,NA,NA,NA,NA
"Wisconsin","return_normal","Future",2020-10-10,"mobility_trend",NA,NA,NA,1,NA,NA,NA,NA
"Wisconsin","status_quo","Future",2020-10-10,"mobility_trend",NA,NA,NA,0.69851164222199,NA,NA,NA,NA
"Wisconsin","linear_increase_sd","Future",2020-10-11,"combined_trend",NA,NA,NA,0.124679751191378,NA,NA,NA,NA
"Wisconsin","return_normal","Future",2020-10-11,"combined_trend",NA,NA,NA,0.415599170637926,NA,NA,NA,NA
"Wisconsin","status_quo","Future",2020-10-11,"combined_trend",NA,NA,NA,0.290300859188395,NA,NA,NA,NA
"Wisconsin","linear_increase_sd","Future",2020-10-11,"cumulative_all_infections",305912,305639,305517,413127,427021,467726,468295,468558
"Wisconsin","return_normal","Future",2020-10-11,"cumulative_all_infections",404864,404104,403276,721177,773814,876466,878286,879637
"Wisconsin","status_quo","Future",2020-10-11,"cumulative_all_infections",346114,345513,345159,539022,568654,627581,628436,629234
"Wisconsin","linear_increase_sd","Future",2020-10-11,"cumulative_cases",121564,121105,120528,147747,150683,163954,165872,168035
"Wisconsin","return_normal","Future",2020-10-11,"cumulative_cases",146578,145317,144417,227174,239903,276301,282408,286154
"Wisconsin","status_quo","Future",2020-10-11,"cumulative_cases",133029,131659,130970,182664,188481,213061,216601,220114
"Wisconsin","linear_increase_sd","Future",2020-10-11,"cumulative_deaths",1590,1562,1546,1731,1728,1864,1913,1948
"Wisconsin","return_normal","Future",2020-10-11,"cumulative_deaths",1644,1613,1587,1902,1908,2132,2187,2234
"Wisconsin","status_quo","Future",2020-10-11,"cumulative_deaths",1619,1584,1572,1826,1842,2002,2039,2071
"Wisconsin","linear_increase_sd","Future",2020-10-11,"cumulative_hosps",14464,14419,14378,17307,17599,18906,18971,19003
"Wisconsin","return_normal","Future",2020-10-11,"cumulative_hosps",16157,16111,16080,22876,23911,26734,26814,26890
"Wisconsin","status_quo","Future",2020-10-11,"cumulative_hosps",15286,15243,15209,20012,20662,22679,22770,22805
"Wisconsin","linear_increase_sd","Future",2020-10-11,"daily_all_infections",164,156,151,484,530,666,690,701
"Wisconsin","return_normal","Future",2020-10-11,"daily_all_infections",6139,6069,5992,17416,19317,23735,23885,23941
"Wisconsin","status_quo","Future",2020-10-11,"daily_all_infections",1841,1799,1783,5395,5992,7417,7511,7561
"Wisconsin","linear_increase_sd","Future",2020-10-11,"daily_cases",142,114,101,412,414,653,725,790
"Wisconsin","return_normal","Future",2020-10-11,"daily_cases",2058,1765,1574,6434,6455,10494,11265,12104
"Wisconsin","status_quo","Future",2020-10-11,"daily_cases",858,709,586,2603,2696,4187,4763,5277
"Wisconsin","linear_increase_sd","Future",2020-10-11,"daily_deaths",3,1,0,18,14,38,48,58
"Wisconsin","return_normal","Future",2020-10-11,"daily_deaths",7,4,2,48,34,98,132,172
"Wisconsin","status_quo","Future",2020-10-11,"daily_deaths",5,2,1,32,25,65,84,109
"Wisconsin","linear_increase_sd","Future",2020-10-11,"daily_hosps",41,36,34,122,134,171,178,183
"Wisconsin","return_normal","Future",2020-10-11,"daily_hosps",236,226,219,743,840,1038,1068,1081
"Wisconsin","status_quo","Future",2020-10-11,"daily_hosps",122,116,109,388,435,544,559,573
"Wisconsin","linear_increase_sd","Future",2020-10-11,"latent_trend",NA,NA,NA,0.415599170637926,NA,NA,NA,NA
"Wisconsin","return_normal","Future",2020-10-11,"latent_trend",NA,NA,NA,0.415599170637926,NA,NA,NA,NA
"Wisconsin","status_quo","Future",2020-10-11,"latent_trend",NA,NA,NA,0.415599170637926,NA,NA,NA,NA
"Wisconsin","linear_increase_sd","Future",2020-10-11,"mobility_trend",NA,NA,NA,0.3,NA,NA,NA,NA
"Wisconsin","return_normal","Future",2020-10-11,"mobility_trend",NA,NA,NA,1,NA,NA,NA,NA
"Wisconsin","status_quo","Future",2020-10-11,"mobility_trend",NA,NA,NA,0.69851164222199,NA,NA,NA,NA
"Wisconsin","linear_increase_sd","Future",2020-10-12,"combined_trend",NA,NA,NA,0.124679751191378,NA,NA,NA,NA
"Wisconsin","return_normal","Future",2020-10-12,"combined_trend",NA,NA,NA,0.415599170637926,NA,NA,NA,NA
"Wisconsin","status_quo","Future",2020-10-12,"combined_trend",NA,NA,NA,0.290300859188395,NA,NA,NA,NA
"Wisconsin","linear_increase_sd","Future",2020-10-12,"cumulative_all_infections",306076,305782,305656,413550,427479,468229,468776,469118
"Wisconsin","return_normal","Future",2020-10-12,"cumulative_all_infections",411118,410160,409447,738603,793130,900250,901976,903498
"Wisconsin","status_quo","Future",2020-10-12,"cumulative_all_infections",347904,347265,346887,544199,574321,634057,634836,635806
"Wisconsin","linear_increase_sd","Future",2020-10-12,"cumulative_cases",121692,121196,120643,148112,151098,164580,166381,168623
"Wisconsin","return_normal","Future",2020-10-12,"cumulative_cases",148958,147353,146279,233694,248200,284436,290992,296188
"Wisconsin","status_quo","Future",2020-10-12,"cumulative_cases",133919,132551,131857,185150,191524,216378,220017,223713
"Wisconsin","linear_increase_sd","Future",2020-10-12,"cumulative_deaths",1598,1567,1549,1746,1747,1882,1925,1968
"Wisconsin","return_normal","Future",2020-10-12,"cumulative_deaths",1659,1631,1603,1947,1952,2192,2267,2292
"Wisconsin","status_quo","Future",2020-10-12,"cumulative_deaths",1624,1594,1578,1857,1879,2054,2086,2132
"Wisconsin","linear_increase_sd","Future",2020-10-12,"cumulative_hosps",14497,14455,14413,17412,17721,19048,19111,19150
"Wisconsin","return_normal","Future",2020-10-12,"cumulative_hosps",16396,16350,16315,23624,24744,27775,27870,27928
"Wisconsin","status_quo","Future",2020-10-12,"cumulative_hosps",15411,15364,15332,20386,21084,23199,23293,23339
"Wisconsin","linear_increase_sd","Future",2020-10-12,"daily_all_infections",145,136,132,423,470,586,597,610
"Wisconsin","return_normal","Future",2020-10-12,"daily_all_infections",6210,6133,6095,17426,19299,23689,23831,23917
"Wisconsin","status_quo","Future",2020-10-12,"daily_all_infections",1779,1742,1718,5177,5725,7102,7168,7217
"Wisconsin","linear_increase_sd","Future",2020-10-12,"daily_cases",120,98,81,365,374,579,671,735
"Wisconsin","return_normal","Future",2020-10-12,"daily_cases",2191,1839,1604,6520,6572,10206,11387,12373
"Wisconsin","status_quo","Future",2020-10-12,"daily_cases",825,673,603,2487,2509,3992,4374,4872
"Wisconsin","linear_increase_sd","Future",2020-10-12,"daily_deaths",2,1,0,16,12,33,42,50
"Wisconsin","return_normal","Future",2020-10-12,"daily_deaths",7,4,2,45,34,99,126,159
"Wisconsin","status_quo","Future",2020-10-12,"daily_deaths",5,2,1,32,25,64,87,113
"Wisconsin","linear_increase_sd","Future",2020-10-12,"daily_hosps",35,31,27,105,116,147,154,158
"Wisconsin","return_normal","Future",2020-10-12,"daily_hosps",239,229,222,749,842,1042,1071,1083
"Wisconsin","status_quo","Future",2020-10-12,"daily_hosps",120,113,110,375,420,526,540,547
"Wisconsin","linear_increase_sd","Future",2020-10-12,"latent_trend",NA,NA,NA,0.415599170637926,NA,NA,NA,NA
"Wisconsin","return_normal","Future",2020-10-12,"latent_trend",NA,NA,NA,0.415599170637926,NA,NA,NA,NA
"Wisconsin","status_quo","Future",2020-10-12,"latent_trend",NA,NA,NA,0.415599170637926,NA,NA,NA,NA
"Wisconsin","linear_increase_sd","Future",2020-10-12,"mobility_trend",NA,NA,NA,0.3,NA,NA,NA,NA
"Wisconsin","return_normal","Future",2020-10-12,"mobility_trend",NA,NA,NA,1,NA,NA,NA,NA
"Wisconsin","status_quo","Future",2020-10-12,"mobility_trend",NA,NA,NA,0.69851164222199,NA,NA,NA,NA
"Wisconsin","linear_increase_sd","Future",2020-10-13,"combined_trend",NA,NA,NA,0.124679751191378,NA,NA,NA,NA
"Wisconsin","return_normal","Future",2020-10-13,"combined_trend",NA,NA,NA,0.415599170637926,NA,NA,NA,NA
"Wisconsin","status_quo","Future",2020-10-13,"combined_trend",NA,NA,NA,0.290300859188395,NA,NA,NA,NA
"Wisconsin","linear_increase_sd","Future",2020-10-13,"cumulative_all_infections",306201,305921,305779,413919,427865,468711,469202,469572
"Wisconsin","return_normal","Future",2020-10-13,"cumulative_all_infections",417400,416450,415578,756026,812463,923832,925567,927228
"Wisconsin","status_quo","Future",2020-10-13,"cumulative_all_infections",349641,348951,348549,549166,579823,640280,641073,641962
"Wisconsin","linear_increase_sd","Future",2020-10-13,"cumulative_cases",121792,121277,120757,148431,151485,164895,166903,169017
"Wisconsin","return_normal","Future",2020-10-13,"cumulative_cases",150988,149543,148406,240286,256075,293783,299705,307763
"Wisconsin","status_quo","Future",2020-10-13,"cumulative_cases",134689,133442,132586,187511,194221,219452,223101,226303
"Wisconsin","linear_increase_sd","Future",2020-10-13,"cumulative_deaths",1604,1571,1553,1761,1764,1904,1949,1990
"Wisconsin","return_normal","Future",2020-10-13,"cumulative_deaths",1678,1641,1612,1993,2003,2260,2327,2374
"Wisconsin","status_quo","Future",2020-10-13,"cumulative_deaths",1636,1604,1582,1888,1907,2089,2140,2203
"Wisconsin","linear_increase_sd","Future",2020-10-13,"cumulative_hosps",14525,14483,14440,17503,17823,19170,19235,19277
"Wisconsin","return_normal","Future",2020-10-13,"cumulative_hosps",16639,16586,16551,24377,25595,28822,28921,29009
"Wisconsin","status_quo","Future",2020-10-13,"cumulative_hosps",15534,15475,15452,20745,21489,23701,23786,23846
"Wisconsin","linear_increase_sd","Future",2020-10-13,"daily_all_infections",124,116,112,369,406,510,523,533
"Wisconsin","return_normal","Future",2020-10-13,"daily_all_infections",6288,6221,6167,17423,19274,23582,23764,23821
"Wisconsin","status_quo","Future",2020-10-13,"daily_all_infections",1725,1694,1671,4968,5478,6831,6912,6936
"Wisconsin","linear_increase_sd","Future",2020-10-13,"daily_cases",97,85,73,319,325,499,544,646
"Wisconsin","return_normal","Future",2020-10-13,"daily_cases",2249,1864,1679,6593,6462,10976,11924,12889
"Wisconsin","status_quo","Future",2020-10-13,"daily_cases",808,700,615,2362,2370,3863,4149,4576
"Wisconsin","linear_increase_sd","Future",2020-10-13,"daily_deaths",1,1,0,15,10,33,43,52
"Wisconsin","return_normal","Future",2020-10-13,"daily_deaths",7,4,2,47,36,94,121,153
"Wisconsin","status_quo","Future",2020-10-13,"daily_deaths",4,2,1,31,23,71,85,100
"Wisconsin","linear_increase_sd","Future",2020-10-13,"daily_hosps",30,26,24,92,101,131,137,144
"Wisconsin","return_normal","Future",2020-10-13,"daily_hosps",244,232,223,754,848,1050,1068,1089
"Wisconsin","status_quo","Future",2020-10-13,"daily_hosps",116,107,104,359,400,501,515,528
"Wisconsin","linear_increase_sd","Future",2020-10-13,"latent_trend",NA,NA,NA,0.415599170637926,NA,NA,NA,NA
"Wisconsin","return_normal","Future",2020-10-13,"latent_trend",NA,NA,NA,0.415599170637926,NA,NA,NA,NA
"Wisconsin","status_quo","Future",2020-10-13,"latent_trend",NA,NA,NA,0.415599170637926,NA,NA,NA,NA
"Wisconsin","linear_increase_sd","Future",2020-10-13,"mobility_trend",NA,NA,NA,0.3,NA,NA,NA,NA
"Wisconsin","return_normal","Future",2020-10-13,"mobility_trend",NA,NA,NA,1,NA,NA,NA,NA
"Wisconsin","status_quo","Future",2020-10-13,"mobility_trend",NA,NA,NA,0.69851164222199,NA,NA,NA,NA
"Wisconsin","linear_increase_sd","Future",2020-10-14,"combined_trend",NA,NA,NA,0.124679751191378,NA,NA,NA,NA
"Wisconsin","return_normal","Future",2020-10-14,"combined_trend",NA,NA,NA,0.415599170637926,NA,NA,NA,NA
"Wisconsin","status_quo","Future",2020-10-14,"combined_trend",NA,NA,NA,0.290300859188395,NA,NA,NA,NA
"Wisconsin","linear_increase_sd","Future",2020-10-14,"cumulative_all_infections",306305,306035,305881,414240,428214,469115,469593,469979
"Wisconsin","return_normal","Future",2020-10-14,"cumulative_all_infections",423803,422867,421982,773454,831708,947402,949048,951111
"Wisconsin","status_quo","Future",2020-10-14,"cumulative_all_infections",351290,350583,350149,553928,585079,646274,647190,647965
"Wisconsin","linear_increase_sd","Future",2020-10-14,"cumulative_cases",121923,121364,120854,148716,151838,165216,167308,169266
"Wisconsin","return_normal","Future",2020-10-14,"cumulative_cases",153380,151838,150639,246750,262722,302650,308689,315167
"Wisconsin","status_quo","Future",2020-10-14,"cumulative_cases",135515,134223,133302,189863,196719,222604,226120,230129
"Wisconsin","linear_increase_sd","Future",2020-10-14,"cumulative_deaths",1611,1574,1557,1773,1775,1921,1962,1995
"Wisconsin","return_normal","Future",2020-10-14,"cumulative_deaths",1693,1653,1627,2039,2062,2326,2412,2460
"Wisconsin","status_quo","Future",2020-10-14,"cumulative_deaths",1648,1615,1591,1916,1939,2127,2176,2232
"Wisconsin","linear_increase_sd","Future",2020-10-14,"cumulative_hosps",14552,14512,14464,17583,17911,19273,19349,19388
"Wisconsin","return_normal","Future",2020-10-14,"cumulative_hosps",16877,16832,16801,25136,26443,29879,29980,30070
"Wisconsin","status_quo","Future",2020-10-14,"cumulative_hosps",15640,15590,15563,21089,21878,24180,24268,24334
"Wisconsin","linear_increase_sd","Future",2020-10-14,"daily_all_infections",111,104,99,322,353,444,455,465
"Wisconsin","return_normal","Future",2020-10-14,"daily_all_infections",6369,6310,6256,17428,19210,23516,23629,23734
"Wisconsin","status_quo","Future",2020-10-14,"daily_all_infections",1661,1625,1607,4763,5261,6515,6588,6638
"Wisconsin","linear_increase_sd","Future",2020-10-14,"daily_cases",93,75,68,286,284,461,531,570
"Wisconsin","return_normal","Future",2020-10-14,"daily_cases",2236,1858,1599,6464,6526,10425,11429,12246
"Wisconsin","status_quo","Future",2020-10-14,"daily_cases",795,612,547,2352,2356,3825,4267,4637
"Wisconsin","linear_increase_sd","Future",2020-10-14,"daily_deaths",1,1,0,13,9,28,36,43
"Wisconsin","return_normal","Future",2020-10-14,"daily_deaths",8,4,2,47,36,99,133,153
"Wisconsin","status_quo","Future",2020-10-14,"daily_deaths",4,2,2,28,21,57,77,90
"Wisconsin","linear_increase_sd","Future",2020-10-14,"daily_hosps",25,22,20,80,88,114,119,124
"Wisconsin","return_normal","Future",2020-10-14,"daily_hosps",247,233,226,759,853,1051,1075,1090
"Wisconsin","status_quo","Future",2020-10-14,"daily_hosps",113,105,101,344,383,481,497,505
"Wisconsin","linear_increase_sd","Future",2020-10-14,"latent_trend",NA,NA,NA,0.415599170637926,NA,NA,NA,NA
"Wisconsin","return_normal","Future",2020-10-14,"latent_trend",NA,NA,NA,0.415599170637926,NA,NA,NA,NA
"Wisconsin","status_quo","Future",2020-10-14,"latent_trend",NA,NA,NA,0.415599170637926,NA,NA,NA,NA
"Wisconsin","linear_increase_sd","Future",2020-10-14,"mobility_trend",NA,NA,NA,0.3,NA,NA,NA,NA
"Wisconsin","return_normal","Future",2020-10-14,"mobility_trend",NA,NA,NA,1,NA,NA,NA,NA
"Wisconsin","status_quo","Future",2020-10-14,"mobility_trend",NA,NA,NA,0.69851164222199,NA,NA,NA,NA
"Wisconsin","linear_increase_sd","Future",2020-10-15,"combined_trend",NA,NA,NA,0.124679751191378,NA,NA,NA,NA
"Wisconsin","return_normal","Future",2020-10-15,"combined_trend",NA,NA,NA,0.415599170637926,NA,NA,NA,NA
"Wisconsin","status_quo","Future",2020-10-15,"combined_trend",NA,NA,NA,0.290300859188395,NA,NA,NA,NA
"Wisconsin","linear_increase_sd","Future",2020-10-15,"cumulative_all_infections",306395,306142,305974,414518,428530,469474,469941,470320
"Wisconsin","return_normal","Future",2020-10-15,"cumulative_all_infections",430172,429229,428342,790829,850786,970831,972220,974557
"Wisconsin","status_quo","Future",2020-10-15,"cumulative_all_infections",352905,352181,351720,558502,590157,652101,652919,653745
"Wisconsin","linear_increase_sd","Future",2020-10-15,"cumulative_cases",122003,121443,120914,148962,152158,165618,167613,169532
"Wisconsin","return_normal","Future",2020-10-15,"cumulative_cases",155282,153787,152854,253332,269837,311012,318490,324935
"Wisconsin","status_quo","Future",2020-10-15,"cumulative_cases",136253,134949,133912,191989,199171,225430,228762,233267
"Wisconsin","linear_increase_sd","Future",2020-10-15,"cumulative_deaths",1615,1576,1562,1785,1790,1934,1978,2016
"Wisconsin","return_normal","Future",2020-10-15,"cumulative_deaths",1702,1661,1637,2088,2113,2387,2467,2525
"Wisconsin","status_quo","Future",2020-10-15,"cumulative_deaths",1655,1622,1602,1944,1969,2168,2218,2266
"Wisconsin","linear_increase_sd","Future",2020-10-15,"cumulative_hosps",14572,14527,14487,17653,17994,19372,19444,19490
"Wisconsin","return_normal","Future",2020-10-15,"cumulative_hosps",17122,17079,17052,25896,27298,30924,31043,31138
"Wisconsin","status_quo","Future",2020-10-15,"cumulative_hosps",15743,15692,15666,21419,22242,24656,24731,24793
"Wisconsin","linear_increase_sd","Future",2020-10-15,"daily_all_infections",96,90,85,279,308,384,399,409
"Wisconsin","return_normal","Future",2020-10-15,"daily_all_infections",6424,6343,6286,17376,19153,23363,23505,23611
"Wisconsin","status_quo","Future",2020-10-15,"daily_all_infections",1603,1569,1547,4575,5047,6256,6322,6353
"Wisconsin","linear_increase_sd","Future",2020-10-15,"daily_cases",80,65,58,247,248,394,444,512
"Wisconsin","return_normal","Future",2020-10-15,"daily_cases",2132,1712,1468,6582,6748,10233,11538,13068
"Wisconsin","status_quo","Future",2020-10-15,"daily_cases",705,584,539,2127,2136,3371,3796,4120
"Wisconsin","linear_increase_sd","Future",2020-10-15,"daily_deaths",2,1,0,12,8,26,33,45
"Wisconsin","return_normal","Future",2020-10-15,"daily_deaths",9,5,4,49,35,107,133,160
"Wisconsin","status_quo","Future",2020-10-15,"daily_deaths",4,2,1,29,22,67,78,92
"Wisconsin","linear_increase_sd","Future",2020-10-15,"daily_hosps",23,20,18,70,77,100,106,108
"Wisconsin","return_normal","Future",2020-10-15,"daily_hosps",251,238,234,760,849,1057,1082,1096
"Wisconsin","status_quo","Future",2020-10-15,"daily_hosps",105,99,93,330,368,462,479,490
"Wisconsin","linear_increase_sd","Future",2020-10-15,"latent_trend",NA,NA,NA,0.415599170637926,NA,NA,NA,NA
"Wisconsin","return_normal","Future",2020-10-15,"latent_trend",NA,NA,NA,0.415599170637926,NA,NA,NA,NA
"Wisconsin","status_quo","Future",2020-10-15,"latent_trend",NA,NA,NA,0.415599170637926,NA,NA,NA,NA
"Wisconsin","linear_increase_sd","Future",2020-10-15,"mobility_trend",NA,NA,NA,0.3,NA,NA,NA,NA
"Wisconsin","return_normal","Future",2020-10-15,"mobility_trend",NA,NA,NA,1,NA,NA,NA,NA
"Wisconsin","status_quo","Future",2020-10-15,"mobility_trend",NA,NA,NA,0.69851164222199,NA,NA,NA,NA
"Wisconsin","linear_increase_sd","Future",2020-10-16,"combined_trend",NA,NA,NA,0.124679751191378,NA,NA,NA,NA
"Wisconsin","return_normal","Future",2020-10-16,"combined_trend",NA,NA,NA,0.415599170637926,NA,NA,NA,NA
"Wisconsin","status_quo","Future",2020-10-16,"combined_trend",NA,NA,NA,0.290300859188395,NA,NA,NA,NA
"Wisconsin","linear_increase_sd","Future",2020-10-16,"cumulative_all_infections",306480,306226,306058,414764,428801,469779,470248,470637
"Wisconsin","return_normal","Future",2020-10-16,"cumulative_all_infections",436711,435662,434783,808184,869957,994108,995632,997923
"Wisconsin","status_quo","Future",2020-10-16,"cumulative_all_infections",354435,353749,353229,562884,594928,657526,658528,659306
"Wisconsin","linear_increase_sd","Future",2020-10-16,"cumulative_cases",122081,121509,120970,149175,152343,166018,167876,169829
"Wisconsin","return_normal","Future",2020-10-16,"cumulative_cases",157719,156135,154849,259890,276853,320385,327371,335184
"Wisconsin","status_quo","Future",2020-10-16,"cumulative_cases",136874,135553,134697,194095,201193,228141,232644,236367
"Wisconsin","linear_increase_sd","Future",2020-10-16,"cumulative_deaths",1617,1580,1568,1795,1802,1945,1992,2029
"Wisconsin","return_normal","Future",2020-10-16,"cumulative_deaths",1718,1677,1655,2137,2167,2465,2528,2599
"Wisconsin","status_quo","Future",2020-10-16,"cumulative_deaths",1664,1631,1611,1972,2002,2205,2262,2307
"Wisconsin","linear_increase_sd","Future",2020-10-16,"cumulative_hosps",14598,14546,14503,17713,18060,19456,19529,19579
"Wisconsin","return_normal","Future",2020-10-16,"cumulative_hosps",17381,17326,17299,26661,28161,31998,32116,32230
"Wisconsin","status_quo","Future",2020-10-16,"cumulative_hosps",15844,15797,15767,21738,22601,25106,25172,25244
"Wisconsin","linear_increase_sd","Future",2020-10-16,"daily_all_infections",83,78,75,246,268,339,354,362
"Wisconsin","return_normal","Future",2020-10-16,"daily_all_infections",6501,6420,6374,17355,19111,23257,23383,23499
"Wisconsin","status_quo","Future",2020-10-16,"daily_all_infections",1541,1508,1492,4382,4815,5989,6051,6096
"Wisconsin","linear_increase_sd","Future",2020-10-16,"daily_cases",68,55,45,213,220,339,377,411
"Wisconsin","return_normal","Future",2020-10-16,"daily_cases",2373,1783,1591,6559,6632,10599,11760,12815
"Wisconsin","status_quo","Future",2020-10-16,"daily_cases",675,565,490,2107,2164,3340,3716,3986
"Wisconsin","linear_increase_sd","Future",2020-10-16,"daily_deaths",1,0,0,11,7,23,31,37
"Wisconsin","return_normal","Future",2020-10-16,"daily_deaths",7,4,3,50,35,115,140,166
"Wisconsin","status_quo","Future",2020-10-16,"daily_deaths",5,3,2,29,20,61,81,96
"Wisconsin","linear_increase_sd","Future",2020-10-16,"daily_hosps",21,17,16,61,66,87,92,95
"Wisconsin","return_normal","Future",2020-10-16,"daily_hosps",253,244,237,766,859,1064,1086,1101
"Wisconsin","status_quo","Future",2020-10-16,"daily_hosps",105,98,93,320,357,443,459,470
"Wisconsin","linear_increase_sd","Future",2020-10-16,"latent_trend",NA,NA,NA,0.415599170637926,NA,NA,NA,NA
"Wisconsin","return_normal","Future",2020-10-16,"latent_trend",NA,NA,NA,0.415599170637926,NA,NA,NA,NA
"Wisconsin","status_quo","Future",2020-10-16,"latent_trend",NA,NA,NA,0.415599170637926,NA,NA,NA,NA
"Wisconsin","linear_increase_sd","Future",2020-10-16,"mobility_trend",NA,NA,NA,0.3,NA,NA,NA,NA
"Wisconsin","return_normal","Future",2020-10-16,"mobility_trend",NA,NA,NA,1,NA,NA,NA,NA
"Wisconsin","status_quo","Future",2020-10-16,"mobility_trend",NA,NA,NA,0.69851164222199,NA,NA,NA,NA
"Wisconsin","linear_increase_sd","Future",2020-10-17,"combined_trend",NA,NA,NA,0.124679751191378,NA,NA,NA,NA
"Wisconsin","return_normal","Future",2020-10-17,"combined_trend",NA,NA,NA,0.415599170637926,NA,NA,NA,NA
"Wisconsin","status_quo","Future",2020-10-17,"combined_trend",NA,NA,NA,0.290300859188395,NA,NA,NA,NA
"Wisconsin","linear_increase_sd","Future",2020-10-17,"cumulative_all_infections",306543,306294,306124,414977,429031,470041,470513,470907
"Wisconsin","return_normal","Future",2020-10-17,"cumulative_all_infections",443299,442197,441241,825507,889083,1017284,1018755,1021365
"Wisconsin","status_quo","Future",2020-10-17,"cumulative_all_infections",355915,355235,354658,567091,599510,662887,663831,664787
"Wisconsin","linear_increase_sd","Future",2020-10-17,"cumulative_cases",122124,121561,121054,149362,152559,166334,168110,170081
"Wisconsin","return_normal","Future",2020-10-17,"cumulative_cases",159833,158415,157364,266275,284079,329478,336784,343903
"Wisconsin","status_quo","Future",2020-10-17,"cumulative_cases",137483,136285,135422,196110,203769,230749,235366,238798
"Wisconsin","linear_increase_sd","Future",2020-10-17,"cumulative_deaths",1621,1581,1569,1804,1813,1956,2002,2040
"Wisconsin","return_normal","Future",2020-10-17,"cumulative_deaths",1732,1689,1668,2188,2227,2524,2589,2687
"Wisconsin","status_quo","Future",2020-10-17,"cumulative_deaths",1674,1634,1620,2000,2033,2231,2289,2387
"Wisconsin","linear_increase_sd","Future",2020-10-17,"cumulative_hosps",14614,14565,14519,17766,18116,19528,19602,19651
"Wisconsin","return_normal","Future",2020-10-17,"cumulative_hosps",17643,17590,17552,27431,29011,33047,33180,33304
"Wisconsin","status_quo","Future",2020-10-17,"cumulative_hosps",15948,15902,15865,22043,22947,25529,25593,25667
"Wisconsin","linear_increase_sd","Future",2020-10-17,"daily_all_infections",73,67,64,214,235,297,304,313
"Wisconsin","return_normal","Future",2020-10-17,"daily_all_infections",6565,6510,6462,17324,19041,23095,23263,23344
"Wisconsin","status_quo","Future",2020-10-17,"daily_all_infections",1499,1455,1437,4208,4631,5746,5799,5850
"Wisconsin","linear_increase_sd","Future",2020-10-17,"daily_cases",62,49,42,188,190,304,325,371
"Wisconsin","return_normal","Future",2020-10-17,"daily_cases",2285,1968,1699,6386,6465,9896,11144,12239
"Wisconsin","status_quo","Future",2020-10-17,"daily_cases",696,572,476,2015,2105,3127,3413,3620
"Wisconsin","linear_increase_sd","Future",2020-10-17,"daily_deaths",1,0,0,9,7,18,24,29
"Wisconsin","return_normal","Future",2020-10-17,"daily_deaths",8,4,2,51,37,111,131,179
"Wisconsin","status_quo","Future",2020-10-17,"daily_deaths",5,3,2,28,21,60,76,101
"Wisconsin","linear_increase_sd","Future",2020-10-17,"daily_hosps",18,15,13,53,57,76,79,83
"Wisconsin","return_normal","Future",2020-10-17,"daily_hosps",260,248,239,770,860,1059,1085,1099
"Wisconsin","status_quo","Future",2020-10-17,"daily_hosps",102,96,90,306,342,422,437,445
"Wisconsin","linear_increase_sd","Future",2020-10-17,"latent_trend",NA,NA,NA,0.415599170637926,NA,NA,NA,NA
"Wisconsin","return_normal","Future",2020-10-17,"latent_trend",NA,NA,NA,0.415599170637926,NA,NA,NA,NA
"Wisconsin","status_quo","Future",2020-10-17,"latent_trend",NA,NA,NA,0.415599170637926,NA,NA,NA,NA
"Wisconsin","linear_increase_sd","Future",2020-10-17,"mobility_trend",NA,NA,NA,0.3,NA,NA,NA,NA
"Wisconsin","return_normal","Future",2020-10-17,"mobility_trend",NA,NA,NA,1,NA,NA,NA,NA
"Wisconsin","status_quo","Future",2020-10-17,"mobility_trend",NA,NA,NA,0.69851164222199,NA,NA,NA,NA
"Wisconsin","linear_increase_sd","Future",2020-10-18,"combined_trend",NA,NA,NA,0.124679751191378,NA,NA,NA,NA
"Wisconsin","return_normal","Future",2020-10-18,"combined_trend",NA,NA,NA,0.415599170637926,NA,NA,NA,NA
"Wisconsin","status_quo","Future",2020-10-18,"combined_trend",NA,NA,NA,0.290300859188395,NA,NA,NA,NA
"Wisconsin","linear_increase_sd","Future",2020-10-18,"cumulative_all_infections",306620,306367,306182,415164,429235,470273,470744,471149
"Wisconsin","return_normal","Future",2020-10-18,"cumulative_all_infections",449923,448741,447824,842763,907966,1040305,1041804,1044516
"Wisconsin","status_quo","Future",2020-10-18,"cumulative_all_infections",357357,356719,356052,571124,603967,668072,669030,669954
"Wisconsin","linear_increase_sd","Future",2020-10-18,"cumulative_cases",122174,121625,121105,149524,152770,166562,168356,170421
"Wisconsin","return_normal","Future",2020-10-18,"cumulative_cases",162145,160515,159618,272869,291615,337871,347125,352774
"Wisconsin","status_quo","Future",2020-10-18,"cumulative_cases",138179,136961,136140,198074,205676,233651,237919,241502
"Wisconsin","linear_increase_sd","Future",2020-10-18,"cumulative_deaths",1623,1586,1570,1812,1821,1964,2013,2049
"Wisconsin","return_normal","Future",2020-10-18,"cumulative_deaths",1748,1705,1680,2241,2278,2596,2695,2773
"Wisconsin","status_quo","Future",2020-10-18,"cumulative_deaths",1681,1643,1624,2025,2060,2268,2318,2404
"Wisconsin","linear_increase_sd","Future",2020-10-18,"cumulative_hosps",14628,14579,14533,17812,18172,19594,19661,19710
"Wisconsin","return_normal","Future",2020-10-18,"cumulative_hosps",17895,17849,17802,28203,29873,34104,34256,34375
"Wisconsin","status_quo","Future",2020-10-18,"cumulative_hosps",16048,16000,15961,22338,23279,25920,26007,26073
"Wisconsin","linear_increase_sd","Future",2020-10-18,"daily_all_infections",64,60,57,187,203,258,269,276
"Wisconsin","return_normal","Future",2020-10-18,"daily_all_infections",6664,6585,6528,17257,18903,22945,23098,23179
"Wisconsin","status_quo","Future",2020-10-18,"daily_all_infections",1443,1405,1382,4033,4413,5493,5550,5577
"Wisconsin","linear_increase_sd","Future",2020-10-18,"daily_cases",53,46,39,162,162,264,291,312
"Wisconsin","return_normal","Future",2020-10-18,"daily_cases",2252,1852,1640,6594,6602,10466,11796,12887
"Wisconsin","status_quo","Future",2020-10-18,"daily_cases",663,526,480,1965,1969,3172,3514,3891
"Wisconsin","linear_increase_sd","Future",2020-10-18,"daily_deaths",0,0,0,8,5,18,24,29
"Wisconsin","return_normal","Future",2020-10-18,"daily_deaths",8,6,3,54,35,117,154,172
"Wisconsin","status_quo","Future",2020-10-18,"daily_deaths",3,2,1,25,18,55,68,83
"Wisconsin","linear_increase_sd","Future",2020-10-18,"daily_hosps",15,13,11,47,50,68,73,76
"Wisconsin","return_normal","Future",2020-10-18,"daily_hosps",258,250,239,772,864,1061,1084,1095
"Wisconsin","status_quo","Future",2020-10-18,"daily_hosps",100,92,85,295,327,408,422,429
"Wisconsin","linear_increase_sd","Future",2020-10-18,"latent_trend",NA,NA,NA,0.415599170637926,NA,NA,NA,NA
"Wisconsin","return_normal","Future",2020-10-18,"latent_trend",NA,NA,NA,0.415599170637926,NA,NA,NA,NA
"Wisconsin","status_quo","Future",2020-10-18,"latent_trend",NA,NA,NA,0.415599170637926,NA,NA,NA,NA
"Wisconsin","linear_increase_sd","Future",2020-10-18,"mobility_trend",NA,NA,NA,0.3,NA,NA,NA,NA
"Wisconsin","return_normal","Future",2020-10-18,"mobility_trend",NA,NA,NA,1,NA,NA,NA,NA
"Wisconsin","status_quo","Future",2020-10-18,"mobility_trend",NA,NA,NA,0.69851164222199,NA,NA,NA,NA
"Wisconsin","linear_increase_sd","Future",2020-10-19,"combined_trend",NA,NA,NA,0.124679751191378,NA,NA,NA,NA
"Wisconsin","return_normal","Future",2020-10-19,"combined_trend",NA,NA,NA,0.415599170637926,NA,NA,NA,NA
"Wisconsin","status_quo","Future",2020-10-19,"combined_trend",NA,NA,NA,0.290300859188395,NA,NA,NA,NA
"Wisconsin","linear_increase_sd","Future",2020-10-19,"cumulative_all_infections",306671,306423,306230,415326,429417,470479,470951,471343
"Wisconsin","return_normal","Future",2020-10-19,"cumulative_all_infections",456638,455442,454528,859962,926794,1063037,1064572,1067445
"Wisconsin","status_quo","Future",2020-10-19,"cumulative_all_infections",358767,358057,357405,574992,608163,672924,674103,674819
"Wisconsin","linear_increase_sd","Future",2020-10-19,"cumulative_cases",122234,121662,121161,149663,152928,166702,168525,170560
"Wisconsin","return_normal","Future",2020-10-19,"cumulative_cases",164684,162781,161667,279535,298947,347466,355440,361059
"Wisconsin","status_quo","Future",2020-10-19,"cumulative_cases",138833,137679,136993,199954,207826,236615,240404,244345
"Wisconsin","linear_increase_sd","Future",2020-10-19,"cumulative_deaths",1623,1591,1575,1818,1831,1973,2019,2071
"Wisconsin","return_normal","Future",2020-10-19,"cumulative_deaths",1763,1725,1696,2292,2333,2663,2751,2853
"Wisconsin","status_quo","Future",2020-10-19,"cumulative_deaths",1688,1649,1631,2049,2093,2295,2352,2450
"Wisconsin","linear_increase_sd","Future",2020-10-19,"cumulative_hosps",14642,14595,14551,17853,18223,19645,19718,19771
"Wisconsin","return_normal","Future",2020-10-19,"cumulative_hosps",18164,18113,18055,28979,30734,35170,35327,35452
"Wisconsin","status_quo","Future",2020-10-19,"cumulative_hosps",16144,16097,16050,22621,23596,26324,26421,26467
"Wisconsin","linear_increase_sd","Future",2020-10-19,"daily_all_infections",56,50,46,162,176,226,233,241
"Wisconsin","return_normal","Future",2020-10-19,"daily_all_infections",6733,6651,6589,17199,18859,22748,22867,22979
"Wisconsin","status_quo","Future",2020-10-19,"daily_all_infections",1385,1357,1341,3868,4237,5272,5332,5364
"Wisconsin","linear_increase_sd","Future",2020-10-19,"daily_cases",48,38,33,140,138,225,260,279
"Wisconsin","return_normal","Future",2020-10-19,"daily_cases",2329,2070,1796,6667,6631,10672,11854,12847
"Wisconsin","status_quo","Future",2020-10-19,"daily_cases",632,551,467,1880,1822,3071,3384,3708
"Wisconsin","linear_increase_sd","Future",2020-10-19,"daily_deaths",0,0,0,7,5,15,21,27
"Wisconsin","return_normal","Future",2020-10-19,"daily_deaths",7,5,2,51,36,113,142,177
"Wisconsin","status_quo","Future",2020-10-19,"daily_deaths",4,2,1,25,18,53,72,87
"Wisconsin","linear_increase_sd","Future",2020-10-19,"daily_hosps",14,11,10,41,44,59,61,65
"Wisconsin","return_normal","Future",2020-10-19,"daily_hosps",263,255,246,777,861,1064,1089,1105
"Wisconsin","status_quo","Future",2020-10-19,"daily_hosps",95,86,83,284,316,391,404,418
"Wisconsin","linear_increase_sd","Future",2020-10-19,"latent_trend",NA,NA,NA,0.415599170637926,NA,NA,NA,NA
"Wisconsin","return_normal","Future",2020-10-19,"latent_trend",NA,NA,NA,0.415599170637926,NA,NA,NA,NA
"Wisconsin","status_quo","Future",2020-10-19,"latent_trend",NA,NA,NA,0.415599170637926,NA,NA,NA,NA
"Wisconsin","linear_increase_sd","Future",2020-10-19,"mobility_trend",NA,NA,NA,0.3,NA,NA,NA,NA
"Wisconsin","return_normal","Future",2020-10-19,"mobility_trend",NA,NA,NA,1,NA,NA,NA,NA
"Wisconsin","status_quo","Future",2020-10-19,"mobility_trend",NA,NA,NA,0.69851164222199,NA,NA,NA,NA
"Wisconsin","linear_increase_sd","Future",2020-10-20,"combined_trend",NA,NA,NA,0.124679751191378,NA,NA,NA,NA
"Wisconsin","return_normal","Future",2020-10-20,"combined_trend",NA,NA,NA,0.415599170637926,NA,NA,NA,NA
"Wisconsin","status_quo","Future",2020-10-20,"combined_trend",NA,NA,NA,0.290300859188395,NA,NA,NA,NA
"Wisconsin","linear_increase_sd","Future",2020-10-20,"cumulative_all_infections",306727,306472,306274,415467,429570,470680,471126,471509
"Wisconsin","return_normal","Future",2020-10-20,"cumulative_all_infections",463424,462150,461185,877104,945578,1085701,1087282,1090147
"Wisconsin","status_quo","Future",2020-10-20,"cumulative_all_infections",360086,359373,358766,578697,612191,677817,679016,679771
"Wisconsin","linear_increase_sd","Future",2020-10-20,"cumulative_cases",122259,121739,121214,149785,153093,166857,168696,170690
"Wisconsin","return_normal","Future",2020-10-20,"cumulative_cases",167174,165369,163918,286103,305349,355389,364064,368892
"Wisconsin","status_quo","Future",2020-10-20,"cumulative_cases",139480,138459,137611,201715,209840,238709,242729,246877
"Wisconsin","linear_increase_sd","Future",2020-10-20,"cumulative_deaths",1625,1592,1577,1824,1837,1979,2026,2076
"Wisconsin","return_normal","Future",2020-10-20,"cumulative_deaths",1775,1740,1698,2340,2381,2740,2849,2906
"Wisconsin","status_quo","Future",2020-10-20,"cumulative_deaths",1698,1662,1643,2073,2116,2336,2385,2463
"Wisconsin","linear_increase_sd","Future",2020-10-20,"cumulative_hosps",14653,14608,14565,17888,18260,19694,19768,19818
"Wisconsin","return_normal","Future",2020-10-20,"cumulative_hosps",18432,18376,18312,29753,31599,36233,36380,36518
"Wisconsin","status_quo","Future",2020-10-20,"cumulative_hosps",16239,16187,16142,22893,23893,26698,26789,26851
"Wisconsin","linear_increase_sd","Future",2020-10-20,"daily_all_infections",50,45,41,141,154,196,204,210
"Wisconsin","return_normal","Future",2020-10-20,"daily_all_infections",6801,6711,6640,17142,18737,22605,22693,22840
"Wisconsin","status_quo","Future",2020-10-20,"daily_all_infections",1340,1310,1285,3706,4045,5042,5089,5118
"Wisconsin","linear_increase_sd","Future",2020-10-20,"daily_cases",41,32,27,122,123,195,221,236
"Wisconsin","return_normal","Future",2020-10-20,"daily_cases",2350,2112,1777,6568,6618,10248,11405,12742
"Wisconsin","status_quo","Future",2020-10-20,"daily_cases",596,507,459,1762,1789,2785,3074,3380
"Wisconsin","linear_increase_sd","Future",2020-10-20,"daily_deaths",0,0,0,7,4,15,20,23
"Wisconsin","return_normal","Future",2020-10-20,"daily_deaths",8,4,2,49,38,103,129,149
"Wisconsin","status_quo","Future",2020-10-20,"daily_deaths",3,2,1,24,17,50,67,89
"Wisconsin","linear_increase_sd","Future",2020-10-20,"daily_hosps",12,10,9,36,38,50,54,57
"Wisconsin","return_normal","Future",2020-10-20,"daily_hosps",264,252,241,775,863,1064,1080,1095
"Wisconsin","status_quo","Future",2020-10-20,"daily_hosps",93,84,80,272,301,377,390,396
"Wisconsin","linear_increase_sd","Future",2020-10-20,"latent_trend",NA,NA,NA,0.415599170637926,NA,NA,NA,NA
"Wisconsin","return_normal","Future",2020-10-20,"latent_trend",NA,NA,NA,0.415599170637926,NA,NA,NA,NA
"Wisconsin","status_quo","Future",2020-10-20,"latent_trend",NA,NA,NA,0.415599170637926,NA,NA,NA,NA
"Wisconsin","linear_increase_sd","Future",2020-10-20,"mobility_trend",NA,NA,NA,0.3,NA,NA,NA,NA
"Wisconsin","return_normal","Future",2020-10-20,"mobility_trend",NA,NA,NA,1,NA,NA,NA,NA
"Wisconsin","status_quo","Future",2020-10-20,"mobility_trend",NA,NA,NA,0.69851164222199,NA,NA,NA,NA
"Wisconsin","linear_increase_sd","Future",2020-10-21,"combined_trend",NA,NA,NA,0.124679751191378,NA,NA,NA,NA
"Wisconsin","return_normal","Future",2020-10-21,"combined_trend",NA,NA,NA,0.415599170637926,NA,NA,NA,NA
"Wisconsin","status_quo","Future",2020-10-21,"combined_trend",NA,NA,NA,0.290300859188395,NA,NA,NA,NA
"Wisconsin","linear_increase_sd","Future",2020-10-21,"cumulative_all_infections",306765,306518,306318,415590,429688,470845,471287,471660
"Wisconsin","return_normal","Future",2020-10-21,"cumulative_all_infections",470232,468979,468017,894160,964286,1108040,1109779,1112565
"Wisconsin","status_quo","Future",2020-10-21,"cumulative_all_infections",361359,360663,360031,582251,616055,682356,683562,684261
"Wisconsin","linear_increase_sd","Future",2020-10-21,"cumulative_cases",122294,121777,121251,149894,153223,166982,168818,170836
"Wisconsin","return_normal","Future",2020-10-21,"cumulative_cases",169619,167768,166412,292618,312514,363778,372912,378430
"Wisconsin","status_quo","Future",2020-10-21,"cumulative_cases",140070,139071,138175,203440,212205,240832,245564,248825
"Wisconsin","linear_increase_sd","Future",2020-10-21,"cumulative_deaths",1627,1592,1578,1829,1842,1984,2029,2088
"Wisconsin","return_normal","Future",2020-10-21,"cumulative_deaths",1792,1754,1715,2389,2442,2811,2918,2986
"Wisconsin","status_quo","Future",2020-10-21,"cumulative_deaths",1705,1669,1649,2096,2144,2364,2415,2497
"Wisconsin","linear_increase_sd","Future",2020-10-21,"cumulative_hosps",14664,14619,14576,17918,18294,19734,19807,19864
"Wisconsin","return_normal","Future",2020-10-21,"cumulative_hosps",18705,18646,18588,30531,32454,37295,37448,37570
"Wisconsin","status_quo","Future",2020-10-21,"cumulative_hosps",16327,16276,16229,23154,24178,27058,27145,27227
"Wisconsin","linear_increase_sd","Future",2020-10-21,"daily_all_infections",42,38,35,124,132,171,183,186
"Wisconsin","return_normal","Future",2020-10-21,"daily_all_infections",6870,6806,6740,17056,18609,22349,22496,22605
"Wisconsin","status_quo","Future",2020-10-21,"daily_all_infections",1292,1262,1236,3554,3885,4800,4866,4904
"Wisconsin","linear_increase_sd","Future",2020-10-21,"daily_cases",37,30,26,110,106,174,207,227
"Wisconsin","return_normal","Future",2020-10-21,"daily_cases",2371,2074,1777,6516,6662,10131,11069,12157
"Wisconsin","status_quo","Future",2020-10-21,"daily_cases",618,511,447,1725,1696,2767,3074,3277
"Wisconsin","linear_increase_sd","Future",2020-10-21,"daily_deaths",0,0,0,5,3,12,15,18
"Wisconsin","return_normal","Future",2020-10-21,"daily_deaths",8,5,3,49,36,108,121,145
"Wisconsin","status_quo","Future",2020-10-21,"daily_deaths",4,2,2,24,17,50,65,74
"Wisconsin","linear_increase_sd","Future",2020-10-21,"daily_hosps",10,8,6,31,33,45,49,51
"Wisconsin","return_normal","Future",2020-10-21,"daily_hosps",275,263,257,778,863,1062,1086,1098
"Wisconsin","status_quo","Future",2020-10-21,"daily_hosps",88,83,80,262,289,366,377,382
"Wisconsin","linear_increase_sd","Future",2020-10-21,"latent_trend",NA,NA,NA,0.415599170637926,NA,NA,NA,NA
"Wisconsin","return_normal","Future",2020-10-21,"latent_trend",NA,NA,NA,0.415599170637926,NA,NA,NA,NA
"Wisconsin","status_quo","Future",2020-10-21,"latent_trend",NA,NA,NA,0.415599170637926,NA,NA,NA,NA
"Wisconsin","linear_increase_sd","Future",2020-10-21,"mobility_trend",NA,NA,NA,0.3,NA,NA,NA,NA
"Wisconsin","return_normal","Future",2020-10-21,"mobility_trend",NA,NA,NA,1,NA,NA,NA,NA
"Wisconsin","status_quo","Future",2020-10-21,"mobility_trend",NA,NA,NA,0.69851164222199,NA,NA,NA,NA
"Wisconsin","linear_increase_sd","Future",2020-10-22,"combined_trend",NA,NA,NA,0.124679751191378,NA,NA,NA,NA
"Wisconsin","return_normal","Future",2020-10-22,"combined_trend",NA,NA,NA,0.415599170637926,NA,NA,NA,NA
"Wisconsin","status_quo","Future",2020-10-22,"combined_trend",NA,NA,NA,0.290300859188395,NA,NA,NA,NA
"Wisconsin","linear_increase_sd","Future",2020-10-22,"cumulative_all_infections",306802,306559,306350,415698,429799,470975,471429,471798
"Wisconsin","return_normal","Future",2020-10-22,"cumulative_all_infections",477166,475856,474816,911139,982714,1130247,1132037,1134854
"Wisconsin","status_quo","Future",2020-10-22,"cumulative_all_infections",362626,361974,361231,585657,619827,686891,688171,688702
"Wisconsin","linear_increase_sd","Future",2020-10-22,"cumulative_cases",122330,121817,121289,149986,153328,167067,168934,170978
"Wisconsin","return_normal","Future",2020-10-22,"cumulative_cases",171997,170009,168748,299232,320238,372367,380329,387400
"Wisconsin","status_quo","Future",2020-10-22,"cumulative_cases",140558,139642,138813,205089,213665,242742,247587,250853
"Wisconsin","linear_increase_sd","Future",2020-10-22,"cumulative_deaths",1629,1593,1579,1834,1845,1997,2033,2097
"Wisconsin","return_normal","Future",2020-10-22,"cumulative_deaths",1806,1763,1732,2439,2504,2871,2994,3057
"Wisconsin","status_quo","Future",2020-10-22,"cumulative_deaths",1714,1681,1657,2117,2170,2387,2449,2539
"Wisconsin","linear_increase_sd","Future",2020-10-22,"cumulative_hosps",14674,14629,14583,17945,18327,19773,19844,19902
"Wisconsin","return_normal","Future",2020-10-22,"cumulative_hosps",18981,18915,18860,31311,33313,38361,38539,38647
"Wisconsin","status_quo","Future",2020-10-22,"cumulative_hosps",16415,16353,16308,23406,24461,27401,27492,27563
"Wisconsin","linear_increase_sd","Future",2020-10-22,"daily_all_infections",39,34,32,108,115,151,156,164
"Wisconsin","return_normal","Future",2020-10-22,"daily_all_infections",6929,6863,6792,16980,18506,22168,22315,22407
"Wisconsin","status_quo","Future",2020-10-22,"daily_all_infections",1254,1217,1205,3407,3721,4608,4675,4702
"Wisconsin","linear_increase_sd","Future",2020-10-22,"daily_cases",32,25,21,92,93,147,163,185
"Wisconsin","return_normal","Future",2020-10-22,"daily_cases",2372,2028,1742,6615,6774,9936,11278,12287
"Wisconsin","status_quo","Future",2020-10-22,"daily_cases",571,472,400,1649,1709,2615,2812,2999
"Wisconsin","linear_increase_sd","Future",2020-10-22,"daily_deaths",0,0,0,5,3,11,15,19
"Wisconsin","return_normal","Future",2020-10-22,"daily_deaths",7,4,2,51,37,111,138,166
"Wisconsin","status_quo","Future",2020-10-22,"daily_deaths",3,2,1,22,16,45,60,65
"Wisconsin","linear_increase_sd","Future",2020-10-22,"daily_hosps",9,7,6,28,30,40,43,45
"Wisconsin","return_normal","Future",2020-10-22,"daily_hosps",280,266,259,781,862,1066,1082,1101
"Wisconsin","status_quo","Future",2020-10-22,"daily_hosps",86,77,74,252,278,346,363,373
"Wisconsin","linear_increase_sd","Future",2020-10-22,"latent_trend",NA,NA,NA,0.415599170637926,NA,NA,NA,NA
"Wisconsin","return_normal","Future",2020-10-22,"latent_trend",NA,NA,NA,0.415599170637926,NA,NA,NA,NA
"Wisconsin","status_quo","Future",2020-10-22,"latent_trend",NA,NA,NA,0.415599170637926,NA,NA,NA,NA
"Wisconsin","linear_increase_sd","Future",2020-10-22,"mobility_trend",NA,NA,NA,0.3,NA,NA,NA,NA
"Wisconsin","return_normal","Future",2020-10-22,"mobility_trend",NA,NA,NA,1,NA,NA,NA,NA
"Wisconsin","status_quo","Future",2020-10-22,"mobility_trend",NA,NA,NA,0.69851164222199,NA,NA,NA,NA
"Wisconsin","linear_increase_sd","Future",2020-10-23,"combined_trend",NA,NA,NA,0.124679751191378,NA,NA,NA,NA
"Wisconsin","return_normal","Future",2020-10-23,"combined_trend",NA,NA,NA,0.415599170637926,NA,NA,NA,NA
"Wisconsin","status_quo","Future",2020-10-23,"combined_trend",NA,NA,NA,0.290300859188395,NA,NA,NA,NA
"Wisconsin","linear_increase_sd","Future",2020-10-23,"cumulative_all_infections",306832,306585,306381,415792,429912,471100,471535,471911
"Wisconsin","return_normal","Future",2020-10-23,"cumulative_all_infections",484147,482658,481694,928017,1000997,1152012,1154037,1156841
"Wisconsin","status_quo","Future",2020-10-23,"cumulative_all_infections",363831,363144,362392,588921,623438,691193,692350,693095
"Wisconsin","linear_increase_sd","Future",2020-10-23,"cumulative_cases",122361,121850,121321,150068,153403,167142,169078,171124
"Wisconsin","return_normal","Future",2020-10-23,"cumulative_cases",174494,172594,171307,305588,328132,380117,387674,395774
"Wisconsin","status_quo","Future",2020-10-23,"cumulative_cases",141066,140175,139367,206666,215507,244851,249837,252927
"Wisconsin","linear_increase_sd","Future",2020-10-23,"cumulative_deaths",1631,1596,1580,1838,1852,1999,2039,2101
"Wisconsin","return_normal","Future",2020-10-23,"cumulative_deaths",1823,1782,1746,2490,2569,2932,3058,3151
"Wisconsin","status_quo","Future",2020-10-23,"cumulative_deaths",1722,1690,1661,2138,2190,2421,2481,2559
"Wisconsin","linear_increase_sd","Future",2020-10-23,"cumulative_hosps",14679,14636,14591,17969,18351,19806,19880,19933
"Wisconsin","return_normal","Future",2020-10-23,"cumulative_hosps",19265,19188,19134,32091,34186,39424,39596,39712
"Wisconsin","status_quo","Future",2020-10-23,"cumulative_hosps",16493,16436,16386,23646,24725,27726,27827,27897
"Wisconsin","linear_increase_sd","Future",2020-10-23,"daily_all_infections",32,28,25,94,102,133,139,144
"Wisconsin","return_normal","Future",2020-10-23,"daily_all_infections",7014,6923,6844,16878,18349,21951,22084,22139
"Wisconsin","status_quo","Future",2020-10-23,"daily_all_infections",1190,1172,1156,3265,3552,4429,4477,4495
"Wisconsin","linear_increase_sd","Future",2020-10-23,"daily_cases",26,21,18,83,82,132,151,167
"Wisconsin","return_normal","Future",2020-10-23,"daily_cases",2435,2080,1778,6356,6404,9715,10480,11387
"Wisconsin","status_quo","Future",2020-10-23,"daily_cases",560,474,418,1578,1575,2536,2864,3108
"Wisconsin","linear_increase_sd","Future",2020-10-23,"daily_deaths",0,0,0,4,2,10,13,17
"Wisconsin","return_normal","Future",2020-10-23,"daily_deaths",8,6,4,51,41,107,138,151
"Wisconsin","status_quo","Future",2020-10-23,"daily_deaths",3,1,0,22,15,48,59,75
"Wisconsin","linear_increase_sd","Future",2020-10-23,"daily_hosps",8,5,4,24,25,36,39,41
"Wisconsin","return_normal","Future",2020-10-23,"daily_hosps",280,266,257,781,865,1059,1083,1098
"Wisconsin","status_quo","Future",2020-10-23,"daily_hosps",81,75,71,241,264,332,345,354
"Wisconsin","linear_increase_sd","Future",2020-10-23,"latent_trend",NA,NA,NA,0.415599170637926,NA,NA,NA,NA
"Wisconsin","return_normal","Future",2020-10-23,"latent_trend",NA,NA,NA,0.415599170637926,NA,NA,NA,NA
"Wisconsin","status_quo","Future",2020-10-23,"latent_trend",NA,NA,NA,0.415599170637926,NA,NA,NA,NA
"Wisconsin","linear_increase_sd","Future",2020-10-23,"mobility_trend",NA,NA,NA,0.3,NA,NA,NA,NA
"Wisconsin","return_normal","Future",2020-10-23,"mobility_trend",NA,NA,NA,1,NA,NA,NA,NA
"Wisconsin","status_quo","Future",2020-10-23,"mobility_trend",NA,NA,NA,0.69851164222199,NA,NA,NA,NA
"Wisconsin","linear_increase_sd","Future",2020-10-24,"combined_trend",NA,NA,NA,0.124679751191378,NA,NA,NA,NA
"Wisconsin","return_normal","Future",2020-10-24,"combined_trend",NA,NA,NA,0.415599170637926,NA,NA,NA,NA
"Wisconsin","status_quo","Future",2020-10-24,"combined_trend",NA,NA,NA,0.290300859188395,NA,NA,NA,NA
"Wisconsin","linear_increase_sd","Future",2020-10-24,"cumulative_all_infections",306861,306608,306409,415873,430006,471196,471647,472025
"Wisconsin","return_normal","Future",2020-10-24,"cumulative_all_infections",491243,489842,488613,944807,1019245,1173606,1175861,1178737
"Wisconsin","status_quo","Future",2020-10-24,"cumulative_all_infections",364994,364282,363562,592052,626914,695337,696348,697425
"Wisconsin","linear_increase_sd","Future",2020-10-24,"cumulative_cases",122386,121871,121349,150140,153469,167248,169152,171226
"Wisconsin","return_normal","Future",2020-10-24,"cumulative_cases",176984,175223,173148,312156,335409,389011,397321,403857
"Wisconsin","status_quo","Future",2020-10-24,"cumulative_cases",141644,140655,139849,208187,217334,246720,252363,255288
"Wisconsin","linear_increase_sd","Future",2020-10-24,"cumulative_deaths",1632,1596,1580,1841,1856,2002,2052,2103
"Wisconsin","return_normal","Future",2020-10-24,"cumulative_deaths",1846,1799,1758,2540,2619,3018,3137,3203
"Wisconsin","status_quo","Future",2020-10-24,"cumulative_deaths",1730,1694,1667,2157,2211,2443,2499,2595
"Wisconsin","linear_increase_sd","Future",2020-10-24,"cumulative_hosps",14687,14642,14598,17989,18372,19832,19908,19962
"Wisconsin","return_normal","Future",2020-10-24,"cumulative_hosps",19536,19459,19410,32870,35041,40481,40631,40755
"Wisconsin","status_quo","Future",2020-10-24,"cumulative_hosps",16568,16512,16462,23877,24979,28039,28137,28218
"Wisconsin","linear_increase_sd","Future",2020-10-24,"daily_all_infections",29,25,23,82,87,116,121,125
"Wisconsin","return_normal","Future",2020-10-24,"daily_all_infections",7075,6967,6910,16791,18241,21670,21819,21927
"Wisconsin","status_quo","Future",2020-10-24,"daily_all_infections",1157,1130,1108,3131,3411,4223,4277,4322
"Wisconsin","linear_increase_sd","Future",2020-10-24,"daily_cases",25,20,17,72,71,122,137,148
"Wisconsin","return_normal","Future",2020-10-24,"daily_cases",2342,2052,1805,6568,6761,10099,11124,12269
"Wisconsin","status_quo","Future",2020-10-24,"daily_cases",523,454,396,1521,1556,2352,2582,2755
"Wisconsin","linear_increase_sd","Future",2020-10-24,"daily_deaths",0,0,0,4,2,9,12,15
"Wisconsin","return_normal","Future",2020-10-24,"daily_deaths",10,6,4,51,36,109,149,170
"Wisconsin","status_quo","Future",2020-10-24,"daily_deaths",3,1,0,19,14,42,58,64
"Wisconsin","linear_increase_sd","Future",2020-10-24,"daily_hosps",7,5,4,21,21,31,34,36
"Wisconsin","return_normal","Future",2020-10-24,"daily_hosps",272,264,257,780,862,1052,1074,1083
"Wisconsin","status_quo","Future",2020-10-24,"daily_hosps",79,74,70,231,256,319,333,341
"Wisconsin","linear_increase_sd","Future",2020-10-24,"latent_trend",NA,NA,NA,0.415599170637926,NA,NA,NA,NA
"Wisconsin","return_normal","Future",2020-10-24,"latent_trend",NA,NA,NA,0.415599170637926,NA,NA,NA,NA
"Wisconsin","status_quo","Future",2020-10-24,"latent_trend",NA,NA,NA,0.415599170637926,NA,NA,NA,NA
"Wisconsin","linear_increase_sd","Future",2020-10-24,"mobility_trend",NA,NA,NA,0.3,NA,NA,NA,NA
"Wisconsin","return_normal","Future",2020-10-24,"mobility_trend",NA,NA,NA,1,NA,NA,NA,NA
"Wisconsin","status_quo","Future",2020-10-24,"mobility_trend",NA,NA,NA,0.69851164222199,NA,NA,NA,NA
"Wisconsin","linear_increase_sd","Future",2020-10-25,"combined_trend",NA,NA,NA,0.124679751191378,NA,NA,NA,NA
"Wisconsin","return_normal","Future",2020-10-25,"combined_trend",NA,NA,NA,0.415599170637926,NA,NA,NA,NA
"Wisconsin","status_quo","Future",2020-10-25,"combined_trend",NA,NA,NA,0.290300859188395,NA,NA,NA,NA
"Wisconsin","linear_increase_sd","Future",2020-10-25,"cumulative_all_infections",306878,306623,306429,415944,430082,471280,471738,472115
"Wisconsin","return_normal","Future",2020-10-25,"cumulative_all_infections",498485,496928,495720,961477,1037336,1195061,1197290,1200423
"Wisconsin","status_quo","Future",2020-10-25,"cumulative_all_infections",366092,365362,364635,595051,630155,699260,700194,701547
"Wisconsin","linear_increase_sd","Future",2020-10-25,"cumulative_cases",122409,121890,121365,150202,153529,167342,169241,171297
"Wisconsin","return_normal","Future",2020-10-25,"cumulative_cases",179347,177351,175646,318733,342054,396823,404946,412809
"Wisconsin","status_quo","Future",2020-10-25,"cumulative_cases",142203,141054,140428,209650,218957,248698,254007,256790
"Wisconsin","linear_increase_sd","Future",2020-10-25,"cumulative_deaths",1632,1596,1583,1844,1859,2004,2058,2108
"Wisconsin","return_normal","Future",2020-10-25,"cumulative_deaths",1858,1813,1779,2591,2671,3098,3206,3264
"Wisconsin","status_quo","Future",2020-10-25,"cumulative_deaths",1737,1699,1675,2176,2232,2468,2521,2605
"Wisconsin","linear_increase_sd","Future",2020-10-25,"cumulative_hosps",14693,14646,14604,18007,18391,19856,19927,19987
"Wisconsin","return_normal","Future",2020-10-25,"cumulative_hosps",19821,19745,19686,33651,35889,41543,41668,41826
"Wisconsin","status_quo","Future",2020-10-25,"cumulative_hosps",16649,16587,16537,24098,25232,28333,28448,28530
"Wisconsin","linear_increase_sd","Future",2020-10-25,"daily_all_infections",24,21,19,71,77,100,106,111
"Wisconsin","return_normal","Future",2020-10-25,"daily_all_infections",7149,7047,7002,16671,18094,21412,21575,21667
"Wisconsin","status_quo","Future",2020-10-25,"daily_all_infections",1119,1090,1081,2999,3256,4024,4083,4115
"Wisconsin","linear_increase_sd","Future",2020-10-25,"daily_cases",21,16,14,63,63,100,112,124
"Wisconsin","return_normal","Future",2020-10-25,"daily_cases",2469,2048,1810,6578,6694,10397,11355,12286
"Wisconsin","status_quo","Future",2020-10-25,"daily_cases",523,460,389,1463,1454,2380,2609,2928
"Wisconsin","linear_increase_sd","Future",2020-10-25,"daily_deaths",0,0,0,3,1,8,10,13
"Wisconsin","return_normal","Future",2020-10-25,"daily_deaths",9,6,4,51,39,108,133,171
"Wisconsin","status_quo","Future",2020-10-25,"daily_deaths",3,2,1,20,15,45,53,60
"Wisconsin","linear_increase_sd","Future",2020-10-25,"daily_hosps",6,4,4,18,19,28,30,32
"Wisconsin","return_normal","Future",2020-10-25,"daily_hosps",286,274,265,781,860,1056,1078,1089
"Wisconsin","status_quo","Future",2020-10-25,"daily_hosps",76,69,66,222,246,306,319,328
"Wisconsin","linear_increase_sd","Future",2020-10-25,"latent_trend",NA,NA,NA,0.415599170637926,NA,NA,NA,NA
"Wisconsin","return_normal","Future",2020-10-25,"latent_trend",NA,NA,NA,0.415599170637926,NA,NA,NA,NA
"Wisconsin","status_quo","Future",2020-10-25,"latent_trend",NA,NA,NA,0.415599170637926,NA,NA,NA,NA
"Wisconsin","linear_increase_sd","Future",2020-10-25,"mobility_trend",NA,NA,NA,0.3,NA,NA,NA,NA
"Wisconsin","return_normal","Future",2020-10-25,"mobility_trend",NA,NA,NA,1,NA,NA,NA,NA
"Wisconsin","status_quo","Future",2020-10-25,"mobility_trend",NA,NA,NA,0.69851164222199,NA,NA,NA,NA
