"location","sim_type","period","date","variable","lower_80","lower_90","lower_95","mean_value","median_value","upper_80","upper_90","upper_95"
"Utah",NA,"Past",2020-03-07,"actual_cumulative_cases",NA,NA,NA,1,NA,NA,NA,NA
"Utah",NA,"Past",2020-03-07,"actual_cumulative_deaths",NA,NA,NA,0,NA,NA,NA,NA
"Utah",NA,"Past",2020-03-07,"actual_daily_cases",NA,NA,NA,1,NA,NA,NA,NA
"Utah",NA,"Past",2020-03-07,"actual_daily_deaths",NA,NA,NA,0,NA,NA,NA,NA
"Utah","linear_increase_sd","Past",2020-03-07,"combined_trend",NA,NA,NA,0.93639085092796,NA,NA,NA,NA
"Utah","return_normal","Past",2020-03-07,"combined_trend",NA,NA,NA,0.93639085092796,NA,NA,NA,NA
"Utah","status_quo","Past",2020-03-07,"combined_trend",NA,NA,NA,0.93639085092796,NA,NA,NA,NA
"Utah","linear_increase_sd","Past",2020-03-07,"cumulative_all_infections",0,0,0,0,0,0,0,0
"Utah","return_normal","Past",2020-03-07,"cumulative_all_infections",0,0,0,0,0,0,0,0
"Utah","status_quo","Past",2020-03-07,"cumulative_all_infections",0,0,0,0,0,0,0,0
"Utah","linear_increase_sd","Past",2020-03-07,"cumulative_cases",0,0,0,0,0,0,0,0
"Utah","return_normal","Past",2020-03-07,"cumulative_cases",0,0,0,0,0,0,0,0
"Utah","status_quo","Past",2020-03-07,"cumulative_cases",0,0,0,0,0,0,0,0
"Utah","linear_increase_sd","Past",2020-03-07,"cumulative_deaths",0,0,0,0,0,0,0,0
"Utah","return_normal","Past",2020-03-07,"cumulative_deaths",0,0,0,0,0,0,0,0
"Utah","status_quo","Past",2020-03-07,"cumulative_deaths",0,0,0,0,0,0,0,0
"Utah","linear_increase_sd","Past",2020-03-07,"cumulative_hosps",0,0,0,0,0,0,0,0
"Utah","return_normal","Past",2020-03-07,"cumulative_hosps",0,0,0,0,0,0,0,0
"Utah","status_quo","Past",2020-03-07,"cumulative_hosps",0,0,0,0,0,0,0,0
"Utah","linear_increase_sd","Past",2020-03-07,"daily_all_infections",0,0,0,0,0,0,0,0
"Utah","return_normal","Past",2020-03-07,"daily_all_infections",0,0,0,0,0,0,0,0
"Utah","status_quo","Past",2020-03-07,"daily_all_infections",0,0,0,0,0,0,0,0
"Utah","linear_increase_sd","Past",2020-03-07,"daily_cases",0,0,0,0,0,0,0,0
"Utah","return_normal","Past",2020-03-07,"daily_cases",0,0,0,0,0,0,0,0
"Utah","status_quo","Past",2020-03-07,"daily_cases",0,0,0,0,0,0,0,0
"Utah","linear_increase_sd","Past",2020-03-07,"daily_deaths",0,0,0,0,0,0,0,0
"Utah","return_normal","Past",2020-03-07,"daily_deaths",0,0,0,0,0,0,0,0
"Utah","status_quo","Past",2020-03-07,"daily_deaths",0,0,0,0,0,0,0,0
"Utah","linear_increase_sd","Past",2020-03-07,"daily_hosps",0,0,0,0,0,0,0,0
"Utah","return_normal","Past",2020-03-07,"daily_hosps",0,0,0,0,0,0,0,0
"Utah","status_quo","Past",2020-03-07,"daily_hosps",0,0,0,0,0,0,0,0
"Utah","linear_increase_sd","Past",2020-03-07,"latent_trend",NA,NA,NA,1,NA,NA,NA,NA
"Utah","return_normal","Past",2020-03-07,"latent_trend",NA,NA,NA,1,NA,NA,NA,NA
"Utah","status_quo","Past",2020-03-07,"latent_trend",NA,NA,NA,1,NA,NA,NA,NA
"Utah","linear_increase_sd","Past",2020-03-07,"mobility_trend",NA,NA,NA,0.93639085092796,NA,NA,NA,NA
"Utah","return_normal","Past",2020-03-07,"mobility_trend",NA,NA,NA,0.93639085092796,NA,NA,NA,NA
"Utah","status_quo","Past",2020-03-07,"mobility_trend",NA,NA,NA,0.93639085092796,NA,NA,NA,NA
"Utah",NA,"Past",2020-03-08,"actual_cumulative_cases",NA,NA,NA,1,NA,NA,NA,NA
"Utah",NA,"Past",2020-03-08,"actual_cumulative_deaths",NA,NA,NA,0,NA,NA,NA,NA
"Utah",NA,"Past",2020-03-08,"actual_daily_cases",NA,NA,NA,0,NA,NA,NA,NA
"Utah",NA,"Past",2020-03-08,"actual_daily_deaths",NA,NA,NA,0,NA,NA,NA,NA
"Utah","linear_increase_sd","Past",2020-03-08,"combined_trend",NA,NA,NA,0.894517412427194,NA,NA,NA,NA
"Utah","return_normal","Past",2020-03-08,"combined_trend",NA,NA,NA,0.894517412427194,NA,NA,NA,NA
"Utah","status_quo","Past",2020-03-08,"combined_trend",NA,NA,NA,0.894517412427194,NA,NA,NA,NA
"Utah","linear_increase_sd","Past",2020-03-08,"cumulative_all_infections",22,22,22,78,102,110,110,110
"Utah","return_normal","Past",2020-03-08,"cumulative_all_infections",22,22,22,78,102,110,110,110
"Utah","status_quo","Past",2020-03-08,"cumulative_all_infections",22,22,22,78,102,110,110,110
"Utah","linear_increase_sd","Past",2020-03-08,"cumulative_cases",2,2,2,2,2,2,2,2
"Utah","return_normal","Past",2020-03-08,"cumulative_cases",2,2,2,2,2,2,2,2
"Utah","status_quo","Past",2020-03-08,"cumulative_cases",2,2,2,2,2,2,2,2
"Utah","linear_increase_sd","Past",2020-03-08,"cumulative_deaths",0,0,0,0,0,0,0,0
"Utah","return_normal","Past",2020-03-08,"cumulative_deaths",0,0,0,0,0,0,0,0
"Utah","status_quo","Past",2020-03-08,"cumulative_deaths",0,0,0,0,0,0,0,0
"Utah","linear_increase_sd","Past",2020-03-08,"cumulative_hosps",1,1,1,1,1,1,1,1
"Utah","return_normal","Past",2020-03-08,"cumulative_hosps",1,1,1,1,1,1,1,1
"Utah","status_quo","Past",2020-03-08,"cumulative_hosps",1,1,1,1,1,1,1,1
"Utah","linear_increase_sd","Past",2020-03-08,"daily_all_infections",22,22,22,78,102,110,110,110
"Utah","return_normal","Past",2020-03-08,"daily_all_infections",22,22,22,78,102,110,110,110
"Utah","status_quo","Past",2020-03-08,"daily_all_infections",22,22,22,78,102,110,110,110
"Utah","linear_increase_sd","Past",2020-03-08,"daily_cases",2,2,2,2,2,2,2,2
"Utah","return_normal","Past",2020-03-08,"daily_cases",2,2,2,2,2,2,2,2
"Utah","status_quo","Past",2020-03-08,"daily_cases",2,2,2,2,2,2,2,2
"Utah","linear_increase_sd","Past",2020-03-08,"daily_deaths",0,0,0,0,0,0,0,0
"Utah","return_normal","Past",2020-03-08,"daily_deaths",0,0,0,0,0,0,0,0
"Utah","status_quo","Past",2020-03-08,"daily_deaths",0,0,0,0,0,0,0,0
"Utah","linear_increase_sd","Past",2020-03-08,"daily_hosps",1,1,1,1,1,1,1,1
"Utah","return_normal","Past",2020-03-08,"daily_hosps",1,1,1,1,1,1,1,1
"Utah","status_quo","Past",2020-03-08,"daily_hosps",1,1,1,1,1,1,1,1
"Utah","linear_increase_sd","Past",2020-03-08,"latent_trend",NA,NA,NA,0.966429129967003,NA,NA,NA,NA
"Utah","return_normal","Past",2020-03-08,"latent_trend",NA,NA,NA,0.966429129967003,NA,NA,NA,NA
"Utah","status_quo","Past",2020-03-08,"latent_trend",NA,NA,NA,0.966429129967003,NA,NA,NA,NA
"Utah","linear_increase_sd","Past",2020-03-08,"mobility_trend",NA,NA,NA,0.925590283539711,NA,NA,NA,NA
"Utah","return_normal","Past",2020-03-08,"mobility_trend",NA,NA,NA,0.925590283539711,NA,NA,NA,NA
"Utah","status_quo","Past",2020-03-08,"mobility_trend",NA,NA,NA,0.925590283539711,NA,NA,NA,NA
"Utah",NA,"Past",2020-03-09,"actual_cumulative_cases",NA,NA,NA,1,NA,NA,NA,NA
"Utah",NA,"Past",2020-03-09,"actual_cumulative_deaths",NA,NA,NA,0,NA,NA,NA,NA
"Utah",NA,"Past",2020-03-09,"actual_daily_cases",NA,NA,NA,0,NA,NA,NA,NA
"Utah",NA,"Past",2020-03-09,"actual_daily_deaths",NA,NA,NA,0,NA,NA,NA,NA
"Utah","linear_increase_sd","Past",2020-03-09,"combined_trend",NA,NA,NA,0.888755519433665,NA,NA,NA,NA
"Utah","return_normal","Past",2020-03-09,"combined_trend",NA,NA,NA,0.888755519433665,NA,NA,NA,NA
"Utah","status_quo","Past",2020-03-09,"combined_trend",NA,NA,NA,0.888755519433665,NA,NA,NA,NA
"Utah","linear_increase_sd","Past",2020-03-09,"cumulative_all_infections",62,62,62,152,195,199,199,199
"Utah","return_normal","Past",2020-03-09,"cumulative_all_infections",62,62,62,152,195,199,199,199
"Utah","status_quo","Past",2020-03-09,"cumulative_all_infections",62,62,62,152,195,199,199,199
"Utah","linear_increase_sd","Past",2020-03-09,"cumulative_cases",4,4,4,4,4,4,4,4
"Utah","return_normal","Past",2020-03-09,"cumulative_cases",4,4,4,4,4,4,4,4
"Utah","status_quo","Past",2020-03-09,"cumulative_cases",4,4,4,4,4,4,4,4
"Utah","linear_increase_sd","Past",2020-03-09,"cumulative_deaths",0,0,0,0,0,0,0,0
"Utah","return_normal","Past",2020-03-09,"cumulative_deaths",0,0,0,0,0,0,0,0
"Utah","status_quo","Past",2020-03-09,"cumulative_deaths",0,0,0,0,0,0,0,0
"Utah","linear_increase_sd","Past",2020-03-09,"cumulative_hosps",2,2,2,2,2,2,2,2
"Utah","return_normal","Past",2020-03-09,"cumulative_hosps",2,2,2,2,2,2,2,2
"Utah","status_quo","Past",2020-03-09,"cumulative_hosps",2,2,2,2,2,2,2,2
"Utah","linear_increase_sd","Past",2020-03-09,"daily_all_infections",40,40,40,74,89,93,93,93
"Utah","return_normal","Past",2020-03-09,"daily_all_infections",40,40,40,74,89,93,93,93
"Utah","status_quo","Past",2020-03-09,"daily_all_infections",40,40,40,74,89,93,93,93
"Utah","linear_increase_sd","Past",2020-03-09,"daily_cases",2,2,2,2,2,2,2,2
"Utah","return_normal","Past",2020-03-09,"daily_cases",2,2,2,2,2,2,2,2
"Utah","status_quo","Past",2020-03-09,"daily_cases",2,2,2,2,2,2,2,2
"Utah","linear_increase_sd","Past",2020-03-09,"daily_deaths",0,0,0,0,0,0,0,0
"Utah","return_normal","Past",2020-03-09,"daily_deaths",0,0,0,0,0,0,0,0
"Utah","status_quo","Past",2020-03-09,"daily_deaths",0,0,0,0,0,0,0,0
"Utah","linear_increase_sd","Past",2020-03-09,"daily_hosps",1,1,1,1,1,1,1,1
"Utah","return_normal","Past",2020-03-09,"daily_hosps",1,1,1,1,1,1,1,1
"Utah","status_quo","Past",2020-03-09,"daily_hosps",1,1,1,1,1,1,1,1
"Utah","linear_increase_sd","Past",2020-03-09,"latent_trend",NA,NA,NA,0.972237664450729,NA,NA,NA,NA
"Utah","return_normal","Past",2020-03-09,"latent_trend",NA,NA,NA,0.972237664450729,NA,NA,NA,NA
"Utah","status_quo","Past",2020-03-09,"latent_trend",NA,NA,NA,0.972237664450729,NA,NA,NA,NA
"Utah","linear_increase_sd","Past",2020-03-09,"mobility_trend",NA,NA,NA,0.914134014686391,NA,NA,NA,NA
"Utah","return_normal","Past",2020-03-09,"mobility_trend",NA,NA,NA,0.914134014686391,NA,NA,NA,NA
"Utah","status_quo","Past",2020-03-09,"mobility_trend",NA,NA,NA,0.914134014686391,NA,NA,NA,NA
"Utah",NA,"Past",2020-03-10,"actual_cumulative_cases",NA,NA,NA,2,NA,NA,NA,NA
"Utah",NA,"Past",2020-03-10,"actual_cumulative_deaths",NA,NA,NA,0,NA,NA,NA,NA
"Utah",NA,"Past",2020-03-10,"actual_daily_cases",NA,NA,NA,1,NA,NA,NA,NA
"Utah",NA,"Past",2020-03-10,"actual_daily_deaths",NA,NA,NA,0,NA,NA,NA,NA
"Utah","linear_increase_sd","Past",2020-03-10,"combined_trend",NA,NA,NA,0.880435555113519,NA,NA,NA,NA
"Utah","return_normal","Past",2020-03-10,"combined_trend",NA,NA,NA,0.880435555113519,NA,NA,NA,NA
"Utah","status_quo","Past",2020-03-10,"combined_trend",NA,NA,NA,0.880435555113519,NA,NA,NA,NA
"Utah","linear_increase_sd","Past",2020-03-10,"cumulative_all_infections",121,121,121,222,271,273,273,273
"Utah","return_normal","Past",2020-03-10,"cumulative_all_infections",121,121,121,222,271,273,273,273
"Utah","status_quo","Past",2020-03-10,"cumulative_all_infections",121,121,121,222,271,273,273,273
"Utah","linear_increase_sd","Past",2020-03-10,"cumulative_cases",6,6,6,7,6,7,7,7
"Utah","return_normal","Past",2020-03-10,"cumulative_cases",6,6,6,7,6,7,7,7
"Utah","status_quo","Past",2020-03-10,"cumulative_cases",6,6,6,7,6,7,7,7
"Utah","linear_increase_sd","Past",2020-03-10,"cumulative_deaths",0,0,0,1,1,1,1,1
"Utah","return_normal","Past",2020-03-10,"cumulative_deaths",0,0,0,1,1,1,1,1
"Utah","status_quo","Past",2020-03-10,"cumulative_deaths",0,0,0,1,1,1,1,1
"Utah","linear_increase_sd","Past",2020-03-10,"cumulative_hosps",3,3,3,3,3,3,3,3
"Utah","return_normal","Past",2020-03-10,"cumulative_hosps",3,3,3,3,3,3,3,3
"Utah","status_quo","Past",2020-03-10,"cumulative_hosps",3,3,3,3,3,3,3,3
"Utah","linear_increase_sd","Past",2020-03-10,"daily_all_infections",59,59,59,70,72,78,78,78
"Utah","return_normal","Past",2020-03-10,"daily_all_infections",59,59,59,70,72,78,78,78
"Utah","status_quo","Past",2020-03-10,"daily_all_infections",59,59,59,70,72,78,78,78
"Utah","linear_increase_sd","Past",2020-03-10,"daily_cases",2,2,2,3,2,3,3,3
"Utah","return_normal","Past",2020-03-10,"daily_cases",2,2,2,3,2,3,3,3
"Utah","status_quo","Past",2020-03-10,"daily_cases",2,2,2,3,2,3,3,3
"Utah","linear_increase_sd","Past",2020-03-10,"daily_deaths",0,0,0,1,1,1,1,1
"Utah","return_normal","Past",2020-03-10,"daily_deaths",0,0,0,1,1,1,1,1
"Utah","status_quo","Past",2020-03-10,"daily_deaths",0,0,0,1,1,1,1,1
"Utah","linear_increase_sd","Past",2020-03-10,"daily_hosps",1,1,1,1,1,1,1,1
"Utah","return_normal","Past",2020-03-10,"daily_hosps",1,1,1,1,1,1,1,1
"Utah","status_quo","Past",2020-03-10,"daily_hosps",1,1,1,1,1,1,1,1
"Utah","linear_increase_sd","Past",2020-03-10,"latent_trend",NA,NA,NA,0.976006840052941,NA,NA,NA,NA
"Utah","return_normal","Past",2020-03-10,"latent_trend",NA,NA,NA,0.976006840052941,NA,NA,NA,NA
"Utah","status_quo","Past",2020-03-10,"latent_trend",NA,NA,NA,0.976006840052941,NA,NA,NA,NA
"Utah","linear_increase_sd","Past",2020-03-10,"mobility_trend",NA,NA,NA,0.902079287749419,NA,NA,NA,NA
"Utah","return_normal","Past",2020-03-10,"mobility_trend",NA,NA,NA,0.902079287749419,NA,NA,NA,NA
"Utah","status_quo","Past",2020-03-10,"mobility_trend",NA,NA,NA,0.902079287749419,NA,NA,NA,NA
"Utah",NA,"Past",2020-03-11,"actual_cumulative_cases",NA,NA,NA,3,NA,NA,NA,NA
"Utah",NA,"Past",2020-03-11,"actual_cumulative_deaths",NA,NA,NA,0,NA,NA,NA,NA
"Utah",NA,"Past",2020-03-11,"actual_daily_cases",NA,NA,NA,1,NA,NA,NA,NA
"Utah",NA,"Past",2020-03-11,"actual_daily_deaths",NA,NA,NA,0,NA,NA,NA,NA
"Utah","linear_increase_sd","Past",2020-03-11,"combined_trend",NA,NA,NA,0.870254920583961,NA,NA,NA,NA
"Utah","return_normal","Past",2020-03-11,"combined_trend",NA,NA,NA,0.870254920583961,NA,NA,NA,NA
"Utah","status_quo","Past",2020-03-11,"combined_trend",NA,NA,NA,0.870254920583961,NA,NA,NA,NA
"Utah","linear_increase_sd","Past",2020-03-11,"cumulative_all_infections",196,196,196,294,342,344,344,344
"Utah","return_normal","Past",2020-03-11,"cumulative_all_infections",196,196,196,294,342,344,344,344
"Utah","status_quo","Past",2020-03-11,"cumulative_all_infections",196,196,196,294,342,344,344,344
"Utah","linear_increase_sd","Past",2020-03-11,"cumulative_cases",8,8,8,9,8,11,11,11
"Utah","return_normal","Past",2020-03-11,"cumulative_cases",8,8,8,9,8,11,11,11
"Utah","status_quo","Past",2020-03-11,"cumulative_cases",8,8,8,9,8,11,11,11
"Utah","linear_increase_sd","Past",2020-03-11,"cumulative_deaths",0,0,0,1,1,1,1,1
"Utah","return_normal","Past",2020-03-11,"cumulative_deaths",0,0,0,1,1,1,1,1
"Utah","status_quo","Past",2020-03-11,"cumulative_deaths",0,0,0,1,1,1,1,1
"Utah","linear_increase_sd","Past",2020-03-11,"cumulative_hosps",4,4,4,4,4,4,4,4
"Utah","return_normal","Past",2020-03-11,"cumulative_hosps",4,4,4,4,4,4,4,4
"Utah","status_quo","Past",2020-03-11,"cumulative_hosps",4,4,4,4,4,4,4,4
"Utah","linear_increase_sd","Past",2020-03-11,"daily_all_infections",71,71,71,73,71,75,75,75
"Utah","return_normal","Past",2020-03-11,"daily_all_infections",71,71,71,73,71,75,75,75
"Utah","status_quo","Past",2020-03-11,"daily_all_infections",71,71,71,73,71,75,75,75
"Utah","linear_increase_sd","Past",2020-03-11,"daily_cases",2,2,2,3,2,4,4,4
"Utah","return_normal","Past",2020-03-11,"daily_cases",2,2,2,3,2,4,4,4
"Utah","status_quo","Past",2020-03-11,"daily_cases",2,2,2,3,2,4,4,4
"Utah","linear_increase_sd","Past",2020-03-11,"daily_deaths",0,0,0,0,0,0,0,0
"Utah","return_normal","Past",2020-03-11,"daily_deaths",0,0,0,0,0,0,0,0
"Utah","status_quo","Past",2020-03-11,"daily_deaths",0,0,0,0,0,0,0,0
"Utah","linear_increase_sd","Past",2020-03-11,"daily_hosps",1,1,1,1,1,1,1,1
"Utah","return_normal","Past",2020-03-11,"daily_hosps",1,1,1,1,1,1,1,1
"Utah","status_quo","Past",2020-03-11,"daily_hosps",1,1,1,1,1,1,1,1
"Utah","linear_increase_sd","Past",2020-03-11,"latent_trend",NA,NA,NA,0.978373682511516,NA,NA,NA,NA
"Utah","return_normal","Past",2020-03-11,"latent_trend",NA,NA,NA,0.978373682511516,NA,NA,NA,NA
"Utah","status_quo","Past",2020-03-11,"latent_trend",NA,NA,NA,0.978373682511516,NA,NA,NA,NA
"Utah","linear_increase_sd","Past",2020-03-11,"mobility_trend",NA,NA,NA,0.889491342765874,NA,NA,NA,NA
"Utah","return_normal","Past",2020-03-11,"mobility_trend",NA,NA,NA,0.889491342765874,NA,NA,NA,NA
"Utah","status_quo","Past",2020-03-11,"mobility_trend",NA,NA,NA,0.889491342765874,NA,NA,NA,NA
"Utah",NA,"Past",2020-03-12,"actual_cumulative_cases",NA,NA,NA,3,NA,NA,NA,NA
"Utah",NA,"Past",2020-03-12,"actual_cumulative_deaths",NA,NA,NA,0,NA,NA,NA,NA
"Utah",NA,"Past",2020-03-12,"actual_daily_cases",NA,NA,NA,0,NA,NA,NA,NA
"Utah",NA,"Past",2020-03-12,"actual_daily_deaths",NA,NA,NA,0,NA,NA,NA,NA
"Utah","linear_increase_sd","Past",2020-03-12,"combined_trend",NA,NA,NA,0.858658125912023,NA,NA,NA,NA
"Utah","return_normal","Past",2020-03-12,"combined_trend",NA,NA,NA,0.858658125912023,NA,NA,NA,NA
"Utah","status_quo","Past",2020-03-12,"combined_trend",NA,NA,NA,0.858658125912023,NA,NA,NA,NA
"Utah","linear_increase_sd","Past",2020-03-12,"cumulative_all_infections",283,283,283,376,420,423,423,423
"Utah","return_normal","Past",2020-03-12,"cumulative_all_infections",283,283,283,376,420,423,423,423
"Utah","status_quo","Past",2020-03-12,"cumulative_all_infections",283,283,283,376,420,423,423,423
"Utah","linear_increase_sd","Past",2020-03-12,"cumulative_cases",11,11,11,13,11,16,16,16
"Utah","return_normal","Past",2020-03-12,"cumulative_cases",11,11,11,13,11,16,16,16
"Utah","status_quo","Past",2020-03-12,"cumulative_cases",11,11,11,13,11,16,16,16
"Utah","linear_increase_sd","Past",2020-03-12,"cumulative_deaths",0,0,0,1,1,2,2,2
"Utah","return_normal","Past",2020-03-12,"cumulative_deaths",0,0,0,1,1,2,2,2
"Utah","status_quo","Past",2020-03-12,"cumulative_deaths",0,0,0,1,1,2,2,2
"Utah","linear_increase_sd","Past",2020-03-12,"cumulative_hosps",5,5,5,5,5,5,5,5
"Utah","return_normal","Past",2020-03-12,"cumulative_hosps",5,5,5,5,5,5,5,5
"Utah","status_quo","Past",2020-03-12,"cumulative_hosps",5,5,5,5,5,5,5,5
"Utah","linear_increase_sd","Past",2020-03-12,"daily_all_infections",76,76,76,82,81,87,87,87
"Utah","return_normal","Past",2020-03-12,"daily_all_infections",76,76,76,82,81,87,87,87
"Utah","status_quo","Past",2020-03-12,"daily_all_infections",76,76,76,82,81,87,87,87
"Utah","linear_increase_sd","Past",2020-03-12,"daily_cases",3,3,3,4,3,5,5,5
"Utah","return_normal","Past",2020-03-12,"daily_cases",3,3,3,4,3,5,5,5
"Utah","status_quo","Past",2020-03-12,"daily_cases",3,3,3,4,3,5,5,5
"Utah","linear_increase_sd","Past",2020-03-12,"daily_deaths",0,0,0,1,0,1,1,1
"Utah","return_normal","Past",2020-03-12,"daily_deaths",0,0,0,1,0,1,1,1
"Utah","status_quo","Past",2020-03-12,"daily_deaths",0,0,0,1,0,1,1,1
"Utah","linear_increase_sd","Past",2020-03-12,"daily_hosps",1,1,1,1,1,1,1,1
"Utah","return_normal","Past",2020-03-12,"daily_hosps",1,1,1,1,1,1,1,1
"Utah","status_quo","Past",2020-03-12,"daily_hosps",1,1,1,1,1,1,1,1
"Utah","linear_increase_sd","Past",2020-03-12,"latent_trend",NA,NA,NA,0.979716367618486,NA,NA,NA,NA
"Utah","return_normal","Past",2020-03-12,"latent_trend",NA,NA,NA,0.979716367618486,NA,NA,NA,NA
"Utah","status_quo","Past",2020-03-12,"latent_trend",NA,NA,NA,0.979716367618486,NA,NA,NA,NA
"Utah","linear_increase_sd","Past",2020-03-12,"mobility_trend",NA,NA,NA,0.876435419772833,NA,NA,NA,NA
"Utah","return_normal","Past",2020-03-12,"mobility_trend",NA,NA,NA,0.876435419772833,NA,NA,NA,NA
"Utah","status_quo","Past",2020-03-12,"mobility_trend",NA,NA,NA,0.876435419772833,NA,NA,NA,NA
"Utah",NA,"Past",2020-03-13,"actual_cumulative_cases",NA,NA,NA,9,NA,NA,NA,NA
"Utah",NA,"Past",2020-03-13,"actual_cumulative_deaths",NA,NA,NA,0,NA,NA,NA,NA
"Utah",NA,"Past",2020-03-13,"actual_daily_cases",NA,NA,NA,6,NA,NA,NA,NA
"Utah",NA,"Past",2020-03-13,"actual_daily_deaths",NA,NA,NA,0,NA,NA,NA,NA
"Utah","linear_increase_sd","Past",2020-03-13,"combined_trend",NA,NA,NA,0.845937926540378,NA,NA,NA,NA
"Utah","return_normal","Past",2020-03-13,"combined_trend",NA,NA,NA,0.845937926540378,NA,NA,NA,NA
"Utah","status_quo","Past",2020-03-13,"combined_trend",NA,NA,NA,0.845937926540378,NA,NA,NA,NA
"Utah","linear_increase_sd","Past",2020-03-13,"cumulative_all_infections",385,385,385,473,508,525,525,525
"Utah","return_normal","Past",2020-03-13,"cumulative_all_infections",385,385,385,473,508,525,525,525
"Utah","status_quo","Past",2020-03-13,"cumulative_all_infections",385,385,385,473,508,525,525,525
"Utah","linear_increase_sd","Past",2020-03-13,"cumulative_cases",15,15,15,17,15,21,21,21
"Utah","return_normal","Past",2020-03-13,"cumulative_cases",15,15,15,17,15,21,21,21
"Utah","status_quo","Past",2020-03-13,"cumulative_cases",15,15,15,17,15,21,21,21
"Utah","linear_increase_sd","Past",2020-03-13,"cumulative_deaths",1,1,1,2,2,3,3,3
"Utah","return_normal","Past",2020-03-13,"cumulative_deaths",1,1,1,2,2,3,3,3
"Utah","status_quo","Past",2020-03-13,"cumulative_deaths",1,1,1,2,2,3,3,3
"Utah","linear_increase_sd","Past",2020-03-13,"cumulative_hosps",6,6,6,6,6,6,6,6
"Utah","return_normal","Past",2020-03-13,"cumulative_hosps",6,6,6,6,6,6,6,6
"Utah","status_quo","Past",2020-03-13,"cumulative_hosps",6,6,6,6,6,6,6,6
"Utah","linear_increase_sd","Past",2020-03-13,"daily_all_infections",88,88,88,98,102,102,102,102
"Utah","return_normal","Past",2020-03-13,"daily_all_infections",88,88,88,98,102,102,102,102
"Utah","status_quo","Past",2020-03-13,"daily_all_infections",88,88,88,98,102,102,102,102
"Utah","linear_increase_sd","Past",2020-03-13,"daily_cases",4,4,4,5,4,5,5,5
"Utah","return_normal","Past",2020-03-13,"daily_cases",4,4,4,5,4,5,5,5
"Utah","status_quo","Past",2020-03-13,"daily_cases",4,4,4,5,4,5,5,5
"Utah","linear_increase_sd","Past",2020-03-13,"daily_deaths",1,1,1,1,1,1,1,1
"Utah","return_normal","Past",2020-03-13,"daily_deaths",1,1,1,1,1,1,1,1
"Utah","status_quo","Past",2020-03-13,"daily_deaths",1,1,1,1,1,1,1,1
"Utah","linear_increase_sd","Past",2020-03-13,"daily_hosps",1,1,1,1,1,1,1,1
"Utah","return_normal","Past",2020-03-13,"daily_hosps",1,1,1,1,1,1,1,1
"Utah","status_quo","Past",2020-03-13,"daily_hosps",1,1,1,1,1,1,1,1
"Utah","linear_increase_sd","Past",2020-03-13,"latent_trend",NA,NA,NA,0.980252712856598,NA,NA,NA,NA
"Utah","return_normal","Past",2020-03-13,"latent_trend",NA,NA,NA,0.980252712856598,NA,NA,NA,NA
"Utah","status_quo","Past",2020-03-13,"latent_trend",NA,NA,NA,0.980252712856598,NA,NA,NA,NA
"Utah","linear_increase_sd","Past",2020-03-13,"mobility_trend",NA,NA,NA,0.862979429126182,NA,NA,NA,NA
"Utah","return_normal","Past",2020-03-13,"mobility_trend",NA,NA,NA,0.862979429126182,NA,NA,NA,NA
"Utah","status_quo","Past",2020-03-13,"mobility_trend",NA,NA,NA,0.862979429126182,NA,NA,NA,NA
"Utah",NA,"Past",2020-03-14,"actual_cumulative_cases",NA,NA,NA,10,NA,NA,NA,NA
"Utah",NA,"Past",2020-03-14,"actual_cumulative_deaths",NA,NA,NA,0,NA,NA,NA,NA
"Utah",NA,"Past",2020-03-14,"actual_daily_cases",NA,NA,NA,1,NA,NA,NA,NA
"Utah",NA,"Past",2020-03-14,"actual_daily_deaths",NA,NA,NA,0,NA,NA,NA,NA
"Utah","linear_increase_sd","Past",2020-03-14,"combined_trend",NA,NA,NA,0.832299055003259,NA,NA,NA,NA
"Utah","return_normal","Past",2020-03-14,"combined_trend",NA,NA,NA,0.832299055003259,NA,NA,NA,NA
"Utah","status_quo","Past",2020-03-14,"combined_trend",NA,NA,NA,0.832299055003259,NA,NA,NA,NA
"Utah","linear_increase_sd","Past",2020-03-14,"cumulative_all_infections",505,505,505,590,615,649,649,649
"Utah","return_normal","Past",2020-03-14,"cumulative_all_infections",505,505,505,590,615,649,649,649
"Utah","status_quo","Past",2020-03-14,"cumulative_all_infections",505,505,505,590,615,649,649,649
"Utah","linear_increase_sd","Past",2020-03-14,"cumulative_cases",21,21,21,23,21,26,26,26
"Utah","return_normal","Past",2020-03-14,"cumulative_cases",21,21,21,23,21,26,26,26
"Utah","status_quo","Past",2020-03-14,"cumulative_cases",21,21,21,23,21,26,26,26
"Utah","linear_increase_sd","Past",2020-03-14,"cumulative_deaths",2,2,2,3,3,4,4,4
"Utah","return_normal","Past",2020-03-14,"cumulative_deaths",2,2,2,3,3,4,4,4
"Utah","status_quo","Past",2020-03-14,"cumulative_deaths",2,2,2,3,3,4,4,4
"Utah","linear_increase_sd","Past",2020-03-14,"cumulative_hosps",7,7,7,7,7,7,7,7
"Utah","return_normal","Past",2020-03-14,"cumulative_hosps",7,7,7,7,7,7,7,7
"Utah","status_quo","Past",2020-03-14,"cumulative_hosps",7,7,7,7,7,7,7,7
"Utah","linear_increase_sd","Past",2020-03-14,"daily_all_infections",107,107,107,117,120,124,124,124
"Utah","return_normal","Past",2020-03-14,"daily_all_infections",107,107,107,117,120,124,124,124
"Utah","status_quo","Past",2020-03-14,"daily_all_infections",107,107,107,117,120,124,124,124
"Utah","linear_increase_sd","Past",2020-03-14,"daily_cases",5,5,5,6,6,6,6,6
"Utah","return_normal","Past",2020-03-14,"daily_cases",5,5,5,6,6,6,6,6
"Utah","status_quo","Past",2020-03-14,"daily_cases",5,5,5,6,6,6,6,6
"Utah","linear_increase_sd","Past",2020-03-14,"daily_deaths",1,1,1,1,1,1,1,1
"Utah","return_normal","Past",2020-03-14,"daily_deaths",1,1,1,1,1,1,1,1
"Utah","status_quo","Past",2020-03-14,"daily_deaths",1,1,1,1,1,1,1,1
"Utah","linear_increase_sd","Past",2020-03-14,"daily_hosps",1,1,1,1,1,1,1,1
"Utah","return_normal","Past",2020-03-14,"daily_hosps",1,1,1,1,1,1,1,1
"Utah","status_quo","Past",2020-03-14,"daily_hosps",1,1,1,1,1,1,1,1
"Utah","linear_increase_sd","Past",2020-03-14,"latent_trend",NA,NA,NA,0.980095538869372,NA,NA,NA,NA
"Utah","return_normal","Past",2020-03-14,"latent_trend",NA,NA,NA,0.980095538869372,NA,NA,NA,NA
"Utah","status_quo","Past",2020-03-14,"latent_trend",NA,NA,NA,0.980095538869372,NA,NA,NA,NA
"Utah","linear_increase_sd","Past",2020-03-14,"mobility_trend",NA,NA,NA,0.849201962457038,NA,NA,NA,NA
"Utah","return_normal","Past",2020-03-14,"mobility_trend",NA,NA,NA,0.849201962457038,NA,NA,NA,NA
"Utah","status_quo","Past",2020-03-14,"mobility_trend",NA,NA,NA,0.849201962457038,NA,NA,NA,NA
"Utah",NA,"Past",2020-03-15,"actual_cumulative_cases",NA,NA,NA,18,NA,NA,NA,NA
"Utah",NA,"Past",2020-03-15,"actual_cumulative_deaths",NA,NA,NA,0,NA,NA,NA,NA
"Utah",NA,"Past",2020-03-15,"actual_daily_cases",NA,NA,NA,8,NA,NA,NA,NA
"Utah",NA,"Past",2020-03-15,"actual_daily_deaths",NA,NA,NA,0,NA,NA,NA,NA
"Utah","linear_increase_sd","Past",2020-03-15,"combined_trend",NA,NA,NA,0.81788189676695,NA,NA,NA,NA
"Utah","return_normal","Past",2020-03-15,"combined_trend",NA,NA,NA,0.81788189676695,NA,NA,NA,NA
"Utah","status_quo","Past",2020-03-15,"combined_trend",NA,NA,NA,0.81788189676695,NA,NA,NA,NA
"Utah","linear_increase_sd","Past",2020-03-15,"cumulative_all_infections",642,642,642,726,742,794,794,794
"Utah","return_normal","Past",2020-03-15,"cumulative_all_infections",642,642,642,726,742,794,794,794
"Utah","status_quo","Past",2020-03-15,"cumulative_all_infections",642,642,642,726,742,794,794,794
"Utah","linear_increase_sd","Past",2020-03-15,"cumulative_cases",30,30,30,31,30,33,33,33
"Utah","return_normal","Past",2020-03-15,"cumulative_cases",30,30,30,31,30,33,33,33
"Utah","status_quo","Past",2020-03-15,"cumulative_cases",30,30,30,31,30,33,33,33
"Utah","linear_increase_sd","Past",2020-03-15,"cumulative_deaths",2,2,2,4,4,5,5,5
"Utah","return_normal","Past",2020-03-15,"cumulative_deaths",2,2,2,4,4,5,5,5
"Utah","status_quo","Past",2020-03-15,"cumulative_deaths",2,2,2,4,4,5,5,5
"Utah","linear_increase_sd","Past",2020-03-15,"cumulative_hosps",8,8,8,8,8,8,8,8
"Utah","return_normal","Past",2020-03-15,"cumulative_hosps",8,8,8,8,8,8,8,8
"Utah","status_quo","Past",2020-03-15,"cumulative_hosps",8,8,8,8,8,8,8,8
"Utah","linear_increase_sd","Past",2020-03-15,"daily_all_infections",127,127,127,137,137,145,145,145
"Utah","return_normal","Past",2020-03-15,"daily_all_infections",127,127,127,137,137,145,145,145
"Utah","status_quo","Past",2020-03-15,"daily_all_infections",127,127,127,137,137,145,145,145
"Utah","linear_increase_sd","Past",2020-03-15,"daily_cases",7,7,7,9,9,9,9,9
"Utah","return_normal","Past",2020-03-15,"daily_cases",7,7,7,9,9,9,9,9
"Utah","status_quo","Past",2020-03-15,"daily_cases",7,7,7,9,9,9,9,9
"Utah","linear_increase_sd","Past",2020-03-15,"daily_deaths",0,0,0,1,1,1,1,1
"Utah","return_normal","Past",2020-03-15,"daily_deaths",0,0,0,1,1,1,1,1
"Utah","status_quo","Past",2020-03-15,"daily_deaths",0,0,0,1,1,1,1,1
"Utah","linear_increase_sd","Past",2020-03-15,"daily_hosps",1,1,1,1,1,1,1,1
"Utah","return_normal","Past",2020-03-15,"daily_hosps",1,1,1,1,1,1,1,1
"Utah","status_quo","Past",2020-03-15,"daily_hosps",1,1,1,1,1,1,1,1
"Utah","linear_increase_sd","Past",2020-03-15,"latent_trend",NA,NA,NA,0.979283153039185,NA,NA,NA,NA
"Utah","return_normal","Past",2020-03-15,"latent_trend",NA,NA,NA,0.979283153039185,NA,NA,NA,NA
"Utah","status_quo","Past",2020-03-15,"latent_trend",NA,NA,NA,0.979283153039185,NA,NA,NA,NA
"Utah","linear_increase_sd","Past",2020-03-15,"mobility_trend",NA,NA,NA,0.835184281715325,NA,NA,NA,NA
"Utah","return_normal","Past",2020-03-15,"mobility_trend",NA,NA,NA,0.835184281715325,NA,NA,NA,NA
"Utah","status_quo","Past",2020-03-15,"mobility_trend",NA,NA,NA,0.835184281715325,NA,NA,NA,NA
"Utah",NA,"Past",2020-03-16,"actual_cumulative_cases",NA,NA,NA,28,NA,NA,NA,NA
"Utah",NA,"Past",2020-03-16,"actual_cumulative_deaths",NA,NA,NA,0,NA,NA,NA,NA
"Utah",NA,"Past",2020-03-16,"actual_daily_cases",NA,NA,NA,10,NA,NA,NA,NA
"Utah",NA,"Past",2020-03-16,"actual_daily_deaths",NA,NA,NA,0,NA,NA,NA,NA
"Utah","linear_increase_sd","Past",2020-03-16,"combined_trend",NA,NA,NA,0.802777229556569,NA,NA,NA,NA
"Utah","return_normal","Past",2020-03-16,"combined_trend",NA,NA,NA,0.802777229556569,NA,NA,NA,NA
"Utah","status_quo","Past",2020-03-16,"combined_trend",NA,NA,NA,0.802777229556569,NA,NA,NA,NA
"Utah","linear_increase_sd","Past",2020-03-16,"cumulative_all_infections",799,799,799,883,887,963,963,963
"Utah","return_normal","Past",2020-03-16,"cumulative_all_infections",799,799,799,883,887,963,963,963
"Utah","status_quo","Past",2020-03-16,"cumulative_all_infections",799,799,799,883,887,963,963,963
"Utah","linear_increase_sd","Past",2020-03-16,"cumulative_cases",39,39,39,41,41,42,42,42
"Utah","return_normal","Past",2020-03-16,"cumulative_cases",39,39,39,41,41,42,42,42
"Utah","status_quo","Past",2020-03-16,"cumulative_cases",39,39,39,41,41,42,42,42
"Utah","linear_increase_sd","Past",2020-03-16,"cumulative_deaths",3,3,3,5,5,6,6,6
"Utah","return_normal","Past",2020-03-16,"cumulative_deaths",3,3,3,5,5,6,6,6
"Utah","status_quo","Past",2020-03-16,"cumulative_deaths",3,3,3,5,5,6,6,6
"Utah","linear_increase_sd","Past",2020-03-16,"cumulative_hosps",9,9,9,9,9,9,9,9
"Utah","return_normal","Past",2020-03-16,"cumulative_hosps",9,9,9,9,9,9,9,9
"Utah","status_quo","Past",2020-03-16,"cumulative_hosps",9,9,9,9,9,9,9,9
"Utah","linear_increase_sd","Past",2020-03-16,"daily_all_infections",145,145,145,157,157,169,169,169
"Utah","return_normal","Past",2020-03-16,"daily_all_infections",145,145,145,157,157,169,169,169
"Utah","status_quo","Past",2020-03-16,"daily_all_infections",145,145,145,157,157,169,169,169
"Utah","linear_increase_sd","Past",2020-03-16,"daily_cases",9,9,9,10,9,11,11,11
"Utah","return_normal","Past",2020-03-16,"daily_cases",9,9,9,10,9,11,11,11
"Utah","status_quo","Past",2020-03-16,"daily_cases",9,9,9,10,9,11,11,11
"Utah","linear_increase_sd","Past",2020-03-16,"daily_deaths",1,1,1,1,1,1,1,1
"Utah","return_normal","Past",2020-03-16,"daily_deaths",1,1,1,1,1,1,1,1
"Utah","status_quo","Past",2020-03-16,"daily_deaths",1,1,1,1,1,1,1,1
"Utah","linear_increase_sd","Past",2020-03-16,"daily_hosps",1,1,1,1,1,1,1,1
"Utah","return_normal","Past",2020-03-16,"daily_hosps",1,1,1,1,1,1,1,1
"Utah","status_quo","Past",2020-03-16,"daily_hosps",1,1,1,1,1,1,1,1
"Utah","linear_increase_sd","Past",2020-03-16,"latent_trend",NA,NA,NA,0.977795067658731,NA,NA,NA,NA
"Utah","return_normal","Past",2020-03-16,"latent_trend",NA,NA,NA,0.977795067658731,NA,NA,NA,NA
"Utah","status_quo","Past",2020-03-16,"latent_trend",NA,NA,NA,0.977795067658731,NA,NA,NA,NA
"Utah","linear_increase_sd","Past",2020-03-16,"mobility_trend",NA,NA,NA,0.821007648850969,NA,NA,NA,NA
"Utah","return_normal","Past",2020-03-16,"mobility_trend",NA,NA,NA,0.821007648850969,NA,NA,NA,NA
"Utah","status_quo","Past",2020-03-16,"mobility_trend",NA,NA,NA,0.821007648850969,NA,NA,NA,NA
"Utah",NA,"Past",2020-03-17,"actual_cumulative_cases",NA,NA,NA,39,NA,NA,NA,NA
"Utah",NA,"Past",2020-03-17,"actual_cumulative_deaths",NA,NA,NA,0,NA,NA,NA,NA
"Utah",NA,"Past",2020-03-17,"actual_daily_cases",NA,NA,NA,11,NA,NA,NA,NA
"Utah",NA,"Past",2020-03-17,"actual_daily_deaths",NA,NA,NA,0,NA,NA,NA,NA
"Utah","linear_increase_sd","Past",2020-03-17,"combined_trend",NA,NA,NA,0.787039806384876,NA,NA,NA,NA
"Utah","return_normal","Past",2020-03-17,"combined_trend",NA,NA,NA,0.787039806384876,NA,NA,NA,NA
"Utah","status_quo","Past",2020-03-17,"combined_trend",NA,NA,NA,0.787039806384876,NA,NA,NA,NA
"Utah","linear_increase_sd","Past",2020-03-17,"cumulative_all_infections",979,979,979,1065,1054,1161,1161,1161
"Utah","return_normal","Past",2020-03-17,"cumulative_all_infections",979,979,979,1065,1054,1161,1161,1161
"Utah","status_quo","Past",2020-03-17,"cumulative_all_infections",979,979,979,1065,1054,1161,1161,1161
"Utah","linear_increase_sd","Past",2020-03-17,"cumulative_cases",50,50,50,52,52,53,53,53
"Utah","return_normal","Past",2020-03-17,"cumulative_cases",50,50,50,52,52,53,53,53
"Utah","status_quo","Past",2020-03-17,"cumulative_cases",50,50,50,52,52,53,53,53
"Utah","linear_increase_sd","Past",2020-03-17,"cumulative_deaths",4,4,4,6,6,7,7,7
"Utah","return_normal","Past",2020-03-17,"cumulative_deaths",4,4,4,6,6,7,7,7
"Utah","status_quo","Past",2020-03-17,"cumulative_deaths",4,4,4,6,6,7,7,7
"Utah","linear_increase_sd","Past",2020-03-17,"cumulative_hosps",10,10,10,10,10,10,10,10
"Utah","return_normal","Past",2020-03-17,"cumulative_hosps",10,10,10,10,10,10,10,10
"Utah","status_quo","Past",2020-03-17,"cumulative_hosps",10,10,10,10,10,10,10,10
"Utah","linear_increase_sd","Past",2020-03-17,"daily_all_infections",167,167,167,182,180,198,198,198
"Utah","return_normal","Past",2020-03-17,"daily_all_infections",167,167,167,182,180,198,198,198
"Utah","status_quo","Past",2020-03-17,"daily_all_infections",167,167,167,182,180,198,198,198
"Utah","linear_increase_sd","Past",2020-03-17,"daily_cases",10,10,10,11,11,12,12,12
"Utah","return_normal","Past",2020-03-17,"daily_cases",10,10,10,11,11,12,12,12
"Utah","status_quo","Past",2020-03-17,"daily_cases",10,10,10,11,11,12,12,12
"Utah","linear_increase_sd","Past",2020-03-17,"daily_deaths",1,1,1,1,1,1,1,1
"Utah","return_normal","Past",2020-03-17,"daily_deaths",1,1,1,1,1,1,1,1
"Utah","status_quo","Past",2020-03-17,"daily_deaths",1,1,1,1,1,1,1,1
"Utah","linear_increase_sd","Past",2020-03-17,"daily_hosps",1,1,1,1,1,1,1,1
"Utah","return_normal","Past",2020-03-17,"daily_hosps",1,1,1,1,1,1,1,1
"Utah","status_quo","Past",2020-03-17,"daily_hosps",1,1,1,1,1,1,1,1
"Utah","linear_increase_sd","Past",2020-03-17,"latent_trend",NA,NA,NA,0.975558592111057,NA,NA,NA,NA
"Utah","return_normal","Past",2020-03-17,"latent_trend",NA,NA,NA,0.975558592111057,NA,NA,NA,NA
"Utah","status_quo","Past",2020-03-17,"latent_trend",NA,NA,NA,0.975558592111057,NA,NA,NA,NA
"Utah","linear_increase_sd","Past",2020-03-17,"mobility_trend",NA,NA,NA,0.806758110429599,NA,NA,NA,NA
"Utah","return_normal","Past",2020-03-17,"mobility_trend",NA,NA,NA,0.806758110429599,NA,NA,NA,NA
"Utah","status_quo","Past",2020-03-17,"mobility_trend",NA,NA,NA,0.806758110429599,NA,NA,NA,NA
"Utah",NA,"Past",2020-03-18,"actual_cumulative_cases",NA,NA,NA,47,NA,NA,NA,NA
"Utah",NA,"Past",2020-03-18,"actual_cumulative_deaths",NA,NA,NA,0,NA,NA,NA,NA
"Utah",NA,"Past",2020-03-18,"actual_daily_cases",NA,NA,NA,8,NA,NA,NA,NA
"Utah",NA,"Past",2020-03-18,"actual_daily_deaths",NA,NA,NA,0,NA,NA,NA,NA
"Utah","linear_increase_sd","Past",2020-03-18,"combined_trend",NA,NA,NA,0.770706012022065,NA,NA,NA,NA
"Utah","return_normal","Past",2020-03-18,"combined_trend",NA,NA,NA,0.770706012022065,NA,NA,NA,NA
"Utah","status_quo","Past",2020-03-18,"combined_trend",NA,NA,NA,0.770706012022065,NA,NA,NA,NA
"Utah","linear_increase_sd","Past",2020-03-18,"cumulative_all_infections",1189,1189,1189,1273,1240,1388,1388,1388
"Utah","return_normal","Past",2020-03-18,"cumulative_all_infections",1189,1189,1189,1273,1240,1388,1388,1388
"Utah","status_quo","Past",2020-03-18,"cumulative_all_infections",1189,1189,1189,1273,1240,1388,1388,1388
"Utah","linear_increase_sd","Past",2020-03-18,"cumulative_cases",64,64,64,66,66,67,67,67
"Utah","return_normal","Past",2020-03-18,"cumulative_cases",64,64,64,66,66,67,67,67
"Utah","status_quo","Past",2020-03-18,"cumulative_cases",64,64,64,66,66,67,67,67
"Utah","linear_increase_sd","Past",2020-03-18,"cumulative_deaths",5,5,5,7,7,8,8,8
"Utah","return_normal","Past",2020-03-18,"cumulative_deaths",5,5,5,7,7,8,8,8
"Utah","status_quo","Past",2020-03-18,"cumulative_deaths",5,5,5,7,7,8,8,8
"Utah","linear_increase_sd","Past",2020-03-18,"cumulative_hosps",11,11,11,11,11,11,11,11
"Utah","return_normal","Past",2020-03-18,"cumulative_hosps",11,11,11,11,11,11,11,11
"Utah","status_quo","Past",2020-03-18,"cumulative_hosps",11,11,11,11,11,11,11,11
"Utah","linear_increase_sd","Past",2020-03-18,"daily_all_infections",186,186,186,208,210,227,227,227
"Utah","return_normal","Past",2020-03-18,"daily_all_infections",186,186,186,208,210,227,227,227
"Utah","status_quo","Past",2020-03-18,"daily_all_infections",186,186,186,208,210,227,227,227
"Utah","linear_increase_sd","Past",2020-03-18,"daily_cases",14,14,14,14,14,14,14,14
"Utah","return_normal","Past",2020-03-18,"daily_cases",14,14,14,14,14,14,14,14
"Utah","status_quo","Past",2020-03-18,"daily_cases",14,14,14,14,14,14,14,14
"Utah","linear_increase_sd","Past",2020-03-18,"daily_deaths",1,1,1,1,1,1,1,1
"Utah","return_normal","Past",2020-03-18,"daily_deaths",1,1,1,1,1,1,1,1
"Utah","status_quo","Past",2020-03-18,"daily_deaths",1,1,1,1,1,1,1,1
"Utah","linear_increase_sd","Past",2020-03-18,"daily_hosps",1,1,1,1,1,1,1,1
"Utah","return_normal","Past",2020-03-18,"daily_hosps",1,1,1,1,1,1,1,1
"Utah","status_quo","Past",2020-03-18,"daily_hosps",1,1,1,1,1,1,1,1
"Utah","linear_increase_sd","Past",2020-03-18,"latent_trend",NA,NA,NA,0.972449572262638,NA,NA,NA,NA
"Utah","return_normal","Past",2020-03-18,"latent_trend",NA,NA,NA,0.972449572262638,NA,NA,NA,NA
"Utah","status_quo","Past",2020-03-18,"latent_trend",NA,NA,NA,0.972449572262638,NA,NA,NA,NA
"Utah","linear_increase_sd","Past",2020-03-18,"mobility_trend",NA,NA,NA,0.792540851479662,NA,NA,NA,NA
"Utah","return_normal","Past",2020-03-18,"mobility_trend",NA,NA,NA,0.792540851479662,NA,NA,NA,NA
"Utah","status_quo","Past",2020-03-18,"mobility_trend",NA,NA,NA,0.792540851479662,NA,NA,NA,NA
"Utah",NA,"Past",2020-03-19,"actual_cumulative_cases",NA,NA,NA,62,NA,NA,NA,NA
"Utah",NA,"Past",2020-03-19,"actual_cumulative_deaths",NA,NA,NA,0,NA,NA,NA,NA
"Utah",NA,"Past",2020-03-19,"actual_daily_cases",NA,NA,NA,15,NA,NA,NA,NA
"Utah",NA,"Past",2020-03-19,"actual_daily_deaths",NA,NA,NA,0,NA,NA,NA,NA
"Utah","linear_increase_sd","Past",2020-03-19,"combined_trend",NA,NA,NA,0.753780241788448,NA,NA,NA,NA
"Utah","return_normal","Past",2020-03-19,"combined_trend",NA,NA,NA,0.753780241788448,NA,NA,NA,NA
"Utah","status_quo","Past",2020-03-19,"combined_trend",NA,NA,NA,0.753780241788448,NA,NA,NA,NA
"Utah","linear_increase_sd","Past",2020-03-19,"cumulative_all_infections",1424,1424,1424,1506,1448,1645,1645,1645
"Utah","return_normal","Past",2020-03-19,"cumulative_all_infections",1424,1424,1424,1506,1448,1645,1645,1645
"Utah","status_quo","Past",2020-03-19,"cumulative_all_infections",1424,1424,1424,1506,1448,1645,1645,1645
"Utah","linear_increase_sd","Past",2020-03-19,"cumulative_cases",81,81,81,82,81,82,82,82
"Utah","return_normal","Past",2020-03-19,"cumulative_cases",81,81,81,82,81,82,82,82
"Utah","status_quo","Past",2020-03-19,"cumulative_cases",81,81,81,82,81,82,82,82
"Utah","linear_increase_sd","Past",2020-03-19,"cumulative_deaths",6,6,6,8,8,9,9,9
"Utah","return_normal","Past",2020-03-19,"cumulative_deaths",6,6,6,8,8,9,9,9
"Utah","status_quo","Past",2020-03-19,"cumulative_deaths",6,6,6,8,8,9,9,9
"Utah","linear_increase_sd","Past",2020-03-19,"cumulative_hosps",12,12,12,12,12,12,12,12
"Utah","return_normal","Past",2020-03-19,"cumulative_hosps",12,12,12,12,12,12,12,12
"Utah","status_quo","Past",2020-03-19,"cumulative_hosps",12,12,12,12,12,12,12,12
"Utah","linear_increase_sd","Past",2020-03-19,"daily_all_infections",208,208,208,234,235,257,257,257
"Utah","return_normal","Past",2020-03-19,"daily_all_infections",208,208,208,234,235,257,257,257
"Utah","status_quo","Past",2020-03-19,"daily_all_infections",208,208,208,234,235,257,257,257
"Utah","linear_increase_sd","Past",2020-03-19,"daily_cases",14,14,14,16,16,17,17,17
"Utah","return_normal","Past",2020-03-19,"daily_cases",14,14,14,16,16,17,17,17
"Utah","status_quo","Past",2020-03-19,"daily_cases",14,14,14,16,16,17,17,17
"Utah","linear_increase_sd","Past",2020-03-19,"daily_deaths",1,1,1,1,1,1,1,1
"Utah","return_normal","Past",2020-03-19,"daily_deaths",1,1,1,1,1,1,1,1
"Utah","status_quo","Past",2020-03-19,"daily_deaths",1,1,1,1,1,1,1,1
"Utah","linear_increase_sd","Past",2020-03-19,"daily_hosps",1,1,1,1,1,1,1,1
"Utah","return_normal","Past",2020-03-19,"daily_hosps",1,1,1,1,1,1,1,1
"Utah","status_quo","Past",2020-03-19,"daily_hosps",1,1,1,1,1,1,1,1
"Utah","linear_increase_sd","Past",2020-03-19,"latent_trend",NA,NA,NA,0.968289424485612,NA,NA,NA,NA
"Utah","return_normal","Past",2020-03-19,"latent_trend",NA,NA,NA,0.968289424485612,NA,NA,NA,NA
"Utah","status_quo","Past",2020-03-19,"latent_trend",NA,NA,NA,0.968289424485612,NA,NA,NA,NA
"Utah","linear_increase_sd","Past",2020-03-19,"mobility_trend",NA,NA,NA,0.778465841645313,NA,NA,NA,NA
"Utah","return_normal","Past",2020-03-19,"mobility_trend",NA,NA,NA,0.778465841645313,NA,NA,NA,NA
"Utah","status_quo","Past",2020-03-19,"mobility_trend",NA,NA,NA,0.778465841645313,NA,NA,NA,NA
"Utah",NA,"Past",2020-03-20,"actual_cumulative_cases",NA,NA,NA,95,NA,NA,NA,NA
"Utah",NA,"Past",2020-03-20,"actual_cumulative_deaths",NA,NA,NA,0,NA,NA,NA,NA
"Utah",NA,"Past",2020-03-20,"actual_daily_cases",NA,NA,NA,33,NA,NA,NA,NA
"Utah",NA,"Past",2020-03-20,"actual_daily_deaths",NA,NA,NA,0,NA,NA,NA,NA
"Utah","linear_increase_sd","Past",2020-03-20,"combined_trend",NA,NA,NA,0.736229138237799,NA,NA,NA,NA
"Utah","return_normal","Past",2020-03-20,"combined_trend",NA,NA,NA,0.736229138237799,NA,NA,NA,NA
"Utah","status_quo","Past",2020-03-20,"combined_trend",NA,NA,NA,0.736229138237799,NA,NA,NA,NA
"Utah","linear_increase_sd","Past",2020-03-20,"cumulative_all_infections",1683,1683,1683,1772,1695,1938,1938,1938
"Utah","return_normal","Past",2020-03-20,"cumulative_all_infections",1683,1683,1683,1772,1695,1938,1938,1938
"Utah","status_quo","Past",2020-03-20,"cumulative_all_infections",1683,1683,1683,1772,1695,1938,1938,1938
"Utah","linear_increase_sd","Past",2020-03-20,"cumulative_cases",100,100,100,102,101,103,103,103
"Utah","return_normal","Past",2020-03-20,"cumulative_cases",100,100,100,102,101,103,103,103
"Utah","status_quo","Past",2020-03-20,"cumulative_cases",100,100,100,102,101,103,103,103
"Utah","linear_increase_sd","Past",2020-03-20,"cumulative_deaths",7,7,7,9,9,10,10,10
"Utah","return_normal","Past",2020-03-20,"cumulative_deaths",7,7,7,9,9,10,10,10
"Utah","status_quo","Past",2020-03-20,"cumulative_deaths",7,7,7,9,9,10,10,10
"Utah","linear_increase_sd","Past",2020-03-20,"cumulative_hosps",14,14,14,14,14,14,14,14
"Utah","return_normal","Past",2020-03-20,"cumulative_hosps",14,14,14,14,14,14,14,14
"Utah","status_quo","Past",2020-03-20,"cumulative_hosps",14,14,14,14,14,14,14,14
"Utah","linear_increase_sd","Past",2020-03-20,"daily_all_infections",235,235,235,267,271,293,293,293
"Utah","return_normal","Past",2020-03-20,"daily_all_infections",235,235,235,267,271,293,293,293
"Utah","status_quo","Past",2020-03-20,"daily_all_infections",235,235,235,267,271,293,293,293
"Utah","linear_increase_sd","Past",2020-03-20,"daily_cases",19,19,19,20,20,21,21,21
"Utah","return_normal","Past",2020-03-20,"daily_cases",19,19,19,20,20,21,21,21
"Utah","status_quo","Past",2020-03-20,"daily_cases",19,19,19,20,20,21,21,21
"Utah","linear_increase_sd","Past",2020-03-20,"daily_deaths",1,1,1,1,1,1,1,1
"Utah","return_normal","Past",2020-03-20,"daily_deaths",1,1,1,1,1,1,1,1
"Utah","status_quo","Past",2020-03-20,"daily_deaths",1,1,1,1,1,1,1,1
"Utah","linear_increase_sd","Past",2020-03-20,"daily_hosps",2,2,2,2,2,2,2,2
"Utah","return_normal","Past",2020-03-20,"daily_hosps",2,2,2,2,2,2,2,2
"Utah","status_quo","Past",2020-03-20,"daily_hosps",2,2,2,2,2,2,2,2
"Utah","linear_increase_sd","Past",2020-03-20,"latent_trend",NA,NA,NA,0.962840292196864,NA,NA,NA,NA
"Utah","return_normal","Past",2020-03-20,"latent_trend",NA,NA,NA,0.962840292196864,NA,NA,NA,NA
"Utah","status_quo","Past",2020-03-20,"latent_trend",NA,NA,NA,0.962840292196864,NA,NA,NA,NA
"Utah","linear_increase_sd","Past",2020-03-20,"mobility_trend",NA,NA,NA,0.764643050570705,NA,NA,NA,NA
"Utah","return_normal","Past",2020-03-20,"mobility_trend",NA,NA,NA,0.764643050570705,NA,NA,NA,NA
"Utah","status_quo","Past",2020-03-20,"mobility_trend",NA,NA,NA,0.764643050570705,NA,NA,NA,NA
"Utah",NA,"Past",2020-03-21,"actual_cumulative_cases",NA,NA,NA,118,NA,NA,NA,NA
"Utah",NA,"Past",2020-03-21,"actual_cumulative_deaths",NA,NA,NA,0,NA,NA,NA,NA
"Utah",NA,"Past",2020-03-21,"actual_daily_cases",NA,NA,NA,23,NA,NA,NA,NA
"Utah",NA,"Past",2020-03-21,"actual_daily_deaths",NA,NA,NA,0,NA,NA,NA,NA
"Utah","linear_increase_sd","Past",2020-03-21,"combined_trend",NA,NA,NA,0.717972300877954,NA,NA,NA,NA
"Utah","return_normal","Past",2020-03-21,"combined_trend",NA,NA,NA,0.717972300877954,NA,NA,NA,NA
"Utah","status_quo","Past",2020-03-21,"combined_trend",NA,NA,NA,0.717972300877954,NA,NA,NA,NA
"Utah","linear_increase_sd","Past",2020-03-21,"cumulative_all_infections",1938,1938,1938,2069,1998,2269,2269,2269
"Utah","return_normal","Past",2020-03-21,"cumulative_all_infections",1938,1938,1938,2069,1998,2269,2269,2269
"Utah","status_quo","Past",2020-03-21,"cumulative_all_infections",1938,1938,1938,2069,1998,2269,2269,2269
"Utah","linear_increase_sd","Past",2020-03-21,"cumulative_cases",123,123,123,126,125,129,129,129
"Utah","return_normal","Past",2020-03-21,"cumulative_cases",123,123,123,126,125,129,129,129
"Utah","status_quo","Past",2020-03-21,"cumulative_cases",123,123,123,126,125,129,129,129
"Utah","linear_increase_sd","Past",2020-03-21,"cumulative_deaths",8,8,8,10,10,11,11,11
"Utah","return_normal","Past",2020-03-21,"cumulative_deaths",8,8,8,10,10,11,11,11
"Utah","status_quo","Past",2020-03-21,"cumulative_deaths",8,8,8,10,10,11,11,11
"Utah","linear_increase_sd","Past",2020-03-21,"cumulative_hosps",16,16,16,16,16,16,16,16
"Utah","return_normal","Past",2020-03-21,"cumulative_hosps",16,16,16,16,16,16,16,16
"Utah","status_quo","Past",2020-03-21,"cumulative_hosps",16,16,16,16,16,16,16,16
"Utah","linear_increase_sd","Past",2020-03-21,"daily_all_infections",255,255,255,297,303,331,331,331
"Utah","return_normal","Past",2020-03-21,"daily_all_infections",255,255,255,297,303,331,331,331
"Utah","status_quo","Past",2020-03-21,"daily_all_infections",255,255,255,297,303,331,331,331
"Utah","linear_increase_sd","Past",2020-03-21,"daily_cases",22,22,22,25,25,26,26,26
"Utah","return_normal","Past",2020-03-21,"daily_cases",22,22,22,25,25,26,26,26
"Utah","status_quo","Past",2020-03-21,"daily_cases",22,22,22,25,25,26,26,26
"Utah","linear_increase_sd","Past",2020-03-21,"daily_deaths",1,1,1,1,1,1,1,1
"Utah","return_normal","Past",2020-03-21,"daily_deaths",1,1,1,1,1,1,1,1
"Utah","status_quo","Past",2020-03-21,"daily_deaths",1,1,1,1,1,1,1,1
"Utah","linear_increase_sd","Past",2020-03-21,"daily_hosps",2,2,2,2,2,2,2,2
"Utah","return_normal","Past",2020-03-21,"daily_hosps",2,2,2,2,2,2,2,2
"Utah","status_quo","Past",2020-03-21,"daily_hosps",2,2,2,2,2,2,2,2
"Utah","linear_increase_sd","Past",2020-03-21,"latent_trend",NA,NA,NA,0.955800443009552,NA,NA,NA,NA
"Utah","return_normal","Past",2020-03-21,"latent_trend",NA,NA,NA,0.955800443009552,NA,NA,NA,NA
"Utah","status_quo","Past",2020-03-21,"latent_trend",NA,NA,NA,0.955800443009552,NA,NA,NA,NA
"Utah","linear_increase_sd","Past",2020-03-21,"mobility_trend",NA,NA,NA,0.751173852375772,NA,NA,NA,NA
"Utah","return_normal","Past",2020-03-21,"mobility_trend",NA,NA,NA,0.751173852375772,NA,NA,NA,NA
"Utah","status_quo","Past",2020-03-21,"mobility_trend",NA,NA,NA,0.751173852375772,NA,NA,NA,NA
"Utah",NA,"Past",2020-03-22,"actual_cumulative_cases",NA,NA,NA,162,NA,NA,NA,NA
"Utah",NA,"Past",2020-03-22,"actual_cumulative_deaths",NA,NA,NA,1,NA,NA,NA,NA
"Utah",NA,"Past",2020-03-22,"actual_daily_cases",NA,NA,NA,44,NA,NA,NA,NA
"Utah",NA,"Past",2020-03-22,"actual_daily_deaths",NA,NA,NA,1,NA,NA,NA,NA
"Utah","linear_increase_sd","Past",2020-03-22,"combined_trend",NA,NA,NA,0.698859060655713,NA,NA,NA,NA
"Utah","return_normal","Past",2020-03-22,"combined_trend",NA,NA,NA,0.698859060655713,NA,NA,NA,NA
"Utah","status_quo","Past",2020-03-22,"combined_trend",NA,NA,NA,0.698859060655713,NA,NA,NA,NA
"Utah","linear_increase_sd","Past",2020-03-22,"cumulative_all_infections",2218,2218,2218,2400,2339,2642,2642,2642
"Utah","return_normal","Past",2020-03-22,"cumulative_all_infections",2218,2218,2218,2400,2339,2642,2642,2642
"Utah","status_quo","Past",2020-03-22,"cumulative_all_infections",2218,2218,2218,2400,2339,2642,2642,2642
"Utah","linear_increase_sd","Past",2020-03-22,"cumulative_cases",150,150,150,155,157,157,157,157
"Utah","return_normal","Past",2020-03-22,"cumulative_cases",150,150,150,155,157,157,157,157
"Utah","status_quo","Past",2020-03-22,"cumulative_cases",150,150,150,155,157,157,157,157
"Utah","linear_increase_sd","Past",2020-03-22,"cumulative_deaths",9,9,9,11,11,12,12,12
"Utah","return_normal","Past",2020-03-22,"cumulative_deaths",9,9,9,11,11,12,12,12
"Utah","status_quo","Past",2020-03-22,"cumulative_deaths",9,9,9,11,11,12,12,12
"Utah","linear_increase_sd","Past",2020-03-22,"cumulative_hosps",18,18,18,18,18,18,18,18
"Utah","return_normal","Past",2020-03-22,"cumulative_hosps",18,18,18,18,18,18,18,18
"Utah","status_quo","Past",2020-03-22,"cumulative_hosps",18,18,18,18,18,18,18,18
"Utah","linear_increase_sd","Past",2020-03-22,"daily_all_infections",280,280,280,332,341,373,373,373
"Utah","return_normal","Past",2020-03-22,"daily_all_infections",280,280,280,332,341,373,373,373
"Utah","status_quo","Past",2020-03-22,"daily_all_infections",280,280,280,332,341,373,373,373
"Utah","linear_increase_sd","Past",2020-03-22,"daily_cases",27,27,27,29,28,32,32,32
"Utah","return_normal","Past",2020-03-22,"daily_cases",27,27,27,29,28,32,32,32
"Utah","status_quo","Past",2020-03-22,"daily_cases",27,27,27,29,28,32,32,32
"Utah","linear_increase_sd","Past",2020-03-22,"daily_deaths",1,1,1,1,1,1,1,1
"Utah","return_normal","Past",2020-03-22,"daily_deaths",1,1,1,1,1,1,1,1
"Utah","status_quo","Past",2020-03-22,"daily_deaths",1,1,1,1,1,1,1,1
"Utah","linear_increase_sd","Past",2020-03-22,"daily_hosps",2,2,2,2,2,2,2,2
"Utah","return_normal","Past",2020-03-22,"daily_hosps",2,2,2,2,2,2,2,2
"Utah","status_quo","Past",2020-03-22,"daily_hosps",2,2,2,2,2,2,2,2
"Utah","linear_increase_sd","Past",2020-03-22,"latent_trend",NA,NA,NA,0.946802823763882,NA,NA,NA,NA
"Utah","return_normal","Past",2020-03-22,"latent_trend",NA,NA,NA,0.946802823763882,NA,NA,NA,NA
"Utah","status_quo","Past",2020-03-22,"latent_trend",NA,NA,NA,0.946802823763882,NA,NA,NA,NA
"Utah","linear_increase_sd","Past",2020-03-22,"mobility_trend",NA,NA,NA,0.738125239083569,NA,NA,NA,NA
"Utah","return_normal","Past",2020-03-22,"mobility_trend",NA,NA,NA,0.738125239083569,NA,NA,NA,NA
"Utah","status_quo","Past",2020-03-22,"mobility_trend",NA,NA,NA,0.738125239083569,NA,NA,NA,NA
"Utah",NA,"Past",2020-03-23,"actual_cumulative_cases",NA,NA,NA,257,NA,NA,NA,NA
"Utah",NA,"Past",2020-03-23,"actual_cumulative_deaths",NA,NA,NA,1,NA,NA,NA,NA
"Utah",NA,"Past",2020-03-23,"actual_daily_cases",NA,NA,NA,95,NA,NA,NA,NA
"Utah",NA,"Past",2020-03-23,"actual_daily_deaths",NA,NA,NA,0,NA,NA,NA,NA
"Utah","linear_increase_sd","Past",2020-03-23,"combined_trend",NA,NA,NA,0.678699849696491,NA,NA,NA,NA
"Utah","return_normal","Past",2020-03-23,"combined_trend",NA,NA,NA,0.678699849696491,NA,NA,NA,NA
"Utah","status_quo","Past",2020-03-23,"combined_trend",NA,NA,NA,0.678699849696491,NA,NA,NA,NA
"Utah","linear_increase_sd","Past",2020-03-23,"cumulative_all_infections",2532,2532,2532,2770,2724,3053,3053,3053
"Utah","return_normal","Past",2020-03-23,"cumulative_all_infections",2532,2532,2532,2770,2724,3053,3053,3053
"Utah","status_quo","Past",2020-03-23,"cumulative_all_infections",2532,2532,2532,2770,2724,3053,3053,3053
"Utah","linear_increase_sd","Past",2020-03-23,"cumulative_cases",178,178,178,187,188,194,194,194
"Utah","return_normal","Past",2020-03-23,"cumulative_cases",178,178,178,187,188,194,194,194
"Utah","status_quo","Past",2020-03-23,"cumulative_cases",178,178,178,187,188,194,194,194
"Utah","linear_increase_sd","Past",2020-03-23,"cumulative_deaths",10,10,10,12,12,13,13,13
"Utah","return_normal","Past",2020-03-23,"cumulative_deaths",10,10,10,12,12,13,13,13
"Utah","status_quo","Past",2020-03-23,"cumulative_deaths",10,10,10,12,12,13,13,13
"Utah","linear_increase_sd","Past",2020-03-23,"cumulative_hosps",20,20,20,21,20,21,21,21
"Utah","return_normal","Past",2020-03-23,"cumulative_hosps",20,20,20,21,20,21,21,21
"Utah","status_quo","Past",2020-03-23,"cumulative_hosps",20,20,20,21,20,21,21,21
"Utah","linear_increase_sd","Past",2020-03-23,"daily_all_infections",314,314,314,370,385,411,411,411
"Utah","return_normal","Past",2020-03-23,"daily_all_infections",314,314,314,370,385,411,411,411
"Utah","status_quo","Past",2020-03-23,"daily_all_infections",314,314,314,370,385,411,411,411
"Utah","linear_increase_sd","Past",2020-03-23,"daily_cases",28,28,28,32,31,37,37,37
"Utah","return_normal","Past",2020-03-23,"daily_cases",28,28,28,32,31,37,37,37
"Utah","status_quo","Past",2020-03-23,"daily_cases",28,28,28,32,31,37,37,37
"Utah","linear_increase_sd","Past",2020-03-23,"daily_deaths",1,1,1,1,1,1,1,1
"Utah","return_normal","Past",2020-03-23,"daily_deaths",1,1,1,1,1,1,1,1
"Utah","status_quo","Past",2020-03-23,"daily_deaths",1,1,1,1,1,1,1,1
"Utah","linear_increase_sd","Past",2020-03-23,"daily_hosps",2,2,2,3,2,3,3,3
"Utah","return_normal","Past",2020-03-23,"daily_hosps",2,2,2,3,2,3,3,3
"Utah","status_quo","Past",2020-03-23,"daily_hosps",2,2,2,3,2,3,3,3
"Utah","linear_increase_sd","Past",2020-03-23,"latent_trend",NA,NA,NA,0.935420859501424,NA,NA,NA,NA
"Utah","return_normal","Past",2020-03-23,"latent_trend",NA,NA,NA,0.935420859501424,NA,NA,NA,NA
"Utah","status_quo","Past",2020-03-23,"latent_trend",NA,NA,NA,0.935420859501424,NA,NA,NA,NA
"Utah","linear_increase_sd","Past",2020-03-23,"mobility_trend",NA,NA,NA,0.725555607192933,NA,NA,NA,NA
"Utah","return_normal","Past",2020-03-23,"mobility_trend",NA,NA,NA,0.725555607192933,NA,NA,NA,NA
"Utah","status_quo","Past",2020-03-23,"mobility_trend",NA,NA,NA,0.725555607192933,NA,NA,NA,NA
"Utah",NA,"Past",2020-03-24,"actual_cumulative_cases",NA,NA,NA,298,NA,NA,NA,NA
"Utah",NA,"Past",2020-03-24,"actual_cumulative_deaths",NA,NA,NA,1,NA,NA,NA,NA
"Utah",NA,"Past",2020-03-24,"actual_daily_cases",NA,NA,NA,41,NA,NA,NA,NA
"Utah",NA,"Past",2020-03-24,"actual_daily_deaths",NA,NA,NA,0,NA,NA,NA,NA
"Utah","linear_increase_sd","Past",2020-03-24,"combined_trend",NA,NA,NA,0.65728828321427,NA,NA,NA,NA
"Utah","return_normal","Past",2020-03-24,"combined_trend",NA,NA,NA,0.65728828321427,NA,NA,NA,NA
"Utah","status_quo","Past",2020-03-24,"combined_trend",NA,NA,NA,0.65728828321427,NA,NA,NA,NA
"Utah","linear_increase_sd","Past",2020-03-24,"cumulative_all_infections",2879,2879,2879,3179,3147,3511,3511,3511
"Utah","return_normal","Past",2020-03-24,"cumulative_all_infections",2879,2879,2879,3179,3147,3511,3511,3511
"Utah","status_quo","Past",2020-03-24,"cumulative_all_infections",2879,2879,2879,3179,3147,3511,3511,3511
"Utah","linear_increase_sd","Past",2020-03-24,"cumulative_cases",212,212,212,227,229,238,238,238
"Utah","return_normal","Past",2020-03-24,"cumulative_cases",212,212,212,227,229,238,238,238
"Utah","status_quo","Past",2020-03-24,"cumulative_cases",212,212,212,227,229,238,238,238
"Utah","linear_increase_sd","Past",2020-03-24,"cumulative_deaths",11,11,11,13,13,14,14,14
"Utah","return_normal","Past",2020-03-24,"cumulative_deaths",11,11,11,13,13,14,14,14
"Utah","status_quo","Past",2020-03-24,"cumulative_deaths",11,11,11,13,13,14,14,14
"Utah","linear_increase_sd","Past",2020-03-24,"cumulative_hosps",23,23,23,24,23,24,24,24
"Utah","return_normal","Past",2020-03-24,"cumulative_hosps",23,23,23,24,23,24,24,24
"Utah","status_quo","Past",2020-03-24,"cumulative_hosps",23,23,23,24,23,24,24,24
"Utah","linear_increase_sd","Past",2020-03-24,"daily_all_infections",347,347,347,410,423,458,458,458
"Utah","return_normal","Past",2020-03-24,"daily_all_infections",347,347,347,410,423,458,458,458
"Utah","status_quo","Past",2020-03-24,"daily_all_infections",347,347,347,410,423,458,458,458
"Utah","linear_increase_sd","Past",2020-03-24,"daily_cases",34,34,34,40,41,44,44,44
"Utah","return_normal","Past",2020-03-24,"daily_cases",34,34,34,40,41,44,44,44
"Utah","status_quo","Past",2020-03-24,"daily_cases",34,34,34,40,41,44,44,44
"Utah","linear_increase_sd","Past",2020-03-24,"daily_deaths",1,1,1,1,1,1,1,1
"Utah","return_normal","Past",2020-03-24,"daily_deaths",1,1,1,1,1,1,1,1
"Utah","status_quo","Past",2020-03-24,"daily_deaths",1,1,1,1,1,1,1,1
"Utah","linear_increase_sd","Past",2020-03-24,"daily_hosps",3,3,3,3,3,3,3,3
"Utah","return_normal","Past",2020-03-24,"daily_hosps",3,3,3,3,3,3,3,3
"Utah","status_quo","Past",2020-03-24,"daily_hosps",3,3,3,3,3,3,3,3
"Utah","linear_increase_sd","Past",2020-03-24,"latent_trend",NA,NA,NA,0.921186784236262,NA,NA,NA,NA
"Utah","return_normal","Past",2020-03-24,"latent_trend",NA,NA,NA,0.921186784236262,NA,NA,NA,NA
"Utah","status_quo","Past",2020-03-24,"latent_trend",NA,NA,NA,0.921186784236262,NA,NA,NA,NA
"Utah","linear_increase_sd","Past",2020-03-24,"mobility_trend",NA,NA,NA,0.7135233532027,NA,NA,NA,NA
"Utah","return_normal","Past",2020-03-24,"mobility_trend",NA,NA,NA,0.7135233532027,NA,NA,NA,NA
"Utah","status_quo","Past",2020-03-24,"mobility_trend",NA,NA,NA,0.7135233532027,NA,NA,NA,NA
"Utah",NA,"Past",2020-03-25,"actual_cumulative_cases",NA,NA,NA,340,NA,NA,NA,NA
"Utah",NA,"Past",2020-03-25,"actual_cumulative_deaths",NA,NA,NA,1,NA,NA,NA,NA
"Utah",NA,"Past",2020-03-25,"actual_daily_cases",NA,NA,NA,42,NA,NA,NA,NA
"Utah",NA,"Past",2020-03-25,"actual_daily_deaths",NA,NA,NA,0,NA,NA,NA,NA
"Utah","linear_increase_sd","Past",2020-03-25,"combined_trend",NA,NA,NA,0.634421553885833,NA,NA,NA,NA
"Utah","return_normal","Past",2020-03-25,"combined_trend",NA,NA,NA,0.634421553885833,NA,NA,NA,NA
"Utah","status_quo","Past",2020-03-25,"combined_trend",NA,NA,NA,0.634421553885833,NA,NA,NA,NA
"Utah","linear_increase_sd","Past",2020-03-25,"cumulative_all_infections",3250,3250,3250,3625,3609,4016,4016,4016
"Utah","return_normal","Past",2020-03-25,"cumulative_all_infections",3250,3250,3250,3625,3609,4016,4016,4016
"Utah","status_quo","Past",2020-03-25,"cumulative_all_infections",3250,3250,3250,3625,3609,4016,4016,4016
"Utah","linear_increase_sd","Past",2020-03-25,"cumulative_cases",252,252,252,273,277,288,288,288
"Utah","return_normal","Past",2020-03-25,"cumulative_cases",252,252,252,273,277,288,288,288
"Utah","status_quo","Past",2020-03-25,"cumulative_cases",252,252,252,273,277,288,288,288
"Utah","linear_increase_sd","Past",2020-03-25,"cumulative_deaths",12,12,12,14,14,15,15,15
"Utah","return_normal","Past",2020-03-25,"cumulative_deaths",12,12,12,14,14,15,15,15
"Utah","status_quo","Past",2020-03-25,"cumulative_deaths",12,12,12,14,14,15,15,15
"Utah","linear_increase_sd","Past",2020-03-25,"cumulative_hosps",26,26,26,27,26,27,27,27
"Utah","return_normal","Past",2020-03-25,"cumulative_hosps",26,26,26,27,26,27,27,27
"Utah","status_quo","Past",2020-03-25,"cumulative_hosps",26,26,26,27,26,27,27,27
"Utah","linear_increase_sd","Past",2020-03-25,"daily_all_infections",371,371,371,446,462,505,505,505
"Utah","return_normal","Past",2020-03-25,"daily_all_infections",371,371,371,446,462,505,505,505
"Utah","status_quo","Past",2020-03-25,"daily_all_infections",371,371,371,446,462,505,505,505
"Utah","linear_increase_sd","Past",2020-03-25,"daily_cases",40,40,40,46,48,50,50,50
"Utah","return_normal","Past",2020-03-25,"daily_cases",40,40,40,46,48,50,50,50
"Utah","status_quo","Past",2020-03-25,"daily_cases",40,40,40,46,48,50,50,50
"Utah","linear_increase_sd","Past",2020-03-25,"daily_deaths",1,1,1,1,1,1,1,1
"Utah","return_normal","Past",2020-03-25,"daily_deaths",1,1,1,1,1,1,1,1
"Utah","status_quo","Past",2020-03-25,"daily_deaths",1,1,1,1,1,1,1,1
"Utah","linear_increase_sd","Past",2020-03-25,"daily_hosps",3,3,3,3,3,3,3,3
"Utah","return_normal","Past",2020-03-25,"daily_hosps",3,3,3,3,3,3,3,3
"Utah","status_quo","Past",2020-03-25,"daily_hosps",3,3,3,3,3,3,3,3
"Utah","linear_increase_sd","Past",2020-03-25,"latent_trend",NA,NA,NA,0.903628321529504,NA,NA,NA,NA
"Utah","return_normal","Past",2020-03-25,"latent_trend",NA,NA,NA,0.903628321529504,NA,NA,NA,NA
"Utah","status_quo","Past",2020-03-25,"latent_trend",NA,NA,NA,0.903628321529504,NA,NA,NA,NA
"Utah","linear_increase_sd","Past",2020-03-25,"mobility_trend",NA,NA,NA,0.702082414606036,NA,NA,NA,NA
"Utah","return_normal","Past",2020-03-25,"mobility_trend",NA,NA,NA,0.702082414606036,NA,NA,NA,NA
"Utah","status_quo","Past",2020-03-25,"mobility_trend",NA,NA,NA,0.702082414606036,NA,NA,NA,NA
"Utah",NA,"Past",2020-03-26,"actual_cumulative_cases",NA,NA,NA,396,NA,NA,NA,NA
"Utah",NA,"Past",2020-03-26,"actual_cumulative_deaths",NA,NA,NA,1,NA,NA,NA,NA
"Utah",NA,"Past",2020-03-26,"actual_daily_cases",NA,NA,NA,56,NA,NA,NA,NA
"Utah",NA,"Past",2020-03-26,"actual_daily_deaths",NA,NA,NA,0,NA,NA,NA,NA
"Utah","linear_increase_sd","Past",2020-03-26,"combined_trend",NA,NA,NA,0.609926066367006,NA,NA,NA,NA
"Utah","return_normal","Past",2020-03-26,"combined_trend",NA,NA,NA,0.609926066367006,NA,NA,NA,NA
"Utah","status_quo","Past",2020-03-26,"combined_trend",NA,NA,NA,0.609926066367006,NA,NA,NA,NA
"Utah","linear_increase_sd","Past",2020-03-26,"cumulative_all_infections",3652,3652,3652,4107,4108,4560,4560,4560
"Utah","return_normal","Past",2020-03-26,"cumulative_all_infections",3652,3652,3652,4107,4108,4560,4560,4560
"Utah","status_quo","Past",2020-03-26,"cumulative_all_infections",3652,3652,3652,4107,4108,4560,4560,4560
"Utah","linear_increase_sd","Past",2020-03-26,"cumulative_cases",297,297,297,327,332,351,351,351
"Utah","return_normal","Past",2020-03-26,"cumulative_cases",297,297,297,327,332,351,351,351
"Utah","status_quo","Past",2020-03-26,"cumulative_cases",297,297,297,327,332,351,351,351
"Utah","linear_increase_sd","Past",2020-03-26,"cumulative_deaths",13,13,13,15,15,16,16,16
"Utah","return_normal","Past",2020-03-26,"cumulative_deaths",13,13,13,15,15,16,16,16
"Utah","status_quo","Past",2020-03-26,"cumulative_deaths",13,13,13,15,15,16,16,16
"Utah","linear_increase_sd","Past",2020-03-26,"cumulative_hosps",29,29,29,30,30,31,31,31
"Utah","return_normal","Past",2020-03-26,"cumulative_hosps",29,29,29,30,30,31,31,31
"Utah","status_quo","Past",2020-03-26,"cumulative_hosps",29,29,29,30,30,31,31,31
"Utah","linear_increase_sd","Past",2020-03-26,"daily_all_infections",402,402,402,482,499,544,544,544
"Utah","return_normal","Past",2020-03-26,"daily_all_infections",402,402,402,482,499,544,544,544
"Utah","status_quo","Past",2020-03-26,"daily_all_infections",402,402,402,482,499,544,544,544
"Utah","linear_increase_sd","Past",2020-03-26,"daily_cases",45,45,45,55,55,63,63,63
"Utah","return_normal","Past",2020-03-26,"daily_cases",45,45,45,55,55,63,63,63
"Utah","status_quo","Past",2020-03-26,"daily_cases",45,45,45,55,55,63,63,63
"Utah","linear_increase_sd","Past",2020-03-26,"daily_deaths",1,1,1,1,1,1,1,1
"Utah","return_normal","Past",2020-03-26,"daily_deaths",1,1,1,1,1,1,1,1
"Utah","status_quo","Past",2020-03-26,"daily_deaths",1,1,1,1,1,1,1,1
"Utah","linear_increase_sd","Past",2020-03-26,"daily_hosps",3,3,3,4,4,4,4,4
"Utah","return_normal","Past",2020-03-26,"daily_hosps",3,3,3,4,4,4,4,4
"Utah","status_quo","Past",2020-03-26,"daily_hosps",3,3,3,4,4,4,4,4
"Utah","linear_increase_sd","Past",2020-03-26,"latent_trend",NA,NA,NA,0.882328241086772,NA,NA,NA,NA
"Utah","return_normal","Past",2020-03-26,"latent_trend",NA,NA,NA,0.882328241086772,NA,NA,NA,NA
"Utah","status_quo","Past",2020-03-26,"latent_trend",NA,NA,NA,0.882328241086772,NA,NA,NA,NA
"Utah","linear_increase_sd","Past",2020-03-26,"mobility_trend",NA,NA,NA,0.691268892873421,NA,NA,NA,NA
"Utah","return_normal","Past",2020-03-26,"mobility_trend",NA,NA,NA,0.691268892873421,NA,NA,NA,NA
"Utah","status_quo","Past",2020-03-26,"mobility_trend",NA,NA,NA,0.691268892873421,NA,NA,NA,NA
"Utah",NA,"Past",2020-03-27,"actual_cumulative_cases",NA,NA,NA,472,NA,NA,NA,NA
"Utah",NA,"Past",2020-03-27,"actual_cumulative_deaths",NA,NA,NA,1,NA,NA,NA,NA
"Utah",NA,"Past",2020-03-27,"actual_daily_cases",NA,NA,NA,76,NA,NA,NA,NA
"Utah",NA,"Past",2020-03-27,"actual_daily_deaths",NA,NA,NA,0,NA,NA,NA,NA
"Utah","linear_increase_sd","Past",2020-03-27,"combined_trend",NA,NA,NA,0.5837197375524,NA,NA,NA,NA
"Utah","return_normal","Past",2020-03-27,"combined_trend",NA,NA,NA,0.5837197375524,NA,NA,NA,NA
"Utah","status_quo","Past",2020-03-27,"combined_trend",NA,NA,NA,0.5837197375524,NA,NA,NA,NA
"Utah","linear_increase_sd","Past",2020-03-27,"cumulative_all_infections",4077,4077,4077,4623,4646,5146,5146,5146
"Utah","return_normal","Past",2020-03-27,"cumulative_all_infections",4077,4077,4077,4623,4646,5146,5146,5146
"Utah","status_quo","Past",2020-03-27,"cumulative_all_infections",4077,4077,4077,4623,4646,5146,5146,5146
"Utah","linear_increase_sd","Past",2020-03-27,"cumulative_cases",348,348,348,387,398,415,415,415
"Utah","return_normal","Past",2020-03-27,"cumulative_cases",348,348,348,387,398,415,415,415
"Utah","status_quo","Past",2020-03-27,"cumulative_cases",348,348,348,387,398,415,415,415
"Utah","linear_increase_sd","Past",2020-03-27,"cumulative_deaths",14,14,14,16,16,17,17,17
"Utah","return_normal","Past",2020-03-27,"cumulative_deaths",14,14,14,16,16,17,17,17
"Utah","status_quo","Past",2020-03-27,"cumulative_deaths",14,14,14,16,16,17,17,17
"Utah","linear_increase_sd","Past",2020-03-27,"cumulative_hosps",34,34,34,35,34,36,36,36
"Utah","return_normal","Past",2020-03-27,"cumulative_hosps",34,34,34,35,34,36,36,36
"Utah","status_quo","Past",2020-03-27,"cumulative_hosps",34,34,34,35,34,36,36,36
"Utah","linear_increase_sd","Past",2020-03-27,"daily_all_infections",425,425,425,517,538,586,586,586
"Utah","return_normal","Past",2020-03-27,"daily_all_infections",425,425,425,517,538,586,586,586
"Utah","status_quo","Past",2020-03-27,"daily_all_infections",425,425,425,517,538,586,586,586
"Utah","linear_increase_sd","Past",2020-03-27,"daily_cases",51,51,51,61,64,66,66,66
"Utah","return_normal","Past",2020-03-27,"daily_cases",51,51,51,61,64,66,66,66
"Utah","status_quo","Past",2020-03-27,"daily_cases",51,51,51,61,64,66,66,66
"Utah","linear_increase_sd","Past",2020-03-27,"daily_deaths",1,1,1,1,1,1,1,1
"Utah","return_normal","Past",2020-03-27,"daily_deaths",1,1,1,1,1,1,1,1
"Utah","status_quo","Past",2020-03-27,"daily_deaths",1,1,1,1,1,1,1,1
"Utah","linear_increase_sd","Past",2020-03-27,"daily_hosps",4,4,4,5,5,5,5,5
"Utah","return_normal","Past",2020-03-27,"daily_hosps",4,4,4,5,5,5,5,5
"Utah","status_quo","Past",2020-03-27,"daily_hosps",4,4,4,5,5,5,5,5
"Utah","linear_increase_sd","Past",2020-03-27,"latent_trend",NA,NA,NA,0.857006857349792,NA,NA,NA,NA
"Utah","return_normal","Past",2020-03-27,"latent_trend",NA,NA,NA,0.857006857349792,NA,NA,NA,NA
"Utah","status_quo","Past",2020-03-27,"latent_trend",NA,NA,NA,0.857006857349792,NA,NA,NA,NA
"Utah","linear_increase_sd","Past",2020-03-27,"mobility_trend",NA,NA,NA,0.681114430469664,NA,NA,NA,NA
"Utah","return_normal","Past",2020-03-27,"mobility_trend",NA,NA,NA,0.681114430469664,NA,NA,NA,NA
"Utah","status_quo","Past",2020-03-27,"mobility_trend",NA,NA,NA,0.681114430469664,NA,NA,NA,NA
"Utah",NA,"Past",2020-03-28,"actual_cumulative_cases",NA,NA,NA,602,NA,NA,NA,NA
"Utah",NA,"Past",2020-03-28,"actual_cumulative_deaths",NA,NA,NA,1,NA,NA,NA,NA
"Utah",NA,"Past",2020-03-28,"actual_daily_cases",NA,NA,NA,130,NA,NA,NA,NA
"Utah",NA,"Past",2020-03-28,"actual_daily_deaths",NA,NA,NA,0,NA,NA,NA,NA
"Utah","linear_increase_sd","Past",2020-03-28,"combined_trend",NA,NA,NA,0.555871003847141,NA,NA,NA,NA
"Utah","return_normal","Past",2020-03-28,"combined_trend",NA,NA,NA,0.555871003847141,NA,NA,NA,NA
"Utah","status_quo","Past",2020-03-28,"combined_trend",NA,NA,NA,0.555871003847141,NA,NA,NA,NA
"Utah","linear_increase_sd","Past",2020-03-28,"cumulative_all_infections",4528,4528,4528,5169,5210,5767,5767,5767
"Utah","return_normal","Past",2020-03-28,"cumulative_all_infections",4528,4528,4528,5169,5210,5767,5767,5767
"Utah","status_quo","Past",2020-03-28,"cumulative_all_infections",4528,4528,4528,5169,5210,5767,5767,5767
"Utah","linear_increase_sd","Past",2020-03-28,"cumulative_cases",407,407,407,458,466,501,501,501
"Utah","return_normal","Past",2020-03-28,"cumulative_cases",407,407,407,458,466,501,501,501
"Utah","status_quo","Past",2020-03-28,"cumulative_cases",407,407,407,458,466,501,501,501
"Utah","linear_increase_sd","Past",2020-03-28,"cumulative_deaths",15,15,15,17,17,18,18,18
"Utah","return_normal","Past",2020-03-28,"cumulative_deaths",15,15,15,17,17,18,18,18
"Utah","status_quo","Past",2020-03-28,"cumulative_deaths",15,15,15,17,17,18,18,18
"Utah","linear_increase_sd","Past",2020-03-28,"cumulative_hosps",38,38,38,40,39,41,41,41
"Utah","return_normal","Past",2020-03-28,"cumulative_hosps",38,38,38,40,39,41,41,41
"Utah","status_quo","Past",2020-03-28,"cumulative_hosps",38,38,38,40,39,41,41,41
"Utah","linear_increase_sd","Past",2020-03-28,"daily_all_infections",451,451,451,546,564,621,621,621
"Utah","return_normal","Past",2020-03-28,"daily_all_infections",451,451,451,546,564,621,621,621
"Utah","status_quo","Past",2020-03-28,"daily_all_infections",451,451,451,546,564,621,621,621
"Utah","linear_increase_sd","Past",2020-03-28,"daily_cases",59,59,59,71,68,86,86,86
"Utah","return_normal","Past",2020-03-28,"daily_cases",59,59,59,71,68,86,86,86
"Utah","status_quo","Past",2020-03-28,"daily_cases",59,59,59,71,68,86,86,86
"Utah","linear_increase_sd","Past",2020-03-28,"daily_deaths",1,1,1,1,1,1,1,1
"Utah","return_normal","Past",2020-03-28,"daily_deaths",1,1,1,1,1,1,1,1
"Utah","status_quo","Past",2020-03-28,"daily_deaths",1,1,1,1,1,1,1,1
"Utah","linear_increase_sd","Past",2020-03-28,"daily_hosps",4,4,4,5,5,5,5,5
"Utah","return_normal","Past",2020-03-28,"daily_hosps",4,4,4,5,5,5,5,5
"Utah","status_quo","Past",2020-03-28,"daily_hosps",4,4,4,5,5,5,5,5
"Utah","linear_increase_sd","Past",2020-03-28,"latent_trend",NA,NA,NA,0.827619220514378,NA,NA,NA,NA
"Utah","return_normal","Past",2020-03-28,"latent_trend",NA,NA,NA,0.827619220514378,NA,NA,NA,NA
"Utah","status_quo","Past",2020-03-28,"latent_trend",NA,NA,NA,0.827619220514378,NA,NA,NA,NA
"Utah","linear_increase_sd","Past",2020-03-28,"mobility_trend",NA,NA,NA,0.671650669859575,NA,NA,NA,NA
"Utah","return_normal","Past",2020-03-28,"mobility_trend",NA,NA,NA,0.671650669859575,NA,NA,NA,NA
"Utah","status_quo","Past",2020-03-28,"mobility_trend",NA,NA,NA,0.671650669859575,NA,NA,NA,NA
"Utah",NA,"Past",2020-03-29,"actual_cumulative_cases",NA,NA,NA,720,NA,NA,NA,NA
"Utah",NA,"Past",2020-03-29,"actual_cumulative_deaths",NA,NA,NA,2,NA,NA,NA,NA
"Utah",NA,"Past",2020-03-29,"actual_daily_cases",NA,NA,NA,118,NA,NA,NA,NA
"Utah",NA,"Past",2020-03-29,"actual_daily_deaths",NA,NA,NA,1,NA,NA,NA,NA
"Utah","linear_increase_sd","Past",2020-03-29,"combined_trend",NA,NA,NA,0.526643190345883,NA,NA,NA,NA
"Utah","return_normal","Past",2020-03-29,"combined_trend",NA,NA,NA,0.526643190345883,NA,NA,NA,NA
"Utah","status_quo","Past",2020-03-29,"combined_trend",NA,NA,NA,0.526643190345883,NA,NA,NA,NA
"Utah","linear_increase_sd","Past",2020-03-29,"cumulative_all_infections",5001,5001,5001,5737,5797,6412,6412,6412
"Utah","return_normal","Past",2020-03-29,"cumulative_all_infections",5001,5001,5001,5737,5797,6412,6412,6412
"Utah","status_quo","Past",2020-03-29,"cumulative_all_infections",5001,5001,5001,5737,5797,6412,6412,6412
"Utah","linear_increase_sd","Past",2020-03-29,"cumulative_cases",475,475,475,539,556,584,584,584
"Utah","return_normal","Past",2020-03-29,"cumulative_cases",475,475,475,539,556,584,584,584
"Utah","status_quo","Past",2020-03-29,"cumulative_cases",475,475,475,539,556,584,584,584
"Utah","linear_increase_sd","Past",2020-03-29,"cumulative_deaths",16,16,16,18,19,19,19,19
"Utah","return_normal","Past",2020-03-29,"cumulative_deaths",16,16,16,18,19,19,19,19
"Utah","status_quo","Past",2020-03-29,"cumulative_deaths",16,16,16,18,19,19,19,19
"Utah","linear_increase_sd","Past",2020-03-29,"cumulative_hosps",43,43,43,45,45,47,47,47
"Utah","return_normal","Past",2020-03-29,"cumulative_hosps",43,43,43,45,45,47,47,47
"Utah","status_quo","Past",2020-03-29,"cumulative_hosps",43,43,43,45,45,47,47,47
"Utah","linear_increase_sd","Past",2020-03-29,"daily_all_infections",473,473,473,569,587,645,645,645
"Utah","return_normal","Past",2020-03-29,"daily_all_infections",473,473,473,569,587,645,645,645
"Utah","status_quo","Past",2020-03-29,"daily_all_infections",473,473,473,569,587,645,645,645
"Utah","linear_increase_sd","Past",2020-03-29,"daily_cases",68,68,68,81,83,90,90,90
"Utah","return_normal","Past",2020-03-29,"daily_cases",68,68,68,81,83,90,90,90
"Utah","status_quo","Past",2020-03-29,"daily_cases",68,68,68,81,83,90,90,90
"Utah","linear_increase_sd","Past",2020-03-29,"daily_deaths",1,1,1,2,1,2,2,2
"Utah","return_normal","Past",2020-03-29,"daily_deaths",1,1,1,2,1,2,2,2
"Utah","status_quo","Past",2020-03-29,"daily_deaths",1,1,1,2,1,2,2,2
"Utah","linear_increase_sd","Past",2020-03-29,"daily_hosps",5,5,5,6,6,6,6,6
"Utah","return_normal","Past",2020-03-29,"daily_hosps",5,5,5,6,6,6,6,6
"Utah","status_quo","Past",2020-03-29,"daily_hosps",5,5,5,6,6,6,6,6
"Utah","linear_increase_sd","Past",2020-03-29,"latent_trend",NA,NA,NA,0.79444798323642,NA,NA,NA,NA
"Utah","return_normal","Past",2020-03-29,"latent_trend",NA,NA,NA,0.79444798323642,NA,NA,NA,NA
"Utah","status_quo","Past",2020-03-29,"latent_trend",NA,NA,NA,0.79444798323642,NA,NA,NA,NA
"Utah","linear_increase_sd","Past",2020-03-29,"mobility_trend",NA,NA,NA,0.662904559465864,NA,NA,NA,NA
"Utah","return_normal","Past",2020-03-29,"mobility_trend",NA,NA,NA,0.662904559465864,NA,NA,NA,NA
"Utah","status_quo","Past",2020-03-29,"mobility_trend",NA,NA,NA,0.662904559465864,NA,NA,NA,NA
"Utah",NA,"Past",2020-03-30,"actual_cumulative_cases",NA,NA,NA,798,NA,NA,NA,NA
"Utah",NA,"Past",2020-03-30,"actual_cumulative_deaths",NA,NA,NA,4,NA,NA,NA,NA
"Utah",NA,"Past",2020-03-30,"actual_daily_cases",NA,NA,NA,78,NA,NA,NA,NA
"Utah",NA,"Past",2020-03-30,"actual_daily_deaths",NA,NA,NA,2,NA,NA,NA,NA
"Utah","linear_increase_sd","Past",2020-03-30,"combined_trend",NA,NA,NA,0.496509881276621,NA,NA,NA,NA
"Utah","return_normal","Past",2020-03-30,"combined_trend",NA,NA,NA,0.496509881276621,NA,NA,NA,NA
"Utah","status_quo","Past",2020-03-30,"combined_trend",NA,NA,NA,0.496509881276621,NA,NA,NA,NA
"Utah","linear_increase_sd","Past",2020-03-30,"cumulative_all_infections",5494,5494,5494,6324,6402,7074,7074,7074
"Utah","return_normal","Past",2020-03-30,"cumulative_all_infections",5494,5494,5494,6324,6402,7074,7074,7074
"Utah","status_quo","Past",2020-03-30,"cumulative_all_infections",5494,5494,5494,6324,6402,7074,7074,7074
"Utah","linear_increase_sd","Past",2020-03-30,"cumulative_cases",550,550,550,628,646,687,687,687
"Utah","return_normal","Past",2020-03-30,"cumulative_cases",550,550,550,628,646,687,687,687
"Utah","status_quo","Past",2020-03-30,"cumulative_cases",550,550,550,628,646,687,687,687
"Utah","linear_increase_sd","Past",2020-03-30,"cumulative_deaths",17,17,17,19,20,20,20,20
"Utah","return_normal","Past",2020-03-30,"cumulative_deaths",17,17,17,19,20,20,20,20
"Utah","status_quo","Past",2020-03-30,"cumulative_deaths",17,17,17,19,20,20,20,20
"Utah","linear_increase_sd","Past",2020-03-30,"cumulative_hosps",49,49,49,52,51,54,54,54
"Utah","return_normal","Past",2020-03-30,"cumulative_hosps",49,49,49,52,51,54,54,54
"Utah","status_quo","Past",2020-03-30,"cumulative_hosps",49,49,49,52,51,54,54,54
"Utah","linear_increase_sd","Past",2020-03-30,"daily_all_infections",493,493,493,587,605,662,662,662
"Utah","return_normal","Past",2020-03-30,"daily_all_infections",493,493,493,587,605,662,662,662
"Utah","status_quo","Past",2020-03-30,"daily_all_infections",493,493,493,587,605,662,662,662
"Utah","linear_increase_sd","Past",2020-03-30,"daily_cases",75,75,75,90,90,103,103,103
"Utah","return_normal","Past",2020-03-30,"daily_cases",75,75,75,90,90,103,103,103
"Utah","status_quo","Past",2020-03-30,"daily_cases",75,75,75,90,90,103,103,103
"Utah","linear_increase_sd","Past",2020-03-30,"daily_deaths",1,1,1,1,1,1,1,1
"Utah","return_normal","Past",2020-03-30,"daily_deaths",1,1,1,1,1,1,1,1
"Utah","status_quo","Past",2020-03-30,"daily_deaths",1,1,1,1,1,1,1,1
"Utah","linear_increase_sd","Past",2020-03-30,"daily_hosps",6,6,6,7,6,7,7,7
"Utah","return_normal","Past",2020-03-30,"daily_hosps",6,6,6,7,6,7,7,7
"Utah","status_quo","Past",2020-03-30,"daily_hosps",6,6,6,7,6,7,7,7
"Utah","linear_increase_sd","Past",2020-03-30,"latent_trend",NA,NA,NA,0.758164309102865,NA,NA,NA,NA
"Utah","return_normal","Past",2020-03-30,"latent_trend",NA,NA,NA,0.758164309102865,NA,NA,NA,NA
"Utah","status_quo","Past",2020-03-30,"latent_trend",NA,NA,NA,0.758164309102865,NA,NA,NA,NA
"Utah","linear_increase_sd","Past",2020-03-30,"mobility_trend",NA,NA,NA,0.654884271542854,NA,NA,NA,NA
"Utah","return_normal","Past",2020-03-30,"mobility_trend",NA,NA,NA,0.654884271542854,NA,NA,NA,NA
"Utah","status_quo","Past",2020-03-30,"mobility_trend",NA,NA,NA,0.654884271542854,NA,NA,NA,NA
"Utah",NA,"Past",2020-03-31,"actual_cumulative_cases",NA,NA,NA,888,NA,NA,NA,NA
"Utah",NA,"Past",2020-03-31,"actual_cumulative_deaths",NA,NA,NA,5,NA,NA,NA,NA
"Utah",NA,"Past",2020-03-31,"actual_daily_cases",NA,NA,NA,90,NA,NA,NA,NA
"Utah",NA,"Past",2020-03-31,"actual_daily_deaths",NA,NA,NA,1,NA,NA,NA,NA
"Utah","linear_increase_sd","Past",2020-03-31,"combined_trend",NA,NA,NA,0.466156750740232,NA,NA,NA,NA
"Utah","return_normal","Past",2020-03-31,"combined_trend",NA,NA,NA,0.466156750740232,NA,NA,NA,NA
"Utah","status_quo","Past",2020-03-31,"combined_trend",NA,NA,NA,0.466156750740232,NA,NA,NA,NA
"Utah","linear_increase_sd","Past",2020-03-31,"cumulative_all_infections",6001,6001,6001,6920,7019,7740,7740,7740
"Utah","return_normal","Past",2020-03-31,"cumulative_all_infections",6001,6001,6001,6920,7019,7740,7740,7740
"Utah","status_quo","Past",2020-03-31,"cumulative_all_infections",6001,6001,6001,6920,7019,7740,7740,7740
"Utah","linear_increase_sd","Past",2020-03-31,"cumulative_cases",630,630,630,721,743,790,790,790
"Utah","return_normal","Past",2020-03-31,"cumulative_cases",630,630,630,721,743,790,790,790
"Utah","status_quo","Past",2020-03-31,"cumulative_cases",630,630,630,721,743,790,790,790
"Utah","linear_increase_sd","Past",2020-03-31,"cumulative_deaths",19,19,19,21,21,22,22,22
"Utah","return_normal","Past",2020-03-31,"cumulative_deaths",19,19,19,21,21,22,22,22
"Utah","status_quo","Past",2020-03-31,"cumulative_deaths",19,19,19,21,21,22,22,22
"Utah","linear_increase_sd","Past",2020-03-31,"cumulative_hosps",56,56,56,59,59,62,62,62
"Utah","return_normal","Past",2020-03-31,"cumulative_hosps",56,56,56,59,59,62,62,62
"Utah","status_quo","Past",2020-03-31,"cumulative_hosps",56,56,56,59,59,62,62,62
"Utah","linear_increase_sd","Past",2020-03-31,"daily_all_infections",507,507,507,597,617,666,666,666
"Utah","return_normal","Past",2020-03-31,"daily_all_infections",507,507,507,597,617,666,666,666
"Utah","status_quo","Past",2020-03-31,"daily_all_infections",507,507,507,597,617,666,666,666
"Utah","linear_increase_sd","Past",2020-03-31,"daily_cases",80,80,80,94,97,103,103,103
"Utah","return_normal","Past",2020-03-31,"daily_cases",80,80,80,94,97,103,103,103
"Utah","status_quo","Past",2020-03-31,"daily_cases",80,80,80,94,97,103,103,103
"Utah","linear_increase_sd","Past",2020-03-31,"daily_deaths",1,1,1,2,2,2,2,2
"Utah","return_normal","Past",2020-03-31,"daily_deaths",1,1,1,2,2,2,2,2
"Utah","status_quo","Past",2020-03-31,"daily_deaths",1,1,1,2,2,2,2,2
"Utah","linear_increase_sd","Past",2020-03-31,"daily_hosps",7,7,7,8,8,8,8,8
"Utah","return_normal","Past",2020-03-31,"daily_hosps",7,7,7,8,8,8,8,8
"Utah","status_quo","Past",2020-03-31,"daily_hosps",7,7,7,8,8,8,8,8
"Utah","linear_increase_sd","Past",2020-03-31,"latent_trend",NA,NA,NA,0.71982950107662,NA,NA,NA,NA
"Utah","return_normal","Past",2020-03-31,"latent_trend",NA,NA,NA,0.71982950107662,NA,NA,NA,NA
"Utah","status_quo","Past",2020-03-31,"latent_trend",NA,NA,NA,0.71982950107662,NA,NA,NA,NA
"Utah","linear_increase_sd","Past",2020-03-31,"mobility_trend",NA,NA,NA,0.64759328430277,NA,NA,NA,NA
"Utah","return_normal","Past",2020-03-31,"mobility_trend",NA,NA,NA,0.64759328430277,NA,NA,NA,NA
"Utah","status_quo","Past",2020-03-31,"mobility_trend",NA,NA,NA,0.64759328430277,NA,NA,NA,NA
"Utah",NA,"Past",2020-04-01,"actual_cumulative_cases",NA,NA,NA,888,NA,NA,NA,NA
"Utah",NA,"Past",2020-04-01,"actual_cumulative_deaths",NA,NA,NA,5,NA,NA,NA,NA
"Utah",NA,"Past",2020-04-01,"actual_daily_cases",NA,NA,NA,0,NA,NA,NA,NA
"Utah",NA,"Past",2020-04-01,"actual_daily_deaths",NA,NA,NA,0,NA,NA,NA,NA
"Utah","linear_increase_sd","Past",2020-04-01,"combined_trend",NA,NA,NA,0.436432017454294,NA,NA,NA,NA
"Utah","return_normal","Past",2020-04-01,"combined_trend",NA,NA,NA,0.436432017454294,NA,NA,NA,NA
"Utah","status_quo","Past",2020-04-01,"combined_trend",NA,NA,NA,0.436432017454294,NA,NA,NA,NA
"Utah","linear_increase_sd","Past",2020-04-01,"cumulative_all_infections",6522,6522,6522,7520,7638,8399,8399,8399
"Utah","return_normal","Past",2020-04-01,"cumulative_all_infections",6522,6522,6522,7520,7638,8399,8399,8399
"Utah","status_quo","Past",2020-04-01,"cumulative_all_infections",6522,6522,6522,7520,7638,8399,8399,8399
"Utah","linear_increase_sd","Past",2020-04-01,"cumulative_cases",716,716,716,826,855,907,907,907
"Utah","return_normal","Past",2020-04-01,"cumulative_cases",716,716,716,826,855,907,907,907
"Utah","status_quo","Past",2020-04-01,"cumulative_cases",716,716,716,826,855,907,907,907
"Utah","linear_increase_sd","Past",2020-04-01,"cumulative_deaths",21,21,21,23,23,24,24,24
"Utah","return_normal","Past",2020-04-01,"cumulative_deaths",21,21,21,23,23,24,24,24
"Utah","status_quo","Past",2020-04-01,"cumulative_deaths",21,21,21,23,23,24,24,24
"Utah","linear_increase_sd","Past",2020-04-01,"cumulative_hosps",63,63,63,67,67,71,71,71
"Utah","return_normal","Past",2020-04-01,"cumulative_hosps",63,63,63,67,67,71,71,71
"Utah","status_quo","Past",2020-04-01,"cumulative_hosps",63,63,63,67,67,71,71,71
"Utah","linear_increase_sd","Past",2020-04-01,"daily_all_infections",521,521,521,600,619,659,659,659
"Utah","return_normal","Past",2020-04-01,"daily_all_infections",521,521,521,600,619,659,659,659
"Utah","status_quo","Past",2020-04-01,"daily_all_infections",521,521,521,600,619,659,659,659
"Utah","linear_increase_sd","Past",2020-04-01,"daily_cases",86,86,86,105,112,117,117,117
"Utah","return_normal","Past",2020-04-01,"daily_cases",86,86,86,105,112,117,117,117
"Utah","status_quo","Past",2020-04-01,"daily_cases",86,86,86,105,112,117,117,117
"Utah","linear_increase_sd","Past",2020-04-01,"daily_deaths",2,2,2,2,2,2,2,2
"Utah","return_normal","Past",2020-04-01,"daily_deaths",2,2,2,2,2,2,2,2
"Utah","status_quo","Past",2020-04-01,"daily_deaths",2,2,2,2,2,2,2,2
"Utah","linear_increase_sd","Past",2020-04-01,"daily_hosps",7,7,7,8,8,9,9,9
"Utah","return_normal","Past",2020-04-01,"daily_hosps",7,7,7,8,8,9,9,9
"Utah","status_quo","Past",2020-04-01,"daily_hosps",7,7,7,8,8,9,9,9
"Utah","linear_increase_sd","Past",2020-04-01,"latent_trend",NA,NA,NA,0.680823926525669,NA,NA,NA,NA
"Utah","return_normal","Past",2020-04-01,"latent_trend",NA,NA,NA,0.680823926525669,NA,NA,NA,NA
"Utah","status_quo","Past",2020-04-01,"latent_trend",NA,NA,NA,0.680823926525669,NA,NA,NA,NA
"Utah","linear_increase_sd","Past",2020-04-01,"mobility_trend",NA,NA,NA,0.641035075957836,NA,NA,NA,NA
"Utah","return_normal","Past",2020-04-01,"mobility_trend",NA,NA,NA,0.641035075957836,NA,NA,NA,NA
"Utah","status_quo","Past",2020-04-01,"mobility_trend",NA,NA,NA,0.641035075957836,NA,NA,NA,NA
"Utah",NA,"Past",2020-04-02,"actual_cumulative_cases",NA,NA,NA,1086,NA,NA,NA,NA
"Utah",NA,"Past",2020-04-02,"actual_cumulative_deaths",NA,NA,NA,7,NA,NA,NA,NA
"Utah",NA,"Past",2020-04-02,"actual_daily_cases",NA,NA,NA,198,NA,NA,NA,NA
"Utah",NA,"Past",2020-04-02,"actual_daily_deaths",NA,NA,NA,2,NA,NA,NA,NA
"Utah","linear_increase_sd","Past",2020-04-02,"combined_trend",NA,NA,NA,0.408260339204752,NA,NA,NA,NA
"Utah","return_normal","Past",2020-04-02,"combined_trend",NA,NA,NA,0.408260339204752,NA,NA,NA,NA
"Utah","status_quo","Past",2020-04-02,"combined_trend",NA,NA,NA,0.408260339204752,NA,NA,NA,NA
"Utah","linear_increase_sd","Past",2020-04-02,"cumulative_all_infections",7047,7047,7047,8113,8244,9047,9047,9047
"Utah","return_normal","Past",2020-04-02,"cumulative_all_infections",7047,7047,7047,8113,8244,9047,9047,9047
"Utah","status_quo","Past",2020-04-02,"cumulative_all_infections",7047,7047,7047,8113,8244,9047,9047,9047
"Utah","linear_increase_sd","Past",2020-04-02,"cumulative_cases",822,822,822,943,976,1029,1029,1029
"Utah","return_normal","Past",2020-04-02,"cumulative_cases",822,822,822,943,976,1029,1029,1029
"Utah","status_quo","Past",2020-04-02,"cumulative_cases",822,822,822,943,976,1029,1029,1029
"Utah","linear_increase_sd","Past",2020-04-02,"cumulative_deaths",22,22,22,25,25,26,26,26
"Utah","return_normal","Past",2020-04-02,"cumulative_deaths",22,22,22,25,25,26,26,26
"Utah","status_quo","Past",2020-04-02,"cumulative_deaths",22,22,22,25,25,26,26,26
"Utah","linear_increase_sd","Past",2020-04-02,"cumulative_hosps",70,70,70,76,76,81,81,81
"Utah","return_normal","Past",2020-04-02,"cumulative_hosps",70,70,70,76,76,81,81,81
"Utah","status_quo","Past",2020-04-02,"cumulative_hosps",70,70,70,76,76,81,81,81
"Utah","linear_increase_sd","Past",2020-04-02,"daily_all_infections",525,525,525,593,606,648,648,648
"Utah","return_normal","Past",2020-04-02,"daily_all_infections",525,525,525,593,606,648,648,648
"Utah","status_quo","Past",2020-04-02,"daily_all_infections",525,525,525,593,606,648,648,648
"Utah","linear_increase_sd","Past",2020-04-02,"daily_cases",106,106,106,117,121,122,122,122
"Utah","return_normal","Past",2020-04-02,"daily_cases",106,106,106,117,121,122,122,122
"Utah","status_quo","Past",2020-04-02,"daily_cases",106,106,106,117,121,122,122,122
"Utah","linear_increase_sd","Past",2020-04-02,"daily_deaths",1,1,1,2,2,2,2,2
"Utah","return_normal","Past",2020-04-02,"daily_deaths",1,1,1,2,2,2,2,2
"Utah","status_quo","Past",2020-04-02,"daily_deaths",1,1,1,2,2,2,2,2
"Utah","linear_increase_sd","Past",2020-04-02,"daily_hosps",7,7,7,9,9,10,10,10
"Utah","return_normal","Past",2020-04-02,"daily_hosps",7,7,7,9,9,10,10,10
"Utah","status_quo","Past",2020-04-02,"daily_hosps",7,7,7,9,9,10,10,10
"Utah","linear_increase_sd","Past",2020-04-02,"latent_trend",NA,NA,NA,0.642714410057057,NA,NA,NA,NA
"Utah","return_normal","Past",2020-04-02,"latent_trend",NA,NA,NA,0.642714410057057,NA,NA,NA,NA
"Utah","status_quo","Past",2020-04-02,"latent_trend",NA,NA,NA,0.642714410057057,NA,NA,NA,NA
"Utah","linear_increase_sd","Past",2020-04-02,"mobility_trend",NA,NA,NA,0.635212674270846,NA,NA,NA,NA
"Utah","return_normal","Past",2020-04-02,"mobility_trend",NA,NA,NA,0.635212674270846,NA,NA,NA,NA
"Utah","status_quo","Past",2020-04-02,"mobility_trend",NA,NA,NA,0.635212674270846,NA,NA,NA,NA
"Utah",NA,"Past",2020-04-03,"actual_cumulative_cases",NA,NA,NA,1248,NA,NA,NA,NA
"Utah",NA,"Past",2020-04-03,"actual_cumulative_deaths",NA,NA,NA,7,NA,NA,NA,NA
"Utah",NA,"Past",2020-04-03,"actual_daily_cases",NA,NA,NA,162,NA,NA,NA,NA
"Utah",NA,"Past",2020-04-03,"actual_daily_deaths",NA,NA,NA,0,NA,NA,NA,NA
"Utah","linear_increase_sd","Past",2020-04-03,"combined_trend",NA,NA,NA,0.382496376062947,NA,NA,NA,NA
"Utah","return_normal","Past",2020-04-03,"combined_trend",NA,NA,NA,0.382496376062947,NA,NA,NA,NA
"Utah","status_quo","Past",2020-04-03,"combined_trend",NA,NA,NA,0.382496376062947,NA,NA,NA,NA
"Utah","linear_increase_sd","Past",2020-04-03,"cumulative_all_infections",7578,7578,7578,8696,8838,9672,9672,9672
"Utah","return_normal","Past",2020-04-03,"cumulative_all_infections",7578,7578,7578,8696,8838,9672,9672,9672
"Utah","status_quo","Past",2020-04-03,"cumulative_all_infections",7578,7578,7578,8696,8838,9672,9672,9672
"Utah","linear_increase_sd","Past",2020-04-03,"cumulative_cases",930,930,930,1068,1102,1172,1172,1172
"Utah","return_normal","Past",2020-04-03,"cumulative_cases",930,930,930,1068,1102,1172,1172,1172
"Utah","status_quo","Past",2020-04-03,"cumulative_cases",930,930,930,1068,1102,1172,1172,1172
"Utah","linear_increase_sd","Past",2020-04-03,"cumulative_deaths",24,24,24,27,27,29,29,29
"Utah","return_normal","Past",2020-04-03,"cumulative_deaths",24,24,24,27,27,29,29,29
"Utah","status_quo","Past",2020-04-03,"cumulative_deaths",24,24,24,27,27,29,29,29
"Utah","linear_increase_sd","Past",2020-04-03,"cumulative_hosps",79,79,79,86,87,92,92,92
"Utah","return_normal","Past",2020-04-03,"cumulative_hosps",79,79,79,86,87,92,92,92
"Utah","status_quo","Past",2020-04-03,"cumulative_hosps",79,79,79,86,87,92,92,92
"Utah","linear_increase_sd","Past",2020-04-03,"daily_all_infections",531,531,531,584,594,625,625,625
"Utah","return_normal","Past",2020-04-03,"daily_all_infections",531,531,531,584,594,625,625,625
"Utah","status_quo","Past",2020-04-03,"daily_all_infections",531,531,531,584,594,625,625,625
"Utah","linear_increase_sd","Past",2020-04-03,"daily_cases",108,108,108,126,126,143,143,143
"Utah","return_normal","Past",2020-04-03,"daily_cases",108,108,108,126,126,143,143,143
"Utah","status_quo","Past",2020-04-03,"daily_cases",108,108,108,126,126,143,143,143
"Utah","linear_increase_sd","Past",2020-04-03,"daily_deaths",2,2,2,3,2,3,3,3
"Utah","return_normal","Past",2020-04-03,"daily_deaths",2,2,2,3,2,3,3,3
"Utah","status_quo","Past",2020-04-03,"daily_deaths",2,2,2,3,2,3,3,3
"Utah","linear_increase_sd","Past",2020-04-03,"daily_hosps",9,9,9,11,11,11,11,11
"Utah","return_normal","Past",2020-04-03,"daily_hosps",9,9,9,11,11,11,11,11
"Utah","status_quo","Past",2020-04-03,"daily_hosps",9,9,9,11,11,11,11,11
"Utah","linear_increase_sd","Past",2020-04-03,"latent_trend",NA,NA,NA,0.607014444386558,NA,NA,NA,NA
"Utah","return_normal","Past",2020-04-03,"latent_trend",NA,NA,NA,0.607014444386558,NA,NA,NA,NA
"Utah","status_quo","Past",2020-04-03,"latent_trend",NA,NA,NA,0.607014444386558,NA,NA,NA,NA
"Utah","linear_increase_sd","Past",2020-04-03,"mobility_trend",NA,NA,NA,0.63012730520687,NA,NA,NA,NA
"Utah","return_normal","Past",2020-04-03,"mobility_trend",NA,NA,NA,0.63012730520687,NA,NA,NA,NA
"Utah","status_quo","Past",2020-04-03,"mobility_trend",NA,NA,NA,0.63012730520687,NA,NA,NA,NA
"Utah",NA,"Past",2020-04-04,"actual_cumulative_cases",NA,NA,NA,1428,NA,NA,NA,NA
"Utah",NA,"Past",2020-04-04,"actual_cumulative_deaths",NA,NA,NA,8,NA,NA,NA,NA
"Utah",NA,"Past",2020-04-04,"actual_daily_cases",NA,NA,NA,180,NA,NA,NA,NA
"Utah",NA,"Past",2020-04-04,"actual_daily_deaths",NA,NA,NA,1,NA,NA,NA,NA
"Utah","linear_increase_sd","Past",2020-04-04,"combined_trend",NA,NA,NA,0.359541455826847,NA,NA,NA,NA
"Utah","return_normal","Past",2020-04-04,"combined_trend",NA,NA,NA,0.359541455826847,NA,NA,NA,NA
"Utah","status_quo","Past",2020-04-04,"combined_trend",NA,NA,NA,0.359541455826847,NA,NA,NA,NA
"Utah","linear_increase_sd","Past",2020-04-04,"cumulative_all_infections",8115,8115,8115,9269,9418,10273,10273,10273
"Utah","return_normal","Past",2020-04-04,"cumulative_all_infections",8115,8115,8115,9269,9418,10273,10273,10273
"Utah","status_quo","Past",2020-04-04,"cumulative_all_infections",8115,8115,8115,9269,9418,10273,10273,10273
"Utah","linear_increase_sd","Past",2020-04-04,"cumulative_cases",1041,1041,1041,1199,1237,1318,1318,1318
"Utah","return_normal","Past",2020-04-04,"cumulative_cases",1041,1041,1041,1199,1237,1318,1318,1318
"Utah","status_quo","Past",2020-04-04,"cumulative_cases",1041,1041,1041,1199,1237,1318,1318,1318
"Utah","linear_increase_sd","Past",2020-04-04,"cumulative_deaths",26,26,26,29,29,31,31,31
"Utah","return_normal","Past",2020-04-04,"cumulative_deaths",26,26,26,29,29,31,31,31
"Utah","status_quo","Past",2020-04-04,"cumulative_deaths",26,26,26,29,29,31,31,31
"Utah","linear_increase_sd","Past",2020-04-04,"cumulative_hosps",89,89,89,98,98,105,105,105
"Utah","return_normal","Past",2020-04-04,"cumulative_hosps",89,89,89,98,98,105,105,105
"Utah","status_quo","Past",2020-04-04,"cumulative_hosps",89,89,89,98,98,105,105,105
"Utah","linear_increase_sd","Past",2020-04-04,"daily_all_infections",537,537,537,573,580,601,601,601
"Utah","return_normal","Past",2020-04-04,"daily_all_infections",537,537,537,573,580,601,601,601
"Utah","status_quo","Past",2020-04-04,"daily_all_infections",537,537,537,573,580,601,601,601
"Utah","linear_increase_sd","Past",2020-04-04,"daily_cases",111,111,111,131,135,146,146,146
"Utah","return_normal","Past",2020-04-04,"daily_cases",111,111,111,131,135,146,146,146
"Utah","status_quo","Past",2020-04-04,"daily_cases",111,111,111,131,135,146,146,146
"Utah","linear_increase_sd","Past",2020-04-04,"daily_deaths",2,2,2,2,2,2,2,2
"Utah","return_normal","Past",2020-04-04,"daily_deaths",2,2,2,2,2,2,2,2
"Utah","status_quo","Past",2020-04-04,"daily_deaths",2,2,2,2,2,2,2,2
"Utah","linear_increase_sd","Past",2020-04-04,"daily_hosps",10,10,10,12,11,13,13,13
"Utah","return_normal","Past",2020-04-04,"daily_hosps",10,10,10,12,11,13,13,13
"Utah","status_quo","Past",2020-04-04,"daily_hosps",10,10,10,12,11,13,13,13
"Utah","linear_increase_sd","Past",2020-04-04,"latent_trend",NA,NA,NA,0.574549526590437,NA,NA,NA,NA
"Utah","return_normal","Past",2020-04-04,"latent_trend",NA,NA,NA,0.574549526590437,NA,NA,NA,NA
"Utah","status_quo","Past",2020-04-04,"latent_trend",NA,NA,NA,0.574549526590437,NA,NA,NA,NA
"Utah","linear_increase_sd","Past",2020-04-04,"mobility_trend",NA,NA,NA,0.625779744281546,NA,NA,NA,NA
"Utah","return_normal","Past",2020-04-04,"mobility_trend",NA,NA,NA,0.625779744281546,NA,NA,NA,NA
"Utah","status_quo","Past",2020-04-04,"mobility_trend",NA,NA,NA,0.625779744281546,NA,NA,NA,NA
"Utah",NA,"Past",2020-04-05,"actual_cumulative_cases",NA,NA,NA,1601,NA,NA,NA,NA
"Utah",NA,"Past",2020-04-05,"actual_cumulative_deaths",NA,NA,NA,8,NA,NA,NA,NA
"Utah",NA,"Past",2020-04-05,"actual_daily_cases",NA,NA,NA,173,NA,NA,NA,NA
"Utah",NA,"Past",2020-04-05,"actual_daily_deaths",NA,NA,NA,0,NA,NA,NA,NA
"Utah","linear_increase_sd","Past",2020-04-05,"combined_trend",NA,NA,NA,0.339501316864433,NA,NA,NA,NA
"Utah","return_normal","Past",2020-04-05,"combined_trend",NA,NA,NA,0.339501316864433,NA,NA,NA,NA
"Utah","status_quo","Past",2020-04-05,"combined_trend",NA,NA,NA,0.339501316864433,NA,NA,NA,NA
"Utah","linear_increase_sd","Past",2020-04-05,"cumulative_all_infections",8650,8650,8650,9825,9973,10851,10851,10851
"Utah","return_normal","Past",2020-04-05,"cumulative_all_infections",8650,8650,8650,9825,9973,10851,10851,10851
"Utah","status_quo","Past",2020-04-05,"cumulative_all_infections",8650,8650,8650,9825,9973,10851,10851,10851
"Utah","linear_increase_sd","Past",2020-04-05,"cumulative_cases",1160,1160,1160,1338,1375,1477,1477,1477
"Utah","return_normal","Past",2020-04-05,"cumulative_cases",1160,1160,1160,1338,1375,1477,1477,1477
"Utah","status_quo","Past",2020-04-05,"cumulative_cases",1160,1160,1160,1338,1375,1477,1477,1477
"Utah","linear_increase_sd","Past",2020-04-05,"cumulative_deaths",28,28,28,31,32,33,33,33
"Utah","return_normal","Past",2020-04-05,"cumulative_deaths",28,28,28,31,32,33,33,33
"Utah","status_quo","Past",2020-04-05,"cumulative_deaths",28,28,28,31,32,33,33,33
"Utah","linear_increase_sd","Past",2020-04-05,"cumulative_hosps",100,100,100,110,111,119,119,119
"Utah","return_normal","Past",2020-04-05,"cumulative_hosps",100,100,100,110,111,119,119,119
"Utah","status_quo","Past",2020-04-05,"cumulative_hosps",100,100,100,110,111,119,119,119
"Utah","linear_increase_sd","Past",2020-04-05,"daily_all_infections",535,535,535,556,555,578,578,578
"Utah","return_normal","Past",2020-04-05,"daily_all_infections",535,535,535,556,555,578,578,578
"Utah","status_quo","Past",2020-04-05,"daily_all_infections",535,535,535,556,555,578,578,578
"Utah","linear_increase_sd","Past",2020-04-05,"daily_cases",119,119,119,139,138,159,159,159
"Utah","return_normal","Past",2020-04-05,"daily_cases",119,119,119,139,138,159,159,159
"Utah","status_quo","Past",2020-04-05,"daily_cases",119,119,119,139,138,159,159,159
"Utah","linear_increase_sd","Past",2020-04-05,"daily_deaths",2,2,2,3,2,3,3,3
"Utah","return_normal","Past",2020-04-05,"daily_deaths",2,2,2,3,2,3,3,3
"Utah","status_quo","Past",2020-04-05,"daily_deaths",2,2,2,3,2,3,3,3
"Utah","linear_increase_sd","Past",2020-04-05,"daily_hosps",11,11,11,13,13,14,14,14
"Utah","return_normal","Past",2020-04-05,"daily_hosps",11,11,11,13,13,14,14,14
"Utah","status_quo","Past",2020-04-05,"daily_hosps",11,11,11,13,13,14,14,14
"Utah","linear_increase_sd","Past",2020-04-05,"latent_trend",NA,NA,NA,0.545672241233242,NA,NA,NA,NA
"Utah","return_normal","Past",2020-04-05,"latent_trend",NA,NA,NA,0.545672241233242,NA,NA,NA,NA
"Utah","status_quo","Past",2020-04-05,"latent_trend",NA,NA,NA,0.545672241233242,NA,NA,NA,NA
"Utah","linear_increase_sd","Past",2020-04-05,"mobility_trend",NA,NA,NA,0.622170767010514,NA,NA,NA,NA
"Utah","return_normal","Past",2020-04-05,"mobility_trend",NA,NA,NA,0.622170767010514,NA,NA,NA,NA
"Utah","status_quo","Past",2020-04-05,"mobility_trend",NA,NA,NA,0.622170767010514,NA,NA,NA,NA
"Utah",NA,"Past",2020-04-06,"actual_cumulative_cases",NA,NA,NA,1678,NA,NA,NA,NA
"Utah",NA,"Past",2020-04-06,"actual_cumulative_deaths",NA,NA,NA,13,NA,NA,NA,NA
"Utah",NA,"Past",2020-04-06,"actual_daily_cases",NA,NA,NA,77,NA,NA,NA,NA
"Utah",NA,"Past",2020-04-06,"actual_daily_deaths",NA,NA,NA,5,NA,NA,NA,NA
"Utah","linear_increase_sd","Past",2020-04-06,"combined_trend",NA,NA,NA,0.322356086076461,NA,NA,NA,NA
"Utah","return_normal","Past",2020-04-06,"combined_trend",NA,NA,NA,0.322356086076461,NA,NA,NA,NA
"Utah","status_quo","Past",2020-04-06,"combined_trend",NA,NA,NA,0.322356086076461,NA,NA,NA,NA
"Utah","linear_increase_sd","Past",2020-04-06,"cumulative_all_infections",9179,9179,9179,10364,10508,11404,11404,11404
"Utah","return_normal","Past",2020-04-06,"cumulative_all_infections",9179,9179,9179,10364,10508,11404,11404,11404
"Utah","status_quo","Past",2020-04-06,"cumulative_all_infections",9179,9179,9179,10364,10508,11404,11404,11404
"Utah","linear_increase_sd","Past",2020-04-06,"cumulative_cases",1290,1290,1290,1482,1521,1635,1635,1635
"Utah","return_normal","Past",2020-04-06,"cumulative_cases",1290,1290,1290,1482,1521,1635,1635,1635
"Utah","status_quo","Past",2020-04-06,"cumulative_cases",1290,1290,1290,1482,1521,1635,1635,1635
"Utah","linear_increase_sd","Past",2020-04-06,"cumulative_deaths",30,30,30,34,35,36,36,36
"Utah","return_normal","Past",2020-04-06,"cumulative_deaths",30,30,30,34,35,36,36,36
"Utah","status_quo","Past",2020-04-06,"cumulative_deaths",30,30,30,34,35,36,36,36
"Utah","linear_increase_sd","Past",2020-04-06,"cumulative_hosps",111,111,111,123,124,134,134,134
"Utah","return_normal","Past",2020-04-06,"cumulative_hosps",111,111,111,123,124,134,134,134
"Utah","status_quo","Past",2020-04-06,"cumulative_hosps",111,111,111,123,124,134,134,134
"Utah","linear_increase_sd","Past",2020-04-06,"daily_all_infections",529,529,529,539,535,553,553,553
"Utah","return_normal","Past",2020-04-06,"daily_all_infections",529,529,529,539,535,553,553,553
"Utah","status_quo","Past",2020-04-06,"daily_all_infections",529,529,529,539,535,553,553,553
"Utah","linear_increase_sd","Past",2020-04-06,"daily_cases",130,130,130,145,146,158,158,158
"Utah","return_normal","Past",2020-04-06,"daily_cases",130,130,130,145,146,158,158,158
"Utah","status_quo","Past",2020-04-06,"daily_cases",130,130,130,145,146,158,158,158
"Utah","linear_increase_sd","Past",2020-04-06,"daily_deaths",2,2,2,3,3,3,3,3
"Utah","return_normal","Past",2020-04-06,"daily_deaths",2,2,2,3,3,3,3,3
"Utah","status_quo","Past",2020-04-06,"daily_deaths",2,2,2,3,3,3,3,3
"Utah","linear_increase_sd","Past",2020-04-06,"daily_hosps",11,11,11,13,13,15,15,15
"Utah","return_normal","Past",2020-04-06,"daily_hosps",11,11,11,13,13,15,15,15
"Utah","status_quo","Past",2020-04-06,"daily_hosps",11,11,11,13,13,15,15,15
"Utah","linear_increase_sd","Past",2020-04-06,"latent_trend",NA,NA,NA,0.52051910441574,NA,NA,NA,NA
"Utah","return_normal","Past",2020-04-06,"latent_trend",NA,NA,NA,0.52051910441574,NA,NA,NA,NA
"Utah","status_quo","Past",2020-04-06,"latent_trend",NA,NA,NA,0.52051910441574,NA,NA,NA,NA
"Utah","linear_increase_sd","Past",2020-04-06,"mobility_trend",NA,NA,NA,0.619297319429402,NA,NA,NA,NA
"Utah","return_normal","Past",2020-04-06,"mobility_trend",NA,NA,NA,0.619297319429402,NA,NA,NA,NA
"Utah","status_quo","Past",2020-04-06,"mobility_trend",NA,NA,NA,0.619297319429402,NA,NA,NA,NA
"Utah",NA,"Past",2020-04-07,"actual_cumulative_cases",NA,NA,NA,1739,NA,NA,NA,NA
"Utah",NA,"Past",2020-04-07,"actual_cumulative_deaths",NA,NA,NA,13,NA,NA,NA,NA
"Utah",NA,"Past",2020-04-07,"actual_daily_cases",NA,NA,NA,61,NA,NA,NA,NA
"Utah",NA,"Past",2020-04-07,"actual_daily_deaths",NA,NA,NA,0,NA,NA,NA,NA
"Utah","linear_increase_sd","Past",2020-04-07,"combined_trend",NA,NA,NA,0.307994054600044,NA,NA,NA,NA
"Utah","return_normal","Past",2020-04-07,"combined_trend",NA,NA,NA,0.307994054600044,NA,NA,NA,NA
"Utah","status_quo","Past",2020-04-07,"combined_trend",NA,NA,NA,0.307994054600044,NA,NA,NA,NA
"Utah","linear_increase_sd","Past",2020-04-07,"cumulative_all_infections",9708,9708,9708,10888,11022,11933,11933,11933
"Utah","return_normal","Past",2020-04-07,"cumulative_all_infections",9708,9708,9708,10888,11022,11933,11933,11933
"Utah","status_quo","Past",2020-04-07,"cumulative_all_infections",9708,9708,9708,10888,11022,11933,11933,11933
"Utah","linear_increase_sd","Past",2020-04-07,"cumulative_cases",1414,1414,1414,1623,1665,1790,1790,1790
"Utah","return_normal","Past",2020-04-07,"cumulative_cases",1414,1414,1414,1623,1665,1790,1790,1790
"Utah","status_quo","Past",2020-04-07,"cumulative_cases",1414,1414,1414,1623,1665,1790,1790,1790
"Utah","linear_increase_sd","Past",2020-04-07,"cumulative_deaths",32,32,32,37,38,39,39,39
"Utah","return_normal","Past",2020-04-07,"cumulative_deaths",32,32,32,37,38,39,39,39
"Utah","status_quo","Past",2020-04-07,"cumulative_deaths",32,32,32,37,38,39,39,39
"Utah","linear_increase_sd","Past",2020-04-07,"cumulative_hosps",123,123,123,138,139,150,150,150
"Utah","return_normal","Past",2020-04-07,"cumulative_hosps",123,123,123,138,139,150,150,150
"Utah","status_quo","Past",2020-04-07,"cumulative_hosps",123,123,123,138,139,150,150,150
"Utah","linear_increase_sd","Past",2020-04-07,"daily_all_infections",514,514,514,524,529,529,529,529
"Utah","return_normal","Past",2020-04-07,"daily_all_infections",514,514,514,524,529,529,529,529
"Utah","status_quo","Past",2020-04-07,"daily_all_infections",514,514,514,524,529,529,529,529
"Utah","linear_increase_sd","Past",2020-04-07,"daily_cases",124,124,124,141,144,155,155,155
"Utah","return_normal","Past",2020-04-07,"daily_cases",124,124,124,141,144,155,155,155
"Utah","status_quo","Past",2020-04-07,"daily_cases",124,124,124,141,144,155,155,155
"Utah","linear_increase_sd","Past",2020-04-07,"daily_deaths",2,2,2,3,3,3,3,3
"Utah","return_normal","Past",2020-04-07,"daily_deaths",2,2,2,3,3,3,3,3
"Utah","status_quo","Past",2020-04-07,"daily_deaths",2,2,2,3,3,3,3,3
"Utah","linear_increase_sd","Past",2020-04-07,"daily_hosps",12,12,12,15,15,16,16,16
"Utah","return_normal","Past",2020-04-07,"daily_hosps",12,12,12,15,15,16,16,16
"Utah","status_quo","Past",2020-04-07,"daily_hosps",12,12,12,15,15,16,16,16
"Utah","linear_increase_sd","Past",2020-04-07,"latent_trend",NA,NA,NA,0.499065918162695,NA,NA,NA,NA
"Utah","return_normal","Past",2020-04-07,"latent_trend",NA,NA,NA,0.499065918162695,NA,NA,NA,NA
"Utah","status_quo","Past",2020-04-07,"latent_trend",NA,NA,NA,0.499065918162695,NA,NA,NA,NA
"Utah","linear_increase_sd","Past",2020-04-07,"mobility_trend",NA,NA,NA,0.6171410296538,NA,NA,NA,NA
"Utah","return_normal","Past",2020-04-07,"mobility_trend",NA,NA,NA,0.6171410296538,NA,NA,NA,NA
"Utah","status_quo","Past",2020-04-07,"mobility_trend",NA,NA,NA,0.6171410296538,NA,NA,NA,NA
"Utah",NA,"Past",2020-04-08,"actual_cumulative_cases",NA,NA,NA,1848,NA,NA,NA,NA
"Utah",NA,"Past",2020-04-08,"actual_cumulative_deaths",NA,NA,NA,13,NA,NA,NA,NA
"Utah",NA,"Past",2020-04-08,"actual_daily_cases",NA,NA,NA,109,NA,NA,NA,NA
"Utah",NA,"Past",2020-04-08,"actual_daily_deaths",NA,NA,NA,0,NA,NA,NA,NA
"Utah","linear_increase_sd","Past",2020-04-08,"combined_trend",NA,NA,NA,0.296252108150097,NA,NA,NA,NA
"Utah","return_normal","Past",2020-04-08,"combined_trend",NA,NA,NA,0.296252108150097,NA,NA,NA,NA
"Utah","status_quo","Past",2020-04-08,"combined_trend",NA,NA,NA,0.296252108150097,NA,NA,NA,NA
"Utah","linear_increase_sd","Past",2020-04-08,"cumulative_all_infections",10233,10233,10233,11395,11518,12434,12434,12434
"Utah","return_normal","Past",2020-04-08,"cumulative_all_infections",10233,10233,10233,11395,11518,12434,12434,12434
"Utah","status_quo","Past",2020-04-08,"cumulative_all_infections",10233,10233,10233,11395,11518,12434,12434,12434
"Utah","linear_increase_sd","Past",2020-04-08,"cumulative_cases",1544,1544,1544,1768,1819,1941,1941,1941
"Utah","return_normal","Past",2020-04-08,"cumulative_cases",1544,1544,1544,1768,1819,1941,1941,1941
"Utah","status_quo","Past",2020-04-08,"cumulative_cases",1544,1544,1544,1768,1819,1941,1941,1941
"Utah","linear_increase_sd","Past",2020-04-08,"cumulative_deaths",35,35,35,39,40,42,42,42
"Utah","return_normal","Past",2020-04-08,"cumulative_deaths",35,35,35,39,40,42,42,42
"Utah","status_quo","Past",2020-04-08,"cumulative_deaths",35,35,35,39,40,42,42,42
"Utah","linear_increase_sd","Past",2020-04-08,"cumulative_hosps",135,135,135,152,154,166,166,166
"Utah","return_normal","Past",2020-04-08,"cumulative_hosps",135,135,135,152,154,166,166,166
"Utah","status_quo","Past",2020-04-08,"cumulative_hosps",135,135,135,152,154,166,166,166
"Utah","linear_increase_sd","Past",2020-04-08,"daily_all_infections",496,496,496,508,501,525,525,525
"Utah","return_normal","Past",2020-04-08,"daily_all_infections",496,496,496,508,501,525,525,525
"Utah","status_quo","Past",2020-04-08,"daily_all_infections",496,496,496,508,501,525,525,525
"Utah","linear_increase_sd","Past",2020-04-08,"daily_cases",130,130,130,145,151,154,154,154
"Utah","return_normal","Past",2020-04-08,"daily_cases",130,130,130,145,151,154,154,154
"Utah","status_quo","Past",2020-04-08,"daily_cases",130,130,130,145,151,154,154,154
"Utah","linear_increase_sd","Past",2020-04-08,"daily_deaths",2,2,2,3,3,3,3,3
"Utah","return_normal","Past",2020-04-08,"daily_deaths",2,2,2,3,3,3,3,3
"Utah","status_quo","Past",2020-04-08,"daily_deaths",2,2,2,3,3,3,3,3
"Utah","linear_increase_sd","Past",2020-04-08,"daily_hosps",12,12,12,15,15,16,16,16
"Utah","return_normal","Past",2020-04-08,"daily_hosps",12,12,12,15,15,16,16,16
"Utah","status_quo","Past",2020-04-08,"daily_hosps",12,12,12,15,15,16,16,16
"Utah","linear_increase_sd","Past",2020-04-08,"latent_trend",NA,NA,NA,0.481178947301948,NA,NA,NA,NA
"Utah","return_normal","Past",2020-04-08,"latent_trend",NA,NA,NA,0.481178947301948,NA,NA,NA,NA
"Utah","status_quo","Past",2020-04-08,"latent_trend",NA,NA,NA,0.481178947301948,NA,NA,NA,NA
"Utah","linear_increase_sd","Past",2020-04-08,"mobility_trend",NA,NA,NA,0.615679696319286,NA,NA,NA,NA
"Utah","return_normal","Past",2020-04-08,"mobility_trend",NA,NA,NA,0.615679696319286,NA,NA,NA,NA
"Utah","status_quo","Past",2020-04-08,"mobility_trend",NA,NA,NA,0.615679696319286,NA,NA,NA,NA
"Utah",NA,"Past",2020-04-09,"actual_cumulative_cases",NA,NA,NA,1856,NA,NA,NA,NA
"Utah",NA,"Past",2020-04-09,"actual_cumulative_deaths",NA,NA,NA,13,NA,NA,NA,NA
"Utah",NA,"Past",2020-04-09,"actual_daily_cases",NA,NA,NA,8,NA,NA,NA,NA
"Utah",NA,"Past",2020-04-09,"actual_daily_deaths",NA,NA,NA,0,NA,NA,NA,NA
"Utah","linear_increase_sd","Past",2020-04-09,"combined_trend",NA,NA,NA,0.286943176745378,NA,NA,NA,NA
"Utah","return_normal","Past",2020-04-09,"combined_trend",NA,NA,NA,0.286943176745378,NA,NA,NA,NA
"Utah","status_quo","Past",2020-04-09,"combined_trend",NA,NA,NA,0.286943176745378,NA,NA,NA,NA
"Utah","linear_increase_sd","Past",2020-04-09,"cumulative_all_infections",10753,10753,10753,11887,11995,12912,12912,12912
"Utah","return_normal","Past",2020-04-09,"cumulative_all_infections",10753,10753,10753,11887,11995,12912,12912,12912
"Utah","status_quo","Past",2020-04-09,"cumulative_all_infections",10753,10753,10753,11887,11995,12912,12912,12912
"Utah","linear_increase_sd","Past",2020-04-09,"cumulative_cases",1673,1673,1673,1911,1962,2097,2097,2097
"Utah","return_normal","Past",2020-04-09,"cumulative_cases",1673,1673,1673,1911,1962,2097,2097,2097
"Utah","status_quo","Past",2020-04-09,"cumulative_cases",1673,1673,1673,1911,1962,2097,2097,2097
"Utah","linear_increase_sd","Past",2020-04-09,"cumulative_deaths",38,38,38,43,43,46,46,46
"Utah","return_normal","Past",2020-04-09,"cumulative_deaths",38,38,38,43,43,46,46,46
"Utah","status_quo","Past",2020-04-09,"cumulative_deaths",38,38,38,43,43,46,46,46
"Utah","linear_increase_sd","Past",2020-04-09,"cumulative_hosps",148,148,148,168,170,184,184,184
"Utah","return_normal","Past",2020-04-09,"cumulative_hosps",148,148,148,168,170,184,184,184
"Utah","status_quo","Past",2020-04-09,"cumulative_hosps",148,148,148,168,170,184,184,184
"Utah","linear_increase_sd","Past",2020-04-09,"daily_all_infections",477,477,477,492,478,520,520,520
"Utah","return_normal","Past",2020-04-09,"daily_all_infections",477,477,477,492,478,520,520,520
"Utah","status_quo","Past",2020-04-09,"daily_all_infections",477,477,477,492,478,520,520,520
"Utah","linear_increase_sd","Past",2020-04-09,"daily_cases",129,129,129,143,143,156,156,156
"Utah","return_normal","Past",2020-04-09,"daily_cases",129,129,129,143,143,156,156,156
"Utah","status_quo","Past",2020-04-09,"daily_cases",129,129,129,143,143,156,156,156
"Utah","linear_increase_sd","Past",2020-04-09,"daily_deaths",3,3,3,4,3,4,4,4
"Utah","return_normal","Past",2020-04-09,"daily_deaths",3,3,3,4,3,4,4,4
"Utah","status_quo","Past",2020-04-09,"daily_deaths",3,3,3,4,3,4,4,4
"Utah","linear_increase_sd","Past",2020-04-09,"daily_hosps",13,13,13,16,16,18,18,18
"Utah","return_normal","Past",2020-04-09,"daily_hosps",13,13,13,16,16,18,18,18
"Utah","status_quo","Past",2020-04-09,"daily_hosps",13,13,13,16,16,18,18,18
"Utah","linear_increase_sd","Past",2020-04-09,"latent_trend",NA,NA,NA,0.466656889840954,NA,NA,NA,NA
"Utah","return_normal","Past",2020-04-09,"latent_trend",NA,NA,NA,0.466656889840954,NA,NA,NA,NA
"Utah","status_quo","Past",2020-04-09,"latent_trend",NA,NA,NA,0.466656889840954,NA,NA,NA,NA
"Utah","linear_increase_sd","Past",2020-04-09,"mobility_trend",NA,NA,NA,0.61489111806144,NA,NA,NA,NA
"Utah","return_normal","Past",2020-04-09,"mobility_trend",NA,NA,NA,0.61489111806144,NA,NA,NA,NA
"Utah","status_quo","Past",2020-04-09,"mobility_trend",NA,NA,NA,0.61489111806144,NA,NA,NA,NA
"Utah",NA,"Past",2020-04-10,"actual_cumulative_cases",NA,NA,NA,2103,NA,NA,NA,NA
"Utah",NA,"Past",2020-04-10,"actual_cumulative_deaths",NA,NA,NA,17,NA,NA,NA,NA
"Utah",NA,"Past",2020-04-10,"actual_daily_cases",NA,NA,NA,247,NA,NA,NA,NA
"Utah",NA,"Past",2020-04-10,"actual_daily_deaths",NA,NA,NA,4,NA,NA,NA,NA
"Utah","linear_increase_sd","Past",2020-04-10,"combined_trend",NA,NA,NA,0.279873737104849,NA,NA,NA,NA
"Utah","return_normal","Past",2020-04-10,"combined_trend",NA,NA,NA,0.279873737104849,NA,NA,NA,NA
"Utah","status_quo","Past",2020-04-10,"combined_trend",NA,NA,NA,0.279873737104849,NA,NA,NA,NA
"Utah","linear_increase_sd","Past",2020-04-10,"cumulative_all_infections",11261,11261,11261,12363,12454,13374,13374,13374
"Utah","return_normal","Past",2020-04-10,"cumulative_all_infections",11261,11261,11261,12363,12454,13374,13374,13374
"Utah","status_quo","Past",2020-04-10,"cumulative_all_infections",11261,11261,11261,12363,12454,13374,13374,13374
"Utah","linear_increase_sd","Past",2020-04-10,"cumulative_cases",1808,1808,1808,2058,2115,2251,2251,2251
"Utah","return_normal","Past",2020-04-10,"cumulative_cases",1808,1808,1808,2058,2115,2251,2251,2251
"Utah","status_quo","Past",2020-04-10,"cumulative_cases",1808,1808,1808,2058,2115,2251,2251,2251
"Utah","linear_increase_sd","Past",2020-04-10,"cumulative_deaths",41,41,41,46,47,49,49,49
"Utah","return_normal","Past",2020-04-10,"cumulative_deaths",41,41,41,46,47,49,49,49
"Utah","status_quo","Past",2020-04-10,"cumulative_deaths",41,41,41,46,47,49,49,49
"Utah","linear_increase_sd","Past",2020-04-10,"cumulative_hosps",162,162,162,184,187,203,203,203
"Utah","return_normal","Past",2020-04-10,"cumulative_hosps",162,162,162,184,187,203,203,203
"Utah","status_quo","Past",2020-04-10,"cumulative_hosps",162,162,162,184,187,203,203,203
"Utah","linear_increase_sd","Past",2020-04-10,"daily_all_infections",459,459,459,477,462,508,508,508
"Utah","return_normal","Past",2020-04-10,"daily_all_infections",459,459,459,477,462,508,508,508
"Utah","status_quo","Past",2020-04-10,"daily_all_infections",459,459,459,477,462,508,508,508
"Utah","linear_increase_sd","Past",2020-04-10,"daily_cases",135,135,135,148,153,154,154,154
"Utah","return_normal","Past",2020-04-10,"daily_cases",135,135,135,148,153,154,154,154
"Utah","status_quo","Past",2020-04-10,"daily_cases",135,135,135,148,153,154,154,154
"Utah","linear_increase_sd","Past",2020-04-10,"daily_deaths",3,3,3,4,3,4,4,4
"Utah","return_normal","Past",2020-04-10,"daily_deaths",3,3,3,4,3,4,4,4
"Utah","status_quo","Past",2020-04-10,"daily_deaths",3,3,3,4,3,4,4,4
"Utah","linear_increase_sd","Past",2020-04-10,"daily_hosps",14,14,14,17,17,19,19,19
"Utah","return_normal","Past",2020-04-10,"daily_hosps",14,14,14,17,17,19,19,19
"Utah","status_quo","Past",2020-04-10,"daily_hosps",14,14,14,17,17,19,19,19
"Utah","linear_increase_sd","Past",2020-04-10,"latent_trend",NA,NA,NA,0.455262023171321,NA,NA,NA,NA
"Utah","return_normal","Past",2020-04-10,"latent_trend",NA,NA,NA,0.455262023171321,NA,NA,NA,NA
"Utah","status_quo","Past",2020-04-10,"latent_trend",NA,NA,NA,0.455262023171321,NA,NA,NA,NA
"Utah","linear_increase_sd","Past",2020-04-10,"mobility_trend",NA,NA,NA,0.61475309351584,NA,NA,NA,NA
"Utah","return_normal","Past",2020-04-10,"mobility_trend",NA,NA,NA,0.61475309351584,NA,NA,NA,NA
"Utah","status_quo","Past",2020-04-10,"mobility_trend",NA,NA,NA,0.61475309351584,NA,NA,NA,NA
"Utah",NA,"Past",2020-04-11,"actual_cumulative_cases",NA,NA,NA,2207,NA,NA,NA,NA
"Utah",NA,"Past",2020-04-11,"actual_cumulative_deaths",NA,NA,NA,18,NA,NA,NA,NA
"Utah",NA,"Past",2020-04-11,"actual_daily_cases",NA,NA,NA,104,NA,NA,NA,NA
"Utah",NA,"Past",2020-04-11,"actual_daily_deaths",NA,NA,NA,1,NA,NA,NA,NA
"Utah","linear_increase_sd","Past",2020-04-11,"combined_trend",NA,NA,NA,0.274855221375948,NA,NA,NA,NA
"Utah","return_normal","Past",2020-04-11,"combined_trend",NA,NA,NA,0.274855221375948,NA,NA,NA,NA
"Utah","status_quo","Past",2020-04-11,"combined_trend",NA,NA,NA,0.274855221375948,NA,NA,NA,NA
"Utah","linear_increase_sd","Past",2020-04-11,"cumulative_all_infections",11764,11764,11764,12826,12899,13814,13814,13814
"Utah","return_normal","Past",2020-04-11,"cumulative_all_infections",11764,11764,11764,12826,12899,13814,13814,13814
"Utah","status_quo","Past",2020-04-11,"cumulative_all_infections",11764,11764,11764,12826,12899,13814,13814,13814
"Utah","linear_increase_sd","Past",2020-04-11,"cumulative_cases",1949,1949,1949,2208,2263,2410,2410,2410
"Utah","return_normal","Past",2020-04-11,"cumulative_cases",1949,1949,1949,2208,2263,2410,2410,2410
"Utah","status_quo","Past",2020-04-11,"cumulative_cases",1949,1949,1949,2208,2263,2410,2410,2410
"Utah","linear_increase_sd","Past",2020-04-11,"cumulative_deaths",44,44,44,50,51,53,53,53
"Utah","return_normal","Past",2020-04-11,"cumulative_deaths",44,44,44,50,51,53,53,53
"Utah","status_quo","Past",2020-04-11,"cumulative_deaths",44,44,44,50,51,53,53,53
"Utah","linear_increase_sd","Past",2020-04-11,"cumulative_hosps",176,176,176,201,204,221,221,221
"Utah","return_normal","Past",2020-04-11,"cumulative_hosps",176,176,176,201,204,221,221,221
"Utah","status_quo","Past",2020-04-11,"cumulative_hosps",176,176,176,201,204,221,221,221
"Utah","linear_increase_sd","Past",2020-04-11,"daily_all_infections",440,440,440,463,445,503,503,503
"Utah","return_normal","Past",2020-04-11,"daily_all_infections",440,440,440,463,445,503,503,503
"Utah","status_quo","Past",2020-04-11,"daily_all_infections",440,440,440,463,445,503,503,503
"Utah","linear_increase_sd","Past",2020-04-11,"daily_cases",141,141,141,150,148,159,159,159
"Utah","return_normal","Past",2020-04-11,"daily_cases",141,141,141,150,148,159,159,159
"Utah","status_quo","Past",2020-04-11,"daily_cases",141,141,141,150,148,159,159,159
"Utah","linear_increase_sd","Past",2020-04-11,"daily_deaths",3,3,3,4,4,4,4,4
"Utah","return_normal","Past",2020-04-11,"daily_deaths",3,3,3,4,4,4,4,4
"Utah","status_quo","Past",2020-04-11,"daily_deaths",3,3,3,4,4,4,4,4
"Utah","linear_increase_sd","Past",2020-04-11,"daily_hosps",14,14,14,17,17,18,18,18
"Utah","return_normal","Past",2020-04-11,"daily_hosps",14,14,14,17,17,18,18,18
"Utah","status_quo","Past",2020-04-11,"daily_hosps",14,14,14,17,17,18,18,18
"Utah","linear_increase_sd","Past",2020-04-11,"latent_trend",NA,NA,NA,0.446741327720516,NA,NA,NA,NA
"Utah","return_normal","Past",2020-04-11,"latent_trend",NA,NA,NA,0.446741327720516,NA,NA,NA,NA
"Utah","status_quo","Past",2020-04-11,"latent_trend",NA,NA,NA,0.446741327720516,NA,NA,NA,NA
"Utah","linear_increase_sd","Past",2020-04-11,"mobility_trend",NA,NA,NA,0.615244671403893,NA,NA,NA,NA
"Utah","return_normal","Past",2020-04-11,"mobility_trend",NA,NA,NA,0.615244671403893,NA,NA,NA,NA
"Utah","status_quo","Past",2020-04-11,"mobility_trend",NA,NA,NA,0.615244671403893,NA,NA,NA,NA
"Utah",NA,"Past",2020-04-12,"actual_cumulative_cases",NA,NA,NA,2303,NA,NA,NA,NA
"Utah",NA,"Past",2020-04-12,"actual_cumulative_deaths",NA,NA,NA,18,NA,NA,NA,NA
"Utah",NA,"Past",2020-04-12,"actual_daily_cases",NA,NA,NA,96,NA,NA,NA,NA
"Utah",NA,"Past",2020-04-12,"actual_daily_deaths",NA,NA,NA,0,NA,NA,NA,NA
"Utah","linear_increase_sd","Past",2020-04-12,"combined_trend",NA,NA,NA,0.271711349574967,NA,NA,NA,NA
"Utah","return_normal","Past",2020-04-12,"combined_trend",NA,NA,NA,0.271711349574967,NA,NA,NA,NA
"Utah","status_quo","Past",2020-04-12,"combined_trend",NA,NA,NA,0.271711349574967,NA,NA,NA,NA
"Utah","linear_increase_sd","Past",2020-04-12,"cumulative_all_infections",12254,12254,12254,13274,13329,14238,14238,14238
"Utah","return_normal","Past",2020-04-12,"cumulative_all_infections",12254,12254,12254,13274,13329,14238,14238,14238
"Utah","status_quo","Past",2020-04-12,"cumulative_all_infections",12254,12254,12254,13274,13329,14238,14238,14238
"Utah","linear_increase_sd","Past",2020-04-12,"cumulative_cases",2097,2097,2097,2351,2397,2557,2557,2557
"Utah","return_normal","Past",2020-04-12,"cumulative_cases",2097,2097,2097,2351,2397,2557,2557,2557
"Utah","status_quo","Past",2020-04-12,"cumulative_cases",2097,2097,2097,2351,2397,2557,2557,2557
"Utah","linear_increase_sd","Past",2020-04-12,"cumulative_deaths",47,47,47,53,55,56,56,56
"Utah","return_normal","Past",2020-04-12,"cumulative_deaths",47,47,47,53,55,56,56,56
"Utah","status_quo","Past",2020-04-12,"cumulative_deaths",47,47,47,53,55,56,56,56
"Utah","linear_increase_sd","Past",2020-04-12,"cumulative_hosps",191,191,191,218,221,240,240,240
"Utah","return_normal","Past",2020-04-12,"cumulative_hosps",191,191,191,218,221,240,240,240
"Utah","status_quo","Past",2020-04-12,"cumulative_hosps",191,191,191,218,221,240,240,240
"Utah","linear_increase_sd","Past",2020-04-12,"daily_all_infections",424,424,424,448,430,490,490,490
"Utah","return_normal","Past",2020-04-12,"daily_all_infections",424,424,424,448,430,490,490,490
"Utah","status_quo","Past",2020-04-12,"daily_all_infections",424,424,424,448,430,490,490,490
"Utah","linear_increase_sd","Past",2020-04-12,"daily_cases",134,134,134,143,147,148,148,148
"Utah","return_normal","Past",2020-04-12,"daily_cases",134,134,134,143,147,148,148,148
"Utah","status_quo","Past",2020-04-12,"daily_cases",134,134,134,143,147,148,148,148
"Utah","linear_increase_sd","Past",2020-04-12,"daily_deaths",3,3,3,4,3,4,4,4
"Utah","return_normal","Past",2020-04-12,"daily_deaths",3,3,3,4,3,4,4,4
"Utah","status_quo","Past",2020-04-12,"daily_deaths",3,3,3,4,3,4,4,4
"Utah","linear_increase_sd","Past",2020-04-12,"daily_hosps",15,15,15,17,17,19,19,19
"Utah","return_normal","Past",2020-04-12,"daily_hosps",15,15,15,17,17,19,19,19
"Utah","status_quo","Past",2020-04-12,"daily_hosps",15,15,15,17,17,19,19,19
"Utah","linear_increase_sd","Past",2020-04-12,"latent_trend",NA,NA,NA,0.440839447246712,NA,NA,NA,NA
"Utah","return_normal","Past",2020-04-12,"latent_trend",NA,NA,NA,0.440839447246712,NA,NA,NA,NA
"Utah","status_quo","Past",2020-04-12,"latent_trend",NA,NA,NA,0.440839447246712,NA,NA,NA,NA
"Utah","linear_increase_sd","Past",2020-04-12,"mobility_trend",NA,NA,NA,0.616349900790312,NA,NA,NA,NA
"Utah","return_normal","Past",2020-04-12,"mobility_trend",NA,NA,NA,0.616349900790312,NA,NA,NA,NA
"Utah","status_quo","Past",2020-04-12,"mobility_trend",NA,NA,NA,0.616349900790312,NA,NA,NA,NA
"Utah",NA,"Past",2020-04-13,"actual_cumulative_cases",NA,NA,NA,2363,NA,NA,NA,NA
"Utah",NA,"Past",2020-04-13,"actual_cumulative_deaths",NA,NA,NA,18,NA,NA,NA,NA
"Utah",NA,"Past",2020-04-13,"actual_daily_cases",NA,NA,NA,60,NA,NA,NA,NA
"Utah",NA,"Past",2020-04-13,"actual_daily_deaths",NA,NA,NA,NA,NA,NA,NA,NA
"Utah","linear_increase_sd","Past",2020-04-13,"combined_trend",NA,NA,NA,0.270278488000416,NA,NA,NA,NA
"Utah","return_normal","Past",2020-04-13,"combined_trend",NA,NA,NA,0.270278488000416,NA,NA,NA,NA
"Utah","status_quo","Past",2020-04-13,"combined_trend",NA,NA,NA,0.270278488000416,NA,NA,NA,NA
"Utah","linear_increase_sd","Past",2020-04-13,"cumulative_all_infections",12738,12738,12738,13711,13744,14650,14650,14650
"Utah","return_normal","Past",2020-04-13,"cumulative_all_infections",12738,12738,12738,13711,13744,14650,14650,14650
"Utah","status_quo","Past",2020-04-13,"cumulative_all_infections",12738,12738,12738,13711,13744,14650,14650,14650
"Utah","linear_increase_sd","Past",2020-04-13,"cumulative_cases",2231,2231,2231,2488,2539,2692,2692,2692
"Utah","return_normal","Past",2020-04-13,"cumulative_cases",2231,2231,2231,2488,2539,2692,2692,2692
"Utah","status_quo","Past",2020-04-13,"cumulative_cases",2231,2231,2231,2488,2539,2692,2692,2692
"Utah","linear_increase_sd","Past",2020-04-13,"cumulative_deaths",50,50,50,57,60,60,60,60
"Utah","return_normal","Past",2020-04-13,"cumulative_deaths",50,50,50,57,60,60,60,60
"Utah","status_quo","Past",2020-04-13,"cumulative_deaths",50,50,50,57,60,60,60,60
"Utah","linear_increase_sd","Past",2020-04-13,"cumulative_hosps",206,206,206,235,239,259,259,259
"Utah","return_normal","Past",2020-04-13,"cumulative_hosps",206,206,206,235,239,259,259,259
"Utah","status_quo","Past",2020-04-13,"cumulative_hosps",206,206,206,235,239,259,259,259
"Utah","linear_increase_sd","Past",2020-04-13,"daily_all_infections",412,412,412,437,415,484,484,484
"Utah","return_normal","Past",2020-04-13,"daily_all_infections",412,412,412,437,415,484,484,484
"Utah","status_quo","Past",2020-04-13,"daily_all_infections",412,412,412,437,415,484,484,484
"Utah","linear_increase_sd","Past",2020-04-13,"daily_cases",134,134,134,137,135,142,142,142
"Utah","return_normal","Past",2020-04-13,"daily_cases",134,134,134,137,135,142,142,142
"Utah","status_quo","Past",2020-04-13,"daily_cases",134,134,134,137,135,142,142,142
"Utah","linear_increase_sd","Past",2020-04-13,"daily_deaths",3,3,3,4,4,5,5,5
"Utah","return_normal","Past",2020-04-13,"daily_deaths",3,3,3,4,4,5,5,5
"Utah","status_quo","Past",2020-04-13,"daily_deaths",3,3,3,4,4,5,5,5
"Utah","linear_increase_sd","Past",2020-04-13,"daily_hosps",15,15,15,18,18,19,19,19
"Utah","return_normal","Past",2020-04-13,"daily_hosps",15,15,15,18,18,19,19,19
"Utah","status_quo","Past",2020-04-13,"daily_hosps",15,15,15,18,18,19,19,19
"Utah","linear_increase_sd","Past",2020-04-13,"latent_trend",NA,NA,NA,0.437305563356785,NA,NA,NA,NA
"Utah","return_normal","Past",2020-04-13,"latent_trend",NA,NA,NA,0.437305563356785,NA,NA,NA,NA
"Utah","status_quo","Past",2020-04-13,"latent_trend",NA,NA,NA,0.437305563356785,NA,NA,NA,NA
"Utah","linear_increase_sd","Past",2020-04-13,"mobility_trend",NA,NA,NA,0.618054080825639,NA,NA,NA,NA
"Utah","return_normal","Past",2020-04-13,"mobility_trend",NA,NA,NA,0.618054080825639,NA,NA,NA,NA
"Utah","status_quo","Past",2020-04-13,"mobility_trend",NA,NA,NA,0.618054080825639,NA,NA,NA,NA
"Utah",NA,"Past",2020-04-14,"actual_cumulative_cases",NA,NA,NA,2417,NA,NA,NA,NA
"Utah",NA,"Past",2020-04-14,"actual_cumulative_deaths",NA,NA,NA,23,NA,NA,NA,NA
"Utah",NA,"Past",2020-04-14,"actual_daily_cases",NA,NA,NA,54,NA,NA,NA,NA
"Utah",NA,"Past",2020-04-14,"actual_daily_deaths",NA,NA,NA,5,NA,NA,NA,NA
"Utah","linear_increase_sd","Past",2020-04-14,"combined_trend",NA,NA,NA,0.270404857425412,NA,NA,NA,NA
"Utah","return_normal","Past",2020-04-14,"combined_trend",NA,NA,NA,0.270404857425412,NA,NA,NA,NA
"Utah","status_quo","Past",2020-04-14,"combined_trend",NA,NA,NA,0.270404857425412,NA,NA,NA,NA
"Utah","linear_increase_sd","Past",2020-04-14,"cumulative_all_infections",13208,13208,13208,14135,14148,15049,15049,15049
"Utah","return_normal","Past",2020-04-14,"cumulative_all_infections",13208,13208,13208,14135,14148,15049,15049,15049
"Utah","status_quo","Past",2020-04-14,"cumulative_all_infections",13208,13208,13208,14135,14148,15049,15049,15049
"Utah","linear_increase_sd","Past",2020-04-14,"cumulative_cases",2378,2378,2378,2623,2668,2822,2822,2822
"Utah","return_normal","Past",2020-04-14,"cumulative_cases",2378,2378,2378,2623,2668,2822,2822,2822
"Utah","status_quo","Past",2020-04-14,"cumulative_cases",2378,2378,2378,2623,2668,2822,2822,2822
"Utah","linear_increase_sd","Past",2020-04-14,"cumulative_deaths",53,53,53,61,64,64,64,64
"Utah","return_normal","Past",2020-04-14,"cumulative_deaths",53,53,53,61,64,64,64,64
"Utah","status_quo","Past",2020-04-14,"cumulative_deaths",53,53,53,61,64,64,64,64
"Utah","linear_increase_sd","Past",2020-04-14,"cumulative_hosps",221,221,221,252,256,277,277,277
"Utah","return_normal","Past",2020-04-14,"cumulative_hosps",221,221,221,252,256,277,277,277
"Utah","status_quo","Past",2020-04-14,"cumulative_hosps",221,221,221,252,256,277,277,277
"Utah","linear_increase_sd","Past",2020-04-14,"daily_all_infections",399,399,399,425,404,470,470,470
"Utah","return_normal","Past",2020-04-14,"daily_all_infections",399,399,399,425,404,470,470,470
"Utah","status_quo","Past",2020-04-14,"daily_all_infections",399,399,399,425,404,470,470,470
"Utah","linear_increase_sd","Past",2020-04-14,"daily_cases",129,129,129,136,130,147,147,147
"Utah","return_normal","Past",2020-04-14,"daily_cases",129,129,129,136,130,147,147,147
"Utah","status_quo","Past",2020-04-14,"daily_cases",129,129,129,136,130,147,147,147
"Utah","linear_increase_sd","Past",2020-04-14,"daily_deaths",3,3,3,4,4,4,4,4
"Utah","return_normal","Past",2020-04-14,"daily_deaths",3,3,3,4,4,4,4,4
"Utah","status_quo","Past",2020-04-14,"daily_deaths",3,3,3,4,4,4,4,4
"Utah","linear_increase_sd","Past",2020-04-14,"daily_hosps",15,15,15,17,17,18,18,18
"Utah","return_normal","Past",2020-04-14,"daily_hosps",15,15,15,17,17,18,18,18
"Utah","status_quo","Past",2020-04-14,"daily_hosps",15,15,15,17,17,18,18,18
"Utah","linear_increase_sd","Past",2020-04-14,"latent_trend",NA,NA,NA,0.435896061898998,NA,NA,NA,NA
"Utah","return_normal","Past",2020-04-14,"latent_trend",NA,NA,NA,0.435896061898998,NA,NA,NA,NA
"Utah","status_quo","Past",2020-04-14,"latent_trend",NA,NA,NA,0.435896061898998,NA,NA,NA,NA
"Utah","linear_increase_sd","Past",2020-04-14,"mobility_trend",NA,NA,NA,0.620342510660413,NA,NA,NA,NA
"Utah","return_normal","Past",2020-04-14,"mobility_trend",NA,NA,NA,0.620342510660413,NA,NA,NA,NA
"Utah","status_quo","Past",2020-04-14,"mobility_trend",NA,NA,NA,0.620342510660413,NA,NA,NA,NA
"Utah",NA,"Past",2020-04-15,"actual_cumulative_cases",NA,NA,NA,2548,NA,NA,NA,NA
"Utah",NA,"Past",2020-04-15,"actual_cumulative_deaths",NA,NA,NA,25,NA,NA,NA,NA
"Utah",NA,"Past",2020-04-15,"actual_daily_cases",NA,NA,NA,131,NA,NA,NA,NA
"Utah",NA,"Past",2020-04-15,"actual_daily_deaths",NA,NA,NA,2,NA,NA,NA,NA
"Utah","linear_increase_sd","Past",2020-04-15,"combined_trend",NA,NA,NA,0.271947822155579,NA,NA,NA,NA
"Utah","return_normal","Past",2020-04-15,"combined_trend",NA,NA,NA,0.271947822155579,NA,NA,NA,NA
"Utah","status_quo","Past",2020-04-15,"combined_trend",NA,NA,NA,0.271947822155579,NA,NA,NA,NA
"Utah","linear_increase_sd","Past",2020-04-15,"cumulative_all_infections",13674,13674,13674,14551,14542,15437,15437,15437
"Utah","return_normal","Past",2020-04-15,"cumulative_all_infections",13674,13674,13674,14551,14542,15437,15437,15437
"Utah","status_quo","Past",2020-04-15,"cumulative_all_infections",13674,13674,13674,14551,14542,15437,15437,15437
"Utah","linear_increase_sd","Past",2020-04-15,"cumulative_cases",2520,2520,2520,2752,2795,2940,2940,2940
"Utah","return_normal","Past",2020-04-15,"cumulative_cases",2520,2520,2520,2752,2795,2940,2940,2940
"Utah","status_quo","Past",2020-04-15,"cumulative_cases",2520,2520,2520,2752,2795,2940,2940,2940
"Utah","linear_increase_sd","Past",2020-04-15,"cumulative_deaths",56,56,56,65,68,69,69,69
"Utah","return_normal","Past",2020-04-15,"cumulative_deaths",56,56,56,65,68,69,69,69
"Utah","status_quo","Past",2020-04-15,"cumulative_deaths",56,56,56,65,68,69,69,69
"Utah","linear_increase_sd","Past",2020-04-15,"cumulative_hosps",237,237,237,269,273,295,295,295
"Utah","return_normal","Past",2020-04-15,"cumulative_hosps",237,237,237,269,273,295,295,295
"Utah","status_quo","Past",2020-04-15,"cumulative_hosps",237,237,237,269,273,295,295,295
"Utah","linear_increase_sd","Past",2020-04-15,"daily_all_infections",388,388,388,416,394,466,466,466
"Utah","return_normal","Past",2020-04-15,"daily_all_infections",388,388,388,416,394,466,466,466
"Utah","status_quo","Past",2020-04-15,"daily_all_infections",388,388,388,416,394,466,466,466
"Utah","linear_increase_sd","Past",2020-04-15,"daily_cases",118,118,118,129,127,142,142,142
"Utah","return_normal","Past",2020-04-15,"daily_cases",118,118,118,129,127,142,142,142
"Utah","status_quo","Past",2020-04-15,"daily_cases",118,118,118,129,127,142,142,142
"Utah","linear_increase_sd","Past",2020-04-15,"daily_deaths",3,3,3,4,4,5,5,5
"Utah","return_normal","Past",2020-04-15,"daily_deaths",3,3,3,4,4,5,5,5
"Utah","status_quo","Past",2020-04-15,"daily_deaths",3,3,3,4,4,5,5,5
"Utah","linear_increase_sd","Past",2020-04-15,"daily_hosps",16,16,16,17,17,18,18,18
"Utah","return_normal","Past",2020-04-15,"daily_hosps",16,16,16,17,17,18,18,18
"Utah","status_quo","Past",2020-04-15,"daily_hosps",16,16,16,17,17,18,18,18
"Utah","linear_increase_sd","Past",2020-04-15,"latent_trend",NA,NA,NA,0.436374518086496,NA,NA,NA,NA
"Utah","return_normal","Past",2020-04-15,"latent_trend",NA,NA,NA,0.436374518086496,NA,NA,NA,NA
"Utah","status_quo","Past",2020-04-15,"latent_trend",NA,NA,NA,0.436374518086496,NA,NA,NA,NA
"Utah","linear_increase_sd","Past",2020-04-15,"mobility_trend",NA,NA,NA,0.623198218237102,NA,NA,NA,NA
"Utah","return_normal","Past",2020-04-15,"mobility_trend",NA,NA,NA,0.623198218237102,NA,NA,NA,NA
"Utah","status_quo","Past",2020-04-15,"mobility_trend",NA,NA,NA,0.623198218237102,NA,NA,NA,NA
"Utah",NA,"Past",2020-04-16,"actual_cumulative_cases",NA,NA,NA,2683,NA,NA,NA,NA
"Utah",NA,"Past",2020-04-16,"actual_cumulative_deaths",NA,NA,NA,25,NA,NA,NA,NA
"Utah",NA,"Past",2020-04-16,"actual_daily_cases",NA,NA,NA,135,NA,NA,NA,NA
"Utah",NA,"Past",2020-04-16,"actual_daily_deaths",NA,NA,NA,0,NA,NA,NA,NA
"Utah","linear_increase_sd","Past",2020-04-16,"combined_trend",NA,NA,NA,0.274768341730311,NA,NA,NA,NA
"Utah","return_normal","Past",2020-04-16,"combined_trend",NA,NA,NA,0.274768341730311,NA,NA,NA,NA
"Utah","status_quo","Past",2020-04-16,"combined_trend",NA,NA,NA,0.274768341730311,NA,NA,NA,NA
"Utah","linear_increase_sd","Past",2020-04-16,"cumulative_all_infections",14134,14134,14134,14963,14927,15826,15826,15826
"Utah","return_normal","Past",2020-04-16,"cumulative_all_infections",14134,14134,14134,14963,14927,15826,15826,15826
"Utah","status_quo","Past",2020-04-16,"cumulative_all_infections",14134,14134,14134,14963,14927,15826,15826,15826
"Utah","linear_increase_sd","Past",2020-04-16,"cumulative_cases",2664,2664,2664,2882,2912,3068,3068,3068
"Utah","return_normal","Past",2020-04-16,"cumulative_cases",2664,2664,2664,2882,2912,3068,3068,3068
"Utah","status_quo","Past",2020-04-16,"cumulative_cases",2664,2664,2664,2882,2912,3068,3068,3068
"Utah","linear_increase_sd","Past",2020-04-16,"cumulative_deaths",60,60,60,69,72,73,73,73
"Utah","return_normal","Past",2020-04-16,"cumulative_deaths",60,60,60,69,72,73,73,73
"Utah","status_quo","Past",2020-04-16,"cumulative_deaths",60,60,60,69,72,73,73,73
"Utah","linear_increase_sd","Past",2020-04-16,"cumulative_hosps",254,254,254,286,289,313,313,313
"Utah","return_normal","Past",2020-04-16,"cumulative_hosps",254,254,254,286,289,313,313,313
"Utah","status_quo","Past",2020-04-16,"cumulative_hosps",254,254,254,286,289,313,313,313
"Utah","linear_increase_sd","Past",2020-04-16,"daily_all_infections",385,385,385,412,389,460,460,460
"Utah","return_normal","Past",2020-04-16,"daily_all_infections",385,385,385,412,389,460,460,460
"Utah","status_quo","Past",2020-04-16,"daily_all_infections",385,385,385,412,389,460,460,460
"Utah","linear_increase_sd","Past",2020-04-16,"daily_cases",117,117,117,130,128,144,144,144
"Utah","return_normal","Past",2020-04-16,"daily_cases",117,117,117,130,128,144,144,144
"Utah","status_quo","Past",2020-04-16,"daily_cases",117,117,117,130,128,144,144,144
"Utah","linear_increase_sd","Past",2020-04-16,"daily_deaths",4,4,4,4,4,4,4,4
"Utah","return_normal","Past",2020-04-16,"daily_deaths",4,4,4,4,4,4,4,4
"Utah","status_quo","Past",2020-04-16,"daily_deaths",4,4,4,4,4,4,4,4
"Utah","linear_increase_sd","Past",2020-04-16,"daily_hosps",16,16,16,17,17,18,18,18
"Utah","return_normal","Past",2020-04-16,"daily_hosps",16,16,16,17,17,18,18,18
"Utah","status_quo","Past",2020-04-16,"daily_hosps",16,16,16,17,17,18,18,18
"Utah","linear_increase_sd","Past",2020-04-16,"latent_trend",NA,NA,NA,0.438510165921901,NA,NA,NA,NA
"Utah","return_normal","Past",2020-04-16,"latent_trend",NA,NA,NA,0.438510165921901,NA,NA,NA,NA
"Utah","status_quo","Past",2020-04-16,"latent_trend",NA,NA,NA,0.438510165921901,NA,NA,NA,NA
"Utah","linear_increase_sd","Past",2020-04-16,"mobility_trend",NA,NA,NA,0.626595146665876,NA,NA,NA,NA
"Utah","return_normal","Past",2020-04-16,"mobility_trend",NA,NA,NA,0.626595146665876,NA,NA,NA,NA
"Utah","status_quo","Past",2020-04-16,"mobility_trend",NA,NA,NA,0.626595146665876,NA,NA,NA,NA
"Utah",NA,"Past",2020-04-17,"actual_cumulative_cases",NA,NA,NA,2793,NA,NA,NA,NA
"Utah",NA,"Past",2020-04-17,"actual_cumulative_deaths",NA,NA,NA,28,NA,NA,NA,NA
"Utah",NA,"Past",2020-04-17,"actual_daily_cases",NA,NA,NA,110,NA,NA,NA,NA
"Utah",NA,"Past",2020-04-17,"actual_daily_deaths",NA,NA,NA,3,NA,NA,NA,NA
"Utah","linear_increase_sd","Past",2020-04-17,"combined_trend",NA,NA,NA,0.278730927176362,NA,NA,NA,NA
"Utah","return_normal","Past",2020-04-17,"combined_trend",NA,NA,NA,0.278730927176362,NA,NA,NA,NA
"Utah","status_quo","Past",2020-04-17,"combined_trend",NA,NA,NA,0.278730927176362,NA,NA,NA,NA
"Utah","linear_increase_sd","Past",2020-04-17,"cumulative_all_infections",14587,14587,14587,15368,15311,16205,16205,16205
"Utah","return_normal","Past",2020-04-17,"cumulative_all_infections",14587,14587,14587,15368,15311,16205,16205,16205
"Utah","status_quo","Past",2020-04-17,"cumulative_all_infections",14587,14587,14587,15368,15311,16205,16205,16205
"Utah","linear_increase_sd","Past",2020-04-17,"cumulative_cases",2802,2802,2802,3011,3033,3197,3197,3197
"Utah","return_normal","Past",2020-04-17,"cumulative_cases",2802,2802,2802,3011,3033,3197,3197,3197
"Utah","status_quo","Past",2020-04-17,"cumulative_cases",2802,2802,2802,3011,3033,3197,3197,3197
"Utah","linear_increase_sd","Past",2020-04-17,"cumulative_deaths",64,64,64,73,76,77,77,77
"Utah","return_normal","Past",2020-04-17,"cumulative_deaths",64,64,64,73,76,77,77,77
"Utah","status_quo","Past",2020-04-17,"cumulative_deaths",64,64,64,73,76,77,77,77
"Utah","linear_increase_sd","Past",2020-04-17,"cumulative_hosps",270,270,270,302,307,329,329,329
"Utah","return_normal","Past",2020-04-17,"cumulative_hosps",270,270,270,302,307,329,329,329
"Utah","status_quo","Past",2020-04-17,"cumulative_hosps",270,270,270,302,307,329,329,329
"Utah","linear_increase_sd","Past",2020-04-17,"daily_all_infections",379,379,379,406,384,453,453,453
"Utah","return_normal","Past",2020-04-17,"daily_all_infections",379,379,379,406,384,453,453,453
"Utah","status_quo","Past",2020-04-17,"daily_all_infections",379,379,379,406,384,453,453,453
"Utah","linear_increase_sd","Past",2020-04-17,"daily_cases",121,121,121,130,129,138,138,138
"Utah","return_normal","Past",2020-04-17,"daily_cases",121,121,121,130,129,138,138,138
"Utah","status_quo","Past",2020-04-17,"daily_cases",121,121,121,130,129,138,138,138
"Utah","linear_increase_sd","Past",2020-04-17,"daily_deaths",4,4,4,4,4,4,4,4
"Utah","return_normal","Past",2020-04-17,"daily_deaths",4,4,4,4,4,4,4,4
"Utah","status_quo","Past",2020-04-17,"daily_deaths",4,4,4,4,4,4,4,4
"Utah","linear_increase_sd","Past",2020-04-17,"daily_hosps",16,16,16,17,16,18,18,18
"Utah","return_normal","Past",2020-04-17,"daily_hosps",16,16,16,17,16,18,18,18
"Utah","status_quo","Past",2020-04-17,"daily_hosps",16,16,16,17,16,18,18,18
"Utah","linear_increase_sd","Past",2020-04-17,"latent_trend",NA,NA,NA,0.442075703427591,NA,NA,NA,NA
"Utah","return_normal","Past",2020-04-17,"latent_trend",NA,NA,NA,0.442075703427591,NA,NA,NA,NA
"Utah","status_quo","Past",2020-04-17,"latent_trend",NA,NA,NA,0.442075703427591,NA,NA,NA,NA
"Utah","linear_increase_sd","Past",2020-04-17,"mobility_trend",NA,NA,NA,0.63050496784883,NA,NA,NA,NA
"Utah","return_normal","Past",2020-04-17,"mobility_trend",NA,NA,NA,0.63050496784883,NA,NA,NA,NA
"Utah","status_quo","Past",2020-04-17,"mobility_trend",NA,NA,NA,0.63050496784883,NA,NA,NA,NA
"Utah",NA,"Past",2020-04-18,"actual_cumulative_cases",NA,NA,NA,2917,NA,NA,NA,NA
"Utah",NA,"Past",2020-04-18,"actual_cumulative_deaths",NA,NA,NA,30,NA,NA,NA,NA
"Utah",NA,"Past",2020-04-18,"actual_daily_cases",NA,NA,NA,124,NA,NA,NA,NA
"Utah",NA,"Past",2020-04-18,"actual_daily_deaths",NA,NA,NA,2,NA,NA,NA,NA
"Utah","linear_increase_sd","Past",2020-04-18,"combined_trend",NA,NA,NA,0.28370162133509,NA,NA,NA,NA
"Utah","return_normal","Past",2020-04-18,"combined_trend",NA,NA,NA,0.28370162133509,NA,NA,NA,NA
"Utah","status_quo","Past",2020-04-18,"combined_trend",NA,NA,NA,0.28370162133509,NA,NA,NA,NA
"Utah","linear_increase_sd","Past",2020-04-18,"cumulative_all_infections",15034,15034,15034,15768,15689,16580,16580,16580
"Utah","return_normal","Past",2020-04-18,"cumulative_all_infections",15034,15034,15034,15768,15689,16580,16580,16580
"Utah","status_quo","Past",2020-04-18,"cumulative_all_infections",15034,15034,15034,15768,15689,16580,16580,16580
"Utah","linear_increase_sd","Past",2020-04-18,"cumulative_cases",2951,2951,2951,3136,3143,3314,3314,3314
"Utah","return_normal","Past",2020-04-18,"cumulative_cases",2951,2951,2951,3136,3143,3314,3314,3314
"Utah","status_quo","Past",2020-04-18,"cumulative_cases",2951,2951,2951,3136,3143,3314,3314,3314
"Utah","linear_increase_sd","Past",2020-04-18,"cumulative_deaths",68,68,68,77,80,81,81,81
"Utah","return_normal","Past",2020-04-18,"cumulative_deaths",68,68,68,77,80,81,81,81
"Utah","status_quo","Past",2020-04-18,"cumulative_deaths",68,68,68,77,80,81,81,81
"Utah","linear_increase_sd","Past",2020-04-18,"cumulative_hosps",286,286,286,318,322,345,345,345
"Utah","return_normal","Past",2020-04-18,"cumulative_hosps",286,286,286,318,322,345,345,345
"Utah","status_quo","Past",2020-04-18,"cumulative_hosps",286,286,286,318,322,345,345,345
"Utah","linear_increase_sd","Past",2020-04-18,"daily_all_infections",375,375,375,400,378,447,447,447
"Utah","return_normal","Past",2020-04-18,"daily_all_infections",375,375,375,400,378,447,447,447
"Utah","status_quo","Past",2020-04-18,"daily_all_infections",375,375,375,400,378,447,447,447
"Utah","linear_increase_sd","Past",2020-04-18,"daily_cases",110,110,110,126,117,149,149,149
"Utah","return_normal","Past",2020-04-18,"daily_cases",110,110,110,126,117,149,149,149
"Utah","status_quo","Past",2020-04-18,"daily_cases",110,110,110,126,117,149,149,149
"Utah","linear_increase_sd","Past",2020-04-18,"daily_deaths",4,4,4,4,4,4,4,4
"Utah","return_normal","Past",2020-04-18,"daily_deaths",4,4,4,4,4,4,4,4
"Utah","status_quo","Past",2020-04-18,"daily_deaths",4,4,4,4,4,4,4,4
"Utah","linear_increase_sd","Past",2020-04-18,"daily_hosps",15,15,15,16,16,16,16,16
"Utah","return_normal","Past",2020-04-18,"daily_hosps",15,15,15,16,16,16,16,16
"Utah","status_quo","Past",2020-04-18,"daily_hosps",15,15,15,16,16,16,16,16
"Utah","linear_increase_sd","Past",2020-04-18,"latent_trend",NA,NA,NA,0.446845030928285,NA,NA,NA,NA
"Utah","return_normal","Past",2020-04-18,"latent_trend",NA,NA,NA,0.446845030928285,NA,NA,NA,NA
"Utah","status_quo","Past",2020-04-18,"latent_trend",NA,NA,NA,0.446845030928285,NA,NA,NA,NA
"Utah","linear_increase_sd","Past",2020-04-18,"mobility_trend",NA,NA,NA,0.634899353688061,NA,NA,NA,NA
"Utah","return_normal","Past",2020-04-18,"mobility_trend",NA,NA,NA,0.634899353688061,NA,NA,NA,NA
"Utah","status_quo","Past",2020-04-18,"mobility_trend",NA,NA,NA,0.634899353688061,NA,NA,NA,NA
"Utah",NA,"Past",2020-04-19,"actual_cumulative_cases",NA,NA,NA,3069,NA,NA,NA,NA
"Utah",NA,"Past",2020-04-19,"actual_cumulative_deaths",NA,NA,NA,32,NA,NA,NA,NA
"Utah",NA,"Past",2020-04-19,"actual_daily_cases",NA,NA,NA,152,NA,NA,NA,NA
"Utah",NA,"Past",2020-04-19,"actual_daily_deaths",NA,NA,NA,2,NA,NA,NA,NA
"Utah","linear_increase_sd","Past",2020-04-19,"combined_trend",NA,NA,NA,0.289546144733266,NA,NA,NA,NA
"Utah","return_normal","Past",2020-04-19,"combined_trend",NA,NA,NA,0.289546144733266,NA,NA,NA,NA
"Utah","status_quo","Past",2020-04-19,"combined_trend",NA,NA,NA,0.289546144733266,NA,NA,NA,NA
"Utah","linear_increase_sd","Past",2020-04-19,"cumulative_all_infections",15478,15478,15478,16167,16064,16957,16957,16957
"Utah","return_normal","Past",2020-04-19,"cumulative_all_infections",15478,15478,15478,16167,16064,16957,16957,16957
"Utah","status_quo","Past",2020-04-19,"cumulative_all_infections",15478,15478,15478,16167,16064,16957,16957,16957
"Utah","linear_increase_sd","Past",2020-04-19,"cumulative_cases",3086,3086,3086,3260,3265,3429,3429,3429
"Utah","return_normal","Past",2020-04-19,"cumulative_cases",3086,3086,3086,3260,3265,3429,3429,3429
"Utah","status_quo","Past",2020-04-19,"cumulative_cases",3086,3086,3086,3260,3265,3429,3429,3429
"Utah","linear_increase_sd","Past",2020-04-19,"cumulative_deaths",72,72,72,81,84,86,86,86
"Utah","return_normal","Past",2020-04-19,"cumulative_deaths",72,72,72,81,84,86,86,86
"Utah","status_quo","Past",2020-04-19,"cumulative_deaths",72,72,72,81,84,86,86,86
"Utah","linear_increase_sd","Past",2020-04-19,"cumulative_hosps",302,302,302,334,337,362,362,362
"Utah","return_normal","Past",2020-04-19,"cumulative_hosps",302,302,302,334,337,362,362,362
"Utah","status_quo","Past",2020-04-19,"cumulative_hosps",302,302,302,334,337,362,362,362
"Utah","linear_increase_sd","Past",2020-04-19,"daily_all_infections",375,375,375,399,377,444,444,444
"Utah","return_normal","Past",2020-04-19,"daily_all_infections",375,375,375,399,377,444,444,444
"Utah","status_quo","Past",2020-04-19,"daily_all_infections",375,375,375,399,377,444,444,444
"Utah","linear_increase_sd","Past",2020-04-19,"daily_cases",115,115,115,124,122,135,135,135
"Utah","return_normal","Past",2020-04-19,"daily_cases",115,115,115,124,122,135,135,135
"Utah","status_quo","Past",2020-04-19,"daily_cases",115,115,115,124,122,135,135,135
"Utah","linear_increase_sd","Past",2020-04-19,"daily_deaths",4,4,4,5,4,5,5,5
"Utah","return_normal","Past",2020-04-19,"daily_deaths",4,4,4,5,4,5,5,5
"Utah","status_quo","Past",2020-04-19,"daily_deaths",4,4,4,5,4,5,5,5
"Utah","linear_increase_sd","Past",2020-04-19,"daily_hosps",15,15,15,16,16,17,17,17
"Utah","return_normal","Past",2020-04-19,"daily_hosps",15,15,15,16,16,17,17,17
"Utah","status_quo","Past",2020-04-19,"daily_hosps",15,15,15,16,16,17,17,17
"Utah","linear_increase_sd","Past",2020-04-19,"latent_trend",NA,NA,NA,0.452591317745448,NA,NA,NA,NA
"Utah","return_normal","Past",2020-04-19,"latent_trend",NA,NA,NA,0.452591317745448,NA,NA,NA,NA
"Utah","status_quo","Past",2020-04-19,"latent_trend",NA,NA,NA,0.452591317745448,NA,NA,NA,NA
"Utah","linear_increase_sd","Past",2020-04-19,"mobility_trend",NA,NA,NA,0.639751876318838,NA,NA,NA,NA
"Utah","return_normal","Past",2020-04-19,"mobility_trend",NA,NA,NA,0.639751876318838,NA,NA,NA,NA
"Utah","status_quo","Past",2020-04-19,"mobility_trend",NA,NA,NA,0.639751876318838,NA,NA,NA,NA
"Utah",NA,"Past",2020-04-20,"actual_cumulative_cases",NA,NA,NA,3213,NA,NA,NA,NA
"Utah",NA,"Past",2020-04-20,"actual_cumulative_deaths",NA,NA,NA,33,NA,NA,NA,NA
"Utah",NA,"Past",2020-04-20,"actual_daily_cases",NA,NA,NA,144,NA,NA,NA,NA
"Utah",NA,"Past",2020-04-20,"actual_daily_deaths",NA,NA,NA,1,NA,NA,NA,NA
"Utah","linear_increase_sd","Past",2020-04-20,"combined_trend",NA,NA,NA,0.296130297575942,NA,NA,NA,NA
"Utah","return_normal","Past",2020-04-20,"combined_trend",NA,NA,NA,0.296130297575942,NA,NA,NA,NA
"Utah","status_quo","Past",2020-04-20,"combined_trend",NA,NA,NA,0.296130297575942,NA,NA,NA,NA
"Utah","linear_increase_sd","Past",2020-04-20,"cumulative_all_infections",15912,15912,15912,16561,16437,17333,17333,17333
"Utah","return_normal","Past",2020-04-20,"cumulative_all_infections",15912,15912,15912,16561,16437,17333,17333,17333
"Utah","status_quo","Past",2020-04-20,"cumulative_all_infections",15912,15912,15912,16561,16437,17333,17333,17333
"Utah","linear_increase_sd","Past",2020-04-20,"cumulative_cases",3211,3211,3211,3374,3377,3534,3534,3534
"Utah","return_normal","Past",2020-04-20,"cumulative_cases",3211,3211,3211,3374,3377,3534,3534,3534
"Utah","status_quo","Past",2020-04-20,"cumulative_cases",3211,3211,3211,3374,3377,3534,3534,3534
"Utah","linear_increase_sd","Past",2020-04-20,"cumulative_deaths",75,75,75,85,88,90,90,90
"Utah","return_normal","Past",2020-04-20,"cumulative_deaths",75,75,75,85,88,90,90,90
"Utah","status_quo","Past",2020-04-20,"cumulative_deaths",75,75,75,85,88,90,90,90
"Utah","linear_increase_sd","Past",2020-04-20,"cumulative_hosps",318,318,318,350,352,378,378,378
"Utah","return_normal","Past",2020-04-20,"cumulative_hosps",318,318,318,350,352,378,378,378
"Utah","status_quo","Past",2020-04-20,"cumulative_hosps",318,318,318,350,352,378,378,378
"Utah","linear_increase_sd","Past",2020-04-20,"daily_all_infections",373,373,373,395,376,434,434,434
"Utah","return_normal","Past",2020-04-20,"daily_all_infections",373,373,373,395,376,434,434,434
"Utah","status_quo","Past",2020-04-20,"daily_all_infections",373,373,373,395,376,434,434,434
"Utah","linear_increase_sd","Past",2020-04-20,"daily_cases",105,105,105,114,112,125,125,125
"Utah","return_normal","Past",2020-04-20,"daily_cases",105,105,105,114,112,125,125,125
"Utah","status_quo","Past",2020-04-20,"daily_cases",105,105,105,114,112,125,125,125
"Utah","linear_increase_sd","Past",2020-04-20,"daily_deaths",3,3,3,4,4,4,4,4
"Utah","return_normal","Past",2020-04-20,"daily_deaths",3,3,3,4,4,4,4,4
"Utah","status_quo","Past",2020-04-20,"daily_deaths",3,3,3,4,4,4,4,4
"Utah","linear_increase_sd","Past",2020-04-20,"daily_hosps",15,15,15,16,16,16,16,16
"Utah","return_normal","Past",2020-04-20,"daily_hosps",15,15,15,16,16,16,16,16
"Utah","status_quo","Past",2020-04-20,"daily_hosps",15,15,15,16,16,16,16,16
"Utah","linear_increase_sd","Past",2020-04-20,"latent_trend",NA,NA,NA,0.459085630216681,NA,NA,NA,NA
"Utah","return_normal","Past",2020-04-20,"latent_trend",NA,NA,NA,0.459085630216681,NA,NA,NA,NA
"Utah","status_quo","Past",2020-04-20,"latent_trend",NA,NA,NA,0.459085630216681,NA,NA,NA,NA
"Utah","linear_increase_sd","Past",2020-04-20,"mobility_trend",NA,NA,NA,0.645043708809124,NA,NA,NA,NA
"Utah","return_normal","Past",2020-04-20,"mobility_trend",NA,NA,NA,0.645043708809124,NA,NA,NA,NA
"Utah","status_quo","Past",2020-04-20,"mobility_trend",NA,NA,NA,0.645043708809124,NA,NA,NA,NA
"Utah",NA,"Past",2020-04-21,"actual_cumulative_cases",NA,NA,NA,3297,NA,NA,NA,NA
"Utah",NA,"Past",2020-04-21,"actual_cumulative_deaths",NA,NA,NA,37,NA,NA,NA,NA
"Utah",NA,"Past",2020-04-21,"actual_daily_cases",NA,NA,NA,84,NA,NA,NA,NA
"Utah",NA,"Past",2020-04-21,"actual_daily_deaths",NA,NA,NA,4,NA,NA,NA,NA
"Utah","linear_increase_sd","Past",2020-04-21,"combined_trend",NA,NA,NA,0.303315808640019,NA,NA,NA,NA
"Utah","return_normal","Past",2020-04-21,"combined_trend",NA,NA,NA,0.303315808640019,NA,NA,NA,NA
"Utah","status_quo","Past",2020-04-21,"combined_trend",NA,NA,NA,0.303315808640019,NA,NA,NA,NA
"Utah","linear_increase_sd","Past",2020-04-21,"cumulative_all_infections",16340,16340,16340,16956,16812,17715,17715,17715
"Utah","return_normal","Past",2020-04-21,"cumulative_all_infections",16340,16340,16340,16956,16812,17715,17715,17715
"Utah","status_quo","Past",2020-04-21,"cumulative_all_infections",16340,16340,16340,16956,16812,17715,17715,17715
"Utah","linear_increase_sd","Past",2020-04-21,"cumulative_cases",3356,3356,3356,3500,3493,3651,3651,3651
"Utah","return_normal","Past",2020-04-21,"cumulative_cases",3356,3356,3356,3500,3493,3651,3651,3651
"Utah","status_quo","Past",2020-04-21,"cumulative_cases",3356,3356,3356,3500,3493,3651,3651,3651
"Utah","linear_increase_sd","Past",2020-04-21,"cumulative_deaths",78,78,78,88,92,94,94,94
"Utah","return_normal","Past",2020-04-21,"cumulative_deaths",78,78,78,88,92,94,94,94
"Utah","status_quo","Past",2020-04-21,"cumulative_deaths",78,78,78,88,92,94,94,94
"Utah","linear_increase_sd","Past",2020-04-21,"cumulative_hosps",334,334,334,365,367,393,393,393
"Utah","return_normal","Past",2020-04-21,"cumulative_hosps",334,334,334,365,367,393,393,393
"Utah","status_quo","Past",2020-04-21,"cumulative_hosps",334,334,334,365,367,393,393,393
"Utah","linear_increase_sd","Past",2020-04-21,"daily_all_infections",375,375,375,395,382,428,428,428
"Utah","return_normal","Past",2020-04-21,"daily_all_infections",375,375,375,395,382,428,428,428
"Utah","status_quo","Past",2020-04-21,"daily_all_infections",375,375,375,395,382,428,428,428
"Utah","linear_increase_sd","Past",2020-04-21,"daily_cases",116,116,116,126,117,145,145,145
"Utah","return_normal","Past",2020-04-21,"daily_cases",116,116,116,126,117,145,145,145
"Utah","status_quo","Past",2020-04-21,"daily_cases",116,116,116,126,117,145,145,145
"Utah","linear_increase_sd","Past",2020-04-21,"daily_deaths",3,3,3,4,4,4,4,4
"Utah","return_normal","Past",2020-04-21,"daily_deaths",3,3,3,4,4,4,4,4
"Utah","status_quo","Past",2020-04-21,"daily_deaths",3,3,3,4,4,4,4,4
"Utah","linear_increase_sd","Past",2020-04-21,"daily_hosps",15,15,15,16,15,16,16,16
"Utah","return_normal","Past",2020-04-21,"daily_hosps",15,15,15,16,15,16,16,16
"Utah","status_quo","Past",2020-04-21,"daily_hosps",15,15,15,16,15,16,16,16
"Utah","linear_increase_sd","Past",2020-04-21,"latent_trend",NA,NA,NA,0.466096219868062,NA,NA,NA,NA
"Utah","return_normal","Past",2020-04-21,"latent_trend",NA,NA,NA,0.466096219868062,NA,NA,NA,NA
"Utah","status_quo","Past",2020-04-21,"latent_trend",NA,NA,NA,0.466096219868062,NA,NA,NA,NA
"Utah","linear_increase_sd","Past",2020-04-21,"mobility_trend",NA,NA,NA,0.650757924460057,NA,NA,NA,NA
"Utah","return_normal","Past",2020-04-21,"mobility_trend",NA,NA,NA,0.650757924460057,NA,NA,NA,NA
"Utah","status_quo","Past",2020-04-21,"mobility_trend",NA,NA,NA,0.650757924460057,NA,NA,NA,NA
"Utah",NA,"Past",2020-04-22,"actual_cumulative_cases",NA,NA,NA,3445,NA,NA,NA,NA
"Utah",NA,"Past",2020-04-22,"actual_cumulative_deaths",NA,NA,NA,37,NA,NA,NA,NA
"Utah",NA,"Past",2020-04-22,"actual_daily_cases",NA,NA,NA,148,NA,NA,NA,NA
"Utah",NA,"Past",2020-04-22,"actual_daily_deaths",NA,NA,NA,0,NA,NA,NA,NA
"Utah","linear_increase_sd","Past",2020-04-22,"combined_trend",NA,NA,NA,0.310958272876673,NA,NA,NA,NA
"Utah","return_normal","Past",2020-04-22,"combined_trend",NA,NA,NA,0.310958272876673,NA,NA,NA,NA
"Utah","status_quo","Past",2020-04-22,"combined_trend",NA,NA,NA,0.310958272876673,NA,NA,NA,NA
"Utah","linear_increase_sd","Past",2020-04-22,"cumulative_all_infections",16769,16769,16769,17353,17188,18100,18100,18100
"Utah","return_normal","Past",2020-04-22,"cumulative_all_infections",16769,16769,16769,17353,17188,18100,18100,18100
"Utah","status_quo","Past",2020-04-22,"cumulative_all_infections",16769,16769,16769,17353,17188,18100,18100,18100
"Utah","linear_increase_sd","Past",2020-04-22,"cumulative_cases",3488,3488,3488,3620,3608,3762,3762,3762
"Utah","return_normal","Past",2020-04-22,"cumulative_cases",3488,3488,3488,3620,3608,3762,3762,3762
"Utah","status_quo","Past",2020-04-22,"cumulative_cases",3488,3488,3488,3620,3608,3762,3762,3762
"Utah","linear_increase_sd","Past",2020-04-22,"cumulative_deaths",82,82,82,92,96,98,98,98
"Utah","return_normal","Past",2020-04-22,"cumulative_deaths",82,82,82,92,96,98,98,98
"Utah","status_quo","Past",2020-04-22,"cumulative_deaths",82,82,82,92,96,98,98,98
"Utah","linear_increase_sd","Past",2020-04-22,"cumulative_hosps",350,350,350,380,382,408,408,408
"Utah","return_normal","Past",2020-04-22,"cumulative_hosps",350,350,350,380,382,408,408,408
"Utah","status_quo","Past",2020-04-22,"cumulative_hosps",350,350,350,380,382,408,408,408
"Utah","linear_increase_sd","Past",2020-04-22,"daily_all_infections",376,376,376,397,385,429,429,429
"Utah","return_normal","Past",2020-04-22,"daily_all_infections",376,376,376,397,385,429,429,429
"Utah","status_quo","Past",2020-04-22,"daily_all_infections",376,376,376,397,385,429,429,429
"Utah","linear_increase_sd","Past",2020-04-22,"daily_cases",111,111,111,120,115,132,132,132
"Utah","return_normal","Past",2020-04-22,"daily_cases",111,111,111,120,115,132,132,132
"Utah","status_quo","Past",2020-04-22,"daily_cases",111,111,111,120,115,132,132,132
"Utah","linear_increase_sd","Past",2020-04-22,"daily_deaths",4,4,4,4,4,4,4,4
"Utah","return_normal","Past",2020-04-22,"daily_deaths",4,4,4,4,4,4,4,4
"Utah","status_quo","Past",2020-04-22,"daily_deaths",4,4,4,4,4,4,4,4
"Utah","linear_increase_sd","Past",2020-04-22,"daily_hosps",15,15,15,16,15,16,16,16
"Utah","return_normal","Past",2020-04-22,"daily_hosps",15,15,15,16,15,16,16,16
"Utah","status_quo","Past",2020-04-22,"daily_hosps",15,15,15,16,15,16,16,16
"Utah","linear_increase_sd","Past",2020-04-22,"latent_trend",NA,NA,NA,0.473388458518121,NA,NA,NA,NA
"Utah","return_normal","Past",2020-04-22,"latent_trend",NA,NA,NA,0.473388458518121,NA,NA,NA,NA
"Utah","status_quo","Past",2020-04-22,"latent_trend",NA,NA,NA,0.473388458518121,NA,NA,NA,NA
"Utah","linear_increase_sd","Past",2020-04-22,"mobility_trend",NA,NA,NA,0.656877596572773,NA,NA,NA,NA
"Utah","return_normal","Past",2020-04-22,"mobility_trend",NA,NA,NA,0.656877596572773,NA,NA,NA,NA
"Utah","status_quo","Past",2020-04-22,"mobility_trend",NA,NA,NA,0.656877596572773,NA,NA,NA,NA
"Utah",NA,"Past",2020-04-23,"actual_cumulative_cases",NA,NA,NA,3612,NA,NA,NA,NA
"Utah",NA,"Past",2020-04-23,"actual_cumulative_deaths",NA,NA,NA,40,NA,NA,NA,NA
"Utah",NA,"Past",2020-04-23,"actual_daily_cases",NA,NA,NA,167,NA,NA,NA,NA
"Utah",NA,"Past",2020-04-23,"actual_daily_deaths",NA,NA,NA,3,NA,NA,NA,NA
"Utah","linear_increase_sd","Past",2020-04-23,"combined_trend",NA,NA,NA,0.318905995645427,NA,NA,NA,NA
"Utah","return_normal","Past",2020-04-23,"combined_trend",NA,NA,NA,0.318905995645427,NA,NA,NA,NA
"Utah","status_quo","Past",2020-04-23,"combined_trend",NA,NA,NA,0.318905995645427,NA,NA,NA,NA
"Utah","linear_increase_sd","Past",2020-04-23,"cumulative_all_infections",17191,17191,17191,17751,17571,18491,18491,18491
"Utah","return_normal","Past",2020-04-23,"cumulative_all_infections",17191,17191,17191,17751,17571,18491,18491,18491
"Utah","status_quo","Past",2020-04-23,"cumulative_all_infections",17191,17191,17191,17751,17571,18491,18491,18491
"Utah","linear_increase_sd","Past",2020-04-23,"cumulative_cases",3619,3619,3619,3731,3708,3865,3865,3865
"Utah","return_normal","Past",2020-04-23,"cumulative_cases",3619,3619,3619,3731,3708,3865,3865,3865
"Utah","status_quo","Past",2020-04-23,"cumulative_cases",3619,3619,3619,3731,3708,3865,3865,3865
"Utah","linear_increase_sd","Past",2020-04-23,"cumulative_deaths",85,85,85,95,99,101,101,101
"Utah","return_normal","Past",2020-04-23,"cumulative_deaths",85,85,85,95,99,101,101,101
"Utah","status_quo","Past",2020-04-23,"cumulative_deaths",85,85,85,95,99,101,101,101
"Utah","linear_increase_sd","Past",2020-04-23,"cumulative_hosps",366,366,366,395,396,423,423,423
"Utah","return_normal","Past",2020-04-23,"cumulative_hosps",366,366,366,395,396,423,423,423
"Utah","status_quo","Past",2020-04-23,"cumulative_hosps",366,366,366,395,396,423,423,423
"Utah","linear_increase_sd","Past",2020-04-23,"daily_all_infections",383,383,383,399,391,422,422,422
"Utah","return_normal","Past",2020-04-23,"daily_all_infections",383,383,383,399,391,422,422,422
"Utah","status_quo","Past",2020-04-23,"daily_all_infections",383,383,383,399,391,422,422,422
"Utah","linear_increase_sd","Past",2020-04-23,"daily_cases",100,100,100,112,103,131,131,131
"Utah","return_normal","Past",2020-04-23,"daily_cases",100,100,100,112,103,131,131,131
"Utah","status_quo","Past",2020-04-23,"daily_cases",100,100,100,112,103,131,131,131
"Utah","linear_increase_sd","Past",2020-04-23,"daily_deaths",3,3,3,3,3,3,3,3
"Utah","return_normal","Past",2020-04-23,"daily_deaths",3,3,3,3,3,3,3,3
"Utah","status_quo","Past",2020-04-23,"daily_deaths",3,3,3,3,3,3,3,3
"Utah","linear_increase_sd","Past",2020-04-23,"daily_hosps",14,14,14,15,15,16,16,16
"Utah","return_normal","Past",2020-04-23,"daily_hosps",14,14,14,15,15,16,16,16
"Utah","status_quo","Past",2020-04-23,"daily_hosps",14,14,14,15,15,16,16,16
"Utah","linear_increase_sd","Past",2020-04-23,"latent_trend",NA,NA,NA,0.480725315765335,NA,NA,NA,NA
"Utah","return_normal","Past",2020-04-23,"latent_trend",NA,NA,NA,0.480725315765335,NA,NA,NA,NA
"Utah","status_quo","Past",2020-04-23,"latent_trend",NA,NA,NA,0.480725315765335,NA,NA,NA,NA
"Utah","linear_increase_sd","Past",2020-04-23,"mobility_trend",NA,NA,NA,0.663385066662684,NA,NA,NA,NA
"Utah","return_normal","Past",2020-04-23,"mobility_trend",NA,NA,NA,0.663385066662684,NA,NA,NA,NA
"Utah","status_quo","Past",2020-04-23,"mobility_trend",NA,NA,NA,0.663385066662684,NA,NA,NA,NA
"Utah",NA,"Past",2020-04-24,"actual_cumulative_cases",NA,NA,NA,3782,NA,NA,NA,NA
"Utah",NA,"Past",2020-04-24,"actual_cumulative_deaths",NA,NA,NA,44,NA,NA,NA,NA
"Utah",NA,"Past",2020-04-24,"actual_daily_cases",NA,NA,NA,170,NA,NA,NA,NA
"Utah",NA,"Past",2020-04-24,"actual_daily_deaths",NA,NA,NA,4,NA,NA,NA,NA
"Utah","linear_increase_sd","Past",2020-04-24,"combined_trend",NA,NA,NA,0.326998421439967,NA,NA,NA,NA
"Utah","return_normal","Past",2020-04-24,"combined_trend",NA,NA,NA,0.326998421439967,NA,NA,NA,NA
"Utah","status_quo","Past",2020-04-24,"combined_trend",NA,NA,NA,0.326998421439967,NA,NA,NA,NA
"Utah","linear_increase_sd","Past",2020-04-24,"cumulative_all_infections",17616,17616,17616,18153,17957,18885,18885,18885
"Utah","return_normal","Past",2020-04-24,"cumulative_all_infections",17616,17616,17616,18153,17957,18885,18885,18885
"Utah","status_quo","Past",2020-04-24,"cumulative_all_infections",17616,17616,17616,18153,17957,18885,18885,18885
"Utah","linear_increase_sd","Past",2020-04-24,"cumulative_cases",3754,3754,3754,3849,3818,3974,3974,3974
"Utah","return_normal","Past",2020-04-24,"cumulative_cases",3754,3754,3754,3849,3818,3974,3974,3974
"Utah","status_quo","Past",2020-04-24,"cumulative_cases",3754,3754,3754,3849,3818,3974,3974,3974
"Utah","linear_increase_sd","Past",2020-04-24,"cumulative_deaths",89,89,89,99,103,105,105,105
"Utah","return_normal","Past",2020-04-24,"cumulative_deaths",89,89,89,99,103,105,105,105
"Utah","status_quo","Past",2020-04-24,"cumulative_deaths",89,89,89,99,103,105,105,105
"Utah","linear_increase_sd","Past",2020-04-24,"cumulative_hosps",382,382,382,410,410,437,437,437
"Utah","return_normal","Past",2020-04-24,"cumulative_hosps",382,382,382,410,410,437,437,437
"Utah","status_quo","Past",2020-04-24,"cumulative_hosps",382,382,382,410,410,437,437,437
"Utah","linear_increase_sd","Past",2020-04-24,"daily_all_infections",386,386,386,402,394,425,425,425
"Utah","return_normal","Past",2020-04-24,"daily_all_infections",386,386,386,402,394,425,425,425
"Utah","status_quo","Past",2020-04-24,"daily_all_infections",386,386,386,402,394,425,425,425
"Utah","linear_increase_sd","Past",2020-04-24,"daily_cases",109,109,109,118,110,135,135,135
"Utah","return_normal","Past",2020-04-24,"daily_cases",109,109,109,118,110,135,135,135
"Utah","status_quo","Past",2020-04-24,"daily_cases",109,109,109,118,110,135,135,135
"Utah","linear_increase_sd","Past",2020-04-24,"daily_deaths",4,4,4,4,4,4,4,4
"Utah","return_normal","Past",2020-04-24,"daily_deaths",4,4,4,4,4,4,4,4
"Utah","status_quo","Past",2020-04-24,"daily_deaths",4,4,4,4,4,4,4,4
"Utah","linear_increase_sd","Past",2020-04-24,"daily_hosps",14,14,14,15,14,16,16,16
"Utah","return_normal","Past",2020-04-24,"daily_hosps",14,14,14,15,14,16,16,16
"Utah","status_quo","Past",2020-04-24,"daily_hosps",14,14,14,15,14,16,16,16
"Utah","linear_increase_sd","Past",2020-04-24,"latent_trend",NA,NA,NA,0.487868206136387,NA,NA,NA,NA
"Utah","return_normal","Past",2020-04-24,"latent_trend",NA,NA,NA,0.487868206136387,NA,NA,NA,NA
"Utah","status_quo","Past",2020-04-24,"latent_trend",NA,NA,NA,0.487868206136387,NA,NA,NA,NA
"Utah","linear_increase_sd","Past",2020-04-24,"mobility_trend",NA,NA,NA,0.670259749102306,NA,NA,NA,NA
"Utah","return_normal","Past",2020-04-24,"mobility_trend",NA,NA,NA,0.670259749102306,NA,NA,NA,NA
"Utah","status_quo","Past",2020-04-24,"mobility_trend",NA,NA,NA,0.670259749102306,NA,NA,NA,NA
"Utah",NA,"Past",2020-04-25,"actual_cumulative_cases",NA,NA,NA,3948,NA,NA,NA,NA
"Utah",NA,"Past",2020-04-25,"actual_cumulative_deaths",NA,NA,NA,46,NA,NA,NA,NA
"Utah",NA,"Past",2020-04-25,"actual_daily_cases",NA,NA,NA,166,NA,NA,NA,NA
"Utah",NA,"Past",2020-04-25,"actual_daily_deaths",NA,NA,NA,2,NA,NA,NA,NA
"Utah","linear_increase_sd","Past",2020-04-25,"combined_trend",NA,NA,NA,0.335066859709634,NA,NA,NA,NA
"Utah","return_normal","Past",2020-04-25,"combined_trend",NA,NA,NA,0.335066859709634,NA,NA,NA,NA
"Utah","status_quo","Past",2020-04-25,"combined_trend",NA,NA,NA,0.335066859709634,NA,NA,NA,NA
"Utah","linear_increase_sd","Past",2020-04-25,"cumulative_all_infections",18037,18037,18037,18561,18354,19290,19290,19290
"Utah","return_normal","Past",2020-04-25,"cumulative_all_infections",18037,18037,18037,18561,18354,19290,19290,19290
"Utah","status_quo","Past",2020-04-25,"cumulative_all_infections",18037,18037,18037,18561,18354,19290,19290,19290
"Utah","linear_increase_sd","Past",2020-04-25,"cumulative_cases",3874,3874,3874,3960,3924,4081,4081,4081
"Utah","return_normal","Past",2020-04-25,"cumulative_cases",3874,3874,3874,3960,3924,4081,4081,4081
"Utah","status_quo","Past",2020-04-25,"cumulative_cases",3874,3874,3874,3960,3924,4081,4081,4081
"Utah","linear_increase_sd","Past",2020-04-25,"cumulative_deaths",92,92,92,103,107,109,109,109
"Utah","return_normal","Past",2020-04-25,"cumulative_deaths",92,92,92,103,107,109,109,109
"Utah","status_quo","Past",2020-04-25,"cumulative_deaths",92,92,92,103,107,109,109,109
"Utah","linear_increase_sd","Past",2020-04-25,"cumulative_hosps",398,398,398,425,424,451,451,451
"Utah","return_normal","Past",2020-04-25,"cumulative_hosps",398,398,398,425,424,451,451,451
"Utah","status_quo","Past",2020-04-25,"cumulative_hosps",398,398,398,425,424,451,451,451
"Utah","linear_increase_sd","Past",2020-04-25,"daily_all_infections",397,397,397,408,405,421,421,421
"Utah","return_normal","Past",2020-04-25,"daily_all_infections",397,397,397,408,405,421,421,421
"Utah","status_quo","Past",2020-04-25,"daily_all_infections",397,397,397,408,405,421,421,421
"Utah","linear_increase_sd","Past",2020-04-25,"daily_cases",106,106,106,111,107,120,120,120
"Utah","return_normal","Past",2020-04-25,"daily_cases",106,106,106,111,107,120,120,120
"Utah","status_quo","Past",2020-04-25,"daily_cases",106,106,106,111,107,120,120,120
"Utah","linear_increase_sd","Past",2020-04-25,"daily_deaths",3,3,3,4,4,4,4,4
"Utah","return_normal","Past",2020-04-25,"daily_deaths",3,3,3,4,4,4,4,4
"Utah","status_quo","Past",2020-04-25,"daily_deaths",3,3,3,4,4,4,4,4
"Utah","linear_increase_sd","Past",2020-04-25,"daily_hosps",14,14,14,15,14,16,16,16
"Utah","return_normal","Past",2020-04-25,"daily_hosps",14,14,14,15,14,16,16,16
"Utah","status_quo","Past",2020-04-25,"daily_hosps",14,14,14,15,14,16,16,16
"Utah","linear_increase_sd","Past",2020-04-25,"latent_trend",NA,NA,NA,0.494577992325367,NA,NA,NA,NA
"Utah","return_normal","Past",2020-04-25,"latent_trend",NA,NA,NA,0.494577992325367,NA,NA,NA,NA
"Utah","status_quo","Past",2020-04-25,"latent_trend",NA,NA,NA,0.494577992325367,NA,NA,NA,NA
"Utah","linear_increase_sd","Past",2020-04-25,"mobility_trend",NA,NA,NA,0.677480326478426,NA,NA,NA,NA
"Utah","return_normal","Past",2020-04-25,"mobility_trend",NA,NA,NA,0.677480326478426,NA,NA,NA,NA
"Utah","status_quo","Past",2020-04-25,"mobility_trend",NA,NA,NA,0.677480326478426,NA,NA,NA,NA
"Utah",NA,"Past",2020-04-26,"actual_cumulative_cases",NA,NA,NA,4123,NA,NA,NA,NA
"Utah",NA,"Past",2020-04-26,"actual_cumulative_deaths",NA,NA,NA,46,NA,NA,NA,NA
"Utah",NA,"Past",2020-04-26,"actual_daily_cases",NA,NA,NA,175,NA,NA,NA,NA
"Utah",NA,"Past",2020-04-26,"actual_daily_deaths",NA,NA,NA,0,NA,NA,NA,NA
"Utah","linear_increase_sd","Past",2020-04-26,"combined_trend",NA,NA,NA,0.342934662478917,NA,NA,NA,NA
"Utah","return_normal","Past",2020-04-26,"combined_trend",NA,NA,NA,0.342934662478917,NA,NA,NA,NA
"Utah","status_quo","Past",2020-04-26,"combined_trend",NA,NA,NA,0.342934662478917,NA,NA,NA,NA
"Utah","linear_increase_sd","Past",2020-04-26,"cumulative_all_infections",18455,18455,18455,18972,18750,19709,19709,19709
"Utah","return_normal","Past",2020-04-26,"cumulative_all_infections",18455,18455,18455,18972,18750,19709,19709,19709
"Utah","status_quo","Past",2020-04-26,"cumulative_all_infections",18455,18455,18455,18972,18750,19709,19709,19709
"Utah","linear_increase_sd","Past",2020-04-26,"cumulative_cases",4002,4002,4002,4077,4037,4191,4191,4191
"Utah","return_normal","Past",2020-04-26,"cumulative_cases",4002,4002,4002,4077,4037,4191,4191,4191
"Utah","status_quo","Past",2020-04-26,"cumulative_cases",4002,4002,4002,4077,4037,4191,4191,4191
"Utah","linear_increase_sd","Past",2020-04-26,"cumulative_deaths",95,95,95,106,110,113,113,113
"Utah","return_normal","Past",2020-04-26,"cumulative_deaths",95,95,95,106,110,113,113,113
"Utah","status_quo","Past",2020-04-26,"cumulative_deaths",95,95,95,106,110,113,113,113
"Utah","linear_increase_sd","Past",2020-04-26,"cumulative_hosps",414,414,414,439,438,465,465,465
"Utah","return_normal","Past",2020-04-26,"cumulative_hosps",414,414,414,439,438,465,465,465
"Utah","status_quo","Past",2020-04-26,"cumulative_hosps",414,414,414,439,438,465,465,465
"Utah","linear_increase_sd","Past",2020-04-26,"daily_all_infections",396,396,396,411,418,419,419,419
"Utah","return_normal","Past",2020-04-26,"daily_all_infections",396,396,396,411,418,419,419,419
"Utah","status_quo","Past",2020-04-26,"daily_all_infections",396,396,396,411,418,419,419,419
"Utah","linear_increase_sd","Past",2020-04-26,"daily_cases",110,110,110,117,113,128,128,128
"Utah","return_normal","Past",2020-04-26,"daily_cases",110,110,110,117,113,128,128,128
"Utah","status_quo","Past",2020-04-26,"daily_cases",110,110,110,117,113,128,128,128
"Utah","linear_increase_sd","Past",2020-04-26,"daily_deaths",3,3,3,4,3,4,4,4
"Utah","return_normal","Past",2020-04-26,"daily_deaths",3,3,3,4,3,4,4,4
"Utah","status_quo","Past",2020-04-26,"daily_deaths",3,3,3,4,3,4,4,4
"Utah","linear_increase_sd","Past",2020-04-26,"daily_hosps",14,14,14,15,14,16,16,16
"Utah","return_normal","Past",2020-04-26,"daily_hosps",14,14,14,15,14,16,16,16
"Utah","status_quo","Past",2020-04-26,"daily_hosps",14,14,14,15,14,16,16,16
"Utah","linear_increase_sd","Past",2020-04-26,"latent_trend",NA,NA,NA,0.500615921307265,NA,NA,NA,NA
"Utah","return_normal","Past",2020-04-26,"latent_trend",NA,NA,NA,0.500615921307265,NA,NA,NA,NA
"Utah","status_quo","Past",2020-04-26,"latent_trend",NA,NA,NA,0.500615921307265,NA,NA,NA,NA
"Utah","linear_increase_sd","Past",2020-04-26,"mobility_trend",NA,NA,NA,0.685025481377835,NA,NA,NA,NA
"Utah","return_normal","Past",2020-04-26,"mobility_trend",NA,NA,NA,0.685025481377835,NA,NA,NA,NA
"Utah","status_quo","Past",2020-04-26,"mobility_trend",NA,NA,NA,0.685025481377835,NA,NA,NA,NA
"Utah",NA,"Past",2020-04-27,"actual_cumulative_cases",NA,NA,NA,4236,NA,NA,NA,NA
"Utah",NA,"Past",2020-04-27,"actual_cumulative_deaths",NA,NA,NA,46,NA,NA,NA,NA
"Utah",NA,"Past",2020-04-27,"actual_daily_cases",NA,NA,NA,113,NA,NA,NA,NA
"Utah",NA,"Past",2020-04-27,"actual_daily_deaths",NA,NA,NA,0,NA,NA,NA,NA
"Utah","linear_increase_sd","Past",2020-04-27,"combined_trend",NA,NA,NA,0.350416980532637,NA,NA,NA,NA
"Utah","return_normal","Past",2020-04-27,"combined_trend",NA,NA,NA,0.350416980532637,NA,NA,NA,NA
"Utah","status_quo","Past",2020-04-27,"combined_trend",NA,NA,NA,0.350416980532637,NA,NA,NA,NA
"Utah","linear_increase_sd","Past",2020-04-27,"cumulative_all_infections",18874,18874,18874,19389,19158,20133,20133,20133
"Utah","return_normal","Past",2020-04-27,"cumulative_all_infections",18874,18874,18874,19389,19158,20133,20133,20133
"Utah","status_quo","Past",2020-04-27,"cumulative_all_infections",18874,18874,18874,19389,19158,20133,20133,20133
"Utah","linear_increase_sd","Past",2020-04-27,"cumulative_cases",4124,4124,4124,4195,4158,4303,4303,4303
"Utah","return_normal","Past",2020-04-27,"cumulative_cases",4124,4124,4124,4195,4158,4303,4303,4303
"Utah","status_quo","Past",2020-04-27,"cumulative_cases",4124,4124,4124,4195,4158,4303,4303,4303
"Utah","linear_increase_sd","Past",2020-04-27,"cumulative_deaths",98,98,98,109,113,116,116,116
"Utah","return_normal","Past",2020-04-27,"cumulative_deaths",98,98,98,109,113,116,116,116
"Utah","status_quo","Past",2020-04-27,"cumulative_deaths",98,98,98,109,113,116,116,116
"Utah","linear_increase_sd","Past",2020-04-27,"cumulative_hosps",429,429,429,454,452,479,479,479
"Utah","return_normal","Past",2020-04-27,"cumulative_hosps",429,429,429,454,452,479,479,479
"Utah","status_quo","Past",2020-04-27,"cumulative_hosps",429,429,429,454,452,479,479,479
"Utah","linear_increase_sd","Past",2020-04-27,"daily_all_infections",408,408,408,417,419,424,424,424
"Utah","return_normal","Past",2020-04-27,"daily_all_infections",408,408,408,417,419,424,424,424
"Utah","status_quo","Past",2020-04-27,"daily_all_infections",408,408,408,417,419,424,424,424
"Utah","linear_increase_sd","Past",2020-04-27,"daily_cases",112,112,112,119,121,122,122,122
"Utah","return_normal","Past",2020-04-27,"daily_cases",112,112,112,119,121,122,122,122
"Utah","status_quo","Past",2020-04-27,"daily_cases",112,112,112,119,121,122,122,122
"Utah","linear_increase_sd","Past",2020-04-27,"daily_deaths",3,3,3,3,3,3,3,3
"Utah","return_normal","Past",2020-04-27,"daily_deaths",3,3,3,3,3,3,3,3
"Utah","status_quo","Past",2020-04-27,"daily_deaths",3,3,3,3,3,3,3,3
"Utah","linear_increase_sd","Past",2020-04-27,"daily_hosps",14,14,14,15,14,15,15,15
"Utah","return_normal","Past",2020-04-27,"daily_hosps",14,14,14,15,14,15,15,15
"Utah","status_quo","Past",2020-04-27,"daily_hosps",14,14,14,15,14,15,15,15
"Utah","linear_increase_sd","Past",2020-04-27,"latent_trend",NA,NA,NA,0.505744293720579,NA,NA,NA,NA
"Utah","return_normal","Past",2020-04-27,"latent_trend",NA,NA,NA,0.505744293720579,NA,NA,NA,NA
"Utah","status_quo","Past",2020-04-27,"latent_trend",NA,NA,NA,0.505744293720579,NA,NA,NA,NA
"Utah","linear_increase_sd","Past",2020-04-27,"mobility_trend",NA,NA,NA,0.692873819603075,NA,NA,NA,NA
"Utah","return_normal","Past",2020-04-27,"mobility_trend",NA,NA,NA,0.692873819603075,NA,NA,NA,NA
"Utah","status_quo","Past",2020-04-27,"mobility_trend",NA,NA,NA,0.692873819603075,NA,NA,NA,NA
"Utah",NA,"Past",2020-04-28,"actual_cumulative_cases",NA,NA,NA,4345,NA,NA,NA,NA
"Utah",NA,"Past",2020-04-28,"actual_cumulative_deaths",NA,NA,NA,46,NA,NA,NA,NA
"Utah",NA,"Past",2020-04-28,"actual_daily_cases",NA,NA,NA,109,NA,NA,NA,NA
"Utah",NA,"Past",2020-04-28,"actual_daily_deaths",NA,NA,NA,0,NA,NA,NA,NA
"Utah","linear_increase_sd","Past",2020-04-28,"combined_trend",NA,NA,NA,0.357330241605467,NA,NA,NA,NA
"Utah","return_normal","Past",2020-04-28,"combined_trend",NA,NA,NA,0.357330241605467,NA,NA,NA,NA
"Utah","status_quo","Past",2020-04-28,"combined_trend",NA,NA,NA,0.357330241605467,NA,NA,NA,NA
"Utah","linear_increase_sd","Past",2020-04-28,"cumulative_all_infections",19293,19293,19293,19812,19570,20573,20573,20573
"Utah","return_normal","Past",2020-04-28,"cumulative_all_infections",19293,19293,19293,19812,19570,20573,20573,20573
"Utah","status_quo","Past",2020-04-28,"cumulative_all_infections",19293,19293,19293,19812,19570,20573,20573,20573
"Utah","linear_increase_sd","Past",2020-04-28,"cumulative_cases",4258,4258,4258,4315,4265,4420,4420,4420
"Utah","return_normal","Past",2020-04-28,"cumulative_cases",4258,4258,4258,4315,4265,4420,4420,4420
"Utah","status_quo","Past",2020-04-28,"cumulative_cases",4258,4258,4258,4315,4265,4420,4420,4420
"Utah","linear_increase_sd","Past",2020-04-28,"cumulative_deaths",101,101,101,112,116,119,119,119
"Utah","return_normal","Past",2020-04-28,"cumulative_deaths",101,101,101,112,116,119,119,119
"Utah","status_quo","Past",2020-04-28,"cumulative_deaths",101,101,101,112,116,119,119,119
"Utah","linear_increase_sd","Past",2020-04-28,"cumulative_hosps",444,444,444,468,466,492,492,492
"Utah","return_normal","Past",2020-04-28,"cumulative_hosps",444,444,444,468,466,492,492,492
"Utah","status_quo","Past",2020-04-28,"cumulative_hosps",444,444,444,468,466,492,492,492
"Utah","linear_increase_sd","Past",2020-04-28,"daily_all_infections",412,412,412,424,419,440,440,440
"Utah","return_normal","Past",2020-04-28,"daily_all_infections",412,412,412,424,419,440,440,440
"Utah","status_quo","Past",2020-04-28,"daily_all_infections",412,412,412,424,419,440,440,440
"Utah","linear_increase_sd","Past",2020-04-28,"daily_cases",107,107,107,120,117,134,134,134
"Utah","return_normal","Past",2020-04-28,"daily_cases",107,107,107,120,117,134,134,134
"Utah","status_quo","Past",2020-04-28,"daily_cases",107,107,107,120,117,134,134,134
"Utah","linear_increase_sd","Past",2020-04-28,"daily_deaths",3,3,3,3,3,3,3,3
"Utah","return_normal","Past",2020-04-28,"daily_deaths",3,3,3,3,3,3,3,3
"Utah","status_quo","Past",2020-04-28,"daily_deaths",3,3,3,3,3,3,3,3
"Utah","linear_increase_sd","Past",2020-04-28,"daily_hosps",13,13,13,14,14,15,15,15
"Utah","return_normal","Past",2020-04-28,"daily_hosps",13,13,13,14,14,15,15,15
"Utah","status_quo","Past",2020-04-28,"daily_hosps",13,13,13,14,14,15,15,15
"Utah","linear_increase_sd","Past",2020-04-28,"latent_trend",NA,NA,NA,0.509740921883626,NA,NA,NA,NA
"Utah","return_normal","Past",2020-04-28,"latent_trend",NA,NA,NA,0.509740921883626,NA,NA,NA,NA
"Utah","status_quo","Past",2020-04-28,"latent_trend",NA,NA,NA,0.509740921883626,NA,NA,NA,NA
"Utah","linear_increase_sd","Past",2020-04-28,"mobility_trend",NA,NA,NA,0.701003639819691,NA,NA,NA,NA
"Utah","return_normal","Past",2020-04-28,"mobility_trend",NA,NA,NA,0.701003639819691,NA,NA,NA,NA
"Utah","status_quo","Past",2020-04-28,"mobility_trend",NA,NA,NA,0.701003639819691,NA,NA,NA,NA
"Utah",NA,"Past",2020-04-29,"actual_cumulative_cases",NA,NA,NA,4497,NA,NA,NA,NA
"Utah",NA,"Past",2020-04-29,"actual_cumulative_deaths",NA,NA,NA,50,NA,NA,NA,NA
"Utah",NA,"Past",2020-04-29,"actual_daily_cases",NA,NA,NA,152,NA,NA,NA,NA
"Utah",NA,"Past",2020-04-29,"actual_daily_deaths",NA,NA,NA,4,NA,NA,NA,NA
"Utah","linear_increase_sd","Past",2020-04-29,"combined_trend",NA,NA,NA,0.363608012913886,NA,NA,NA,NA
"Utah","return_normal","Past",2020-04-29,"combined_trend",NA,NA,NA,0.363608012913886,NA,NA,NA,NA
"Utah","status_quo","Past",2020-04-29,"combined_trend",NA,NA,NA,0.363608012913886,NA,NA,NA,NA
"Utah","linear_increase_sd","Past",2020-04-29,"cumulative_all_infections",19713,19713,19713,20243,19993,21022,21022,21022
"Utah","return_normal","Past",2020-04-29,"cumulative_all_infections",19713,19713,19713,20243,19993,21022,21022,21022
"Utah","status_quo","Past",2020-04-29,"cumulative_all_infections",19713,19713,19713,20243,19993,21022,21022,21022
"Utah","linear_increase_sd","Past",2020-04-29,"cumulative_cases",4374,4374,4374,4431,4384,4535,4535,4535
"Utah","return_normal","Past",2020-04-29,"cumulative_cases",4374,4374,4374,4431,4384,4535,4535,4535
"Utah","status_quo","Past",2020-04-29,"cumulative_cases",4374,4374,4374,4431,4384,4535,4535,4535
"Utah","linear_increase_sd","Past",2020-04-29,"cumulative_deaths",104,104,104,115,119,122,122,122
"Utah","return_normal","Past",2020-04-29,"cumulative_deaths",104,104,104,115,119,122,122,122
"Utah","status_quo","Past",2020-04-29,"cumulative_deaths",104,104,104,115,119,122,122,122
"Utah","linear_increase_sd","Past",2020-04-29,"cumulative_hosps",459,459,459,481,479,505,505,505
"Utah","return_normal","Past",2020-04-29,"cumulative_hosps",459,459,459,481,479,505,505,505
"Utah","status_quo","Past",2020-04-29,"cumulative_hosps",459,459,459,481,479,505,505,505
"Utah","linear_increase_sd","Past",2020-04-29,"daily_all_infections",420,420,420,431,423,449,449,449
"Utah","return_normal","Past",2020-04-29,"daily_all_infections",420,420,420,431,423,449,449,449
"Utah","status_quo","Past",2020-04-29,"daily_all_infections",420,420,420,431,423,449,449,449
"Utah","linear_increase_sd","Past",2020-04-29,"daily_cases",115,115,115,117,116,119,119,119
"Utah","return_normal","Past",2020-04-29,"daily_cases",115,115,115,117,116,119,119,119
"Utah","status_quo","Past",2020-04-29,"daily_cases",115,115,115,117,116,119,119,119
"Utah","linear_increase_sd","Past",2020-04-29,"daily_deaths",3,3,3,3,3,3,3,3
"Utah","return_normal","Past",2020-04-29,"daily_deaths",3,3,3,3,3,3,3,3
"Utah","status_quo","Past",2020-04-29,"daily_deaths",3,3,3,3,3,3,3,3
"Utah","linear_increase_sd","Past",2020-04-29,"daily_hosps",13,13,13,14,13,15,15,15
"Utah","return_normal","Past",2020-04-29,"daily_hosps",13,13,13,14,13,15,15,15
"Utah","status_quo","Past",2020-04-29,"daily_hosps",13,13,13,14,13,15,15,15
"Utah","linear_increase_sd","Past",2020-04-29,"latent_trend",NA,NA,NA,0.512562047976737,NA,NA,NA,NA
"Utah","return_normal","Past",2020-04-29,"latent_trend",NA,NA,NA,0.512562047976737,NA,NA,NA,NA
"Utah","status_quo","Past",2020-04-29,"latent_trend",NA,NA,NA,0.512562047976737,NA,NA,NA,NA
"Utah","linear_increase_sd","Past",2020-04-29,"mobility_trend",NA,NA,NA,0.709393163908984,NA,NA,NA,NA
"Utah","return_normal","Past",2020-04-29,"mobility_trend",NA,NA,NA,0.709393163908984,NA,NA,NA,NA
"Utah","status_quo","Past",2020-04-29,"mobility_trend",NA,NA,NA,0.709393163908984,NA,NA,NA,NA
"Utah",NA,"Past",2020-04-30,"actual_cumulative_cases",NA,NA,NA,4672,NA,NA,NA,NA
"Utah",NA,"Past",2020-04-30,"actual_cumulative_deaths",NA,NA,NA,51,NA,NA,NA,NA
"Utah",NA,"Past",2020-04-30,"actual_daily_cases",NA,NA,NA,175,NA,NA,NA,NA
"Utah",NA,"Past",2020-04-30,"actual_daily_deaths",NA,NA,NA,1,NA,NA,NA,NA
"Utah","linear_increase_sd","Past",2020-04-30,"combined_trend",NA,NA,NA,0.369267114541837,NA,NA,NA,NA
"Utah","return_normal","Past",2020-04-30,"combined_trend",NA,NA,NA,0.369267114541837,NA,NA,NA,NA
"Utah","status_quo","Past",2020-04-30,"combined_trend",NA,NA,NA,0.369267114541837,NA,NA,NA,NA
"Utah","linear_increase_sd","Past",2020-04-30,"cumulative_all_infections",20133,20133,20133,20683,20433,21483,21483,21483
"Utah","return_normal","Past",2020-04-30,"cumulative_all_infections",20133,20133,20133,20683,20433,21483,21483,21483
"Utah","status_quo","Past",2020-04-30,"cumulative_all_infections",20133,20133,20133,20683,20433,21483,21483,21483
"Utah","linear_increase_sd","Past",2020-04-30,"cumulative_cases",4501,4501,4501,4551,4502,4650,4650,4650
"Utah","return_normal","Past",2020-04-30,"cumulative_cases",4501,4501,4501,4551,4502,4650,4650,4650
"Utah","status_quo","Past",2020-04-30,"cumulative_cases",4501,4501,4501,4551,4502,4650,4650,4650
"Utah","linear_increase_sd","Past",2020-04-30,"cumulative_deaths",107,107,107,118,121,125,125,125
"Utah","return_normal","Past",2020-04-30,"cumulative_deaths",107,107,107,118,121,125,125,125
"Utah","status_quo","Past",2020-04-30,"cumulative_deaths",107,107,107,118,121,125,125,125
"Utah","linear_increase_sd","Past",2020-04-30,"cumulative_hosps",475,475,475,496,493,519,519,519
"Utah","return_normal","Past",2020-04-30,"cumulative_hosps",475,475,475,496,493,519,519,519
"Utah","status_quo","Past",2020-04-30,"cumulative_hosps",475,475,475,496,493,519,519,519
"Utah","linear_increase_sd","Past",2020-04-30,"daily_all_infections",420,420,420,441,440,461,461,461
"Utah","return_normal","Past",2020-04-30,"daily_all_infections",420,420,420,441,440,461,461,461
"Utah","status_quo","Past",2020-04-30,"daily_all_infections",420,420,420,441,440,461,461,461
"Utah","linear_increase_sd","Past",2020-04-30,"daily_cases",115,115,115,120,118,127,127,127
"Utah","return_normal","Past",2020-04-30,"daily_cases",115,115,115,120,118,127,127,127
"Utah","status_quo","Past",2020-04-30,"daily_cases",115,115,115,120,118,127,127,127
"Utah","linear_increase_sd","Past",2020-04-30,"daily_deaths",2,2,2,3,3,3,3,3
"Utah","return_normal","Past",2020-04-30,"daily_deaths",2,2,2,3,3,3,3,3
"Utah","status_quo","Past",2020-04-30,"daily_deaths",2,2,2,3,3,3,3,3
"Utah","linear_increase_sd","Past",2020-04-30,"daily_hosps",14,14,14,15,14,16,16,16
"Utah","return_normal","Past",2020-04-30,"daily_hosps",14,14,14,15,14,16,16,16
"Utah","status_quo","Past",2020-04-30,"daily_hosps",14,14,14,15,14,16,16,16
"Utah","linear_increase_sd","Past",2020-04-30,"latent_trend",NA,NA,NA,0.514284837328152,NA,NA,NA,NA
"Utah","return_normal","Past",2020-04-30,"latent_trend",NA,NA,NA,0.514284837328152,NA,NA,NA,NA
"Utah","status_quo","Past",2020-04-30,"latent_trend",NA,NA,NA,0.514284837328152,NA,NA,NA,NA
"Utah","linear_increase_sd","Past",2020-04-30,"mobility_trend",NA,NA,NA,0.718020613752252,NA,NA,NA,NA
"Utah","return_normal","Past",2020-04-30,"mobility_trend",NA,NA,NA,0.718020613752252,NA,NA,NA,NA
"Utah","status_quo","Past",2020-04-30,"mobility_trend",NA,NA,NA,0.718020613752252,NA,NA,NA,NA
"Utah",NA,"Past",2020-05-01,"actual_cumulative_cases",NA,NA,NA,4828,NA,NA,NA,NA
"Utah",NA,"Past",2020-05-01,"actual_cumulative_deaths",NA,NA,NA,51,NA,NA,NA,NA
"Utah",NA,"Past",2020-05-01,"actual_daily_cases",NA,NA,NA,156,NA,NA,NA,NA
"Utah",NA,"Past",2020-05-01,"actual_daily_deaths",NA,NA,NA,0,NA,NA,NA,NA
"Utah","linear_increase_sd","Past",2020-05-01,"combined_trend",NA,NA,NA,0.374324945241607,NA,NA,NA,NA
"Utah","return_normal","Past",2020-05-01,"combined_trend",NA,NA,NA,0.374324945241607,NA,NA,NA,NA
"Utah","status_quo","Past",2020-05-01,"combined_trend",NA,NA,NA,0.374324945241607,NA,NA,NA,NA
"Utah","linear_increase_sd","Past",2020-05-01,"cumulative_all_infections",20556,20556,20556,21132,20878,21961,21961,21961
"Utah","return_normal","Past",2020-05-01,"cumulative_all_infections",20556,20556,20556,21132,20878,21961,21961,21961
"Utah","status_quo","Past",2020-05-01,"cumulative_all_infections",20556,20556,20556,21132,20878,21961,21961,21961
"Utah","linear_increase_sd","Past",2020-05-01,"cumulative_cases",4604,4604,4604,4668,4629,4769,4769,4769
"Utah","return_normal","Past",2020-05-01,"cumulative_cases",4604,4604,4604,4668,4629,4769,4769,4769
"Utah","status_quo","Past",2020-05-01,"cumulative_cases",4604,4604,4604,4668,4629,4769,4769,4769
"Utah","linear_increase_sd","Past",2020-05-01,"cumulative_deaths",110,110,110,121,124,128,128,128
"Utah","return_normal","Past",2020-05-01,"cumulative_deaths",110,110,110,121,124,128,128,128
"Utah","status_quo","Past",2020-05-01,"cumulative_deaths",110,110,110,121,124,128,128,128
"Utah","linear_increase_sd","Past",2020-05-01,"cumulative_hosps",491,491,491,510,506,532,532,532
"Utah","return_normal","Past",2020-05-01,"cumulative_hosps",491,491,491,510,506,532,532,532
"Utah","status_quo","Past",2020-05-01,"cumulative_hosps",491,491,491,510,506,532,532,532
"Utah","linear_increase_sd","Past",2020-05-01,"daily_all_infections",423,423,423,449,445,478,478,478
"Utah","return_normal","Past",2020-05-01,"daily_all_infections",423,423,423,449,445,478,478,478
"Utah","status_quo","Past",2020-05-01,"daily_all_infections",423,423,423,449,445,478,478,478
"Utah","linear_increase_sd","Past",2020-05-01,"daily_cases",102,102,102,117,119,128,128,128
"Utah","return_normal","Past",2020-05-01,"daily_cases",102,102,102,117,119,128,128,128
"Utah","status_quo","Past",2020-05-01,"daily_cases",102,102,102,117,119,128,128,128
"Utah","linear_increase_sd","Past",2020-05-01,"daily_deaths",3,3,3,3,3,3,3,3
"Utah","return_normal","Past",2020-05-01,"daily_deaths",3,3,3,3,3,3,3,3
"Utah","status_quo","Past",2020-05-01,"daily_deaths",3,3,3,3,3,3,3,3
"Utah","linear_increase_sd","Past",2020-05-01,"daily_hosps",13,13,13,14,13,16,16,16
"Utah","return_normal","Past",2020-05-01,"daily_hosps",13,13,13,14,13,16,16,16
"Utah","status_quo","Past",2020-05-01,"daily_hosps",13,13,13,14,13,16,16,16
"Utah","linear_increase_sd","Past",2020-05-01,"latent_trend",NA,NA,NA,0.514988634932063,NA,NA,NA,NA
"Utah","return_normal","Past",2020-05-01,"latent_trend",NA,NA,NA,0.514988634932063,NA,NA,NA,NA
"Utah","status_quo","Past",2020-05-01,"latent_trend",NA,NA,NA,0.514988634932063,NA,NA,NA,NA
"Utah","linear_increase_sd","Past",2020-05-01,"mobility_trend",NA,NA,NA,0.726860594294451,NA,NA,NA,NA
"Utah","return_normal","Past",2020-05-01,"mobility_trend",NA,NA,NA,0.726860594294451,NA,NA,NA,NA
"Utah","status_quo","Past",2020-05-01,"mobility_trend",NA,NA,NA,0.726860594294451,NA,NA,NA,NA
"Utah",NA,"Past",2020-05-02,"actual_cumulative_cases",NA,NA,NA,4985,NA,NA,NA,NA
"Utah",NA,"Past",2020-05-02,"actual_cumulative_deaths",NA,NA,NA,54,NA,NA,NA,NA
"Utah",NA,"Past",2020-05-02,"actual_daily_cases",NA,NA,NA,157,NA,NA,NA,NA
"Utah",NA,"Past",2020-05-02,"actual_daily_deaths",NA,NA,NA,3,NA,NA,NA,NA
"Utah","linear_increase_sd","Past",2020-05-02,"combined_trend",NA,NA,NA,0.378792580072091,NA,NA,NA,NA
"Utah","return_normal","Past",2020-05-02,"combined_trend",NA,NA,NA,0.378792580072091,NA,NA,NA,NA
"Utah","status_quo","Past",2020-05-02,"combined_trend",NA,NA,NA,0.378792580072091,NA,NA,NA,NA
"Utah","linear_increase_sd","Past",2020-05-02,"cumulative_all_infections",20984,20984,20984,21589,21333,22449,22449,22449
"Utah","return_normal","Past",2020-05-02,"cumulative_all_infections",20984,20984,20984,21589,21333,22449,22449,22449
"Utah","status_quo","Past",2020-05-02,"cumulative_all_infections",20984,20984,20984,21589,21333,22449,22449,22449
"Utah","linear_increase_sd","Past",2020-05-02,"cumulative_cases",4724,4724,4724,4787,4749,4888,4888,4888
"Utah","return_normal","Past",2020-05-02,"cumulative_cases",4724,4724,4724,4787,4749,4888,4888,4888
"Utah","status_quo","Past",2020-05-02,"cumulative_cases",4724,4724,4724,4787,4749,4888,4888,4888
"Utah","linear_increase_sd","Past",2020-05-02,"cumulative_deaths",113,113,113,124,127,131,131,131
"Utah","return_normal","Past",2020-05-02,"cumulative_deaths",113,113,113,124,127,131,131,131
"Utah","status_quo","Past",2020-05-02,"cumulative_deaths",113,113,113,124,127,131,131,131
"Utah","linear_increase_sd","Past",2020-05-02,"cumulative_hosps",507,507,507,524,519,546,546,546
"Utah","return_normal","Past",2020-05-02,"cumulative_hosps",507,507,507,524,519,546,546,546
"Utah","status_quo","Past",2020-05-02,"cumulative_hosps",507,507,507,524,519,546,546,546
"Utah","linear_increase_sd","Past",2020-05-02,"daily_all_infections",428,428,428,457,455,488,488,488
"Utah","return_normal","Past",2020-05-02,"daily_all_infections",428,428,428,457,455,488,488,488
"Utah","status_quo","Past",2020-05-02,"daily_all_infections",428,428,428,457,455,488,488,488
"Utah","linear_increase_sd","Past",2020-05-02,"daily_cases",119,119,119,120,120,120,120,120
"Utah","return_normal","Past",2020-05-02,"daily_cases",119,119,119,120,120,120,120,120
"Utah","status_quo","Past",2020-05-02,"daily_cases",119,119,119,120,120,120,120,120
"Utah","linear_increase_sd","Past",2020-05-02,"daily_deaths",3,3,3,3,3,3,3,3
"Utah","return_normal","Past",2020-05-02,"daily_deaths",3,3,3,3,3,3,3,3
"Utah","status_quo","Past",2020-05-02,"daily_deaths",3,3,3,3,3,3,3,3
"Utah","linear_increase_sd","Past",2020-05-02,"daily_hosps",13,13,13,15,14,16,16,16
"Utah","return_normal","Past",2020-05-02,"daily_hosps",13,13,13,15,14,16,16,16
"Utah","status_quo","Past",2020-05-02,"daily_hosps",13,13,13,15,14,16,16,16
"Utah","linear_increase_sd","Past",2020-05-02,"latent_trend",NA,NA,NA,0.514752484631948,NA,NA,NA,NA
"Utah","return_normal","Past",2020-05-02,"latent_trend",NA,NA,NA,0.514752484631948,NA,NA,NA,NA
"Utah","status_quo","Past",2020-05-02,"latent_trend",NA,NA,NA,0.514752484631948,NA,NA,NA,NA
"Utah","linear_increase_sd","Past",2020-05-02,"mobility_trend",NA,NA,NA,0.735873242735158,NA,NA,NA,NA
"Utah","return_normal","Past",2020-05-02,"mobility_trend",NA,NA,NA,0.735873242735158,NA,NA,NA,NA
"Utah","status_quo","Past",2020-05-02,"mobility_trend",NA,NA,NA,0.735873242735158,NA,NA,NA,NA
"Utah",NA,"Past",2020-05-03,"actual_cumulative_cases",NA,NA,NA,5175,NA,NA,NA,NA
"Utah",NA,"Past",2020-05-03,"actual_cumulative_deaths",NA,NA,NA,55,NA,NA,NA,NA
"Utah",NA,"Past",2020-05-03,"actual_daily_cases",NA,NA,NA,190,NA,NA,NA,NA
"Utah",NA,"Past",2020-05-03,"actual_daily_deaths",NA,NA,NA,1,NA,NA,NA,NA
"Utah","linear_increase_sd","Past",2020-05-03,"combined_trend",NA,NA,NA,0.382680812109851,NA,NA,NA,NA
"Utah","return_normal","Past",2020-05-03,"combined_trend",NA,NA,NA,0.382680812109851,NA,NA,NA,NA
"Utah","status_quo","Past",2020-05-03,"combined_trend",NA,NA,NA,0.382680812109851,NA,NA,NA,NA
"Utah","linear_increase_sd","Past",2020-05-03,"cumulative_all_infections",21412,21412,21412,22056,21804,22951,22951,22951
"Utah","return_normal","Past",2020-05-03,"cumulative_all_infections",21412,21412,21412,22056,21804,22951,22951,22951
"Utah","status_quo","Past",2020-05-03,"cumulative_all_infections",21412,21412,21412,22056,21804,22951,22951,22951
"Utah","linear_increase_sd","Past",2020-05-03,"cumulative_cases",4842,4842,4842,4911,4878,5012,5012,5012
"Utah","return_normal","Past",2020-05-03,"cumulative_cases",4842,4842,4842,4911,4878,5012,5012,5012
"Utah","status_quo","Past",2020-05-03,"cumulative_cases",4842,4842,4842,4911,4878,5012,5012,5012
"Utah","linear_increase_sd","Past",2020-05-03,"cumulative_deaths",117,117,117,127,130,134,134,134
"Utah","return_normal","Past",2020-05-03,"cumulative_deaths",117,117,117,127,130,134,134,134
"Utah","status_quo","Past",2020-05-03,"cumulative_deaths",117,117,117,127,130,134,134,134
"Utah","linear_increase_sd","Past",2020-05-03,"cumulative_hosps",522,522,522,538,532,560,560,560
"Utah","return_normal","Past",2020-05-03,"cumulative_hosps",522,522,522,538,532,560,560,560
"Utah","status_quo","Past",2020-05-03,"cumulative_hosps",522,522,522,538,532,560,560,560
"Utah","linear_increase_sd","Past",2020-05-03,"daily_all_infections",428,428,428,467,471,502,502,502
"Utah","return_normal","Past",2020-05-03,"daily_all_infections",428,428,428,467,471,502,502,502
"Utah","status_quo","Past",2020-05-03,"daily_all_infections",428,428,428,467,471,502,502,502
"Utah","linear_increase_sd","Past",2020-05-03,"daily_cases",118,118,118,124,124,129,129,129
"Utah","return_normal","Past",2020-05-03,"daily_cases",118,118,118,124,124,129,129,129
"Utah","status_quo","Past",2020-05-03,"daily_cases",118,118,118,124,124,129,129,129
"Utah","linear_increase_sd","Past",2020-05-03,"daily_deaths",3,3,3,4,3,4,4,4
"Utah","return_normal","Past",2020-05-03,"daily_deaths",3,3,3,4,3,4,4,4
"Utah","status_quo","Past",2020-05-03,"daily_deaths",3,3,3,4,3,4,4,4
"Utah","linear_increase_sd","Past",2020-05-03,"daily_hosps",13,13,13,14,14,15,15,15
"Utah","return_normal","Past",2020-05-03,"daily_hosps",13,13,13,14,14,15,15,15
"Utah","status_quo","Past",2020-05-03,"daily_hosps",13,13,13,14,14,15,15,15
"Utah","linear_increase_sd","Past",2020-05-03,"latent_trend",NA,NA,NA,0.513655122860187,NA,NA,NA,NA
"Utah","return_normal","Past",2020-05-03,"latent_trend",NA,NA,NA,0.513655122860187,NA,NA,NA,NA
"Utah","status_quo","Past",2020-05-03,"latent_trend",NA,NA,NA,0.513655122860187,NA,NA,NA,NA
"Utah","linear_increase_sd","Past",2020-05-03,"mobility_trend",NA,NA,NA,0.745015079337608,NA,NA,NA,NA
"Utah","return_normal","Past",2020-05-03,"mobility_trend",NA,NA,NA,0.745015079337608,NA,NA,NA,NA
"Utah","status_quo","Past",2020-05-03,"mobility_trend",NA,NA,NA,0.745015079337608,NA,NA,NA,NA
"Utah",NA,"Past",2020-05-04,"actual_cumulative_cases",NA,NA,NA,5317,NA,NA,NA,NA
"Utah",NA,"Past",2020-05-04,"actual_cumulative_deaths",NA,NA,NA,55,NA,NA,NA,NA
"Utah",NA,"Past",2020-05-04,"actual_daily_cases",NA,NA,NA,142,NA,NA,NA,NA
"Utah",NA,"Past",2020-05-04,"actual_daily_deaths",NA,NA,NA,0,NA,NA,NA,NA
"Utah","linear_increase_sd","Past",2020-05-04,"combined_trend",NA,NA,NA,0.386002576163171,NA,NA,NA,NA
"Utah","return_normal","Past",2020-05-04,"combined_trend",NA,NA,NA,0.386002576163171,NA,NA,NA,NA
"Utah","status_quo","Past",2020-05-04,"combined_trend",NA,NA,NA,0.386002576163171,NA,NA,NA,NA
"Utah","linear_increase_sd","Past",2020-05-04,"cumulative_all_infections",21846,21846,21846,22531,22283,23464,23464,23464
"Utah","return_normal","Past",2020-05-04,"cumulative_all_infections",21846,21846,21846,22531,22283,23464,23464,23464
"Utah","status_quo","Past",2020-05-04,"cumulative_all_infections",21846,21846,21846,22531,22283,23464,23464,23464
"Utah","linear_increase_sd","Past",2020-05-04,"cumulative_cases",4975,4975,4975,5043,5010,5142,5142,5142
"Utah","return_normal","Past",2020-05-04,"cumulative_cases",4975,4975,4975,5043,5010,5142,5142,5142
"Utah","status_quo","Past",2020-05-04,"cumulative_cases",4975,4975,4975,5043,5010,5142,5142,5142
"Utah","linear_increase_sd","Past",2020-05-04,"cumulative_deaths",120,120,120,130,133,137,137,137
"Utah","return_normal","Past",2020-05-04,"cumulative_deaths",120,120,120,130,133,137,137,137
"Utah","status_quo","Past",2020-05-04,"cumulative_deaths",120,120,120,130,133,137,137,137
"Utah","linear_increase_sd","Past",2020-05-04,"cumulative_hosps",537,537,537,553,546,574,574,574
"Utah","return_normal","Past",2020-05-04,"cumulative_hosps",537,537,537,553,546,574,574,574
"Utah","status_quo","Past",2020-05-04,"cumulative_hosps",537,537,537,553,546,574,574,574
"Utah","linear_increase_sd","Past",2020-05-04,"daily_all_infections",434,434,434,476,479,513,513,513
"Utah","return_normal","Past",2020-05-04,"daily_all_infections",434,434,434,476,479,513,513,513
"Utah","status_quo","Past",2020-05-04,"daily_all_infections",434,434,434,476,479,513,513,513
"Utah","linear_increase_sd","Past",2020-05-04,"daily_cases",130,130,130,132,132,133,133,133
"Utah","return_normal","Past",2020-05-04,"daily_cases",130,130,130,132,132,133,133,133
"Utah","status_quo","Past",2020-05-04,"daily_cases",130,130,130,132,132,133,133,133
"Utah","linear_increase_sd","Past",2020-05-04,"daily_deaths",3,3,3,3,3,3,3,3
"Utah","return_normal","Past",2020-05-04,"daily_deaths",3,3,3,3,3,3,3,3
"Utah","status_quo","Past",2020-05-04,"daily_deaths",3,3,3,3,3,3,3,3
"Utah","linear_increase_sd","Past",2020-05-04,"daily_hosps",14,14,14,15,14,15,15,15
"Utah","return_normal","Past",2020-05-04,"daily_hosps",14,14,14,15,14,15,15,15
"Utah","status_quo","Past",2020-05-04,"daily_hosps",14,14,14,15,14,15,15,15
"Utah","linear_increase_sd","Past",2020-05-04,"latent_trend",NA,NA,NA,0.511775075676916,NA,NA,NA,NA
"Utah","return_normal","Past",2020-05-04,"latent_trend",NA,NA,NA,0.511775075676916,NA,NA,NA,NA
"Utah","status_quo","Past",2020-05-04,"latent_trend",NA,NA,NA,0.511775075676916,NA,NA,NA,NA
"Utah","linear_increase_sd","Past",2020-05-04,"mobility_trend",NA,NA,NA,0.754242624365034,NA,NA,NA,NA
"Utah","return_normal","Past",2020-05-04,"mobility_trend",NA,NA,NA,0.754242624365034,NA,NA,NA,NA
"Utah","status_quo","Past",2020-05-04,"mobility_trend",NA,NA,NA,0.754242624365034,NA,NA,NA,NA
"Utah",NA,"Past",2020-05-05,"actual_cumulative_cases",NA,NA,NA,5449,NA,NA,NA,NA
"Utah",NA,"Past",2020-05-05,"actual_cumulative_deaths",NA,NA,NA,61,NA,NA,NA,NA
"Utah",NA,"Past",2020-05-05,"actual_daily_cases",NA,NA,NA,132,NA,NA,NA,NA
"Utah",NA,"Past",2020-05-05,"actual_daily_deaths",NA,NA,NA,6,NA,NA,NA,NA
"Utah","linear_increase_sd","Past",2020-05-05,"combined_trend",NA,NA,NA,0.388770831817054,NA,NA,NA,NA
"Utah","return_normal","Past",2020-05-05,"combined_trend",NA,NA,NA,0.388770831817054,NA,NA,NA,NA
"Utah","status_quo","Past",2020-05-05,"combined_trend",NA,NA,NA,0.388770831817054,NA,NA,NA,NA
"Utah","linear_increase_sd","Past",2020-05-05,"cumulative_all_infections",22285,22285,22285,23018,22771,23998,23998,23998
"Utah","return_normal","Past",2020-05-05,"cumulative_all_infections",22285,22285,22285,23018,22771,23998,23998,23998
"Utah","status_quo","Past",2020-05-05,"cumulative_all_infections",22285,22285,22285,23018,22771,23998,23998,23998
"Utah","linear_increase_sd","Past",2020-05-05,"cumulative_cases",5088,5088,5088,5168,5136,5279,5279,5279
"Utah","return_normal","Past",2020-05-05,"cumulative_cases",5088,5088,5088,5168,5136,5279,5279,5279
"Utah","status_quo","Past",2020-05-05,"cumulative_cases",5088,5088,5088,5168,5136,5279,5279,5279
"Utah","linear_increase_sd","Past",2020-05-05,"cumulative_deaths",123,123,123,133,136,139,139,139
"Utah","return_normal","Past",2020-05-05,"cumulative_deaths",123,123,123,133,136,139,139,139
"Utah","status_quo","Past",2020-05-05,"cumulative_deaths",123,123,123,133,136,139,139,139
"Utah","linear_increase_sd","Past",2020-05-05,"cumulative_hosps",553,553,553,568,561,588,588,588
"Utah","return_normal","Past",2020-05-05,"cumulative_hosps",553,553,553,568,561,588,588,588
"Utah","status_quo","Past",2020-05-05,"cumulative_hosps",553,553,553,568,561,588,588,588
"Utah","linear_increase_sd","Past",2020-05-05,"daily_all_infections",439,439,439,487,488,534,534,534
"Utah","return_normal","Past",2020-05-05,"daily_all_infections",439,439,439,487,488,534,534,534
"Utah","status_quo","Past",2020-05-05,"daily_all_infections",439,439,439,487,488,534,534,534
"Utah","linear_increase_sd","Past",2020-05-05,"daily_cases",113,113,113,126,126,137,137,137
"Utah","return_normal","Past",2020-05-05,"daily_cases",113,113,113,126,126,137,137,137
"Utah","status_quo","Past",2020-05-05,"daily_cases",113,113,113,126,126,137,137,137
"Utah","linear_increase_sd","Past",2020-05-05,"daily_deaths",2,2,2,3,3,3,3,3
"Utah","return_normal","Past",2020-05-05,"daily_deaths",2,2,2,3,3,3,3,3
"Utah","status_quo","Past",2020-05-05,"daily_deaths",2,2,2,3,3,3,3,3
"Utah","linear_increase_sd","Past",2020-05-05,"daily_hosps",14,14,14,15,15,16,16,16
"Utah","return_normal","Past",2020-05-05,"daily_hosps",14,14,14,15,15,16,16,16
"Utah","status_quo","Past",2020-05-05,"daily_hosps",14,14,14,15,15,16,16,16
"Utah","linear_increase_sd","Past",2020-05-05,"latent_trend",NA,NA,NA,0.509190805978327,NA,NA,NA,NA
"Utah","return_normal","Past",2020-05-05,"latent_trend",NA,NA,NA,0.509190805978327,NA,NA,NA,NA
"Utah","status_quo","Past",2020-05-05,"latent_trend",NA,NA,NA,0.509190805978327,NA,NA,NA,NA
"Utah","linear_increase_sd","Past",2020-05-05,"mobility_trend",NA,NA,NA,0.763507171089028,NA,NA,NA,NA
"Utah","return_normal","Past",2020-05-05,"mobility_trend",NA,NA,NA,0.763507171089028,NA,NA,NA,NA
"Utah","status_quo","Past",2020-05-05,"mobility_trend",NA,NA,NA,0.763507171089028,NA,NA,NA,NA
"Utah",NA,"Past",2020-05-06,"actual_cumulative_cases",NA,NA,NA,5595,NA,NA,NA,NA
"Utah",NA,"Past",2020-05-06,"actual_cumulative_deaths",NA,NA,NA,63,NA,NA,NA,NA
"Utah",NA,"Past",2020-05-06,"actual_daily_cases",NA,NA,NA,146,NA,NA,NA,NA
"Utah",NA,"Past",2020-05-06,"actual_daily_deaths",NA,NA,NA,2,NA,NA,NA,NA
"Utah","linear_increase_sd","Past",2020-05-06,"combined_trend",NA,NA,NA,0.39099120438567,NA,NA,NA,NA
"Utah","return_normal","Past",2020-05-06,"combined_trend",NA,NA,NA,0.39099120438567,NA,NA,NA,NA
"Utah","status_quo","Past",2020-05-06,"combined_trend",NA,NA,NA,0.39099120438567,NA,NA,NA,NA
"Utah","linear_increase_sd","Past",2020-05-06,"cumulative_all_infections",22730,22730,22730,23514,23273,24537,24537,24537
"Utah","return_normal","Past",2020-05-06,"cumulative_all_infections",22730,22730,22730,23514,23273,24537,24537,24537
"Utah","status_quo","Past",2020-05-06,"cumulative_all_infections",22730,22730,22730,23514,23273,24537,24537,24537
"Utah","linear_increase_sd","Past",2020-05-06,"cumulative_cases",5222,5222,5222,5303,5268,5419,5419,5419
"Utah","return_normal","Past",2020-05-06,"cumulative_cases",5222,5222,5222,5303,5268,5419,5419,5419
"Utah","status_quo","Past",2020-05-06,"cumulative_cases",5222,5222,5222,5303,5268,5419,5419,5419
"Utah","linear_increase_sd","Past",2020-05-06,"cumulative_deaths",126,126,126,136,139,141,141,141
"Utah","return_normal","Past",2020-05-06,"cumulative_deaths",126,126,126,136,139,141,141,141
"Utah","status_quo","Past",2020-05-06,"cumulative_deaths",126,126,126,136,139,141,141,141
"Utah","linear_increase_sd","Past",2020-05-06,"cumulative_hosps",568,568,568,582,575,603,603,603
"Utah","return_normal","Past",2020-05-06,"cumulative_hosps",568,568,568,582,575,603,603,603
"Utah","status_quo","Past",2020-05-06,"cumulative_hosps",568,568,568,582,575,603,603,603
"Utah","linear_increase_sd","Past",2020-05-06,"daily_all_infections",445,445,445,496,502,539,539,539
"Utah","return_normal","Past",2020-05-06,"daily_all_infections",445,445,445,496,502,539,539,539
"Utah","status_quo","Past",2020-05-06,"daily_all_infections",445,445,445,496,502,539,539,539
"Utah","linear_increase_sd","Past",2020-05-06,"daily_cases",132,132,132,136,134,140,140,140
"Utah","return_normal","Past",2020-05-06,"daily_cases",132,132,132,136,134,140,140,140
"Utah","status_quo","Past",2020-05-06,"daily_cases",132,132,132,136,134,140,140,140
"Utah","linear_increase_sd","Past",2020-05-06,"daily_deaths",2,2,2,3,3,3,3,3
"Utah","return_normal","Past",2020-05-06,"daily_deaths",2,2,2,3,3,3,3,3
"Utah","status_quo","Past",2020-05-06,"daily_deaths",2,2,2,3,3,3,3,3
"Utah","linear_increase_sd","Past",2020-05-06,"daily_hosps",14,14,14,15,15,15,15,15
"Utah","return_normal","Past",2020-05-06,"daily_hosps",14,14,14,15,15,15,15,15
"Utah","status_quo","Past",2020-05-06,"daily_hosps",14,14,14,15,15,15,15,15
"Utah","linear_increase_sd","Past",2020-05-06,"latent_trend",NA,NA,NA,0.505980869804012,NA,NA,NA,NA
"Utah","return_normal","Past",2020-05-06,"latent_trend",NA,NA,NA,0.505980869804012,NA,NA,NA,NA
"Utah","status_quo","Past",2020-05-06,"latent_trend",NA,NA,NA,0.505980869804012,NA,NA,NA,NA
"Utah","linear_increase_sd","Past",2020-05-06,"mobility_trend",NA,NA,NA,0.772739104814611,NA,NA,NA,NA
"Utah","return_normal","Past",2020-05-06,"mobility_trend",NA,NA,NA,0.772739104814611,NA,NA,NA,NA
"Utah","status_quo","Past",2020-05-06,"mobility_trend",NA,NA,NA,0.772739104814611,NA,NA,NA,NA
"Utah",NA,"Past",2020-05-07,"actual_cumulative_cases",NA,NA,NA,5724,NA,NA,NA,NA
"Utah",NA,"Past",2020-05-07,"actual_cumulative_deaths",NA,NA,NA,66,NA,NA,NA,NA
"Utah",NA,"Past",2020-05-07,"actual_daily_cases",NA,NA,NA,129,NA,NA,NA,NA
"Utah",NA,"Past",2020-05-07,"actual_daily_deaths",NA,NA,NA,3,NA,NA,NA,NA
"Utah","linear_increase_sd","Past",2020-05-07,"combined_trend",NA,NA,NA,0.392670696765323,NA,NA,NA,NA
"Utah","return_normal","Past",2020-05-07,"combined_trend",NA,NA,NA,0.392670696765323,NA,NA,NA,NA
"Utah","status_quo","Past",2020-05-07,"combined_trend",NA,NA,NA,0.392670696765323,NA,NA,NA,NA
"Utah","linear_increase_sd","Past",2020-05-07,"cumulative_all_infections",23179,23179,23179,24019,23784,25094,25094,25094
"Utah","return_normal","Past",2020-05-07,"cumulative_all_infections",23179,23179,23179,24019,23784,25094,25094,25094
"Utah","status_quo","Past",2020-05-07,"cumulative_all_infections",23179,23179,23179,24019,23784,25094,25094,25094
"Utah","linear_increase_sd","Past",2020-05-07,"cumulative_cases",5358,5358,5358,5439,5396,5562,5562,5562
"Utah","return_normal","Past",2020-05-07,"cumulative_cases",5358,5358,5358,5439,5396,5562,5562,5562
"Utah","status_quo","Past",2020-05-07,"cumulative_cases",5358,5358,5358,5439,5396,5562,5562,5562
"Utah","linear_increase_sd","Past",2020-05-07,"cumulative_deaths",129,129,129,138,142,143,143,143
"Utah","return_normal","Past",2020-05-07,"cumulative_deaths",129,129,129,138,142,143,143,143
"Utah","status_quo","Past",2020-05-07,"cumulative_deaths",129,129,129,138,142,143,143,143
"Utah","linear_increase_sd","Past",2020-05-07,"cumulative_hosps",583,583,583,597,590,618,618,618
"Utah","return_normal","Past",2020-05-07,"cumulative_hosps",583,583,583,597,590,618,618,618
"Utah","status_quo","Past",2020-05-07,"cumulative_hosps",583,583,583,597,590,618,618,618
"Utah","linear_increase_sd","Past",2020-05-07,"daily_all_infections",449,449,449,506,511,557,557,557
"Utah","return_normal","Past",2020-05-07,"daily_all_infections",449,449,449,506,511,557,557,557
"Utah","status_quo","Past",2020-05-07,"daily_all_infections",449,449,449,506,511,557,557,557
"Utah","linear_increase_sd","Past",2020-05-07,"daily_cases",128,128,128,136,136,143,143,143
"Utah","return_normal","Past",2020-05-07,"daily_cases",128,128,128,136,136,143,143,143
"Utah","status_quo","Past",2020-05-07,"daily_cases",128,128,128,136,136,143,143,143
"Utah","linear_increase_sd","Past",2020-05-07,"daily_deaths",2,2,2,3,3,3,3,3
"Utah","return_normal","Past",2020-05-07,"daily_deaths",2,2,2,3,3,3,3,3
"Utah","status_quo","Past",2020-05-07,"daily_deaths",2,2,2,3,3,3,3,3
"Utah","linear_increase_sd","Past",2020-05-07,"daily_hosps",15,15,15,15,15,15,15,15
"Utah","return_normal","Past",2020-05-07,"daily_hosps",15,15,15,15,15,15,15,15
"Utah","status_quo","Past",2020-05-07,"daily_hosps",15,15,15,15,15,15,15,15
"Utah","linear_increase_sd","Past",2020-05-07,"latent_trend",NA,NA,NA,0.502224051450469,NA,NA,NA,NA
"Utah","return_normal","Past",2020-05-07,"latent_trend",NA,NA,NA,0.502224051450469,NA,NA,NA,NA
"Utah","status_quo","Past",2020-05-07,"latent_trend",NA,NA,NA,0.502224051450469,NA,NA,NA,NA
"Utah","linear_increase_sd","Past",2020-05-07,"mobility_trend",NA,NA,NA,0.781863583855162,NA,NA,NA,NA
"Utah","return_normal","Past",2020-05-07,"mobility_trend",NA,NA,NA,0.781863583855162,NA,NA,NA,NA
"Utah","status_quo","Past",2020-05-07,"mobility_trend",NA,NA,NA,0.781863583855162,NA,NA,NA,NA
"Utah",NA,"Past",2020-05-08,"actual_cumulative_cases",NA,NA,NA,5919,NA,NA,NA,NA
"Utah",NA,"Past",2020-05-08,"actual_cumulative_deaths",NA,NA,NA,66,NA,NA,NA,NA
"Utah",NA,"Past",2020-05-08,"actual_daily_cases",NA,NA,NA,195,NA,NA,NA,NA
"Utah",NA,"Past",2020-05-08,"actual_daily_deaths",NA,NA,NA,0,NA,NA,NA,NA
"Utah","linear_increase_sd","Past",2020-05-08,"combined_trend",NA,NA,NA,0.393820842095223,NA,NA,NA,NA
"Utah","return_normal","Past",2020-05-08,"combined_trend",NA,NA,NA,0.393820842095223,NA,NA,NA,NA
"Utah","status_quo","Past",2020-05-08,"combined_trend",NA,NA,NA,0.393820842095223,NA,NA,NA,NA
"Utah","linear_increase_sd","Past",2020-05-08,"cumulative_all_infections",23633,23633,23633,24536,24307,25667,25667,25667
"Utah","return_normal","Past",2020-05-08,"cumulative_all_infections",23633,23633,23633,24536,24307,25667,25667,25667
"Utah","status_quo","Past",2020-05-08,"cumulative_all_infections",23633,23633,23633,24536,24307,25667,25667,25667
"Utah","linear_increase_sd","Past",2020-05-08,"cumulative_cases",5498,5498,5498,5578,5523,5712,5712,5712
"Utah","return_normal","Past",2020-05-08,"cumulative_cases",5498,5498,5498,5578,5523,5712,5712,5712
"Utah","status_quo","Past",2020-05-08,"cumulative_cases",5498,5498,5498,5578,5523,5712,5712,5712
"Utah","linear_increase_sd","Past",2020-05-08,"cumulative_deaths",132,132,132,141,144,146,146,146
"Utah","return_normal","Past",2020-05-08,"cumulative_deaths",132,132,132,141,144,146,146,146
"Utah","status_quo","Past",2020-05-08,"cumulative_deaths",132,132,132,141,144,146,146,146
"Utah","linear_increase_sd","Past",2020-05-08,"cumulative_hosps",598,598,598,613,605,634,634,634
"Utah","return_normal","Past",2020-05-08,"cumulative_hosps",598,598,598,613,605,634,634,634
"Utah","status_quo","Past",2020-05-08,"cumulative_hosps",598,598,598,613,605,634,634,634
"Utah","linear_increase_sd","Past",2020-05-08,"daily_all_infections",454,454,454,517,523,573,573,573
"Utah","return_normal","Past",2020-05-08,"daily_all_infections",454,454,454,517,523,573,573,573
"Utah","status_quo","Past",2020-05-08,"daily_all_infections",454,454,454,517,523,573,573,573
"Utah","linear_increase_sd","Past",2020-05-08,"daily_cases",127,127,127,139,140,150,150,150
"Utah","return_normal","Past",2020-05-08,"daily_cases",127,127,127,139,140,150,150,150
"Utah","status_quo","Past",2020-05-08,"daily_cases",127,127,127,139,140,150,150,150
"Utah","linear_increase_sd","Past",2020-05-08,"daily_deaths",2,2,2,3,3,3,3,3
"Utah","return_normal","Past",2020-05-08,"daily_deaths",2,2,2,3,3,3,3,3
"Utah","status_quo","Past",2020-05-08,"daily_deaths",2,2,2,3,3,3,3,3
"Utah","linear_increase_sd","Past",2020-05-08,"daily_hosps",15,15,15,16,15,16,16,16
"Utah","return_normal","Past",2020-05-08,"daily_hosps",15,15,15,16,15,16,16,16
"Utah","status_quo","Past",2020-05-08,"daily_hosps",15,15,15,16,15,16,16,16
"Utah","linear_increase_sd","Past",2020-05-08,"latent_trend",NA,NA,NA,0.497999456713928,NA,NA,NA,NA
"Utah","return_normal","Past",2020-05-08,"latent_trend",NA,NA,NA,0.497999456713928,NA,NA,NA,NA
"Utah","status_quo","Past",2020-05-08,"latent_trend",NA,NA,NA,0.497999456713928,NA,NA,NA,NA
"Utah","linear_increase_sd","Past",2020-05-08,"mobility_trend",NA,NA,NA,0.79080576652406,NA,NA,NA,NA
"Utah","return_normal","Past",2020-05-08,"mobility_trend",NA,NA,NA,0.79080576652406,NA,NA,NA,NA
"Utah","status_quo","Past",2020-05-08,"mobility_trend",NA,NA,NA,0.79080576652406,NA,NA,NA,NA
"Utah",NA,"Past",2020-05-09,"actual_cumulative_cases",NA,NA,NA,6103,NA,NA,NA,NA
"Utah",NA,"Past",2020-05-09,"actual_cumulative_deaths",NA,NA,NA,71,NA,NA,NA,NA
"Utah",NA,"Past",2020-05-09,"actual_daily_cases",NA,NA,NA,184,NA,NA,NA,NA
"Utah",NA,"Past",2020-05-09,"actual_daily_deaths",NA,NA,NA,5,NA,NA,NA,NA
"Utah","linear_increase_sd","Past",2020-05-09,"combined_trend",NA,NA,NA,0.394462155107552,NA,NA,NA,NA
"Utah","return_normal","Past",2020-05-09,"combined_trend",NA,NA,NA,0.394462155107552,NA,NA,NA,NA
"Utah","status_quo","Past",2020-05-09,"combined_trend",NA,NA,NA,0.394462155107552,NA,NA,NA,NA
"Utah","linear_increase_sd","Past",2020-05-09,"cumulative_all_infections",24094,24094,24094,25064,24846,26250,26250,26250
"Utah","return_normal","Past",2020-05-09,"cumulative_all_infections",24094,24094,24094,25064,24846,26250,26250,26250
"Utah","status_quo","Past",2020-05-09,"cumulative_all_infections",24094,24094,24094,25064,24846,26250,26250,26250
"Utah","linear_increase_sd","Past",2020-05-09,"cumulative_cases",5638,5638,5638,5721,5654,5871,5871,5871
"Utah","return_normal","Past",2020-05-09,"cumulative_cases",5638,5638,5638,5721,5654,5871,5871,5871
"Utah","status_quo","Past",2020-05-09,"cumulative_cases",5638,5638,5638,5721,5654,5871,5871,5871
"Utah","linear_increase_sd","Past",2020-05-09,"cumulative_deaths",135,135,135,144,146,149,149,149
"Utah","return_normal","Past",2020-05-09,"cumulative_deaths",135,135,135,144,146,149,149,149
"Utah","status_quo","Past",2020-05-09,"cumulative_deaths",135,135,135,144,146,149,149,149
"Utah","linear_increase_sd","Past",2020-05-09,"cumulative_hosps",614,614,614,629,621,650,650,650
"Utah","return_normal","Past",2020-05-09,"cumulative_hosps",614,614,614,629,621,650,650,650
"Utah","status_quo","Past",2020-05-09,"cumulative_hosps",614,614,614,629,621,650,650,650
"Utah","linear_increase_sd","Past",2020-05-09,"daily_all_infections",461,461,461,528,539,583,583,583
"Utah","return_normal","Past",2020-05-09,"daily_all_infections",461,461,461,528,539,583,583,583
"Utah","status_quo","Past",2020-05-09,"daily_all_infections",461,461,461,528,539,583,583,583
"Utah","linear_increase_sd","Past",2020-05-09,"daily_cases",131,131,131,144,140,159,159,159
"Utah","return_normal","Past",2020-05-09,"daily_cases",131,131,131,144,140,159,159,159
"Utah","status_quo","Past",2020-05-09,"daily_cases",131,131,131,144,140,159,159,159
"Utah","linear_increase_sd","Past",2020-05-09,"daily_deaths",2,2,2,3,3,3,3,3
"Utah","return_normal","Past",2020-05-09,"daily_deaths",2,2,2,3,3,3,3,3
"Utah","status_quo","Past",2020-05-09,"daily_deaths",2,2,2,3,3,3,3,3
"Utah","linear_increase_sd","Past",2020-05-09,"daily_hosps",16,16,16,16,16,16,16,16
"Utah","return_normal","Past",2020-05-09,"daily_hosps",16,16,16,16,16,16,16,16
"Utah","status_quo","Past",2020-05-09,"daily_hosps",16,16,16,16,16,16,16,16
"Utah","linear_increase_sd","Past",2020-05-09,"latent_trend",NA,NA,NA,0.493386552158779,NA,NA,NA,NA
"Utah","return_normal","Past",2020-05-09,"latent_trend",NA,NA,NA,0.493386552158779,NA,NA,NA,NA
"Utah","status_quo","Past",2020-05-09,"latent_trend",NA,NA,NA,0.493386552158779,NA,NA,NA,NA
"Utah","linear_increase_sd","Past",2020-05-09,"mobility_trend",NA,NA,NA,0.799499202768316,NA,NA,NA,NA
"Utah","return_normal","Past",2020-05-09,"mobility_trend",NA,NA,NA,0.799499202768316,NA,NA,NA,NA
"Utah","status_quo","Past",2020-05-09,"mobility_trend",NA,NA,NA,0.799499202768316,NA,NA,NA,NA
"Utah",NA,"Past",2020-05-10,"actual_cumulative_cases",NA,NA,NA,6251,NA,NA,NA,NA
"Utah",NA,"Past",2020-05-10,"actual_cumulative_deaths",NA,NA,NA,72,NA,NA,NA,NA
"Utah",NA,"Past",2020-05-10,"actual_daily_cases",NA,NA,NA,148,NA,NA,NA,NA
"Utah",NA,"Past",2020-05-10,"actual_daily_deaths",NA,NA,NA,1,NA,NA,NA,NA
"Utah","linear_increase_sd","Past",2020-05-10,"combined_trend",NA,NA,NA,0.394636368928869,NA,NA,NA,NA
"Utah","return_normal","Past",2020-05-10,"combined_trend",NA,NA,NA,0.394636368928869,NA,NA,NA,NA
"Utah","status_quo","Past",2020-05-10,"combined_trend",NA,NA,NA,0.394636368928869,NA,NA,NA,NA
"Utah","linear_increase_sd","Past",2020-05-10,"cumulative_all_infections",24568,24568,24568,25601,25393,26841,26841,26841
"Utah","return_normal","Past",2020-05-10,"cumulative_all_infections",24568,24568,24568,25601,25393,26841,26841,26841
"Utah","status_quo","Past",2020-05-10,"cumulative_all_infections",24568,24568,24568,25601,25393,26841,26841,26841
"Utah","linear_increase_sd","Past",2020-05-10,"cumulative_cases",5785,5785,5785,5872,5797,6033,6033,6033
"Utah","return_normal","Past",2020-05-10,"cumulative_cases",5785,5785,5785,5872,5797,6033,6033,6033
"Utah","status_quo","Past",2020-05-10,"cumulative_cases",5785,5785,5785,5872,5797,6033,6033,6033
"Utah","linear_increase_sd","Past",2020-05-10,"cumulative_deaths",138,138,138,147,149,152,152,152
"Utah","return_normal","Past",2020-05-10,"cumulative_deaths",138,138,138,147,149,152,152,152
"Utah","status_quo","Past",2020-05-10,"cumulative_deaths",138,138,138,147,149,152,152,152
"Utah","linear_increase_sd","Past",2020-05-10,"cumulative_hosps",630,630,630,645,637,667,667,667
"Utah","return_normal","Past",2020-05-10,"cumulative_hosps",630,630,630,645,637,667,667,667
"Utah","status_quo","Past",2020-05-10,"cumulative_hosps",630,630,630,645,637,667,667,667
"Utah","linear_increase_sd","Past",2020-05-10,"daily_all_infections",474,474,474,538,547,591,591,591
"Utah","return_normal","Past",2020-05-10,"daily_all_infections",474,474,474,538,547,591,591,591
"Utah","status_quo","Past",2020-05-10,"daily_all_infections",474,474,474,538,547,591,591,591
"Utah","linear_increase_sd","Past",2020-05-10,"daily_cases",143,143,143,151,147,162,162,162
"Utah","return_normal","Past",2020-05-10,"daily_cases",143,143,143,151,147,162,162,162
"Utah","status_quo","Past",2020-05-10,"daily_cases",143,143,143,151,147,162,162,162
"Utah","linear_increase_sd","Past",2020-05-10,"daily_deaths",3,3,3,3,3,3,3,3
"Utah","return_normal","Past",2020-05-10,"daily_deaths",3,3,3,3,3,3,3,3
"Utah","status_quo","Past",2020-05-10,"daily_deaths",3,3,3,3,3,3,3,3
"Utah","linear_increase_sd","Past",2020-05-10,"daily_hosps",16,16,16,17,16,17,17,17
"Utah","return_normal","Past",2020-05-10,"daily_hosps",16,16,16,17,16,17,17,17
"Utah","status_quo","Past",2020-05-10,"daily_hosps",16,16,16,17,16,17,17,17
"Utah","linear_increase_sd","Past",2020-05-10,"latent_trend",NA,NA,NA,0.488465145911797,NA,NA,NA,NA
"Utah","return_normal","Past",2020-05-10,"latent_trend",NA,NA,NA,0.488465145911797,NA,NA,NA,NA
"Utah","status_quo","Past",2020-05-10,"latent_trend",NA,NA,NA,0.488465145911797,NA,NA,NA,NA
"Utah","linear_increase_sd","Past",2020-05-10,"mobility_trend",NA,NA,NA,0.807911009069477,NA,NA,NA,NA
"Utah","return_normal","Past",2020-05-10,"mobility_trend",NA,NA,NA,0.807911009069477,NA,NA,NA,NA
"Utah","status_quo","Past",2020-05-10,"mobility_trend",NA,NA,NA,0.807911009069477,NA,NA,NA,NA
"Utah",NA,"Past",2020-05-11,"actual_cumulative_cases",NA,NA,NA,6362,NA,NA,NA,NA
"Utah",NA,"Past",2020-05-11,"actual_cumulative_deaths",NA,NA,NA,73,NA,NA,NA,NA
"Utah",NA,"Past",2020-05-11,"actual_daily_cases",NA,NA,NA,111,NA,NA,NA,NA
"Utah",NA,"Past",2020-05-11,"actual_daily_deaths",NA,NA,NA,1,NA,NA,NA,NA
"Utah","linear_increase_sd","Past",2020-05-11,"combined_trend",NA,NA,NA,0.394393362943364,NA,NA,NA,NA
"Utah","return_normal","Past",2020-05-11,"combined_trend",NA,NA,NA,0.394393362943364,NA,NA,NA,NA
"Utah","status_quo","Past",2020-05-11,"combined_trend",NA,NA,NA,0.394393362943364,NA,NA,NA,NA
"Utah","linear_increase_sd","Past",2020-05-11,"cumulative_all_infections",25050,25050,25050,26150,25952,27446,27446,27446
"Utah","return_normal","Past",2020-05-11,"cumulative_all_infections",25050,25050,25050,26150,25952,27446,27446,27446
"Utah","status_quo","Past",2020-05-11,"cumulative_all_infections",25050,25050,25050,26150,25952,27446,27446,27446
"Utah","linear_increase_sd","Past",2020-05-11,"cumulative_cases",5925,5925,5925,6022,5945,6196,6196,6196
"Utah","return_normal","Past",2020-05-11,"cumulative_cases",5925,5925,5925,6022,5945,6196,6196,6196
"Utah","status_quo","Past",2020-05-11,"cumulative_cases",5925,5925,5925,6022,5945,6196,6196,6196
"Utah","linear_increase_sd","Past",2020-05-11,"cumulative_deaths",141,141,141,149,151,154,154,154
"Utah","return_normal","Past",2020-05-11,"cumulative_deaths",141,141,141,149,151,154,154,154
"Utah","status_quo","Past",2020-05-11,"cumulative_deaths",141,141,141,149,151,154,154,154
"Utah","linear_increase_sd","Past",2020-05-11,"cumulative_hosps",645,645,645,661,653,684,684,684
"Utah","return_normal","Past",2020-05-11,"cumulative_hosps",645,645,645,661,653,684,684,684
"Utah","status_quo","Past",2020-05-11,"cumulative_hosps",645,645,645,661,653,684,684,684
"Utah","linear_increase_sd","Past",2020-05-11,"daily_all_infections",482,482,482,549,559,605,605,605
"Utah","return_normal","Past",2020-05-11,"daily_all_infections",482,482,482,549,559,605,605,605
"Utah","status_quo","Past",2020-05-11,"daily_all_infections",482,482,482,549,559,605,605,605
"Utah","linear_increase_sd","Past",2020-05-11,"daily_cases",128,128,128,151,160,163,163,163
"Utah","return_normal","Past",2020-05-11,"daily_cases",128,128,128,151,160,163,163,163
"Utah","status_quo","Past",2020-05-11,"daily_cases",128,128,128,151,160,163,163,163
"Utah","linear_increase_sd","Past",2020-05-11,"daily_deaths",2,2,2,3,2,3,3,3
"Utah","return_normal","Past",2020-05-11,"daily_deaths",2,2,2,3,2,3,3,3
"Utah","status_quo","Past",2020-05-11,"daily_deaths",2,2,2,3,2,3,3,3
"Utah","linear_increase_sd","Past",2020-05-11,"daily_hosps",15,15,15,16,16,17,17,17
"Utah","return_normal","Past",2020-05-11,"daily_hosps",15,15,15,16,16,17,17,17
"Utah","status_quo","Past",2020-05-11,"daily_hosps",15,15,15,16,16,17,17,17
"Utah","linear_increase_sd","Past",2020-05-11,"latent_trend",NA,NA,NA,0.48331531213058,NA,NA,NA,NA
"Utah","return_normal","Past",2020-05-11,"latent_trend",NA,NA,NA,0.48331531213058,NA,NA,NA,NA
"Utah","status_quo","Past",2020-05-11,"latent_trend",NA,NA,NA,0.48331531213058,NA,NA,NA,NA
"Utah","linear_increase_sd","Past",2020-05-11,"mobility_trend",NA,NA,NA,0.81601669354272,NA,NA,NA,NA
"Utah","return_normal","Past",2020-05-11,"mobility_trend",NA,NA,NA,0.81601669354272,NA,NA,NA,NA
"Utah","status_quo","Past",2020-05-11,"mobility_trend",NA,NA,NA,0.81601669354272,NA,NA,NA,NA
"Utah",NA,"Past",2020-05-12,"actual_cumulative_cases",NA,NA,NA,6432,NA,NA,NA,NA
"Utah",NA,"Past",2020-05-12,"actual_cumulative_deaths",NA,NA,NA,78,NA,NA,NA,NA
"Utah",NA,"Past",2020-05-12,"actual_daily_cases",NA,NA,NA,70,NA,NA,NA,NA
"Utah",NA,"Past",2020-05-12,"actual_daily_deaths",NA,NA,NA,5,NA,NA,NA,NA
"Utah","linear_increase_sd","Past",2020-05-12,"combined_trend",NA,NA,NA,0.393786687704448,NA,NA,NA,NA
"Utah","return_normal","Past",2020-05-12,"combined_trend",NA,NA,NA,0.393786687704448,NA,NA,NA,NA
"Utah","status_quo","Past",2020-05-12,"combined_trend",NA,NA,NA,0.393786687704448,NA,NA,NA,NA
"Utah","linear_increase_sd","Past",2020-05-12,"cumulative_all_infections",25543,25543,25543,26707,26517,28061,28061,28061
"Utah","return_normal","Past",2020-05-12,"cumulative_all_infections",25543,25543,25543,26707,26517,28061,28061,28061
"Utah","status_quo","Past",2020-05-12,"cumulative_all_infections",25543,25543,25543,26707,26517,28061,28061,28061
"Utah","linear_increase_sd","Past",2020-05-12,"cumulative_cases",6055,6055,6055,6174,6104,6362,6362,6362
"Utah","return_normal","Past",2020-05-12,"cumulative_cases",6055,6055,6055,6174,6104,6362,6362,6362
"Utah","status_quo","Past",2020-05-12,"cumulative_cases",6055,6055,6055,6174,6104,6362,6362,6362
"Utah","linear_increase_sd","Past",2020-05-12,"cumulative_deaths",144,144,144,152,154,157,157,157
"Utah","return_normal","Past",2020-05-12,"cumulative_deaths",144,144,144,152,154,157,157,157
"Utah","status_quo","Past",2020-05-12,"cumulative_deaths",144,144,144,152,154,157,157,157
"Utah","linear_increase_sd","Past",2020-05-12,"cumulative_hosps",661,661,661,677,669,701,701,701
"Utah","return_normal","Past",2020-05-12,"cumulative_hosps",661,661,661,677,669,701,701,701
"Utah","status_quo","Past",2020-05-12,"cumulative_hosps",661,661,661,677,669,701,701,701
"Utah","linear_increase_sd","Past",2020-05-12,"daily_all_infections",493,493,493,558,565,615,615,615
"Utah","return_normal","Past",2020-05-12,"daily_all_infections",493,493,493,558,565,615,615,615
"Utah","status_quo","Past",2020-05-12,"daily_all_infections",493,493,493,558,565,615,615,615
"Utah","linear_increase_sd","Past",2020-05-12,"daily_cases",130,130,130,152,159,166,166,166
"Utah","return_normal","Past",2020-05-12,"daily_cases",130,130,130,152,159,166,166,166
"Utah","status_quo","Past",2020-05-12,"daily_cases",130,130,130,152,159,166,166,166
"Utah","linear_increase_sd","Past",2020-05-12,"daily_deaths",3,3,3,3,3,3,3,3
"Utah","return_normal","Past",2020-05-12,"daily_deaths",3,3,3,3,3,3,3,3
"Utah","status_quo","Past",2020-05-12,"daily_deaths",3,3,3,3,3,3,3,3
"Utah","linear_increase_sd","Past",2020-05-12,"daily_hosps",16,16,16,17,16,17,17,17
"Utah","return_normal","Past",2020-05-12,"daily_hosps",16,16,16,17,16,17,17,17
"Utah","status_quo","Past",2020-05-12,"daily_hosps",16,16,16,17,16,17,17,17
"Utah","linear_increase_sd","Past",2020-05-12,"latent_trend",NA,NA,NA,0.478017266945511,NA,NA,NA,NA
"Utah","return_normal","Past",2020-05-12,"latent_trend",NA,NA,NA,0.478017266945511,NA,NA,NA,NA
"Utah","status_quo","Past",2020-05-12,"latent_trend",NA,NA,NA,0.478017266945511,NA,NA,NA,NA
"Utah","linear_increase_sd","Past",2020-05-12,"mobility_trend",NA,NA,NA,0.823791764303226,NA,NA,NA,NA
"Utah","return_normal","Past",2020-05-12,"mobility_trend",NA,NA,NA,0.823791764303226,NA,NA,NA,NA
"Utah","status_quo","Past",2020-05-12,"mobility_trend",NA,NA,NA,0.823791764303226,NA,NA,NA,NA
"Utah",NA,"Past",2020-05-13,"actual_cumulative_cases",NA,NA,NA,6620,NA,NA,NA,NA
"Utah",NA,"Past",2020-05-13,"actual_cumulative_deaths",NA,NA,NA,80,NA,NA,NA,NA
"Utah",NA,"Past",2020-05-13,"actual_daily_cases",NA,NA,NA,188,NA,NA,NA,NA
"Utah",NA,"Past",2020-05-13,"actual_daily_deaths",NA,NA,NA,2,NA,NA,NA,NA
"Utah","linear_increase_sd","Past",2020-05-13,"combined_trend",NA,NA,NA,0.392873031971167,NA,NA,NA,NA
"Utah","return_normal","Past",2020-05-13,"combined_trend",NA,NA,NA,0.392873031971167,NA,NA,NA,NA
"Utah","status_quo","Past",2020-05-13,"combined_trend",NA,NA,NA,0.392873031971167,NA,NA,NA,NA
"Utah","linear_increase_sd","Past",2020-05-13,"cumulative_all_infections",26045,26045,26045,27277,27098,28686,28686,28686
"Utah","return_normal","Past",2020-05-13,"cumulative_all_infections",26045,26045,26045,27277,27098,28686,28686,28686
"Utah","status_quo","Past",2020-05-13,"cumulative_all_infections",26045,26045,26045,27277,27098,28686,28686,28686
"Utah","linear_increase_sd","Past",2020-05-13,"cumulative_cases",6195,6195,6195,6329,6249,6542,6542,6542
"Utah","return_normal","Past",2020-05-13,"cumulative_cases",6195,6195,6195,6329,6249,6542,6542,6542
"Utah","status_quo","Past",2020-05-13,"cumulative_cases",6195,6195,6195,6329,6249,6542,6542,6542
"Utah","linear_increase_sd","Past",2020-05-13,"cumulative_deaths",147,147,147,155,156,160,160,160
"Utah","return_normal","Past",2020-05-13,"cumulative_deaths",147,147,147,155,156,160,160,160
"Utah","status_quo","Past",2020-05-13,"cumulative_deaths",147,147,147,155,156,160,160,160
"Utah","linear_increase_sd","Past",2020-05-13,"cumulative_hosps",677,677,677,694,686,719,719,719
"Utah","return_normal","Past",2020-05-13,"cumulative_hosps",677,677,677,694,686,719,719,719
"Utah","status_quo","Past",2020-05-13,"cumulative_hosps",677,677,677,694,686,719,719,719
"Utah","linear_increase_sd","Past",2020-05-13,"daily_all_infections",502,502,502,570,581,625,625,625
"Utah","return_normal","Past",2020-05-13,"daily_all_infections",502,502,502,570,581,625,625,625
"Utah","status_quo","Past",2020-05-13,"daily_all_infections",502,502,502,570,581,625,625,625
"Utah","linear_increase_sd","Past",2020-05-13,"daily_cases",140,140,140,155,145,180,180,180
"Utah","return_normal","Past",2020-05-13,"daily_cases",140,140,140,155,145,180,180,180
"Utah","status_quo","Past",2020-05-13,"daily_cases",140,140,140,155,145,180,180,180
"Utah","linear_increase_sd","Past",2020-05-13,"daily_deaths",2,2,2,3,3,3,3,3
"Utah","return_normal","Past",2020-05-13,"daily_deaths",2,2,2,3,3,3,3,3
"Utah","status_quo","Past",2020-05-13,"daily_deaths",2,2,2,3,3,3,3,3
"Utah","linear_increase_sd","Past",2020-05-13,"daily_hosps",16,16,16,17,17,18,18,18
"Utah","return_normal","Past",2020-05-13,"daily_hosps",16,16,16,17,17,18,18,18
"Utah","status_quo","Past",2020-05-13,"daily_hosps",16,16,16,17,17,18,18,18
"Utah","linear_increase_sd","Past",2020-05-13,"latent_trend",NA,NA,NA,0.472651208248535,NA,NA,NA,NA
"Utah","return_normal","Past",2020-05-13,"latent_trend",NA,NA,NA,0.472651208248535,NA,NA,NA,NA
"Utah","status_quo","Past",2020-05-13,"latent_trend",NA,NA,NA,0.472651208248535,NA,NA,NA,NA
"Utah","linear_increase_sd","Past",2020-05-13,"mobility_trend",NA,NA,NA,0.831211314209912,NA,NA,NA,NA
"Utah","return_normal","Past",2020-05-13,"mobility_trend",NA,NA,NA,0.831211314209912,NA,NA,NA,NA
"Utah","status_quo","Past",2020-05-13,"mobility_trend",NA,NA,NA,0.831211314209912,NA,NA,NA,NA
"Utah",NA,"Past",2020-05-14,"actual_cumulative_cases",NA,NA,NA,6749,NA,NA,NA,NA
"Utah",NA,"Past",2020-05-14,"actual_cumulative_deaths",NA,NA,NA,80,NA,NA,NA,NA
"Utah",NA,"Past",2020-05-14,"actual_daily_cases",NA,NA,NA,129,NA,NA,NA,NA
"Utah",NA,"Past",2020-05-14,"actual_daily_deaths",NA,NA,NA,0,NA,NA,NA,NA
"Utah","linear_increase_sd","Past",2020-05-14,"combined_trend",NA,NA,NA,0.391711251109478,NA,NA,NA,NA
"Utah","return_normal","Past",2020-05-14,"combined_trend",NA,NA,NA,0.391711251109478,NA,NA,NA,NA
"Utah","status_quo","Past",2020-05-14,"combined_trend",NA,NA,NA,0.391711251109478,NA,NA,NA,NA
"Utah","linear_increase_sd","Past",2020-05-14,"cumulative_all_infections",26554,26554,26554,27853,27687,29316,29316,29316
"Utah","return_normal","Past",2020-05-14,"cumulative_all_infections",26554,26554,26554,27853,27687,29316,29316,29316
"Utah","status_quo","Past",2020-05-14,"cumulative_all_infections",26554,26554,26554,27853,27687,29316,29316,29316
"Utah","linear_increase_sd","Past",2020-05-14,"cumulative_cases",6348,6348,6348,6489,6397,6721,6721,6721
"Utah","return_normal","Past",2020-05-14,"cumulative_cases",6348,6348,6348,6489,6397,6721,6721,6721
"Utah","status_quo","Past",2020-05-14,"cumulative_cases",6348,6348,6348,6489,6397,6721,6721,6721
"Utah","linear_increase_sd","Past",2020-05-14,"cumulative_deaths",150,150,150,158,159,163,163,163
"Utah","return_normal","Past",2020-05-14,"cumulative_deaths",150,150,150,158,159,163,163,163
"Utah","status_quo","Past",2020-05-14,"cumulative_deaths",150,150,150,158,159,163,163,163
"Utah","linear_increase_sd","Past",2020-05-14,"cumulative_hosps",693,693,693,712,703,738,738,738
"Utah","return_normal","Past",2020-05-14,"cumulative_hosps",693,693,693,712,703,738,738,738
"Utah","status_quo","Past",2020-05-14,"cumulative_hosps",693,693,693,712,703,738,738,738
"Utah","linear_increase_sd","Past",2020-05-14,"daily_all_infections",509,509,509,576,589,630,630,630
"Utah","return_normal","Past",2020-05-14,"daily_all_infections",509,509,509,576,589,630,630,630
"Utah","status_quo","Past",2020-05-14,"daily_all_infections",509,509,509,576,589,630,630,630
"Utah","linear_increase_sd","Past",2020-05-14,"daily_cases",148,148,148,160,153,179,179,179
"Utah","return_normal","Past",2020-05-14,"daily_cases",148,148,148,160,153,179,179,179
"Utah","status_quo","Past",2020-05-14,"daily_cases",148,148,148,160,153,179,179,179
"Utah","linear_increase_sd","Past",2020-05-14,"daily_deaths",3,3,3,3,3,3,3,3
"Utah","return_normal","Past",2020-05-14,"daily_deaths",3,3,3,3,3,3,3,3
"Utah","status_quo","Past",2020-05-14,"daily_deaths",3,3,3,3,3,3,3,3
"Utah","linear_increase_sd","Past",2020-05-14,"daily_hosps",16,16,16,18,17,19,19,19
"Utah","return_normal","Past",2020-05-14,"daily_hosps",16,16,16,18,17,19,19,19
"Utah","status_quo","Past",2020-05-14,"daily_hosps",16,16,16,18,17,19,19,19
"Utah","linear_increase_sd","Past",2020-05-14,"latent_trend",NA,NA,NA,0.467297135106825,NA,NA,NA,NA
"Utah","return_normal","Past",2020-05-14,"latent_trend",NA,NA,NA,0.467297135106825,NA,NA,NA,NA
"Utah","status_quo","Past",2020-05-14,"latent_trend",NA,NA,NA,0.467297135106825,NA,NA,NA,NA
"Utah","linear_increase_sd","Past",2020-05-14,"mobility_trend",NA,NA,NA,0.838248775096666,NA,NA,NA,NA
"Utah","return_normal","Past",2020-05-14,"mobility_trend",NA,NA,NA,0.838248775096666,NA,NA,NA,NA
"Utah","status_quo","Past",2020-05-14,"mobility_trend",NA,NA,NA,0.838248775096666,NA,NA,NA,NA
"Utah",NA,"Past",2020-05-15,"actual_cumulative_cases",NA,NA,NA,6913,NA,NA,NA,NA
"Utah",NA,"Past",2020-05-15,"actual_cumulative_deaths",NA,NA,NA,82,NA,NA,NA,NA
"Utah",NA,"Past",2020-05-15,"actual_daily_cases",NA,NA,NA,164,NA,NA,NA,NA
"Utah",NA,"Past",2020-05-15,"actual_daily_deaths",NA,NA,NA,2,NA,NA,NA,NA
"Utah","linear_increase_sd","Past",2020-05-15,"combined_trend",NA,NA,NA,0.390362536998903,NA,NA,NA,NA
"Utah","return_normal","Past",2020-05-15,"combined_trend",NA,NA,NA,0.390362536998903,NA,NA,NA,NA
"Utah","status_quo","Past",2020-05-15,"combined_trend",NA,NA,NA,0.390362536998903,NA,NA,NA,NA
"Utah","linear_increase_sd","Past",2020-05-15,"cumulative_all_infections",27075,27075,27075,28438,28286,29953,29953,29953
"Utah","return_normal","Past",2020-05-15,"cumulative_all_infections",27075,27075,27075,28438,28286,29953,29953,29953
"Utah","status_quo","Past",2020-05-15,"cumulative_all_infections",27075,27075,27075,28438,28286,29953,29953,29953
"Utah","linear_increase_sd","Past",2020-05-15,"cumulative_cases",6502,6502,6502,6661,6579,6900,6900,6900
"Utah","return_normal","Past",2020-05-15,"cumulative_cases",6502,6502,6502,6661,6579,6900,6900,6900
"Utah","status_quo","Past",2020-05-15,"cumulative_cases",6502,6502,6502,6661,6579,6900,6900,6900
"Utah","linear_increase_sd","Past",2020-05-15,"cumulative_deaths",153,153,153,161,162,166,166,166
"Utah","return_normal","Past",2020-05-15,"cumulative_deaths",153,153,153,161,162,166,166,166
"Utah","status_quo","Past",2020-05-15,"cumulative_deaths",153,153,153,161,162,166,166,166
"Utah","linear_increase_sd","Past",2020-05-15,"cumulative_hosps",710,710,710,730,721,757,757,757
"Utah","return_normal","Past",2020-05-15,"cumulative_hosps",710,710,710,730,721,757,757,757
"Utah","status_quo","Past",2020-05-15,"cumulative_hosps",710,710,710,730,721,757,757,757
"Utah","linear_increase_sd","Past",2020-05-15,"daily_all_infections",521,521,521,586,599,637,637,637
"Utah","return_normal","Past",2020-05-15,"daily_all_infections",521,521,521,586,599,637,637,637
"Utah","status_quo","Past",2020-05-15,"daily_all_infections",521,521,521,586,599,637,637,637
"Utah","linear_increase_sd","Past",2020-05-15,"daily_cases",154,154,154,172,179,182,182,182
"Utah","return_normal","Past",2020-05-15,"daily_cases",154,154,154,172,179,182,182,182
"Utah","status_quo","Past",2020-05-15,"daily_cases",154,154,154,172,179,182,182,182
"Utah","linear_increase_sd","Past",2020-05-15,"daily_deaths",3,3,3,3,3,3,3,3
"Utah","return_normal","Past",2020-05-15,"daily_deaths",3,3,3,3,3,3,3,3
"Utah","status_quo","Past",2020-05-15,"daily_deaths",3,3,3,3,3,3,3,3
"Utah","linear_increase_sd","Past",2020-05-15,"daily_hosps",17,17,17,18,18,19,19,19
"Utah","return_normal","Past",2020-05-15,"daily_hosps",17,17,17,18,18,19,19,19
"Utah","status_quo","Past",2020-05-15,"daily_hosps",17,17,17,18,18,19,19,19
"Utah","linear_increase_sd","Past",2020-05-15,"latent_trend",NA,NA,NA,0.462034664734911,NA,NA,NA,NA
"Utah","return_normal","Past",2020-05-15,"latent_trend",NA,NA,NA,0.462034664734911,NA,NA,NA,NA
"Utah","status_quo","Past",2020-05-15,"latent_trend",NA,NA,NA,0.462034664734911,NA,NA,NA,NA
"Utah","linear_increase_sd","Past",2020-05-15,"mobility_trend",NA,NA,NA,0.844877163541117,NA,NA,NA,NA
"Utah","return_normal","Past",2020-05-15,"mobility_trend",NA,NA,NA,0.844877163541117,NA,NA,NA,NA
"Utah","status_quo","Past",2020-05-15,"mobility_trend",NA,NA,NA,0.844877163541117,NA,NA,NA,NA
"Utah",NA,"Past",2020-05-16,"actual_cumulative_cases",NA,NA,NA,7068,NA,NA,NA,NA
"Utah",NA,"Past",2020-05-16,"actual_cumulative_deaths",NA,NA,NA,83,NA,NA,NA,NA
"Utah",NA,"Past",2020-05-16,"actual_daily_cases",NA,NA,NA,155,NA,NA,NA,NA
"Utah",NA,"Past",2020-05-16,"actual_daily_deaths",NA,NA,NA,1,NA,NA,NA,NA
"Utah","linear_increase_sd","Past",2020-05-16,"combined_trend",NA,NA,NA,0.388890134569339,NA,NA,NA,NA
"Utah","return_normal","Past",2020-05-16,"combined_trend",NA,NA,NA,0.388890134569339,NA,NA,NA,NA
"Utah","status_quo","Past",2020-05-16,"combined_trend",NA,NA,NA,0.388890134569339,NA,NA,NA,NA
"Utah","linear_increase_sd","Past",2020-05-16,"cumulative_all_infections",27609,27609,27609,29033,28889,30600,30600,30600
"Utah","return_normal","Past",2020-05-16,"cumulative_all_infections",27609,27609,27609,29033,28889,30600,30600,30600
"Utah","status_quo","Past",2020-05-16,"cumulative_all_infections",27609,27609,27609,29033,28889,30600,30600,30600
"Utah","linear_increase_sd","Past",2020-05-16,"cumulative_cases",6649,6649,6649,6823,6744,7076,7076,7076
"Utah","return_normal","Past",2020-05-16,"cumulative_cases",6649,6649,6649,6823,6744,7076,7076,7076
"Utah","status_quo","Past",2020-05-16,"cumulative_cases",6649,6649,6649,6823,6744,7076,7076,7076
"Utah","linear_increase_sd","Past",2020-05-16,"cumulative_deaths",156,156,156,164,165,170,170,170
"Utah","return_normal","Past",2020-05-16,"cumulative_deaths",156,156,156,164,165,170,170,170
"Utah","status_quo","Past",2020-05-16,"cumulative_deaths",156,156,156,164,165,170,170,170
"Utah","linear_increase_sd","Past",2020-05-16,"cumulative_hosps",726,726,726,747,739,776,776,776
"Utah","return_normal","Past",2020-05-16,"cumulative_hosps",726,726,726,747,739,776,776,776
"Utah","status_quo","Past",2020-05-16,"cumulative_hosps",726,726,726,747,739,776,776,776
"Utah","linear_increase_sd","Past",2020-05-16,"daily_all_infections",534,534,534,595,603,647,647,647
"Utah","return_normal","Past",2020-05-16,"daily_all_infections",534,534,534,595,603,647,647,647
"Utah","status_quo","Past",2020-05-16,"daily_all_infections",534,534,534,595,603,647,647,647
"Utah","linear_increase_sd","Past",2020-05-16,"daily_cases",147,147,147,163,165,176,176,176
"Utah","return_normal","Past",2020-05-16,"daily_cases",147,147,147,163,165,176,176,176
"Utah","status_quo","Past",2020-05-16,"daily_cases",147,147,147,163,165,176,176,176
"Utah","linear_increase_sd","Past",2020-05-16,"daily_deaths",3,3,3,4,3,4,4,4
"Utah","return_normal","Past",2020-05-16,"daily_deaths",3,3,3,4,3,4,4,4
"Utah","status_quo","Past",2020-05-16,"daily_deaths",3,3,3,4,3,4,4,4
"Utah","linear_increase_sd","Past",2020-05-16,"daily_hosps",16,16,16,18,18,19,19,19
"Utah","return_normal","Past",2020-05-16,"daily_hosps",16,16,16,18,18,19,19,19
"Utah","status_quo","Past",2020-05-16,"daily_hosps",16,16,16,18,18,19,19,19
"Utah","linear_increase_sd","Past",2020-05-16,"latent_trend",NA,NA,NA,0.456942865819854,NA,NA,NA,NA
"Utah","return_normal","Past",2020-05-16,"latent_trend",NA,NA,NA,0.456942865819854,NA,NA,NA,NA
"Utah","status_quo","Past",2020-05-16,"latent_trend",NA,NA,NA,0.456942865819854,NA,NA,NA,NA
"Utah","linear_increase_sd","Past",2020-05-16,"mobility_trend",NA,NA,NA,0.851069496120891,NA,NA,NA,NA
"Utah","return_normal","Past",2020-05-16,"mobility_trend",NA,NA,NA,0.851069496120891,NA,NA,NA,NA
"Utah","status_quo","Past",2020-05-16,"mobility_trend",NA,NA,NA,0.851069496120891,NA,NA,NA,NA
"Utah",NA,"Past",2020-05-17,"actual_cumulative_cases",NA,NA,NA,7238,NA,NA,NA,NA
"Utah",NA,"Past",2020-05-17,"actual_cumulative_deaths",NA,NA,NA,85,NA,NA,NA,NA
"Utah",NA,"Past",2020-05-17,"actual_daily_cases",NA,NA,NA,170,NA,NA,NA,NA
"Utah",NA,"Past",2020-05-17,"actual_daily_deaths",NA,NA,NA,2,NA,NA,NA,NA
"Utah","linear_increase_sd","Past",2020-05-17,"combined_trend",NA,NA,NA,0.387358880663917,NA,NA,NA,NA
"Utah","return_normal","Past",2020-05-17,"combined_trend",NA,NA,NA,0.387358880663917,NA,NA,NA,NA
"Utah","status_quo","Past",2020-05-17,"combined_trend",NA,NA,NA,0.387358880663917,NA,NA,NA,NA
"Utah","linear_increase_sd","Past",2020-05-17,"cumulative_all_infections",28148,28148,28148,29632,29499,31248,31248,31248
"Utah","return_normal","Past",2020-05-17,"cumulative_all_infections",28148,28148,28148,29632,29499,31248,31248,31248
"Utah","status_quo","Past",2020-05-17,"cumulative_all_infections",28148,28148,28148,29632,29499,31248,31248,31248
"Utah","linear_increase_sd","Past",2020-05-17,"cumulative_cases",6811,6811,6811,7004,6942,7259,7259,7259
"Utah","return_normal","Past",2020-05-17,"cumulative_cases",6811,6811,6811,7004,6942,7259,7259,7259
"Utah","status_quo","Past",2020-05-17,"cumulative_cases",6811,6811,6811,7004,6942,7259,7259,7259
"Utah","linear_increase_sd","Past",2020-05-17,"cumulative_deaths",159,159,159,167,168,173,173,173
"Utah","return_normal","Past",2020-05-17,"cumulative_deaths",159,159,159,167,168,173,173,173
"Utah","status_quo","Past",2020-05-17,"cumulative_deaths",159,159,159,167,168,173,173,173
"Utah","linear_increase_sd","Past",2020-05-17,"cumulative_hosps",743,743,743,766,758,797,797,797
"Utah","return_normal","Past",2020-05-17,"cumulative_hosps",743,743,743,766,758,797,797,797
"Utah","status_quo","Past",2020-05-17,"cumulative_hosps",743,743,743,766,758,797,797,797
"Utah","linear_increase_sd","Past",2020-05-17,"daily_all_infections",539,539,539,599,610,648,648,648
"Utah","return_normal","Past",2020-05-17,"daily_all_infections",539,539,539,599,610,648,648,648
"Utah","status_quo","Past",2020-05-17,"daily_all_infections",539,539,539,599,610,648,648,648
"Utah","linear_increase_sd","Past",2020-05-17,"daily_cases",162,162,162,181,183,198,198,198
"Utah","return_normal","Past",2020-05-17,"daily_cases",162,162,162,181,183,198,198,198
"Utah","status_quo","Past",2020-05-17,"daily_cases",162,162,162,181,183,198,198,198
"Utah","linear_increase_sd","Past",2020-05-17,"daily_deaths",3,3,3,3,3,3,3,3
"Utah","return_normal","Past",2020-05-17,"daily_deaths",3,3,3,3,3,3,3,3
"Utah","status_quo","Past",2020-05-17,"daily_deaths",3,3,3,3,3,3,3,3
"Utah","linear_increase_sd","Past",2020-05-17,"daily_hosps",17,17,17,19,19,21,21,21
"Utah","return_normal","Past",2020-05-17,"daily_hosps",17,17,17,19,19,21,21,21
"Utah","status_quo","Past",2020-05-17,"daily_hosps",17,17,17,19,19,21,21,21
"Utah","linear_increase_sd","Past",2020-05-17,"latent_trend",NA,NA,NA,0.452100126564398,NA,NA,NA,NA
"Utah","return_normal","Past",2020-05-17,"latent_trend",NA,NA,NA,0.452100126564398,NA,NA,NA,NA
"Utah","status_quo","Past",2020-05-17,"latent_trend",NA,NA,NA,0.452100126564398,NA,NA,NA,NA
"Utah","linear_increase_sd","Past",2020-05-17,"mobility_trend",NA,NA,NA,0.856798876849552,NA,NA,NA,NA
"Utah","return_normal","Past",2020-05-17,"mobility_trend",NA,NA,NA,0.856798876849552,NA,NA,NA,NA
"Utah","status_quo","Past",2020-05-17,"mobility_trend",NA,NA,NA,0.856798876849552,NA,NA,NA,NA
"Utah",NA,"Past",2020-05-18,"actual_cumulative_cases",NA,NA,NA,7384,NA,NA,NA,NA
"Utah",NA,"Past",2020-05-18,"actual_cumulative_deaths",NA,NA,NA,85,NA,NA,NA,NA
"Utah",NA,"Past",2020-05-18,"actual_daily_cases",NA,NA,NA,146,NA,NA,NA,NA
"Utah",NA,"Past",2020-05-18,"actual_daily_deaths",NA,NA,NA,0,NA,NA,NA,NA
"Utah","linear_increase_sd","Past",2020-05-18,"combined_trend",NA,NA,NA,0.385834820044957,NA,NA,NA,NA
"Utah","return_normal","Past",2020-05-18,"combined_trend",NA,NA,NA,0.385834820044957,NA,NA,NA,NA
"Utah","status_quo","Past",2020-05-18,"combined_trend",NA,NA,NA,0.385834820044957,NA,NA,NA,NA
"Utah","linear_increase_sd","Past",2020-05-18,"cumulative_all_infections",28710,28710,28710,30243,30122,31895,31895,31895
"Utah","return_normal","Past",2020-05-18,"cumulative_all_infections",28710,28710,28710,30243,30122,31895,31895,31895
"Utah","status_quo","Past",2020-05-18,"cumulative_all_infections",28710,28710,28710,30243,30122,31895,31895,31895
"Utah","linear_increase_sd","Past",2020-05-18,"cumulative_cases",6973,6973,6973,7184,7126,7452,7452,7452
"Utah","return_normal","Past",2020-05-18,"cumulative_cases",6973,6973,6973,7184,7126,7452,7452,7452
"Utah","status_quo","Past",2020-05-18,"cumulative_cases",6973,6973,6973,7184,7126,7452,7452,7452
"Utah","linear_increase_sd","Past",2020-05-18,"cumulative_deaths",161,161,161,170,171,176,176,176
"Utah","return_normal","Past",2020-05-18,"cumulative_deaths",161,161,161,170,171,176,176,176
"Utah","status_quo","Past",2020-05-18,"cumulative_deaths",161,161,161,170,171,176,176,176
"Utah","linear_increase_sd","Past",2020-05-18,"cumulative_hosps",760,760,760,785,777,818,818,818
"Utah","return_normal","Past",2020-05-18,"cumulative_hosps",760,760,760,785,777,818,818,818
"Utah","status_quo","Past",2020-05-18,"cumulative_hosps",760,760,760,785,777,818,818,818
"Utah","linear_increase_sd","Past",2020-05-18,"daily_all_infections",562,562,562,611,623,647,647,647
"Utah","return_normal","Past",2020-05-18,"daily_all_infections",562,562,562,611,623,647,647,647
"Utah","status_quo","Past",2020-05-18,"daily_all_infections",562,562,562,611,623,647,647,647
"Utah","linear_increase_sd","Past",2020-05-18,"daily_cases",162,162,162,180,184,193,193,193
"Utah","return_normal","Past",2020-05-18,"daily_cases",162,162,162,180,184,193,193,193
"Utah","status_quo","Past",2020-05-18,"daily_cases",162,162,162,180,184,193,193,193
"Utah","linear_increase_sd","Past",2020-05-18,"daily_deaths",2,2,2,3,3,3,3,3
"Utah","return_normal","Past",2020-05-18,"daily_deaths",2,2,2,3,3,3,3,3
"Utah","status_quo","Past",2020-05-18,"daily_deaths",2,2,2,3,3,3,3,3
"Utah","linear_increase_sd","Past",2020-05-18,"daily_hosps",17,17,17,19,19,21,21,21
"Utah","return_normal","Past",2020-05-18,"daily_hosps",17,17,17,19,19,21,21,21
"Utah","status_quo","Past",2020-05-18,"daily_hosps",17,17,17,19,19,21,21,21
"Utah","linear_increase_sd","Past",2020-05-18,"latent_trend",NA,NA,NA,0.447584074149672,NA,NA,NA,NA
"Utah","return_normal","Past",2020-05-18,"latent_trend",NA,NA,NA,0.447584074149672,NA,NA,NA,NA
"Utah","status_quo","Past",2020-05-18,"latent_trend",NA,NA,NA,0.447584074149672,NA,NA,NA,NA
"Utah","linear_increase_sd","Past",2020-05-18,"mobility_trend",NA,NA,NA,0.862038759484401,NA,NA,NA,NA
"Utah","return_normal","Past",2020-05-18,"mobility_trend",NA,NA,NA,0.862038759484401,NA,NA,NA,NA
"Utah","status_quo","Past",2020-05-18,"mobility_trend",NA,NA,NA,0.862038759484401,NA,NA,NA,NA
"Utah",NA,"Past",2020-05-19,"actual_cumulative_cases",NA,NA,NA,7518,NA,NA,NA,NA
"Utah",NA,"Past",2020-05-19,"actual_cumulative_deaths",NA,NA,NA,93,NA,NA,NA,NA
"Utah",NA,"Past",2020-05-19,"actual_daily_cases",NA,NA,NA,134,NA,NA,NA,NA
"Utah",NA,"Past",2020-05-19,"actual_daily_deaths",NA,NA,NA,8,NA,NA,NA,NA
"Utah","linear_increase_sd","Past",2020-05-19,"combined_trend",NA,NA,NA,0.384384599752584,NA,NA,NA,NA
"Utah","return_normal","Past",2020-05-19,"combined_trend",NA,NA,NA,0.384384599752584,NA,NA,NA,NA
"Utah","status_quo","Past",2020-05-19,"combined_trend",NA,NA,NA,0.384384599752584,NA,NA,NA,NA
"Utah","linear_increase_sd","Past",2020-05-19,"cumulative_all_infections",29283,29283,29283,30861,30751,32549,32549,32549
"Utah","return_normal","Past",2020-05-19,"cumulative_all_infections",29283,29283,29283,30861,30751,32549,32549,32549
"Utah","status_quo","Past",2020-05-19,"cumulative_all_infections",29283,29283,29283,30861,30751,32549,32549,32549
"Utah","linear_increase_sd","Past",2020-05-19,"cumulative_cases",7133,7133,7133,7362,7320,7632,7632,7632
"Utah","return_normal","Past",2020-05-19,"cumulative_cases",7133,7133,7133,7362,7320,7632,7632,7632
"Utah","status_quo","Past",2020-05-19,"cumulative_cases",7133,7133,7133,7362,7320,7632,7632,7632
"Utah","linear_increase_sd","Past",2020-05-19,"cumulative_deaths",164,164,164,173,174,179,179,179
"Utah","return_normal","Past",2020-05-19,"cumulative_deaths",164,164,164,173,174,179,179,179
"Utah","status_quo","Past",2020-05-19,"cumulative_deaths",164,164,164,173,174,179,179,179
"Utah","linear_increase_sd","Past",2020-05-19,"cumulative_hosps",778,778,778,805,797,839,839,839
"Utah","return_normal","Past",2020-05-19,"cumulative_hosps",778,778,778,805,797,839,839,839
"Utah","status_quo","Past",2020-05-19,"cumulative_hosps",778,778,778,805,797,839,839,839
"Utah","linear_increase_sd","Past",2020-05-19,"daily_all_infections",573,573,573,619,629,654,654,654
"Utah","return_normal","Past",2020-05-19,"daily_all_infections",573,573,573,619,629,654,654,654
"Utah","status_quo","Past",2020-05-19,"daily_all_infections",573,573,573,619,629,654,654,654
"Utah","linear_increase_sd","Past",2020-05-19,"daily_cases",160,160,160,178,180,194,194,194
"Utah","return_normal","Past",2020-05-19,"daily_cases",160,160,160,178,180,194,194,194
"Utah","status_quo","Past",2020-05-19,"daily_cases",160,160,160,178,180,194,194,194
"Utah","linear_increase_sd","Past",2020-05-19,"daily_deaths",3,3,3,3,3,3,3,3
"Utah","return_normal","Past",2020-05-19,"daily_deaths",3,3,3,3,3,3,3,3
"Utah","status_quo","Past",2020-05-19,"daily_deaths",3,3,3,3,3,3,3,3
"Utah","linear_increase_sd","Past",2020-05-19,"daily_hosps",18,18,18,20,20,21,21,21
"Utah","return_normal","Past",2020-05-19,"daily_hosps",18,18,18,20,20,21,21,21
"Utah","status_quo","Past",2020-05-19,"daily_hosps",18,18,18,20,20,21,21,21
"Utah","linear_increase_sd","Past",2020-05-19,"latent_trend",NA,NA,NA,0.443471559525672,NA,NA,NA,NA
"Utah","return_normal","Past",2020-05-19,"latent_trend",NA,NA,NA,0.443471559525672,NA,NA,NA,NA
"Utah","status_quo","Past",2020-05-19,"latent_trend",NA,NA,NA,0.443471559525672,NA,NA,NA,NA
"Utah","linear_increase_sd","Past",2020-05-19,"mobility_trend",NA,NA,NA,0.866762685218673,NA,NA,NA,NA
"Utah","return_normal","Past",2020-05-19,"mobility_trend",NA,NA,NA,0.866762685218673,NA,NA,NA,NA
"Utah","status_quo","Past",2020-05-19,"mobility_trend",NA,NA,NA,0.866762685218673,NA,NA,NA,NA
"Utah",NA,"Past",2020-05-20,"actual_cumulative_cases",NA,NA,NA,7710,NA,NA,NA,NA
"Utah",NA,"Past",2020-05-20,"actual_cumulative_deaths",NA,NA,NA,95,NA,NA,NA,NA
"Utah",NA,"Past",2020-05-20,"actual_daily_cases",NA,NA,NA,192,NA,NA,NA,NA
"Utah",NA,"Past",2020-05-20,"actual_daily_deaths",NA,NA,NA,2,NA,NA,NA,NA
"Utah","linear_increase_sd","Past",2020-05-20,"combined_trend",NA,NA,NA,0.383074977979418,NA,NA,NA,NA
"Utah","return_normal","Past",2020-05-20,"combined_trend",NA,NA,NA,0.383074977979418,NA,NA,NA,NA
"Utah","status_quo","Past",2020-05-20,"combined_trend",NA,NA,NA,0.383074977979418,NA,NA,NA,NA
"Utah","linear_increase_sd","Past",2020-05-20,"cumulative_all_infections",29866,29866,29866,31484,31385,33201,33201,33201
"Utah","return_normal","Past",2020-05-20,"cumulative_all_infections",29866,29866,29866,31484,31385,33201,33201,33201
"Utah","status_quo","Past",2020-05-20,"cumulative_all_infections",29866,29866,29866,31484,31385,33201,33201,33201
"Utah","linear_increase_sd","Past",2020-05-20,"cumulative_cases",7292,7292,7292,7545,7507,7834,7834,7834
"Utah","return_normal","Past",2020-05-20,"cumulative_cases",7292,7292,7292,7545,7507,7834,7834,7834
"Utah","status_quo","Past",2020-05-20,"cumulative_cases",7292,7292,7292,7545,7507,7834,7834,7834
"Utah","linear_increase_sd","Past",2020-05-20,"cumulative_deaths",167,167,167,176,177,182,182,182
"Utah","return_normal","Past",2020-05-20,"cumulative_deaths",167,167,167,176,177,182,182,182
"Utah","status_quo","Past",2020-05-20,"cumulative_deaths",167,167,167,176,177,182,182,182
"Utah","linear_increase_sd","Past",2020-05-20,"cumulative_hosps",795,795,795,825,818,860,860,860
"Utah","return_normal","Past",2020-05-20,"cumulative_hosps",795,795,795,825,818,860,860,860
"Utah","status_quo","Past",2020-05-20,"cumulative_hosps",795,795,795,825,818,860,860,860
"Utah","linear_increase_sd","Past",2020-05-20,"daily_all_infections",583,583,583,623,634,652,652,652
"Utah","return_normal","Past",2020-05-20,"daily_all_infections",583,583,583,623,634,652,652,652
"Utah","status_quo","Past",2020-05-20,"daily_all_infections",583,583,583,623,634,652,652,652
"Utah","linear_increase_sd","Past",2020-05-20,"daily_cases",159,159,159,183,187,202,202,202
"Utah","return_normal","Past",2020-05-20,"daily_cases",159,159,159,183,187,202,202,202
"Utah","status_quo","Past",2020-05-20,"daily_cases",159,159,159,183,187,202,202,202
"Utah","linear_increase_sd","Past",2020-05-20,"daily_deaths",3,3,3,3,3,3,3,3
"Utah","return_normal","Past",2020-05-20,"daily_deaths",3,3,3,3,3,3,3,3
"Utah","status_quo","Past",2020-05-20,"daily_deaths",3,3,3,3,3,3,3,3
"Utah","linear_increase_sd","Past",2020-05-20,"daily_hosps",17,17,17,20,21,21,21,21
"Utah","return_normal","Past",2020-05-20,"daily_hosps",17,17,17,20,21,21,21,21
"Utah","status_quo","Past",2020-05-20,"daily_hosps",17,17,17,20,21,21,21,21
"Utah","linear_increase_sd","Past",2020-05-20,"latent_trend",NA,NA,NA,0.439838717647567,NA,NA,NA,NA
"Utah","return_normal","Past",2020-05-20,"latent_trend",NA,NA,NA,0.439838717647567,NA,NA,NA,NA
"Utah","status_quo","Past",2020-05-20,"latent_trend",NA,NA,NA,0.439838717647567,NA,NA,NA,NA
"Utah","linear_increase_sd","Past",2020-05-20,"mobility_trend",NA,NA,NA,0.870944195245603,NA,NA,NA,NA
"Utah","return_normal","Past",2020-05-20,"mobility_trend",NA,NA,NA,0.870944195245603,NA,NA,NA,NA
"Utah","status_quo","Past",2020-05-20,"mobility_trend",NA,NA,NA,0.870944195245603,NA,NA,NA,NA
"Utah",NA,"Past",2020-05-21,"actual_cumulative_cases",NA,NA,NA,7874,NA,NA,NA,NA
"Utah",NA,"Past",2020-05-21,"actual_cumulative_deaths",NA,NA,NA,97,NA,NA,NA,NA
"Utah",NA,"Past",2020-05-21,"actual_daily_cases",NA,NA,NA,164,NA,NA,NA,NA
"Utah",NA,"Past",2020-05-21,"actual_daily_deaths",NA,NA,NA,2,NA,NA,NA,NA
"Utah","linear_increase_sd","Past",2020-05-21,"combined_trend",NA,NA,NA,0.381972815525005,NA,NA,NA,NA
"Utah","return_normal","Past",2020-05-21,"combined_trend",NA,NA,NA,0.381972815525005,NA,NA,NA,NA
"Utah","status_quo","Past",2020-05-21,"combined_trend",NA,NA,NA,0.381972815525005,NA,NA,NA,NA
"Utah","linear_increase_sd","Past",2020-05-21,"cumulative_all_infections",30469,30469,30469,32118,32024,33860,33860,33860
"Utah","return_normal","Past",2020-05-21,"cumulative_all_infections",30469,30469,30469,32118,32024,33860,33860,33860
"Utah","status_quo","Past",2020-05-21,"cumulative_all_infections",30469,30469,30469,32118,32024,33860,33860,33860
"Utah","linear_increase_sd","Past",2020-05-21,"cumulative_cases",7463,7463,7463,7727,7680,8037,8037,8037
"Utah","return_normal","Past",2020-05-21,"cumulative_cases",7463,7463,7463,7727,7680,8037,8037,8037
"Utah","status_quo","Past",2020-05-21,"cumulative_cases",7463,7463,7463,7727,7680,8037,8037,8037
"Utah","linear_increase_sd","Past",2020-05-21,"cumulative_deaths",170,170,170,179,180,185,185,185
"Utah","return_normal","Past",2020-05-21,"cumulative_deaths",170,170,170,179,180,185,185,185
"Utah","status_quo","Past",2020-05-21,"cumulative_deaths",170,170,170,179,180,185,185,185
"Utah","linear_increase_sd","Past",2020-05-21,"cumulative_hosps",813,813,813,845,839,882,882,882
"Utah","return_normal","Past",2020-05-21,"cumulative_hosps",813,813,813,845,839,882,882,882
"Utah","status_quo","Past",2020-05-21,"cumulative_hosps",813,813,813,845,839,882,882,882
"Utah","linear_increase_sd","Past",2020-05-21,"daily_all_infections",603,603,603,634,639,659,659,659
"Utah","return_normal","Past",2020-05-21,"daily_all_infections",603,603,603,634,639,659,659,659
"Utah","status_quo","Past",2020-05-21,"daily_all_infections",603,603,603,634,639,659,659,659
"Utah","linear_increase_sd","Past",2020-05-21,"daily_cases",171,171,171,183,173,203,203,203
"Utah","return_normal","Past",2020-05-21,"daily_cases",171,171,171,183,173,203,203,203
"Utah","status_quo","Past",2020-05-21,"daily_cases",171,171,171,183,173,203,203,203
"Utah","linear_increase_sd","Past",2020-05-21,"daily_deaths",3,3,3,3,3,3,3,3
"Utah","return_normal","Past",2020-05-21,"daily_deaths",3,3,3,3,3,3,3,3
"Utah","status_quo","Past",2020-05-21,"daily_deaths",3,3,3,3,3,3,3,3
"Utah","linear_increase_sd","Past",2020-05-21,"daily_hosps",18,18,18,21,21,22,22,22
"Utah","return_normal","Past",2020-05-21,"daily_hosps",18,18,18,21,21,22,22,22
"Utah","status_quo","Past",2020-05-21,"daily_hosps",18,18,18,21,21,22,22,22
"Utah","linear_increase_sd","Past",2020-05-21,"latent_trend",NA,NA,NA,0.436761108626494,NA,NA,NA,NA
"Utah","return_normal","Past",2020-05-21,"latent_trend",NA,NA,NA,0.436761108626494,NA,NA,NA,NA
"Utah","status_quo","Past",2020-05-21,"latent_trend",NA,NA,NA,0.436761108626494,NA,NA,NA,NA
"Utah","linear_increase_sd","Past",2020-05-21,"mobility_trend",NA,NA,NA,0.8745577570453,NA,NA,NA,NA
"Utah","return_normal","Past",2020-05-21,"mobility_trend",NA,NA,NA,0.8745577570453,NA,NA,NA,NA
"Utah","status_quo","Past",2020-05-21,"mobility_trend",NA,NA,NA,0.8745577570453,NA,NA,NA,NA
"Utah",NA,"Past",2020-05-22,"actual_cumulative_cases",NA,NA,NA,8057,NA,NA,NA,NA
"Utah",NA,"Past",2020-05-22,"actual_cumulative_deaths",NA,NA,NA,98,NA,NA,NA,NA
"Utah",NA,"Past",2020-05-22,"actual_daily_cases",NA,NA,NA,183,NA,NA,NA,NA
"Utah",NA,"Past",2020-05-22,"actual_daily_deaths",NA,NA,NA,1,NA,NA,NA,NA
"Utah","linear_increase_sd","Past",2020-05-22,"combined_trend",NA,NA,NA,0.381145897602055,NA,NA,NA,NA
"Utah","return_normal","Past",2020-05-22,"combined_trend",NA,NA,NA,0.381145897602055,NA,NA,NA,NA
"Utah","status_quo","Past",2020-05-22,"combined_trend",NA,NA,NA,0.381145897602055,NA,NA,NA,NA
"Utah","linear_increase_sd","Past",2020-05-22,"cumulative_all_infections",31084,31084,31084,32758,32669,34521,34521,34521
"Utah","return_normal","Past",2020-05-22,"cumulative_all_infections",31084,31084,31084,32758,32669,34521,34521,34521
"Utah","status_quo","Past",2020-05-22,"cumulative_all_infections",31084,31084,31084,32758,32669,34521,34521,34521
"Utah","linear_increase_sd","Past",2020-05-22,"cumulative_cases",7634,7634,7634,7916,7862,8252,8252,8252
"Utah","return_normal","Past",2020-05-22,"cumulative_cases",7634,7634,7634,7916,7862,8252,8252,8252
"Utah","status_quo","Past",2020-05-22,"cumulative_cases",7634,7634,7634,7916,7862,8252,8252,8252
"Utah","linear_increase_sd","Past",2020-05-22,"cumulative_deaths",173,173,173,182,182,189,189,189
"Utah","return_normal","Past",2020-05-22,"cumulative_deaths",173,173,173,182,182,189,189,189
"Utah","status_quo","Past",2020-05-22,"cumulative_deaths",173,173,173,182,182,189,189,189
"Utah","linear_increase_sd","Past",2020-05-22,"cumulative_hosps",832,832,832,866,860,905,905,905
"Utah","return_normal","Past",2020-05-22,"cumulative_hosps",832,832,832,866,860,905,905,905
"Utah","status_quo","Past",2020-05-22,"cumulative_hosps",832,832,832,866,860,905,905,905
"Utah","linear_increase_sd","Past",2020-05-22,"daily_all_infections",615,615,615,641,645,661,661,661
"Utah","return_normal","Past",2020-05-22,"daily_all_infections",615,615,615,641,645,661,661,661
"Utah","status_quo","Past",2020-05-22,"daily_all_infections",615,615,615,641,645,661,661,661
"Utah","linear_increase_sd","Past",2020-05-22,"daily_cases",171,171,171,190,182,215,215,215
"Utah","return_normal","Past",2020-05-22,"daily_cases",171,171,171,190,182,215,215,215
"Utah","status_quo","Past",2020-05-22,"daily_cases",171,171,171,190,182,215,215,215
"Utah","linear_increase_sd","Past",2020-05-22,"daily_deaths",2,2,2,3,3,4,4,4
"Utah","return_normal","Past",2020-05-22,"daily_deaths",2,2,2,3,3,4,4,4
"Utah","status_quo","Past",2020-05-22,"daily_deaths",2,2,2,3,3,4,4,4
"Utah","linear_increase_sd","Past",2020-05-22,"daily_hosps",19,19,19,21,21,23,23,23
"Utah","return_normal","Past",2020-05-22,"daily_hosps",19,19,19,21,21,23,23,23
"Utah","status_quo","Past",2020-05-22,"daily_hosps",19,19,19,21,21,23,23,23
"Utah","linear_increase_sd","Past",2020-05-22,"latent_trend",NA,NA,NA,0.434313939867686,NA,NA,NA,NA
"Utah","return_normal","Past",2020-05-22,"latent_trend",NA,NA,NA,0.434313939867686,NA,NA,NA,NA
"Utah","status_quo","Past",2020-05-22,"latent_trend",NA,NA,NA,0.434313939867686,NA,NA,NA,NA
"Utah","linear_increase_sd","Past",2020-05-22,"mobility_trend",NA,NA,NA,0.877581543245357,NA,NA,NA,NA
"Utah","return_normal","Past",2020-05-22,"mobility_trend",NA,NA,NA,0.877581543245357,NA,NA,NA,NA
"Utah","status_quo","Past",2020-05-22,"mobility_trend",NA,NA,NA,0.877581543245357,NA,NA,NA,NA
"Utah",NA,"Past",2020-05-23,"actual_cumulative_cases",NA,NA,NA,8260,NA,NA,NA,NA
"Utah",NA,"Past",2020-05-23,"actual_cumulative_deaths",NA,NA,NA,102,NA,NA,NA,NA
"Utah",NA,"Past",2020-05-23,"actual_daily_cases",NA,NA,NA,203,NA,NA,NA,NA
"Utah",NA,"Past",2020-05-23,"actual_daily_deaths",NA,NA,NA,4,NA,NA,NA,NA
"Utah","linear_increase_sd","Past",2020-05-23,"combined_trend",NA,NA,NA,0.380659353251751,NA,NA,NA,NA
"Utah","return_normal","Past",2020-05-23,"combined_trend",NA,NA,NA,0.380659353251751,NA,NA,NA,NA
"Utah","status_quo","Past",2020-05-23,"combined_trend",NA,NA,NA,0.380659353251751,NA,NA,NA,NA
"Utah","linear_increase_sd","Past",2020-05-23,"cumulative_all_infections",31716,31716,31716,33411,33326,35191,35191,35191
"Utah","return_normal","Past",2020-05-23,"cumulative_all_infections",31716,31716,31716,33411,33326,35191,35191,35191
"Utah","status_quo","Past",2020-05-23,"cumulative_all_infections",31716,31716,31716,33411,33326,35191,35191,35191
"Utah","linear_increase_sd","Past",2020-05-23,"cumulative_cases",7817,7817,7817,8114,8069,8456,8456,8456
"Utah","return_normal","Past",2020-05-23,"cumulative_cases",7817,7817,7817,8114,8069,8456,8456,8456
"Utah","status_quo","Past",2020-05-23,"cumulative_cases",7817,7817,7817,8114,8069,8456,8456,8456
"Utah","linear_increase_sd","Past",2020-05-23,"cumulative_deaths",175,175,175,184,185,192,192,192
"Utah","return_normal","Past",2020-05-23,"cumulative_deaths",175,175,175,184,185,192,192,192
"Utah","status_quo","Past",2020-05-23,"cumulative_deaths",175,175,175,184,185,192,192,192
"Utah","linear_increase_sd","Past",2020-05-23,"cumulative_hosps",851,851,851,888,883,929,929,929
"Utah","return_normal","Past",2020-05-23,"cumulative_hosps",851,851,851,888,883,929,929,929
"Utah","status_quo","Past",2020-05-23,"cumulative_hosps",851,851,851,888,883,929,929,929
"Utah","linear_increase_sd","Past",2020-05-23,"daily_all_infections",632,632,632,653,657,670,670,670
"Utah","return_normal","Past",2020-05-23,"daily_all_infections",632,632,632,653,657,670,670,670
"Utah","status_quo","Past",2020-05-23,"daily_all_infections",632,632,632,653,657,670,670,670
"Utah","linear_increase_sd","Past",2020-05-23,"daily_cases",183,183,183,198,204,207,207,207
"Utah","return_normal","Past",2020-05-23,"daily_cases",183,183,183,198,204,207,207,207
"Utah","status_quo","Past",2020-05-23,"daily_cases",183,183,183,198,204,207,207,207
"Utah","linear_increase_sd","Past",2020-05-23,"daily_deaths",2,2,2,3,3,3,3,3
"Utah","return_normal","Past",2020-05-23,"daily_deaths",2,2,2,3,3,3,3,3
"Utah","status_quo","Past",2020-05-23,"daily_deaths",2,2,2,3,3,3,3,3
"Utah","linear_increase_sd","Past",2020-05-23,"daily_hosps",19,19,19,22,23,24,24,24
"Utah","return_normal","Past",2020-05-23,"daily_hosps",19,19,19,22,23,24,24,24
"Utah","status_quo","Past",2020-05-23,"daily_hosps",19,19,19,22,23,24,24,24
"Utah","linear_increase_sd","Past",2020-05-23,"latent_trend",NA,NA,NA,0.432570075349611,NA,NA,NA,NA
"Utah","return_normal","Past",2020-05-23,"latent_trend",NA,NA,NA,0.432570075349611,NA,NA,NA,NA
"Utah","status_quo","Past",2020-05-23,"latent_trend",NA,NA,NA,0.432570075349611,NA,NA,NA,NA
"Utah","linear_increase_sd","Past",2020-05-23,"mobility_trend",NA,NA,NA,0.879994652760238,NA,NA,NA,NA
"Utah","return_normal","Past",2020-05-23,"mobility_trend",NA,NA,NA,0.879994652760238,NA,NA,NA,NA
"Utah","status_quo","Past",2020-05-23,"mobility_trend",NA,NA,NA,0.879994652760238,NA,NA,NA,NA
"Utah",NA,"Past",2020-05-24,"actual_cumulative_cases",NA,NA,NA,8392,NA,NA,NA,NA
"Utah",NA,"Past",2020-05-24,"actual_cumulative_deaths",NA,NA,NA,102,NA,NA,NA,NA
"Utah",NA,"Past",2020-05-24,"actual_daily_cases",NA,NA,NA,132,NA,NA,NA,NA
"Utah",NA,"Past",2020-05-24,"actual_daily_deaths",NA,NA,NA,0,NA,NA,NA,NA
"Utah","linear_increase_sd","Past",2020-05-24,"combined_trend",NA,NA,NA,0.380523505244858,NA,NA,NA,NA
"Utah","return_normal","Past",2020-05-24,"combined_trend",NA,NA,NA,0.380523505244858,NA,NA,NA,NA
"Utah","status_quo","Past",2020-05-24,"combined_trend",NA,NA,NA,0.380523505244858,NA,NA,NA,NA
"Utah","linear_increase_sd","Past",2020-05-24,"cumulative_all_infections",32363,32363,32363,34071,33992,35857,35857,35857
"Utah","return_normal","Past",2020-05-24,"cumulative_all_infections",32363,32363,32363,34071,33992,35857,35857,35857
"Utah","status_quo","Past",2020-05-24,"cumulative_all_infections",32363,32363,32363,34071,33992,35857,35857,35857
"Utah","linear_increase_sd","Past",2020-05-24,"cumulative_cases",8001,8001,8001,8309,8256,8669,8669,8669
"Utah","return_normal","Past",2020-05-24,"cumulative_cases",8001,8001,8001,8309,8256,8669,8669,8669
"Utah","status_quo","Past",2020-05-24,"cumulative_cases",8001,8001,8001,8309,8256,8669,8669,8669
"Utah","linear_increase_sd","Past",2020-05-24,"cumulative_deaths",178,178,178,188,188,196,196,196
"Utah","return_normal","Past",2020-05-24,"cumulative_deaths",178,178,178,188,188,196,196,196
"Utah","status_quo","Past",2020-05-24,"cumulative_deaths",178,178,178,188,188,196,196,196
"Utah","linear_increase_sd","Past",2020-05-24,"cumulative_hosps",871,871,871,910,905,952,952,952
"Utah","return_normal","Past",2020-05-24,"cumulative_hosps",871,871,871,910,905,952,952,952
"Utah","status_quo","Past",2020-05-24,"cumulative_hosps",871,871,871,910,905,952,952,952
"Utah","linear_increase_sd","Past",2020-05-24,"daily_all_infections",647,647,647,660,666,666,666,666
"Utah","return_normal","Past",2020-05-24,"daily_all_infections",647,647,647,660,666,666,666,666
"Utah","status_quo","Past",2020-05-24,"daily_all_infections",647,647,647,660,666,666,666,666
"Utah","linear_increase_sd","Past",2020-05-24,"daily_cases",184,184,184,195,187,213,213,213
"Utah","return_normal","Past",2020-05-24,"daily_cases",184,184,184,195,187,213,213,213
"Utah","status_quo","Past",2020-05-24,"daily_cases",184,184,184,195,187,213,213,213
"Utah","linear_increase_sd","Past",2020-05-24,"daily_deaths",3,3,3,4,3,4,4,4
"Utah","return_normal","Past",2020-05-24,"daily_deaths",3,3,3,4,3,4,4,4
"Utah","status_quo","Past",2020-05-24,"daily_deaths",3,3,3,4,3,4,4,4
"Utah","linear_increase_sd","Past",2020-05-24,"daily_hosps",20,20,20,22,22,23,23,23
"Utah","return_normal","Past",2020-05-24,"daily_hosps",20,20,20,22,22,23,23,23
"Utah","status_quo","Past",2020-05-24,"daily_hosps",20,20,20,22,22,23,23,23
"Utah","linear_increase_sd","Past",2020-05-24,"latent_trend",NA,NA,NA,0.431542053337182,NA,NA,NA,NA
"Utah","return_normal","Past",2020-05-24,"latent_trend",NA,NA,NA,0.431542053337182,NA,NA,NA,NA
"Utah","status_quo","Past",2020-05-24,"latent_trend",NA,NA,NA,0.431542053337182,NA,NA,NA,NA
"Utah","linear_increase_sd","Past",2020-05-24,"mobility_trend",NA,NA,NA,0.88177618450441,NA,NA,NA,NA
"Utah","return_normal","Past",2020-05-24,"mobility_trend",NA,NA,NA,0.88177618450441,NA,NA,NA,NA
"Utah","status_quo","Past",2020-05-24,"mobility_trend",NA,NA,NA,0.88177618450441,NA,NA,NA,NA
"Utah",NA,"Past",2020-05-25,"actual_cumulative_cases",NA,NA,NA,8521,NA,NA,NA,NA
"Utah",NA,"Past",2020-05-25,"actual_cumulative_deaths",NA,NA,NA,103,NA,NA,NA,NA
"Utah",NA,"Past",2020-05-25,"actual_daily_cases",NA,NA,NA,129,NA,NA,NA,NA
"Utah",NA,"Past",2020-05-25,"actual_daily_deaths",NA,NA,NA,1,NA,NA,NA,NA
"Utah","linear_increase_sd","Past",2020-05-25,"combined_trend",NA,NA,NA,0.380698363042598,NA,NA,NA,NA
"Utah","return_normal","Past",2020-05-25,"combined_trend",NA,NA,NA,0.380698363042598,NA,NA,NA,NA
"Utah","status_quo","Past",2020-05-25,"combined_trend",NA,NA,NA,0.380698363042598,NA,NA,NA,NA
"Utah","linear_increase_sd","Past",2020-05-25,"cumulative_all_infections",33024,33024,33024,34739,34666,36527,36527,36527
"Utah","return_normal","Past",2020-05-25,"cumulative_all_infections",33024,33024,33024,34739,34666,36527,36527,36527
"Utah","status_quo","Past",2020-05-25,"cumulative_all_infections",33024,33024,33024,34739,34666,36527,36527,36527
"Utah","linear_increase_sd","Past",2020-05-25,"cumulative_cases",8189,8189,8189,8520,8478,8892,8892,8892
"Utah","return_normal","Past",2020-05-25,"cumulative_cases",8189,8189,8189,8520,8478,8892,8892,8892
"Utah","status_quo","Past",2020-05-25,"cumulative_cases",8189,8189,8189,8520,8478,8892,8892,8892
"Utah","linear_increase_sd","Past",2020-05-25,"cumulative_deaths",181,181,181,191,191,199,199,199
"Utah","return_normal","Past",2020-05-25,"cumulative_deaths",181,181,181,191,191,199,199,199
"Utah","status_quo","Past",2020-05-25,"cumulative_deaths",181,181,181,191,191,199,199,199
"Utah","linear_increase_sd","Past",2020-05-25,"cumulative_hosps",891,891,891,932,928,976,976,976
"Utah","return_normal","Past",2020-05-25,"cumulative_hosps",891,891,891,932,928,976,976,976
"Utah","status_quo","Past",2020-05-25,"cumulative_hosps",891,891,891,932,928,976,976,976
"Utah","linear_increase_sd","Past",2020-05-25,"daily_all_infections",661,661,661,669,670,674,674,674
"Utah","return_normal","Past",2020-05-25,"daily_all_infections",661,661,661,669,670,674,674,674
"Utah","status_quo","Past",2020-05-25,"daily_all_infections",661,661,661,669,670,674,674,674
"Utah","linear_increase_sd","Past",2020-05-25,"daily_cases",188,188,188,211,222,223,223,223
"Utah","return_normal","Past",2020-05-25,"daily_cases",188,188,188,211,222,223,223,223
"Utah","status_quo","Past",2020-05-25,"daily_cases",188,188,188,211,222,223,223,223
"Utah","linear_increase_sd","Past",2020-05-25,"daily_deaths",3,3,3,3,3,3,3,3
"Utah","return_normal","Past",2020-05-25,"daily_deaths",3,3,3,3,3,3,3,3
"Utah","status_quo","Past",2020-05-25,"daily_deaths",3,3,3,3,3,3,3,3
"Utah","linear_increase_sd","Past",2020-05-25,"daily_hosps",20,20,20,23,23,24,24,24
"Utah","return_normal","Past",2020-05-25,"daily_hosps",20,20,20,23,23,24,24,24
"Utah","status_quo","Past",2020-05-25,"daily_hosps",20,20,20,23,23,24,24,24
"Utah","linear_increase_sd","Past",2020-05-25,"latent_trend",NA,NA,NA,0.431177681385838,NA,NA,NA,NA
"Utah","return_normal","Past",2020-05-25,"latent_trend",NA,NA,NA,0.431177681385838,NA,NA,NA,NA
"Utah","status_quo","Past",2020-05-25,"latent_trend",NA,NA,NA,0.431177681385838,NA,NA,NA,NA
"Utah","linear_increase_sd","Past",2020-05-25,"mobility_trend",NA,NA,NA,0.882926875572511,NA,NA,NA,NA
"Utah","return_normal","Past",2020-05-25,"mobility_trend",NA,NA,NA,0.882926875572511,NA,NA,NA,NA
"Utah","status_quo","Past",2020-05-25,"mobility_trend",NA,NA,NA,0.882926875572511,NA,NA,NA,NA
"Utah",NA,"Past",2020-05-26,"actual_cumulative_cases",NA,NA,NA,8620,NA,NA,NA,NA
"Utah",NA,"Past",2020-05-26,"actual_cumulative_deaths",NA,NA,NA,106,NA,NA,NA,NA
"Utah",NA,"Past",2020-05-26,"actual_daily_cases",NA,NA,NA,99,NA,NA,NA,NA
"Utah",NA,"Past",2020-05-26,"actual_daily_deaths",NA,NA,NA,3,NA,NA,NA,NA
"Utah","linear_increase_sd","Past",2020-05-26,"combined_trend",NA,NA,NA,0.381176283105929,NA,NA,NA,NA
"Utah","return_normal","Past",2020-05-26,"combined_trend",NA,NA,NA,0.381176283105929,NA,NA,NA,NA
"Utah","status_quo","Past",2020-05-26,"combined_trend",NA,NA,NA,0.381176283105929,NA,NA,NA,NA
"Utah","linear_increase_sd","Past",2020-05-26,"cumulative_all_infections",33702,33702,33702,35419,35346,37207,37207,37207
"Utah","return_normal","Past",2020-05-26,"cumulative_all_infections",33702,33702,33702,35419,35346,37207,37207,37207
"Utah","status_quo","Past",2020-05-26,"cumulative_all_infections",33702,33702,33702,35419,35346,37207,37207,37207
"Utah","linear_increase_sd","Past",2020-05-26,"cumulative_cases",8389,8389,8389,8724,8688,9093,9093,9093
"Utah","return_normal","Past",2020-05-26,"cumulative_cases",8389,8389,8389,8724,8688,9093,9093,9093
"Utah","status_quo","Past",2020-05-26,"cumulative_cases",8389,8389,8389,8724,8688,9093,9093,9093
"Utah","linear_increase_sd","Past",2020-05-26,"cumulative_deaths",184,184,184,194,194,203,203,203
"Utah","return_normal","Past",2020-05-26,"cumulative_deaths",184,184,184,194,194,203,203,203
"Utah","status_quo","Past",2020-05-26,"cumulative_deaths",184,184,184,194,194,203,203,203
"Utah","linear_increase_sd","Past",2020-05-26,"cumulative_hosps",911,911,911,954,951,1000,1000,1000
"Utah","return_normal","Past",2020-05-26,"cumulative_hosps",911,911,911,954,951,1000,1000,1000
"Utah","status_quo","Past",2020-05-26,"cumulative_hosps",911,911,911,954,951,1000,1000,1000
"Utah","linear_increase_sd","Past",2020-05-26,"daily_all_infections",678,678,678,680,680,680,680,680
"Utah","return_normal","Past",2020-05-26,"daily_all_infections",678,678,678,680,680,680,680,680
"Utah","status_quo","Past",2020-05-26,"daily_all_infections",678,678,678,680,680,680,680,680
"Utah","linear_increase_sd","Past",2020-05-26,"daily_cases",200,200,200,204,201,210,210,210
"Utah","return_normal","Past",2020-05-26,"daily_cases",200,200,200,204,201,210,210,210
"Utah","status_quo","Past",2020-05-26,"daily_cases",200,200,200,204,201,210,210,210
"Utah","linear_increase_sd","Past",2020-05-26,"daily_deaths",3,3,3,4,3,4,4,4
"Utah","return_normal","Past",2020-05-26,"daily_deaths",3,3,3,4,3,4,4,4
"Utah","status_quo","Past",2020-05-26,"daily_deaths",3,3,3,4,3,4,4,4
"Utah","linear_increase_sd","Past",2020-05-26,"daily_hosps",20,20,20,23,23,24,24,24
"Utah","return_normal","Past",2020-05-26,"daily_hosps",20,20,20,23,23,24,24,24
"Utah","status_quo","Past",2020-05-26,"daily_hosps",20,20,20,23,23,24,24,24
"Utah","linear_increase_sd","Past",2020-05-26,"latent_trend",NA,NA,NA,0.431422306666337,NA,NA,NA,NA
"Utah","return_normal","Past",2020-05-26,"latent_trend",NA,NA,NA,0.431422306666337,NA,NA,NA,NA
"Utah","status_quo","Past",2020-05-26,"latent_trend",NA,NA,NA,0.431422306666337,NA,NA,NA,NA
"Utah","linear_increase_sd","Past",2020-05-26,"mobility_trend",NA,NA,NA,0.883534015779882,NA,NA,NA,NA
"Utah","return_normal","Past",2020-05-26,"mobility_trend",NA,NA,NA,0.883534015779882,NA,NA,NA,NA
"Utah","status_quo","Past",2020-05-26,"mobility_trend",NA,NA,NA,0.883534015779882,NA,NA,NA,NA
"Utah",NA,"Past",2020-05-27,"actual_cumulative_cases",NA,NA,NA,8706,NA,NA,NA,NA
"Utah",NA,"Past",2020-05-27,"actual_cumulative_deaths",NA,NA,NA,110,NA,NA,NA,NA
"Utah",NA,"Past",2020-05-27,"actual_daily_cases",NA,NA,NA,86,NA,NA,NA,NA
"Utah",NA,"Past",2020-05-27,"actual_daily_deaths",NA,NA,NA,4,NA,NA,NA,NA
"Utah","linear_increase_sd","Past",2020-05-27,"combined_trend",NA,NA,NA,0.381957321133857,NA,NA,NA,NA
"Utah","return_normal","Past",2020-05-27,"combined_trend",NA,NA,NA,0.381957321133857,NA,NA,NA,NA
"Utah","status_quo","Past",2020-05-27,"combined_trend",NA,NA,NA,0.381957321133857,NA,NA,NA,NA
"Utah","linear_increase_sd","Past",2020-05-27,"cumulative_all_infections",34405,34405,34405,36112,36039,37890,37890,37890
"Utah","return_normal","Past",2020-05-27,"cumulative_all_infections",34405,34405,34405,36112,36039,37890,37890,37890
"Utah","status_quo","Past",2020-05-27,"cumulative_all_infections",34405,34405,34405,36112,36039,37890,37890,37890
"Utah","linear_increase_sd","Past",2020-05-27,"cumulative_cases",8589,8589,8589,8926,8882,9306,9306,9306
"Utah","return_normal","Past",2020-05-27,"cumulative_cases",8589,8589,8589,8926,8882,9306,9306,9306
"Utah","status_quo","Past",2020-05-27,"cumulative_cases",8589,8589,8589,8926,8882,9306,9306,9306
"Utah","linear_increase_sd","Past",2020-05-27,"cumulative_deaths",186,186,186,197,197,206,206,206
"Utah","return_normal","Past",2020-05-27,"cumulative_deaths",186,186,186,197,197,206,206,206
"Utah","status_quo","Past",2020-05-27,"cumulative_deaths",186,186,186,197,197,206,206,206
"Utah","linear_increase_sd","Past",2020-05-27,"cumulative_hosps",931,931,931,977,974,1024,1024,1024
"Utah","return_normal","Past",2020-05-27,"cumulative_hosps",931,931,931,977,974,1024,1024,1024
"Utah","status_quo","Past",2020-05-27,"cumulative_hosps",931,931,931,977,974,1024,1024,1024
"Utah","linear_increase_sd","Past",2020-05-27,"daily_all_infections",683,683,683,693,693,703,703,703
"Utah","return_normal","Past",2020-05-27,"daily_all_infections",683,683,683,693,693,703,703,703
"Utah","status_quo","Past",2020-05-27,"daily_all_infections",683,683,683,693,693,703,703,703
"Utah","linear_increase_sd","Past",2020-05-27,"daily_cases",194,194,194,203,200,213,213,213
"Utah","return_normal","Past",2020-05-27,"daily_cases",194,194,194,203,200,213,213,213
"Utah","status_quo","Past",2020-05-27,"daily_cases",194,194,194,203,200,213,213,213
"Utah","linear_increase_sd","Past",2020-05-27,"daily_deaths",2,2,2,3,3,3,3,3
"Utah","return_normal","Past",2020-05-27,"daily_deaths",2,2,2,3,3,3,3,3
"Utah","status_quo","Past",2020-05-27,"daily_deaths",2,2,2,3,3,3,3,3
"Utah","linear_increase_sd","Past",2020-05-27,"daily_hosps",20,20,20,23,23,24,24,24
"Utah","return_normal","Past",2020-05-27,"daily_hosps",20,20,20,23,23,24,24,24
"Utah","status_quo","Past",2020-05-27,"daily_hosps",20,20,20,23,23,24,24,24
"Utah","linear_increase_sd","Past",2020-05-27,"latent_trend",NA,NA,NA,0.432221904917284,NA,NA,NA,NA
"Utah","return_normal","Past",2020-05-27,"latent_trend",NA,NA,NA,0.432221904917284,NA,NA,NA,NA
"Utah","status_quo","Past",2020-05-27,"latent_trend",NA,NA,NA,0.432221904917284,NA,NA,NA,NA
"Utah","linear_increase_sd","Past",2020-05-27,"mobility_trend",NA,NA,NA,0.883706533122039,NA,NA,NA,NA
"Utah","return_normal","Past",2020-05-27,"mobility_trend",NA,NA,NA,0.883706533122039,NA,NA,NA,NA
"Utah","status_quo","Past",2020-05-27,"mobility_trend",NA,NA,NA,0.883706533122039,NA,NA,NA,NA
"Utah",NA,"Past",2020-05-28,"actual_cumulative_cases",NA,NA,NA,8921,NA,NA,NA,NA
"Utah",NA,"Past",2020-05-28,"actual_cumulative_deaths",NA,NA,NA,111,NA,NA,NA,NA
"Utah",NA,"Past",2020-05-28,"actual_daily_cases",NA,NA,NA,215,NA,NA,NA,NA
"Utah",NA,"Past",2020-05-28,"actual_daily_deaths",NA,NA,NA,1,NA,NA,NA,NA
"Utah","linear_increase_sd","Past",2020-05-28,"combined_trend",NA,NA,NA,0.383040610323829,NA,NA,NA,NA
"Utah","return_normal","Past",2020-05-28,"combined_trend",NA,NA,NA,0.383040610323829,NA,NA,NA,NA
"Utah","status_quo","Past",2020-05-28,"combined_trend",NA,NA,NA,0.383040610323829,NA,NA,NA,NA
"Utah","linear_increase_sd","Past",2020-05-28,"cumulative_all_infections",35126,35126,35126,36816,36741,38580,38580,38580
"Utah","return_normal","Past",2020-05-28,"cumulative_all_infections",35126,35126,35126,36816,36741,38580,38580,38580
"Utah","status_quo","Past",2020-05-28,"cumulative_all_infections",35126,35126,35126,36816,36741,38580,38580,38580
"Utah","linear_increase_sd","Past",2020-05-28,"cumulative_cases",8802,8802,8802,9145,9086,9546,9546,9546
"Utah","return_normal","Past",2020-05-28,"cumulative_cases",8802,8802,8802,9145,9086,9546,9546,9546
"Utah","status_quo","Past",2020-05-28,"cumulative_cases",8802,8802,8802,9145,9086,9546,9546,9546
"Utah","linear_increase_sd","Past",2020-05-28,"cumulative_deaths",189,189,189,200,200,209,209,209
"Utah","return_normal","Past",2020-05-28,"cumulative_deaths",189,189,189,200,200,209,209,209
"Utah","status_quo","Past",2020-05-28,"cumulative_deaths",189,189,189,200,200,209,209,209
"Utah","linear_increase_sd","Past",2020-05-28,"cumulative_hosps",952,952,952,1000,998,1048,1048,1048
"Utah","return_normal","Past",2020-05-28,"cumulative_hosps",952,952,952,1000,998,1048,1048,1048
"Utah","status_quo","Past",2020-05-28,"cumulative_hosps",952,952,952,1000,998,1048,1048,1048
"Utah","linear_increase_sd","Past",2020-05-28,"daily_all_infections",690,690,690,705,702,721,721,721
"Utah","return_normal","Past",2020-05-28,"daily_all_infections",690,690,690,705,702,721,721,721
"Utah","status_quo","Past",2020-05-28,"daily_all_infections",690,690,690,705,702,721,721,721
"Utah","linear_increase_sd","Past",2020-05-28,"daily_cases",204,204,204,219,213,240,240,240
"Utah","return_normal","Past",2020-05-28,"daily_cases",204,204,204,219,213,240,240,240
"Utah","status_quo","Past",2020-05-28,"daily_cases",204,204,204,219,213,240,240,240
"Utah","linear_increase_sd","Past",2020-05-28,"daily_deaths",3,3,3,3,3,3,3,3
"Utah","return_normal","Past",2020-05-28,"daily_deaths",3,3,3,3,3,3,3,3
"Utah","status_quo","Past",2020-05-28,"daily_deaths",3,3,3,3,3,3,3,3
"Utah","linear_increase_sd","Past",2020-05-28,"daily_hosps",21,21,21,23,24,24,24,24
"Utah","return_normal","Past",2020-05-28,"daily_hosps",21,21,21,23,24,24,24,24
"Utah","status_quo","Past",2020-05-28,"daily_hosps",21,21,21,23,24,24,24,24
"Utah","linear_increase_sd","Past",2020-05-28,"latent_trend",NA,NA,NA,0.433522896946163,NA,NA,NA,NA
"Utah","return_normal","Past",2020-05-28,"latent_trend",NA,NA,NA,0.433522896946163,NA,NA,NA,NA
"Utah","status_quo","Past",2020-05-28,"latent_trend",NA,NA,NA,0.433522896946163,NA,NA,NA,NA
"Utah","linear_increase_sd","Past",2020-05-28,"mobility_trend",NA,NA,NA,0.883553355594495,NA,NA,NA,NA
"Utah","return_normal","Past",2020-05-28,"mobility_trend",NA,NA,NA,0.883553355594495,NA,NA,NA,NA
"Utah","status_quo","Past",2020-05-28,"mobility_trend",NA,NA,NA,0.883553355594495,NA,NA,NA,NA
"Utah",NA,"Past",2020-05-29,"actual_cumulative_cases",NA,NA,NA,9264,NA,NA,NA,NA
"Utah",NA,"Past",2020-05-29,"actual_cumulative_deaths",NA,NA,NA,112,NA,NA,NA,NA
"Utah",NA,"Past",2020-05-29,"actual_daily_cases",NA,NA,NA,343,NA,NA,NA,NA
"Utah",NA,"Past",2020-05-29,"actual_daily_deaths",NA,NA,NA,1,NA,NA,NA,NA
"Utah","linear_increase_sd","Past",2020-05-29,"combined_trend",NA,NA,NA,0.384424838636436,NA,NA,NA,NA
"Utah","return_normal","Past",2020-05-29,"combined_trend",NA,NA,NA,0.384424838636436,NA,NA,NA,NA
"Utah","status_quo","Past",2020-05-29,"combined_trend",NA,NA,NA,0.384424838636436,NA,NA,NA,NA
"Utah","linear_increase_sd","Past",2020-05-29,"cumulative_all_infections",35860,35860,35860,37530,37449,39281,39281,39281
"Utah","return_normal","Past",2020-05-29,"cumulative_all_infections",35860,35860,35860,37530,37449,39281,39281,39281
"Utah","status_quo","Past",2020-05-29,"cumulative_all_infections",35860,35860,35860,37530,37449,39281,39281,39281
"Utah","linear_increase_sd","Past",2020-05-29,"cumulative_cases",9001,9001,9001,9354,9297,9762,9762,9762
"Utah","return_normal","Past",2020-05-29,"cumulative_cases",9001,9001,9001,9354,9297,9762,9762,9762
"Utah","status_quo","Past",2020-05-29,"cumulative_cases",9001,9001,9001,9354,9297,9762,9762,9762
"Utah","linear_increase_sd","Past",2020-05-29,"cumulative_deaths",192,192,192,203,203,212,212,212
"Utah","return_normal","Past",2020-05-29,"cumulative_deaths",192,192,192,203,203,212,212,212
"Utah","status_quo","Past",2020-05-29,"cumulative_deaths",192,192,192,203,203,212,212,212
"Utah","linear_increase_sd","Past",2020-05-29,"cumulative_hosps",974,974,974,1023,1022,1073,1073,1073
"Utah","return_normal","Past",2020-05-29,"cumulative_hosps",974,974,974,1023,1022,1073,1073,1073
"Utah","status_quo","Past",2020-05-29,"cumulative_hosps",974,974,974,1023,1022,1073,1073,1073
"Utah","linear_increase_sd","Past",2020-05-29,"daily_all_infections",701,701,701,715,708,734,734,734
"Utah","return_normal","Past",2020-05-29,"daily_all_infections",701,701,701,715,708,734,734,734
"Utah","status_quo","Past",2020-05-29,"daily_all_infections",701,701,701,715,708,734,734,734
"Utah","linear_increase_sd","Past",2020-05-29,"daily_cases",199,199,199,209,211,216,216,216
"Utah","return_normal","Past",2020-05-29,"daily_cases",199,199,199,209,211,216,216,216
"Utah","status_quo","Past",2020-05-29,"daily_cases",199,199,199,209,211,216,216,216
"Utah","linear_increase_sd","Past",2020-05-29,"daily_deaths",3,3,3,3,3,3,3,3
"Utah","return_normal","Past",2020-05-29,"daily_deaths",3,3,3,3,3,3,3,3
"Utah","status_quo","Past",2020-05-29,"daily_deaths",3,3,3,3,3,3,3,3
"Utah","linear_increase_sd","Past",2020-05-29,"daily_hosps",22,22,22,24,24,25,25,25
"Utah","return_normal","Past",2020-05-29,"daily_hosps",22,22,22,24,24,25,25,25
"Utah","status_quo","Past",2020-05-29,"daily_hosps",22,22,22,24,24,25,25,25
"Utah","linear_increase_sd","Past",2020-05-29,"latent_trend",NA,NA,NA,0.435271968044761,NA,NA,NA,NA
"Utah","return_normal","Past",2020-05-29,"latent_trend",NA,NA,NA,0.435271968044761,NA,NA,NA,NA
"Utah","status_quo","Past",2020-05-29,"latent_trend",NA,NA,NA,0.435271968044761,NA,NA,NA,NA
"Utah","linear_increase_sd","Past",2020-05-29,"mobility_trend",NA,NA,NA,0.883183082897045,NA,NA,NA,NA
"Utah","return_normal","Past",2020-05-29,"mobility_trend",NA,NA,NA,0.883183082897045,NA,NA,NA,NA
"Utah","status_quo","Past",2020-05-29,"mobility_trend",NA,NA,NA,0.883183082897045,NA,NA,NA,NA
"Utah",NA,"Past",2020-05-30,"actual_cumulative_cases",NA,NA,NA,9533,NA,NA,NA,NA
"Utah",NA,"Past",2020-05-30,"actual_cumulative_deaths",NA,NA,NA,117,NA,NA,NA,NA
"Utah",NA,"Past",2020-05-30,"actual_daily_cases",NA,NA,NA,269,NA,NA,NA,NA
"Utah",NA,"Past",2020-05-30,"actual_daily_deaths",NA,NA,NA,5,NA,NA,NA,NA
"Utah","linear_increase_sd","Past",2020-05-30,"combined_trend",NA,NA,NA,0.386108329141703,NA,NA,NA,NA
"Utah","return_normal","Past",2020-05-30,"combined_trend",NA,NA,NA,0.386108329141703,NA,NA,NA,NA
"Utah","status_quo","Past",2020-05-30,"combined_trend",NA,NA,NA,0.386108329141703,NA,NA,NA,NA
"Utah","linear_increase_sd","Past",2020-05-30,"cumulative_all_infections",36619,36619,36619,38261,38173,39989,39989,39989
"Utah","return_normal","Past",2020-05-30,"cumulative_all_infections",36619,36619,36619,38261,38173,39989,39989,39989
"Utah","status_quo","Past",2020-05-30,"cumulative_all_infections",36619,36619,36619,38261,38173,39989,39989,39989
"Utah","linear_increase_sd","Past",2020-05-30,"cumulative_cases",9198,9198,9198,9561,9508,9975,9975,9975
"Utah","return_normal","Past",2020-05-30,"cumulative_cases",9198,9198,9198,9561,9508,9975,9975,9975
"Utah","status_quo","Past",2020-05-30,"cumulative_cases",9198,9198,9198,9561,9508,9975,9975,9975
"Utah","linear_increase_sd","Past",2020-05-30,"cumulative_deaths",195,195,195,206,206,216,216,216
"Utah","return_normal","Past",2020-05-30,"cumulative_deaths",195,195,195,206,206,216,216,216
"Utah","status_quo","Past",2020-05-30,"cumulative_deaths",195,195,195,206,206,216,216,216
"Utah","linear_increase_sd","Past",2020-05-30,"cumulative_hosps",996,996,996,1047,1046,1098,1098,1098
"Utah","return_normal","Past",2020-05-30,"cumulative_hosps",996,996,996,1047,1046,1098,1098,1098
"Utah","status_quo","Past",2020-05-30,"cumulative_hosps",996,996,996,1047,1046,1098,1098,1098
"Utah","linear_increase_sd","Past",2020-05-30,"daily_all_infections",708,708,708,731,724,759,759,759
"Utah","return_normal","Past",2020-05-30,"daily_all_infections",708,708,708,731,724,759,759,759
"Utah","status_quo","Past",2020-05-30,"daily_all_infections",708,708,708,731,724,759,759,759
"Utah","linear_increase_sd","Past",2020-05-30,"daily_cases",197,197,197,207,211,213,213,213
"Utah","return_normal","Past",2020-05-30,"daily_cases",197,197,197,207,211,213,213,213
"Utah","status_quo","Past",2020-05-30,"daily_cases",197,197,197,207,211,213,213,213
"Utah","linear_increase_sd","Past",2020-05-30,"daily_deaths",3,3,3,4,3,4,4,4
"Utah","return_normal","Past",2020-05-30,"daily_deaths",3,3,3,4,3,4,4,4
"Utah","status_quo","Past",2020-05-30,"daily_deaths",3,3,3,4,3,4,4,4
"Utah","linear_increase_sd","Past",2020-05-30,"daily_hosps",22,22,22,24,24,25,25,25
"Utah","return_normal","Past",2020-05-30,"daily_hosps",22,22,22,24,24,25,25,25
"Utah","status_quo","Past",2020-05-30,"daily_hosps",22,22,22,24,24,25,25,25
"Utah","linear_increase_sd","Past",2020-05-30,"latent_trend",NA,NA,NA,0.437415901458583,NA,NA,NA,NA
"Utah","return_normal","Past",2020-05-30,"latent_trend",NA,NA,NA,0.437415901458583,NA,NA,NA,NA
"Utah","status_quo","Past",2020-05-30,"latent_trend",NA,NA,NA,0.437415901458583,NA,NA,NA,NA
"Utah","linear_increase_sd","Past",2020-05-30,"mobility_trend",NA,NA,NA,0.8827030015466,NA,NA,NA,NA
"Utah","return_normal","Past",2020-05-30,"mobility_trend",NA,NA,NA,0.8827030015466,NA,NA,NA,NA
"Utah","status_quo","Past",2020-05-30,"mobility_trend",NA,NA,NA,0.8827030015466,NA,NA,NA,NA
"Utah",NA,"Past",2020-05-31,"actual_cumulative_cases",NA,NA,NA,9797,NA,NA,NA,NA
"Utah",NA,"Past",2020-05-31,"actual_cumulative_deaths",NA,NA,NA,118,NA,NA,NA,NA
"Utah",NA,"Past",2020-05-31,"actual_daily_cases",NA,NA,NA,264,NA,NA,NA,NA
"Utah",NA,"Past",2020-05-31,"actual_daily_deaths",NA,NA,NA,1,NA,NA,NA,NA
"Utah","linear_increase_sd","Past",2020-05-31,"combined_trend",NA,NA,NA,0.388089873681745,NA,NA,NA,NA
"Utah","return_normal","Past",2020-05-31,"combined_trend",NA,NA,NA,0.388089873681745,NA,NA,NA,NA
"Utah","status_quo","Past",2020-05-31,"combined_trend",NA,NA,NA,0.388089873681745,NA,NA,NA,NA
"Utah","linear_increase_sd","Past",2020-05-31,"cumulative_all_infections",37394,37394,37394,39004,38910,40707,40707,40707
"Utah","return_normal","Past",2020-05-31,"cumulative_all_infections",37394,37394,37394,39004,38910,40707,40707,40707
"Utah","status_quo","Past",2020-05-31,"cumulative_all_infections",37394,37394,37394,39004,38910,40707,40707,40707
"Utah","linear_increase_sd","Past",2020-05-31,"cumulative_cases",9414,9414,9414,9782,9720,10212,10212,10212
"Utah","return_normal","Past",2020-05-31,"cumulative_cases",9414,9414,9414,9782,9720,10212,10212,10212
"Utah","status_quo","Past",2020-05-31,"cumulative_cases",9414,9414,9414,9782,9720,10212,10212,10212
"Utah","linear_increase_sd","Past",2020-05-31,"cumulative_deaths",198,198,198,209,209,219,219,219
"Utah","return_normal","Past",2020-05-31,"cumulative_deaths",198,198,198,209,209,219,219,219
"Utah","status_quo","Past",2020-05-31,"cumulative_deaths",198,198,198,209,209,219,219,219
"Utah","linear_increase_sd","Past",2020-05-31,"cumulative_hosps",1019,1019,1019,1071,1070,1124,1124,1124
"Utah","return_normal","Past",2020-05-31,"cumulative_hosps",1019,1019,1019,1071,1070,1124,1124,1124
"Utah","status_quo","Past",2020-05-31,"cumulative_hosps",1019,1019,1019,1071,1070,1124,1124,1124
"Utah","linear_increase_sd","Past",2020-05-31,"daily_all_infections",718,718,718,744,737,775,775,775
"Utah","return_normal","Past",2020-05-31,"daily_all_infections",718,718,718,744,737,775,775,775
"Utah","status_quo","Past",2020-05-31,"daily_all_infections",718,718,718,744,737,775,775,775
"Utah","linear_increase_sd","Past",2020-05-31,"daily_cases",212,212,212,222,216,237,237,237
"Utah","return_normal","Past",2020-05-31,"daily_cases",212,212,212,222,216,237,237,237
"Utah","status_quo","Past",2020-05-31,"daily_cases",212,212,212,222,216,237,237,237
"Utah","linear_increase_sd","Past",2020-05-31,"daily_deaths",3,3,3,3,3,3,3,3
"Utah","return_normal","Past",2020-05-31,"daily_deaths",3,3,3,3,3,3,3,3
"Utah","status_quo","Past",2020-05-31,"daily_deaths",3,3,3,3,3,3,3,3
"Utah","linear_increase_sd","Past",2020-05-31,"daily_hosps",23,23,23,25,24,26,26,26
"Utah","return_normal","Past",2020-05-31,"daily_hosps",23,23,23,25,24,26,26,26
"Utah","status_quo","Past",2020-05-31,"daily_hosps",23,23,23,25,24,26,26,26
"Utah","linear_increase_sd","Past",2020-05-31,"latent_trend",NA,NA,NA,0.439901433873985,NA,NA,NA,NA
"Utah","return_normal","Past",2020-05-31,"latent_trend",NA,NA,NA,0.439901433873985,NA,NA,NA,NA
"Utah","status_quo","Past",2020-05-31,"latent_trend",NA,NA,NA,0.439901433873985,NA,NA,NA,NA
"Utah","linear_increase_sd","Past",2020-05-31,"mobility_trend",NA,NA,NA,0.88222006976435,NA,NA,NA,NA
"Utah","return_normal","Past",2020-05-31,"mobility_trend",NA,NA,NA,0.88222006976435,NA,NA,NA,NA
"Utah","status_quo","Past",2020-05-31,"mobility_trend",NA,NA,NA,0.88222006976435,NA,NA,NA,NA
"Utah",NA,"Past",2020-06-01,"actual_cumulative_cases",NA,NA,NA,9999,NA,NA,NA,NA
"Utah",NA,"Past",2020-06-01,"actual_cumulative_deaths",NA,NA,NA,118,NA,NA,NA,NA
"Utah",NA,"Past",2020-06-01,"actual_daily_cases",NA,NA,NA,202,NA,NA,NA,NA
"Utah",NA,"Past",2020-06-01,"actual_daily_deaths",NA,NA,NA,0,NA,NA,NA,NA
"Utah","linear_increase_sd","Past",2020-06-01,"combined_trend",NA,NA,NA,0.39036919526804,NA,NA,NA,NA
"Utah","return_normal","Past",2020-06-01,"combined_trend",NA,NA,NA,0.39036919526804,NA,NA,NA,NA
"Utah","status_quo","Past",2020-06-01,"combined_trend",NA,NA,NA,0.39036919526804,NA,NA,NA,NA
"Utah","linear_increase_sd","Past",2020-06-01,"cumulative_all_infections",38187,38187,38187,39759,39652,41438,41438,41438
"Utah","return_normal","Past",2020-06-01,"cumulative_all_infections",38187,38187,38187,39759,39652,41438,41438,41438
"Utah","status_quo","Past",2020-06-01,"cumulative_all_infections",38187,38187,38187,39759,39652,41438,41438,41438
"Utah","linear_increase_sd","Past",2020-06-01,"cumulative_cases",9637,9637,9637,10010,9947,10445,10445,10445
"Utah","return_normal","Past",2020-06-01,"cumulative_cases",9637,9637,9637,10010,9947,10445,10445,10445
"Utah","status_quo","Past",2020-06-01,"cumulative_cases",9637,9637,9637,10010,9947,10445,10445,10445
"Utah","linear_increase_sd","Past",2020-06-01,"cumulative_deaths",201,201,201,212,212,222,222,222
"Utah","return_normal","Past",2020-06-01,"cumulative_deaths",201,201,201,212,212,222,222,222
"Utah","status_quo","Past",2020-06-01,"cumulative_deaths",201,201,201,212,212,222,222,222
"Utah","linear_increase_sd","Past",2020-06-01,"cumulative_hosps",1043,1043,1043,1096,1095,1150,1150,1150
"Utah","return_normal","Past",2020-06-01,"cumulative_hosps",1043,1043,1043,1096,1095,1150,1150,1150
"Utah","status_quo","Past",2020-06-01,"cumulative_hosps",1043,1043,1043,1096,1095,1150,1150,1150
"Utah","linear_increase_sd","Past",2020-06-01,"daily_all_infections",731,731,731,756,742,793,793,793
"Utah","return_normal","Past",2020-06-01,"daily_all_infections",731,731,731,756,742,793,793,793
"Utah","status_quo","Past",2020-06-01,"daily_all_infections",731,731,731,756,742,793,793,793
"Utah","linear_increase_sd","Past",2020-06-01,"daily_cases",223,223,223,228,227,233,233,233
"Utah","return_normal","Past",2020-06-01,"daily_cases",223,223,223,228,227,233,233,233
"Utah","status_quo","Past",2020-06-01,"daily_cases",223,223,223,228,227,233,233,233
"Utah","linear_increase_sd","Past",2020-06-01,"daily_deaths",3,3,3,3,3,3,3,3
"Utah","return_normal","Past",2020-06-01,"daily_deaths",3,3,3,3,3,3,3,3
"Utah","status_quo","Past",2020-06-01,"daily_deaths",3,3,3,3,3,3,3,3
"Utah","linear_increase_sd","Past",2020-06-01,"daily_hosps",24,24,24,25,25,26,26,26
"Utah","return_normal","Past",2020-06-01,"daily_hosps",24,24,24,25,25,26,26,26
"Utah","status_quo","Past",2020-06-01,"daily_hosps",24,24,24,25,25,26,26,26
"Utah","linear_increase_sd","Past",2020-06-01,"latent_trend",NA,NA,NA,0.442675138115731,NA,NA,NA,NA
"Utah","return_normal","Past",2020-06-01,"latent_trend",NA,NA,NA,0.442675138115731,NA,NA,NA,NA
"Utah","status_quo","Past",2020-06-01,"latent_trend",NA,NA,NA,0.442675138115731,NA,NA,NA,NA
"Utah","linear_increase_sd","Past",2020-06-01,"mobility_trend",NA,NA,NA,0.881841245771485,NA,NA,NA,NA
"Utah","return_normal","Past",2020-06-01,"mobility_trend",NA,NA,NA,0.881841245771485,NA,NA,NA,NA
"Utah","status_quo","Past",2020-06-01,"mobility_trend",NA,NA,NA,0.881841245771485,NA,NA,NA,NA
"Utah",NA,"Past",2020-06-02,"actual_cumulative_cases",NA,NA,NA,10202,NA,NA,NA,NA
"Utah",NA,"Past",2020-06-02,"actual_cumulative_deaths",NA,NA,NA,118,NA,NA,NA,NA
"Utah",NA,"Past",2020-06-02,"actual_daily_cases",NA,NA,NA,203,NA,NA,NA,NA
"Utah",NA,"Past",2020-06-02,"actual_daily_deaths",NA,NA,NA,0,NA,NA,NA,NA
"Utah","linear_increase_sd","Past",2020-06-02,"combined_trend",NA,NA,NA,0.392942662128239,NA,NA,NA,NA
"Utah","return_normal","Past",2020-06-02,"combined_trend",NA,NA,NA,0.392942662128239,NA,NA,NA,NA
"Utah","status_quo","Past",2020-06-02,"combined_trend",NA,NA,NA,0.392942662128239,NA,NA,NA,NA
"Utah","linear_increase_sd","Past",2020-06-02,"cumulative_all_infections",39005,39005,39005,40533,40416,42178,42178,42178
"Utah","return_normal","Past",2020-06-02,"cumulative_all_infections",39005,39005,39005,40533,40416,42178,42178,42178
"Utah","status_quo","Past",2020-06-02,"cumulative_all_infections",39005,39005,39005,40533,40416,42178,42178,42178
"Utah","linear_increase_sd","Past",2020-06-02,"cumulative_cases",9890,9890,9890,10258,10190,10693,10693,10693
"Utah","return_normal","Past",2020-06-02,"cumulative_cases",9890,9890,9890,10258,10190,10693,10693,10693
"Utah","status_quo","Past",2020-06-02,"cumulative_cases",9890,9890,9890,10258,10190,10693,10693,10693
"Utah","linear_increase_sd","Past",2020-06-02,"cumulative_deaths",204,204,204,216,216,226,226,226
"Utah","return_normal","Past",2020-06-02,"cumulative_deaths",204,204,204,216,216,226,226,226
"Utah","status_quo","Past",2020-06-02,"cumulative_deaths",204,204,204,216,216,226,226,226
"Utah","linear_increase_sd","Past",2020-06-02,"cumulative_hosps",1068,1068,1068,1122,1121,1177,1177,1177
"Utah","return_normal","Past",2020-06-02,"cumulative_hosps",1068,1068,1068,1122,1121,1177,1177,1177
"Utah","status_quo","Past",2020-06-02,"cumulative_hosps",1068,1068,1068,1122,1121,1177,1177,1177
"Utah","linear_increase_sd","Past",2020-06-02,"daily_all_infections",740,740,740,774,764,818,818,818
"Utah","return_normal","Past",2020-06-02,"daily_all_infections",740,740,740,774,764,818,818,818
"Utah","status_quo","Past",2020-06-02,"daily_all_infections",740,740,740,774,764,818,818,818
"Utah","linear_increase_sd","Past",2020-06-02,"daily_cases",243,243,243,248,248,253,253,253
"Utah","return_normal","Past",2020-06-02,"daily_cases",243,243,243,248,248,253,253,253
"Utah","status_quo","Past",2020-06-02,"daily_cases",243,243,243,248,248,253,253,253
"Utah","linear_increase_sd","Past",2020-06-02,"daily_deaths",3,3,3,4,4,4,4,4
"Utah","return_normal","Past",2020-06-02,"daily_deaths",3,3,3,4,4,4,4,4
"Utah","status_quo","Past",2020-06-02,"daily_deaths",3,3,3,4,4,4,4,4
"Utah","linear_increase_sd","Past",2020-06-02,"daily_hosps",25,25,25,26,26,27,27,27
"Utah","return_normal","Past",2020-06-02,"daily_hosps",25,25,25,26,26,27,27,27
"Utah","status_quo","Past",2020-06-02,"daily_hosps",25,25,25,26,26,27,27,27
"Utah","linear_increase_sd","Past",2020-06-02,"latent_trend",NA,NA,NA,0.445683335820432,NA,NA,NA,NA
"Utah","return_normal","Past",2020-06-02,"latent_trend",NA,NA,NA,0.445683335820432,NA,NA,NA,NA
"Utah","status_quo","Past",2020-06-02,"latent_trend",NA,NA,NA,0.445683335820432,NA,NA,NA,NA
"Utah","linear_increase_sd","Past",2020-06-02,"mobility_trend",NA,NA,NA,0.881663348271467,NA,NA,NA,NA
"Utah","return_normal","Past",2020-06-02,"mobility_trend",NA,NA,NA,0.881663348271467,NA,NA,NA,NA
"Utah","status_quo","Past",2020-06-02,"mobility_trend",NA,NA,NA,0.881663348271467,NA,NA,NA,NA
"Utah",NA,"Past",2020-06-03,"actual_cumulative_cases",NA,NA,NA,10497,NA,NA,NA,NA
"Utah",NA,"Past",2020-06-03,"actual_cumulative_deaths",NA,NA,NA,122,NA,NA,NA,NA
"Utah",NA,"Past",2020-06-03,"actual_daily_cases",NA,NA,NA,295,NA,NA,NA,NA
"Utah",NA,"Past",2020-06-03,"actual_daily_deaths",NA,NA,NA,4,NA,NA,NA,NA
"Utah","linear_increase_sd","Past",2020-06-03,"combined_trend",NA,NA,NA,0.395789617270578,NA,NA,NA,NA
"Utah","return_normal","Past",2020-06-03,"combined_trend",NA,NA,NA,0.395789617270578,NA,NA,NA,NA
"Utah","status_quo","Past",2020-06-03,"combined_trend",NA,NA,NA,0.395789617270578,NA,NA,NA,NA
"Utah","linear_increase_sd","Past",2020-06-03,"cumulative_all_infections",39844,39844,39844,41328,41194,42944,42944,42944
"Utah","return_normal","Past",2020-06-03,"cumulative_all_infections",39844,39844,39844,41328,41194,42944,42944,42944
"Utah","status_quo","Past",2020-06-03,"cumulative_all_infections",39844,39844,39844,41328,41194,42944,42944,42944
"Utah","linear_increase_sd","Past",2020-06-03,"cumulative_cases",10132,10132,10132,10487,10404,10923,10923,10923
"Utah","return_normal","Past",2020-06-03,"cumulative_cases",10132,10132,10132,10487,10404,10923,10923,10923
"Utah","status_quo","Past",2020-06-03,"cumulative_cases",10132,10132,10132,10487,10404,10923,10923,10923
"Utah","linear_increase_sd","Past",2020-06-03,"cumulative_deaths",207,207,207,219,219,229,229,229
"Utah","return_normal","Past",2020-06-03,"cumulative_deaths",207,207,207,219,219,229,229,229
"Utah","status_quo","Past",2020-06-03,"cumulative_deaths",207,207,207,219,219,229,229,229
"Utah","linear_increase_sd","Past",2020-06-03,"cumulative_hosps",1092,1092,1092,1147,1146,1203,1203,1203
"Utah","return_normal","Past",2020-06-03,"cumulative_hosps",1092,1092,1092,1147,1146,1203,1203,1203
"Utah","status_quo","Past",2020-06-03,"cumulative_hosps",1092,1092,1092,1147,1146,1203,1203,1203
"Utah","linear_increase_sd","Past",2020-06-03,"daily_all_infections",766,766,766,795,778,839,839,839
"Utah","return_normal","Past",2020-06-03,"daily_all_infections",766,766,766,795,778,839,839,839
"Utah","status_quo","Past",2020-06-03,"daily_all_infections",766,766,766,795,778,839,839,839
"Utah","linear_increase_sd","Past",2020-06-03,"daily_cases",214,214,214,229,230,242,242,242
"Utah","return_normal","Past",2020-06-03,"daily_cases",214,214,214,229,230,242,242,242
"Utah","status_quo","Past",2020-06-03,"daily_cases",214,214,214,229,230,242,242,242
"Utah","linear_increase_sd","Past",2020-06-03,"daily_deaths",3,3,3,3,3,3,3,3
"Utah","return_normal","Past",2020-06-03,"daily_deaths",3,3,3,3,3,3,3,3
"Utah","status_quo","Past",2020-06-03,"daily_deaths",3,3,3,3,3,3,3,3
"Utah","linear_increase_sd","Past",2020-06-03,"daily_hosps",24,24,24,25,25,26,26,26
"Utah","return_normal","Past",2020-06-03,"daily_hosps",24,24,24,25,25,26,26,26
"Utah","status_quo","Past",2020-06-03,"daily_hosps",24,24,24,25,25,26,26,26
"Utah","linear_increase_sd","Past",2020-06-03,"latent_trend",NA,NA,NA,0.448872040729053,NA,NA,NA,NA
"Utah","return_normal","Past",2020-06-03,"latent_trend",NA,NA,NA,0.448872040729053,NA,NA,NA,NA
"Utah","status_quo","Past",2020-06-03,"latent_trend",NA,NA,NA,0.448872040729053,NA,NA,NA,NA
"Utah","linear_increase_sd","Past",2020-06-03,"mobility_trend",NA,NA,NA,0.881742637896852,NA,NA,NA,NA
"Utah","return_normal","Past",2020-06-03,"mobility_trend",NA,NA,NA,0.881742637896852,NA,NA,NA,NA
"Utah","status_quo","Past",2020-06-03,"mobility_trend",NA,NA,NA,0.881742637896852,NA,NA,NA,NA
"Utah",NA,"Past",2020-06-04,"actual_cumulative_cases",NA,NA,NA,10813,NA,NA,NA,NA
"Utah",NA,"Past",2020-06-04,"actual_cumulative_deaths",NA,NA,NA,122,NA,NA,NA,NA
"Utah",NA,"Past",2020-06-04,"actual_daily_cases",NA,NA,NA,316,NA,NA,NA,NA
"Utah",NA,"Past",2020-06-04,"actual_daily_deaths",NA,NA,NA,0,NA,NA,NA,NA
"Utah","linear_increase_sd","Past",2020-06-04,"combined_trend",NA,NA,NA,0.398885503476093,NA,NA,NA,NA
"Utah","return_normal","Past",2020-06-04,"combined_trend",NA,NA,NA,0.398885503476093,NA,NA,NA,NA
"Utah","status_quo","Past",2020-06-04,"combined_trend",NA,NA,NA,0.398885503476093,NA,NA,NA,NA
"Utah","linear_increase_sd","Past",2020-06-04,"cumulative_all_infections",40707,40707,40707,42140,41993,43718,43718,43718
"Utah","return_normal","Past",2020-06-04,"cumulative_all_infections",40707,40707,40707,42140,41993,43718,43718,43718
"Utah","status_quo","Past",2020-06-04,"cumulative_all_infections",40707,40707,40707,42140,41993,43718,43718,43718
"Utah","linear_increase_sd","Past",2020-06-04,"cumulative_cases",10376,10376,10376,10723,10640,11152,11152,11152
"Utah","return_normal","Past",2020-06-04,"cumulative_cases",10376,10376,10376,10723,10640,11152,11152,11152
"Utah","status_quo","Past",2020-06-04,"cumulative_cases",10376,10376,10376,10723,10640,11152,11152,11152
"Utah","linear_increase_sd","Past",2020-06-04,"cumulative_deaths",210,210,210,222,222,233,233,233
"Utah","return_normal","Past",2020-06-04,"cumulative_deaths",210,210,210,222,222,233,233,233
"Utah","status_quo","Past",2020-06-04,"cumulative_deaths",210,210,210,222,222,233,233,233
"Utah","linear_increase_sd","Past",2020-06-04,"cumulative_hosps",1118,1118,1118,1174,1172,1230,1230,1230
"Utah","return_normal","Past",2020-06-04,"cumulative_hosps",1118,1118,1118,1174,1172,1230,1230,1230
"Utah","status_quo","Past",2020-06-04,"cumulative_hosps",1118,1118,1118,1174,1172,1230,1230,1230
"Utah","linear_increase_sd","Past",2020-06-04,"daily_all_infections",774,774,774,812,799,863,863,863
"Utah","return_normal","Past",2020-06-04,"daily_all_infections",774,774,774,812,799,863,863,863
"Utah","status_quo","Past",2020-06-04,"daily_all_infections",774,774,774,812,799,863,863,863
"Utah","linear_increase_sd","Past",2020-06-04,"daily_cases",229,229,229,237,236,244,244,244
"Utah","return_normal","Past",2020-06-04,"daily_cases",229,229,229,237,236,244,244,244
"Utah","status_quo","Past",2020-06-04,"daily_cases",229,229,229,237,236,244,244,244
"Utah","linear_increase_sd","Past",2020-06-04,"daily_deaths",3,3,3,4,3,4,4,4
"Utah","return_normal","Past",2020-06-04,"daily_deaths",3,3,3,4,3,4,4,4
"Utah","status_quo","Past",2020-06-04,"daily_deaths",3,3,3,4,3,4,4,4
"Utah","linear_increase_sd","Past",2020-06-04,"daily_hosps",26,26,26,27,26,27,27,27
"Utah","return_normal","Past",2020-06-04,"daily_hosps",26,26,26,27,26,27,27,27
"Utah","status_quo","Past",2020-06-04,"daily_hosps",26,26,26,27,26,27,27,27
"Utah","linear_increase_sd","Past",2020-06-04,"latent_trend",NA,NA,NA,0.452186931406984,NA,NA,NA,NA
"Utah","return_normal","Past",2020-06-04,"latent_trend",NA,NA,NA,0.452186931406984,NA,NA,NA,NA
"Utah","status_quo","Past",2020-06-04,"latent_trend",NA,NA,NA,0.452186931406984,NA,NA,NA,NA
"Utah","linear_increase_sd","Past",2020-06-04,"mobility_trend",NA,NA,NA,0.882125235762469,NA,NA,NA,NA
"Utah","return_normal","Past",2020-06-04,"mobility_trend",NA,NA,NA,0.882125235762469,NA,NA,NA,NA
"Utah","status_quo","Past",2020-06-04,"mobility_trend",NA,NA,NA,0.882125235762469,NA,NA,NA,NA
"Utah",NA,"Past",2020-06-05,"actual_cumulative_cases",NA,NA,NA,11252,NA,NA,NA,NA
"Utah",NA,"Past",2020-06-05,"actual_cumulative_deaths",NA,NA,NA,125,NA,NA,NA,NA
"Utah",NA,"Past",2020-06-05,"actual_daily_cases",NA,NA,NA,439,NA,NA,NA,NA
"Utah",NA,"Past",2020-06-05,"actual_daily_deaths",NA,NA,NA,3,NA,NA,NA,NA
"Utah","linear_increase_sd","Past",2020-06-05,"combined_trend",NA,NA,NA,0.402206241446294,NA,NA,NA,NA
"Utah","return_normal","Past",2020-06-05,"combined_trend",NA,NA,NA,0.402206241446294,NA,NA,NA,NA
"Utah","status_quo","Past",2020-06-05,"combined_trend",NA,NA,NA,0.402206241446294,NA,NA,NA,NA
"Utah","linear_increase_sd","Past",2020-06-05,"cumulative_all_infections",41593,41593,41593,42972,42807,44516,44516,44516
"Utah","return_normal","Past",2020-06-05,"cumulative_all_infections",41593,41593,41593,42972,42807,44516,44516,44516
"Utah","status_quo","Past",2020-06-05,"cumulative_all_infections",41593,41593,41593,42972,42807,44516,44516,44516
"Utah","linear_increase_sd","Past",2020-06-05,"cumulative_cases",10627,10627,10627,10965,10883,11385,11385,11385
"Utah","return_normal","Past",2020-06-05,"cumulative_cases",10627,10627,10627,10965,10883,11385,11385,11385
"Utah","status_quo","Past",2020-06-05,"cumulative_cases",10627,10627,10627,10965,10883,11385,11385,11385
"Utah","linear_increase_sd","Past",2020-06-05,"cumulative_deaths",213,213,213,226,226,237,237,237
"Utah","return_normal","Past",2020-06-05,"cumulative_deaths",213,213,213,226,226,237,237,237
"Utah","status_quo","Past",2020-06-05,"cumulative_deaths",213,213,213,226,226,237,237,237
"Utah","linear_increase_sd","Past",2020-06-05,"cumulative_hosps",1144,1144,1144,1200,1199,1257,1257,1257
"Utah","return_normal","Past",2020-06-05,"cumulative_hosps",1144,1144,1144,1200,1199,1257,1257,1257
"Utah","status_quo","Past",2020-06-05,"cumulative_hosps",1144,1144,1144,1200,1199,1257,1257,1257
"Utah","linear_increase_sd","Past",2020-06-05,"daily_all_infections",798,798,798,833,814,886,886,886
"Utah","return_normal","Past",2020-06-05,"daily_all_infections",798,798,798,833,814,886,886,886
"Utah","status_quo","Past",2020-06-05,"daily_all_infections",798,798,798,833,814,886,886,886
"Utah","linear_increase_sd","Past",2020-06-05,"daily_cases",233,233,233,243,243,251,251,251
"Utah","return_normal","Past",2020-06-05,"daily_cases",233,233,233,243,243,251,251,251
"Utah","status_quo","Past",2020-06-05,"daily_cases",233,233,233,243,243,251,251,251
"Utah","linear_increase_sd","Past",2020-06-05,"daily_deaths",3,3,3,4,4,4,4,4
"Utah","return_normal","Past",2020-06-05,"daily_deaths",3,3,3,4,4,4,4,4
"Utah","status_quo","Past",2020-06-05,"daily_deaths",3,3,3,4,4,4,4,4
"Utah","linear_increase_sd","Past",2020-06-05,"daily_hosps",26,26,26,27,27,27,27,27
"Utah","return_normal","Past",2020-06-05,"daily_hosps",26,26,26,27,27,27,27,27
"Utah","status_quo","Past",2020-06-05,"daily_hosps",26,26,26,27,27,27,27,27
"Utah","linear_increase_sd","Past",2020-06-05,"latent_trend",NA,NA,NA,0.455573350653822,NA,NA,NA,NA
"Utah","return_normal","Past",2020-06-05,"latent_trend",NA,NA,NA,0.455573350653822,NA,NA,NA,NA
"Utah","status_quo","Past",2020-06-05,"latent_trend",NA,NA,NA,0.455573350653822,NA,NA,NA,NA
"Utah","linear_increase_sd","Past",2020-06-05,"mobility_trend",NA,NA,NA,0.882857262983145,NA,NA,NA,NA
"Utah","return_normal","Past",2020-06-05,"mobility_trend",NA,NA,NA,0.882857262983145,NA,NA,NA,NA
"Utah","status_quo","Past",2020-06-05,"mobility_trend",NA,NA,NA,0.882857262983145,NA,NA,NA,NA
"Utah",NA,"Past",2020-06-06,"actual_cumulative_cases",NA,NA,NA,11798,NA,NA,NA,NA
"Utah",NA,"Past",2020-06-06,"actual_cumulative_deaths",NA,NA,NA,126,NA,NA,NA,NA
"Utah",NA,"Past",2020-06-06,"actual_daily_cases",NA,NA,NA,546,NA,NA,NA,NA
"Utah",NA,"Past",2020-06-06,"actual_daily_deaths",NA,NA,NA,1,NA,NA,NA,NA
"Utah","linear_increase_sd","Past",2020-06-06,"combined_trend",NA,NA,NA,0.405723383650677,NA,NA,NA,NA
"Utah","return_normal","Past",2020-06-06,"combined_trend",NA,NA,NA,0.405723383650677,NA,NA,NA,NA
"Utah","status_quo","Past",2020-06-06,"combined_trend",NA,NA,NA,0.405723383650677,NA,NA,NA,NA
"Utah","linear_increase_sd","Past",2020-06-06,"cumulative_all_infections",42498,42498,42498,43826,43644,45336,45336,45336
"Utah","return_normal","Past",2020-06-06,"cumulative_all_infections",42498,42498,42498,43826,43644,45336,45336,45336
"Utah","status_quo","Past",2020-06-06,"cumulative_all_infections",42498,42498,42498,43826,43644,45336,45336,45336
"Utah","linear_increase_sd","Past",2020-06-06,"cumulative_cases",10885,10885,10885,11213,11114,11640,11640,11640
"Utah","return_normal","Past",2020-06-06,"cumulative_cases",10885,10885,10885,11213,11114,11640,11640,11640
"Utah","status_quo","Past",2020-06-06,"cumulative_cases",10885,10885,10885,11213,11114,11640,11640,11640
"Utah","linear_increase_sd","Past",2020-06-06,"cumulative_deaths",216,216,216,229,229,240,240,240
"Utah","return_normal","Past",2020-06-06,"cumulative_deaths",216,216,216,229,229,240,240,240
"Utah","status_quo","Past",2020-06-06,"cumulative_deaths",216,216,216,229,229,240,240,240
"Utah","linear_increase_sd","Past",2020-06-06,"cumulative_hosps",1171,1171,1171,1227,1226,1284,1284,1284
"Utah","return_normal","Past",2020-06-06,"cumulative_hosps",1171,1171,1171,1227,1226,1284,1284,1284
"Utah","status_quo","Past",2020-06-06,"cumulative_hosps",1171,1171,1171,1227,1226,1284,1284,1284
"Utah","linear_increase_sd","Past",2020-06-06,"daily_all_infections",820,820,820,854,837,905,905,905
"Utah","return_normal","Past",2020-06-06,"daily_all_infections",820,820,820,854,837,905,905,905
"Utah","status_quo","Past",2020-06-06,"daily_all_infections",820,820,820,854,837,905,905,905
"Utah","linear_increase_sd","Past",2020-06-06,"daily_cases",231,231,231,248,255,258,258,258
"Utah","return_normal","Past",2020-06-06,"daily_cases",231,231,231,248,255,258,258,258
"Utah","status_quo","Past",2020-06-06,"daily_cases",231,231,231,248,255,258,258,258
"Utah","linear_increase_sd","Past",2020-06-06,"daily_deaths",3,3,3,3,3,3,3,3
"Utah","return_normal","Past",2020-06-06,"daily_deaths",3,3,3,3,3,3,3,3
"Utah","status_quo","Past",2020-06-06,"daily_deaths",3,3,3,3,3,3,3,3
"Utah","linear_increase_sd","Past",2020-06-06,"daily_hosps",27,27,27,27,27,27,27,27
"Utah","return_normal","Past",2020-06-06,"daily_hosps",27,27,27,27,27,27,27,27
"Utah","status_quo","Past",2020-06-06,"daily_hosps",27,27,27,27,27,27,27,27
"Utah","linear_increase_sd","Past",2020-06-06,"latent_trend",NA,NA,NA,0.458976327621092,NA,NA,NA,NA
"Utah","return_normal","Past",2020-06-06,"latent_trend",NA,NA,NA,0.458976327621092,NA,NA,NA,NA
"Utah","status_quo","Past",2020-06-06,"latent_trend",NA,NA,NA,0.458976327621092,NA,NA,NA,NA
"Utah","linear_increase_sd","Past",2020-06-06,"mobility_trend",NA,NA,NA,0.883974530350119,NA,NA,NA,NA
"Utah","return_normal","Past",2020-06-06,"mobility_trend",NA,NA,NA,0.883974530350119,NA,NA,NA,NA
"Utah","status_quo","Past",2020-06-06,"mobility_trend",NA,NA,NA,0.883974530350119,NA,NA,NA,NA
"Utah",NA,"Past",2020-06-07,"actual_cumulative_cases",NA,NA,NA,12066,NA,NA,NA,NA
"Utah",NA,"Past",2020-06-07,"actual_cumulative_deaths",NA,NA,NA,126,NA,NA,NA,NA
"Utah",NA,"Past",2020-06-07,"actual_daily_cases",NA,NA,NA,268,NA,NA,NA,NA
"Utah",NA,"Past",2020-06-07,"actual_daily_deaths",NA,NA,NA,0,NA,NA,NA,NA
"Utah","linear_increase_sd","Past",2020-06-07,"combined_trend",NA,NA,NA,0.409389489935739,NA,NA,NA,NA
"Utah","return_normal","Past",2020-06-07,"combined_trend",NA,NA,NA,0.409389489935739,NA,NA,NA,NA
"Utah","status_quo","Past",2020-06-07,"combined_trend",NA,NA,NA,0.409389489935739,NA,NA,NA,NA
"Utah","linear_increase_sd","Past",2020-06-07,"cumulative_all_infections",43430,43430,43430,44706,44508,46179,46179,46179
"Utah","return_normal","Past",2020-06-07,"cumulative_all_infections",43430,43430,43430,44706,44508,46179,46179,46179
"Utah","status_quo","Past",2020-06-07,"cumulative_all_infections",43430,43430,43430,44706,44508,46179,46179,46179
"Utah","linear_increase_sd","Past",2020-06-07,"cumulative_cases",11153,11153,11153,11462,11363,11868,11868,11868
"Utah","return_normal","Past",2020-06-07,"cumulative_cases",11153,11153,11153,11462,11363,11868,11868,11868
"Utah","status_quo","Past",2020-06-07,"cumulative_cases",11153,11153,11153,11462,11363,11868,11868,11868
"Utah","linear_increase_sd","Past",2020-06-07,"cumulative_deaths",219,219,219,232,233,244,244,244
"Utah","return_normal","Past",2020-06-07,"cumulative_deaths",219,219,219,232,233,244,244,244
"Utah","status_quo","Past",2020-06-07,"cumulative_deaths",219,219,219,232,233,244,244,244
"Utah","linear_increase_sd","Past",2020-06-07,"cumulative_hosps",1199,1199,1199,1255,1254,1312,1312,1312
"Utah","return_normal","Past",2020-06-07,"cumulative_hosps",1199,1199,1199,1255,1254,1312,1312,1312
"Utah","status_quo","Past",2020-06-07,"cumulative_hosps",1199,1199,1199,1255,1254,1312,1312,1312
"Utah","linear_increase_sd","Past",2020-06-07,"daily_all_infections",843,843,843,880,864,932,932,932
"Utah","return_normal","Past",2020-06-07,"daily_all_infections",843,843,843,880,864,932,932,932
"Utah","status_quo","Past",2020-06-07,"daily_all_infections",843,843,843,880,864,932,932,932
"Utah","linear_increase_sd","Past",2020-06-07,"daily_cases",228,228,228,249,249,268,268,268
"Utah","return_normal","Past",2020-06-07,"daily_cases",228,228,228,249,249,268,268,268
"Utah","status_quo","Past",2020-06-07,"daily_cases",228,228,228,249,249,268,268,268
"Utah","linear_increase_sd","Past",2020-06-07,"daily_deaths",3,3,3,4,4,4,4,4
"Utah","return_normal","Past",2020-06-07,"daily_deaths",3,3,3,4,4,4,4,4
"Utah","status_quo","Past",2020-06-07,"daily_deaths",3,3,3,4,4,4,4,4
"Utah","linear_increase_sd","Past",2020-06-07,"daily_hosps",28,28,28,28,28,28,28,28
"Utah","return_normal","Past",2020-06-07,"daily_hosps",28,28,28,28,28,28,28,28
"Utah","status_quo","Past",2020-06-07,"daily_hosps",28,28,28,28,28,28,28,28
"Utah","linear_increase_sd","Past",2020-06-07,"latent_trend",NA,NA,NA,0.46234061773725,NA,NA,NA,NA
"Utah","return_normal","Past",2020-06-07,"latent_trend",NA,NA,NA,0.46234061773725,NA,NA,NA,NA
"Utah","status_quo","Past",2020-06-07,"latent_trend",NA,NA,NA,0.46234061773725,NA,NA,NA,NA
"Utah","linear_increase_sd","Past",2020-06-07,"mobility_trend",NA,NA,NA,0.885471607360263,NA,NA,NA,NA
"Utah","return_normal","Past",2020-06-07,"mobility_trend",NA,NA,NA,0.885471607360263,NA,NA,NA,NA
"Utah","status_quo","Past",2020-06-07,"mobility_trend",NA,NA,NA,0.885471607360263,NA,NA,NA,NA
"Utah",NA,"Past",2020-06-08,"actual_cumulative_cases",NA,NA,NA,12322,NA,NA,NA,NA
"Utah",NA,"Past",2020-06-08,"actual_cumulative_deaths",NA,NA,NA,129,NA,NA,NA,NA
"Utah",NA,"Past",2020-06-08,"actual_daily_cases",NA,NA,NA,256,NA,NA,NA,NA
"Utah",NA,"Past",2020-06-08,"actual_daily_deaths",NA,NA,NA,3,NA,NA,NA,NA
"Utah","linear_increase_sd","Past",2020-06-08,"combined_trend",NA,NA,NA,0.413151673121894,NA,NA,NA,NA
"Utah","return_normal","Past",2020-06-08,"combined_trend",NA,NA,NA,0.413151673121894,NA,NA,NA,NA
"Utah","status_quo","Past",2020-06-08,"combined_trend",NA,NA,NA,0.413151673121894,NA,NA,NA,NA
"Utah","linear_increase_sd","Past",2020-06-08,"cumulative_all_infections",44394,44394,44394,45614,45397,47050,47050,47050
"Utah","return_normal","Past",2020-06-08,"cumulative_all_infections",44394,44394,44394,45614,45397,47050,47050,47050
"Utah","status_quo","Past",2020-06-08,"cumulative_all_infections",44394,44394,44394,45614,45397,47050,47050,47050
"Utah","linear_increase_sd","Past",2020-06-08,"cumulative_cases",11421,11421,11421,11722,11609,12135,12135,12135
"Utah","return_normal","Past",2020-06-08,"cumulative_cases",11421,11421,11421,11722,11609,12135,12135,12135
"Utah","status_quo","Past",2020-06-08,"cumulative_cases",11421,11421,11421,11722,11609,12135,12135,12135
"Utah","linear_increase_sd","Past",2020-06-08,"cumulative_deaths",222,222,222,236,237,247,247,247
"Utah","return_normal","Past",2020-06-08,"cumulative_deaths",222,222,222,236,237,247,247,247
"Utah","status_quo","Past",2020-06-08,"cumulative_deaths",222,222,222,236,237,247,247,247
"Utah","linear_increase_sd","Past",2020-06-08,"cumulative_hosps",1229,1229,1229,1284,1282,1340,1340,1340
"Utah","return_normal","Past",2020-06-08,"cumulative_hosps",1229,1229,1229,1284,1282,1340,1340,1340
"Utah","status_quo","Past",2020-06-08,"cumulative_hosps",1229,1229,1229,1284,1282,1340,1340,1340
"Utah","linear_increase_sd","Past",2020-06-08,"daily_all_infections",871,871,871,908,889,964,964,964
"Utah","return_normal","Past",2020-06-08,"daily_all_infections",871,871,871,908,889,964,964,964
"Utah","status_quo","Past",2020-06-08,"daily_all_infections",871,871,871,908,889,964,964,964
"Utah","linear_increase_sd","Past",2020-06-08,"daily_cases",246,246,246,261,267,268,268,268
"Utah","return_normal","Past",2020-06-08,"daily_cases",246,246,246,261,267,268,268,268
"Utah","status_quo","Past",2020-06-08,"daily_cases",246,246,246,261,267,268,268,268
"Utah","linear_increase_sd","Past",2020-06-08,"daily_deaths",3,3,3,4,3,4,4,4
"Utah","return_normal","Past",2020-06-08,"daily_deaths",3,3,3,4,3,4,4,4
"Utah","status_quo","Past",2020-06-08,"daily_deaths",3,3,3,4,3,4,4,4
"Utah","linear_increase_sd","Past",2020-06-08,"daily_hosps",28,28,28,29,28,30,30,30
"Utah","return_normal","Past",2020-06-08,"daily_hosps",28,28,28,29,28,30,30,30
"Utah","status_quo","Past",2020-06-08,"daily_hosps",28,28,28,29,28,30,30,30
"Utah","linear_increase_sd","Past",2020-06-08,"latent_trend",NA,NA,NA,0.465610754971072,NA,NA,NA,NA
"Utah","return_normal","Past",2020-06-08,"latent_trend",NA,NA,NA,0.465610754971072,NA,NA,NA,NA
"Utah","status_quo","Past",2020-06-08,"latent_trend",NA,NA,NA,0.465610754971072,NA,NA,NA,NA
"Utah","linear_increase_sd","Past",2020-06-08,"mobility_trend",NA,NA,NA,0.887332753186859,NA,NA,NA,NA
"Utah","return_normal","Past",2020-06-08,"mobility_trend",NA,NA,NA,0.887332753186859,NA,NA,NA,NA
"Utah","status_quo","Past",2020-06-08,"mobility_trend",NA,NA,NA,0.887332753186859,NA,NA,NA,NA
"Utah",NA,"Past",2020-06-09,"actual_cumulative_cases",NA,NA,NA,12559,NA,NA,NA,NA
"Utah",NA,"Past",2020-06-09,"actual_cumulative_deaths",NA,NA,NA,132,NA,NA,NA,NA
"Utah",NA,"Past",2020-06-09,"actual_daily_cases",NA,NA,NA,237,NA,NA,NA,NA
"Utah",NA,"Past",2020-06-09,"actual_daily_deaths",NA,NA,NA,3,NA,NA,NA,NA
"Utah","linear_increase_sd","Past",2020-06-09,"combined_trend",NA,NA,NA,0.416956116141005,NA,NA,NA,NA
"Utah","return_normal","Past",2020-06-09,"combined_trend",NA,NA,NA,0.416956116141005,NA,NA,NA,NA
"Utah","status_quo","Past",2020-06-09,"combined_trend",NA,NA,NA,0.416956116141005,NA,NA,NA,NA
"Utah","linear_increase_sd","Past",2020-06-09,"cumulative_all_infections",45381,45381,45381,46547,46310,47948,47948,47948
"Utah","return_normal","Past",2020-06-09,"cumulative_all_infections",45381,45381,45381,46547,46310,47948,47948,47948
"Utah","status_quo","Past",2020-06-09,"cumulative_all_infections",45381,45381,45381,46547,46310,47948,47948,47948
"Utah","linear_increase_sd","Past",2020-06-09,"cumulative_cases",11694,11694,11694,11996,11904,12389,12389,12389
"Utah","return_normal","Past",2020-06-09,"cumulative_cases",11694,11694,11694,11996,11904,12389,12389,12389
"Utah","status_quo","Past",2020-06-09,"cumulative_cases",11694,11694,11694,11996,11904,12389,12389,12389
"Utah","linear_increase_sd","Past",2020-06-09,"cumulative_deaths",225,225,225,239,241,251,251,251
"Utah","return_normal","Past",2020-06-09,"cumulative_deaths",225,225,225,239,241,251,251,251
"Utah","status_quo","Past",2020-06-09,"cumulative_deaths",225,225,225,239,241,251,251,251
"Utah","linear_increase_sd","Past",2020-06-09,"cumulative_hosps",1258,1258,1258,1312,1309,1368,1368,1368
"Utah","return_normal","Past",2020-06-09,"cumulative_hosps",1258,1258,1258,1312,1309,1368,1368,1368
"Utah","status_quo","Past",2020-06-09,"cumulative_hosps",1258,1258,1258,1312,1309,1368,1368,1368
"Utah","linear_increase_sd","Past",2020-06-09,"daily_all_infections",898,898,898,933,913,987,987,987
"Utah","return_normal","Past",2020-06-09,"daily_all_infections",898,898,898,933,913,987,987,987
"Utah","status_quo","Past",2020-06-09,"daily_all_infections",898,898,898,933,913,987,987,987
"Utah","linear_increase_sd","Past",2020-06-09,"daily_cases",254,254,254,274,273,295,295,295
"Utah","return_normal","Past",2020-06-09,"daily_cases",254,254,254,274,273,295,295,295
"Utah","status_quo","Past",2020-06-09,"daily_cases",254,254,254,274,273,295,295,295
"Utah","linear_increase_sd","Past",2020-06-09,"daily_deaths",3,3,3,4,4,4,4,4
"Utah","return_normal","Past",2020-06-09,"daily_deaths",3,3,3,4,4,4,4,4
"Utah","status_quo","Past",2020-06-09,"daily_deaths",3,3,3,4,4,4,4,4
"Utah","linear_increase_sd","Past",2020-06-09,"daily_hosps",27,27,27,28,28,29,29,29
"Utah","return_normal","Past",2020-06-09,"daily_hosps",27,27,27,28,28,29,29,29
"Utah","status_quo","Past",2020-06-09,"daily_hosps",27,27,27,28,28,29,29,29
"Utah","linear_increase_sd","Past",2020-06-09,"latent_trend",NA,NA,NA,0.468731110771101,NA,NA,NA,NA
"Utah","return_normal","Past",2020-06-09,"latent_trend",NA,NA,NA,0.468731110771101,NA,NA,NA,NA
"Utah","status_quo","Past",2020-06-09,"latent_trend",NA,NA,NA,0.468731110771101,NA,NA,NA,NA
"Utah","linear_increase_sd","Past",2020-06-09,"mobility_trend",NA,NA,NA,0.88954222700319,NA,NA,NA,NA
"Utah","return_normal","Past",2020-06-09,"mobility_trend",NA,NA,NA,0.88954222700319,NA,NA,NA,NA
"Utah","status_quo","Past",2020-06-09,"mobility_trend",NA,NA,NA,0.88954222700319,NA,NA,NA,NA
"Utah",NA,"Past",2020-06-10,"actual_cumulative_cases",NA,NA,NA,12864,NA,NA,NA,NA
"Utah",NA,"Past",2020-06-10,"actual_cumulative_deaths",NA,NA,NA,133,NA,NA,NA,NA
"Utah",NA,"Past",2020-06-10,"actual_daily_cases",NA,NA,NA,305,NA,NA,NA,NA
"Utah",NA,"Past",2020-06-10,"actual_daily_deaths",NA,NA,NA,1,NA,NA,NA,NA
"Utah","linear_increase_sd","Past",2020-06-10,"combined_trend",NA,NA,NA,0.420745100273919,NA,NA,NA,NA
"Utah","return_normal","Past",2020-06-10,"combined_trend",NA,NA,NA,0.420745100273919,NA,NA,NA,NA
"Utah","status_quo","Past",2020-06-10,"combined_trend",NA,NA,NA,0.420745100273919,NA,NA,NA,NA
"Utah","linear_increase_sd","Past",2020-06-10,"cumulative_all_infections",46397,46397,46397,47510,47251,48881,48881,48881
"Utah","return_normal","Past",2020-06-10,"cumulative_all_infections",46397,46397,46397,47510,47251,48881,48881,48881
"Utah","status_quo","Past",2020-06-10,"cumulative_all_infections",46397,46397,46397,47510,47251,48881,48881,48881
"Utah","linear_increase_sd","Past",2020-06-10,"cumulative_cases",11986,11986,11986,12273,12160,12672,12672,12672
"Utah","return_normal","Past",2020-06-10,"cumulative_cases",11986,11986,11986,12273,12160,12672,12672,12672
"Utah","status_quo","Past",2020-06-10,"cumulative_cases",11986,11986,11986,12273,12160,12672,12672,12672
"Utah","linear_increase_sd","Past",2020-06-10,"cumulative_deaths",228,228,228,243,245,254,254,254
"Utah","return_normal","Past",2020-06-10,"cumulative_deaths",228,228,228,243,245,254,254,254
"Utah","status_quo","Past",2020-06-10,"cumulative_deaths",228,228,228,243,245,254,254,254
"Utah","linear_increase_sd","Past",2020-06-10,"cumulative_hosps",1288,1288,1288,1341,1338,1397,1397,1397
"Utah","return_normal","Past",2020-06-10,"cumulative_hosps",1288,1288,1288,1341,1338,1397,1397,1397
"Utah","status_quo","Past",2020-06-10,"cumulative_hosps",1288,1288,1288,1341,1338,1397,1397,1397
"Utah","linear_increase_sd","Past",2020-06-10,"daily_all_infections",933,933,933,964,941,1016,1016,1016
"Utah","return_normal","Past",2020-06-10,"daily_all_infections",933,933,933,964,941,1016,1016,1016
"Utah","status_quo","Past",2020-06-10,"daily_all_infections",933,933,933,964,941,1016,1016,1016
"Utah","linear_increase_sd","Past",2020-06-10,"daily_cases",256,256,256,277,283,292,292,292
"Utah","return_normal","Past",2020-06-10,"daily_cases",256,256,256,277,283,292,292,292
"Utah","status_quo","Past",2020-06-10,"daily_cases",256,256,256,277,283,292,292,292
"Utah","linear_increase_sd","Past",2020-06-10,"daily_deaths",3,3,3,4,3,4,4,4
"Utah","return_normal","Past",2020-06-10,"daily_deaths",3,3,3,4,3,4,4,4
"Utah","status_quo","Past",2020-06-10,"daily_deaths",3,3,3,4,3,4,4,4
"Utah","linear_increase_sd","Past",2020-06-10,"daily_hosps",29,29,29,30,29,30,30,30
"Utah","return_normal","Past",2020-06-10,"daily_hosps",29,29,29,30,29,30,30,30
"Utah","status_quo","Past",2020-06-10,"daily_hosps",29,29,29,30,29,30,30,30
"Utah","linear_increase_sd","Past",2020-06-10,"latent_trend",NA,NA,NA,0.471645954219401,NA,NA,NA,NA
"Utah","return_normal","Past",2020-06-10,"latent_trend",NA,NA,NA,0.471645954219401,NA,NA,NA,NA
"Utah","status_quo","Past",2020-06-10,"latent_trend",NA,NA,NA,0.471645954219401,NA,NA,NA,NA
"Utah","linear_increase_sd","Past",2020-06-10,"mobility_trend",NA,NA,NA,0.892078255966966,NA,NA,NA,NA
"Utah","return_normal","Past",2020-06-10,"mobility_trend",NA,NA,NA,0.892078255966966,NA,NA,NA,NA
"Utah","status_quo","Past",2020-06-10,"mobility_trend",NA,NA,NA,0.892078255966966,NA,NA,NA,NA
"Utah",NA,"Past",2020-06-11,"actual_cumulative_cases",NA,NA,NA,13252,NA,NA,NA,NA
"Utah",NA,"Past",2020-06-11,"actual_cumulative_deaths",NA,NA,NA,136,NA,NA,NA,NA
"Utah",NA,"Past",2020-06-11,"actual_daily_cases",NA,NA,NA,388,NA,NA,NA,NA
"Utah",NA,"Past",2020-06-11,"actual_daily_deaths",NA,NA,NA,3,NA,NA,NA,NA
"Utah","linear_increase_sd","Past",2020-06-11,"combined_trend",NA,NA,NA,0.424448229848984,NA,NA,NA,NA
"Utah","return_normal","Past",2020-06-11,"combined_trend",NA,NA,NA,0.424448229848984,NA,NA,NA,NA
"Utah","status_quo","Past",2020-06-11,"combined_trend",NA,NA,NA,0.424448229848984,NA,NA,NA,NA
"Utah","linear_increase_sd","Past",2020-06-11,"cumulative_all_infections",47444,47444,47444,48505,48224,49845,49845,49845
"Utah","return_normal","Past",2020-06-11,"cumulative_all_infections",47444,47444,47444,48505,48224,49845,49845,49845
"Utah","status_quo","Past",2020-06-11,"cumulative_all_infections",47444,47444,47444,48505,48224,49845,49845,49845
"Utah","linear_increase_sd","Past",2020-06-11,"cumulative_cases",12278,12278,12278,12553,12429,12952,12952,12952
"Utah","return_normal","Past",2020-06-11,"cumulative_cases",12278,12278,12278,12553,12429,12952,12952,12952
"Utah","status_quo","Past",2020-06-11,"cumulative_cases",12278,12278,12278,12553,12429,12952,12952,12952
"Utah","linear_increase_sd","Past",2020-06-11,"cumulative_deaths",232,232,232,246,248,257,257,257
"Utah","return_normal","Past",2020-06-11,"cumulative_deaths",232,232,232,246,248,257,257,257
"Utah","status_quo","Past",2020-06-11,"cumulative_deaths",232,232,232,246,248,257,257,257
"Utah","linear_increase_sd","Past",2020-06-11,"cumulative_hosps",1320,1320,1320,1372,1368,1426,1426,1426
"Utah","return_normal","Past",2020-06-11,"cumulative_hosps",1320,1320,1320,1372,1368,1426,1426,1426
"Utah","status_quo","Past",2020-06-11,"cumulative_hosps",1320,1320,1320,1372,1368,1426,1426,1426
"Utah","linear_increase_sd","Past",2020-06-11,"daily_all_infections",964,964,964,995,973,1047,1047,1047
"Utah","return_normal","Past",2020-06-11,"daily_all_infections",964,964,964,995,973,1047,1047,1047
"Utah","status_quo","Past",2020-06-11,"daily_all_infections",964,964,964,995,973,1047,1047,1047
"Utah","linear_increase_sd","Past",2020-06-11,"daily_cases",269,269,269,281,280,292,292,292
"Utah","return_normal","Past",2020-06-11,"daily_cases",269,269,269,281,280,292,292,292
"Utah","status_quo","Past",2020-06-11,"daily_cases",269,269,269,281,280,292,292,292
"Utah","linear_increase_sd","Past",2020-06-11,"daily_deaths",3,3,3,4,3,4,4,4
"Utah","return_normal","Past",2020-06-11,"daily_deaths",3,3,3,4,3,4,4,4
"Utah","status_quo","Past",2020-06-11,"daily_deaths",3,3,3,4,3,4,4,4
"Utah","linear_increase_sd","Past",2020-06-11,"daily_hosps",29,29,29,31,30,32,32,32
"Utah","return_normal","Past",2020-06-11,"daily_hosps",29,29,29,31,30,32,32,32
"Utah","status_quo","Past",2020-06-11,"daily_hosps",29,29,29,31,30,32,32,32
"Utah","linear_increase_sd","Past",2020-06-11,"latent_trend",NA,NA,NA,0.474299508544476,NA,NA,NA,NA
"Utah","return_normal","Past",2020-06-11,"latent_trend",NA,NA,NA,0.474299508544476,NA,NA,NA,NA
"Utah","status_quo","Past",2020-06-11,"latent_trend",NA,NA,NA,0.474299508544476,NA,NA,NA,NA
"Utah","linear_increase_sd","Past",2020-06-11,"mobility_trend",NA,NA,NA,0.894894939173615,NA,NA,NA,NA
"Utah","return_normal","Past",2020-06-11,"mobility_trend",NA,NA,NA,0.894894939173615,NA,NA,NA,NA
"Utah","status_quo","Past",2020-06-11,"mobility_trend",NA,NA,NA,0.894894939173615,NA,NA,NA,NA
"Utah",NA,"Past",2020-06-12,"actual_cumulative_cases",NA,NA,NA,13577,NA,NA,NA,NA
"Utah",NA,"Past",2020-06-12,"actual_cumulative_deaths",NA,NA,NA,144,NA,NA,NA,NA
"Utah",NA,"Past",2020-06-12,"actual_daily_cases",NA,NA,NA,325,NA,NA,NA,NA
"Utah",NA,"Past",2020-06-12,"actual_daily_deaths",NA,NA,NA,8,NA,NA,NA,NA
"Utah","linear_increase_sd","Past",2020-06-12,"combined_trend",NA,NA,NA,0.427990693800338,NA,NA,NA,NA
"Utah","return_normal","Past",2020-06-12,"combined_trend",NA,NA,NA,0.427990693800338,NA,NA,NA,NA
"Utah","status_quo","Past",2020-06-12,"combined_trend",NA,NA,NA,0.427990693800338,NA,NA,NA,NA
"Utah","linear_increase_sd","Past",2020-06-12,"cumulative_all_infections",48526,48526,48526,49537,49231,50852,50852,50852
"Utah","return_normal","Past",2020-06-12,"cumulative_all_infections",48526,48526,48526,49537,49231,50852,50852,50852
"Utah","status_quo","Past",2020-06-12,"cumulative_all_infections",48526,48526,48526,49537,49231,50852,50852,50852
"Utah","linear_increase_sd","Past",2020-06-12,"cumulative_cases",12584,12584,12584,12847,12720,13237,13237,13237
"Utah","return_normal","Past",2020-06-12,"cumulative_cases",12584,12584,12584,12847,12720,13237,13237,13237
"Utah","status_quo","Past",2020-06-12,"cumulative_cases",12584,12584,12584,12847,12720,13237,13237,13237
"Utah","linear_increase_sd","Past",2020-06-12,"cumulative_deaths",235,235,235,249,251,260,260,260
"Utah","return_normal","Past",2020-06-12,"cumulative_deaths",235,235,235,249,251,260,260,260
"Utah","status_quo","Past",2020-06-12,"cumulative_deaths",235,235,235,249,251,260,260,260
"Utah","linear_increase_sd","Past",2020-06-12,"cumulative_hosps",1352,1352,1352,1402,1398,1456,1456,1456
"Utah","return_normal","Past",2020-06-12,"cumulative_hosps",1352,1352,1352,1402,1398,1456,1456,1456
"Utah","status_quo","Past",2020-06-12,"cumulative_hosps",1352,1352,1352,1402,1398,1456,1456,1456
"Utah","linear_increase_sd","Past",2020-06-12,"daily_all_infections",1007,1007,1007,1032,1007,1082,1082,1082
"Utah","return_normal","Past",2020-06-12,"daily_all_infections",1007,1007,1007,1032,1007,1082,1082,1082
"Utah","status_quo","Past",2020-06-12,"daily_all_infections",1007,1007,1007,1032,1007,1082,1082,1082
"Utah","linear_increase_sd","Past",2020-06-12,"daily_cases",285,285,285,294,291,306,306,306
"Utah","return_normal","Past",2020-06-12,"daily_cases",285,285,285,294,291,306,306,306
"Utah","status_quo","Past",2020-06-12,"daily_cases",285,285,285,294,291,306,306,306
"Utah","linear_increase_sd","Past",2020-06-12,"daily_deaths",3,3,3,3,3,3,3,3
"Utah","return_normal","Past",2020-06-12,"daily_deaths",3,3,3,3,3,3,3,3
"Utah","status_quo","Past",2020-06-12,"daily_deaths",3,3,3,3,3,3,3,3
"Utah","linear_increase_sd","Past",2020-06-12,"daily_hosps",30,30,30,31,30,32,32,32
"Utah","return_normal","Past",2020-06-12,"daily_hosps",30,30,30,31,30,32,32,32
"Utah","status_quo","Past",2020-06-12,"daily_hosps",30,30,30,31,30,32,32,32
"Utah","linear_increase_sd","Past",2020-06-12,"latent_trend",NA,NA,NA,0.476636000154931,NA,NA,NA,NA
"Utah","return_normal","Past",2020-06-12,"latent_trend",NA,NA,NA,0.476636000154931,NA,NA,NA,NA
"Utah","status_quo","Past",2020-06-12,"latent_trend",NA,NA,NA,0.476636000154931,NA,NA,NA,NA
"Utah","linear_increase_sd","Past",2020-06-12,"mobility_trend",NA,NA,NA,0.897940343702993,NA,NA,NA,NA
"Utah","return_normal","Past",2020-06-12,"mobility_trend",NA,NA,NA,0.897940343702993,NA,NA,NA,NA
"Utah","status_quo","Past",2020-06-12,"mobility_trend",NA,NA,NA,0.897940343702993,NA,NA,NA,NA
"Utah",NA,"Past",2020-06-13,"actual_cumulative_cases",NA,NA,NA,13981,NA,NA,NA,NA
"Utah",NA,"Past",2020-06-13,"actual_cumulative_deaths",NA,NA,NA,144,NA,NA,NA,NA
"Utah",NA,"Past",2020-06-13,"actual_daily_cases",NA,NA,NA,404,NA,NA,NA,NA
"Utah",NA,"Past",2020-06-13,"actual_daily_deaths",NA,NA,NA,0,NA,NA,NA,NA
"Utah","linear_increase_sd","Past",2020-06-13,"combined_trend",NA,NA,NA,0.431296117683694,NA,NA,NA,NA
"Utah","return_normal","Past",2020-06-13,"combined_trend",NA,NA,NA,0.431296117683694,NA,NA,NA,NA
"Utah","status_quo","Past",2020-06-13,"combined_trend",NA,NA,NA,0.431296117683694,NA,NA,NA,NA
"Utah","linear_increase_sd","Past",2020-06-13,"cumulative_all_infections",49633,49633,49633,50599,50270,51893,51893,51893
"Utah","return_normal","Past",2020-06-13,"cumulative_all_infections",49633,49633,49633,50599,50270,51893,51893,51893
"Utah","status_quo","Past",2020-06-13,"cumulative_all_infections",49633,49633,49633,50599,50270,51893,51893,51893
"Utah","linear_increase_sd","Past",2020-06-13,"cumulative_cases",12925,12925,12925,13158,13011,13538,13538,13538
"Utah","return_normal","Past",2020-06-13,"cumulative_cases",12925,12925,12925,13158,13011,13538,13538,13538
"Utah","status_quo","Past",2020-06-13,"cumulative_cases",12925,12925,12925,13158,13011,13538,13538,13538
"Utah","linear_increase_sd","Past",2020-06-13,"cumulative_deaths",238,238,238,252,254,263,263,263
"Utah","return_normal","Past",2020-06-13,"cumulative_deaths",238,238,238,252,254,263,263,263
"Utah","status_quo","Past",2020-06-13,"cumulative_deaths",238,238,238,252,254,263,263,263
"Utah","linear_increase_sd","Past",2020-06-13,"cumulative_hosps",1385,1385,1385,1434,1430,1487,1487,1487
"Utah","return_normal","Past",2020-06-13,"cumulative_hosps",1385,1385,1385,1434,1430,1487,1487,1487
"Utah","status_quo","Past",2020-06-13,"cumulative_hosps",1385,1385,1385,1434,1430,1487,1487,1487
"Utah","linear_increase_sd","Past",2020-06-13,"daily_all_infections",1039,1039,1039,1063,1041,1107,1107,1107
"Utah","return_normal","Past",2020-06-13,"daily_all_infections",1039,1039,1039,1063,1041,1107,1107,1107
"Utah","status_quo","Past",2020-06-13,"daily_all_infections",1039,1039,1039,1063,1041,1107,1107,1107
"Utah","linear_increase_sd","Past",2020-06-13,"daily_cases",291,291,291,311,301,341,341,341
"Utah","return_normal","Past",2020-06-13,"daily_cases",291,291,291,311,301,341,341,341
"Utah","status_quo","Past",2020-06-13,"daily_cases",291,291,291,311,301,341,341,341
"Utah","linear_increase_sd","Past",2020-06-13,"daily_deaths",3,3,3,3,3,3,3,3
"Utah","return_normal","Past",2020-06-13,"daily_deaths",3,3,3,3,3,3,3,3
"Utah","status_quo","Past",2020-06-13,"daily_deaths",3,3,3,3,3,3,3,3
"Utah","linear_increase_sd","Past",2020-06-13,"daily_hosps",31,31,31,32,32,33,33,33
"Utah","return_normal","Past",2020-06-13,"daily_hosps",31,31,31,32,32,33,33,33
"Utah","status_quo","Past",2020-06-13,"daily_hosps",31,31,31,32,32,33,33,33
"Utah","linear_increase_sd","Past",2020-06-13,"latent_trend",NA,NA,NA,0.478599697779495,NA,NA,NA,NA
"Utah","return_normal","Past",2020-06-13,"latent_trend",NA,NA,NA,0.478599697779495,NA,NA,NA,NA
"Utah","status_quo","Past",2020-06-13,"latent_trend",NA,NA,NA,0.478599697779495,NA,NA,NA,NA
"Utah","linear_increase_sd","Past",2020-06-13,"mobility_trend",NA,NA,NA,0.901162536634958,NA,NA,NA,NA
"Utah","return_normal","Past",2020-06-13,"mobility_trend",NA,NA,NA,0.901162536634958,NA,NA,NA,NA
"Utah","status_quo","Past",2020-06-13,"mobility_trend",NA,NA,NA,0.901162536634958,NA,NA,NA,NA
"Utah",NA,"Past",2020-06-14,"actual_cumulative_cases",NA,NA,NA,14313,NA,NA,NA,NA
"Utah",NA,"Past",2020-06-14,"actual_cumulative_deaths",NA,NA,NA,144,NA,NA,NA,NA
"Utah",NA,"Past",2020-06-14,"actual_daily_cases",NA,NA,NA,332,NA,NA,NA,NA
"Utah",NA,"Past",2020-06-14,"actual_daily_deaths",NA,NA,NA,0,NA,NA,NA,NA
"Utah","linear_increase_sd","Past",2020-06-14,"combined_trend",NA,NA,NA,0.434286656362238,NA,NA,NA,NA
"Utah","return_normal","Past",2020-06-14,"combined_trend",NA,NA,NA,0.434286656362238,NA,NA,NA,NA
"Utah","status_quo","Past",2020-06-14,"combined_trend",NA,NA,NA,0.434286656362238,NA,NA,NA,NA
"Utah","linear_increase_sd","Past",2020-06-14,"cumulative_all_infections",50777,50777,50777,51697,51345,52968,52968,52968
"Utah","return_normal","Past",2020-06-14,"cumulative_all_infections",50777,50777,50777,51697,51345,52968,52968,52968
"Utah","status_quo","Past",2020-06-14,"cumulative_all_infections",50777,50777,50777,51697,51345,52968,52968,52968
"Utah","linear_increase_sd","Past",2020-06-14,"cumulative_cases",13234,13234,13234,13464,13316,13840,13840,13840
"Utah","return_normal","Past",2020-06-14,"cumulative_cases",13234,13234,13234,13464,13316,13840,13840,13840
"Utah","status_quo","Past",2020-06-14,"cumulative_cases",13234,13234,13234,13464,13316,13840,13840,13840
"Utah","linear_increase_sd","Past",2020-06-14,"cumulative_deaths",242,242,242,256,258,267,267,267
"Utah","return_normal","Past",2020-06-14,"cumulative_deaths",242,242,242,256,258,267,267,267
"Utah","status_quo","Past",2020-06-14,"cumulative_deaths",242,242,242,256,258,267,267,267
"Utah","linear_increase_sd","Past",2020-06-14,"cumulative_hosps",1419,1419,1419,1467,1462,1518,1518,1518
"Utah","return_normal","Past",2020-06-14,"cumulative_hosps",1419,1419,1419,1467,1462,1518,1518,1518
"Utah","status_quo","Past",2020-06-14,"cumulative_hosps",1419,1419,1419,1467,1462,1518,1518,1518
"Utah","linear_increase_sd","Past",2020-06-14,"daily_all_infections",1075,1075,1075,1098,1075,1144,1144,1144
"Utah","return_normal","Past",2020-06-14,"daily_all_infections",1075,1075,1075,1098,1075,1144,1144,1144
"Utah","status_quo","Past",2020-06-14,"daily_all_infections",1075,1075,1075,1098,1075,1144,1144,1144
"Utah","linear_increase_sd","Past",2020-06-14,"daily_cases",302,302,302,306,305,309,309,309
"Utah","return_normal","Past",2020-06-14,"daily_cases",302,302,302,306,305,309,309,309
"Utah","status_quo","Past",2020-06-14,"daily_cases",302,302,302,306,305,309,309,309
"Utah","linear_increase_sd","Past",2020-06-14,"daily_deaths",4,4,4,4,4,4,4,4
"Utah","return_normal","Past",2020-06-14,"daily_deaths",4,4,4,4,4,4,4,4
"Utah","status_quo","Past",2020-06-14,"daily_deaths",4,4,4,4,4,4,4,4
"Utah","linear_increase_sd","Past",2020-06-14,"daily_hosps",31,31,31,33,32,34,34,34
"Utah","return_normal","Past",2020-06-14,"daily_hosps",31,31,31,33,32,34,34,34
"Utah","status_quo","Past",2020-06-14,"daily_hosps",31,31,31,33,32,34,34,34
"Utah","linear_increase_sd","Past",2020-06-14,"latent_trend",NA,NA,NA,0.480134941122305,NA,NA,NA,NA
"Utah","return_normal","Past",2020-06-14,"latent_trend",NA,NA,NA,0.480134941122305,NA,NA,NA,NA
"Utah","status_quo","Past",2020-06-14,"latent_trend",NA,NA,NA,0.480134941122305,NA,NA,NA,NA
"Utah","linear_increase_sd","Past",2020-06-14,"mobility_trend",NA,NA,NA,0.904509585049366,NA,NA,NA,NA
"Utah","return_normal","Past",2020-06-14,"mobility_trend",NA,NA,NA,0.904509585049366,NA,NA,NA,NA
"Utah","status_quo","Past",2020-06-14,"mobility_trend",NA,NA,NA,0.904509585049366,NA,NA,NA,NA
"Utah",NA,"Past",2020-06-15,"actual_cumulative_cases",NA,NA,NA,14608,NA,NA,NA,NA
"Utah",NA,"Past",2020-06-15,"actual_cumulative_deaths",NA,NA,NA,148,NA,NA,NA,NA
"Utah",NA,"Past",2020-06-15,"actual_daily_cases",NA,NA,NA,295,NA,NA,NA,NA
"Utah",NA,"Past",2020-06-15,"actual_daily_deaths",NA,NA,NA,4,NA,NA,NA,NA
"Utah","linear_increase_sd","Past",2020-06-15,"combined_trend",NA,NA,NA,0.436884191248198,NA,NA,NA,NA
"Utah","return_normal","Past",2020-06-15,"combined_trend",NA,NA,NA,0.436884191248198,NA,NA,NA,NA
"Utah","status_quo","Past",2020-06-15,"combined_trend",NA,NA,NA,0.436884191248198,NA,NA,NA,NA
"Utah","linear_increase_sd","Past",2020-06-15,"cumulative_all_infections",51946,51946,51946,52833,52461,54090,54090,54090
"Utah","return_normal","Past",2020-06-15,"cumulative_all_infections",51946,51946,51946,52833,52461,54090,54090,54090
"Utah","status_quo","Past",2020-06-15,"cumulative_all_infections",51946,51946,51946,52833,52461,54090,54090,54090
"Utah","linear_increase_sd","Past",2020-06-15,"cumulative_cases",13577,13577,13577,13789,13640,14148,14148,14148
"Utah","return_normal","Past",2020-06-15,"cumulative_cases",13577,13577,13577,13789,13640,14148,14148,14148
"Utah","status_quo","Past",2020-06-15,"cumulative_cases",13577,13577,13577,13789,13640,14148,14148,14148
"Utah","linear_increase_sd","Past",2020-06-15,"cumulative_deaths",246,246,246,260,261,271,271,271
"Utah","return_normal","Past",2020-06-15,"cumulative_deaths",246,246,246,260,261,271,271,271
"Utah","status_quo","Past",2020-06-15,"cumulative_deaths",246,246,246,260,261,271,271,271
"Utah","linear_increase_sd","Past",2020-06-15,"cumulative_hosps",1453,1453,1453,1499,1494,1550,1550,1550
"Utah","return_normal","Past",2020-06-15,"cumulative_hosps",1453,1453,1453,1499,1494,1550,1550,1550
"Utah","status_quo","Past",2020-06-15,"cumulative_hosps",1453,1453,1453,1499,1494,1550,1550,1550
"Utah","linear_increase_sd","Past",2020-06-15,"daily_all_infections",1116,1116,1116,1136,1122,1169,1169,1169
"Utah","return_normal","Past",2020-06-15,"daily_all_infections",1116,1116,1116,1136,1122,1169,1169,1169
"Utah","status_quo","Past",2020-06-15,"daily_all_infections",1116,1116,1116,1136,1122,1169,1169,1169
"Utah","linear_increase_sd","Past",2020-06-15,"daily_cases",308,308,308,325,324,343,343,343
"Utah","return_normal","Past",2020-06-15,"daily_cases",308,308,308,325,324,343,343,343
"Utah","status_quo","Past",2020-06-15,"daily_cases",308,308,308,325,324,343,343,343
"Utah","linear_increase_sd","Past",2020-06-15,"daily_deaths",3,3,3,4,4,4,4,4
"Utah","return_normal","Past",2020-06-15,"daily_deaths",3,3,3,4,4,4,4,4
"Utah","status_quo","Past",2020-06-15,"daily_deaths",3,3,3,4,4,4,4,4
"Utah","linear_increase_sd","Past",2020-06-15,"daily_hosps",32,32,32,33,32,34,34,34
"Utah","return_normal","Past",2020-06-15,"daily_hosps",32,32,32,33,32,34,34,34
"Utah","status_quo","Past",2020-06-15,"daily_hosps",32,32,32,33,32,34,34,34
"Utah","linear_increase_sd","Past",2020-06-15,"latent_trend",NA,NA,NA,0.48118616065449,NA,NA,NA,NA
"Utah","return_normal","Past",2020-06-15,"latent_trend",NA,NA,NA,0.48118616065449,NA,NA,NA,NA
"Utah","status_quo","Past",2020-06-15,"latent_trend",NA,NA,NA,0.48118616065449,NA,NA,NA,NA
"Utah","linear_increase_sd","Past",2020-06-15,"mobility_trend",NA,NA,NA,0.907931746528132,NA,NA,NA,NA
"Utah","return_normal","Past",2020-06-15,"mobility_trend",NA,NA,NA,0.907931746528132,NA,NA,NA,NA
"Utah","status_quo","Past",2020-06-15,"mobility_trend",NA,NA,NA,0.907931746528132,NA,NA,NA,NA
"Utah",NA,"Past",2020-06-16,"actual_cumulative_cases",NA,NA,NA,14937,NA,NA,NA,NA
"Utah",NA,"Past",2020-06-16,"actual_cumulative_deaths",NA,NA,NA,150,NA,NA,NA,NA
"Utah",NA,"Past",2020-06-16,"actual_daily_cases",NA,NA,NA,329,NA,NA,NA,NA
"Utah",NA,"Past",2020-06-16,"actual_daily_deaths",NA,NA,NA,2,NA,NA,NA,NA
"Utah","linear_increase_sd","Past",2020-06-16,"combined_trend",NA,NA,NA,0.439013698667321,NA,NA,NA,NA
"Utah","return_normal","Past",2020-06-16,"combined_trend",NA,NA,NA,0.439013698667321,NA,NA,NA,NA
"Utah","status_quo","Past",2020-06-16,"combined_trend",NA,NA,NA,0.439013698667321,NA,NA,NA,NA
"Utah","linear_increase_sd","Past",2020-06-16,"cumulative_all_infections",53157,53157,53157,54011,53619,55256,55256,55256
"Utah","return_normal","Past",2020-06-16,"cumulative_all_infections",53157,53157,53157,54011,53619,55256,55256,55256
"Utah","status_quo","Past",2020-06-16,"cumulative_all_infections",53157,53157,53157,54011,53619,55256,55256,55256
"Utah","linear_increase_sd","Past",2020-06-16,"cumulative_cases",13909,13909,13909,14107,13962,14450,14450,14450
"Utah","return_normal","Past",2020-06-16,"cumulative_cases",13909,13909,13909,14107,13962,14450,14450,14450
"Utah","status_quo","Past",2020-06-16,"cumulative_cases",13909,13909,13909,14107,13962,14450,14450,14450
"Utah","linear_increase_sd","Past",2020-06-16,"cumulative_deaths",250,250,250,263,264,274,274,274
"Utah","return_normal","Past",2020-06-16,"cumulative_deaths",250,250,250,263,264,274,274,274
"Utah","status_quo","Past",2020-06-16,"cumulative_deaths",250,250,250,263,264,274,274,274
"Utah","linear_increase_sd","Past",2020-06-16,"cumulative_hosps",1488,1488,1488,1533,1526,1583,1583,1583
"Utah","return_normal","Past",2020-06-16,"cumulative_hosps",1488,1488,1488,1533,1526,1583,1583,1583
"Utah","status_quo","Past",2020-06-16,"cumulative_hosps",1488,1488,1488,1533,1526,1583,1583,1583
"Utah","linear_increase_sd","Past",2020-06-16,"daily_all_infections",1158,1158,1158,1179,1166,1211,1211,1211
"Utah","return_normal","Past",2020-06-16,"daily_all_infections",1158,1158,1158,1179,1166,1211,1211,1211
"Utah","status_quo","Past",2020-06-16,"daily_all_infections",1158,1158,1158,1179,1166,1211,1211,1211
"Utah","linear_increase_sd","Past",2020-06-16,"daily_cases",302,302,302,319,322,332,332,332
"Utah","return_normal","Past",2020-06-16,"daily_cases",302,302,302,319,322,332,332,332
"Utah","status_quo","Past",2020-06-16,"daily_cases",302,302,302,319,322,332,332,332
"Utah","linear_increase_sd","Past",2020-06-16,"daily_deaths",3,3,3,4,3,4,4,4
"Utah","return_normal","Past",2020-06-16,"daily_deaths",3,3,3,4,3,4,4,4
"Utah","status_quo","Past",2020-06-16,"daily_deaths",3,3,3,4,3,4,4,4
"Utah","linear_increase_sd","Past",2020-06-16,"daily_hosps",32,32,32,34,33,35,35,35
"Utah","return_normal","Past",2020-06-16,"daily_hosps",32,32,32,34,33,35,35,35
"Utah","status_quo","Past",2020-06-16,"daily_hosps",32,32,32,34,33,35,35,35
"Utah","linear_increase_sd","Past",2020-06-16,"latent_trend",NA,NA,NA,0.481697892753481,NA,NA,NA,NA
"Utah","return_normal","Past",2020-06-16,"latent_trend",NA,NA,NA,0.481697892753481,NA,NA,NA,NA
"Utah","status_quo","Past",2020-06-16,"latent_trend",NA,NA,NA,0.481697892753481,NA,NA,NA,NA
"Utah","linear_increase_sd","Past",2020-06-16,"mobility_trend",NA,NA,NA,0.911388040661401,NA,NA,NA,NA
"Utah","return_normal","Past",2020-06-16,"mobility_trend",NA,NA,NA,0.911388040661401,NA,NA,NA,NA
"Utah","status_quo","Past",2020-06-16,"mobility_trend",NA,NA,NA,0.911388040661401,NA,NA,NA,NA
"Utah",NA,"Past",2020-06-17,"actual_cumulative_cases",NA,NA,NA,15344,NA,NA,NA,NA
"Utah",NA,"Past",2020-06-17,"actual_cumulative_deaths",NA,NA,NA,154,NA,NA,NA,NA
"Utah",NA,"Past",2020-06-17,"actual_daily_cases",NA,NA,NA,407,NA,NA,NA,NA
"Utah",NA,"Past",2020-06-17,"actual_daily_deaths",NA,NA,NA,4,NA,NA,NA,NA
"Utah","linear_increase_sd","Past",2020-06-17,"combined_trend",NA,NA,NA,0.44060067117442,NA,NA,NA,NA
"Utah","return_normal","Past",2020-06-17,"combined_trend",NA,NA,NA,0.44060067117442,NA,NA,NA,NA
"Utah","status_quo","Past",2020-06-17,"combined_trend",NA,NA,NA,0.44060067117442,NA,NA,NA,NA
"Utah","linear_increase_sd","Past",2020-06-17,"cumulative_all_infections",54402,54402,54402,55229,54815,56470,56470,56470
"Utah","return_normal","Past",2020-06-17,"cumulative_all_infections",54402,54402,54402,55229,54815,56470,56470,56470
"Utah","status_quo","Past",2020-06-17,"cumulative_all_infections",54402,54402,54402,55229,54815,56470,56470,56470
"Utah","linear_increase_sd","Past",2020-06-17,"cumulative_cases",14275,14275,14275,14448,14285,14782,14782,14782
"Utah","return_normal","Past",2020-06-17,"cumulative_cases",14275,14275,14275,14448,14285,14782,14782,14782
"Utah","status_quo","Past",2020-06-17,"cumulative_cases",14275,14275,14275,14448,14285,14782,14782,14782
"Utah","linear_increase_sd","Past",2020-06-17,"cumulative_deaths",254,254,254,267,267,278,278,278
"Utah","return_normal","Past",2020-06-17,"cumulative_deaths",254,254,254,267,267,278,278,278
"Utah","status_quo","Past",2020-06-17,"cumulative_deaths",254,254,254,267,267,278,278,278
"Utah","linear_increase_sd","Past",2020-06-17,"cumulative_hosps",1525,1525,1525,1568,1560,1617,1617,1617
"Utah","return_normal","Past",2020-06-17,"cumulative_hosps",1525,1525,1525,1568,1560,1617,1617,1617
"Utah","status_quo","Past",2020-06-17,"cumulative_hosps",1525,1525,1525,1568,1560,1617,1617,1617
"Utah","linear_increase_sd","Past",2020-06-17,"daily_all_infections",1196,1196,1196,1219,1214,1245,1245,1245
"Utah","return_normal","Past",2020-06-17,"daily_all_infections",1196,1196,1196,1219,1214,1245,1245,1245
"Utah","status_quo","Past",2020-06-17,"daily_all_infections",1196,1196,1196,1219,1214,1245,1245,1245
"Utah","linear_increase_sd","Past",2020-06-17,"daily_cases",313,313,313,341,332,376,376,376
"Utah","return_normal","Past",2020-06-17,"daily_cases",313,313,313,341,332,376,376,376
"Utah","status_quo","Past",2020-06-17,"daily_cases",313,313,313,341,332,376,376,376
"Utah","linear_increase_sd","Past",2020-06-17,"daily_deaths",3,3,3,4,4,4,4,4
"Utah","return_normal","Past",2020-06-17,"daily_deaths",3,3,3,4,4,4,4,4
"Utah","status_quo","Past",2020-06-17,"daily_deaths",3,3,3,4,4,4,4,4
"Utah","linear_increase_sd","Past",2020-06-17,"daily_hosps",34,34,34,35,34,37,37,37
"Utah","return_normal","Past",2020-06-17,"daily_hosps",34,34,34,35,34,37,37,37
"Utah","status_quo","Past",2020-06-17,"daily_hosps",34,34,34,35,34,37,37,37
"Utah","linear_increase_sd","Past",2020-06-17,"latent_trend",NA,NA,NA,0.481615174757755,NA,NA,NA,NA
"Utah","return_normal","Past",2020-06-17,"latent_trend",NA,NA,NA,0.481615174757755,NA,NA,NA,NA
"Utah","status_quo","Past",2020-06-17,"latent_trend",NA,NA,NA,0.481615174757755,NA,NA,NA,NA
"Utah","linear_increase_sd","Past",2020-06-17,"mobility_trend",NA,NA,NA,0.914839677541379,NA,NA,NA,NA
"Utah","return_normal","Past",2020-06-17,"mobility_trend",NA,NA,NA,0.914839677541379,NA,NA,NA,NA
"Utah","status_quo","Past",2020-06-17,"mobility_trend",NA,NA,NA,0.914839677541379,NA,NA,NA,NA
"Utah",NA,"Past",2020-06-18,"actual_cumulative_cases",NA,NA,NA,15839,NA,NA,NA,NA
"Utah",NA,"Past",2020-06-18,"actual_cumulative_deaths",NA,NA,NA,157,NA,NA,NA,NA
"Utah",NA,"Past",2020-06-18,"actual_daily_cases",NA,NA,NA,495,NA,NA,NA,NA
"Utah",NA,"Past",2020-06-18,"actual_daily_deaths",NA,NA,NA,3,NA,NA,NA,NA
"Utah","linear_increase_sd","Past",2020-06-18,"combined_trend",NA,NA,NA,0.441598101804531,NA,NA,NA,NA
"Utah","return_normal","Past",2020-06-18,"combined_trend",NA,NA,NA,0.441598101804531,NA,NA,NA,NA
"Utah","status_quo","Past",2020-06-18,"combined_trend",NA,NA,NA,0.441598101804531,NA,NA,NA,NA
"Utah","linear_increase_sd","Past",2020-06-18,"cumulative_all_infections",55677,55677,55677,56488,56057,57728,57728,57728
"Utah","return_normal","Past",2020-06-18,"cumulative_all_infections",55677,55677,55677,56488,56057,57728,57728,57728
"Utah","status_quo","Past",2020-06-18,"cumulative_all_infections",55677,55677,55677,56488,56057,57728,57728,57728
"Utah","linear_increase_sd","Past",2020-06-18,"cumulative_cases",14620,14620,14620,14791,14634,15117,15117,15117
"Utah","return_normal","Past",2020-06-18,"cumulative_cases",14620,14620,14620,14791,14634,15117,15117,15117
"Utah","status_quo","Past",2020-06-18,"cumulative_cases",14620,14620,14620,14791,14634,15117,15117,15117
"Utah","linear_increase_sd","Past",2020-06-18,"cumulative_deaths",258,258,258,270,270,281,281,281
"Utah","return_normal","Past",2020-06-18,"cumulative_deaths",258,258,258,270,270,281,281,281
"Utah","status_quo","Past",2020-06-18,"cumulative_deaths",258,258,258,270,270,281,281,281
"Utah","linear_increase_sd","Past",2020-06-18,"cumulative_hosps",1563,1563,1563,1603,1594,1652,1652,1652
"Utah","return_normal","Past",2020-06-18,"cumulative_hosps",1563,1563,1563,1603,1594,1652,1652,1652
"Utah","status_quo","Past",2020-06-18,"cumulative_hosps",1563,1563,1563,1603,1594,1652,1652,1652
"Utah","linear_increase_sd","Past",2020-06-18,"daily_all_infections",1242,1242,1242,1259,1258,1275,1275,1275
"Utah","return_normal","Past",2020-06-18,"daily_all_infections",1242,1242,1242,1259,1258,1275,1275,1275
"Utah","status_quo","Past",2020-06-18,"daily_all_infections",1242,1242,1242,1259,1258,1275,1275,1275
"Utah","linear_increase_sd","Past",2020-06-18,"daily_cases",335,335,335,343,345,349,349,349
"Utah","return_normal","Past",2020-06-18,"daily_cases",335,335,335,343,345,349,349,349
"Utah","status_quo","Past",2020-06-18,"daily_cases",335,335,335,343,345,349,349,349
"Utah","linear_increase_sd","Past",2020-06-18,"daily_deaths",3,3,3,4,3,4,4,4
"Utah","return_normal","Past",2020-06-18,"daily_deaths",3,3,3,4,3,4,4,4
"Utah","status_quo","Past",2020-06-18,"daily_deaths",3,3,3,4,3,4,4,4
"Utah","linear_increase_sd","Past",2020-06-18,"daily_hosps",34,34,34,36,35,38,38,38
"Utah","return_normal","Past",2020-06-18,"daily_hosps",34,34,34,36,35,38,38,38
"Utah","status_quo","Past",2020-06-18,"daily_hosps",34,34,34,36,35,38,38,38
"Utah","linear_increase_sd","Past",2020-06-18,"latent_trend",NA,NA,NA,0.480913833344481,NA,NA,NA,NA
"Utah","return_normal","Past",2020-06-18,"latent_trend",NA,NA,NA,0.480913833344481,NA,NA,NA,NA
"Utah","status_quo","Past",2020-06-18,"latent_trend",NA,NA,NA,0.480913833344481,NA,NA,NA,NA
"Utah","linear_increase_sd","Past",2020-06-18,"mobility_trend",NA,NA,NA,0.91824786726027,NA,NA,NA,NA
"Utah","return_normal","Past",2020-06-18,"mobility_trend",NA,NA,NA,0.91824786726027,NA,NA,NA,NA
"Utah","status_quo","Past",2020-06-18,"mobility_trend",NA,NA,NA,0.91824786726027,NA,NA,NA,NA
"Utah",NA,"Past",2020-06-19,"actual_cumulative_cases",NA,NA,NA,16425,NA,NA,NA,NA
"Utah",NA,"Past",2020-06-19,"actual_cumulative_deaths",NA,NA,NA,160,NA,NA,NA,NA
"Utah",NA,"Past",2020-06-19,"actual_daily_cases",NA,NA,NA,586,NA,NA,NA,NA
"Utah",NA,"Past",2020-06-19,"actual_daily_deaths",NA,NA,NA,3,NA,NA,NA,NA
"Utah","linear_increase_sd","Past",2020-06-19,"combined_trend",NA,NA,NA,0.442008280381757,NA,NA,NA,NA
"Utah","return_normal","Past",2020-06-19,"combined_trend",NA,NA,NA,0.442008280381757,NA,NA,NA,NA
"Utah","status_quo","Past",2020-06-19,"combined_trend",NA,NA,NA,0.442008280381757,NA,NA,NA,NA
"Utah","linear_increase_sd","Past",2020-06-19,"cumulative_all_infections",56986,56986,56986,57783,57333,59028,59028,59028
"Utah","return_normal","Past",2020-06-19,"cumulative_all_infections",56986,56986,56986,57783,57333,59028,59028,59028
"Utah","status_quo","Past",2020-06-19,"cumulative_all_infections",56986,56986,56986,57783,57333,59028,59028,59028
"Utah","linear_increase_sd","Past",2020-06-19,"cumulative_cases",14975,14975,14975,15158,15009,15490,15490,15490
"Utah","return_normal","Past",2020-06-19,"cumulative_cases",14975,14975,14975,15158,15009,15490,15490,15490
"Utah","status_quo","Past",2020-06-19,"cumulative_cases",14975,14975,14975,15158,15009,15490,15490,15490
"Utah","linear_increase_sd","Past",2020-06-19,"cumulative_deaths",262,262,262,274,273,285,285,285
"Utah","return_normal","Past",2020-06-19,"cumulative_deaths",262,262,262,274,273,285,285,285
"Utah","status_quo","Past",2020-06-19,"cumulative_deaths",262,262,262,274,273,285,285,285
"Utah","linear_increase_sd","Past",2020-06-19,"cumulative_hosps",1601,1601,1601,1640,1630,1687,1687,1687
"Utah","return_normal","Past",2020-06-19,"cumulative_hosps",1601,1601,1601,1640,1630,1687,1687,1687
"Utah","status_quo","Past",2020-06-19,"cumulative_hosps",1601,1601,1601,1640,1630,1687,1687,1687
"Utah","linear_increase_sd","Past",2020-06-19,"daily_all_infections",1276,1276,1276,1295,1300,1309,1309,1309
"Utah","return_normal","Past",2020-06-19,"daily_all_infections",1276,1276,1276,1295,1300,1309,1309,1309
"Utah","status_quo","Past",2020-06-19,"daily_all_infections",1276,1276,1276,1295,1300,1309,1309,1309
"Utah","linear_increase_sd","Past",2020-06-19,"daily_cases",355,355,355,368,373,375,375,375
"Utah","return_normal","Past",2020-06-19,"daily_cases",355,355,355,368,373,375,375,375
"Utah","status_quo","Past",2020-06-19,"daily_cases",355,355,355,368,373,375,375,375
"Utah","linear_increase_sd","Past",2020-06-19,"daily_deaths",3,3,3,4,4,4,4,4
"Utah","return_normal","Past",2020-06-19,"daily_deaths",3,3,3,4,4,4,4,4
"Utah","status_quo","Past",2020-06-19,"daily_deaths",3,3,3,4,4,4,4,4
"Utah","linear_increase_sd","Past",2020-06-19,"daily_hosps",35,35,35,37,36,38,38,38
"Utah","return_normal","Past",2020-06-19,"daily_hosps",35,35,35,37,36,38,38,38
"Utah","status_quo","Past",2020-06-19,"daily_hosps",35,35,35,37,36,38,38,38
"Utah","linear_increase_sd","Past",2020-06-19,"latent_trend",NA,NA,NA,0.479622629175662,NA,NA,NA,NA
"Utah","return_normal","Past",2020-06-19,"latent_trend",NA,NA,NA,0.479622629175662,NA,NA,NA,NA
"Utah","status_quo","Past",2020-06-19,"latent_trend",NA,NA,NA,0.479622629175662,NA,NA,NA,NA
"Utah","linear_increase_sd","Past",2020-06-19,"mobility_trend",NA,NA,NA,0.921575116548288,NA,NA,NA,NA
"Utah","return_normal","Past",2020-06-19,"mobility_trend",NA,NA,NA,0.921575116548288,NA,NA,NA,NA
"Utah","status_quo","Past",2020-06-19,"mobility_trend",NA,NA,NA,0.921575116548288,NA,NA,NA,NA
"Utah",NA,"Past",2020-06-20,"actual_cumulative_cases",NA,NA,NA,17068,NA,NA,NA,NA
"Utah",NA,"Past",2020-06-20,"actual_cumulative_deaths",NA,NA,NA,160,NA,NA,NA,NA
"Utah",NA,"Past",2020-06-20,"actual_daily_cases",NA,NA,NA,643,NA,NA,NA,NA
"Utah",NA,"Past",2020-06-20,"actual_daily_deaths",NA,NA,NA,0,NA,NA,NA,NA
"Utah","linear_increase_sd","Past",2020-06-20,"combined_trend",NA,NA,NA,0.441841778053512,NA,NA,NA,NA
"Utah","return_normal","Past",2020-06-20,"combined_trend",NA,NA,NA,0.441841778053512,NA,NA,NA,NA
"Utah","status_quo","Past",2020-06-20,"combined_trend",NA,NA,NA,0.441841778053512,NA,NA,NA,NA
"Utah","linear_increase_sd","Past",2020-06-20,"cumulative_all_infections",58337,58337,58337,59123,58650,60382,60382,60382
"Utah","return_normal","Past",2020-06-20,"cumulative_all_infections",58337,58337,58337,59123,58650,60382,60382,60382
"Utah","status_quo","Past",2020-06-20,"cumulative_all_infections",58337,58337,58337,59123,58650,60382,60382,60382
"Utah","linear_increase_sd","Past",2020-06-20,"cumulative_cases",15367,15367,15367,15543,15384,15876,15876,15876
"Utah","return_normal","Past",2020-06-20,"cumulative_cases",15367,15367,15367,15543,15384,15876,15876,15876
"Utah","status_quo","Past",2020-06-20,"cumulative_cases",15367,15367,15367,15543,15384,15876,15876,15876
"Utah","linear_increase_sd","Past",2020-06-20,"cumulative_deaths",266,266,266,277,277,288,288,288
"Utah","return_normal","Past",2020-06-20,"cumulative_deaths",266,266,266,277,277,288,288,288
"Utah","status_quo","Past",2020-06-20,"cumulative_deaths",266,266,266,277,277,288,288,288
"Utah","linear_increase_sd","Past",2020-06-20,"cumulative_hosps",1641,1641,1641,1678,1667,1724,1724,1724
"Utah","return_normal","Past",2020-06-20,"cumulative_hosps",1641,1641,1641,1678,1667,1724,1724,1724
"Utah","status_quo","Past",2020-06-20,"cumulative_hosps",1641,1641,1641,1678,1667,1724,1724,1724
"Utah","linear_increase_sd","Past",2020-06-20,"daily_all_infections",1317,1317,1317,1341,1351,1354,1354,1354
"Utah","return_normal","Past",2020-06-20,"daily_all_infections",1317,1317,1317,1341,1351,1354,1354,1354
"Utah","status_quo","Past",2020-06-20,"daily_all_infections",1317,1317,1317,1341,1351,1354,1354,1354
"Utah","linear_increase_sd","Past",2020-06-20,"daily_cases",375,375,375,385,386,392,392,392
"Utah","return_normal","Past",2020-06-20,"daily_cases",375,375,375,385,386,392,392,392
"Utah","status_quo","Past",2020-06-20,"daily_cases",375,375,375,385,386,392,392,392
"Utah","linear_increase_sd","Past",2020-06-20,"daily_deaths",3,3,3,4,4,4,4,4
"Utah","return_normal","Past",2020-06-20,"daily_deaths",3,3,3,4,4,4,4,4
"Utah","status_quo","Past",2020-06-20,"daily_deaths",3,3,3,4,4,4,4,4
"Utah","linear_increase_sd","Past",2020-06-20,"daily_hosps",37,37,37,38,37,40,40,40
"Utah","return_normal","Past",2020-06-20,"daily_hosps",37,37,37,38,37,40,40,40
"Utah","status_quo","Past",2020-06-20,"daily_hosps",37,37,37,38,37,40,40,40
"Utah","linear_increase_sd","Past",2020-06-20,"latent_trend",NA,NA,NA,0.477775710294368,NA,NA,NA,NA
"Utah","return_normal","Past",2020-06-20,"latent_trend",NA,NA,NA,0.477775710294368,NA,NA,NA,NA
"Utah","status_quo","Past",2020-06-20,"latent_trend",NA,NA,NA,0.477775710294368,NA,NA,NA,NA
"Utah","linear_increase_sd","Past",2020-06-20,"mobility_trend",NA,NA,NA,0.924789118687687,NA,NA,NA,NA
"Utah","return_normal","Past",2020-06-20,"mobility_trend",NA,NA,NA,0.924789118687687,NA,NA,NA,NA
"Utah","status_quo","Past",2020-06-20,"mobility_trend",NA,NA,NA,0.924789118687687,NA,NA,NA,NA
"Utah",NA,"Past",2020-06-21,"actual_cumulative_cases",NA,NA,NA,17462,NA,NA,NA,NA
"Utah",NA,"Past",2020-06-21,"actual_cumulative_deaths",NA,NA,NA,163,NA,NA,NA,NA
"Utah",NA,"Past",2020-06-21,"actual_daily_cases",NA,NA,NA,394,NA,NA,NA,NA
"Utah",NA,"Past",2020-06-21,"actual_daily_deaths",NA,NA,NA,3,NA,NA,NA,NA
"Utah","linear_increase_sd","Past",2020-06-21,"combined_trend",NA,NA,NA,0.441110978205879,NA,NA,NA,NA
"Utah","return_normal","Past",2020-06-21,"combined_trend",NA,NA,NA,0.441110978205879,NA,NA,NA,NA
"Utah","status_quo","Past",2020-06-21,"combined_trend",NA,NA,NA,0.441110978205879,NA,NA,NA,NA
"Utah","linear_increase_sd","Past",2020-06-21,"cumulative_all_infections",59721,59721,59721,60506,60017,61778,61778,61778
"Utah","return_normal","Past",2020-06-21,"cumulative_all_infections",59721,59721,59721,60506,60017,61778,61778,61778
"Utah","status_quo","Past",2020-06-21,"cumulative_all_infections",59721,59721,59721,60506,60017,61778,61778,61778
"Utah","linear_increase_sd","Past",2020-06-21,"cumulative_cases",15762,15762,15762,15943,15803,16263,16263,16263
"Utah","return_normal","Past",2020-06-21,"cumulative_cases",15762,15762,15762,15943,15803,16263,16263,16263
"Utah","status_quo","Past",2020-06-21,"cumulative_cases",15762,15762,15762,15943,15803,16263,16263,16263
"Utah","linear_increase_sd","Past",2020-06-21,"cumulative_deaths",270,270,270,281,281,291,291,291
"Utah","return_normal","Past",2020-06-21,"cumulative_deaths",270,270,270,281,281,291,291,291
"Utah","status_quo","Past",2020-06-21,"cumulative_deaths",270,270,270,281,281,291,291,291
"Utah","linear_increase_sd","Past",2020-06-21,"cumulative_hosps",1682,1682,1682,1717,1706,1762,1762,1762
"Utah","return_normal","Past",2020-06-21,"cumulative_hosps",1682,1682,1682,1717,1706,1762,1762,1762
"Utah","status_quo","Past",2020-06-21,"cumulative_hosps",1682,1682,1682,1717,1706,1762,1762,1762
"Utah","linear_increase_sd","Past",2020-06-21,"daily_all_infections",1367,1367,1367,1383,1384,1396,1396,1396
"Utah","return_normal","Past",2020-06-21,"daily_all_infections",1367,1367,1367,1383,1384,1396,1396,1396
"Utah","status_quo","Past",2020-06-21,"daily_all_infections",1367,1367,1367,1383,1384,1396,1396,1396
"Utah","linear_increase_sd","Past",2020-06-21,"daily_cases",387,387,387,401,395,419,419,419
"Utah","return_normal","Past",2020-06-21,"daily_cases",387,387,387,401,395,419,419,419
"Utah","status_quo","Past",2020-06-21,"daily_cases",387,387,387,401,395,419,419,419
"Utah","linear_increase_sd","Past",2020-06-21,"daily_deaths",3,3,3,4,4,4,4,4
"Utah","return_normal","Past",2020-06-21,"daily_deaths",3,3,3,4,4,4,4,4
"Utah","status_quo","Past",2020-06-21,"daily_deaths",3,3,3,4,4,4,4,4
"Utah","linear_increase_sd","Past",2020-06-21,"daily_hosps",38,38,38,40,39,41,41,41
"Utah","return_normal","Past",2020-06-21,"daily_hosps",38,38,38,40,39,41,41,41
"Utah","status_quo","Past",2020-06-21,"daily_hosps",38,38,38,40,39,41,41,41
"Utah","linear_increase_sd","Past",2020-06-21,"latent_trend",NA,NA,NA,0.475407408940424,NA,NA,NA,NA
"Utah","return_normal","Past",2020-06-21,"latent_trend",NA,NA,NA,0.475407408940424,NA,NA,NA,NA
"Utah","status_quo","Past",2020-06-21,"latent_trend",NA,NA,NA,0.475407408940424,NA,NA,NA,NA
"Utah","linear_increase_sd","Past",2020-06-21,"mobility_trend",NA,NA,NA,0.92785886359873,NA,NA,NA,NA
"Utah","return_normal","Past",2020-06-21,"mobility_trend",NA,NA,NA,0.92785886359873,NA,NA,NA,NA
"Utah","status_quo","Past",2020-06-21,"mobility_trend",NA,NA,NA,0.92785886359873,NA,NA,NA,NA
"Utah",NA,"Past",2020-06-22,"actual_cumulative_cases",NA,NA,NA,17906,NA,NA,NA,NA
"Utah",NA,"Past",2020-06-22,"actual_cumulative_deaths",NA,NA,NA,163,NA,NA,NA,NA
"Utah",NA,"Past",2020-06-22,"actual_daily_cases",NA,NA,NA,444,NA,NA,NA,NA
"Utah",NA,"Past",2020-06-22,"actual_daily_deaths",NA,NA,NA,0,NA,NA,NA,NA
"Utah","linear_increase_sd","Past",2020-06-22,"combined_trend",NA,NA,NA,0.439829598631928,NA,NA,NA,NA
"Utah","return_normal","Past",2020-06-22,"combined_trend",NA,NA,NA,0.439829598631928,NA,NA,NA,NA
"Utah","status_quo","Past",2020-06-22,"combined_trend",NA,NA,NA,0.439829598631928,NA,NA,NA,NA
"Utah","linear_increase_sd","Past",2020-06-22,"cumulative_all_infections",61138,61138,61138,61932,61435,63221,63221,63221
"Utah","return_normal","Past",2020-06-22,"cumulative_all_infections",61138,61138,61138,61932,61435,63221,63221,63221
"Utah","status_quo","Past",2020-06-22,"cumulative_all_infections",61138,61138,61138,61932,61435,63221,63221,63221
"Utah","linear_increase_sd","Past",2020-06-22,"cumulative_cases",16156,16156,16156,16335,16184,16663,16663,16663
"Utah","return_normal","Past",2020-06-22,"cumulative_cases",16156,16156,16156,16335,16184,16663,16663,16663
"Utah","status_quo","Past",2020-06-22,"cumulative_cases",16156,16156,16156,16335,16184,16663,16663,16663
"Utah","linear_increase_sd","Past",2020-06-22,"cumulative_deaths",274,274,274,285,285,295,295,295
"Utah","return_normal","Past",2020-06-22,"cumulative_deaths",274,274,274,285,285,295,295,295
"Utah","status_quo","Past",2020-06-22,"cumulative_deaths",274,274,274,285,285,295,295,295
"Utah","linear_increase_sd","Past",2020-06-22,"cumulative_hosps",1724,1724,1724,1757,1745,1801,1801,1801
"Utah","return_normal","Past",2020-06-22,"cumulative_hosps",1724,1724,1724,1757,1745,1801,1801,1801
"Utah","status_quo","Past",2020-06-22,"cumulative_hosps",1724,1724,1724,1757,1745,1801,1801,1801
"Utah","linear_increase_sd","Past",2020-06-22,"daily_all_infections",1417,1417,1417,1426,1418,1443,1443,1443
"Utah","return_normal","Past",2020-06-22,"daily_all_infections",1417,1417,1417,1426,1418,1443,1443,1443
"Utah","status_quo","Past",2020-06-22,"daily_all_infections",1417,1417,1417,1426,1418,1443,1443,1443
"Utah","linear_increase_sd","Past",2020-06-22,"daily_cases",381,381,381,392,394,400,400,400
"Utah","return_normal","Past",2020-06-22,"daily_cases",381,381,381,392,394,400,400,400
"Utah","status_quo","Past",2020-06-22,"daily_cases",381,381,381,392,394,400,400,400
"Utah","linear_increase_sd","Past",2020-06-22,"daily_deaths",4,4,4,4,4,4,4,4
"Utah","return_normal","Past",2020-06-22,"daily_deaths",4,4,4,4,4,4,4,4
"Utah","status_quo","Past",2020-06-22,"daily_deaths",4,4,4,4,4,4,4,4
"Utah","linear_increase_sd","Past",2020-06-22,"daily_hosps",39,39,39,40,39,42,42,42
"Utah","return_normal","Past",2020-06-22,"daily_hosps",39,39,39,40,39,42,42,42
"Utah","status_quo","Past",2020-06-22,"daily_hosps",39,39,39,40,39,42,42,42
"Utah","linear_increase_sd","Past",2020-06-22,"latent_trend",NA,NA,NA,0.472552264023109,NA,NA,NA,NA
"Utah","return_normal","Past",2020-06-22,"latent_trend",NA,NA,NA,0.472552264023109,NA,NA,NA,NA
"Utah","status_quo","Past",2020-06-22,"latent_trend",NA,NA,NA,0.472552264023109,NA,NA,NA,NA
"Utah","linear_increase_sd","Past",2020-06-22,"mobility_trend",NA,NA,NA,0.930753341201682,NA,NA,NA,NA
"Utah","return_normal","Past",2020-06-22,"mobility_trend",NA,NA,NA,0.930753341201682,NA,NA,NA,NA
"Utah","status_quo","Past",2020-06-22,"mobility_trend",NA,NA,NA,0.930753341201682,NA,NA,NA,NA
"Utah",NA,"Past",2020-06-23,"actual_cumulative_cases",NA,NA,NA,18300,NA,NA,NA,NA
"Utah",NA,"Past",2020-06-23,"actual_cumulative_deaths",NA,NA,NA,168,NA,NA,NA,NA
"Utah",NA,"Past",2020-06-23,"actual_daily_cases",NA,NA,NA,394,NA,NA,NA,NA
"Utah",NA,"Past",2020-06-23,"actual_daily_deaths",NA,NA,NA,5,NA,NA,NA,NA
"Utah","linear_increase_sd","Past",2020-06-23,"combined_trend",NA,NA,NA,0.438015204604699,NA,NA,NA,NA
"Utah","return_normal","Past",2020-06-23,"combined_trend",NA,NA,NA,0.438015204604699,NA,NA,NA,NA
"Utah","status_quo","Past",2020-06-23,"combined_trend",NA,NA,NA,0.438015204604699,NA,NA,NA,NA
"Utah","linear_increase_sd","Past",2020-06-23,"cumulative_all_infections",62600,62600,62600,63398,62887,64705,64705,64705
"Utah","return_normal","Past",2020-06-23,"cumulative_all_infections",62600,62600,62600,63398,62887,64705,64705,64705
"Utah","status_quo","Past",2020-06-23,"cumulative_all_infections",62600,62600,62600,63398,62887,64705,64705,64705
"Utah","linear_increase_sd","Past",2020-06-23,"cumulative_cases",16546,16546,16546,16734,16603,17051,17051,17051
"Utah","return_normal","Past",2020-06-23,"cumulative_cases",16546,16546,16546,16734,16603,17051,17051,17051
"Utah","status_quo","Past",2020-06-23,"cumulative_cases",16546,16546,16546,16734,16603,17051,17051,17051
"Utah","linear_increase_sd","Past",2020-06-23,"cumulative_deaths",278,278,278,289,289,299,299,299
"Utah","return_normal","Past",2020-06-23,"cumulative_deaths",278,278,278,289,289,299,299,299
"Utah","status_quo","Past",2020-06-23,"cumulative_deaths",278,278,278,289,289,299,299,299
"Utah","linear_increase_sd","Past",2020-06-23,"cumulative_hosps",1769,1769,1769,1800,1786,1843,1843,1843
"Utah","return_normal","Past",2020-06-23,"cumulative_hosps",1769,1769,1769,1800,1786,1843,1843,1843
"Utah","status_quo","Past",2020-06-23,"cumulative_hosps",1769,1769,1769,1800,1786,1843,1843,1843
"Utah","linear_increase_sd","Past",2020-06-23,"daily_all_infections",1452,1452,1452,1466,1462,1484,1484,1484
"Utah","return_normal","Past",2020-06-23,"daily_all_infections",1452,1452,1452,1466,1462,1484,1484,1484
"Utah","status_quo","Past",2020-06-23,"daily_all_infections",1452,1452,1452,1466,1462,1484,1484,1484
"Utah","linear_increase_sd","Past",2020-06-23,"daily_cases",388,388,388,399,390,419,419,419
"Utah","return_normal","Past",2020-06-23,"daily_cases",388,388,388,399,390,419,419,419
"Utah","status_quo","Past",2020-06-23,"daily_cases",388,388,388,399,390,419,419,419
"Utah","linear_increase_sd","Past",2020-06-23,"daily_deaths",4,4,4,4,4,4,4,4
"Utah","return_normal","Past",2020-06-23,"daily_deaths",4,4,4,4,4,4,4,4
"Utah","status_quo","Past",2020-06-23,"daily_deaths",4,4,4,4,4,4,4,4
"Utah","linear_increase_sd","Past",2020-06-23,"daily_hosps",41,41,41,43,42,45,45,45
"Utah","return_normal","Past",2020-06-23,"daily_hosps",41,41,41,43,42,45,45,45
"Utah","status_quo","Past",2020-06-23,"daily_hosps",41,41,41,43,42,45,45,45
"Utah","linear_increase_sd","Past",2020-06-23,"latent_trend",NA,NA,NA,0.469245044844363,NA,NA,NA,NA
"Utah","return_normal","Past",2020-06-23,"latent_trend",NA,NA,NA,0.469245044844363,NA,NA,NA,NA
"Utah","status_quo","Past",2020-06-23,"latent_trend",NA,NA,NA,0.469245044844363,NA,NA,NA,NA
"Utah","linear_increase_sd","Past",2020-06-23,"mobility_trend",NA,NA,NA,0.933446627550383,NA,NA,NA,NA
"Utah","return_normal","Past",2020-06-23,"mobility_trend",NA,NA,NA,0.933446627550383,NA,NA,NA,NA
"Utah","status_quo","Past",2020-06-23,"mobility_trend",NA,NA,NA,0.933446627550383,NA,NA,NA,NA
"Utah",NA,"Past",2020-06-24,"actual_cumulative_cases",NA,NA,NA,18784,NA,NA,NA,NA
"Utah",NA,"Past",2020-06-24,"actual_cumulative_deaths",NA,NA,NA,168,NA,NA,NA,NA
"Utah",NA,"Past",2020-06-24,"actual_daily_cases",NA,NA,NA,484,NA,NA,NA,NA
"Utah",NA,"Past",2020-06-24,"actual_daily_deaths",NA,NA,NA,0,NA,NA,NA,NA
"Utah","linear_increase_sd","Past",2020-06-24,"combined_trend",NA,NA,NA,0.435696317682025,NA,NA,NA,NA
"Utah","return_normal","Past",2020-06-24,"combined_trend",NA,NA,NA,0.435696317682025,NA,NA,NA,NA
"Utah","status_quo","Past",2020-06-24,"combined_trend",NA,NA,NA,0.435696317682025,NA,NA,NA,NA
"Utah","linear_increase_sd","Past",2020-06-24,"cumulative_all_infections",64092,64092,64092,64902,64374,66238,66238,66238
"Utah","return_normal","Past",2020-06-24,"cumulative_all_infections",64092,64092,64092,64902,64374,66238,66238,66238
"Utah","status_quo","Past",2020-06-24,"cumulative_all_infections",64092,64092,64092,64902,64374,66238,66238,66238
"Utah","linear_increase_sd","Past",2020-06-24,"cumulative_cases",16951,16951,16951,17159,17031,17494,17494,17494
"Utah","return_normal","Past",2020-06-24,"cumulative_cases",16951,16951,16951,17159,17031,17494,17494,17494
"Utah","status_quo","Past",2020-06-24,"cumulative_cases",16951,16951,16951,17159,17031,17494,17494,17494
"Utah","linear_increase_sd","Past",2020-06-24,"cumulative_deaths",283,283,283,293,293,303,303,303
"Utah","return_normal","Past",2020-06-24,"cumulative_deaths",283,283,283,293,293,303,303,303
"Utah","status_quo","Past",2020-06-24,"cumulative_deaths",283,283,283,293,293,303,303,303
"Utah","linear_increase_sd","Past",2020-06-24,"cumulative_hosps",1815,1815,1815,1844,1830,1886,1886,1886
"Utah","return_normal","Past",2020-06-24,"cumulative_hosps",1815,1815,1815,1844,1830,1886,1886,1886
"Utah","status_quo","Past",2020-06-24,"cumulative_hosps",1815,1815,1815,1844,1830,1886,1886,1886
"Utah","linear_increase_sd","Past",2020-06-24,"daily_all_infections",1487,1487,1487,1504,1492,1533,1533,1533
"Utah","return_normal","Past",2020-06-24,"daily_all_infections",1487,1487,1487,1504,1492,1533,1533,1533
"Utah","status_quo","Past",2020-06-24,"daily_all_infections",1487,1487,1487,1504,1492,1533,1533,1533
"Utah","linear_increase_sd","Past",2020-06-24,"daily_cases",405,405,405,426,428,443,443,443
"Utah","return_normal","Past",2020-06-24,"daily_cases",405,405,405,426,428,443,443,443
"Utah","status_quo","Past",2020-06-24,"daily_cases",405,405,405,426,428,443,443,443
"Utah","linear_increase_sd","Past",2020-06-24,"daily_deaths",4,4,4,5,4,5,5,5
"Utah","return_normal","Past",2020-06-24,"daily_deaths",4,4,4,5,4,5,5,5
"Utah","status_quo","Past",2020-06-24,"daily_deaths",4,4,4,5,4,5,5,5
"Utah","linear_increase_sd","Past",2020-06-24,"daily_hosps",43,43,43,45,44,46,46,46
"Utah","return_normal","Past",2020-06-24,"daily_hosps",43,43,43,45,44,46,46,46
"Utah","status_quo","Past",2020-06-24,"daily_hosps",43,43,43,45,44,46,46,46
"Utah","linear_increase_sd","Past",2020-06-24,"latent_trend",NA,NA,NA,0.465520770187711,NA,NA,NA,NA
"Utah","return_normal","Past",2020-06-24,"latent_trend",NA,NA,NA,0.465520770187711,NA,NA,NA,NA
"Utah","status_quo","Past",2020-06-24,"latent_trend",NA,NA,NA,0.465520770187711,NA,NA,NA,NA
"Utah","linear_increase_sd","Past",2020-06-24,"mobility_trend",NA,NA,NA,0.935933143232987,NA,NA,NA,NA
"Utah","return_normal","Past",2020-06-24,"mobility_trend",NA,NA,NA,0.935933143232987,NA,NA,NA,NA
"Utah","status_quo","Past",2020-06-24,"mobility_trend",NA,NA,NA,0.935933143232987,NA,NA,NA,NA
"Utah",NA,"Past",2020-06-25,"actual_cumulative_cases",NA,NA,NA,19374,NA,NA,NA,NA
"Utah",NA,"Past",2020-06-25,"actual_cumulative_deaths",NA,NA,NA,169,NA,NA,NA,NA
"Utah",NA,"Past",2020-06-25,"actual_daily_cases",NA,NA,NA,590,NA,NA,NA,NA
"Utah",NA,"Past",2020-06-25,"actual_daily_deaths",NA,NA,NA,1,NA,NA,NA,NA
"Utah","linear_increase_sd","Past",2020-06-25,"combined_trend",NA,NA,NA,0.432905007790995,NA,NA,NA,NA
"Utah","return_normal","Past",2020-06-25,"combined_trend",NA,NA,NA,0.432905007790995,NA,NA,NA,NA
"Utah","status_quo","Past",2020-06-25,"combined_trend",NA,NA,NA,0.432905007790995,NA,NA,NA,NA
"Utah","linear_increase_sd","Past",2020-06-25,"cumulative_all_infections",65609,65609,65609,66444,65907,67814,67814,67814
"Utah","return_normal","Past",2020-06-25,"cumulative_all_infections",65609,65609,65609,66444,65907,67814,67814,67814
"Utah","status_quo","Past",2020-06-25,"cumulative_all_infections",65609,65609,65609,66444,65907,67814,67814,67814
"Utah","linear_increase_sd","Past",2020-06-25,"cumulative_cases",17391,17391,17391,17613,17470,17976,17976,17976
"Utah","return_normal","Past",2020-06-25,"cumulative_cases",17391,17391,17391,17613,17470,17976,17976,17976
"Utah","status_quo","Past",2020-06-25,"cumulative_cases",17391,17391,17391,17613,17470,17976,17976,17976
"Utah","linear_increase_sd","Past",2020-06-25,"cumulative_deaths",287,287,287,297,296,308,308,308
"Utah","return_normal","Past",2020-06-25,"cumulative_deaths",287,287,287,297,296,308,308,308
"Utah","status_quo","Past",2020-06-25,"cumulative_deaths",287,287,287,297,296,308,308,308
"Utah","linear_increase_sd","Past",2020-06-25,"cumulative_hosps",1862,1862,1862,1889,1873,1930,1930,1930
"Utah","return_normal","Past",2020-06-25,"cumulative_hosps",1862,1862,1862,1889,1873,1930,1930,1930
"Utah","status_quo","Past",2020-06-25,"cumulative_hosps",1862,1862,1862,1889,1873,1930,1930,1930
"Utah","linear_increase_sd","Past",2020-06-25,"daily_all_infections",1517,1517,1517,1542,1533,1576,1576,1576
"Utah","return_normal","Past",2020-06-25,"daily_all_infections",1517,1517,1517,1542,1533,1576,1576,1576
"Utah","status_quo","Past",2020-06-25,"daily_all_infections",1517,1517,1517,1542,1533,1576,1576,1576
"Utah","linear_increase_sd","Past",2020-06-25,"daily_cases",439,439,439,454,440,482,482,482
"Utah","return_normal","Past",2020-06-25,"daily_cases",439,439,439,454,440,482,482,482
"Utah","status_quo","Past",2020-06-25,"daily_cases",439,439,439,454,440,482,482,482
"Utah","linear_increase_sd","Past",2020-06-25,"daily_deaths",3,3,3,4,4,5,5,5
"Utah","return_normal","Past",2020-06-25,"daily_deaths",3,3,3,4,4,5,5,5
"Utah","status_quo","Past",2020-06-25,"daily_deaths",3,3,3,4,4,5,5,5
"Utah","linear_increase_sd","Past",2020-06-25,"daily_hosps",43,43,43,45,44,47,47,47
"Utah","return_normal","Past",2020-06-25,"daily_hosps",43,43,43,45,44,47,47,47
"Utah","status_quo","Past",2020-06-25,"daily_hosps",43,43,43,45,44,47,47,47
"Utah","linear_increase_sd","Past",2020-06-25,"latent_trend",NA,NA,NA,0.461414718150545,NA,NA,NA,NA
"Utah","return_normal","Past",2020-06-25,"latent_trend",NA,NA,NA,0.461414718150545,NA,NA,NA,NA
"Utah","status_quo","Past",2020-06-25,"latent_trend",NA,NA,NA,0.461414718150545,NA,NA,NA,NA
"Utah","linear_increase_sd","Past",2020-06-25,"mobility_trend",NA,NA,NA,0.938212394971225,NA,NA,NA,NA
"Utah","return_normal","Past",2020-06-25,"mobility_trend",NA,NA,NA,0.938212394971225,NA,NA,NA,NA
"Utah","status_quo","Past",2020-06-25,"mobility_trend",NA,NA,NA,0.938212394971225,NA,NA,NA,NA
"Utah",NA,"Past",2020-06-26,"actual_cumulative_cases",NA,NA,NA,20050,NA,NA,NA,NA
"Utah",NA,"Past",2020-06-26,"actual_cumulative_deaths",NA,NA,NA,171,NA,NA,NA,NA
"Utah",NA,"Past",2020-06-26,"actual_daily_cases",NA,NA,NA,676,NA,NA,NA,NA
"Utah",NA,"Past",2020-06-26,"actual_daily_deaths",NA,NA,NA,2,NA,NA,NA,NA
"Utah","linear_increase_sd","Past",2020-06-26,"combined_trend",NA,NA,NA,0.429674404727365,NA,NA,NA,NA
"Utah","return_normal","Past",2020-06-26,"combined_trend",NA,NA,NA,0.429674404727365,NA,NA,NA,NA
"Utah","status_quo","Past",2020-06-26,"combined_trend",NA,NA,NA,0.429674404727365,NA,NA,NA,NA
"Utah","linear_increase_sd","Past",2020-06-26,"cumulative_all_infections",67162,67162,67162,68018,67474,69416,69416,69416
"Utah","return_normal","Past",2020-06-26,"cumulative_all_infections",67162,67162,67162,68018,67474,69416,69416,69416
"Utah","status_quo","Past",2020-06-26,"cumulative_all_infections",67162,67162,67162,68018,67474,69416,69416,69416
"Utah","linear_increase_sd","Past",2020-06-26,"cumulative_cases",17840,17840,17840,18084,17939,18472,18472,18472
"Utah","return_normal","Past",2020-06-26,"cumulative_cases",17840,17840,17840,18084,17939,18472,18472,18472
"Utah","status_quo","Past",2020-06-26,"cumulative_cases",17840,17840,17840,18084,17939,18472,18472,18472
"Utah","linear_increase_sd","Past",2020-06-26,"cumulative_deaths",292,292,292,302,301,312,312,312
"Utah","return_normal","Past",2020-06-26,"cumulative_deaths",292,292,292,302,301,312,312,312
"Utah","status_quo","Past",2020-06-26,"cumulative_deaths",292,292,292,302,301,312,312,312
"Utah","linear_increase_sd","Past",2020-06-26,"cumulative_hosps",1909,1909,1909,1935,1919,1975,1975,1975
"Utah","return_normal","Past",2020-06-26,"cumulative_hosps",1909,1909,1909,1935,1919,1975,1975,1975
"Utah","status_quo","Past",2020-06-26,"cumulative_hosps",1909,1909,1909,1935,1919,1975,1975,1975
"Utah","linear_increase_sd","Past",2020-06-26,"daily_all_infections",1553,1553,1553,1574,1567,1602,1602,1602
"Utah","return_normal","Past",2020-06-26,"daily_all_infections",1553,1553,1553,1574,1567,1602,1602,1602
"Utah","status_quo","Past",2020-06-26,"daily_all_infections",1553,1553,1553,1574,1567,1602,1602,1602
"Utah","linear_increase_sd","Past",2020-06-26,"daily_cases",449,449,449,472,469,496,496,496
"Utah","return_normal","Past",2020-06-26,"daily_cases",449,449,449,472,469,496,496,496
"Utah","status_quo","Past",2020-06-26,"daily_cases",449,449,449,472,469,496,496,496
"Utah","linear_increase_sd","Past",2020-06-26,"daily_deaths",4,4,4,5,5,5,5,5
"Utah","return_normal","Past",2020-06-26,"daily_deaths",4,4,4,5,5,5,5,5
"Utah","status_quo","Past",2020-06-26,"daily_deaths",4,4,4,5,5,5,5,5
"Utah","linear_increase_sd","Past",2020-06-26,"daily_hosps",45,45,45,46,46,47,47,47
"Utah","return_normal","Past",2020-06-26,"daily_hosps",45,45,45,46,46,47,47,47
"Utah","status_quo","Past",2020-06-26,"daily_hosps",45,45,45,46,46,47,47,47
"Utah","linear_increase_sd","Past",2020-06-26,"latent_trend",NA,NA,NA,0.456962423297358,NA,NA,NA,NA
"Utah","return_normal","Past",2020-06-26,"latent_trend",NA,NA,NA,0.456962423297358,NA,NA,NA,NA
"Utah","status_quo","Past",2020-06-26,"latent_trend",NA,NA,NA,0.456962423297358,NA,NA,NA,NA
"Utah","linear_increase_sd","Past",2020-06-26,"mobility_trend",NA,NA,NA,0.940283889486825,NA,NA,NA,NA
"Utah","return_normal","Past",2020-06-26,"mobility_trend",NA,NA,NA,0.940283889486825,NA,NA,NA,NA
"Utah","status_quo","Past",2020-06-26,"mobility_trend",NA,NA,NA,0.940283889486825,NA,NA,NA,NA
"Utah",NA,"Past",2020-06-27,"actual_cumulative_cases",NA,NA,NA,20628,NA,NA,NA,NA
"Utah",NA,"Past",2020-06-27,"actual_cumulative_deaths",NA,NA,NA,172,NA,NA,NA,NA
"Utah",NA,"Past",2020-06-27,"actual_daily_cases",NA,NA,NA,578,NA,NA,NA,NA
"Utah",NA,"Past",2020-06-27,"actual_daily_deaths",NA,NA,NA,1,NA,NA,NA,NA
"Utah","linear_increase_sd","Past",2020-06-27,"combined_trend",NA,NA,NA,0.426039399643457,NA,NA,NA,NA
"Utah","return_normal","Past",2020-06-27,"combined_trend",NA,NA,NA,0.426039399643457,NA,NA,NA,NA
"Utah","status_quo","Past",2020-06-27,"combined_trend",NA,NA,NA,0.426039399643457,NA,NA,NA,NA
"Utah","linear_increase_sd","Past",2020-06-27,"cumulative_all_infections",68743,68743,68743,69630,69082,71064,71064,71064
"Utah","return_normal","Past",2020-06-27,"cumulative_all_infections",68743,68743,68743,69630,69082,71064,71064,71064
"Utah","status_quo","Past",2020-06-27,"cumulative_all_infections",68743,68743,68743,69630,69082,71064,71064,71064
"Utah","linear_increase_sd","Past",2020-06-27,"cumulative_cases",18292,18292,18292,18562,18423,18969,18969,18969
"Utah","return_normal","Past",2020-06-27,"cumulative_cases",18292,18292,18292,18562,18423,18969,18969,18969
"Utah","status_quo","Past",2020-06-27,"cumulative_cases",18292,18292,18292,18562,18423,18969,18969,18969
"Utah","linear_increase_sd","Past",2020-06-27,"cumulative_deaths",296,296,296,306,305,316,316,316
"Utah","return_normal","Past",2020-06-27,"cumulative_deaths",296,296,296,306,305,316,316,316
"Utah","status_quo","Past",2020-06-27,"cumulative_deaths",296,296,296,306,305,316,316,316
"Utah","linear_increase_sd","Past",2020-06-27,"cumulative_hosps",1960,1960,1960,1983,1967,2022,2022,2022
"Utah","return_normal","Past",2020-06-27,"cumulative_hosps",1960,1960,1960,1983,1967,2022,2022,2022
"Utah","status_quo","Past",2020-06-27,"cumulative_hosps",1960,1960,1960,1983,1967,2022,2022,2022
"Utah","linear_increase_sd","Past",2020-06-27,"daily_all_infections",1581,1581,1581,1613,1608,1648,1648,1648
"Utah","return_normal","Past",2020-06-27,"daily_all_infections",1581,1581,1581,1613,1608,1648,1648,1648
"Utah","status_quo","Past",2020-06-27,"daily_all_infections",1581,1581,1581,1613,1608,1648,1648,1648
"Utah","linear_increase_sd","Past",2020-06-27,"daily_cases",452,452,452,478,484,497,497,497
"Utah","return_normal","Past",2020-06-27,"daily_cases",452,452,452,478,484,497,497,497
"Utah","status_quo","Past",2020-06-27,"daily_cases",452,452,452,478,484,497,497,497
"Utah","linear_increase_sd","Past",2020-06-27,"daily_deaths",4,4,4,4,4,4,4,4
"Utah","return_normal","Past",2020-06-27,"daily_deaths",4,4,4,4,4,4,4,4
"Utah","status_quo","Past",2020-06-27,"daily_deaths",4,4,4,4,4,4,4,4
"Utah","linear_increase_sd","Past",2020-06-27,"daily_hosps",47,47,47,49,48,51,51,51
"Utah","return_normal","Past",2020-06-27,"daily_hosps",47,47,47,49,48,51,51,51
"Utah","status_quo","Past",2020-06-27,"daily_hosps",47,47,47,49,48,51,51,51
"Utah","linear_increase_sd","Past",2020-06-27,"latent_trend",NA,NA,NA,0.452199658850959,NA,NA,NA,NA
"Utah","return_normal","Past",2020-06-27,"latent_trend",NA,NA,NA,0.452199658850959,NA,NA,NA,NA
"Utah","status_quo","Past",2020-06-27,"latent_trend",NA,NA,NA,0.452199658850959,NA,NA,NA,NA
"Utah","linear_increase_sd","Past",2020-06-27,"mobility_trend",NA,NA,NA,0.942148874517122,NA,NA,NA,NA
"Utah","return_normal","Past",2020-06-27,"mobility_trend",NA,NA,NA,0.942148874517122,NA,NA,NA,NA
"Utah","status_quo","Past",2020-06-27,"mobility_trend",NA,NA,NA,0.942148874517122,NA,NA,NA,NA
"Utah",NA,"Past",2020-06-28,"actual_cumulative_cases",NA,NA,NA,21100,NA,NA,NA,NA
"Utah",NA,"Past",2020-06-28,"actual_cumulative_deaths",NA,NA,NA,172,NA,NA,NA,NA
"Utah",NA,"Past",2020-06-28,"actual_daily_cases",NA,NA,NA,472,NA,NA,NA,NA
"Utah",NA,"Past",2020-06-28,"actual_daily_deaths",NA,NA,NA,0,NA,NA,NA,NA
"Utah","linear_increase_sd","Past",2020-06-28,"combined_trend",NA,NA,NA,0.422038834363149,NA,NA,NA,NA
"Utah","return_normal","Past",2020-06-28,"combined_trend",NA,NA,NA,0.422038834363149,NA,NA,NA,NA
"Utah","status_quo","Past",2020-06-28,"combined_trend",NA,NA,NA,0.422038834363149,NA,NA,NA,NA
"Utah","linear_increase_sd","Past",2020-06-28,"cumulative_all_infections",70356,70356,70356,71272,70715,72745,72745,72745
"Utah","return_normal","Past",2020-06-28,"cumulative_all_infections",70356,70356,70356,71272,70715,72745,72745,72745
"Utah","status_quo","Past",2020-06-28,"cumulative_all_infections",70356,70356,70356,71272,70715,72745,72745,72745
"Utah","linear_increase_sd","Past",2020-06-28,"cumulative_cases",18775,18775,18775,19044,18931,19424,19424,19424
"Utah","return_normal","Past",2020-06-28,"cumulative_cases",18775,18775,18775,19044,18931,19424,19424,19424
"Utah","status_quo","Past",2020-06-28,"cumulative_cases",18775,18775,18775,19044,18931,19424,19424,19424
"Utah","linear_increase_sd","Past",2020-06-28,"cumulative_deaths",301,301,301,311,310,321,321,321
"Utah","return_normal","Past",2020-06-28,"cumulative_deaths",301,301,301,311,310,321,321,321
"Utah","status_quo","Past",2020-06-28,"cumulative_deaths",301,301,301,311,310,321,321,321
"Utah","linear_increase_sd","Past",2020-06-28,"cumulative_hosps",2010,2010,2010,2033,2016,2072,2072,2072
"Utah","return_normal","Past",2020-06-28,"cumulative_hosps",2010,2010,2010,2033,2016,2072,2072,2072
"Utah","status_quo","Past",2020-06-28,"cumulative_hosps",2010,2010,2010,2033,2016,2072,2072,2072
"Utah","linear_increase_sd","Past",2020-06-28,"daily_all_infections",1613,1613,1613,1643,1633,1681,1681,1681
"Utah","return_normal","Past",2020-06-28,"daily_all_infections",1613,1613,1613,1643,1633,1681,1681,1681
"Utah","status_quo","Past",2020-06-28,"daily_all_infections",1613,1613,1613,1643,1633,1681,1681,1681
"Utah","linear_increase_sd","Past",2020-06-28,"daily_cases",455,455,455,482,483,508,508,508
"Utah","return_normal","Past",2020-06-28,"daily_cases",455,455,455,482,483,508,508,508
"Utah","status_quo","Past",2020-06-28,"daily_cases",455,455,455,482,483,508,508,508
"Utah","linear_increase_sd","Past",2020-06-28,"daily_deaths",5,5,5,5,5,5,5,5
"Utah","return_normal","Past",2020-06-28,"daily_deaths",5,5,5,5,5,5,5,5
"Utah","status_quo","Past",2020-06-28,"daily_deaths",5,5,5,5,5,5,5,5
"Utah","linear_increase_sd","Past",2020-06-28,"daily_hosps",49,49,49,50,50,50,50,50
"Utah","return_normal","Past",2020-06-28,"daily_hosps",49,49,49,50,50,50,50,50
"Utah","status_quo","Past",2020-06-28,"daily_hosps",49,49,49,50,50,50,50,50
"Utah","linear_increase_sd","Past",2020-06-28,"latent_trend",NA,NA,NA,0.447162402716266,NA,NA,NA,NA
"Utah","return_normal","Past",2020-06-28,"latent_trend",NA,NA,NA,0.447162402716266,NA,NA,NA,NA
"Utah","status_quo","Past",2020-06-28,"latent_trend",NA,NA,NA,0.447162402716266,NA,NA,NA,NA
"Utah","linear_increase_sd","Past",2020-06-28,"mobility_trend",NA,NA,NA,0.943815561861854,NA,NA,NA,NA
"Utah","return_normal","Past",2020-06-28,"mobility_trend",NA,NA,NA,0.943815561861854,NA,NA,NA,NA
"Utah","status_quo","Past",2020-06-28,"mobility_trend",NA,NA,NA,0.943815561861854,NA,NA,NA,NA
"Utah",NA,"Past",2020-06-29,"actual_cumulative_cases",NA,NA,NA,21664,NA,NA,NA,NA
"Utah",NA,"Past",2020-06-29,"actual_cumulative_deaths",NA,NA,NA,173,NA,NA,NA,NA
"Utah",NA,"Past",2020-06-29,"actual_daily_cases",NA,NA,NA,564,NA,NA,NA,NA
"Utah",NA,"Past",2020-06-29,"actual_daily_deaths",NA,NA,NA,1,NA,NA,NA,NA
"Utah","linear_increase_sd","Past",2020-06-29,"combined_trend",NA,NA,NA,0.417712886291326,NA,NA,NA,NA
"Utah","return_normal","Past",2020-06-29,"combined_trend",NA,NA,NA,0.417712886291326,NA,NA,NA,NA
"Utah","status_quo","Past",2020-06-29,"combined_trend",NA,NA,NA,0.417712886291326,NA,NA,NA,NA
"Utah","linear_increase_sd","Past",2020-06-29,"cumulative_all_infections",71999,71999,71999,72944,72372,74461,74461,74461
"Utah","return_normal","Past",2020-06-29,"cumulative_all_infections",71999,71999,71999,72944,72372,74461,74461,74461
"Utah","status_quo","Past",2020-06-29,"cumulative_all_infections",71999,71999,71999,72944,72372,74461,74461,74461
"Utah","linear_increase_sd","Past",2020-06-29,"cumulative_cases",19239,19239,19239,19537,19419,19953,19953,19953
"Utah","return_normal","Past",2020-06-29,"cumulative_cases",19239,19239,19239,19537,19419,19953,19953,19953
"Utah","status_quo","Past",2020-06-29,"cumulative_cases",19239,19239,19239,19537,19419,19953,19953,19953
"Utah","linear_increase_sd","Past",2020-06-29,"cumulative_deaths",306,306,306,315,314,325,325,325
"Utah","return_normal","Past",2020-06-29,"cumulative_deaths",306,306,306,315,314,325,325,325
"Utah","status_quo","Past",2020-06-29,"cumulative_deaths",306,306,306,315,314,325,325,325
"Utah","linear_increase_sd","Past",2020-06-29,"cumulative_hosps",2062,2062,2062,2085,2067,2124,2124,2124
"Utah","return_normal","Past",2020-06-29,"cumulative_hosps",2062,2062,2062,2085,2067,2124,2124,2124
"Utah","status_quo","Past",2020-06-29,"cumulative_hosps",2062,2062,2062,2085,2067,2124,2124,2124
"Utah","linear_increase_sd","Past",2020-06-29,"daily_all_infections",1643,1643,1643,1672,1657,1716,1716,1716
"Utah","return_normal","Past",2020-06-29,"daily_all_infections",1643,1643,1643,1672,1657,1716,1716,1716
"Utah","status_quo","Past",2020-06-29,"daily_all_infections",1643,1643,1643,1672,1657,1716,1716,1716
"Utah","linear_increase_sd","Past",2020-06-29,"daily_cases",464,464,464,494,488,529,529,529
"Utah","return_normal","Past",2020-06-29,"daily_cases",464,464,464,494,488,529,529,529
"Utah","status_quo","Past",2020-06-29,"daily_cases",464,464,464,494,488,529,529,529
"Utah","linear_increase_sd","Past",2020-06-29,"daily_deaths",4,4,4,5,4,5,5,5
"Utah","return_normal","Past",2020-06-29,"daily_deaths",4,4,4,5,4,5,5,5
"Utah","status_quo","Past",2020-06-29,"daily_deaths",4,4,4,5,4,5,5,5
"Utah","linear_increase_sd","Past",2020-06-29,"daily_hosps",51,51,51,52,52,52,52,52
"Utah","return_normal","Past",2020-06-29,"daily_hosps",51,51,51,52,52,52,52,52
"Utah","status_quo","Past",2020-06-29,"daily_hosps",51,51,51,52,52,52,52,52
"Utah","linear_increase_sd","Past",2020-06-29,"latent_trend",NA,NA,NA,0.441886787141167,NA,NA,NA,NA
"Utah","return_normal","Past",2020-06-29,"latent_trend",NA,NA,NA,0.441886787141167,NA,NA,NA,NA
"Utah","status_quo","Past",2020-06-29,"latent_trend",NA,NA,NA,0.441886787141167,NA,NA,NA,NA
"Utah","linear_increase_sd","Past",2020-06-29,"mobility_trend",NA,NA,NA,0.945293904336365,NA,NA,NA,NA
"Utah","return_normal","Past",2020-06-29,"mobility_trend",NA,NA,NA,0.945293904336365,NA,NA,NA,NA
"Utah","status_quo","Past",2020-06-29,"mobility_trend",NA,NA,NA,0.945293904336365,NA,NA,NA,NA
"Utah",NA,"Past",2020-06-30,"actual_cumulative_cases",NA,NA,NA,22217,NA,NA,NA,NA
"Utah",NA,"Past",2020-06-30,"actual_cumulative_deaths",NA,NA,NA,177,NA,NA,NA,NA
"Utah",NA,"Past",2020-06-30,"actual_daily_cases",NA,NA,NA,553,NA,NA,NA,NA
"Utah",NA,"Past",2020-06-30,"actual_daily_deaths",NA,NA,NA,4,NA,NA,NA,NA
"Utah","linear_increase_sd","Past",2020-06-30,"combined_trend",NA,NA,NA,0.413102108562522,NA,NA,NA,NA
"Utah","return_normal","Past",2020-06-30,"combined_trend",NA,NA,NA,0.413102108562522,NA,NA,NA,NA
"Utah","status_quo","Past",2020-06-30,"combined_trend",NA,NA,NA,0.413102108562522,NA,NA,NA,NA
"Utah","linear_increase_sd","Past",2020-06-30,"cumulative_all_infections",73658,73658,73658,74640,74064,76196,76196,76196
"Utah","return_normal","Past",2020-06-30,"cumulative_all_infections",73658,73658,73658,74640,74064,76196,76196,76196
"Utah","status_quo","Past",2020-06-30,"cumulative_all_infections",73658,73658,73658,74640,74064,76196,76196,76196
"Utah","linear_increase_sd","Past",2020-06-30,"cumulative_cases",19754,19754,19754,20054,19934,20474,20474,20474
"Utah","return_normal","Past",2020-06-30,"cumulative_cases",19754,19754,19754,20054,19934,20474,20474,20474
"Utah","status_quo","Past",2020-06-30,"cumulative_cases",19754,19754,19754,20054,19934,20474,20474,20474
"Utah","linear_increase_sd","Past",2020-06-30,"cumulative_deaths",310,310,310,320,319,329,329,329
"Utah","return_normal","Past",2020-06-30,"cumulative_deaths",310,310,310,320,319,329,329,329
"Utah","status_quo","Past",2020-06-30,"cumulative_deaths",310,310,310,320,319,329,329,329
"Utah","linear_increase_sd","Past",2020-06-30,"cumulative_hosps",2116,2116,2116,2138,2119,2177,2177,2177
"Utah","return_normal","Past",2020-06-30,"cumulative_hosps",2116,2116,2116,2138,2119,2177,2177,2177
"Utah","status_quo","Past",2020-06-30,"cumulative_hosps",2116,2116,2116,2138,2119,2177,2177,2177
"Utah","linear_increase_sd","Past",2020-06-30,"daily_all_infections",1659,1659,1659,1696,1692,1735,1735,1735
"Utah","return_normal","Past",2020-06-30,"daily_all_infections",1659,1659,1659,1696,1692,1735,1735,1735
"Utah","status_quo","Past",2020-06-30,"daily_all_infections",1659,1659,1659,1696,1692,1735,1735,1735
"Utah","linear_increase_sd","Past",2020-06-30,"daily_cases",515,515,515,517,515,521,521,521
"Utah","return_normal","Past",2020-06-30,"daily_cases",515,515,515,517,515,521,521,521
"Utah","status_quo","Past",2020-06-30,"daily_cases",515,515,515,517,515,521,521,521
"Utah","linear_increase_sd","Past",2020-06-30,"daily_deaths",4,4,4,5,4,5,5,5
"Utah","return_normal","Past",2020-06-30,"daily_deaths",4,4,4,5,4,5,5,5
"Utah","status_quo","Past",2020-06-30,"daily_deaths",4,4,4,5,4,5,5,5
"Utah","linear_increase_sd","Past",2020-06-30,"daily_hosps",52,52,52,53,53,54,54,54
"Utah","return_normal","Past",2020-06-30,"daily_hosps",52,52,52,53,53,54,54,54
"Utah","status_quo","Past",2020-06-30,"daily_hosps",52,52,52,53,53,54,54,54
"Utah","linear_increase_sd","Past",2020-06-30,"latent_trend",NA,NA,NA,0.436409032751441,NA,NA,NA,NA
"Utah","return_normal","Past",2020-06-30,"latent_trend",NA,NA,NA,0.436409032751441,NA,NA,NA,NA
"Utah","status_quo","Past",2020-06-30,"latent_trend",NA,NA,NA,0.436409032751441,NA,NA,NA,NA
"Utah","linear_increase_sd","Past",2020-06-30,"mobility_trend",NA,NA,NA,0.946593854755995,NA,NA,NA,NA
"Utah","return_normal","Past",2020-06-30,"mobility_trend",NA,NA,NA,0.946593854755995,NA,NA,NA,NA
"Utah","status_quo","Past",2020-06-30,"mobility_trend",NA,NA,NA,0.946593854755995,NA,NA,NA,NA
"Utah",NA,"Past",2020-07-01,"actual_cumulative_cases",NA,NA,NA,22716,NA,NA,NA,NA
"Utah",NA,"Past",2020-07-01,"actual_cumulative_deaths",NA,NA,NA,178,NA,NA,NA,NA
"Utah",NA,"Past",2020-07-01,"actual_daily_cases",NA,NA,NA,499,NA,NA,NA,NA
"Utah",NA,"Past",2020-07-01,"actual_daily_deaths",NA,NA,NA,1,NA,NA,NA,NA
"Utah","linear_increase_sd","Past",2020-07-01,"combined_trend",NA,NA,NA,0.40824665936522,NA,NA,NA,NA
"Utah","return_normal","Past",2020-07-01,"combined_trend",NA,NA,NA,0.40824665936522,NA,NA,NA,NA
"Utah","status_quo","Past",2020-07-01,"combined_trend",NA,NA,NA,0.40824665936522,NA,NA,NA,NA
"Utah","linear_increase_sd","Past",2020-07-01,"cumulative_all_infections",75340,75340,75340,76352,75776,77940,77940,77940
"Utah","return_normal","Past",2020-07-01,"cumulative_all_infections",75340,75340,75340,76352,75776,77940,77940,77940
"Utah","status_quo","Past",2020-07-01,"cumulative_all_infections",75340,75340,75340,76352,75776,77940,77940,77940
"Utah","linear_increase_sd","Past",2020-07-01,"cumulative_cases",20252,20252,20252,20590,20454,21062,21062,21062
"Utah","return_normal","Past",2020-07-01,"cumulative_cases",20252,20252,20252,20590,20454,21062,21062,21062
"Utah","status_quo","Past",2020-07-01,"cumulative_cases",20252,20252,20252,20590,20454,21062,21062,21062
"Utah","linear_increase_sd","Past",2020-07-01,"cumulative_deaths",315,315,315,325,324,334,334,334
"Utah","return_normal","Past",2020-07-01,"cumulative_deaths",315,315,315,325,324,334,334,334
"Utah","status_quo","Past",2020-07-01,"cumulative_deaths",315,315,315,325,324,334,334,334
"Utah","linear_increase_sd","Past",2020-07-01,"cumulative_hosps",2173,2173,2173,2193,2173,2233,2233,2233
"Utah","return_normal","Past",2020-07-01,"cumulative_hosps",2173,2173,2173,2193,2173,2233,2233,2233
"Utah","status_quo","Past",2020-07-01,"cumulative_hosps",2173,2173,2173,2193,2173,2233,2233,2233
"Utah","linear_increase_sd","Past",2020-07-01,"daily_all_infections",1682,1682,1682,1713,1712,1744,1744,1744
"Utah","return_normal","Past",2020-07-01,"daily_all_infections",1682,1682,1682,1713,1712,1744,1744,1744
"Utah","status_quo","Past",2020-07-01,"daily_all_infections",1682,1682,1682,1713,1712,1744,1744,1744
"Utah","linear_increase_sd","Past",2020-07-01,"daily_cases",498,498,498,536,520,588,588,588
"Utah","return_normal","Past",2020-07-01,"daily_cases",498,498,498,536,520,588,588,588
"Utah","status_quo","Past",2020-07-01,"daily_cases",498,498,498,536,520,588,588,588
"Utah","linear_increase_sd","Past",2020-07-01,"daily_deaths",5,5,5,5,5,5,5,5
"Utah","return_normal","Past",2020-07-01,"daily_deaths",5,5,5,5,5,5,5,5
"Utah","status_quo","Past",2020-07-01,"daily_deaths",5,5,5,5,5,5,5,5
"Utah","linear_increase_sd","Past",2020-07-01,"daily_hosps",54,54,54,56,56,57,57,57
"Utah","return_normal","Past",2020-07-01,"daily_hosps",54,54,54,56,56,57,57,57
"Utah","status_quo","Past",2020-07-01,"daily_hosps",54,54,54,56,56,57,57,57
"Utah","linear_increase_sd","Past",2020-07-01,"latent_trend",NA,NA,NA,0.430765368539013,NA,NA,NA,NA
"Utah","return_normal","Past",2020-07-01,"latent_trend",NA,NA,NA,0.430765368539013,NA,NA,NA,NA
"Utah","status_quo","Past",2020-07-01,"latent_trend",NA,NA,NA,0.430765368539013,NA,NA,NA,NA
"Utah","linear_increase_sd","Past",2020-07-01,"mobility_trend",NA,NA,NA,0.947723956430927,NA,NA,NA,NA
"Utah","return_normal","Past",2020-07-01,"mobility_trend",NA,NA,NA,0.947723956430927,NA,NA,NA,NA
"Utah","status_quo","Past",2020-07-01,"mobility_trend",NA,NA,NA,0.947723956430927,NA,NA,NA,NA
"Utah",NA,"Past",2020-07-02,"actual_cumulative_cases",NA,NA,NA,23270,NA,NA,NA,NA
"Utah",NA,"Past",2020-07-02,"actual_cumulative_deaths",NA,NA,NA,181,NA,NA,NA,NA
"Utah",NA,"Past",2020-07-02,"actual_daily_cases",NA,NA,NA,554,NA,NA,NA,NA
"Utah",NA,"Past",2020-07-02,"actual_daily_deaths",NA,NA,NA,3,NA,NA,NA,NA
"Utah","linear_increase_sd","Past",2020-07-02,"combined_trend",NA,NA,NA,0.403184377422392,NA,NA,NA,NA
"Utah","return_normal","Past",2020-07-02,"combined_trend",NA,NA,NA,0.403184377422392,NA,NA,NA,NA
"Utah","status_quo","Past",2020-07-02,"combined_trend",NA,NA,NA,0.403184377422392,NA,NA,NA,NA
"Utah","linear_increase_sd","Past",2020-07-02,"cumulative_all_infections",77042,77042,77042,78086,77517,79699,79699,79699
"Utah","return_normal","Past",2020-07-02,"cumulative_all_infections",77042,77042,77042,78086,77517,79699,79699,79699
"Utah","status_quo","Past",2020-07-02,"cumulative_all_infections",77042,77042,77042,78086,77517,79699,79699,79699
"Utah","linear_increase_sd","Past",2020-07-02,"cumulative_cases",20813,20813,20813,21159,21017,21646,21646,21646
"Utah","return_normal","Past",2020-07-02,"cumulative_cases",20813,20813,20813,21159,21017,21646,21646,21646
"Utah","status_quo","Past",2020-07-02,"cumulative_cases",20813,20813,20813,21159,21017,21646,21646,21646
"Utah","linear_increase_sd","Past",2020-07-02,"cumulative_deaths",320,320,320,329,328,339,339,339
"Utah","return_normal","Past",2020-07-02,"cumulative_deaths",320,320,320,329,328,339,339,339
"Utah","status_quo","Past",2020-07-02,"cumulative_deaths",320,320,320,329,328,339,339,339
"Utah","linear_increase_sd","Past",2020-07-02,"cumulative_hosps",2229,2229,2229,2250,2230,2291,2291,2291
"Utah","return_normal","Past",2020-07-02,"cumulative_hosps",2229,2229,2229,2250,2230,2291,2291,2291
"Utah","status_quo","Past",2020-07-02,"cumulative_hosps",2229,2229,2229,2250,2230,2291,2291,2291
"Utah","linear_increase_sd","Past",2020-07-02,"daily_all_infections",1702,1702,1702,1734,1741,1759,1759,1759
"Utah","return_normal","Past",2020-07-02,"daily_all_infections",1702,1702,1702,1734,1741,1759,1759,1759
"Utah","status_quo","Past",2020-07-02,"daily_all_infections",1702,1702,1702,1734,1741,1759,1759,1759
"Utah","linear_increase_sd","Past",2020-07-02,"daily_cases",561,561,561,570,563,584,584,584
"Utah","return_normal","Past",2020-07-02,"daily_cases",561,561,561,570,563,584,584,584
"Utah","status_quo","Past",2020-07-02,"daily_cases",561,561,561,570,563,584,584,584
"Utah","linear_increase_sd","Past",2020-07-02,"daily_deaths",4,4,4,5,5,5,5,5
"Utah","return_normal","Past",2020-07-02,"daily_deaths",4,4,4,5,5,5,5,5
"Utah","status_quo","Past",2020-07-02,"daily_deaths",4,4,4,5,5,5,5,5
"Utah","linear_increase_sd","Past",2020-07-02,"daily_hosps",56,56,56,57,57,58,58,58
"Utah","return_normal","Past",2020-07-02,"daily_hosps",56,56,56,57,57,58,58,58
"Utah","status_quo","Past",2020-07-02,"daily_hosps",56,56,56,57,57,58,58,58
"Utah","linear_increase_sd","Past",2020-07-02,"latent_trend",NA,NA,NA,0.424991940120152,NA,NA,NA,NA
"Utah","return_normal","Past",2020-07-02,"latent_trend",NA,NA,NA,0.424991940120152,NA,NA,NA,NA
"Utah","status_quo","Past",2020-07-02,"latent_trend",NA,NA,NA,0.424991940120152,NA,NA,NA,NA
"Utah","linear_increase_sd","Past",2020-07-02,"mobility_trend",NA,NA,NA,0.948687114650705,NA,NA,NA,NA
"Utah","return_normal","Past",2020-07-02,"mobility_trend",NA,NA,NA,0.948687114650705,NA,NA,NA,NA
"Utah","status_quo","Past",2020-07-02,"mobility_trend",NA,NA,NA,0.948687114650705,NA,NA,NA,NA
"Utah",NA,"Past",2020-07-03,"actual_cumulative_cases",NA,NA,NA,23866,NA,NA,NA,NA
"Utah",NA,"Past",2020-07-03,"actual_cumulative_deaths",NA,NA,NA,186,NA,NA,NA,NA
"Utah",NA,"Past",2020-07-03,"actual_daily_cases",NA,NA,NA,596,NA,NA,NA,NA
"Utah",NA,"Past",2020-07-03,"actual_daily_deaths",NA,NA,NA,5,NA,NA,NA,NA
"Utah","linear_increase_sd","Past",2020-07-03,"combined_trend",NA,NA,NA,0.397952551249458,NA,NA,NA,NA
"Utah","return_normal","Past",2020-07-03,"combined_trend",NA,NA,NA,0.397952551249458,NA,NA,NA,NA
"Utah","status_quo","Past",2020-07-03,"combined_trend",NA,NA,NA,0.397952551249458,NA,NA,NA,NA
"Utah","linear_increase_sd","Past",2020-07-03,"cumulative_all_infections",78758,78758,78758,79831,79264,81469,81469,81469
"Utah","return_normal","Past",2020-07-03,"cumulative_all_infections",78758,78758,78758,79831,79264,81469,81469,81469
"Utah","status_quo","Past",2020-07-03,"cumulative_all_infections",78758,78758,78758,79831,79264,81469,81469,81469
"Utah","linear_increase_sd","Past",2020-07-03,"cumulative_cases",21353,21353,21353,21720,21553,22253,22253,22253
"Utah","return_normal","Past",2020-07-03,"cumulative_cases",21353,21353,21353,21720,21553,22253,22253,22253
"Utah","status_quo","Past",2020-07-03,"cumulative_cases",21353,21353,21353,21720,21553,22253,22253,22253
"Utah","linear_increase_sd","Past",2020-07-03,"cumulative_deaths",325,325,325,334,332,344,344,344
"Utah","return_normal","Past",2020-07-03,"cumulative_deaths",325,325,325,334,332,344,344,344
"Utah","status_quo","Past",2020-07-03,"cumulative_deaths",325,325,325,334,332,344,344,344
"Utah","linear_increase_sd","Past",2020-07-03,"cumulative_hosps",2287,2287,2287,2309,2288,2351,2351,2351
"Utah","return_normal","Past",2020-07-03,"cumulative_hosps",2287,2287,2287,2309,2288,2351,2351,2351
"Utah","status_quo","Past",2020-07-03,"cumulative_hosps",2287,2287,2287,2309,2288,2351,2351,2351
"Utah","linear_increase_sd","Past",2020-07-03,"daily_all_infections",1716,1716,1716,1745,1747,1770,1770,1770
"Utah","return_normal","Past",2020-07-03,"daily_all_infections",1716,1716,1716,1745,1747,1770,1770,1770
"Utah","status_quo","Past",2020-07-03,"daily_all_infections",1716,1716,1716,1745,1747,1770,1770,1770
"Utah","linear_increase_sd","Past",2020-07-03,"daily_cases",536,536,536,561,540,607,607,607
"Utah","return_normal","Past",2020-07-03,"daily_cases",536,536,536,561,540,607,607,607
"Utah","status_quo","Past",2020-07-03,"daily_cases",536,536,536,561,540,607,607,607
"Utah","linear_increase_sd","Past",2020-07-03,"daily_deaths",4,4,4,5,5,5,5,5
"Utah","return_normal","Past",2020-07-03,"daily_deaths",4,4,4,5,5,5,5,5
"Utah","status_quo","Past",2020-07-03,"daily_deaths",4,4,4,5,5,5,5,5
"Utah","linear_increase_sd","Past",2020-07-03,"daily_hosps",58,58,58,59,58,60,60,60
"Utah","return_normal","Past",2020-07-03,"daily_hosps",58,58,58,59,58,60,60,60
"Utah","status_quo","Past",2020-07-03,"daily_hosps",58,58,58,59,58,60,60,60
"Utah","linear_increase_sd","Past",2020-07-03,"latent_trend",NA,NA,NA,0.4191247091977,NA,NA,NA,NA
"Utah","return_normal","Past",2020-07-03,"latent_trend",NA,NA,NA,0.4191247091977,NA,NA,NA,NA
"Utah","status_quo","Past",2020-07-03,"latent_trend",NA,NA,NA,0.4191247091977,NA,NA,NA,NA
"Utah","linear_increase_sd","Past",2020-07-03,"mobility_trend",NA,NA,NA,0.949484825199712,NA,NA,NA,NA
"Utah","return_normal","Past",2020-07-03,"mobility_trend",NA,NA,NA,0.949484825199712,NA,NA,NA,NA
"Utah","status_quo","Past",2020-07-03,"mobility_trend",NA,NA,NA,0.949484825199712,NA,NA,NA,NA
"Utah",NA,"Past",2020-07-04,"actual_cumulative_cases",NA,NA,NA,24542,NA,NA,NA,NA
"Utah",NA,"Past",2020-07-04,"actual_cumulative_deaths",NA,NA,NA,186,NA,NA,NA,NA
"Utah",NA,"Past",2020-07-04,"actual_daily_cases",NA,NA,NA,676,NA,NA,NA,NA
"Utah",NA,"Past",2020-07-04,"actual_daily_deaths",NA,NA,NA,0,NA,NA,NA,NA
"Utah","linear_increase_sd","Past",2020-07-04,"combined_trend",NA,NA,NA,0.392588379037981,NA,NA,NA,NA
"Utah","return_normal","Past",2020-07-04,"combined_trend",NA,NA,NA,0.392588379037981,NA,NA,NA,NA
"Utah","status_quo","Past",2020-07-04,"combined_trend",NA,NA,NA,0.392588379037981,NA,NA,NA,NA
"Utah","linear_increase_sd","Past",2020-07-04,"cumulative_all_infections",80497,80497,80497,81592,81023,83255,83255,83255
"Utah","return_normal","Past",2020-07-04,"cumulative_all_infections",80497,80497,80497,81592,81023,83255,83255,83255
"Utah","status_quo","Past",2020-07-04,"cumulative_all_infections",80497,80497,80497,81592,81023,83255,83255,83255
"Utah","linear_increase_sd","Past",2020-07-04,"cumulative_cases",21880,21880,21880,22296,22119,22889,22889,22889
"Utah","return_normal","Past",2020-07-04,"cumulative_cases",21880,21880,21880,22296,22119,22889,22889,22889
"Utah","status_quo","Past",2020-07-04,"cumulative_cases",21880,21880,21880,22296,22119,22889,22889,22889
"Utah","linear_increase_sd","Past",2020-07-04,"cumulative_deaths",330,330,330,339,336,349,349,349
"Utah","return_normal","Past",2020-07-04,"cumulative_deaths",330,330,330,339,336,349,349,349
"Utah","status_quo","Past",2020-07-04,"cumulative_deaths",330,330,330,339,336,349,349,349
"Utah","linear_increase_sd","Past",2020-07-04,"cumulative_hosps",2346,2346,2346,2369,2348,2413,2413,2413
"Utah","return_normal","Past",2020-07-04,"cumulative_hosps",2346,2346,2346,2369,2348,2413,2413,2413
"Utah","status_quo","Past",2020-07-04,"cumulative_hosps",2346,2346,2346,2369,2348,2413,2413,2413
"Utah","linear_increase_sd","Past",2020-07-04,"daily_all_infections",1739,1739,1739,1762,1759,1786,1786,1786
"Utah","return_normal","Past",2020-07-04,"daily_all_infections",1739,1739,1739,1762,1759,1786,1786,1786
"Utah","status_quo","Past",2020-07-04,"daily_all_infections",1739,1739,1739,1762,1759,1786,1786,1786
"Utah","linear_increase_sd","Past",2020-07-04,"daily_cases",527,527,527,577,566,636,636,636
"Utah","return_normal","Past",2020-07-04,"daily_cases",527,527,527,577,566,636,636,636
"Utah","status_quo","Past",2020-07-04,"daily_cases",527,527,527,577,566,636,636,636
"Utah","linear_increase_sd","Past",2020-07-04,"daily_deaths",4,4,4,5,5,5,5,5
"Utah","return_normal","Past",2020-07-04,"daily_deaths",4,4,4,5,5,5,5,5
"Utah","status_quo","Past",2020-07-04,"daily_deaths",4,4,4,5,5,5,5,5
"Utah","linear_increase_sd","Past",2020-07-04,"daily_hosps",59,59,59,61,60,62,62,62
"Utah","return_normal","Past",2020-07-04,"daily_hosps",59,59,59,61,60,62,62,62
"Utah","status_quo","Past",2020-07-04,"daily_hosps",59,59,59,61,60,62,62,62
"Utah","linear_increase_sd","Past",2020-07-04,"latent_trend",NA,NA,NA,0.413199347645709,NA,NA,NA,NA
"Utah","return_normal","Past",2020-07-04,"latent_trend",NA,NA,NA,0.413199347645709,NA,NA,NA,NA
"Utah","status_quo","Past",2020-07-04,"latent_trend",NA,NA,NA,0.413199347645709,NA,NA,NA,NA
"Utah","linear_increase_sd","Past",2020-07-04,"mobility_trend",NA,NA,NA,0.950118583862332,NA,NA,NA,NA
"Utah","return_normal","Past",2020-07-04,"mobility_trend",NA,NA,NA,0.950118583862332,NA,NA,NA,NA
"Utah","status_quo","Past",2020-07-04,"mobility_trend",NA,NA,NA,0.950118583862332,NA,NA,NA,NA
"Utah",NA,"Past",2020-07-05,"actual_cumulative_cases",NA,NA,NA,24952,NA,NA,NA,NA
"Utah",NA,"Past",2020-07-05,"actual_cumulative_deaths",NA,NA,NA,189,NA,NA,NA,NA
"Utah",NA,"Past",2020-07-05,"actual_daily_cases",NA,NA,NA,410,NA,NA,NA,NA
"Utah",NA,"Past",2020-07-05,"actual_daily_deaths",NA,NA,NA,3,NA,NA,NA,NA
"Utah","linear_increase_sd","Past",2020-07-05,"combined_trend",NA,NA,NA,0.387128625016269,NA,NA,NA,NA
"Utah","return_normal","Past",2020-07-05,"combined_trend",NA,NA,NA,0.387128625016269,NA,NA,NA,NA
"Utah","status_quo","Past",2020-07-05,"combined_trend",NA,NA,NA,0.387128625016269,NA,NA,NA,NA
"Utah","linear_increase_sd","Past",2020-07-05,"cumulative_all_infections",82238,82238,82238,83356,82792,85036,85036,85036
"Utah","return_normal","Past",2020-07-05,"cumulative_all_infections",82238,82238,82238,83356,82792,85036,85036,85036
"Utah","status_quo","Past",2020-07-05,"cumulative_all_infections",82238,82238,82238,83356,82792,85036,85036,85036
"Utah","linear_increase_sd","Past",2020-07-05,"cumulative_cases",22438,22438,22438,22883,22687,23524,23524,23524
"Utah","return_normal","Past",2020-07-05,"cumulative_cases",22438,22438,22438,22883,22687,23524,23524,23524
"Utah","status_quo","Past",2020-07-05,"cumulative_cases",22438,22438,22438,22883,22687,23524,23524,23524
"Utah","linear_increase_sd","Past",2020-07-05,"cumulative_deaths",335,335,335,344,341,354,354,354
"Utah","return_normal","Past",2020-07-05,"cumulative_deaths",335,335,335,344,341,354,354,354
"Utah","status_quo","Past",2020-07-05,"cumulative_deaths",335,335,335,344,341,354,354,354
"Utah","linear_increase_sd","Past",2020-07-05,"cumulative_hosps",2407,2407,2407,2431,2409,2475,2475,2475
"Utah","return_normal","Past",2020-07-05,"cumulative_hosps",2407,2407,2407,2431,2409,2475,2475,2475
"Utah","status_quo","Past",2020-07-05,"cumulative_hosps",2407,2407,2407,2431,2409,2475,2475,2475
"Utah","linear_increase_sd","Past",2020-07-05,"daily_all_infections",1741,1741,1741,1764,1769,1781,1781,1781
"Utah","return_normal","Past",2020-07-05,"daily_all_infections",1741,1741,1741,1764,1769,1781,1781,1781
"Utah","status_quo","Past",2020-07-05,"daily_all_infections",1741,1741,1741,1764,1769,1781,1781,1781
"Utah","linear_increase_sd","Past",2020-07-05,"daily_cases",558,558,558,587,568,635,635,635
"Utah","return_normal","Past",2020-07-05,"daily_cases",558,558,558,587,568,635,635,635
"Utah","status_quo","Past",2020-07-05,"daily_cases",558,558,558,587,568,635,635,635
"Utah","linear_increase_sd","Past",2020-07-05,"daily_deaths",5,5,5,5,5,5,5,5
"Utah","return_normal","Past",2020-07-05,"daily_deaths",5,5,5,5,5,5,5,5
"Utah","status_quo","Past",2020-07-05,"daily_deaths",5,5,5,5,5,5,5,5
"Utah","linear_increase_sd","Past",2020-07-05,"daily_hosps",61,61,61,62,61,62,62,62
"Utah","return_normal","Past",2020-07-05,"daily_hosps",61,61,61,62,61,62,62,62
"Utah","status_quo","Past",2020-07-05,"daily_hosps",61,61,61,62,61,62,62,62
"Utah","linear_increase_sd","Past",2020-07-05,"latent_trend",NA,NA,NA,0.407251129975672,NA,NA,NA,NA
"Utah","return_normal","Past",2020-07-05,"latent_trend",NA,NA,NA,0.407251129975672,NA,NA,NA,NA
"Utah","status_quo","Past",2020-07-05,"latent_trend",NA,NA,NA,0.407251129975672,NA,NA,NA,NA
"Utah","linear_increase_sd","Past",2020-07-05,"mobility_trend",NA,NA,NA,0.95058944351952,NA,NA,NA,NA
"Utah","return_normal","Past",2020-07-05,"mobility_trend",NA,NA,NA,0.95058944351952,NA,NA,NA,NA
"Utah","status_quo","Past",2020-07-05,"mobility_trend",NA,NA,NA,0.95058944351952,NA,NA,NA,NA
"Utah",NA,"Past",2020-07-06,"actual_cumulative_cases",NA,NA,NA,25469,NA,NA,NA,NA
"Utah",NA,"Past",2020-07-06,"actual_cumulative_deaths",NA,NA,NA,195,NA,NA,NA,NA
"Utah",NA,"Past",2020-07-06,"actual_daily_cases",NA,NA,NA,517,NA,NA,NA,NA
"Utah",NA,"Past",2020-07-06,"actual_daily_deaths",NA,NA,NA,6,NA,NA,NA,NA
"Utah","linear_increase_sd","Past",2020-07-06,"combined_trend",NA,NA,NA,0.381608939891052,NA,NA,NA,NA
"Utah","return_normal","Past",2020-07-06,"combined_trend",NA,NA,NA,0.381608939891052,NA,NA,NA,NA
"Utah","status_quo","Past",2020-07-06,"combined_trend",NA,NA,NA,0.381608939891052,NA,NA,NA,NA
"Utah","linear_increase_sd","Past",2020-07-06,"cumulative_all_infections",83991,83991,83991,85123,84561,86816,86816,86816
"Utah","return_normal","Past",2020-07-06,"cumulative_all_infections",83991,83991,83991,85123,84561,86816,86816,86816
"Utah","status_quo","Past",2020-07-06,"cumulative_all_infections",83991,83991,83991,85123,84561,86816,86816,86816
"Utah","linear_increase_sd","Past",2020-07-06,"cumulative_cases",23015,23015,23015,23494,23294,24171,24171,24171
"Utah","return_normal","Past",2020-07-06,"cumulative_cases",23015,23015,23015,23494,23294,24171,24171,24171
"Utah","status_quo","Past",2020-07-06,"cumulative_cases",23015,23015,23015,23494,23294,24171,24171,24171
"Utah","linear_increase_sd","Past",2020-07-06,"cumulative_deaths",340,340,340,349,346,359,359,359
"Utah","return_normal","Past",2020-07-06,"cumulative_deaths",340,340,340,349,346,359,359,359
"Utah","status_quo","Past",2020-07-06,"cumulative_deaths",340,340,340,349,346,359,359,359
"Utah","linear_increase_sd","Past",2020-07-06,"cumulative_hosps",2468,2468,2468,2493,2470,2540,2540,2540
"Utah","return_normal","Past",2020-07-06,"cumulative_hosps",2468,2468,2468,2493,2470,2540,2540,2540
"Utah","status_quo","Past",2020-07-06,"cumulative_hosps",2468,2468,2468,2493,2470,2540,2540,2540
"Utah","linear_increase_sd","Past",2020-07-06,"daily_all_infections",1753,1753,1753,1768,1769,1780,1780,1780
"Utah","return_normal","Past",2020-07-06,"daily_all_infections",1753,1753,1753,1768,1769,1780,1780,1780
"Utah","status_quo","Past",2020-07-06,"daily_all_infections",1753,1753,1753,1768,1769,1780,1780,1780
"Utah","linear_increase_sd","Past",2020-07-06,"daily_cases",577,577,577,611,607,647,647,647
"Utah","return_normal","Past",2020-07-06,"daily_cases",577,577,577,611,607,647,647,647
"Utah","status_quo","Past",2020-07-06,"daily_cases",577,577,577,611,607,647,647,647
"Utah","linear_increase_sd","Past",2020-07-06,"daily_deaths",5,5,5,5,5,5,5,5
"Utah","return_normal","Past",2020-07-06,"daily_deaths",5,5,5,5,5,5,5,5
"Utah","status_quo","Past",2020-07-06,"daily_deaths",5,5,5,5,5,5,5,5
"Utah","linear_increase_sd","Past",2020-07-06,"daily_hosps",61,61,61,63,61,65,65,65
"Utah","return_normal","Past",2020-07-06,"daily_hosps",61,61,61,63,61,65,65,65
"Utah","status_quo","Past",2020-07-06,"daily_hosps",61,61,61,63,61,65,65,65
"Utah","linear_increase_sd","Past",2020-07-06,"latent_trend",NA,NA,NA,0.401314828135163,NA,NA,NA,NA
"Utah","return_normal","Past",2020-07-06,"latent_trend",NA,NA,NA,0.401314828135163,NA,NA,NA,NA
"Utah","status_quo","Past",2020-07-06,"latent_trend",NA,NA,NA,0.401314828135163,NA,NA,NA,NA
"Utah","linear_increase_sd","Past",2020-07-06,"mobility_trend",NA,NA,NA,0.950896685438511,NA,NA,NA,NA
"Utah","return_normal","Past",2020-07-06,"mobility_trend",NA,NA,NA,0.950896685438511,NA,NA,NA,NA
"Utah","status_quo","Past",2020-07-06,"mobility_trend",NA,NA,NA,0.950896685438511,NA,NA,NA,NA
"Utah",NA,"Past",2020-07-07,"actual_cumulative_cases",NA,NA,NA,26033,NA,NA,NA,NA
"Utah",NA,"Past",2020-07-07,"actual_cumulative_deaths",NA,NA,NA,199,NA,NA,NA,NA
"Utah",NA,"Past",2020-07-07,"actual_daily_cases",NA,NA,NA,564,NA,NA,NA,NA
"Utah",NA,"Past",2020-07-07,"actual_daily_deaths",NA,NA,NA,4,NA,NA,NA,NA
"Utah","linear_increase_sd","Past",2020-07-07,"combined_trend",NA,NA,NA,0.376064286689181,NA,NA,NA,NA
"Utah","return_normal","Past",2020-07-07,"combined_trend",NA,NA,NA,0.376064286689181,NA,NA,NA,NA
"Utah","status_quo","Past",2020-07-07,"combined_trend",NA,NA,NA,0.376064286689181,NA,NA,NA,NA
"Utah","linear_increase_sd","Past",2020-07-07,"cumulative_all_infections",85748,85748,85748,86889,86334,88583,88583,88583
"Utah","return_normal","Past",2020-07-07,"cumulative_all_infections",85748,85748,85748,86889,86334,88583,88583,88583
"Utah","status_quo","Past",2020-07-07,"cumulative_all_infections",85748,85748,85748,86889,86334,88583,88583,88583
"Utah","linear_increase_sd","Past",2020-07-07,"cumulative_cases",23637,23637,23637,24097,23863,24791,24791,24791
"Utah","return_normal","Past",2020-07-07,"cumulative_cases",23637,23637,23637,24097,23863,24791,24791,24791
"Utah","status_quo","Past",2020-07-07,"cumulative_cases",23637,23637,23637,24097,23863,24791,24791,24791
"Utah","linear_increase_sd","Past",2020-07-07,"cumulative_deaths",345,345,345,354,351,365,365,365
"Utah","return_normal","Past",2020-07-07,"cumulative_deaths",345,345,345,354,351,365,365,365
"Utah","status_quo","Past",2020-07-07,"cumulative_deaths",345,345,345,354,351,365,365,365
"Utah","linear_increase_sd","Past",2020-07-07,"cumulative_hosps",2533,2533,2533,2558,2534,2605,2605,2605
"Utah","return_normal","Past",2020-07-07,"cumulative_hosps",2533,2533,2533,2558,2534,2605,2605,2605
"Utah","status_quo","Past",2020-07-07,"cumulative_hosps",2533,2533,2533,2558,2534,2605,2605,2605
"Utah","linear_increase_sd","Past",2020-07-07,"daily_all_infections",1757,1757,1757,1766,1767,1773,1773,1773
"Utah","return_normal","Past",2020-07-07,"daily_all_infections",1757,1757,1757,1766,1767,1773,1773,1773
"Utah","status_quo","Past",2020-07-07,"daily_all_infections",1757,1757,1757,1766,1767,1773,1773,1773
"Utah","linear_increase_sd","Past",2020-07-07,"daily_cases",569,569,569,604,620,622,622,622
"Utah","return_normal","Past",2020-07-07,"daily_cases",569,569,569,604,620,622,622,622
"Utah","status_quo","Past",2020-07-07,"daily_cases",569,569,569,604,620,622,622,622
"Utah","linear_increase_sd","Past",2020-07-07,"daily_deaths",5,5,5,6,5,6,6,6
"Utah","return_normal","Past",2020-07-07,"daily_deaths",5,5,5,6,5,6,6,6
"Utah","status_quo","Past",2020-07-07,"daily_deaths",5,5,5,6,5,6,6,6
"Utah","linear_increase_sd","Past",2020-07-07,"daily_hosps",64,64,64,65,65,65,65,65
"Utah","return_normal","Past",2020-07-07,"daily_hosps",64,64,64,65,65,65,65,65
"Utah","status_quo","Past",2020-07-07,"daily_hosps",64,64,64,65,65,65,65,65
"Utah","linear_increase_sd","Past",2020-07-07,"latent_trend",NA,NA,NA,0.395424612632097,NA,NA,NA,NA
"Utah","return_normal","Past",2020-07-07,"latent_trend",NA,NA,NA,0.395424612632097,NA,NA,NA,NA
"Utah","status_quo","Past",2020-07-07,"latent_trend",NA,NA,NA,0.395424612632097,NA,NA,NA,NA
"Utah","linear_increase_sd","Past",2020-07-07,"mobility_trend",NA,NA,NA,0.951039147983111,NA,NA,NA,NA
"Utah","return_normal","Past",2020-07-07,"mobility_trend",NA,NA,NA,0.951039147983111,NA,NA,NA,NA
"Utah","status_quo","Past",2020-07-07,"mobility_trend",NA,NA,NA,0.951039147983111,NA,NA,NA,NA
"Utah",NA,"Past",2020-07-08,"actual_cumulative_cases",NA,NA,NA,26755,NA,NA,NA,NA
"Utah",NA,"Past",2020-07-08,"actual_cumulative_deaths",NA,NA,NA,206,NA,NA,NA,NA
"Utah",NA,"Past",2020-07-08,"actual_daily_cases",NA,NA,NA,722,NA,NA,NA,NA
"Utah",NA,"Past",2020-07-08,"actual_daily_deaths",NA,NA,NA,7,NA,NA,NA,NA
"Utah","linear_increase_sd","Past",2020-07-08,"combined_trend",NA,NA,NA,0.370528984709333,NA,NA,NA,NA
"Utah","return_normal","Past",2020-07-08,"combined_trend",NA,NA,NA,0.370528984709333,NA,NA,NA,NA
"Utah","status_quo","Past",2020-07-08,"combined_trend",NA,NA,NA,0.370528984709333,NA,NA,NA,NA
"Utah","linear_increase_sd","Past",2020-07-08,"cumulative_all_infections",87504,87504,87504,88647,88096,90340,90340,90340
"Utah","return_normal","Past",2020-07-08,"cumulative_all_infections",87504,87504,87504,88647,88096,90340,90340,90340
"Utah","status_quo","Past",2020-07-08,"cumulative_all_infections",87504,87504,87504,88647,88096,90340,90340,90340
"Utah","linear_increase_sd","Past",2020-07-08,"cumulative_cases",24287,24287,24287,24724,24455,25429,25429,25429
"Utah","return_normal","Past",2020-07-08,"cumulative_cases",24287,24287,24287,24724,24455,25429,25429,25429
"Utah","status_quo","Past",2020-07-08,"cumulative_cases",24287,24287,24287,24724,24455,25429,25429,25429
"Utah","linear_increase_sd","Past",2020-07-08,"cumulative_deaths",350,350,350,360,357,371,371,371
"Utah","return_normal","Past",2020-07-08,"cumulative_deaths",350,350,350,360,357,371,371,371
"Utah","status_quo","Past",2020-07-08,"cumulative_deaths",350,350,350,360,357,371,371,371
"Utah","linear_increase_sd","Past",2020-07-08,"cumulative_hosps",2599,2599,2599,2624,2599,2674,2674,2674
"Utah","return_normal","Past",2020-07-08,"cumulative_hosps",2599,2599,2599,2624,2599,2674,2674,2674
"Utah","status_quo","Past",2020-07-08,"cumulative_hosps",2599,2599,2599,2624,2599,2674,2674,2674
"Utah","linear_increase_sd","Past",2020-07-08,"daily_all_infections",1756,1756,1756,1759,1757,1762,1762,1762
"Utah","return_normal","Past",2020-07-08,"daily_all_infections",1756,1756,1756,1759,1757,1762,1762,1762
"Utah","status_quo","Past",2020-07-08,"daily_all_infections",1756,1756,1756,1759,1757,1762,1762,1762
"Utah","linear_increase_sd","Past",2020-07-08,"daily_cases",592,592,592,627,638,650,650,650
"Utah","return_normal","Past",2020-07-08,"daily_cases",592,592,592,627,638,650,650,650
"Utah","status_quo","Past",2020-07-08,"daily_cases",592,592,592,627,638,650,650,650
"Utah","linear_increase_sd","Past",2020-07-08,"daily_deaths",5,5,5,6,6,6,6,6
"Utah","return_normal","Past",2020-07-08,"daily_deaths",5,5,5,6,6,6,6,6
"Utah","status_quo","Past",2020-07-08,"daily_deaths",5,5,5,6,6,6,6,6
"Utah","linear_increase_sd","Past",2020-07-08,"daily_hosps",65,65,65,67,66,69,69,69
"Utah","return_normal","Past",2020-07-08,"daily_hosps",65,65,65,67,66,69,69,69
"Utah","status_quo","Past",2020-07-08,"daily_hosps",65,65,65,67,66,69,69,69
"Utah","linear_increase_sd","Past",2020-07-08,"latent_trend",NA,NA,NA,0.389613963876607,NA,NA,NA,NA
"Utah","return_normal","Past",2020-07-08,"latent_trend",NA,NA,NA,0.389613963876607,NA,NA,NA,NA
"Utah","status_quo","Past",2020-07-08,"latent_trend",NA,NA,NA,0.389613963876607,NA,NA,NA,NA
"Utah","linear_increase_sd","Past",2020-07-08,"mobility_trend",NA,NA,NA,0.951015669517128,NA,NA,NA,NA
"Utah","return_normal","Past",2020-07-08,"mobility_trend",NA,NA,NA,0.951015669517128,NA,NA,NA,NA
"Utah","status_quo","Past",2020-07-08,"mobility_trend",NA,NA,NA,0.951015669517128,NA,NA,NA,NA
"Utah",NA,"Past",2020-07-09,"actual_cumulative_cases",NA,NA,NA,27356,NA,NA,NA,NA
"Utah",NA,"Past",2020-07-09,"actual_cumulative_deaths",NA,NA,NA,210,NA,NA,NA,NA
"Utah",NA,"Past",2020-07-09,"actual_daily_cases",NA,NA,NA,601,NA,NA,NA,NA
"Utah",NA,"Past",2020-07-09,"actual_daily_deaths",NA,NA,NA,4,NA,NA,NA,NA
"Utah","linear_increase_sd","Past",2020-07-09,"combined_trend",NA,NA,NA,0.365036801790015,NA,NA,NA,NA
"Utah","return_normal","Past",2020-07-09,"combined_trend",NA,NA,NA,0.365036801790015,NA,NA,NA,NA
"Utah","status_quo","Past",2020-07-09,"combined_trend",NA,NA,NA,0.365036801790015,NA,NA,NA,NA
"Utah","linear_increase_sd","Past",2020-07-09,"cumulative_all_infections",89263,89263,89263,90401,89858,92082,92082,92082
"Utah","return_normal","Past",2020-07-09,"cumulative_all_infections",89263,89263,89263,90401,89858,92082,92082,92082
"Utah","status_quo","Past",2020-07-09,"cumulative_all_infections",89263,89263,89263,90401,89858,92082,92082,92082
"Utah","linear_increase_sd","Past",2020-07-09,"cumulative_cases",24932,24932,24932,25344,25041,26059,26059,26059
"Utah","return_normal","Past",2020-07-09,"cumulative_cases",24932,24932,24932,25344,25041,26059,26059,26059
"Utah","status_quo","Past",2020-07-09,"cumulative_cases",24932,24932,24932,25344,25041,26059,26059,26059
"Utah","linear_increase_sd","Past",2020-07-09,"cumulative_deaths",356,356,356,365,362,376,376,376
"Utah","return_normal","Past",2020-07-09,"cumulative_deaths",356,356,356,365,362,376,376,376
"Utah","status_quo","Past",2020-07-09,"cumulative_deaths",356,356,356,365,362,376,376,376
"Utah","linear_increase_sd","Past",2020-07-09,"cumulative_hosps",2666,2666,2666,2692,2666,2744,2744,2744
"Utah","return_normal","Past",2020-07-09,"cumulative_hosps",2666,2666,2666,2692,2666,2744,2744,2744
"Utah","status_quo","Past",2020-07-09,"cumulative_hosps",2666,2666,2666,2692,2666,2744,2744,2744
"Utah","linear_increase_sd","Past",2020-07-09,"daily_all_infections",1742,1742,1742,1755,1759,1762,1762,1762
"Utah","return_normal","Past",2020-07-09,"daily_all_infections",1742,1742,1742,1755,1759,1762,1762,1762
"Utah","status_quo","Past",2020-07-09,"daily_all_infections",1742,1742,1742,1755,1759,1762,1762,1762
"Utah","linear_increase_sd","Past",2020-07-09,"daily_cases",586,586,586,621,630,645,645,645
"Utah","return_normal","Past",2020-07-09,"daily_cases",586,586,586,621,630,645,645,645
"Utah","status_quo","Past",2020-07-09,"daily_cases",586,586,586,621,630,645,645,645
"Utah","linear_increase_sd","Past",2020-07-09,"daily_deaths",5,5,5,6,5,6,6,6
"Utah","return_normal","Past",2020-07-09,"daily_deaths",5,5,5,6,5,6,6,6
"Utah","status_quo","Past",2020-07-09,"daily_deaths",5,5,5,6,5,6,6,6
"Utah","linear_increase_sd","Past",2020-07-09,"daily_hosps",67,67,67,68,67,70,70,70
"Utah","return_normal","Past",2020-07-09,"daily_hosps",67,67,67,68,67,70,70,70
"Utah","status_quo","Past",2020-07-09,"daily_hosps",67,67,67,68,67,70,70,70
"Utah","linear_increase_sd","Past",2020-07-09,"latent_trend",NA,NA,NA,0.383915597399871,NA,NA,NA,NA
"Utah","return_normal","Past",2020-07-09,"latent_trend",NA,NA,NA,0.383915597399871,NA,NA,NA,NA
"Utah","status_quo","Past",2020-07-09,"latent_trend",NA,NA,NA,0.383915597399871,NA,NA,NA,NA
"Utah","linear_increase_sd","Past",2020-07-09,"mobility_trend",NA,NA,NA,0.950825661323179,NA,NA,NA,NA
"Utah","return_normal","Past",2020-07-09,"mobility_trend",NA,NA,NA,0.950825661323179,NA,NA,NA,NA
"Utah","status_quo","Past",2020-07-09,"mobility_trend",NA,NA,NA,0.950825661323179,NA,NA,NA,NA
"Utah",NA,"Past",2020-07-10,"actual_cumulative_cases",NA,NA,NA,28223,NA,NA,NA,NA
"Utah",NA,"Past",2020-07-10,"actual_cumulative_deaths",NA,NA,NA,212,NA,NA,NA,NA
"Utah",NA,"Past",2020-07-10,"actual_daily_cases",NA,NA,NA,867,NA,NA,NA,NA
"Utah",NA,"Past",2020-07-10,"actual_daily_deaths",NA,NA,NA,2,NA,NA,NA,NA
"Utah","linear_increase_sd","Past",2020-07-10,"combined_trend",NA,NA,NA,0.359621478472248,NA,NA,NA,NA
"Utah","return_normal","Past",2020-07-10,"combined_trend",NA,NA,NA,0.359621478472248,NA,NA,NA,NA
"Utah","status_quo","Past",2020-07-10,"combined_trend",NA,NA,NA,0.359621478472248,NA,NA,NA,NA
"Utah","linear_increase_sd","Past",2020-07-10,"cumulative_all_infections",91006,91006,91006,92134,91599,93795,93795,93795
"Utah","return_normal","Past",2020-07-10,"cumulative_all_infections",91006,91006,91006,92134,91599,93795,93795,93795
"Utah","status_quo","Past",2020-07-10,"cumulative_all_infections",91006,91006,91006,92134,91599,93795,93795,93795
"Utah","linear_increase_sd","Past",2020-07-10,"cumulative_cases",25548,25548,25548,25970,25645,26715,26715,26715
"Utah","return_normal","Past",2020-07-10,"cumulative_cases",25548,25548,25548,25970,25645,26715,26715,26715
"Utah","status_quo","Past",2020-07-10,"cumulative_cases",25548,25548,25548,25970,25645,26715,26715,26715
"Utah","linear_increase_sd","Past",2020-07-10,"cumulative_deaths",362,362,362,371,367,383,383,383
"Utah","return_normal","Past",2020-07-10,"cumulative_deaths",362,362,362,371,367,383,383,383
"Utah","status_quo","Past",2020-07-10,"cumulative_deaths",362,362,362,371,367,383,383,383
"Utah","linear_increase_sd","Past",2020-07-10,"cumulative_hosps",2734,2734,2734,2761,2734,2815,2815,2815
"Utah","return_normal","Past",2020-07-10,"cumulative_hosps",2734,2734,2734,2761,2734,2815,2815,2815
"Utah","status_quo","Past",2020-07-10,"cumulative_hosps",2734,2734,2734,2761,2734,2815,2815,2815
"Utah","linear_increase_sd","Past",2020-07-10,"daily_all_infections",1713,1713,1713,1733,1741,1743,1743,1743
"Utah","return_normal","Past",2020-07-10,"daily_all_infections",1713,1713,1713,1733,1741,1743,1743,1743
"Utah","status_quo","Past",2020-07-10,"daily_all_infections",1713,1713,1713,1733,1741,1743,1743,1743
"Utah","linear_increase_sd","Past",2020-07-10,"daily_cases",604,604,604,626,616,656,656,656
"Utah","return_normal","Past",2020-07-10,"daily_cases",604,604,604,626,616,656,656,656
"Utah","status_quo","Past",2020-07-10,"daily_cases",604,604,604,626,616,656,656,656
"Utah","linear_increase_sd","Past",2020-07-10,"daily_deaths",5,5,5,6,6,7,7,7
"Utah","return_normal","Past",2020-07-10,"daily_deaths",5,5,5,6,6,7,7,7
"Utah","status_quo","Past",2020-07-10,"daily_deaths",5,5,5,6,6,7,7,7
"Utah","linear_increase_sd","Past",2020-07-10,"daily_hosps",68,68,68,69,68,71,71,71
"Utah","return_normal","Past",2020-07-10,"daily_hosps",68,68,68,69,68,71,71,71
"Utah","status_quo","Past",2020-07-10,"daily_hosps",68,68,68,69,68,71,71,71
"Utah","linear_increase_sd","Past",2020-07-10,"latent_trend",NA,NA,NA,0.378361406262,NA,NA,NA,NA
"Utah","return_normal","Past",2020-07-10,"latent_trend",NA,NA,NA,0.378361406262,NA,NA,NA,NA
"Utah","status_quo","Past",2020-07-10,"latent_trend",NA,NA,NA,0.378361406262,NA,NA,NA,NA
"Utah","linear_increase_sd","Past",2020-07-10,"mobility_trend",NA,NA,NA,0.950470826359134,NA,NA,NA,NA
"Utah","return_normal","Past",2020-07-10,"mobility_trend",NA,NA,NA,0.950470826359134,NA,NA,NA,NA
"Utah","status_quo","Past",2020-07-10,"mobility_trend",NA,NA,NA,0.950470826359134,NA,NA,NA,NA
"Utah",NA,"Past",2020-07-11,"actual_cumulative_cases",NA,NA,NA,28855,NA,NA,NA,NA
"Utah",NA,"Past",2020-07-11,"actual_cumulative_deaths",NA,NA,NA,217,NA,NA,NA,NA
"Utah",NA,"Past",2020-07-11,"actual_daily_cases",NA,NA,NA,632,NA,NA,NA,NA
"Utah",NA,"Past",2020-07-11,"actual_daily_deaths",NA,NA,NA,5,NA,NA,NA,NA
"Utah","linear_increase_sd","Past",2020-07-11,"combined_trend",NA,NA,NA,0.354315936470602,NA,NA,NA,NA
"Utah","return_normal","Past",2020-07-11,"combined_trend",NA,NA,NA,0.354315936470602,NA,NA,NA,NA
"Utah","status_quo","Past",2020-07-11,"combined_trend",NA,NA,NA,0.354315936470602,NA,NA,NA,NA
"Utah","linear_increase_sd","Past",2020-07-11,"cumulative_all_infections",92739,92739,92739,93851,93333,95480,95480,95480
"Utah","return_normal","Past",2020-07-11,"cumulative_all_infections",92739,92739,92739,93851,93333,95480,95480,95480
"Utah","status_quo","Past",2020-07-11,"cumulative_all_infections",92739,92739,92739,93851,93333,95480,95480,95480
"Utah","linear_increase_sd","Past",2020-07-11,"cumulative_cases",26128,26128,26128,26548,26206,27309,27309,27309
"Utah","return_normal","Past",2020-07-11,"cumulative_cases",26128,26128,26128,26548,26206,27309,27309,27309
"Utah","status_quo","Past",2020-07-11,"cumulative_cases",26128,26128,26128,26548,26206,27309,27309,27309
"Utah","linear_increase_sd","Past",2020-07-11,"cumulative_deaths",367,367,367,376,372,389,389,389
"Utah","return_normal","Past",2020-07-11,"cumulative_deaths",367,367,367,376,372,389,389,389
"Utah","status_quo","Past",2020-07-11,"cumulative_deaths",367,367,367,376,372,389,389,389
"Utah","linear_increase_sd","Past",2020-07-11,"cumulative_hosps",2802,2802,2802,2831,2803,2887,2887,2887
"Utah","return_normal","Past",2020-07-11,"cumulative_hosps",2802,2802,2802,2831,2803,2887,2887,2887
"Utah","status_quo","Past",2020-07-11,"cumulative_hosps",2802,2802,2802,2831,2803,2887,2887,2887
"Utah","linear_increase_sd","Past",2020-07-11,"daily_all_infections",1685,1685,1685,1718,1733,1734,1734,1734
"Utah","return_normal","Past",2020-07-11,"daily_all_infections",1685,1685,1685,1718,1733,1734,1734,1734
"Utah","status_quo","Past",2020-07-11,"daily_all_infections",1685,1685,1685,1718,1733,1734,1734,1734
"Utah","linear_increase_sd","Past",2020-07-11,"daily_cases",561,561,561,579,580,594,594,594
"Utah","return_normal","Past",2020-07-11,"daily_cases",561,561,561,579,580,594,594,594
"Utah","status_quo","Past",2020-07-11,"daily_cases",561,561,561,579,580,594,594,594
"Utah","linear_increase_sd","Past",2020-07-11,"daily_deaths",5,5,5,6,5,6,6,6
"Utah","return_normal","Past",2020-07-11,"daily_deaths",5,5,5,6,5,6,6,6
"Utah","status_quo","Past",2020-07-11,"daily_deaths",5,5,5,6,5,6,6,6
"Utah","linear_increase_sd","Past",2020-07-11,"daily_hosps",68,68,68,70,69,72,72,72
"Utah","return_normal","Past",2020-07-11,"daily_hosps",68,68,68,70,69,72,72,72
"Utah","status_quo","Past",2020-07-11,"daily_hosps",68,68,68,70,69,72,72,72
"Utah","linear_increase_sd","Past",2020-07-11,"latent_trend",NA,NA,NA,0.372982423521184,NA,NA,NA,NA
"Utah","return_normal","Past",2020-07-11,"latent_trend",NA,NA,NA,0.372982423521184,NA,NA,NA,NA
"Utah","status_quo","Past",2020-07-11,"latent_trend",NA,NA,NA,0.372982423521184,NA,NA,NA,NA
"Utah","linear_increase_sd","Past",2020-07-11,"mobility_trend",NA,NA,NA,0.949953440501676,NA,NA,NA,NA
"Utah","return_normal","Past",2020-07-11,"mobility_trend",NA,NA,NA,0.949953440501676,NA,NA,NA,NA
"Utah","status_quo","Past",2020-07-11,"mobility_trend",NA,NA,NA,0.949953440501676,NA,NA,NA,NA
"Utah",NA,"Past",2020-07-12,"actual_cumulative_cases",NA,NA,NA,29484,NA,NA,NA,NA
"Utah",NA,"Past",2020-07-12,"actual_cumulative_deaths",NA,NA,NA,220,NA,NA,NA,NA
"Utah",NA,"Past",2020-07-12,"actual_daily_cases",NA,NA,NA,629,NA,NA,NA,NA
"Utah",NA,"Past",2020-07-12,"actual_daily_deaths",NA,NA,NA,3,NA,NA,NA,NA
"Utah","linear_increase_sd","Past",2020-07-12,"combined_trend",NA,NA,NA,0.349151987657119,NA,NA,NA,NA
"Utah","return_normal","Past",2020-07-12,"combined_trend",NA,NA,NA,0.349151987657119,NA,NA,NA,NA
"Utah","status_quo","Past",2020-07-12,"combined_trend",NA,NA,NA,0.349151987657119,NA,NA,NA,NA
"Utah","linear_increase_sd","Past",2020-07-12,"cumulative_all_infections",94462,94462,94462,95548,95042,97138,97138,97138
"Utah","return_normal","Past",2020-07-12,"cumulative_all_infections",94462,94462,94462,95548,95042,97138,97138,97138
"Utah","status_quo","Past",2020-07-12,"cumulative_all_infections",94462,94462,94462,95548,95042,97138,97138,97138
"Utah","linear_increase_sd","Past",2020-07-12,"cumulative_cases",26783,26783,26783,27167,26800,27916,27916,27916
"Utah","return_normal","Past",2020-07-12,"cumulative_cases",26783,26783,26783,27167,26800,27916,27916,27916
"Utah","status_quo","Past",2020-07-12,"cumulative_cases",26783,26783,26783,27167,26800,27916,27916,27916
"Utah","linear_increase_sd","Past",2020-07-12,"cumulative_deaths",374,374,374,383,379,395,395,395
"Utah","return_normal","Past",2020-07-12,"cumulative_deaths",374,374,374,383,379,395,395,395
"Utah","status_quo","Past",2020-07-12,"cumulative_deaths",374,374,374,383,379,395,395,395
"Utah","linear_increase_sd","Past",2020-07-12,"cumulative_hosps",2870,2870,2870,2901,2873,2959,2959,2959
"Utah","return_normal","Past",2020-07-12,"cumulative_hosps",2870,2870,2870,2901,2873,2959,2959,2959
"Utah","status_quo","Past",2020-07-12,"cumulative_hosps",2870,2870,2870,2901,2873,2959,2959,2959
"Utah","linear_increase_sd","Past",2020-07-12,"daily_all_infections",1658,1658,1658,1697,1709,1723,1723,1723
"Utah","return_normal","Past",2020-07-12,"daily_all_infections",1658,1658,1658,1697,1709,1723,1723,1723
"Utah","status_quo","Past",2020-07-12,"daily_all_infections",1658,1658,1658,1697,1709,1723,1723,1723
"Utah","linear_increase_sd","Past",2020-07-12,"daily_cases",594,594,594,619,607,655,655,655
"Utah","return_normal","Past",2020-07-12,"daily_cases",594,594,594,619,607,655,655,655
"Utah","status_quo","Past",2020-07-12,"daily_cases",594,594,594,619,607,655,655,655
"Utah","linear_increase_sd","Past",2020-07-12,"daily_deaths",6,6,6,7,7,7,7,7
"Utah","return_normal","Past",2020-07-12,"daily_deaths",6,6,6,7,7,7,7,7
"Utah","status_quo","Past",2020-07-12,"daily_deaths",6,6,6,7,7,7,7,7
"Utah","linear_increase_sd","Past",2020-07-12,"daily_hosps",68,68,68,70,70,72,72,72
"Utah","return_normal","Past",2020-07-12,"daily_hosps",68,68,68,70,70,72,72,72
"Utah","status_quo","Past",2020-07-12,"daily_hosps",68,68,68,70,70,72,72,72
"Utah","linear_increase_sd","Past",2020-07-12,"latent_trend",NA,NA,NA,0.367808802405275,NA,NA,NA,NA
"Utah","return_normal","Past",2020-07-12,"latent_trend",NA,NA,NA,0.367808802405275,NA,NA,NA,NA
"Utah","status_quo","Past",2020-07-12,"latent_trend",NA,NA,NA,0.367808802405275,NA,NA,NA,NA
"Utah","linear_increase_sd","Past",2020-07-12,"mobility_trend",NA,NA,NA,0.949275779627486,NA,NA,NA,NA
"Utah","return_normal","Past",2020-07-12,"mobility_trend",NA,NA,NA,0.949275779627486,NA,NA,NA,NA
"Utah","status_quo","Past",2020-07-12,"mobility_trend",NA,NA,NA,0.949275779627486,NA,NA,NA,NA
"Utah",NA,"Past",2020-07-13,"actual_cumulative_cases",NA,NA,NA,30030,NA,NA,NA,NA
"Utah",NA,"Past",2020-07-13,"actual_cumulative_deaths",NA,NA,NA,221,NA,NA,NA,NA
"Utah",NA,"Past",2020-07-13,"actual_daily_cases",NA,NA,NA,546,NA,NA,NA,NA
"Utah",NA,"Past",2020-07-13,"actual_daily_deaths",NA,NA,NA,1,NA,NA,NA,NA
"Utah","linear_increase_sd","Past",2020-07-13,"combined_trend",NA,NA,NA,0.34415641248815,NA,NA,NA,NA
"Utah","return_normal","Past",2020-07-13,"combined_trend",NA,NA,NA,0.34415641248815,NA,NA,NA,NA
"Utah","status_quo","Past",2020-07-13,"combined_trend",NA,NA,NA,0.34415641248815,NA,NA,NA,NA
"Utah","linear_increase_sd","Past",2020-07-13,"cumulative_all_infections",96166,96166,96166,97220,96728,98764,98764,98764
"Utah","return_normal","Past",2020-07-13,"cumulative_all_infections",96166,96166,96166,97220,96728,98764,98764,98764
"Utah","status_quo","Past",2020-07-13,"cumulative_all_infections",96166,96166,96166,97220,96728,98764,98764,98764
"Utah","linear_increase_sd","Past",2020-07-13,"cumulative_cases",27429,27429,27429,27816,27492,28525,28525,28525
"Utah","return_normal","Past",2020-07-13,"cumulative_cases",27429,27429,27429,27816,27492,28525,28525,28525
"Utah","status_quo","Past",2020-07-13,"cumulative_cases",27429,27429,27429,27816,27492,28525,28525,28525
"Utah","linear_increase_sd","Past",2020-07-13,"cumulative_deaths",380,380,380,389,385,401,401,401
"Utah","return_normal","Past",2020-07-13,"cumulative_deaths",380,380,380,389,385,401,401,401
"Utah","status_quo","Past",2020-07-13,"cumulative_deaths",380,380,380,389,385,401,401,401
"Utah","linear_increase_sd","Past",2020-07-13,"cumulative_hosps",2942,2942,2942,2972,2944,3030,3030,3030
"Utah","return_normal","Past",2020-07-13,"cumulative_hosps",2942,2942,2942,2972,2944,3030,3030,3030
"Utah","status_quo","Past",2020-07-13,"cumulative_hosps",2942,2942,2942,2972,2944,3030,3030,3030
"Utah","linear_increase_sd","Past",2020-07-13,"daily_all_infections",1626,1626,1626,1672,1686,1704,1704,1704
"Utah","return_normal","Past",2020-07-13,"daily_all_infections",1626,1626,1626,1672,1686,1704,1704,1704
"Utah","status_quo","Past",2020-07-13,"daily_all_infections",1626,1626,1626,1672,1686,1704,1704,1704
"Utah","linear_increase_sd","Past",2020-07-13,"daily_cases",609,609,609,649,629,709,709,709
"Utah","return_normal","Past",2020-07-13,"daily_cases",609,609,609,649,629,709,709,709
"Utah","status_quo","Past",2020-07-13,"daily_cases",609,609,609,649,629,709,709,709
"Utah","linear_increase_sd","Past",2020-07-13,"daily_deaths",6,6,6,6,6,6,6,6
"Utah","return_normal","Past",2020-07-13,"daily_deaths",6,6,6,6,6,6,6,6
"Utah","status_quo","Past",2020-07-13,"daily_deaths",6,6,6,6,6,6,6,6
"Utah","linear_increase_sd","Past",2020-07-13,"daily_hosps",71,71,71,72,71,72,72,72
"Utah","return_normal","Past",2020-07-13,"daily_hosps",71,71,71,72,71,72,72,72
"Utah","status_quo","Past",2020-07-13,"daily_hosps",71,71,71,72,71,72,72,72
"Utah","linear_increase_sd","Past",2020-07-13,"latent_trend",NA,NA,NA,0.362865823170272,NA,NA,NA,NA
"Utah","return_normal","Past",2020-07-13,"latent_trend",NA,NA,NA,0.362865823170272,NA,NA,NA,NA
"Utah","status_quo","Past",2020-07-13,"latent_trend",NA,NA,NA,0.362865823170272,NA,NA,NA,NA
"Utah","linear_increase_sd","Past",2020-07-13,"mobility_trend",NA,NA,NA,0.948439865406275,NA,NA,NA,NA
"Utah","return_normal","Past",2020-07-13,"mobility_trend",NA,NA,NA,0.948439865406275,NA,NA,NA,NA
"Utah","status_quo","Past",2020-07-13,"mobility_trend",NA,NA,NA,0.948439865406275,NA,NA,NA,NA
"Utah",NA,"Past",2020-07-14,"actual_cumulative_cases",NA,NA,NA,30478,NA,NA,NA,NA
"Utah",NA,"Past",2020-07-14,"actual_cumulative_deaths",NA,NA,NA,231,NA,NA,NA,NA
"Utah",NA,"Past",2020-07-14,"actual_daily_cases",NA,NA,NA,448,NA,NA,NA,NA
"Utah",NA,"Past",2020-07-14,"actual_daily_deaths",NA,NA,NA,10,NA,NA,NA,NA
"Utah","linear_increase_sd","Past",2020-07-14,"combined_trend",NA,NA,NA,0.339343934800932,NA,NA,NA,NA
"Utah","return_normal","Past",2020-07-14,"combined_trend",NA,NA,NA,0.339343934800932,NA,NA,NA,NA
"Utah","status_quo","Past",2020-07-14,"combined_trend",NA,NA,NA,0.339343934800932,NA,NA,NA,NA
"Utah","linear_increase_sd","Past",2020-07-14,"cumulative_all_infections",97856,97856,97856,98872,98388,100371,100371,100371
"Utah","return_normal","Past",2020-07-14,"cumulative_all_infections",97856,97856,97856,98872,98388,100371,100371,100371
"Utah","status_quo","Past",2020-07-14,"cumulative_all_infections",97856,97856,97856,98872,98388,100371,100371,100371
"Utah","linear_increase_sd","Past",2020-07-14,"cumulative_cases",28049,28049,28049,28424,28106,29116,29116,29116
"Utah","return_normal","Past",2020-07-14,"cumulative_cases",28049,28049,28049,28424,28106,29116,29116,29116
"Utah","status_quo","Past",2020-07-14,"cumulative_cases",28049,28049,28049,28424,28106,29116,29116,29116
"Utah","linear_increase_sd","Past",2020-07-14,"cumulative_deaths",386,386,386,395,391,408,408,408
"Utah","return_normal","Past",2020-07-14,"cumulative_deaths",386,386,386,395,391,408,408,408
"Utah","status_quo","Past",2020-07-14,"cumulative_deaths",386,386,386,395,391,408,408,408
"Utah","linear_increase_sd","Past",2020-07-14,"cumulative_hosps",3013,3013,3013,3045,3017,3103,3103,3103
"Utah","return_normal","Past",2020-07-14,"cumulative_hosps",3013,3013,3013,3045,3017,3103,3103,3103
"Utah","status_quo","Past",2020-07-14,"cumulative_hosps",3013,3013,3013,3045,3017,3103,3103,3103
"Utah","linear_increase_sd","Past",2020-07-14,"daily_all_infections",1607,1607,1607,1653,1660,1690,1690,1690
"Utah","return_normal","Past",2020-07-14,"daily_all_infections",1607,1607,1607,1653,1660,1690,1690,1690
"Utah","status_quo","Past",2020-07-14,"daily_all_infections",1607,1607,1607,1653,1660,1690,1690,1690
"Utah","linear_increase_sd","Past",2020-07-14,"daily_cases",591,591,591,609,614,620,620,620
"Utah","return_normal","Past",2020-07-14,"daily_cases",591,591,591,609,614,620,620,620
"Utah","status_quo","Past",2020-07-14,"daily_cases",591,591,591,609,614,620,620,620
"Utah","linear_increase_sd","Past",2020-07-14,"daily_deaths",6,6,6,7,6,7,7,7
"Utah","return_normal","Past",2020-07-14,"daily_deaths",6,6,6,7,6,7,7,7
"Utah","status_quo","Past",2020-07-14,"daily_deaths",6,6,6,7,6,7,7,7
"Utah","linear_increase_sd","Past",2020-07-14,"daily_hosps",71,71,71,73,73,73,73,73
"Utah","return_normal","Past",2020-07-14,"daily_hosps",71,71,71,73,73,73,73,73
"Utah","status_quo","Past",2020-07-14,"daily_hosps",71,71,71,73,73,73,73,73
"Utah","linear_increase_sd","Past",2020-07-14,"latent_trend",NA,NA,NA,0.35816678008493,NA,NA,NA,NA
"Utah","return_normal","Past",2020-07-14,"latent_trend",NA,NA,NA,0.35816678008493,NA,NA,NA,NA
"Utah","status_quo","Past",2020-07-14,"latent_trend",NA,NA,NA,0.35816678008493,NA,NA,NA,NA
"Utah","linear_increase_sd","Past",2020-07-14,"mobility_trend",NA,NA,NA,0.947446702679866,NA,NA,NA,NA
"Utah","return_normal","Past",2020-07-14,"mobility_trend",NA,NA,NA,0.947446702679866,NA,NA,NA,NA
"Utah","status_quo","Past",2020-07-14,"mobility_trend",NA,NA,NA,0.947446702679866,NA,NA,NA,NA
"Utah",NA,"Past",2020-07-15,"actual_cumulative_cases",NA,NA,NA,30891,NA,NA,NA,NA
"Utah",NA,"Past",2020-07-15,"actual_cumulative_deaths",NA,NA,NA,238,NA,NA,NA,NA
"Utah",NA,"Past",2020-07-15,"actual_daily_cases",NA,NA,NA,413,NA,NA,NA,NA
"Utah",NA,"Past",2020-07-15,"actual_daily_deaths",NA,NA,NA,7,NA,NA,NA,NA
"Utah","linear_increase_sd","Past",2020-07-15,"combined_trend",NA,NA,NA,0.334726622955084,NA,NA,NA,NA
"Utah","return_normal","Past",2020-07-15,"combined_trend",NA,NA,NA,0.334726622955084,NA,NA,NA,NA
"Utah","status_quo","Past",2020-07-15,"combined_trend",NA,NA,NA,0.334726622955084,NA,NA,NA,NA
"Utah","linear_increase_sd","Past",2020-07-15,"cumulative_all_infections",99520,99520,99520,100490,100023,101927,101927,101927
"Utah","return_normal","Past",2020-07-15,"cumulative_all_infections",99520,99520,99520,100490,100023,101927,101927,101927
"Utah","status_quo","Past",2020-07-15,"cumulative_all_infections",99520,99520,99520,100490,100023,101927,101927,101927
"Utah","linear_increase_sd","Past",2020-07-15,"cumulative_cases",28670,28670,28670,29018,28694,29690,29690,29690
"Utah","return_normal","Past",2020-07-15,"cumulative_cases",28670,28670,28670,29018,28694,29690,29690,29690
"Utah","status_quo","Past",2020-07-15,"cumulative_cases",28670,28670,28670,29018,28694,29690,29690,29690
"Utah","linear_increase_sd","Past",2020-07-15,"cumulative_deaths",393,393,393,402,398,415,415,415
"Utah","return_normal","Past",2020-07-15,"cumulative_deaths",393,393,393,402,398,415,415,415
"Utah","status_quo","Past",2020-07-15,"cumulative_deaths",393,393,393,402,398,415,415,415
"Utah","linear_increase_sd","Past",2020-07-15,"cumulative_hosps",3085,3085,3085,3118,3091,3176,3176,3176
"Utah","return_normal","Past",2020-07-15,"cumulative_hosps",3085,3085,3085,3118,3091,3176,3176,3176
"Utah","status_quo","Past",2020-07-15,"cumulative_hosps",3085,3085,3085,3118,3091,3176,3176,3176
"Utah","linear_increase_sd","Past",2020-07-15,"daily_all_infections",1556,1556,1556,1619,1635,1664,1664,1664
"Utah","return_normal","Past",2020-07-15,"daily_all_infections",1556,1556,1556,1619,1635,1664,1664,1664
"Utah","status_quo","Past",2020-07-15,"daily_all_infections",1556,1556,1556,1619,1635,1664,1664,1664
"Utah","linear_increase_sd","Past",2020-07-15,"daily_cases",574,574,574,595,588,621,621,621
"Utah","return_normal","Past",2020-07-15,"daily_cases",574,574,574,595,588,621,621,621
"Utah","status_quo","Past",2020-07-15,"daily_cases",574,574,574,595,588,621,621,621
"Utah","linear_increase_sd","Past",2020-07-15,"daily_deaths",7,7,7,7,7,7,7,7
"Utah","return_normal","Past",2020-07-15,"daily_deaths",7,7,7,7,7,7,7,7
"Utah","status_quo","Past",2020-07-15,"daily_deaths",7,7,7,7,7,7,7,7
"Utah","linear_increase_sd","Past",2020-07-15,"daily_hosps",72,72,72,73,73,74,74,74
"Utah","return_normal","Past",2020-07-15,"daily_hosps",72,72,72,73,73,74,74,74
"Utah","status_quo","Past",2020-07-15,"daily_hosps",72,72,72,73,73,74,74,74
"Utah","linear_increase_sd","Past",2020-07-15,"latent_trend",NA,NA,NA,0.353722571316762,NA,NA,NA,NA
"Utah","return_normal","Past",2020-07-15,"latent_trend",NA,NA,NA,0.353722571316762,NA,NA,NA,NA
"Utah","status_quo","Past",2020-07-15,"latent_trend",NA,NA,NA,0.353722571316762,NA,NA,NA,NA
"Utah","linear_increase_sd","Past",2020-07-15,"mobility_trend",NA,NA,NA,0.946297042083112,NA,NA,NA,NA
"Utah","return_normal","Past",2020-07-15,"mobility_trend",NA,NA,NA,0.946297042083112,NA,NA,NA,NA
"Utah","status_quo","Past",2020-07-15,"mobility_trend",NA,NA,NA,0.946297042083112,NA,NA,NA,NA
"Utah",NA,"Past",2020-07-16,"actual_cumulative_cases",NA,NA,NA,31845,NA,NA,NA,NA
"Utah",NA,"Past",2020-07-16,"actual_cumulative_deaths",NA,NA,NA,239,NA,NA,NA,NA
"Utah",NA,"Past",2020-07-16,"actual_daily_cases",NA,NA,NA,954,NA,NA,NA,NA
"Utah",NA,"Past",2020-07-16,"actual_daily_deaths",NA,NA,NA,1,NA,NA,NA,NA
"Utah","linear_increase_sd","Past",2020-07-16,"combined_trend",NA,NA,NA,0.330315921637338,NA,NA,NA,NA
"Utah","return_normal","Past",2020-07-16,"combined_trend",NA,NA,NA,0.330315921637338,NA,NA,NA,NA
"Utah","status_quo","Past",2020-07-16,"combined_trend",NA,NA,NA,0.330315921637338,NA,NA,NA,NA
"Utah","linear_increase_sd","Past",2020-07-16,"cumulative_all_infections",101161,101161,101161,102082,101629,103454,103454,103454
"Utah","return_normal","Past",2020-07-16,"cumulative_all_infections",101161,101161,101161,102082,101629,103454,103454,103454
"Utah","status_quo","Past",2020-07-16,"cumulative_all_infections",101161,101161,101161,102082,101629,103454,103454,103454
"Utah","linear_increase_sd","Past",2020-07-16,"cumulative_cases",29309,29309,29309,29646,29331,30296,30296,30296
"Utah","return_normal","Past",2020-07-16,"cumulative_cases",29309,29309,29309,29646,29331,30296,30296,30296
"Utah","status_quo","Past",2020-07-16,"cumulative_cases",29309,29309,29309,29646,29331,30296,30296,30296
"Utah","linear_increase_sd","Past",2020-07-16,"cumulative_deaths",398,398,398,408,404,421,421,421
"Utah","return_normal","Past",2020-07-16,"cumulative_deaths",398,398,398,408,404,421,421,421
"Utah","status_quo","Past",2020-07-16,"cumulative_deaths",398,398,398,408,404,421,421,421
"Utah","linear_increase_sd","Past",2020-07-16,"cumulative_hosps",3159,3159,3159,3192,3165,3250,3250,3250
"Utah","return_normal","Past",2020-07-16,"cumulative_hosps",3159,3159,3159,3192,3165,3250,3250,3250
"Utah","status_quo","Past",2020-07-16,"cumulative_hosps",3159,3159,3159,3192,3165,3250,3250,3250
"Utah","linear_increase_sd","Past",2020-07-16,"daily_all_infections",1527,1527,1527,1592,1606,1641,1641,1641
"Utah","return_normal","Past",2020-07-16,"daily_all_infections",1527,1527,1527,1592,1606,1641,1641,1641
"Utah","status_quo","Past",2020-07-16,"daily_all_infections",1527,1527,1527,1592,1606,1641,1641,1641
"Utah","linear_increase_sd","Past",2020-07-16,"daily_cases",606,606,606,628,615,661,661,661
"Utah","return_normal","Past",2020-07-16,"daily_cases",606,606,606,628,615,661,661,661
"Utah","status_quo","Past",2020-07-16,"daily_cases",606,606,606,628,615,661,661,661
"Utah","linear_increase_sd","Past",2020-07-16,"daily_deaths",5,5,5,6,6,6,6,6
"Utah","return_normal","Past",2020-07-16,"daily_deaths",5,5,5,6,6,6,6,6
"Utah","status_quo","Past",2020-07-16,"daily_deaths",5,5,5,6,6,6,6,6
"Utah","linear_increase_sd","Past",2020-07-16,"daily_hosps",74,74,74,74,74,74,74,74
"Utah","return_normal","Past",2020-07-16,"daily_hosps",74,74,74,74,74,74,74,74
"Utah","status_quo","Past",2020-07-16,"daily_hosps",74,74,74,74,74,74,74,74
"Utah","linear_increase_sd","Past",2020-07-16,"latent_trend",NA,NA,NA,0.349543752203895,NA,NA,NA,NA
"Utah","return_normal","Past",2020-07-16,"latent_trend",NA,NA,NA,0.349543752203895,NA,NA,NA,NA
"Utah","status_quo","Past",2020-07-16,"latent_trend",NA,NA,NA,0.349543752203895,NA,NA,NA,NA
"Utah","linear_increase_sd","Past",2020-07-16,"mobility_trend",NA,NA,NA,0.944991634250864,NA,NA,NA,NA
"Utah","return_normal","Past",2020-07-16,"mobility_trend",NA,NA,NA,0.944991634250864,NA,NA,NA,NA
"Utah","status_quo","Past",2020-07-16,"mobility_trend",NA,NA,NA,0.944991634250864,NA,NA,NA,NA
"Utah",NA,"Past",2020-07-17,"actual_cumulative_cases",NA,NA,NA,32572,NA,NA,NA,NA
"Utah",NA,"Past",2020-07-17,"actual_cumulative_deaths",NA,NA,NA,240,NA,NA,NA,NA
"Utah",NA,"Past",2020-07-17,"actual_daily_cases",NA,NA,NA,727,NA,NA,NA,NA
"Utah",NA,"Past",2020-07-17,"actual_daily_deaths",NA,NA,NA,1,NA,NA,NA,NA
"Utah","linear_increase_sd","Past",2020-07-17,"combined_trend",NA,NA,NA,0.32612144191063,NA,NA,NA,NA
"Utah","return_normal","Past",2020-07-17,"combined_trend",NA,NA,NA,0.32612144191063,NA,NA,NA,NA
"Utah","status_quo","Past",2020-07-17,"combined_trend",NA,NA,NA,0.32612144191063,NA,NA,NA,NA
"Utah","linear_increase_sd","Past",2020-07-17,"cumulative_all_infections",102772,102772,102772,103641,103202,104948,104948,104948
"Utah","return_normal","Past",2020-07-17,"cumulative_all_infections",102772,102772,102772,103641,103202,104948,104948,104948
"Utah","status_quo","Past",2020-07-17,"cumulative_all_infections",102772,102772,102772,103641,103202,104948,104948,104948
"Utah","linear_increase_sd","Past",2020-07-17,"cumulative_cases",29876,29876,29876,30246,29947,30914,30914,30914
"Utah","return_normal","Past",2020-07-17,"cumulative_cases",29876,29876,29876,30246,29947,30914,30914,30914
"Utah","status_quo","Past",2020-07-17,"cumulative_cases",29876,29876,29876,30246,29947,30914,30914,30914
"Utah","linear_increase_sd","Past",2020-07-17,"cumulative_deaths",404,404,404,414,411,427,427,427
"Utah","return_normal","Past",2020-07-17,"cumulative_deaths",404,404,404,414,411,427,427,427
"Utah","status_quo","Past",2020-07-17,"cumulative_deaths",404,404,404,414,411,427,427,427
"Utah","linear_increase_sd","Past",2020-07-17,"cumulative_hosps",3232,3232,3232,3266,3240,3324,3324,3324
"Utah","return_normal","Past",2020-07-17,"cumulative_hosps",3232,3232,3232,3266,3240,3324,3324,3324
"Utah","status_quo","Past",2020-07-17,"cumulative_hosps",3232,3232,3232,3266,3240,3324,3324,3324
"Utah","linear_increase_sd","Past",2020-07-17,"daily_all_infections",1494,1494,1494,1560,1573,1611,1611,1611
"Utah","return_normal","Past",2020-07-17,"daily_all_infections",1494,1494,1494,1560,1573,1611,1611,1611
"Utah","status_quo","Past",2020-07-17,"daily_all_infections",1494,1494,1494,1560,1573,1611,1611,1611
"Utah","linear_increase_sd","Past",2020-07-17,"daily_cases",567,567,567,601,616,618,618,618
"Utah","return_normal","Past",2020-07-17,"daily_cases",567,567,567,601,616,618,618,618
"Utah","status_quo","Past",2020-07-17,"daily_cases",567,567,567,601,616,618,618,618
"Utah","linear_increase_sd","Past",2020-07-17,"daily_deaths",6,6,6,7,6,7,7,7
"Utah","return_normal","Past",2020-07-17,"daily_deaths",6,6,6,7,6,7,7,7
"Utah","status_quo","Past",2020-07-17,"daily_deaths",6,6,6,7,6,7,7,7
"Utah","linear_increase_sd","Past",2020-07-17,"daily_hosps",73,73,73,74,74,75,75,75
"Utah","return_normal","Past",2020-07-17,"daily_hosps",73,73,73,74,74,75,75,75
"Utah","status_quo","Past",2020-07-17,"daily_hosps",73,73,73,74,74,75,75,75
"Utah","linear_increase_sd","Past",2020-07-17,"latent_trend",NA,NA,NA,0.34564059136322,NA,NA,NA,NA
"Utah","return_normal","Past",2020-07-17,"latent_trend",NA,NA,NA,0.34564059136322,NA,NA,NA,NA
"Utah","status_quo","Past",2020-07-17,"latent_trend",NA,NA,NA,0.34564059136322,NA,NA,NA,NA
"Utah","linear_increase_sd","Past",2020-07-17,"mobility_trend",NA,NA,NA,0.943527612380229,NA,NA,NA,NA
"Utah","return_normal","Past",2020-07-17,"mobility_trend",NA,NA,NA,0.943527612380229,NA,NA,NA,NA
"Utah","status_quo","Past",2020-07-17,"mobility_trend",NA,NA,NA,0.943527612380229,NA,NA,NA,NA
"Utah",NA,"Past",2020-07-18,"actual_cumulative_cases",NA,NA,NA,33332,NA,NA,NA,NA
"Utah",NA,"Past",2020-07-18,"actual_cumulative_deaths",NA,NA,NA,248,NA,NA,NA,NA
"Utah",NA,"Past",2020-07-18,"actual_daily_cases",NA,NA,NA,760,NA,NA,NA,NA
"Utah",NA,"Past",2020-07-18,"actual_daily_deaths",NA,NA,NA,8,NA,NA,NA,NA
"Utah","linear_increase_sd","Past",2020-07-18,"combined_trend",NA,NA,NA,0.322147361493949,NA,NA,NA,NA
"Utah","return_normal","Past",2020-07-18,"combined_trend",NA,NA,NA,0.322147361493949,NA,NA,NA,NA
"Utah","status_quo","Past",2020-07-18,"combined_trend",NA,NA,NA,0.322147361493949,NA,NA,NA,NA
"Utah","linear_increase_sd","Past",2020-07-18,"cumulative_all_infections",104348,104348,104348,105165,104740,106406,106406,106406
"Utah","return_normal","Past",2020-07-18,"cumulative_all_infections",104348,104348,104348,105165,104740,106406,106406,106406
"Utah","status_quo","Past",2020-07-18,"cumulative_all_infections",104348,104348,104348,105165,104740,106406,106406,106406
"Utah","linear_increase_sd","Past",2020-07-18,"cumulative_cases",30450,30450,30450,30850,30596,31504,31504,31504
"Utah","return_normal","Past",2020-07-18,"cumulative_cases",30450,30450,30450,30850,30596,31504,31504,31504
"Utah","status_quo","Past",2020-07-18,"cumulative_cases",30450,30450,30450,30850,30596,31504,31504,31504
"Utah","linear_increase_sd","Past",2020-07-18,"cumulative_deaths",411,411,411,421,418,434,434,434
"Utah","return_normal","Past",2020-07-18,"cumulative_deaths",411,411,411,421,418,434,434,434
"Utah","status_quo","Past",2020-07-18,"cumulative_deaths",411,411,411,421,418,434,434,434
"Utah","linear_increase_sd","Past",2020-07-18,"cumulative_hosps",3306,3306,3306,3340,3315,3398,3398,3398
"Utah","return_normal","Past",2020-07-18,"cumulative_hosps",3306,3306,3306,3340,3315,3398,3398,3398
"Utah","status_quo","Past",2020-07-18,"cumulative_hosps",3306,3306,3306,3340,3315,3398,3398,3398
"Utah","linear_increase_sd","Past",2020-07-18,"daily_all_infections",1458,1458,1458,1524,1538,1576,1576,1576
"Utah","return_normal","Past",2020-07-18,"daily_all_infections",1458,1458,1458,1524,1538,1576,1576,1576
"Utah","status_quo","Past",2020-07-18,"daily_all_infections",1458,1458,1458,1524,1538,1576,1576,1576
"Utah","linear_increase_sd","Past",2020-07-18,"daily_cases",574,574,574,605,590,649,649,649
"Utah","return_normal","Past",2020-07-18,"daily_cases",574,574,574,605,590,649,649,649
"Utah","status_quo","Past",2020-07-18,"daily_cases",574,574,574,605,590,649,649,649
"Utah","linear_increase_sd","Past",2020-07-18,"daily_deaths",7,7,7,7,7,7,7,7
"Utah","return_normal","Past",2020-07-18,"daily_deaths",7,7,7,7,7,7,7,7
"Utah","status_quo","Past",2020-07-18,"daily_deaths",7,7,7,7,7,7,7,7
"Utah","linear_increase_sd","Past",2020-07-18,"daily_hosps",74,74,74,75,74,75,75,75
"Utah","return_normal","Past",2020-07-18,"daily_hosps",74,74,74,75,74,75,75,75
"Utah","status_quo","Past",2020-07-18,"daily_hosps",74,74,74,75,74,75,75,75
"Utah","linear_increase_sd","Past",2020-07-18,"latent_trend",NA,NA,NA,0.342023132952701,NA,NA,NA,NA
"Utah","return_normal","Past",2020-07-18,"latent_trend",NA,NA,NA,0.342023132952701,NA,NA,NA,NA
"Utah","status_quo","Past",2020-07-18,"latent_trend",NA,NA,NA,0.342023132952701,NA,NA,NA,NA
"Utah","linear_increase_sd","Past",2020-07-18,"mobility_trend",NA,NA,NA,0.941887639917326,NA,NA,NA,NA
"Utah","return_normal","Past",2020-07-18,"mobility_trend",NA,NA,NA,0.941887639917326,NA,NA,NA,NA
"Utah","status_quo","Past",2020-07-18,"mobility_trend",NA,NA,NA,0.941887639917326,NA,NA,NA,NA
"Utah",NA,"Past",2020-07-19,"actual_cumulative_cases",NA,NA,NA,34117,NA,NA,NA,NA
"Utah",NA,"Past",2020-07-19,"actual_cumulative_deaths",NA,NA,NA,248,NA,NA,NA,NA
"Utah",NA,"Past",2020-07-19,"actual_daily_cases",NA,NA,NA,785,NA,NA,NA,NA
"Utah",NA,"Past",2020-07-19,"actual_daily_deaths",NA,NA,NA,0,NA,NA,NA,NA
"Utah","linear_increase_sd","Past",2020-07-19,"combined_trend",NA,NA,NA,0.318396382109716,NA,NA,NA,NA
"Utah","return_normal","Past",2020-07-19,"combined_trend",NA,NA,NA,0.318396382109716,NA,NA,NA,NA
"Utah","status_quo","Past",2020-07-19,"combined_trend",NA,NA,NA,0.318396382109716,NA,NA,NA,NA
"Utah","linear_increase_sd","Past",2020-07-19,"cumulative_all_infections",105889,105889,105889,106653,106244,107826,107826,107826
"Utah","return_normal","Past",2020-07-19,"cumulative_all_infections",105889,105889,105889,106653,106244,107826,107826,107826
"Utah","status_quo","Past",2020-07-19,"cumulative_all_infections",105889,105889,105889,106653,106244,107826,107826,107826
"Utah","linear_increase_sd","Past",2020-07-19,"cumulative_cases",31009,31009,31009,31451,31256,32088,32088,32088
"Utah","return_normal","Past",2020-07-19,"cumulative_cases",31009,31009,31009,31451,31256,32088,32088,32088
"Utah","status_quo","Past",2020-07-19,"cumulative_cases",31009,31009,31009,31451,31256,32088,32088,32088
"Utah","linear_increase_sd","Past",2020-07-19,"cumulative_deaths",418,418,418,428,424,440,440,440
"Utah","return_normal","Past",2020-07-19,"cumulative_deaths",418,418,418,428,424,440,440,440
"Utah","status_quo","Past",2020-07-19,"cumulative_deaths",418,418,418,428,424,440,440,440
"Utah","linear_increase_sd","Past",2020-07-19,"cumulative_hosps",3381,3381,3381,3414,3389,3472,3472,3472
"Utah","return_normal","Past",2020-07-19,"cumulative_hosps",3381,3381,3381,3414,3389,3472,3472,3472
"Utah","status_quo","Past",2020-07-19,"cumulative_hosps",3381,3381,3381,3414,3389,3472,3472,3472
"Utah","linear_increase_sd","Past",2020-07-19,"daily_all_infections",1420,1420,1420,1489,1504,1541,1541,1541
"Utah","return_normal","Past",2020-07-19,"daily_all_infections",1420,1420,1420,1489,1504,1541,1541,1541
"Utah","status_quo","Past",2020-07-19,"daily_all_infections",1420,1420,1420,1489,1504,1541,1541,1541
"Utah","linear_increase_sd","Past",2020-07-19,"daily_cases",559,559,559,601,584,660,660,660
"Utah","return_normal","Past",2020-07-19,"daily_cases",559,559,559,601,584,660,660,660
"Utah","status_quo","Past",2020-07-19,"daily_cases",559,559,559,601,584,660,660,660
"Utah","linear_increase_sd","Past",2020-07-19,"daily_deaths",6,6,6,7,6,7,7,7
"Utah","return_normal","Past",2020-07-19,"daily_deaths",6,6,6,7,6,7,7,7
"Utah","status_quo","Past",2020-07-19,"daily_deaths",6,6,6,7,6,7,7,7
"Utah","linear_increase_sd","Past",2020-07-19,"daily_hosps",74,74,74,75,74,75,75,75
"Utah","return_normal","Past",2020-07-19,"daily_hosps",74,74,74,75,74,75,75,75
"Utah","status_quo","Past",2020-07-19,"daily_hosps",74,74,74,75,74,75,75,75
"Utah","linear_increase_sd","Past",2020-07-19,"latent_trend",NA,NA,NA,0.338701264533272,NA,NA,NA,NA
"Utah","return_normal","Past",2020-07-19,"latent_trend",NA,NA,NA,0.338701264533272,NA,NA,NA,NA
"Utah","status_quo","Past",2020-07-19,"latent_trend",NA,NA,NA,0.338701264533272,NA,NA,NA,NA
"Utah","linear_increase_sd","Past",2020-07-19,"mobility_trend",NA,NA,NA,0.94005076287053,NA,NA,NA,NA
"Utah","return_normal","Past",2020-07-19,"mobility_trend",NA,NA,NA,0.94005076287053,NA,NA,NA,NA
"Utah","status_quo","Past",2020-07-19,"mobility_trend",NA,NA,NA,0.94005076287053,NA,NA,NA,NA
"Utah",NA,"Past",2020-07-20,"actual_cumulative_cases",NA,NA,NA,34526,NA,NA,NA,NA
"Utah",NA,"Past",2020-07-20,"actual_cumulative_deaths",NA,NA,NA,252,NA,NA,NA,NA
"Utah",NA,"Past",2020-07-20,"actual_daily_cases",NA,NA,NA,409,NA,NA,NA,NA
"Utah",NA,"Past",2020-07-20,"actual_daily_deaths",NA,NA,NA,4,NA,NA,NA,NA
"Utah","linear_increase_sd","Past",2020-07-20,"combined_trend",NA,NA,NA,0.314870999391495,NA,NA,NA,NA
"Utah","return_normal","Past",2020-07-20,"combined_trend",NA,NA,NA,0.314870999391495,NA,NA,NA,NA
"Utah","status_quo","Past",2020-07-20,"combined_trend",NA,NA,NA,0.314870999391495,NA,NA,NA,NA
"Utah","linear_increase_sd","Past",2020-07-20,"cumulative_all_infections",107394,107394,107394,108104,107715,109202,109202,109202
"Utah","return_normal","Past",2020-07-20,"cumulative_all_infections",107394,107394,107394,108104,107715,109202,109202,109202
"Utah","status_quo","Past",2020-07-20,"cumulative_all_infections",107394,107394,107394,108104,107715,109202,109202,109202
"Utah","linear_increase_sd","Past",2020-07-20,"cumulative_cases",31687,31687,31687,32057,31871,32611,32611,32611
"Utah","return_normal","Past",2020-07-20,"cumulative_cases",31687,31687,31687,32057,31871,32611,32611,32611
"Utah","status_quo","Past",2020-07-20,"cumulative_cases",31687,31687,31687,32057,31871,32611,32611,32611
"Utah","linear_increase_sd","Past",2020-07-20,"cumulative_deaths",424,424,424,434,431,447,447,447
"Utah","return_normal","Past",2020-07-20,"cumulative_deaths",424,424,424,434,431,447,447,447
"Utah","status_quo","Past",2020-07-20,"cumulative_deaths",424,424,424,434,431,447,447,447
"Utah","linear_increase_sd","Past",2020-07-20,"cumulative_hosps",3456,3456,3456,3488,3464,3544,3544,3544
"Utah","return_normal","Past",2020-07-20,"cumulative_hosps",3456,3456,3456,3488,3464,3544,3544,3544
"Utah","status_quo","Past",2020-07-20,"cumulative_hosps",3456,3456,3456,3488,3464,3544,3544,3544
"Utah","linear_increase_sd","Past",2020-07-20,"daily_all_infections",1376,1376,1376,1451,1471,1505,1505,1505
"Utah","return_normal","Past",2020-07-20,"daily_all_infections",1376,1376,1376,1451,1471,1505,1505,1505
"Utah","status_quo","Past",2020-07-20,"daily_all_infections",1376,1376,1376,1451,1471,1505,1505,1505
"Utah","linear_increase_sd","Past",2020-07-20,"daily_cases",523,523,523,606,615,678,678,678
"Utah","return_normal","Past",2020-07-20,"daily_cases",523,523,523,606,615,678,678,678
"Utah","status_quo","Past",2020-07-20,"daily_cases",523,523,523,606,615,678,678,678
"Utah","linear_increase_sd","Past",2020-07-20,"daily_deaths",6,6,6,7,7,7,7,7
"Utah","return_normal","Past",2020-07-20,"daily_deaths",6,6,6,7,7,7,7,7
"Utah","status_quo","Past",2020-07-20,"daily_deaths",6,6,6,7,7,7,7,7
"Utah","linear_increase_sd","Past",2020-07-20,"daily_hosps",72,72,72,74,75,75,75,75
"Utah","return_normal","Past",2020-07-20,"daily_hosps",72,72,72,74,75,75,75,75
"Utah","status_quo","Past",2020-07-20,"daily_hosps",72,72,72,74,75,75,75,75
"Utah","linear_increase_sd","Past",2020-07-20,"latent_trend",NA,NA,NA,0.335684789961454,NA,NA,NA,NA
"Utah","return_normal","Past",2020-07-20,"latent_trend",NA,NA,NA,0.335684789961454,NA,NA,NA,NA
"Utah","status_quo","Past",2020-07-20,"latent_trend",NA,NA,NA,0.335684789961454,NA,NA,NA,NA
"Utah","linear_increase_sd","Past",2020-07-20,"mobility_trend",NA,NA,NA,0.937996027248214,NA,NA,NA,NA
"Utah","return_normal","Past",2020-07-20,"mobility_trend",NA,NA,NA,0.937996027248214,NA,NA,NA,NA
"Utah","status_quo","Past",2020-07-20,"mobility_trend",NA,NA,NA,0.937996027248214,NA,NA,NA,NA
"Utah",NA,"Past",2020-07-21,"actual_cumulative_cases",NA,NA,NA,35012,NA,NA,NA,NA
"Utah",NA,"Past",2020-07-21,"actual_cumulative_deaths",NA,NA,NA,256,NA,NA,NA,NA
"Utah",NA,"Past",2020-07-21,"actual_daily_cases",NA,NA,NA,486,NA,NA,NA,NA
"Utah",NA,"Past",2020-07-21,"actual_daily_deaths",NA,NA,NA,4,NA,NA,NA,NA
"Utah","linear_increase_sd","Past",2020-07-21,"combined_trend",NA,NA,NA,0.311575312392806,NA,NA,NA,NA
"Utah","return_normal","Past",2020-07-21,"combined_trend",NA,NA,NA,0.311575312392806,NA,NA,NA,NA
"Utah","status_quo","Past",2020-07-21,"combined_trend",NA,NA,NA,0.311575312392806,NA,NA,NA,NA
"Utah","linear_increase_sd","Past",2020-07-21,"cumulative_all_infections",108866,108866,108866,109523,109156,110545,110545,110545
"Utah","return_normal","Past",2020-07-21,"cumulative_all_infections",108866,108866,108866,109523,109156,110545,110545,110545
"Utah","status_quo","Past",2020-07-21,"cumulative_all_infections",108866,108866,108866,109523,109156,110545,110545,110545
"Utah","linear_increase_sd","Past",2020-07-21,"cumulative_cases",32251,32251,32251,32648,32519,33174,33174,33174
"Utah","return_normal","Past",2020-07-21,"cumulative_cases",32251,32251,32251,32648,32519,33174,33174,33174
"Utah","status_quo","Past",2020-07-21,"cumulative_cases",32251,32251,32251,32648,32519,33174,33174,33174
"Utah","linear_increase_sd","Past",2020-07-21,"cumulative_deaths",430,430,430,441,438,453,453,453
"Utah","return_normal","Past",2020-07-21,"cumulative_deaths",430,430,430,441,438,453,453,453
"Utah","status_quo","Past",2020-07-21,"cumulative_deaths",430,430,430,441,438,453,453,453
"Utah","linear_increase_sd","Past",2020-07-21,"cumulative_hosps",3530,3530,3530,3562,3538,3616,3616,3616
"Utah","return_normal","Past",2020-07-21,"cumulative_hosps",3530,3530,3530,3562,3538,3616,3616,3616
"Utah","status_quo","Past",2020-07-21,"cumulative_hosps",3530,3530,3530,3562,3538,3616,3616,3616
"Utah","linear_increase_sd","Past",2020-07-21,"daily_all_infections",1343,1343,1343,1419,1441,1472,1472,1472
"Utah","return_normal","Past",2020-07-21,"daily_all_infections",1343,1343,1343,1419,1441,1472,1472,1472
"Utah","status_quo","Past",2020-07-21,"daily_all_infections",1343,1343,1343,1419,1441,1472,1472,1472
"Utah","linear_increase_sd","Past",2020-07-21,"daily_cases",563,563,563,592,564,648,648,648
"Utah","return_normal","Past",2020-07-21,"daily_cases",563,563,563,592,564,648,648,648
"Utah","status_quo","Past",2020-07-21,"daily_cases",563,563,563,592,564,648,648,648
"Utah","linear_increase_sd","Past",2020-07-21,"daily_deaths",6,6,6,7,6,7,7,7
"Utah","return_normal","Past",2020-07-21,"daily_deaths",6,6,6,7,6,7,7,7
"Utah","status_quo","Past",2020-07-21,"daily_deaths",6,6,6,7,6,7,7,7
"Utah","linear_increase_sd","Past",2020-07-21,"daily_hosps",72,72,72,74,74,74,74,74
"Utah","return_normal","Past",2020-07-21,"daily_hosps",72,72,72,74,74,74,74,74
"Utah","status_quo","Past",2020-07-21,"daily_hosps",72,72,72,74,74,74,74,74
"Utah","linear_increase_sd","Past",2020-07-21,"latent_trend",NA,NA,NA,0.332983506735231,NA,NA,NA,NA
"Utah","return_normal","Past",2020-07-21,"latent_trend",NA,NA,NA,0.332983506735231,NA,NA,NA,NA
"Utah","status_quo","Past",2020-07-21,"latent_trend",NA,NA,NA,0.332983506735231,NA,NA,NA,NA
"Utah","linear_increase_sd","Past",2020-07-21,"mobility_trend",NA,NA,NA,0.935707943758765,NA,NA,NA,NA
"Utah","return_normal","Past",2020-07-21,"mobility_trend",NA,NA,NA,0.935707943758765,NA,NA,NA,NA
"Utah","status_quo","Past",2020-07-21,"mobility_trend",NA,NA,NA,0.935707943758765,NA,NA,NA,NA
"Utah",NA,"Past",2020-07-22,"actual_cumulative_cases",NA,NA,NA,35578,NA,NA,NA,NA
"Utah",NA,"Past",2020-07-22,"actual_cumulative_deaths",NA,NA,NA,265,NA,NA,NA,NA
"Utah",NA,"Past",2020-07-22,"actual_daily_cases",NA,NA,NA,566,NA,NA,NA,NA
"Utah",NA,"Past",2020-07-22,"actual_daily_deaths",NA,NA,NA,9,NA,NA,NA,NA
"Utah","linear_increase_sd","Past",2020-07-22,"combined_trend",NA,NA,NA,0.308520367131476,NA,NA,NA,NA
"Utah","return_normal","Past",2020-07-22,"combined_trend",NA,NA,NA,0.308520367131476,NA,NA,NA,NA
"Utah","status_quo","Past",2020-07-22,"combined_trend",NA,NA,NA,0.308520367131476,NA,NA,NA,NA
"Utah","linear_increase_sd","Past",2020-07-22,"cumulative_all_infections",110303,110303,110303,110903,110552,111852,111852,111852
"Utah","return_normal","Past",2020-07-22,"cumulative_all_infections",110303,110303,110303,110903,110552,111852,111852,111852
"Utah","status_quo","Past",2020-07-22,"cumulative_all_infections",110303,110303,110303,110903,110552,111852,111852,111852
"Utah","linear_increase_sd","Past",2020-07-22,"cumulative_cases",32822,32822,32822,33210,33098,33710,33710,33710
"Utah","return_normal","Past",2020-07-22,"cumulative_cases",32822,32822,32822,33210,33098,33710,33710,33710
"Utah","status_quo","Past",2020-07-22,"cumulative_cases",32822,32822,32822,33210,33098,33710,33710,33710
"Utah","linear_increase_sd","Past",2020-07-22,"cumulative_deaths",436,436,436,447,445,460,460,460
"Utah","return_normal","Past",2020-07-22,"cumulative_deaths",436,436,436,447,445,460,460,460
"Utah","status_quo","Past",2020-07-22,"cumulative_deaths",436,436,436,447,445,460,460,460
"Utah","linear_increase_sd","Past",2020-07-22,"cumulative_hosps",3604,3604,3604,3635,3612,3687,3687,3687
"Utah","return_normal","Past",2020-07-22,"cumulative_hosps",3604,3604,3604,3635,3612,3687,3687,3687
"Utah","status_quo","Past",2020-07-22,"cumulative_hosps",3604,3604,3604,3635,3612,3687,3687,3687
"Utah","linear_increase_sd","Past",2020-07-22,"daily_all_infections",1307,1307,1307,1380,1396,1437,1437,1437
"Utah","return_normal","Past",2020-07-22,"daily_all_infections",1307,1307,1307,1380,1396,1437,1437,1437
"Utah","status_quo","Past",2020-07-22,"daily_all_infections",1307,1307,1307,1380,1396,1437,1437,1437
"Utah","linear_increase_sd","Past",2020-07-22,"daily_cases",536,536,536,562,571,579,579,579
"Utah","return_normal","Past",2020-07-22,"daily_cases",536,536,536,562,571,579,579,579
"Utah","status_quo","Past",2020-07-22,"daily_cases",536,536,536,562,571,579,579,579
"Utah","linear_increase_sd","Past",2020-07-22,"daily_deaths",6,6,6,7,7,7,7,7
"Utah","return_normal","Past",2020-07-22,"daily_deaths",6,6,6,7,7,7,7,7
"Utah","status_quo","Past",2020-07-22,"daily_deaths",6,6,6,7,7,7,7,7
"Utah","linear_increase_sd","Past",2020-07-22,"daily_hosps",71,71,71,73,74,74,74,74
"Utah","return_normal","Past",2020-07-22,"daily_hosps",71,71,71,73,74,74,74,74
"Utah","status_quo","Past",2020-07-22,"daily_hosps",71,71,71,73,74,74,74,74
"Utah","linear_increase_sd","Past",2020-07-22,"latent_trend",NA,NA,NA,0.330607287209275,NA,NA,NA,NA
"Utah","return_normal","Past",2020-07-22,"latent_trend",NA,NA,NA,0.330607287209275,NA,NA,NA,NA
"Utah","status_quo","Past",2020-07-22,"latent_trend",NA,NA,NA,0.330607287209275,NA,NA,NA,NA
"Utah","linear_increase_sd","Past",2020-07-22,"mobility_trend",NA,NA,NA,0.933192881910622,NA,NA,NA,NA
"Utah","return_normal","Past",2020-07-22,"mobility_trend",NA,NA,NA,0.933192881910622,NA,NA,NA,NA
"Utah","status_quo","Past",2020-07-22,"mobility_trend",NA,NA,NA,0.933192881910622,NA,NA,NA,NA
"Utah",NA,"Past",2020-07-23,"actual_cumulative_cases",NA,NA,NA,36099,NA,NA,NA,NA
"Utah",NA,"Past",2020-07-23,"actual_cumulative_deaths",NA,NA,NA,272,NA,NA,NA,NA
"Utah",NA,"Past",2020-07-23,"actual_daily_cases",NA,NA,NA,521,NA,NA,NA,NA
"Utah",NA,"Past",2020-07-23,"actual_daily_deaths",NA,NA,NA,7,NA,NA,NA,NA
"Utah","linear_increase_sd","Past",2020-07-23,"combined_trend",NA,NA,NA,0.305718551320263,NA,NA,NA,NA
"Utah","return_normal","Past",2020-07-23,"combined_trend",NA,NA,NA,0.305718551320263,NA,NA,NA,NA
"Utah","status_quo","Past",2020-07-23,"combined_trend",NA,NA,NA,0.305718551320263,NA,NA,NA,NA
"Utah","linear_increase_sd","Past",2020-07-23,"cumulative_all_infections",111696,111696,111696,112241,111910,113116,113116,113116
"Utah","return_normal","Past",2020-07-23,"cumulative_all_infections",111696,111696,111696,112241,111910,113116,113116,113116
"Utah","status_quo","Past",2020-07-23,"cumulative_all_infections",111696,111696,111696,112241,111910,113116,113116,113116
"Utah","linear_increase_sd","Past",2020-07-23,"cumulative_cases",33360,33360,33360,33756,33695,34213,34213,34213
"Utah","return_normal","Past",2020-07-23,"cumulative_cases",33360,33360,33360,33756,33695,34213,34213,34213
"Utah","status_quo","Past",2020-07-23,"cumulative_cases",33360,33360,33360,33756,33695,34213,34213,34213
"Utah","linear_increase_sd","Past",2020-07-23,"cumulative_deaths",443,443,443,454,451,466,466,466
"Utah","return_normal","Past",2020-07-23,"cumulative_deaths",443,443,443,454,451,466,466,466
"Utah","status_quo","Past",2020-07-23,"cumulative_deaths",443,443,443,454,451,466,466,466
"Utah","linear_increase_sd","Past",2020-07-23,"cumulative_hosps",3675,3675,3675,3706,3683,3758,3758,3758
"Utah","return_normal","Past",2020-07-23,"cumulative_hosps",3675,3675,3675,3706,3683,3758,3758,3758
"Utah","status_quo","Past",2020-07-23,"cumulative_hosps",3675,3675,3675,3706,3683,3758,3758,3758
"Utah","linear_increase_sd","Past",2020-07-23,"daily_all_infections",1264,1264,1264,1339,1358,1393,1393,1393
"Utah","return_normal","Past",2020-07-23,"daily_all_infections",1264,1264,1264,1339,1358,1393,1393,1393
"Utah","status_quo","Past",2020-07-23,"daily_all_infections",1264,1264,1264,1339,1358,1393,1393,1393
"Utah","linear_increase_sd","Past",2020-07-23,"daily_cases",503,503,503,546,538,597,597,597
"Utah","return_normal","Past",2020-07-23,"daily_cases",503,503,503,546,538,597,597,597
"Utah","status_quo","Past",2020-07-23,"daily_cases",503,503,503,546,538,597,597,597
"Utah","linear_increase_sd","Past",2020-07-23,"daily_deaths",6,6,6,7,6,7,7,7
"Utah","return_normal","Past",2020-07-23,"daily_deaths",6,6,6,7,6,7,7,7
"Utah","status_quo","Past",2020-07-23,"daily_deaths",6,6,6,7,6,7,7,7
"Utah","linear_increase_sd","Past",2020-07-23,"daily_hosps",71,71,71,71,71,71,71,71
"Utah","return_normal","Past",2020-07-23,"daily_hosps",71,71,71,71,71,71,71,71
"Utah","status_quo","Past",2020-07-23,"daily_hosps",71,71,71,71,71,71,71,71
"Utah","linear_increase_sd","Past",2020-07-23,"latent_trend",NA,NA,NA,0.328566163087126,NA,NA,NA,NA
"Utah","return_normal","Past",2020-07-23,"latent_trend",NA,NA,NA,0.328566163087126,NA,NA,NA,NA
"Utah","status_quo","Past",2020-07-23,"latent_trend",NA,NA,NA,0.328566163087126,NA,NA,NA,NA
"Utah","linear_increase_sd","Past",2020-07-23,"mobility_trend",NA,NA,NA,0.930462675912236,NA,NA,NA,NA
"Utah","return_normal","Past",2020-07-23,"mobility_trend",NA,NA,NA,0.930462675912236,NA,NA,NA,NA
"Utah","status_quo","Past",2020-07-23,"mobility_trend",NA,NA,NA,0.930462675912236,NA,NA,NA,NA
"Utah",NA,"Past",2020-07-24,"actual_cumulative_cases",NA,NA,NA,36962,NA,NA,NA,NA
"Utah",NA,"Past",2020-07-24,"actual_cumulative_deaths",NA,NA,NA,278,NA,NA,NA,NA
"Utah",NA,"Past",2020-07-24,"actual_daily_cases",NA,NA,NA,863,NA,NA,NA,NA
"Utah",NA,"Past",2020-07-24,"actual_daily_deaths",NA,NA,NA,6,NA,NA,NA,NA
"Utah","linear_increase_sd","Past",2020-07-24,"combined_trend",NA,NA,NA,0.303181839202885,NA,NA,NA,NA
"Utah","return_normal","Past",2020-07-24,"combined_trend",NA,NA,NA,0.303181839202885,NA,NA,NA,NA
"Utah","status_quo","Past",2020-07-24,"combined_trend",NA,NA,NA,0.303181839202885,NA,NA,NA,NA
"Utah","linear_increase_sd","Past",2020-07-24,"cumulative_all_infections",113056,113056,113056,113546,113235,114345,114345,114345
"Utah","return_normal","Past",2020-07-24,"cumulative_all_infections",113056,113056,113056,113546,113235,114345,114345,114345
"Utah","status_quo","Past",2020-07-24,"cumulative_all_infections",113056,113056,113056,113546,113235,114345,114345,114345
"Utah","linear_increase_sd","Past",2020-07-24,"cumulative_cases",33908,33908,33908,34298,34250,34734,34734,34734
"Utah","return_normal","Past",2020-07-24,"cumulative_cases",33908,33908,33908,34298,34250,34734,34734,34734
"Utah","status_quo","Past",2020-07-24,"cumulative_cases",33908,33908,33908,34298,34250,34734,34734,34734
"Utah","linear_increase_sd","Past",2020-07-24,"cumulative_deaths",448,448,448,459,457,472,472,472
"Utah","return_normal","Past",2020-07-24,"cumulative_deaths",448,448,448,459,457,472,472,472
"Utah","status_quo","Past",2020-07-24,"cumulative_deaths",448,448,448,459,457,472,472,472
"Utah","linear_increase_sd","Past",2020-07-24,"cumulative_hosps",3747,3747,3747,3776,3754,3827,3827,3827
"Utah","return_normal","Past",2020-07-24,"cumulative_hosps",3747,3747,3747,3776,3754,3827,3827,3827
"Utah","status_quo","Past",2020-07-24,"cumulative_hosps",3747,3747,3747,3776,3754,3827,3827,3827
"Utah","linear_increase_sd","Past",2020-07-24,"daily_all_infections",1229,1229,1229,1305,1325,1360,1360,1360
"Utah","return_normal","Past",2020-07-24,"daily_all_infections",1229,1229,1229,1305,1325,1360,1360,1360
"Utah","status_quo","Past",2020-07-24,"daily_all_infections",1229,1229,1229,1305,1325,1360,1360,1360
"Utah","linear_increase_sd","Past",2020-07-24,"daily_cases",521,521,521,542,548,555,555,555
"Utah","return_normal","Past",2020-07-24,"daily_cases",521,521,521,542,548,555,555,555
"Utah","status_quo","Past",2020-07-24,"daily_cases",521,521,521,542,548,555,555,555
"Utah","linear_increase_sd","Past",2020-07-24,"daily_deaths",5,5,5,6,6,6,6,6
"Utah","return_normal","Past",2020-07-24,"daily_deaths",5,5,5,6,6,6,6,6
"Utah","status_quo","Past",2020-07-24,"daily_deaths",5,5,5,6,6,6,6,6
"Utah","linear_increase_sd","Past",2020-07-24,"daily_hosps",69,69,69,71,71,72,72,72
"Utah","return_normal","Past",2020-07-24,"daily_hosps",69,69,69,71,71,72,72,72
"Utah","status_quo","Past",2020-07-24,"daily_hosps",69,69,69,71,71,72,72,72
"Utah","linear_increase_sd","Past",2020-07-24,"latent_trend",NA,NA,NA,0.32687041258306,NA,NA,NA,NA
"Utah","return_normal","Past",2020-07-24,"latent_trend",NA,NA,NA,0.32687041258306,NA,NA,NA,NA
"Utah","status_quo","Past",2020-07-24,"latent_trend",NA,NA,NA,0.32687041258306,NA,NA,NA,NA
"Utah","linear_increase_sd","Past",2020-07-24,"mobility_trend",NA,NA,NA,0.927529159972056,NA,NA,NA,NA
"Utah","return_normal","Past",2020-07-24,"mobility_trend",NA,NA,NA,0.927529159972056,NA,NA,NA,NA
"Utah","status_quo","Past",2020-07-24,"mobility_trend",NA,NA,NA,0.927529159972056,NA,NA,NA,NA
"Utah",NA,"Past",2020-07-25,"actual_cumulative_cases",NA,NA,NA,37623,NA,NA,NA,NA
"Utah",NA,"Past",2020-07-25,"actual_cumulative_deaths",NA,NA,NA,279,NA,NA,NA,NA
"Utah",NA,"Past",2020-07-25,"actual_daily_cases",NA,NA,NA,661,NA,NA,NA,NA
"Utah",NA,"Past",2020-07-25,"actual_daily_deaths",NA,NA,NA,1,NA,NA,NA,NA
"Utah","linear_increase_sd","Past",2020-07-25,"combined_trend",NA,NA,NA,0.300923448604164,NA,NA,NA,NA
"Utah","return_normal","Past",2020-07-25,"combined_trend",NA,NA,NA,0.300923448604164,NA,NA,NA,NA
"Utah","status_quo","Past",2020-07-25,"combined_trend",NA,NA,NA,0.300923448604164,NA,NA,NA,NA
"Utah","linear_increase_sd","Past",2020-07-25,"cumulative_all_infections",114367,114367,114367,114810,114518,115545,115545,115545
"Utah","return_normal","Past",2020-07-25,"cumulative_all_infections",114367,114367,114367,114810,114518,115545,115545,115545
"Utah","status_quo","Past",2020-07-25,"cumulative_all_infections",114367,114367,114367,114810,114518,115545,115545,115545
"Utah","linear_increase_sd","Past",2020-07-25,"cumulative_cases",34483,34483,34483,34850,34809,35258,35258,35258
"Utah","return_normal","Past",2020-07-25,"cumulative_cases",34483,34483,34483,34850,34809,35258,35258,35258
"Utah","status_quo","Past",2020-07-25,"cumulative_cases",34483,34483,34483,34850,34809,35258,35258,35258
"Utah","linear_increase_sd","Past",2020-07-25,"cumulative_deaths",454,454,454,466,463,479,479,479
"Utah","return_normal","Past",2020-07-25,"cumulative_deaths",454,454,454,466,463,479,479,479
"Utah","status_quo","Past",2020-07-25,"cumulative_deaths",454,454,454,466,463,479,479,479
"Utah","linear_increase_sd","Past",2020-07-25,"cumulative_hosps",3819,3819,3819,3846,3823,3894,3894,3894
"Utah","return_normal","Past",2020-07-25,"cumulative_hosps",3819,3819,3819,3846,3823,3894,3894,3894
"Utah","status_quo","Past",2020-07-25,"cumulative_hosps",3819,3819,3819,3846,3823,3894,3894,3894
"Utah","linear_increase_sd","Past",2020-07-25,"daily_all_infections",1200,1200,1200,1265,1283,1311,1311,1311
"Utah","return_normal","Past",2020-07-25,"daily_all_infections",1200,1200,1200,1265,1283,1311,1311,1311
"Utah","status_quo","Past",2020-07-25,"daily_all_infections",1200,1200,1200,1265,1283,1311,1311,1311
"Utah","linear_increase_sd","Past",2020-07-25,"daily_cases",524,524,524,553,559,575,575,575
"Utah","return_normal","Past",2020-07-25,"daily_cases",524,524,524,553,559,575,575,575
"Utah","status_quo","Past",2020-07-25,"daily_cases",524,524,524,553,559,575,575,575
"Utah","linear_increase_sd","Past",2020-07-25,"daily_deaths",6,6,6,7,6,7,7,7
"Utah","return_normal","Past",2020-07-25,"daily_deaths",6,6,6,7,6,7,7,7
"Utah","status_quo","Past",2020-07-25,"daily_deaths",6,6,6,7,6,7,7,7
"Utah","linear_increase_sd","Past",2020-07-25,"daily_hosps",67,67,67,70,69,72,72,72
"Utah","return_normal","Past",2020-07-25,"daily_hosps",67,67,67,70,69,72,72,72
"Utah","status_quo","Past",2020-07-25,"daily_hosps",67,67,67,70,69,72,72,72
"Utah","linear_increase_sd","Past",2020-07-25,"latent_trend",NA,NA,NA,0.325530649620128,NA,NA,NA,NA
"Utah","return_normal","Past",2020-07-25,"latent_trend",NA,NA,NA,0.325530649620128,NA,NA,NA,NA
"Utah","status_quo","Past",2020-07-25,"latent_trend",NA,NA,NA,0.325530649620128,NA,NA,NA,NA
"Utah","linear_increase_sd","Past",2020-07-25,"mobility_trend",NA,NA,NA,0.924408957974683,NA,NA,NA,NA
"Utah","return_normal","Past",2020-07-25,"mobility_trend",NA,NA,NA,0.924408957974683,NA,NA,NA,NA
"Utah","status_quo","Past",2020-07-25,"mobility_trend",NA,NA,NA,0.924408957974683,NA,NA,NA,NA
"Utah",NA,"Past",2020-07-26,"actual_cumulative_cases",NA,NA,NA,37973,NA,NA,NA,NA
"Utah",NA,"Past",2020-07-26,"actual_cumulative_deaths",NA,NA,NA,279,NA,NA,NA,NA
"Utah",NA,"Past",2020-07-26,"actual_daily_cases",NA,NA,NA,350,NA,NA,NA,NA
"Utah",NA,"Past",2020-07-26,"actual_daily_deaths",NA,NA,NA,0,NA,NA,NA,NA
"Utah","linear_increase_sd","Past",2020-07-26,"combined_trend",NA,NA,NA,0.29896258027415,NA,NA,NA,NA
"Utah","return_normal","Past",2020-07-26,"combined_trend",NA,NA,NA,0.29896258027415,NA,NA,NA,NA
"Utah","status_quo","Past",2020-07-26,"combined_trend",NA,NA,NA,0.29896258027415,NA,NA,NA,NA
"Utah","linear_increase_sd","Past",2020-07-26,"cumulative_all_infections",115647,115647,115647,116044,115771,116713,116713,116713
"Utah","return_normal","Past",2020-07-26,"cumulative_all_infections",115647,115647,115647,116044,115771,116713,116713,116713
"Utah","status_quo","Past",2020-07-26,"cumulative_all_infections",115647,115647,115647,116044,115771,116713,116713,116713
"Utah","linear_increase_sd","Past",2020-07-26,"cumulative_cases",34961,34961,34961,35368,35382,35759,35759,35759
"Utah","return_normal","Past",2020-07-26,"cumulative_cases",34961,34961,34961,35368,35382,35759,35759,35759
"Utah","status_quo","Past",2020-07-26,"cumulative_cases",34961,34961,34961,35368,35382,35759,35759,35759
"Utah","linear_increase_sd","Past",2020-07-26,"cumulative_deaths",460,460,460,472,469,486,486,486
"Utah","return_normal","Past",2020-07-26,"cumulative_deaths",460,460,460,472,469,486,486,486
"Utah","status_quo","Past",2020-07-26,"cumulative_deaths",460,460,460,472,469,486,486,486
"Utah","linear_increase_sd","Past",2020-07-26,"cumulative_hosps",3890,3890,3890,3915,3894,3961,3961,3961
"Utah","return_normal","Past",2020-07-26,"cumulative_hosps",3890,3890,3890,3915,3894,3961,3961,3961
"Utah","status_quo","Past",2020-07-26,"cumulative_hosps",3890,3890,3890,3915,3894,3961,3961,3961
"Utah","linear_increase_sd","Past",2020-07-26,"daily_all_infections",1168,1168,1168,1234,1253,1280,1280,1280
"Utah","return_normal","Past",2020-07-26,"daily_all_infections",1168,1168,1168,1234,1253,1280,1280,1280
"Utah","status_quo","Past",2020-07-26,"daily_all_infections",1168,1168,1168,1234,1253,1280,1280,1280
"Utah","linear_increase_sd","Past",2020-07-26,"daily_cases",478,478,478,518,501,573,573,573
"Utah","return_normal","Past",2020-07-26,"daily_cases",478,478,478,518,501,573,573,573
"Utah","status_quo","Past",2020-07-26,"daily_cases",478,478,478,518,501,573,573,573
"Utah","linear_increase_sd","Past",2020-07-26,"daily_deaths",6,6,6,7,6,7,7,7
"Utah","return_normal","Past",2020-07-26,"daily_deaths",6,6,6,7,6,7,7,7
"Utah","status_quo","Past",2020-07-26,"daily_deaths",6,6,6,7,6,7,7,7
"Utah","linear_increase_sd","Past",2020-07-26,"daily_hosps",67,67,67,70,71,71,71,71
"Utah","return_normal","Past",2020-07-26,"daily_hosps",67,67,67,70,71,71,71,71
"Utah","status_quo","Past",2020-07-26,"daily_hosps",67,67,67,70,71,71,71,71
"Utah","linear_increase_sd","Past",2020-07-26,"latent_trend",NA,NA,NA,0.32455791438788,NA,NA,NA,NA
"Utah","return_normal","Past",2020-07-26,"latent_trend",NA,NA,NA,0.32455791438788,NA,NA,NA,NA
"Utah","status_quo","Past",2020-07-26,"latent_trend",NA,NA,NA,0.32455791438788,NA,NA,NA,NA
"Utah","linear_increase_sd","Past",2020-07-26,"mobility_trend",NA,NA,NA,0.921137852509304,NA,NA,NA,NA
"Utah","return_normal","Past",2020-07-26,"mobility_trend",NA,NA,NA,0.921137852509304,NA,NA,NA,NA
"Utah","status_quo","Past",2020-07-26,"mobility_trend",NA,NA,NA,0.921137852509304,NA,NA,NA,NA
"Utah",NA,"Past",2020-07-27,"actual_cumulative_cases",NA,NA,NA,38409,NA,NA,NA,NA
"Utah",NA,"Past",2020-07-27,"actual_cumulative_deaths",NA,NA,NA,286,NA,NA,NA,NA
"Utah",NA,"Past",2020-07-27,"actual_daily_cases",NA,NA,NA,436,NA,NA,NA,NA
"Utah",NA,"Past",2020-07-27,"actual_daily_deaths",NA,NA,NA,7,NA,NA,NA,NA
"Utah","linear_increase_sd","Past",2020-07-27,"combined_trend",NA,NA,NA,0.297319823386307,NA,NA,NA,NA
"Utah","return_normal","Past",2020-07-27,"combined_trend",NA,NA,NA,0.297319823386307,NA,NA,NA,NA
"Utah","status_quo","Past",2020-07-27,"combined_trend",NA,NA,NA,0.297319823386307,NA,NA,NA,NA
"Utah","linear_increase_sd","Past",2020-07-27,"cumulative_all_infections",116890,116890,116890,117242,116987,117848,117848,117848
"Utah","return_normal","Past",2020-07-27,"cumulative_all_infections",116890,116890,116890,117242,116987,117848,117848,117848
"Utah","status_quo","Past",2020-07-27,"cumulative_all_infections",116890,116890,116890,117242,116987,117848,117848,117848
"Utah","linear_increase_sd","Past",2020-07-27,"cumulative_cases",35476,35476,35476,35881,35892,36273,36273,36273
"Utah","return_normal","Past",2020-07-27,"cumulative_cases",35476,35476,35476,35881,35892,36273,36273,36273
"Utah","status_quo","Past",2020-07-27,"cumulative_cases",35476,35476,35476,35881,35892,36273,36273,36273
"Utah","linear_increase_sd","Past",2020-07-27,"cumulative_deaths",467,467,467,478,475,492,492,492
"Utah","return_normal","Past",2020-07-27,"cumulative_deaths",467,467,467,478,475,492,492,492
"Utah","status_quo","Past",2020-07-27,"cumulative_deaths",467,467,467,478,475,492,492,492
"Utah","linear_increase_sd","Past",2020-07-27,"cumulative_hosps",3960,3960,3960,3983,3962,4026,4026,4026
"Utah","return_normal","Past",2020-07-27,"cumulative_hosps",3960,3960,3960,3983,3962,4026,4026,4026
"Utah","status_quo","Past",2020-07-27,"cumulative_hosps",3960,3960,3960,3983,3962,4026,4026,4026
"Utah","linear_increase_sd","Past",2020-07-27,"daily_all_infections",1135,1135,1135,1198,1216,1243,1243,1243
"Utah","return_normal","Past",2020-07-27,"daily_all_infections",1135,1135,1135,1198,1216,1243,1243,1243
"Utah","status_quo","Past",2020-07-27,"daily_all_infections",1135,1135,1135,1198,1216,1243,1243,1243
"Utah","linear_increase_sd","Past",2020-07-27,"daily_cases",510,510,510,513,514,515,515,515
"Utah","return_normal","Past",2020-07-27,"daily_cases",510,510,510,513,514,515,515,515
"Utah","status_quo","Past",2020-07-27,"daily_cases",510,510,510,513,514,515,515,515
"Utah","linear_increase_sd","Past",2020-07-27,"daily_deaths",6,6,6,7,6,7,7,7
"Utah","return_normal","Past",2020-07-27,"daily_deaths",6,6,6,7,6,7,7,7
"Utah","status_quo","Past",2020-07-27,"daily_deaths",6,6,6,7,6,7,7,7
"Utah","linear_increase_sd","Past",2020-07-27,"daily_hosps",65,65,65,68,68,70,70,70
"Utah","return_normal","Past",2020-07-27,"daily_hosps",65,65,65,68,68,70,70,70
"Utah","status_quo","Past",2020-07-27,"daily_hosps",65,65,65,68,68,70,70,70
"Utah","linear_increase_sd","Past",2020-07-27,"latent_trend",NA,NA,NA,0.323963764517812,NA,NA,NA,NA
"Utah","return_normal","Past",2020-07-27,"latent_trend",NA,NA,NA,0.323963764517812,NA,NA,NA,NA
"Utah","status_quo","Past",2020-07-27,"latent_trend",NA,NA,NA,0.323963764517812,NA,NA,NA,NA
"Utah","linear_increase_sd","Past",2020-07-27,"mobility_trend",NA,NA,NA,0.917756415841253,NA,NA,NA,NA
"Utah","return_normal","Past",2020-07-27,"mobility_trend",NA,NA,NA,0.917756415841253,NA,NA,NA,NA
"Utah","status_quo","Past",2020-07-27,"mobility_trend",NA,NA,NA,0.917756415841253,NA,NA,NA,NA
"Utah",NA,"Past",2020-07-28,"actual_cumulative_cases",NA,NA,NA,38855,NA,NA,NA,NA
"Utah",NA,"Past",2020-07-28,"actual_cumulative_deaths",NA,NA,NA,291,NA,NA,NA,NA
"Utah",NA,"Past",2020-07-28,"actual_daily_cases",NA,NA,NA,446,NA,NA,NA,NA
"Utah",NA,"Past",2020-07-28,"actual_daily_deaths",NA,NA,NA,5,NA,NA,NA,NA
"Utah","linear_increase_sd","Past",2020-07-28,"combined_trend",NA,NA,NA,0.296015792776044,NA,NA,NA,NA
"Utah","return_normal","Past",2020-07-28,"combined_trend",NA,NA,NA,0.296015792776044,NA,NA,NA,NA
"Utah","status_quo","Past",2020-07-28,"combined_trend",NA,NA,NA,0.296015792776044,NA,NA,NA,NA
"Utah","linear_increase_sd","Past",2020-07-28,"cumulative_all_infections",118099,118099,118099,118404,118168,118944,118944,118944
"Utah","return_normal","Past",2020-07-28,"cumulative_all_infections",118099,118099,118099,118404,118168,118944,118944,118944
"Utah","status_quo","Past",2020-07-28,"cumulative_all_infections",118099,118099,118099,118404,118168,118944,118944,118944
"Utah","linear_increase_sd","Past",2020-07-28,"cumulative_cases",35945,35945,35945,36370,36390,36775,36775,36775
"Utah","return_normal","Past",2020-07-28,"cumulative_cases",35945,35945,35945,36370,36390,36775,36775,36775
"Utah","status_quo","Past",2020-07-28,"cumulative_cases",35945,35945,35945,36370,36390,36775,36775,36775
"Utah","linear_increase_sd","Past",2020-07-28,"cumulative_deaths",473,473,473,485,481,499,499,499
"Utah","return_normal","Past",2020-07-28,"cumulative_deaths",473,473,473,485,481,499,499,499
"Utah","status_quo","Past",2020-07-28,"cumulative_deaths",473,473,473,485,481,499,499,499
"Utah","linear_increase_sd","Past",2020-07-28,"cumulative_hosps",4030,4030,4030,4051,4031,4090,4090,4090
"Utah","return_normal","Past",2020-07-28,"cumulative_hosps",4030,4030,4030,4051,4031,4090,4090,4090
"Utah","status_quo","Past",2020-07-28,"cumulative_hosps",4030,4030,4030,4051,4031,4090,4090,4090
"Utah","linear_increase_sd","Past",2020-07-28,"daily_all_infections",1096,1096,1096,1162,1181,1209,1209,1209
"Utah","return_normal","Past",2020-07-28,"daily_all_infections",1096,1096,1096,1162,1181,1209,1209,1209
"Utah","status_quo","Past",2020-07-28,"daily_all_infections",1096,1096,1096,1162,1181,1209,1209,1209
"Utah","linear_increase_sd","Past",2020-07-28,"daily_cases",469,469,469,490,498,502,502,502
"Utah","return_normal","Past",2020-07-28,"daily_cases",469,469,469,490,498,502,502,502
"Utah","status_quo","Past",2020-07-28,"daily_cases",469,469,469,490,498,502,502,502
"Utah","linear_increase_sd","Past",2020-07-28,"daily_deaths",6,6,6,7,6,7,7,7
"Utah","return_normal","Past",2020-07-28,"daily_deaths",6,6,6,7,6,7,7,7
"Utah","status_quo","Past",2020-07-28,"daily_deaths",6,6,6,7,6,7,7,7
"Utah","linear_increase_sd","Past",2020-07-28,"daily_hosps",64,64,64,68,69,70,70,70
"Utah","return_normal","Past",2020-07-28,"daily_hosps",64,64,64,68,69,70,70,70
"Utah","status_quo","Past",2020-07-28,"daily_hosps",64,64,64,68,69,70,70,70
"Utah","linear_increase_sd","Past",2020-07-28,"latent_trend",NA,NA,NA,0.323760366040215,NA,NA,NA,NA
"Utah","return_normal","Past",2020-07-28,"latent_trend",NA,NA,NA,0.323760366040215,NA,NA,NA,NA
"Utah","status_quo","Past",2020-07-28,"latent_trend",NA,NA,NA,0.323760366040215,NA,NA,NA,NA
"Utah","linear_increase_sd","Past",2020-07-28,"mobility_trend",NA,NA,NA,0.914305220235866,NA,NA,NA,NA
"Utah","return_normal","Past",2020-07-28,"mobility_trend",NA,NA,NA,0.914305220235866,NA,NA,NA,NA
"Utah","status_quo","Past",2020-07-28,"mobility_trend",NA,NA,NA,0.914305220235866,NA,NA,NA,NA
"Utah",NA,"Past",2020-07-29,"actual_cumulative_cases",NA,NA,NA,39194,NA,NA,NA,NA
"Utah",NA,"Past",2020-07-29,"actual_cumulative_deaths",NA,NA,NA,297,NA,NA,NA,NA
"Utah",NA,"Past",2020-07-29,"actual_daily_cases",NA,NA,NA,339,NA,NA,NA,NA
"Utah",NA,"Past",2020-07-29,"actual_daily_deaths",NA,NA,NA,6,NA,NA,NA,NA
"Utah","linear_increase_sd","Past",2020-07-29,"combined_trend",NA,NA,NA,0.295071129431351,NA,NA,NA,NA
"Utah","return_normal","Past",2020-07-29,"combined_trend",NA,NA,NA,0.295071129431351,NA,NA,NA,NA
"Utah","status_quo","Past",2020-07-29,"combined_trend",NA,NA,NA,0.295071129431351,NA,NA,NA,NA
"Utah","linear_increase_sd","Past",2020-07-29,"cumulative_all_infections",119266,119266,119266,119529,119308,120013,120013,120013
"Utah","return_normal","Past",2020-07-29,"cumulative_all_infections",119266,119266,119266,119529,119308,120013,120013,120013
"Utah","status_quo","Past",2020-07-29,"cumulative_all_infections",119266,119266,119266,119529,119308,120013,120013,120013
"Utah","linear_increase_sd","Past",2020-07-29,"cumulative_cases",36445,36445,36445,36846,36870,37221,37221,37221
"Utah","return_normal","Past",2020-07-29,"cumulative_cases",36445,36445,36445,36846,36870,37221,37221,37221
"Utah","status_quo","Past",2020-07-29,"cumulative_cases",36445,36445,36445,36846,36870,37221,37221,37221
"Utah","linear_increase_sd","Past",2020-07-29,"cumulative_deaths",479,479,479,491,488,505,505,505
"Utah","return_normal","Past",2020-07-29,"cumulative_deaths",479,479,479,491,488,505,505,505
"Utah","status_quo","Past",2020-07-29,"cumulative_deaths",479,479,479,491,488,505,505,505
"Utah","linear_increase_sd","Past",2020-07-29,"cumulative_hosps",4098,4098,4098,4117,4098,4153,4153,4153
"Utah","return_normal","Past",2020-07-29,"cumulative_hosps",4098,4098,4098,4117,4098,4153,4153,4153
"Utah","status_quo","Past",2020-07-29,"cumulative_hosps",4098,4098,4098,4117,4098,4153,4153,4153
"Utah","linear_increase_sd","Past",2020-07-29,"daily_all_infections",1069,1069,1069,1126,1140,1167,1167,1167
"Utah","return_normal","Past",2020-07-29,"daily_all_infections",1069,1069,1069,1126,1140,1167,1167,1167
"Utah","status_quo","Past",2020-07-29,"daily_all_infections",1069,1069,1069,1126,1140,1167,1167,1167
"Utah","linear_increase_sd","Past",2020-07-29,"daily_cases",446,446,446,476,480,500,500,500
"Utah","return_normal","Past",2020-07-29,"daily_cases",446,446,446,476,480,500,500,500
"Utah","status_quo","Past",2020-07-29,"daily_cases",446,446,446,476,480,500,500,500
"Utah","linear_increase_sd","Past",2020-07-29,"daily_deaths",6,6,6,7,6,7,7,7
"Utah","return_normal","Past",2020-07-29,"daily_deaths",6,6,6,7,6,7,7,7
"Utah","status_quo","Past",2020-07-29,"daily_deaths",6,6,6,7,6,7,7,7
"Utah","linear_increase_sd","Past",2020-07-29,"daily_hosps",63,63,63,66,67,68,68,68
"Utah","return_normal","Past",2020-07-29,"daily_hosps",63,63,63,66,67,68,68,68
"Utah","status_quo","Past",2020-07-29,"daily_hosps",63,63,63,66,67,68,68,68
"Utah","linear_increase_sd","Past",2020-07-29,"latent_trend",NA,NA,NA,0.323960583155972,NA,NA,NA,NA
"Utah","return_normal","Past",2020-07-29,"latent_trend",NA,NA,NA,0.323960583155972,NA,NA,NA,NA
"Utah","status_quo","Past",2020-07-29,"latent_trend",NA,NA,NA,0.323960583155972,NA,NA,NA,NA
"Utah","linear_increase_sd","Past",2020-07-29,"mobility_trend",NA,NA,NA,0.910824170511165,NA,NA,NA,NA
"Utah","return_normal","Past",2020-07-29,"mobility_trend",NA,NA,NA,0.910824170511165,NA,NA,NA,NA
"Utah","status_quo","Past",2020-07-29,"mobility_trend",NA,NA,NA,0.910824170511165,NA,NA,NA,NA
"Utah",NA,"Past",2020-07-30,"actual_cumulative_cases",NA,NA,NA,39696,NA,NA,NA,NA
"Utah",NA,"Past",2020-07-30,"actual_cumulative_deaths",NA,NA,NA,305,NA,NA,NA,NA
"Utah",NA,"Past",2020-07-30,"actual_daily_cases",NA,NA,NA,502,NA,NA,NA,NA
"Utah",NA,"Past",2020-07-30,"actual_daily_deaths",NA,NA,NA,8,NA,NA,NA,NA
"Utah","linear_increase_sd","Past",2020-07-30,"combined_trend",NA,NA,NA,0.294506070737419,NA,NA,NA,NA
"Utah","return_normal","Past",2020-07-30,"combined_trend",NA,NA,NA,0.294506070737419,NA,NA,NA,NA
"Utah","status_quo","Past",2020-07-30,"combined_trend",NA,NA,NA,0.294506070737419,NA,NA,NA,NA
"Utah","linear_increase_sd","Past",2020-07-30,"cumulative_all_infections",120395,120395,120395,120626,120423,121060,121060,121060
"Utah","return_normal","Past",2020-07-30,"cumulative_all_infections",120395,120395,120395,120626,120423,121060,121060,121060
"Utah","status_quo","Past",2020-07-30,"cumulative_all_infections",120395,120395,120395,120626,120423,121060,121060,121060
"Utah","linear_increase_sd","Past",2020-07-30,"cumulative_cases",36900,36900,36900,37318,37360,37693,37693,37693
"Utah","return_normal","Past",2020-07-30,"cumulative_cases",36900,36900,36900,37318,37360,37693,37693,37693
"Utah","status_quo","Past",2020-07-30,"cumulative_cases",36900,36900,36900,37318,37360,37693,37693,37693
"Utah","linear_increase_sd","Past",2020-07-30,"cumulative_deaths",485,485,485,497,493,512,512,512
"Utah","return_normal","Past",2020-07-30,"cumulative_deaths",485,485,485,497,493,512,512,512
"Utah","status_quo","Past",2020-07-30,"cumulative_deaths",485,485,485,497,493,512,512,512
"Utah","linear_increase_sd","Past",2020-07-30,"cumulative_hosps",4163,4163,4163,4181,4164,4214,4214,4214
"Utah","return_normal","Past",2020-07-30,"cumulative_hosps",4163,4163,4163,4181,4164,4214,4214,4214
"Utah","status_quo","Past",2020-07-30,"cumulative_hosps",4163,4163,4163,4181,4164,4214,4214,4214
"Utah","linear_increase_sd","Past",2020-07-30,"daily_all_infections",1047,1047,1047,1097,1115,1129,1129,1129
"Utah","return_normal","Past",2020-07-30,"daily_all_infections",1047,1047,1047,1097,1115,1129,1129,1129
"Utah","status_quo","Past",2020-07-30,"daily_all_infections",1047,1047,1047,1097,1115,1129,1129,1129
"Utah","linear_increase_sd","Past",2020-07-30,"daily_cases",455,455,455,473,472,490,490,490
"Utah","return_normal","Past",2020-07-30,"daily_cases",455,455,455,473,472,490,490,490
"Utah","status_quo","Past",2020-07-30,"daily_cases",455,455,455,473,472,490,490,490
"Utah","linear_increase_sd","Past",2020-07-30,"daily_deaths",5,5,5,6,6,7,7,7
"Utah","return_normal","Past",2020-07-30,"daily_deaths",5,5,5,6,6,7,7,7
"Utah","status_quo","Past",2020-07-30,"daily_deaths",5,5,5,6,6,7,7,7
"Utah","linear_increase_sd","Past",2020-07-30,"daily_hosps",61,61,61,64,65,66,66,66
"Utah","return_normal","Past",2020-07-30,"daily_hosps",61,61,61,64,65,66,66,66
"Utah","status_quo","Past",2020-07-30,"daily_hosps",61,61,61,64,65,66,66,66
"Utah","linear_increase_sd","Past",2020-07-30,"latent_trend",NA,NA,NA,0.324578065683506,NA,NA,NA,NA
"Utah","return_normal","Past",2020-07-30,"latent_trend",NA,NA,NA,0.324578065683506,NA,NA,NA,NA
"Utah","status_quo","Past",2020-07-30,"latent_trend",NA,NA,NA,0.324578065683506,NA,NA,NA,NA
"Utah","linear_increase_sd","Past",2020-07-30,"mobility_trend",NA,NA,NA,0.907350501695915,NA,NA,NA,NA
"Utah","return_normal","Past",2020-07-30,"mobility_trend",NA,NA,NA,0.907350501695915,NA,NA,NA,NA
"Utah","status_quo","Past",2020-07-30,"mobility_trend",NA,NA,NA,0.907350501695915,NA,NA,NA,NA
"Utah",NA,"Past",2020-07-31,"actual_cumulative_cases",NA,NA,NA,40196,NA,NA,NA,NA
"Utah",NA,"Past",2020-07-31,"actual_cumulative_deaths",NA,NA,NA,309,NA,NA,NA,NA
"Utah",NA,"Past",2020-07-31,"actual_daily_cases",NA,NA,NA,500,NA,NA,NA,NA
"Utah",NA,"Past",2020-07-31,"actual_daily_deaths",NA,NA,NA,4,NA,NA,NA,NA
"Utah","linear_increase_sd","Past",2020-07-31,"combined_trend",NA,NA,NA,0.294341313115379,NA,NA,NA,NA
"Utah","return_normal","Past",2020-07-31,"combined_trend",NA,NA,NA,0.294341313115379,NA,NA,NA,NA
"Utah","status_quo","Past",2020-07-31,"combined_trend",NA,NA,NA,0.294341313115379,NA,NA,NA,NA
"Utah","linear_increase_sd","Past",2020-07-31,"cumulative_all_infections",121486,121486,121486,121693,121512,122079,122079,122079
"Utah","return_normal","Past",2020-07-31,"cumulative_all_infections",121486,121486,121486,121693,121512,122079,122079,122079
"Utah","status_quo","Past",2020-07-31,"cumulative_all_infections",121486,121486,121486,121693,121512,122079,122079,122079
"Utah","linear_increase_sd","Past",2020-07-31,"cumulative_cases",37349,37349,37349,37770,37835,38126,38126,38126
"Utah","return_normal","Past",2020-07-31,"cumulative_cases",37349,37349,37349,37770,37835,38126,38126,38126
"Utah","status_quo","Past",2020-07-31,"cumulative_cases",37349,37349,37349,37770,37835,38126,38126,38126
"Utah","linear_increase_sd","Past",2020-07-31,"cumulative_deaths",491,491,491,503,499,519,519,519
"Utah","return_normal","Past",2020-07-31,"cumulative_deaths",491,491,491,503,499,519,519,519
"Utah","status_quo","Past",2020-07-31,"cumulative_deaths",491,491,491,503,499,519,519,519
"Utah","linear_increase_sd","Past",2020-07-31,"cumulative_hosps",4226,4226,4226,4243,4229,4274,4274,4274
"Utah","return_normal","Past",2020-07-31,"cumulative_hosps",4226,4226,4226,4243,4229,4274,4274,4274
"Utah","status_quo","Past",2020-07-31,"cumulative_hosps",4226,4226,4226,4243,4229,4274,4274,4274
"Utah","linear_increase_sd","Past",2020-07-31,"daily_all_infections",1019,1019,1019,1067,1089,1091,1091,1091
"Utah","return_normal","Past",2020-07-31,"daily_all_infections",1019,1019,1019,1067,1089,1091,1091,1091
"Utah","status_quo","Past",2020-07-31,"daily_all_infections",1019,1019,1019,1067,1089,1091,1091,1091
"Utah","linear_increase_sd","Past",2020-07-31,"daily_cases",433,433,433,453,449,475,475,475
"Utah","return_normal","Past",2020-07-31,"daily_cases",433,433,433,453,449,475,475,475
"Utah","status_quo","Past",2020-07-31,"daily_cases",433,433,433,453,449,475,475,475
"Utah","linear_increase_sd","Past",2020-07-31,"daily_deaths",6,6,6,7,6,7,7,7
"Utah","return_normal","Past",2020-07-31,"daily_deaths",6,6,6,7,6,7,7,7
"Utah","status_quo","Past",2020-07-31,"daily_deaths",6,6,6,7,6,7,7,7
"Utah","linear_increase_sd","Past",2020-07-31,"daily_hosps",60,60,60,63,63,65,65,65
"Utah","return_normal","Past",2020-07-31,"daily_hosps",60,60,60,63,63,65,65,65
"Utah","status_quo","Past",2020-07-31,"daily_hosps",60,60,60,63,63,65,65,65
"Utah","linear_increase_sd","Past",2020-07-31,"latent_trend",NA,NA,NA,0.325627332816443,NA,NA,NA,NA
"Utah","return_normal","Past",2020-07-31,"latent_trend",NA,NA,NA,0.325627332816443,NA,NA,NA,NA
"Utah","status_quo","Past",2020-07-31,"latent_trend",NA,NA,NA,0.325627332816443,NA,NA,NA,NA
"Utah","linear_increase_sd","Past",2020-07-31,"mobility_trend",NA,NA,NA,0.903920781371569,NA,NA,NA,NA
"Utah","return_normal","Past",2020-07-31,"mobility_trend",NA,NA,NA,0.903920781371569,NA,NA,NA,NA
"Utah","status_quo","Past",2020-07-31,"mobility_trend",NA,NA,NA,0.903920781371569,NA,NA,NA,NA
"Utah",NA,"Past",2020-08-01,"actual_cumulative_cases",NA,NA,NA,40702,NA,NA,NA,NA
"Utah",NA,"Past",2020-08-01,"actual_cumulative_deaths",NA,NA,NA,315,NA,NA,NA,NA
"Utah",NA,"Past",2020-08-01,"actual_daily_cases",NA,NA,NA,506,NA,NA,NA,NA
"Utah",NA,"Past",2020-08-01,"actual_daily_deaths",NA,NA,NA,6,NA,NA,NA,NA
"Utah","linear_increase_sd","Past",2020-08-01,"combined_trend",NA,NA,NA,0.294598442897568,NA,NA,NA,NA
"Utah","return_normal","Past",2020-08-01,"combined_trend",NA,NA,NA,0.294598442897568,NA,NA,NA,NA
"Utah","status_quo","Past",2020-08-01,"combined_trend",NA,NA,NA,0.294598442897568,NA,NA,NA,NA
"Utah","linear_increase_sd","Past",2020-08-01,"cumulative_all_infections",122547,122547,122547,122730,122572,123069,123069,123069
"Utah","return_normal","Past",2020-08-01,"cumulative_all_infections",122547,122547,122547,122730,122572,123069,123069,123069
"Utah","status_quo","Past",2020-08-01,"cumulative_all_infections",122547,122547,122547,122730,122572,123069,123069,123069
"Utah","linear_increase_sd","Past",2020-08-01,"cumulative_cases",37785,37785,37785,38209,38298,38542,38542,38542
"Utah","return_normal","Past",2020-08-01,"cumulative_cases",37785,37785,37785,38209,38298,38542,38542,38542
"Utah","status_quo","Past",2020-08-01,"cumulative_cases",37785,37785,37785,38209,38298,38542,38542,38542
"Utah","linear_increase_sd","Past",2020-08-01,"cumulative_deaths",496,496,496,509,505,524,524,524
"Utah","return_normal","Past",2020-08-01,"cumulative_deaths",496,496,496,509,505,524,524,524
"Utah","status_quo","Past",2020-08-01,"cumulative_deaths",496,496,496,509,505,524,524,524
"Utah","linear_increase_sd","Past",2020-08-01,"cumulative_hosps",4287,4287,4287,4305,4294,4333,4333,4333
"Utah","return_normal","Past",2020-08-01,"cumulative_hosps",4287,4287,4287,4305,4294,4333,4333,4333
"Utah","status_quo","Past",2020-08-01,"cumulative_hosps",4287,4287,4287,4305,4294,4333,4333,4333
"Utah","linear_increase_sd","Past",2020-08-01,"daily_all_infections",990,990,990,1037,1060,1061,1061,1061
"Utah","return_normal","Past",2020-08-01,"daily_all_infections",990,990,990,1037,1060,1061,1061,1061
"Utah","status_quo","Past",2020-08-01,"daily_all_infections",990,990,990,1037,1060,1061,1061,1061
"Utah","linear_increase_sd","Past",2020-08-01,"daily_cases",416,416,416,439,436,463,463,463
"Utah","return_normal","Past",2020-08-01,"daily_cases",416,416,416,439,436,463,463,463
"Utah","status_quo","Past",2020-08-01,"daily_cases",416,416,416,439,436,463,463,463
"Utah","linear_increase_sd","Past",2020-08-01,"daily_deaths",5,5,5,6,5,6,6,6
"Utah","return_normal","Past",2020-08-01,"daily_deaths",5,5,5,6,5,6,6,6
"Utah","status_quo","Past",2020-08-01,"daily_deaths",5,5,5,6,5,6,6,6
"Utah","linear_increase_sd","Past",2020-08-01,"daily_hosps",59,59,59,62,61,65,65,65
"Utah","return_normal","Past",2020-08-01,"daily_hosps",59,59,59,62,61,65,65,65
"Utah","status_quo","Past",2020-08-01,"daily_hosps",59,59,59,62,61,65,65,65
"Utah","linear_increase_sd","Past",2020-08-01,"latent_trend",NA,NA,NA,0.327123851543064,NA,NA,NA,NA
"Utah","return_normal","Past",2020-08-01,"latent_trend",NA,NA,NA,0.327123851543064,NA,NA,NA,NA
"Utah","status_quo","Past",2020-08-01,"latent_trend",NA,NA,NA,0.327123851543064,NA,NA,NA,NA
"Utah","linear_increase_sd","Past",2020-08-01,"mobility_trend",NA,NA,NA,0.90057157711958,NA,NA,NA,NA
"Utah","return_normal","Past",2020-08-01,"mobility_trend",NA,NA,NA,0.90057157711958,NA,NA,NA,NA
"Utah","status_quo","Past",2020-08-01,"mobility_trend",NA,NA,NA,0.90057157711958,NA,NA,NA,NA
"Utah",NA,"Past",2020-08-02,"actual_cumulative_cases",NA,NA,NA,41175,NA,NA,NA,NA
"Utah",NA,"Past",2020-08-02,"actual_cumulative_deaths",NA,NA,NA,316,NA,NA,NA,NA
"Utah",NA,"Past",2020-08-02,"actual_daily_cases",NA,NA,NA,473,NA,NA,NA,NA
"Utah",NA,"Past",2020-08-02,"actual_daily_deaths",NA,NA,NA,1,NA,NA,NA,NA
"Utah","linear_increase_sd","Past",2020-08-02,"combined_trend",NA,NA,NA,0.295300839182892,NA,NA,NA,NA
"Utah","return_normal","Past",2020-08-02,"combined_trend",NA,NA,NA,0.295300839182892,NA,NA,NA,NA
"Utah","status_quo","Past",2020-08-02,"combined_trend",NA,NA,NA,0.295300839182892,NA,NA,NA,NA
"Utah","linear_increase_sd","Past",2020-08-02,"cumulative_all_infections",123583,123583,123583,123739,123601,124033,124033,124033
"Utah","return_normal","Past",2020-08-02,"cumulative_all_infections",123583,123583,123583,123739,123601,124033,124033,124033
"Utah","status_quo","Past",2020-08-02,"cumulative_all_infections",123583,123583,123583,123739,123601,124033,124033,124033
"Utah","linear_increase_sd","Past",2020-08-02,"cumulative_cases",38212,38212,38212,38622,38725,38927,38927,38927
"Utah","return_normal","Past",2020-08-02,"cumulative_cases",38212,38212,38212,38622,38725,38927,38927,38927
"Utah","status_quo","Past",2020-08-02,"cumulative_cases",38212,38212,38212,38622,38725,38927,38927,38927
"Utah","linear_increase_sd","Past",2020-08-02,"cumulative_deaths",502,502,502,515,512,529,529,529
"Utah","return_normal","Past",2020-08-02,"cumulative_deaths",502,502,502,515,512,529,529,529
"Utah","status_quo","Past",2020-08-02,"cumulative_deaths",502,502,502,515,512,529,529,529
"Utah","linear_increase_sd","Past",2020-08-02,"cumulative_hosps",4346,4346,4346,4365,4356,4392,4392,4392
"Utah","return_normal","Past",2020-08-02,"cumulative_hosps",4346,4346,4346,4365,4356,4392,4392,4392
"Utah","status_quo","Past",2020-08-02,"cumulative_hosps",4346,4346,4346,4365,4356,4392,4392,4392
"Utah","linear_increase_sd","Past",2020-08-02,"daily_all_infections",964,964,964,1010,1029,1036,1036,1036
"Utah","return_normal","Past",2020-08-02,"daily_all_infections",964,964,964,1010,1029,1036,1036,1036
"Utah","status_quo","Past",2020-08-02,"daily_all_infections",964,964,964,1010,1029,1036,1036,1036
"Utah","linear_increase_sd","Past",2020-08-02,"daily_cases",385,385,385,413,427,427,427,427
"Utah","return_normal","Past",2020-08-02,"daily_cases",385,385,385,413,427,427,427,427
"Utah","status_quo","Past",2020-08-02,"daily_cases",385,385,385,413,427,427,427,427
"Utah","linear_increase_sd","Past",2020-08-02,"daily_deaths",5,5,5,6,6,7,7,7
"Utah","return_normal","Past",2020-08-02,"daily_deaths",5,5,5,6,6,7,7,7
"Utah","status_quo","Past",2020-08-02,"daily_deaths",5,5,5,6,6,7,7,7
"Utah","linear_increase_sd","Past",2020-08-02,"daily_hosps",59,59,59,60,59,62,62,62
"Utah","return_normal","Past",2020-08-02,"daily_hosps",59,59,59,60,59,62,62,62
"Utah","status_quo","Past",2020-08-02,"daily_hosps",59,59,59,60,59,62,62,62
"Utah","linear_increase_sd","Past",2020-08-02,"latent_trend",NA,NA,NA,0.329084107725435,NA,NA,NA,NA
"Utah","return_normal","Past",2020-08-02,"latent_trend",NA,NA,NA,0.329084107725435,NA,NA,NA,NA
"Utah","status_quo","Past",2020-08-02,"latent_trend",NA,NA,NA,0.329084107725435,NA,NA,NA,NA
"Utah","linear_increase_sd","Past",2020-08-02,"mobility_trend",NA,NA,NA,0.897341537468808,NA,NA,NA,NA
"Utah","return_normal","Past",2020-08-02,"mobility_trend",NA,NA,NA,0.897341537468808,NA,NA,NA,NA
"Utah","status_quo","Past",2020-08-02,"mobility_trend",NA,NA,NA,0.897341537468808,NA,NA,NA,NA
"Utah",NA,"Past",2020-08-03,"actual_cumulative_cases",NA,NA,NA,41529,NA,NA,NA,NA
"Utah",NA,"Past",2020-08-03,"actual_cumulative_deaths",NA,NA,NA,319,NA,NA,NA,NA
"Utah",NA,"Past",2020-08-03,"actual_daily_cases",NA,NA,NA,354,NA,NA,NA,NA
"Utah",NA,"Past",2020-08-03,"actual_daily_deaths",NA,NA,NA,3,NA,NA,NA,NA
"Utah","linear_increase_sd","Past",2020-08-03,"combined_trend",NA,NA,NA,0.296475989701895,NA,NA,NA,NA
"Utah","return_normal","Past",2020-08-03,"combined_trend",NA,NA,NA,0.296475989701895,NA,NA,NA,NA
"Utah","status_quo","Past",2020-08-03,"combined_trend",NA,NA,NA,0.296475989701895,NA,NA,NA,NA
"Utah","linear_increase_sd","Past",2020-08-03,"cumulative_all_infections",124599,124599,124599,124727,124604,124978,124978,124978
"Utah","return_normal","Past",2020-08-03,"cumulative_all_infections",124599,124599,124599,124727,124604,124978,124978,124978
"Utah","status_quo","Past",2020-08-03,"cumulative_all_infections",124599,124599,124599,124727,124604,124978,124978,124978
"Utah","linear_increase_sd","Past",2020-08-03,"cumulative_cases",38633,38633,38633,39031,39125,39334,39334,39334
"Utah","return_normal","Past",2020-08-03,"cumulative_cases",38633,38633,38633,39031,39125,39334,39334,39334
"Utah","status_quo","Past",2020-08-03,"cumulative_cases",38633,38633,38633,39031,39125,39334,39334,39334
"Utah","linear_increase_sd","Past",2020-08-03,"cumulative_deaths",509,509,509,520,517,534,534,534
"Utah","return_normal","Past",2020-08-03,"cumulative_deaths",509,509,509,520,517,534,534,534
"Utah","status_quo","Past",2020-08-03,"cumulative_deaths",509,509,509,520,517,534,534,534
"Utah","linear_increase_sd","Past",2020-08-03,"cumulative_hosps",4406,4406,4406,4424,4418,4448,4448,4448
"Utah","return_normal","Past",2020-08-03,"cumulative_hosps",4406,4406,4406,4424,4418,4448,4448,4448
"Utah","status_quo","Past",2020-08-03,"cumulative_hosps",4406,4406,4406,4424,4418,4448,4448,4448
"Utah","linear_increase_sd","Past",2020-08-03,"daily_all_infections",945,945,945,988,1003,1016,1016,1016
"Utah","return_normal","Past",2020-08-03,"daily_all_infections",945,945,945,988,1003,1016,1016,1016
"Utah","status_quo","Past",2020-08-03,"daily_all_infections",945,945,945,988,1003,1016,1016,1016
"Utah","linear_increase_sd","Past",2020-08-03,"daily_cases",400,400,400,410,407,421,421,421
"Utah","return_normal","Past",2020-08-03,"daily_cases",400,400,400,410,407,421,421,421
"Utah","status_quo","Past",2020-08-03,"daily_cases",400,400,400,410,407,421,421,421
"Utah","linear_increase_sd","Past",2020-08-03,"daily_deaths",5,5,5,6,5,7,7,7
"Utah","return_normal","Past",2020-08-03,"daily_deaths",5,5,5,6,5,7,7,7
"Utah","status_quo","Past",2020-08-03,"daily_deaths",5,5,5,6,5,7,7,7
"Utah","linear_increase_sd","Past",2020-08-03,"daily_hosps",56,56,56,60,60,62,62,62
"Utah","return_normal","Past",2020-08-03,"daily_hosps",56,56,56,60,60,62,62,62
"Utah","status_quo","Past",2020-08-03,"daily_hosps",56,56,56,60,60,62,62,62
"Utah","linear_increase_sd","Past",2020-08-03,"latent_trend",NA,NA,NA,0.331525667405112,NA,NA,NA,NA
"Utah","return_normal","Past",2020-08-03,"latent_trend",NA,NA,NA,0.331525667405112,NA,NA,NA,NA
"Utah","status_quo","Past",2020-08-03,"latent_trend",NA,NA,NA,0.331525667405112,NA,NA,NA,NA
"Utah","linear_increase_sd","Past",2020-08-03,"mobility_trend",NA,NA,NA,0.894277634737742,NA,NA,NA,NA
"Utah","return_normal","Past",2020-08-03,"mobility_trend",NA,NA,NA,0.894277634737742,NA,NA,NA,NA
"Utah","status_quo","Past",2020-08-03,"mobility_trend",NA,NA,NA,0.894277634737742,NA,NA,NA,NA
"Utah",NA,"Past",2020-08-04,"actual_cumulative_cases",NA,NA,NA,41907,NA,NA,NA,NA
"Utah",NA,"Past",2020-08-04,"actual_cumulative_deaths",NA,NA,NA,326,NA,NA,NA,NA
"Utah",NA,"Past",2020-08-04,"actual_daily_cases",NA,NA,NA,378,NA,NA,NA,NA
"Utah",NA,"Past",2020-08-04,"actual_daily_deaths",NA,NA,NA,7,NA,NA,NA,NA
"Utah","linear_increase_sd","Past",2020-08-04,"combined_trend",NA,NA,NA,0.298153758233705,NA,NA,NA,NA
"Utah","return_normal","Past",2020-08-04,"combined_trend",NA,NA,NA,0.298153758233705,NA,NA,NA,NA
"Utah","status_quo","Past",2020-08-04,"combined_trend",NA,NA,NA,0.298153758233705,NA,NA,NA,NA
"Utah","linear_increase_sd","Past",2020-08-04,"cumulative_all_infections",125582,125582,125582,125690,125584,125904,125904,125904
"Utah","return_normal","Past",2020-08-04,"cumulative_all_infections",125582,125582,125582,125690,125584,125904,125904,125904
"Utah","status_quo","Past",2020-08-04,"cumulative_all_infections",125582,125582,125582,125690,125584,125904,125904,125904
"Utah","linear_increase_sd","Past",2020-08-04,"cumulative_cases",39045,39045,39045,39434,39569,39687,39687,39687
"Utah","return_normal","Past",2020-08-04,"cumulative_cases",39045,39045,39045,39434,39569,39687,39687,39687
"Utah","status_quo","Past",2020-08-04,"cumulative_cases",39045,39045,39045,39434,39569,39687,39687,39687
"Utah","linear_increase_sd","Past",2020-08-04,"cumulative_deaths",514,514,514,525,522,539,539,539
"Utah","return_normal","Past",2020-08-04,"cumulative_deaths",514,514,514,525,522,539,539,539
"Utah","status_quo","Past",2020-08-04,"cumulative_deaths",514,514,514,525,522,539,539,539
"Utah","linear_increase_sd","Past",2020-08-04,"cumulative_hosps",4463,4463,4463,4480,4476,4501,4501,4501
"Utah","return_normal","Past",2020-08-04,"cumulative_hosps",4463,4463,4463,4480,4476,4501,4501,4501
"Utah","status_quo","Past",2020-08-04,"cumulative_hosps",4463,4463,4463,4480,4476,4501,4501,4501
"Utah","linear_increase_sd","Past",2020-08-04,"daily_all_infections",926,926,926,963,978,985,985,985
"Utah","return_normal","Past",2020-08-04,"daily_all_infections",926,926,926,963,978,985,985,985
"Utah","status_quo","Past",2020-08-04,"daily_all_infections",926,926,926,963,978,985,985,985
"Utah","linear_increase_sd","Past",2020-08-04,"daily_cases",353,353,353,403,412,444,444,444
"Utah","return_normal","Past",2020-08-04,"daily_cases",353,353,353,403,412,444,444,444
"Utah","status_quo","Past",2020-08-04,"daily_cases",353,353,353,403,412,444,444,444
"Utah","linear_increase_sd","Past",2020-08-04,"daily_deaths",5,5,5,5,5,5,5,5
"Utah","return_normal","Past",2020-08-04,"daily_deaths",5,5,5,5,5,5,5,5
"Utah","status_quo","Past",2020-08-04,"daily_deaths",5,5,5,5,5,5,5,5
"Utah","linear_increase_sd","Past",2020-08-04,"daily_hosps",53,53,53,56,57,58,58,58
"Utah","return_normal","Past",2020-08-04,"daily_hosps",53,53,53,56,57,58,58,58
"Utah","status_quo","Past",2020-08-04,"daily_hosps",53,53,53,56,57,58,58,58
"Utah","linear_increase_sd","Past",2020-08-04,"latent_trend",NA,NA,NA,0.334467225385126,NA,NA,NA,NA
"Utah","return_normal","Past",2020-08-04,"latent_trend",NA,NA,NA,0.334467225385126,NA,NA,NA,NA
"Utah","status_quo","Past",2020-08-04,"latent_trend",NA,NA,NA,0.334467225385126,NA,NA,NA,NA
"Utah","linear_increase_sd","Past",2020-08-04,"mobility_trend",NA,NA,NA,0.891428922192279,NA,NA,NA,NA
"Utah","return_normal","Past",2020-08-04,"mobility_trend",NA,NA,NA,0.891428922192279,NA,NA,NA,NA
"Utah","status_quo","Past",2020-08-04,"mobility_trend",NA,NA,NA,0.891428922192279,NA,NA,NA,NA
"Utah",NA,"Past",2020-08-05,"actual_cumulative_cases",NA,NA,NA,42328,NA,NA,NA,NA
"Utah",NA,"Past",2020-08-05,"actual_cumulative_deaths",NA,NA,NA,332,NA,NA,NA,NA
"Utah",NA,"Past",2020-08-05,"actual_daily_cases",NA,NA,NA,421,NA,NA,NA,NA
"Utah",NA,"Past",2020-08-05,"actual_daily_deaths",NA,NA,NA,6,NA,NA,NA,NA
"Utah","linear_increase_sd","Past",2020-08-05,"combined_trend",NA,NA,NA,0.300365995008946,NA,NA,NA,NA
"Utah","return_normal","Past",2020-08-05,"combined_trend",NA,NA,NA,0.300365995008946,NA,NA,NA,NA
"Utah","status_quo","Past",2020-08-05,"combined_trend",NA,NA,NA,0.300365995008946,NA,NA,NA,NA
"Utah","linear_increase_sd","Past",2020-08-05,"cumulative_all_infections",126542,126542,126542,126636,126548,126817,126817,126817
"Utah","return_normal","Past",2020-08-05,"cumulative_all_infections",126542,126542,126542,126636,126548,126817,126817,126817
"Utah","status_quo","Past",2020-08-05,"cumulative_all_infections",126542,126542,126542,126636,126548,126817,126817,126817
"Utah","linear_increase_sd","Past",2020-08-05,"cumulative_cases",39430,39430,39430,39816,39964,40054,40054,40054
"Utah","return_normal","Past",2020-08-05,"cumulative_cases",39430,39430,39430,39816,39964,40054,40054,40054
"Utah","status_quo","Past",2020-08-05,"cumulative_cases",39430,39430,39430,39816,39964,40054,40054,40054
"Utah","linear_increase_sd","Past",2020-08-05,"cumulative_deaths",519,519,519,531,527,545,545,545
"Utah","return_normal","Past",2020-08-05,"cumulative_deaths",519,519,519,531,527,545,545,545
"Utah","status_quo","Past",2020-08-05,"cumulative_deaths",519,519,519,531,527,545,545,545
"Utah","linear_increase_sd","Past",2020-08-05,"cumulative_hosps",4520,4520,4520,4536,4533,4553,4553,4553
"Utah","return_normal","Past",2020-08-05,"cumulative_hosps",4520,4520,4520,4536,4533,4553,4553,4553
"Utah","status_quo","Past",2020-08-05,"cumulative_hosps",4520,4520,4520,4536,4533,4553,4553,4553
"Utah","linear_increase_sd","Past",2020-08-05,"daily_all_infections",913,913,913,946,960,964,964,964
"Utah","return_normal","Past",2020-08-05,"daily_all_infections",913,913,913,946,960,964,964,964
"Utah","status_quo","Past",2020-08-05,"daily_all_infections",913,913,913,946,960,964,964,964
"Utah","linear_increase_sd","Past",2020-08-05,"daily_cases",367,367,367,383,385,395,395,395
"Utah","return_normal","Past",2020-08-05,"daily_cases",367,367,367,383,385,395,395,395
"Utah","status_quo","Past",2020-08-05,"daily_cases",367,367,367,383,385,395,395,395
"Utah","linear_increase_sd","Past",2020-08-05,"daily_deaths",5,5,5,6,5,6,6,6
"Utah","return_normal","Past",2020-08-05,"daily_deaths",5,5,5,6,5,6,6,6
"Utah","status_quo","Past",2020-08-05,"daily_deaths",5,5,5,6,5,6,6,6
"Utah","linear_increase_sd","Past",2020-08-05,"daily_hosps",52,52,52,56,57,57,57,57
"Utah","return_normal","Past",2020-08-05,"daily_hosps",52,52,52,56,57,57,57,57
"Utah","status_quo","Past",2020-08-05,"daily_hosps",52,52,52,56,57,57,57,57
"Utah","linear_increase_sd","Past",2020-08-05,"latent_trend",NA,NA,NA,0.337928637527001,NA,NA,NA,NA
"Utah","return_normal","Past",2020-08-05,"latent_trend",NA,NA,NA,0.337928637527001,NA,NA,NA,NA
"Utah","status_quo","Past",2020-08-05,"latent_trend",NA,NA,NA,0.337928637527001,NA,NA,NA,NA
"Utah","linear_increase_sd","Past",2020-08-05,"mobility_trend",NA,NA,NA,0.888844453098316,NA,NA,NA,NA
"Utah","return_normal","Past",2020-08-05,"mobility_trend",NA,NA,NA,0.888844453098316,NA,NA,NA,NA
"Utah","status_quo","Past",2020-08-05,"mobility_trend",NA,NA,NA,0.888844453098316,NA,NA,NA,NA
"Utah",NA,"Past",2020-08-06,"actual_cumulative_cases",NA,NA,NA,42915,NA,NA,NA,NA
"Utah",NA,"Past",2020-08-06,"actual_cumulative_deaths",NA,NA,NA,335,NA,NA,NA,NA
"Utah",NA,"Past",2020-08-06,"actual_daily_cases",NA,NA,NA,587,NA,NA,NA,NA
"Utah",NA,"Past",2020-08-06,"actual_daily_deaths",NA,NA,NA,3,NA,NA,NA,NA
"Utah","linear_increase_sd","Past",2020-08-06,"combined_trend",NA,NA,NA,0.303143803206788,NA,NA,NA,NA
"Utah","return_normal","Past",2020-08-06,"combined_trend",NA,NA,NA,0.303143803206788,NA,NA,NA,NA
"Utah","status_quo","Past",2020-08-06,"combined_trend",NA,NA,NA,0.303143803206788,NA,NA,NA,NA
"Utah","linear_increase_sd","Past",2020-08-06,"cumulative_all_infections",127480,127480,127480,127562,127490,127714,127714,127714
"Utah","return_normal","Past",2020-08-06,"cumulative_all_infections",127480,127480,127480,127562,127490,127714,127714,127714
"Utah","status_quo","Past",2020-08-06,"cumulative_all_infections",127480,127480,127480,127562,127490,127714,127714,127714
"Utah","linear_increase_sd","Past",2020-08-06,"cumulative_cases",39818,39818,39818,40196,40360,40410,40410,40410
"Utah","return_normal","Past",2020-08-06,"cumulative_cases",39818,39818,39818,40196,40360,40410,40410,40410
"Utah","status_quo","Past",2020-08-06,"cumulative_cases",39818,39818,39818,40196,40360,40410,40410,40410
"Utah","linear_increase_sd","Past",2020-08-06,"cumulative_deaths",524,524,524,536,533,550,550,550
"Utah","return_normal","Past",2020-08-06,"cumulative_deaths",524,524,524,536,533,550,550,550
"Utah","status_quo","Past",2020-08-06,"cumulative_deaths",524,524,524,536,533,550,550,550
"Utah","linear_increase_sd","Past",2020-08-06,"cumulative_hosps",4574,4574,4574,4590,4588,4606,4606,4606
"Utah","return_normal","Past",2020-08-06,"cumulative_hosps",4574,4574,4574,4590,4588,4606,4606,4606
"Utah","status_quo","Past",2020-08-06,"cumulative_hosps",4574,4574,4574,4590,4588,4606,4606,4606
"Utah","linear_increase_sd","Past",2020-08-06,"daily_all_infections",897,897,897,926,938,942,942,942
"Utah","return_normal","Past",2020-08-06,"daily_all_infections",897,897,897,926,938,942,942,942
"Utah","status_quo","Past",2020-08-06,"daily_all_infections",897,897,897,926,938,942,942,942
"Utah","linear_increase_sd","Past",2020-08-06,"daily_cases",356,356,356,380,388,396,396,396
"Utah","return_normal","Past",2020-08-06,"daily_cases",356,356,356,380,388,396,396,396
"Utah","status_quo","Past",2020-08-06,"daily_cases",356,356,356,380,388,396,396,396
"Utah","linear_increase_sd","Past",2020-08-06,"daily_deaths",5,5,5,6,5,6,6,6
"Utah","return_normal","Past",2020-08-06,"daily_deaths",5,5,5,6,5,6,6,6
"Utah","status_quo","Past",2020-08-06,"daily_deaths",5,5,5,6,5,6,6,6
"Utah","linear_increase_sd","Past",2020-08-06,"daily_hosps",53,53,53,54,54,55,55,55
"Utah","return_normal","Past",2020-08-06,"daily_hosps",53,53,53,54,54,55,55,55
"Utah","status_quo","Past",2020-08-06,"daily_hosps",53,53,53,54,54,55,55,55
"Utah","linear_increase_sd","Past",2020-08-06,"latent_trend",NA,NA,NA,0.341930932491889,NA,NA,NA,NA
"Utah","return_normal","Past",2020-08-06,"latent_trend",NA,NA,NA,0.341930932491889,NA,NA,NA,NA
"Utah","status_quo","Past",2020-08-06,"latent_trend",NA,NA,NA,0.341930932491889,NA,NA,NA,NA
"Utah","linear_increase_sd","Past",2020-08-06,"mobility_trend",NA,NA,NA,0.886564432757131,NA,NA,NA,NA
"Utah","return_normal","Past",2020-08-06,"mobility_trend",NA,NA,NA,0.886564432757131,NA,NA,NA,NA
"Utah","status_quo","Past",2020-08-06,"mobility_trend",NA,NA,NA,0.886564432757131,NA,NA,NA,NA
"Utah",NA,"Past",2020-08-07,"actual_cumulative_cases",NA,NA,NA,43375,NA,NA,NA,NA
"Utah",NA,"Past",2020-08-07,"actual_cumulative_deaths",NA,NA,NA,340,NA,NA,NA,NA
"Utah",NA,"Past",2020-08-07,"actual_daily_cases",NA,NA,NA,460,NA,NA,NA,NA
"Utah",NA,"Past",2020-08-07,"actual_daily_deaths",NA,NA,NA,5,NA,NA,NA,NA
"Utah","linear_increase_sd","Past",2020-08-07,"combined_trend",NA,NA,NA,0.306501798562589,NA,NA,NA,NA
"Utah","return_normal","Past",2020-08-07,"combined_trend",NA,NA,NA,0.306501798562589,NA,NA,NA,NA
"Utah","status_quo","Past",2020-08-07,"combined_trend",NA,NA,NA,0.306501798562589,NA,NA,NA,NA
"Utah","linear_increase_sd","Past",2020-08-07,"cumulative_all_infections",128398,128398,128398,128470,128412,128600,128600,128600
"Utah","return_normal","Past",2020-08-07,"cumulative_all_infections",128398,128398,128398,128470,128412,128600,128600,128600
"Utah","status_quo","Past",2020-08-07,"cumulative_all_infections",128398,128398,128398,128470,128412,128600,128600,128600
"Utah","linear_increase_sd","Past",2020-08-07,"cumulative_cases",40210,40210,40210,40572,40747,40758,40758,40758
"Utah","return_normal","Past",2020-08-07,"cumulative_cases",40210,40210,40210,40572,40747,40758,40758,40758
"Utah","status_quo","Past",2020-08-07,"cumulative_cases",40210,40210,40210,40572,40747,40758,40758,40758
"Utah","linear_increase_sd","Past",2020-08-07,"cumulative_deaths",529,529,529,541,537,555,555,555
"Utah","return_normal","Past",2020-08-07,"cumulative_deaths",529,529,529,541,537,555,555,555
"Utah","status_quo","Past",2020-08-07,"cumulative_deaths",529,529,529,541,537,555,555,555
"Utah","linear_increase_sd","Past",2020-08-07,"cumulative_hosps",4628,4628,4628,4642,4642,4656,4656,4656
"Utah","return_normal","Past",2020-08-07,"cumulative_hosps",4628,4628,4628,4642,4642,4656,4656,4656
"Utah","status_quo","Past",2020-08-07,"cumulative_hosps",4628,4628,4628,4642,4642,4656,4656,4656
"Utah","linear_increase_sd","Past",2020-08-07,"daily_all_infections",886,886,886,909,918,922,922,922
"Utah","return_normal","Past",2020-08-07,"daily_all_infections",886,886,886,909,918,922,922,922
"Utah","status_quo","Past",2020-08-07,"daily_all_infections",886,886,886,909,918,922,922,922
"Utah","linear_increase_sd","Past",2020-08-07,"daily_cases",348,348,348,376,387,392,392,392
"Utah","return_normal","Past",2020-08-07,"daily_cases",348,348,348,376,387,392,392,392
"Utah","status_quo","Past",2020-08-07,"daily_cases",348,348,348,376,387,392,392,392
"Utah","linear_increase_sd","Past",2020-08-07,"daily_deaths",4,4,4,5,5,5,5,5
"Utah","return_normal","Past",2020-08-07,"daily_deaths",4,4,4,5,5,5,5,5
"Utah","status_quo","Past",2020-08-07,"daily_deaths",4,4,4,5,5,5,5,5
"Utah","linear_increase_sd","Past",2020-08-07,"daily_hosps",50,50,50,53,54,54,54,54
"Utah","return_normal","Past",2020-08-07,"daily_hosps",50,50,50,53,54,54,54,54
"Utah","status_quo","Past",2020-08-07,"daily_hosps",50,50,50,53,54,54,54,54
"Utah","linear_increase_sd","Past",2020-08-07,"latent_trend",NA,NA,NA,0.346488797466463,NA,NA,NA,NA
"Utah","return_normal","Past",2020-08-07,"latent_trend",NA,NA,NA,0.346488797466463,NA,NA,NA,NA
"Utah","status_quo","Past",2020-08-07,"latent_trend",NA,NA,NA,0.346488797466463,NA,NA,NA,NA
"Utah","linear_increase_sd","Past",2020-08-07,"mobility_trend",NA,NA,NA,0.884593674611531,NA,NA,NA,NA
"Utah","return_normal","Past",2020-08-07,"mobility_trend",NA,NA,NA,0.884593674611531,NA,NA,NA,NA
"Utah","status_quo","Past",2020-08-07,"mobility_trend",NA,NA,NA,0.884593674611531,NA,NA,NA,NA
"Utah",NA,"Past",2020-08-08,"actual_cumulative_cases",NA,NA,NA,43751,NA,NA,NA,NA
"Utah",NA,"Past",2020-08-08,"actual_cumulative_deaths",NA,NA,NA,340,NA,NA,NA,NA
"Utah",NA,"Past",2020-08-08,"actual_daily_cases",NA,NA,NA,376,NA,NA,NA,NA
"Utah",NA,"Past",2020-08-08,"actual_daily_deaths",NA,NA,NA,0,NA,NA,NA,NA
"Utah","linear_increase_sd","Past",2020-08-08,"combined_trend",NA,NA,NA,0.310421447816791,NA,NA,NA,NA
"Utah","return_normal","Past",2020-08-08,"combined_trend",NA,NA,NA,0.310421447816791,NA,NA,NA,NA
"Utah","status_quo","Past",2020-08-08,"combined_trend",NA,NA,NA,0.310421447816791,NA,NA,NA,NA
"Utah","linear_increase_sd","Past",2020-08-08,"cumulative_all_infections",129307,129307,129307,129368,129324,129473,129473,129473
"Utah","return_normal","Past",2020-08-08,"cumulative_all_infections",129307,129307,129307,129368,129324,129473,129473,129473
"Utah","status_quo","Past",2020-08-08,"cumulative_all_infections",129307,129307,129307,129368,129324,129473,129473,129473
"Utah","linear_increase_sd","Past",2020-08-08,"cumulative_cases",40584,40584,40584,40926,41094,41100,41100,41100
"Utah","return_normal","Past",2020-08-08,"cumulative_cases",40584,40584,40584,40926,41094,41100,41100,41100
"Utah","status_quo","Past",2020-08-08,"cumulative_cases",40584,40584,40584,40926,41094,41100,41100,41100
"Utah","linear_increase_sd","Past",2020-08-08,"cumulative_deaths",534,534,534,545,541,560,560,560
"Utah","return_normal","Past",2020-08-08,"cumulative_deaths",534,534,534,545,541,560,560,560
"Utah","status_quo","Past",2020-08-08,"cumulative_deaths",534,534,534,545,541,560,560,560
"Utah","linear_increase_sd","Past",2020-08-08,"cumulative_hosps",4679,4679,4679,4693,4694,4704,4704,4704
"Utah","return_normal","Past",2020-08-08,"cumulative_hosps",4679,4679,4679,4693,4694,4704,4704,4704
"Utah","status_quo","Past",2020-08-08,"cumulative_hosps",4679,4679,4679,4693,4694,4704,4704,4704
"Utah","linear_increase_sd","Past",2020-08-08,"daily_all_infections",873,873,873,898,909,912,912,912
"Utah","return_normal","Past",2020-08-08,"daily_all_infections",873,873,873,898,909,912,912,912
"Utah","status_quo","Past",2020-08-08,"daily_all_infections",873,873,873,898,909,912,912,912
"Utah","linear_increase_sd","Past",2020-08-08,"daily_cases",336,336,336,355,353,374,374,374
"Utah","return_normal","Past",2020-08-08,"daily_cases",336,336,336,355,353,374,374,374
"Utah","status_quo","Past",2020-08-08,"daily_cases",336,336,336,355,353,374,374,374
"Utah","linear_increase_sd","Past",2020-08-08,"daily_deaths",4,4,4,5,5,5,5,5
"Utah","return_normal","Past",2020-08-08,"daily_deaths",4,4,4,5,5,5,5,5
"Utah","status_quo","Past",2020-08-08,"daily_deaths",4,4,4,5,5,5,5,5
"Utah","linear_increase_sd","Past",2020-08-08,"daily_hosps",48,48,48,51,51,52,52,52
"Utah","return_normal","Past",2020-08-08,"daily_hosps",48,48,48,51,51,52,52,52
"Utah","status_quo","Past",2020-08-08,"daily_hosps",48,48,48,51,51,52,52,52
"Utah","linear_increase_sd","Past",2020-08-08,"latent_trend",NA,NA,NA,0.351581779193658,NA,NA,NA,NA
"Utah","return_normal","Past",2020-08-08,"latent_trend",NA,NA,NA,0.351581779193658,NA,NA,NA,NA
"Utah","status_quo","Past",2020-08-08,"latent_trend",NA,NA,NA,0.351581779193658,NA,NA,NA,NA
"Utah","linear_increase_sd","Past",2020-08-08,"mobility_trend",NA,NA,NA,0.882928144139704,NA,NA,NA,NA
"Utah","return_normal","Past",2020-08-08,"mobility_trend",NA,NA,NA,0.882928144139704,NA,NA,NA,NA
"Utah","status_quo","Past",2020-08-08,"mobility_trend",NA,NA,NA,0.882928144139704,NA,NA,NA,NA
"Utah",NA,"Past",2020-08-09,"actual_cumulative_cases",NA,NA,NA,44127,NA,NA,NA,NA
"Utah",NA,"Past",2020-08-09,"actual_cumulative_deaths",NA,NA,NA,341,NA,NA,NA,NA
"Utah",NA,"Past",2020-08-09,"actual_daily_cases",NA,NA,NA,376,NA,NA,NA,NA
"Utah",NA,"Past",2020-08-09,"actual_daily_deaths",NA,NA,NA,1,NA,NA,NA,NA
"Utah","linear_increase_sd","Past",2020-08-09,"combined_trend",NA,NA,NA,0.314875501554918,NA,NA,NA,NA
"Utah","return_normal","Past",2020-08-09,"combined_trend",NA,NA,NA,0.314875501554918,NA,NA,NA,NA
"Utah","status_quo","Past",2020-08-09,"combined_trend",NA,NA,NA,0.314875501554918,NA,NA,NA,NA
"Utah","linear_increase_sd","Past",2020-08-09,"cumulative_all_infections",130204,130204,130204,130258,130225,130344,130344,130344
"Utah","return_normal","Past",2020-08-09,"cumulative_all_infections",130204,130204,130204,130258,130225,130344,130344,130344
"Utah","status_quo","Past",2020-08-09,"cumulative_all_infections",130204,130204,130204,130258,130225,130344,130344,130344
"Utah","linear_increase_sd","Past",2020-08-09,"cumulative_cases",40942,40942,40942,41281,41445,41455,41455,41455
"Utah","return_normal","Past",2020-08-09,"cumulative_cases",40942,40942,40942,41281,41445,41455,41455,41455
"Utah","status_quo","Past",2020-08-09,"cumulative_cases",40942,40942,40942,41281,41445,41455,41455,41455
"Utah","linear_increase_sd","Past",2020-08-09,"cumulative_deaths",539,539,539,550,546,565,565,565
"Utah","return_normal","Past",2020-08-09,"cumulative_deaths",539,539,539,550,546,565,565,565
"Utah","status_quo","Past",2020-08-09,"cumulative_deaths",539,539,539,550,546,565,565,565
"Utah","linear_increase_sd","Past",2020-08-09,"cumulative_hosps",4730,4730,4730,4743,4746,4751,4751,4751
"Utah","return_normal","Past",2020-08-09,"cumulative_hosps",4730,4730,4730,4743,4746,4751,4751,4751
"Utah","status_quo","Past",2020-08-09,"cumulative_hosps",4730,4730,4730,4743,4746,4751,4751,4751
"Utah","linear_increase_sd","Past",2020-08-09,"daily_all_infections",871,871,871,890,897,901,901,901
"Utah","return_normal","Past",2020-08-09,"daily_all_infections",871,871,871,890,897,901,901,901
"Utah","status_quo","Past",2020-08-09,"daily_all_infections",871,871,871,890,897,901,901,901
"Utah","linear_increase_sd","Past",2020-08-09,"daily_cases",351,351,351,355,355,358,358,358
"Utah","return_normal","Past",2020-08-09,"daily_cases",351,351,351,355,355,358,358,358
"Utah","status_quo","Past",2020-08-09,"daily_cases",351,351,351,355,355,358,358,358
"Utah","linear_increase_sd","Past",2020-08-09,"daily_deaths",5,5,5,5,5,5,5,5
"Utah","return_normal","Past",2020-08-09,"daily_deaths",5,5,5,5,5,5,5,5
"Utah","status_quo","Past",2020-08-09,"daily_deaths",5,5,5,5,5,5,5,5
"Utah","linear_increase_sd","Past",2020-08-09,"daily_hosps",47,47,47,50,51,52,52,52
"Utah","return_normal","Past",2020-08-09,"daily_hosps",47,47,47,50,51,52,52,52
"Utah","status_quo","Past",2020-08-09,"daily_hosps",47,47,47,50,51,52,52,52
"Utah","linear_increase_sd","Past",2020-08-09,"latent_trend",NA,NA,NA,0.357178345026213,NA,NA,NA,NA
"Utah","return_normal","Past",2020-08-09,"latent_trend",NA,NA,NA,0.357178345026213,NA,NA,NA,NA
"Utah","status_quo","Past",2020-08-09,"latent_trend",NA,NA,NA,0.357178345026213,NA,NA,NA,NA
"Utah","linear_increase_sd","Past",2020-08-09,"mobility_trend",NA,NA,NA,0.881563806819838,NA,NA,NA,NA
"Utah","return_normal","Past",2020-08-09,"mobility_trend",NA,NA,NA,0.881563806819838,NA,NA,NA,NA
"Utah","status_quo","Past",2020-08-09,"mobility_trend",NA,NA,NA,0.881563806819838,NA,NA,NA,NA
"Utah",NA,"Past",2020-08-10,"actual_cumulative_cases",NA,NA,NA,44390,NA,NA,NA,NA
"Utah",NA,"Past",2020-08-10,"actual_cumulative_deaths",NA,NA,NA,350,NA,NA,NA,NA
"Utah",NA,"Past",2020-08-10,"actual_daily_cases",NA,NA,NA,263,NA,NA,NA,NA
"Utah",NA,"Past",2020-08-10,"actual_daily_deaths",NA,NA,NA,9,NA,NA,NA,NA
"Utah","linear_increase_sd","Past",2020-08-10,"combined_trend",NA,NA,NA,0.319834479675115,NA,NA,NA,NA
"Utah","return_normal","Past",2020-08-10,"combined_trend",NA,NA,NA,0.319834479675115,NA,NA,NA,NA
"Utah","status_quo","Past",2020-08-10,"combined_trend",NA,NA,NA,0.319834479675115,NA,NA,NA,NA
"Utah","linear_increase_sd","Past",2020-08-10,"cumulative_all_infections",131095,131095,131095,131140,131119,131205,131205,131205
"Utah","return_normal","Past",2020-08-10,"cumulative_all_infections",131095,131095,131095,131140,131119,131205,131205,131205
"Utah","status_quo","Past",2020-08-10,"cumulative_all_infections",131095,131095,131095,131140,131119,131205,131205,131205
"Utah","linear_increase_sd","Past",2020-08-10,"cumulative_cases",41290,41290,41290,41639,41809,41818,41818,41818
"Utah","return_normal","Past",2020-08-10,"cumulative_cases",41290,41290,41290,41639,41809,41818,41818,41818
"Utah","status_quo","Past",2020-08-10,"cumulative_cases",41290,41290,41290,41639,41809,41818,41818,41818
"Utah","linear_increase_sd","Past",2020-08-10,"cumulative_deaths",544,544,544,555,551,569,569,569
"Utah","return_normal","Past",2020-08-10,"cumulative_deaths",544,544,544,555,551,569,569,569
"Utah","status_quo","Past",2020-08-10,"cumulative_deaths",544,544,544,555,551,569,569,569
"Utah","linear_increase_sd","Past",2020-08-10,"cumulative_hosps",4780,4780,4780,4791,4795,4796,4796,4796
"Utah","return_normal","Past",2020-08-10,"cumulative_hosps",4780,4780,4780,4791,4795,4796,4796,4796
"Utah","status_quo","Past",2020-08-10,"cumulative_hosps",4780,4780,4780,4791,4795,4796,4796,4796
"Utah","linear_increase_sd","Past",2020-08-10,"daily_all_infections",861,861,861,882,891,894,894,894
"Utah","return_normal","Past",2020-08-10,"daily_all_infections",861,861,861,882,891,894,894,894
"Utah","status_quo","Past",2020-08-10,"daily_all_infections",861,861,861,882,891,894,894,894
"Utah","linear_increase_sd","Past",2020-08-10,"daily_cases",348,348,348,359,354,373,373,373
"Utah","return_normal","Past",2020-08-10,"daily_cases",348,348,348,359,354,373,373,373
"Utah","status_quo","Past",2020-08-10,"daily_cases",348,348,348,359,354,373,373,373
"Utah","linear_increase_sd","Past",2020-08-10,"daily_deaths",4,4,4,5,5,5,5,5
"Utah","return_normal","Past",2020-08-10,"daily_deaths",4,4,4,5,5,5,5,5
"Utah","status_quo","Past",2020-08-10,"daily_deaths",4,4,4,5,5,5,5,5
"Utah","linear_increase_sd","Past",2020-08-10,"daily_hosps",45,45,45,48,49,50,50,50
"Utah","return_normal","Past",2020-08-10,"daily_hosps",45,45,45,48,49,50,50,50
"Utah","status_quo","Past",2020-08-10,"daily_hosps",45,45,45,48,49,50,50,50
"Utah","linear_increase_sd","Past",2020-08-10,"latent_trend",NA,NA,NA,0.363246085515394,NA,NA,NA,NA
"Utah","return_normal","Past",2020-08-10,"latent_trend",NA,NA,NA,0.363246085515394,NA,NA,NA,NA
"Utah","status_quo","Past",2020-08-10,"latent_trend",NA,NA,NA,0.363246085515394,NA,NA,NA,NA
"Utah","linear_increase_sd","Past",2020-08-10,"mobility_trend",NA,NA,NA,0.880489817863598,NA,NA,NA,NA
"Utah","return_normal","Past",2020-08-10,"mobility_trend",NA,NA,NA,0.880489817863598,NA,NA,NA,NA
"Utah","status_quo","Past",2020-08-10,"mobility_trend",NA,NA,NA,0.880489817863598,NA,NA,NA,NA
"Utah",NA,"Past",2020-08-11,"actual_cumulative_cases",NA,NA,NA,44752,NA,NA,NA,NA
"Utah",NA,"Past",2020-08-11,"actual_cumulative_deaths",NA,NA,NA,354,NA,NA,NA,NA
"Utah",NA,"Past",2020-08-11,"actual_daily_cases",NA,NA,NA,362,NA,NA,NA,NA
"Utah",NA,"Past",2020-08-11,"actual_daily_deaths",NA,NA,NA,4,NA,NA,NA,NA
"Utah","linear_increase_sd","Past",2020-08-11,"combined_trend",NA,NA,NA,0.325258529143002,NA,NA,NA,NA
"Utah","return_normal","Past",2020-08-11,"combined_trend",NA,NA,NA,0.325258529143002,NA,NA,NA,NA
"Utah","status_quo","Past",2020-08-11,"combined_trend",NA,NA,NA,0.325258529143002,NA,NA,NA,NA
"Utah","linear_increase_sd","Past",2020-08-11,"cumulative_all_infections",131978,131978,131978,132016,132005,132065,132065,132065
"Utah","return_normal","Past",2020-08-11,"cumulative_all_infections",131978,131978,131978,132016,132005,132065,132065,132065
"Utah","status_quo","Past",2020-08-11,"cumulative_all_infections",131978,131978,131978,132016,132005,132065,132065,132065
"Utah","linear_increase_sd","Past",2020-08-11,"cumulative_cases",41639,41639,41639,41971,42132,42142,42142,42142
"Utah","return_normal","Past",2020-08-11,"cumulative_cases",41639,41639,41639,41971,42132,42142,42142,42142
"Utah","status_quo","Past",2020-08-11,"cumulative_cases",41639,41639,41639,41971,42132,42142,42142,42142
"Utah","linear_increase_sd","Past",2020-08-11,"cumulative_deaths",548,548,548,559,555,573,573,573
"Utah","return_normal","Past",2020-08-11,"cumulative_deaths",548,548,548,559,555,573,573,573
"Utah","status_quo","Past",2020-08-11,"cumulative_deaths",548,548,548,559,555,573,573,573
"Utah","linear_increase_sd","Past",2020-08-11,"cumulative_hosps",4827,4827,4827,4837,4840,4844,4844,4844
"Utah","return_normal","Past",2020-08-11,"cumulative_hosps",4827,4827,4827,4837,4840,4844,4844,4844
"Utah","status_quo","Past",2020-08-11,"cumulative_hosps",4827,4827,4827,4837,4840,4844,4844,4844
"Utah","linear_increase_sd","Past",2020-08-11,"daily_all_infections",860,860,860,877,883,886,886,886
"Utah","return_normal","Past",2020-08-11,"daily_all_infections",860,860,860,877,883,886,886,886
"Utah","status_quo","Past",2020-08-11,"daily_all_infections",860,860,860,877,883,886,886,886
"Utah","linear_increase_sd","Past",2020-08-11,"daily_cases",323,323,323,332,324,349,349,349
"Utah","return_normal","Past",2020-08-11,"daily_cases",323,323,323,332,324,349,349,349
"Utah","status_quo","Past",2020-08-11,"daily_cases",323,323,323,332,324,349,349,349
"Utah","linear_increase_sd","Past",2020-08-11,"daily_deaths",4,4,4,4,4,4,4,4
"Utah","return_normal","Past",2020-08-11,"daily_deaths",4,4,4,4,4,4,4,4
"Utah","status_quo","Past",2020-08-11,"daily_deaths",4,4,4,4,4,4,4,4
"Utah","linear_increase_sd","Past",2020-08-11,"daily_hosps",44,44,44,47,47,49,49,49
"Utah","return_normal","Past",2020-08-11,"daily_hosps",44,44,44,47,47,49,49,49
"Utah","status_quo","Past",2020-08-11,"daily_hosps",44,44,44,47,47,49,49,49
"Utah","linear_increase_sd","Past",2020-08-11,"latent_trend",NA,NA,NA,0.369751423652564,NA,NA,NA,NA
"Utah","return_normal","Past",2020-08-11,"latent_trend",NA,NA,NA,0.369751423652564,NA,NA,NA,NA
"Utah","status_quo","Past",2020-08-11,"latent_trend",NA,NA,NA,0.369751423652564,NA,NA,NA,NA
"Utah","linear_increase_sd","Past",2020-08-11,"mobility_trend",NA,NA,NA,0.879668091416549,NA,NA,NA,NA
"Utah","return_normal","Past",2020-08-11,"mobility_trend",NA,NA,NA,0.879668091416549,NA,NA,NA,NA
"Utah","status_quo","Past",2020-08-11,"mobility_trend",NA,NA,NA,0.879668091416549,NA,NA,NA,NA
"Utah",NA,"Past",2020-08-12,"actual_cumulative_cases",NA,NA,NA,45090,NA,NA,NA,NA
"Utah",NA,"Past",2020-08-12,"actual_cumulative_deaths",NA,NA,NA,356,NA,NA,NA,NA
"Utah",NA,"Past",2020-08-12,"actual_daily_cases",NA,NA,NA,338,NA,NA,NA,NA
"Utah",NA,"Past",2020-08-12,"actual_daily_deaths",NA,NA,NA,2,NA,NA,NA,NA
"Utah","linear_increase_sd","Past",2020-08-12,"combined_trend",NA,NA,NA,0.331103828748846,NA,NA,NA,NA
"Utah","return_normal","Past",2020-08-12,"combined_trend",NA,NA,NA,0.331103828748846,NA,NA,NA,NA
"Utah","status_quo","Past",2020-08-12,"combined_trend",NA,NA,NA,0.331103828748846,NA,NA,NA,NA
"Utah","linear_increase_sd","Past",2020-08-12,"cumulative_all_infections",132854,132854,132854,132889,132892,132920,132920,132920
"Utah","return_normal","Past",2020-08-12,"cumulative_all_infections",132854,132854,132854,132889,132892,132920,132920,132920
"Utah","status_quo","Past",2020-08-12,"cumulative_all_infections",132854,132854,132854,132889,132892,132920,132920,132920
"Utah","linear_increase_sd","Past",2020-08-12,"cumulative_cases",41997,41997,41997,42304,42450,42465,42465,42465
"Utah","return_normal","Past",2020-08-12,"cumulative_cases",41997,41997,41997,42304,42450,42465,42465,42465
"Utah","status_quo","Past",2020-08-12,"cumulative_cases",41997,41997,41997,42304,42450,42465,42465,42465
"Utah","linear_increase_sd","Past",2020-08-12,"cumulative_deaths",552,552,552,563,559,577,577,577
"Utah","return_normal","Past",2020-08-12,"cumulative_deaths",552,552,552,563,559,577,577,577
"Utah","status_quo","Past",2020-08-12,"cumulative_deaths",552,552,552,563,559,577,577,577
"Utah","linear_increase_sd","Past",2020-08-12,"cumulative_hosps",4874,4874,4874,4884,4884,4892,4892,4892
"Utah","return_normal","Past",2020-08-12,"cumulative_hosps",4874,4874,4874,4884,4884,4892,4892,4892
"Utah","status_quo","Past",2020-08-12,"cumulative_hosps",4874,4874,4874,4884,4884,4892,4892,4892
"Utah","linear_increase_sd","Past",2020-08-12,"daily_all_infections",855,855,855,873,876,887,887,887
"Utah","return_normal","Past",2020-08-12,"daily_all_infections",855,855,855,873,876,887,887,887
"Utah","status_quo","Past",2020-08-12,"daily_all_infections",855,855,855,873,876,887,887,887
"Utah","linear_increase_sd","Past",2020-08-12,"daily_cases",308,308,308,333,333,358,358,358
"Utah","return_normal","Past",2020-08-12,"daily_cases",308,308,308,333,333,358,358,358
"Utah","status_quo","Past",2020-08-12,"daily_cases",308,308,308,333,333,358,358,358
"Utah","linear_increase_sd","Past",2020-08-12,"daily_deaths",4,4,4,4,4,4,4,4
"Utah","return_normal","Past",2020-08-12,"daily_deaths",4,4,4,4,4,4,4,4
"Utah","status_quo","Past",2020-08-12,"daily_deaths",4,4,4,4,4,4,4,4
"Utah","linear_increase_sd","Past",2020-08-12,"daily_hosps",44,44,44,47,47,48,48,48
"Utah","return_normal","Past",2020-08-12,"daily_hosps",44,44,44,47,47,48,48,48
"Utah","status_quo","Past",2020-08-12,"daily_hosps",44,44,44,47,47,48,48,48
"Utah","linear_increase_sd","Past",2020-08-12,"latent_trend",NA,NA,NA,0.376659374663529,NA,NA,NA,NA
"Utah","return_normal","Past",2020-08-12,"latent_trend",NA,NA,NA,0.376659374663529,NA,NA,NA,NA
"Utah","status_quo","Past",2020-08-12,"latent_trend",NA,NA,NA,0.376659374663529,NA,NA,NA,NA
"Utah","linear_increase_sd","Past",2020-08-12,"mobility_trend",NA,NA,NA,0.879053731357733,NA,NA,NA,NA
"Utah","return_normal","Past",2020-08-12,"mobility_trend",NA,NA,NA,0.879053731357733,NA,NA,NA,NA
"Utah","status_quo","Past",2020-08-12,"mobility_trend",NA,NA,NA,0.879053731357733,NA,NA,NA,NA
"Utah",NA,"Past",2020-08-13,"actual_cumulative_cases",NA,NA,NA,45424,NA,NA,NA,NA
"Utah",NA,"Past",2020-08-13,"actual_cumulative_deaths",NA,NA,NA,358,NA,NA,NA,NA
"Utah",NA,"Past",2020-08-13,"actual_daily_cases",NA,NA,NA,334,NA,NA,NA,NA
"Utah",NA,"Past",2020-08-13,"actual_daily_deaths",NA,NA,NA,2,NA,NA,NA,NA
"Utah","linear_increase_sd","Past",2020-08-13,"combined_trend",NA,NA,NA,0.337324559034015,NA,NA,NA,NA
"Utah","return_normal","Past",2020-08-13,"combined_trend",NA,NA,NA,0.337324559034015,NA,NA,NA,NA
"Utah","status_quo","Past",2020-08-13,"combined_trend",NA,NA,NA,0.337324559034015,NA,NA,NA,NA
"Utah","linear_increase_sd","Past",2020-08-13,"cumulative_all_infections",133726,133726,133726,133760,133776,133778,133778,133778
"Utah","return_normal","Past",2020-08-13,"cumulative_all_infections",133726,133726,133726,133760,133776,133778,133778,133778
"Utah","status_quo","Past",2020-08-13,"cumulative_all_infections",133726,133726,133726,133760,133776,133778,133778,133778
"Utah","linear_increase_sd","Past",2020-08-13,"cumulative_cases",42340,42340,42340,42630,42744,42806,42806,42806
"Utah","return_normal","Past",2020-08-13,"cumulative_cases",42340,42340,42340,42630,42744,42806,42806,42806
"Utah","status_quo","Past",2020-08-13,"cumulative_cases",42340,42340,42340,42630,42744,42806,42806,42806
"Utah","linear_increase_sd","Past",2020-08-13,"cumulative_deaths",557,557,557,567,563,581,581,581
"Utah","return_normal","Past",2020-08-13,"cumulative_deaths",557,557,557,567,563,581,581,581
"Utah","status_quo","Past",2020-08-13,"cumulative_deaths",557,557,557,567,563,581,581,581
"Utah","linear_increase_sd","Past",2020-08-13,"cumulative_hosps",4922,4922,4922,4929,4927,4937,4937,4937
"Utah","return_normal","Past",2020-08-13,"cumulative_hosps",4922,4922,4922,4929,4927,4937,4937,4937
"Utah","status_quo","Past",2020-08-13,"cumulative_hosps",4922,4922,4922,4929,4927,4937,4937,4937
"Utah","linear_increase_sd","Past",2020-08-13,"daily_all_infections",856,856,856,872,872,886,886,886
"Utah","return_normal","Past",2020-08-13,"daily_all_infections",856,856,856,872,872,886,886,886
"Utah","status_quo","Past",2020-08-13,"daily_all_infections",856,856,856,872,872,886,886,886
"Utah","linear_increase_sd","Past",2020-08-13,"daily_cases",294,294,294,326,341,343,343,343
"Utah","return_normal","Past",2020-08-13,"daily_cases",294,294,294,326,341,343,343,343
"Utah","status_quo","Past",2020-08-13,"daily_cases",294,294,294,326,341,343,343,343
"Utah","linear_increase_sd","Past",2020-08-13,"daily_deaths",4,4,4,5,4,5,5,5
"Utah","return_normal","Past",2020-08-13,"daily_deaths",4,4,4,5,4,5,5,5
"Utah","status_quo","Past",2020-08-13,"daily_deaths",4,4,4,5,4,5,5,5
"Utah","linear_increase_sd","Past",2020-08-13,"daily_hosps",43,43,43,46,45,48,48,48
"Utah","return_normal","Past",2020-08-13,"daily_hosps",43,43,43,46,45,48,48,48
"Utah","status_quo","Past",2020-08-13,"daily_hosps",43,43,43,46,45,48,48,48
"Utah","linear_increase_sd","Past",2020-08-13,"latent_trend",NA,NA,NA,0.383933362161753,NA,NA,NA,NA
"Utah","return_normal","Past",2020-08-13,"latent_trend",NA,NA,NA,0.383933362161753,NA,NA,NA,NA
"Utah","status_quo","Past",2020-08-13,"latent_trend",NA,NA,NA,0.383933362161753,NA,NA,NA,NA
"Utah","linear_increase_sd","Past",2020-08-13,"mobility_trend",NA,NA,NA,0.878601841566191,NA,NA,NA,NA
"Utah","return_normal","Past",2020-08-13,"mobility_trend",NA,NA,NA,0.878601841566191,NA,NA,NA,NA
"Utah","status_quo","Past",2020-08-13,"mobility_trend",NA,NA,NA,0.878601841566191,NA,NA,NA,NA
"Utah",NA,"Past",2020-08-14,"actual_cumulative_cases",NA,NA,NA,45976,NA,NA,NA,NA
"Utah",NA,"Past",2020-08-14,"actual_cumulative_deaths",NA,NA,NA,365,NA,NA,NA,NA
"Utah",NA,"Past",2020-08-14,"actual_daily_cases",NA,NA,NA,552,NA,NA,NA,NA
"Utah",NA,"Past",2020-08-14,"actual_daily_deaths",NA,NA,NA,7,NA,NA,NA,NA
"Utah","linear_increase_sd","Past",2020-08-14,"combined_trend",NA,NA,NA,0.343871267819877,NA,NA,NA,NA
"Utah","return_normal","Past",2020-08-14,"combined_trend",NA,NA,NA,0.343871267819877,NA,NA,NA,NA
"Utah","status_quo","Past",2020-08-14,"combined_trend",NA,NA,NA,0.343871267819877,NA,NA,NA,NA
"Utah","linear_increase_sd","Past",2020-08-14,"cumulative_all_infections",134601,134601,134601,134636,134636,134670,134670,134670
"Utah","return_normal","Past",2020-08-14,"cumulative_all_infections",134601,134601,134601,134636,134636,134670,134670,134670
"Utah","status_quo","Past",2020-08-14,"cumulative_all_infections",134601,134601,134601,134636,134636,134670,134670,134670
"Utah","linear_increase_sd","Past",2020-08-14,"cumulative_cases",42661,42661,42661,42954,43074,43126,43126,43126
"Utah","return_normal","Past",2020-08-14,"cumulative_cases",42661,42661,42661,42954,43074,43126,43126,43126
"Utah","status_quo","Past",2020-08-14,"cumulative_cases",42661,42661,42661,42954,43074,43126,43126,43126
"Utah","linear_increase_sd","Past",2020-08-14,"cumulative_deaths",562,562,562,572,567,585,585,585
"Utah","return_normal","Past",2020-08-14,"cumulative_deaths",562,562,562,572,567,585,585,585
"Utah","status_quo","Past",2020-08-14,"cumulative_deaths",562,562,562,572,567,585,585,585
"Utah","linear_increase_sd","Past",2020-08-14,"cumulative_hosps",4966,4966,4966,4973,4970,4983,4983,4983
"Utah","return_normal","Past",2020-08-14,"cumulative_hosps",4966,4966,4966,4973,4970,4983,4983,4983
"Utah","status_quo","Past",2020-08-14,"cumulative_hosps",4966,4966,4966,4973,4970,4983,4983,4983
"Utah","linear_increase_sd","Past",2020-08-14,"daily_all_infections",860,860,860,876,875,892,892,892
"Utah","return_normal","Past",2020-08-14,"daily_all_infections",860,860,860,876,875,892,892,892
"Utah","status_quo","Past",2020-08-14,"daily_all_infections",860,860,860,876,875,892,892,892
"Utah","linear_increase_sd","Past",2020-08-14,"daily_cases",320,320,320,324,321,330,330,330
"Utah","return_normal","Past",2020-08-14,"daily_cases",320,320,320,324,321,330,330,330
"Utah","status_quo","Past",2020-08-14,"daily_cases",320,320,320,324,321,330,330,330
"Utah","linear_increase_sd","Past",2020-08-14,"daily_deaths",4,4,4,5,4,5,5,5
"Utah","return_normal","Past",2020-08-14,"daily_deaths",4,4,4,5,4,5,5,5
"Utah","status_quo","Past",2020-08-14,"daily_deaths",4,4,4,5,4,5,5,5
"Utah","linear_increase_sd","Past",2020-08-14,"daily_hosps",43,43,43,45,44,46,46,46
"Utah","return_normal","Past",2020-08-14,"daily_hosps",43,43,43,45,44,46,46,46
"Utah","status_quo","Past",2020-08-14,"daily_hosps",43,43,43,45,44,46,46,46
"Utah","linear_increase_sd","Past",2020-08-14,"latent_trend",NA,NA,NA,0.391535093627979,NA,NA,NA,NA
"Utah","return_normal","Past",2020-08-14,"latent_trend",NA,NA,NA,0.391535093627979,NA,NA,NA,NA
"Utah","status_quo","Past",2020-08-14,"latent_trend",NA,NA,NA,0.391535093627979,NA,NA,NA,NA
"Utah","linear_increase_sd","Past",2020-08-14,"mobility_trend",NA,NA,NA,0.878264230757843,NA,NA,NA,NA
"Utah","return_normal","Past",2020-08-14,"mobility_trend",NA,NA,NA,0.878264230757843,NA,NA,NA,NA
"Utah","status_quo","Past",2020-08-14,"mobility_trend",NA,NA,NA,0.878264230757843,NA,NA,NA,NA
"Utah",NA,"Past",2020-08-15,"actual_cumulative_cases",NA,NA,NA,46321,NA,NA,NA,NA
"Utah",NA,"Past",2020-08-15,"actual_cumulative_deaths",NA,NA,NA,368,NA,NA,NA,NA
"Utah",NA,"Past",2020-08-15,"actual_daily_cases",NA,NA,NA,345,NA,NA,NA,NA
"Utah",NA,"Past",2020-08-15,"actual_daily_deaths",NA,NA,NA,3,NA,NA,NA,NA
"Utah","linear_increase_sd","Past",2020-08-15,"combined_trend",NA,NA,NA,0.350686530867307,NA,NA,NA,NA
"Utah","return_normal","Past",2020-08-15,"combined_trend",NA,NA,NA,0.350686530867307,NA,NA,NA,NA
"Utah","status_quo","Past",2020-08-15,"combined_trend",NA,NA,NA,0.350686530867307,NA,NA,NA,NA
"Utah","linear_increase_sd","Past",2020-08-15,"cumulative_all_infections",135477,135477,135477,135514,135500,135564,135564,135564
"Utah","return_normal","Past",2020-08-15,"cumulative_all_infections",135477,135477,135477,135514,135500,135564,135564,135564
"Utah","status_quo","Past",2020-08-15,"cumulative_all_infections",135477,135477,135477,135514,135500,135564,135564,135564
"Utah","linear_increase_sd","Past",2020-08-15,"cumulative_cases",42978,42978,42978,43274,43381,43463,43463,43463
"Utah","return_normal","Past",2020-08-15,"cumulative_cases",42978,42978,42978,43274,43381,43463,43463,43463
"Utah","status_quo","Past",2020-08-15,"cumulative_cases",42978,42978,42978,43274,43381,43463,43463,43463
"Utah","linear_increase_sd","Past",2020-08-15,"cumulative_deaths",567,567,567,576,571,589,589,589
"Utah","return_normal","Past",2020-08-15,"cumulative_deaths",567,567,567,576,571,589,589,589
"Utah","status_quo","Past",2020-08-15,"cumulative_deaths",567,567,567,576,571,589,589,589
"Utah","linear_increase_sd","Past",2020-08-15,"cumulative_hosps",5011,5011,5011,5017,5012,5027,5027,5027
"Utah","return_normal","Past",2020-08-15,"cumulative_hosps",5011,5011,5011,5017,5012,5027,5027,5027
"Utah","status_quo","Past",2020-08-15,"cumulative_hosps",5011,5011,5011,5017,5012,5027,5027,5027
"Utah","linear_increase_sd","Past",2020-08-15,"daily_all_infections",864,864,864,878,876,894,894,894
"Utah","return_normal","Past",2020-08-15,"daily_all_infections",864,864,864,878,876,894,894,894
"Utah","status_quo","Past",2020-08-15,"daily_all_infections",864,864,864,878,876,894,894,894
"Utah","linear_increase_sd","Past",2020-08-15,"daily_cases",307,307,307,321,317,337,337,337
"Utah","return_normal","Past",2020-08-15,"daily_cases",307,307,307,321,317,337,337,337
"Utah","status_quo","Past",2020-08-15,"daily_cases",307,307,307,321,317,337,337,337
"Utah","linear_increase_sd","Past",2020-08-15,"daily_deaths",4,4,4,5,4,5,5,5
"Utah","return_normal","Past",2020-08-15,"daily_deaths",4,4,4,5,4,5,5,5
"Utah","status_quo","Past",2020-08-15,"daily_deaths",4,4,4,5,4,5,5,5
"Utah","linear_increase_sd","Past",2020-08-15,"daily_hosps",42,42,42,44,44,45,45,45
"Utah","return_normal","Past",2020-08-15,"daily_hosps",42,42,42,44,44,45,45,45
"Utah","status_quo","Past",2020-08-15,"daily_hosps",42,42,42,44,44,45,45,45
"Utah","linear_increase_sd","Past",2020-08-15,"latent_trend",NA,NA,NA,0.399424496909544,NA,NA,NA,NA
"Utah","return_normal","Past",2020-08-15,"latent_trend",NA,NA,NA,0.399424496909544,NA,NA,NA,NA
"Utah","status_quo","Past",2020-08-15,"latent_trend",NA,NA,NA,0.399424496909544,NA,NA,NA,NA
"Utah","linear_increase_sd","Past",2020-08-15,"mobility_trend",NA,NA,NA,0.877979526996127,NA,NA,NA,NA
"Utah","return_normal","Past",2020-08-15,"mobility_trend",NA,NA,NA,0.877979526996127,NA,NA,NA,NA
"Utah","status_quo","Past",2020-08-15,"mobility_trend",NA,NA,NA,0.877979526996127,NA,NA,NA,NA
"Utah",NA,"Past",2020-08-16,"actual_cumulative_cases",NA,NA,NA,46652,NA,NA,NA,NA
"Utah",NA,"Past",2020-08-16,"actual_cumulative_deaths",NA,NA,NA,368,NA,NA,NA,NA
"Utah",NA,"Past",2020-08-16,"actual_daily_cases",NA,NA,NA,331,NA,NA,NA,NA
"Utah",NA,"Past",2020-08-16,"actual_daily_deaths",NA,NA,NA,0,NA,NA,NA,NA
"Utah","linear_increase_sd","Past",2020-08-16,"combined_trend",NA,NA,NA,0.35770826164896,NA,NA,NA,NA
"Utah","return_normal","Past",2020-08-16,"combined_trend",NA,NA,NA,0.35770826164896,NA,NA,NA,NA
"Utah","status_quo","Past",2020-08-16,"combined_trend",NA,NA,NA,0.35770826164896,NA,NA,NA,NA
"Utah","linear_increase_sd","Past",2020-08-16,"cumulative_all_infections",136361,136361,136361,136402,136368,136476,136476,136476
"Utah","return_normal","Past",2020-08-16,"cumulative_all_infections",136361,136361,136361,136402,136368,136476,136476,136476
"Utah","status_quo","Past",2020-08-16,"cumulative_all_infections",136361,136361,136361,136402,136368,136476,136476,136476
"Utah","linear_increase_sd","Past",2020-08-16,"cumulative_cases",43282,43282,43282,43583,43673,43792,43792,43792
"Utah","return_normal","Past",2020-08-16,"cumulative_cases",43282,43282,43282,43583,43673,43792,43792,43792
"Utah","status_quo","Past",2020-08-16,"cumulative_cases",43282,43282,43282,43583,43673,43792,43792,43792
"Utah","linear_increase_sd","Past",2020-08-16,"cumulative_deaths",571,571,571,580,574,593,593,593
"Utah","return_normal","Past",2020-08-16,"cumulative_deaths",571,571,571,580,574,593,593,593
"Utah","status_quo","Past",2020-08-16,"cumulative_deaths",571,571,571,580,574,593,593,593
"Utah","linear_increase_sd","Past",2020-08-16,"cumulative_hosps",5052,5052,5052,5059,5054,5070,5070,5070
"Utah","return_normal","Past",2020-08-16,"cumulative_hosps",5052,5052,5052,5059,5054,5070,5070,5070
"Utah","status_quo","Past",2020-08-16,"cumulative_hosps",5052,5052,5052,5059,5054,5070,5070,5070
"Utah","linear_increase_sd","Past",2020-08-16,"daily_all_infections",868,868,868,888,884,912,912,912
"Utah","return_normal","Past",2020-08-16,"daily_all_infections",868,868,868,888,884,912,912,912
"Utah","status_quo","Past",2020-08-16,"daily_all_infections",868,868,868,888,884,912,912,912
"Utah","linear_increase_sd","Past",2020-08-16,"daily_cases",292,292,292,309,304,329,329,329
"Utah","return_normal","Past",2020-08-16,"daily_cases",292,292,292,309,304,329,329,329
"Utah","status_quo","Past",2020-08-16,"daily_cases",292,292,292,309,304,329,329,329
"Utah","linear_increase_sd","Past",2020-08-16,"daily_deaths",3,3,3,4,4,4,4,4
"Utah","return_normal","Past",2020-08-16,"daily_deaths",3,3,3,4,4,4,4,4
"Utah","status_quo","Past",2020-08-16,"daily_deaths",3,3,3,4,4,4,4,4
"Utah","linear_increase_sd","Past",2020-08-16,"daily_hosps",40,40,40,42,43,43,43,43
"Utah","return_normal","Past",2020-08-16,"daily_hosps",40,40,40,42,43,43,43,43
"Utah","status_quo","Past",2020-08-16,"daily_hosps",40,40,40,42,43,43,43,43
"Utah","linear_increase_sd","Past",2020-08-16,"latent_trend",NA,NA,NA,0.407559717914991,NA,NA,NA,NA
"Utah","return_normal","Past",2020-08-16,"latent_trend",NA,NA,NA,0.407559717914991,NA,NA,NA,NA
"Utah","status_quo","Past",2020-08-16,"latent_trend",NA,NA,NA,0.407559717914991,NA,NA,NA,NA
"Utah","linear_increase_sd","Past",2020-08-16,"mobility_trend",NA,NA,NA,0.877683063181359,NA,NA,NA,NA
"Utah","return_normal","Past",2020-08-16,"mobility_trend",NA,NA,NA,0.877683063181359,NA,NA,NA,NA
"Utah","status_quo","Past",2020-08-16,"mobility_trend",NA,NA,NA,0.877683063181359,NA,NA,NA,NA
"Utah",NA,"Past",2020-08-17,"actual_cumulative_cases",NA,NA,NA,46894,NA,NA,NA,NA
"Utah",NA,"Past",2020-08-17,"actual_cumulative_deaths",NA,NA,NA,369,NA,NA,NA,NA
"Utah",NA,"Past",2020-08-17,"actual_daily_cases",NA,NA,NA,242,NA,NA,NA,NA
"Utah",NA,"Past",2020-08-17,"actual_daily_deaths",NA,NA,NA,1,NA,NA,NA,NA
"Utah","linear_increase_sd","Past",2020-08-17,"combined_trend",NA,NA,NA,0.364870824819559,NA,NA,NA,NA
"Utah","return_normal","Past",2020-08-17,"combined_trend",NA,NA,NA,0.364870824819559,NA,NA,NA,NA
"Utah","status_quo","Past",2020-08-17,"combined_trend",NA,NA,NA,0.364870824819559,NA,NA,NA,NA
"Utah","linear_increase_sd","Past",2020-08-17,"cumulative_all_infections",137252,137252,137252,137300,137254,137394,137394,137394
"Utah","return_normal","Past",2020-08-17,"cumulative_all_infections",137252,137252,137252,137300,137254,137394,137394,137394
"Utah","status_quo","Past",2020-08-17,"cumulative_all_infections",137252,137252,137252,137300,137254,137394,137394,137394
"Utah","linear_increase_sd","Past",2020-08-17,"cumulative_cases",43585,43585,43585,43897,44001,44104,44104,44104
"Utah","return_normal","Past",2020-08-17,"cumulative_cases",43585,43585,43585,43897,44001,44104,44104,44104
"Utah","status_quo","Past",2020-08-17,"cumulative_cases",43585,43585,43585,43897,44001,44104,44104,44104
"Utah","linear_increase_sd","Past",2020-08-17,"cumulative_deaths",575,575,575,584,578,597,597,597
"Utah","return_normal","Past",2020-08-17,"cumulative_deaths",575,575,575,584,578,597,597,597
"Utah","status_quo","Past",2020-08-17,"cumulative_deaths",575,575,575,584,578,597,597,597
"Utah","linear_increase_sd","Past",2020-08-17,"cumulative_hosps",5091,5091,5091,5099,5095,5111,5111,5111
"Utah","return_normal","Past",2020-08-17,"cumulative_hosps",5091,5091,5091,5099,5095,5111,5111,5111
"Utah","status_quo","Past",2020-08-17,"cumulative_hosps",5091,5091,5091,5099,5095,5111,5111,5111
"Utah","linear_increase_sd","Past",2020-08-17,"daily_all_infections",886,886,886,899,891,918,918,918
"Utah","return_normal","Past",2020-08-17,"daily_all_infections",886,886,886,899,891,918,918,918
"Utah","status_quo","Past",2020-08-17,"daily_all_infections",886,886,886,899,891,918,918,918
"Utah","linear_increase_sd","Past",2020-08-17,"daily_cases",303,303,303,315,312,328,328,328
"Utah","return_normal","Past",2020-08-17,"daily_cases",303,303,303,315,312,328,328,328
"Utah","status_quo","Past",2020-08-17,"daily_cases",303,303,303,315,312,328,328,328
"Utah","linear_increase_sd","Past",2020-08-17,"daily_deaths",4,4,4,4,4,4,4,4
"Utah","return_normal","Past",2020-08-17,"daily_deaths",4,4,4,4,4,4,4,4
"Utah","status_quo","Past",2020-08-17,"daily_deaths",4,4,4,4,4,4,4,4
"Utah","linear_increase_sd","Past",2020-08-17,"daily_hosps",39,39,39,41,41,41,41,41
"Utah","return_normal","Past",2020-08-17,"daily_hosps",39,39,39,41,41,41,41,41
"Utah","status_quo","Past",2020-08-17,"daily_hosps",39,39,39,41,41,41,41,41
"Utah","linear_increase_sd","Past",2020-08-17,"latent_trend",NA,NA,NA,0.415897177960245,NA,NA,NA,NA
"Utah","return_normal","Past",2020-08-17,"latent_trend",NA,NA,NA,0.415897177960245,NA,NA,NA,NA
"Utah","status_quo","Past",2020-08-17,"latent_trend",NA,NA,NA,0.415897177960245,NA,NA,NA,NA
"Utah","linear_increase_sd","Past",2020-08-17,"mobility_trend",NA,NA,NA,0.877310172213856,NA,NA,NA,NA
"Utah","return_normal","Past",2020-08-17,"mobility_trend",NA,NA,NA,0.877310172213856,NA,NA,NA,NA
"Utah","status_quo","Past",2020-08-17,"mobility_trend",NA,NA,NA,0.877310172213856,NA,NA,NA,NA
"Utah",NA,"Past",2020-08-18,"actual_cumulative_cases",NA,NA,NA,47157,NA,NA,NA,NA
"Utah",NA,"Past",2020-08-18,"actual_cumulative_deaths",NA,NA,NA,374,NA,NA,NA,NA
"Utah",NA,"Past",2020-08-18,"actual_daily_cases",NA,NA,NA,263,NA,NA,NA,NA
"Utah",NA,"Past",2020-08-18,"actual_daily_deaths",NA,NA,NA,5,NA,NA,NA,NA
"Utah","linear_increase_sd","Past",2020-08-18,"combined_trend",NA,NA,NA,0.372105013277727,NA,NA,NA,NA
"Utah","return_normal","Past",2020-08-18,"combined_trend",NA,NA,NA,0.372105013277727,NA,NA,NA,NA
"Utah","status_quo","Past",2020-08-18,"combined_trend",NA,NA,NA,0.372105013277727,NA,NA,NA,NA
"Utah","linear_increase_sd","Past",2020-08-18,"cumulative_all_infections",138148,138148,138148,138209,138151,138326,138326,138326
"Utah","return_normal","Past",2020-08-18,"cumulative_all_infections",138148,138148,138148,138209,138151,138326,138326,138326
"Utah","status_quo","Past",2020-08-18,"cumulative_all_infections",138148,138148,138148,138209,138151,138326,138326,138326
"Utah","linear_increase_sd","Past",2020-08-18,"cumulative_cases",43909,43909,43909,44231,44342,44442,44442,44442
"Utah","return_normal","Past",2020-08-18,"cumulative_cases",43909,43909,43909,44231,44342,44442,44442,44442
"Utah","status_quo","Past",2020-08-18,"cumulative_cases",43909,43909,43909,44231,44342,44442,44442,44442
"Utah","linear_increase_sd","Past",2020-08-18,"cumulative_deaths",579,579,579,588,582,601,601,601
"Utah","return_normal","Past",2020-08-18,"cumulative_deaths",579,579,579,588,582,601,601,601
"Utah","status_quo","Past",2020-08-18,"cumulative_deaths",579,579,579,588,582,601,601,601
"Utah","linear_increase_sd","Past",2020-08-18,"cumulative_hosps",5130,5130,5130,5139,5135,5152,5152,5152
"Utah","return_normal","Past",2020-08-18,"cumulative_hosps",5130,5130,5130,5139,5135,5152,5152,5152
"Utah","status_quo","Past",2020-08-18,"cumulative_hosps",5130,5130,5130,5139,5135,5152,5152,5152
"Utah","linear_increase_sd","Past",2020-08-18,"daily_all_infections",894,894,894,909,899,932,932,932
"Utah","return_normal","Past",2020-08-18,"daily_all_infections",894,894,894,909,899,932,932,932
"Utah","status_quo","Past",2020-08-18,"daily_all_infections",894,894,894,909,899,932,932,932
"Utah","linear_increase_sd","Past",2020-08-18,"daily_cases",324,324,324,335,338,341,341,341
"Utah","return_normal","Past",2020-08-18,"daily_cases",324,324,324,335,338,341,341,341
"Utah","status_quo","Past",2020-08-18,"daily_cases",324,324,324,335,338,341,341,341
"Utah","linear_increase_sd","Past",2020-08-18,"daily_deaths",4,4,4,4,4,4,4,4
"Utah","return_normal","Past",2020-08-18,"daily_deaths",4,4,4,4,4,4,4,4
"Utah","status_quo","Past",2020-08-18,"daily_deaths",4,4,4,4,4,4,4,4
"Utah","linear_increase_sd","Past",2020-08-18,"daily_hosps",39,39,39,40,40,41,41,41
"Utah","return_normal","Past",2020-08-18,"daily_hosps",39,39,39,40,40,41,41,41
"Utah","status_quo","Past",2020-08-18,"daily_hosps",39,39,39,40,40,41,41,41
"Utah","linear_increase_sd","Past",2020-08-18,"latent_trend",NA,NA,NA,0.42439168736976,NA,NA,NA,NA
"Utah","return_normal","Past",2020-08-18,"latent_trend",NA,NA,NA,0.42439168736976,NA,NA,NA,NA
"Utah","status_quo","Past",2020-08-18,"latent_trend",NA,NA,NA,0.42439168736976,NA,NA,NA,NA
"Utah","linear_increase_sd","Past",2020-08-18,"mobility_trend",NA,NA,NA,0.876796186993934,NA,NA,NA,NA
"Utah","return_normal","Past",2020-08-18,"mobility_trend",NA,NA,NA,0.876796186993934,NA,NA,NA,NA
"Utah","status_quo","Past",2020-08-18,"mobility_trend",NA,NA,NA,0.876796186993934,NA,NA,NA,NA
"Utah",NA,"Past",2020-08-19,"actual_cumulative_cases",NA,NA,NA,47521,NA,NA,NA,NA
"Utah",NA,"Past",2020-08-19,"actual_cumulative_deaths",NA,NA,NA,382,NA,NA,NA,NA
"Utah",NA,"Past",2020-08-19,"actual_daily_cases",NA,NA,NA,364,NA,NA,NA,NA
"Utah",NA,"Past",2020-08-19,"actual_daily_deaths",NA,NA,NA,8,NA,NA,NA,NA
"Utah","linear_increase_sd","Past",2020-08-19,"combined_trend",NA,NA,NA,0.379336873951948,NA,NA,NA,NA
"Utah","return_normal","Past",2020-08-19,"combined_trend",NA,NA,NA,0.379336873951948,NA,NA,NA,NA
"Utah","status_quo","Past",2020-08-19,"combined_trend",NA,NA,NA,0.379336873951948,NA,NA,NA,NA
"Utah","linear_increase_sd","Past",2020-08-19,"cumulative_all_infections",139052,139052,139052,139135,139067,139284,139284,139284
"Utah","return_normal","Past",2020-08-19,"cumulative_all_infections",139052,139052,139052,139135,139067,139284,139284,139284
"Utah","status_quo","Past",2020-08-19,"cumulative_all_infections",139052,139052,139052,139135,139067,139284,139284,139284
"Utah","linear_increase_sd","Past",2020-08-19,"cumulative_cases",44241,44241,44241,44551,44653,44759,44759,44759
"Utah","return_normal","Past",2020-08-19,"cumulative_cases",44241,44241,44241,44551,44653,44759,44759,44759
"Utah","status_quo","Past",2020-08-19,"cumulative_cases",44241,44241,44241,44551,44653,44759,44759,44759
"Utah","linear_increase_sd","Past",2020-08-19,"cumulative_deaths",582,582,582,591,586,605,605,605
"Utah","return_normal","Past",2020-08-19,"cumulative_deaths",582,582,582,591,586,605,605,605
"Utah","status_quo","Past",2020-08-19,"cumulative_deaths",582,582,582,591,586,605,605,605
"Utah","linear_increase_sd","Past",2020-08-19,"cumulative_hosps",5169,5169,5169,5179,5176,5192,5192,5192
"Utah","return_normal","Past",2020-08-19,"cumulative_hosps",5169,5169,5169,5179,5176,5192,5192,5192
"Utah","status_quo","Past",2020-08-19,"cumulative_hosps",5169,5169,5169,5179,5176,5192,5192,5192
"Utah","linear_increase_sd","Past",2020-08-19,"daily_all_infections",904,904,904,926,916,958,958,958
"Utah","return_normal","Past",2020-08-19,"daily_all_infections",904,904,904,926,916,958,958,958
"Utah","status_quo","Past",2020-08-19,"daily_all_infections",904,904,904,926,916,958,958,958
"Utah","linear_increase_sd","Past",2020-08-19,"daily_cases",311,311,311,320,317,332,332,332
"Utah","return_normal","Past",2020-08-19,"daily_cases",311,311,311,320,317,332,332,332
"Utah","status_quo","Past",2020-08-19,"daily_cases",311,311,311,320,317,332,332,332
"Utah","linear_increase_sd","Past",2020-08-19,"daily_deaths",3,3,3,4,4,4,4,4
"Utah","return_normal","Past",2020-08-19,"daily_deaths",3,3,3,4,4,4,4,4
"Utah","status_quo","Past",2020-08-19,"daily_deaths",3,3,3,4,4,4,4,4
"Utah","linear_increase_sd","Past",2020-08-19,"daily_hosps",39,39,39,40,40,41,41,41
"Utah","return_normal","Past",2020-08-19,"daily_hosps",39,39,39,40,40,41,41,41
"Utah","status_quo","Past",2020-08-19,"daily_hosps",39,39,39,40,40,41,41,41
"Utah","linear_increase_sd","Past",2020-08-19,"latent_trend",NA,NA,NA,0.432996610040231,NA,NA,NA,NA
"Utah","return_normal","Past",2020-08-19,"latent_trend",NA,NA,NA,0.432996610040231,NA,NA,NA,NA
"Utah","status_quo","Past",2020-08-19,"latent_trend",NA,NA,NA,0.432996610040231,NA,NA,NA,NA
"Utah","linear_increase_sd","Past",2020-08-19,"mobility_trend",NA,NA,NA,0.876073542277161,NA,NA,NA,NA
"Utah","return_normal","Past",2020-08-19,"mobility_trend",NA,NA,NA,0.876073542277161,NA,NA,NA,NA
"Utah","status_quo","Past",2020-08-19,"mobility_trend",NA,NA,NA,0.876073542277161,NA,NA,NA,NA
"Utah",NA,"Past",2020-08-20,"actual_cumulative_cases",NA,NA,NA,47982,NA,NA,NA,NA
"Utah",NA,"Past",2020-08-20,"actual_cumulative_deaths",NA,NA,NA,386,NA,NA,NA,NA
"Utah",NA,"Past",2020-08-20,"actual_daily_cases",NA,NA,NA,461,NA,NA,NA,NA
"Utah",NA,"Past",2020-08-20,"actual_daily_deaths",NA,NA,NA,4,NA,NA,NA,NA
"Utah","linear_increase_sd","Past",2020-08-20,"combined_trend",NA,NA,NA,0.386483923136635,NA,NA,NA,NA
"Utah","return_normal","Past",2020-08-20,"combined_trend",NA,NA,NA,0.386483923136635,NA,NA,NA,NA
"Utah","status_quo","Past",2020-08-20,"combined_trend",NA,NA,NA,0.386483923136635,NA,NA,NA,NA
"Utah","linear_increase_sd","Past",2020-08-20,"cumulative_all_infections",139976,139976,139976,140075,139995,140253,140253,140253
"Utah","return_normal","Past",2020-08-20,"cumulative_all_infections",139976,139976,139976,140075,139995,140253,140253,140253
"Utah","status_quo","Past",2020-08-20,"cumulative_all_infections",139976,139976,139976,140075,139995,140253,140253,140253
"Utah","linear_increase_sd","Past",2020-08-20,"cumulative_cases",44561,44561,44561,44872,44967,45086,45086,45086
"Utah","return_normal","Past",2020-08-20,"cumulative_cases",44561,44561,44561,44872,44967,45086,45086,45086
"Utah","status_quo","Past",2020-08-20,"cumulative_cases",44561,44561,44561,44872,44967,45086,45086,45086
"Utah","linear_increase_sd","Past",2020-08-20,"cumulative_deaths",585,585,585,594,589,608,608,608
"Utah","return_normal","Past",2020-08-20,"cumulative_deaths",585,585,585,594,589,608,608,608
"Utah","status_quo","Past",2020-08-20,"cumulative_deaths",585,585,585,594,589,608,608,608
"Utah","linear_increase_sd","Past",2020-08-20,"cumulative_hosps",5208,5208,5208,5220,5217,5233,5233,5233
"Utah","return_normal","Past",2020-08-20,"cumulative_hosps",5208,5208,5208,5220,5217,5233,5233,5233
"Utah","status_quo","Past",2020-08-20,"cumulative_hosps",5208,5208,5208,5220,5217,5233,5233,5233
"Utah","linear_increase_sd","Past",2020-08-20,"daily_all_infections",924,924,924,941,928,969,969,969
"Utah","return_normal","Past",2020-08-20,"daily_all_infections",924,924,924,941,928,969,969,969
"Utah","status_quo","Past",2020-08-20,"daily_all_infections",924,924,924,941,928,969,969,969
"Utah","linear_increase_sd","Past",2020-08-20,"daily_cases",314,314,314,321,320,327,327,327
"Utah","return_normal","Past",2020-08-20,"daily_cases",314,314,314,321,320,327,327,327
"Utah","status_quo","Past",2020-08-20,"daily_cases",314,314,314,321,320,327,327,327
"Utah","linear_increase_sd","Past",2020-08-20,"daily_deaths",3,3,3,3,3,3,3,3
"Utah","return_normal","Past",2020-08-20,"daily_deaths",3,3,3,3,3,3,3,3
"Utah","status_quo","Past",2020-08-20,"daily_deaths",3,3,3,3,3,3,3,3
"Utah","linear_increase_sd","Past",2020-08-20,"daily_hosps",39,39,39,41,41,41,41,41
"Utah","return_normal","Past",2020-08-20,"daily_hosps",39,39,39,41,41,41,41,41
"Utah","status_quo","Past",2020-08-20,"daily_hosps",39,39,39,41,41,41,41,41
"Utah","linear_increase_sd","Past",2020-08-20,"latent_trend",NA,NA,NA,0.441664071841065,NA,NA,NA,NA
"Utah","return_normal","Past",2020-08-20,"latent_trend",NA,NA,NA,0.441664071841065,NA,NA,NA,NA
"Utah","status_quo","Past",2020-08-20,"latent_trend",NA,NA,NA,0.441664071841065,NA,NA,NA,NA
"Utah","linear_increase_sd","Past",2020-08-20,"mobility_trend",NA,NA,NA,0.875063080240117,NA,NA,NA,NA
"Utah","return_normal","Past",2020-08-20,"mobility_trend",NA,NA,NA,0.875063080240117,NA,NA,NA,NA
"Utah","status_quo","Past",2020-08-20,"mobility_trend",NA,NA,NA,0.875063080240117,NA,NA,NA,NA
"Utah",NA,"Past",2020-08-21,"actual_cumulative_cases",NA,NA,NA,48445,NA,NA,NA,NA
"Utah",NA,"Past",2020-08-21,"actual_cumulative_deaths",NA,NA,NA,388,NA,NA,NA,NA
"Utah",NA,"Past",2020-08-21,"actual_daily_cases",NA,NA,NA,463,NA,NA,NA,NA
"Utah",NA,"Past",2020-08-21,"actual_daily_deaths",NA,NA,NA,2,NA,NA,NA,NA
"Utah","linear_increase_sd","Past",2020-08-21,"combined_trend",NA,NA,NA,0.393458834048224,NA,NA,NA,NA
"Utah","return_normal","Past",2020-08-21,"combined_trend",NA,NA,NA,0.393458834048224,NA,NA,NA,NA
"Utah","status_quo","Past",2020-08-21,"combined_trend",NA,NA,NA,0.393458834048224,NA,NA,NA,NA
"Utah","linear_increase_sd","Past",2020-08-21,"cumulative_all_infections",140919,140919,140919,141036,140938,141250,141250,141250
"Utah","return_normal","Past",2020-08-21,"cumulative_all_infections",140919,140919,140919,141036,140938,141250,141250,141250
"Utah","status_quo","Past",2020-08-21,"cumulative_all_infections",140919,140919,140919,141036,140938,141250,141250,141250
"Utah","linear_increase_sd","Past",2020-08-21,"cumulative_cases",44884,44884,44884,45194,45284,45414,45414,45414
"Utah","return_normal","Past",2020-08-21,"cumulative_cases",44884,44884,44884,45194,45284,45414,45414,45414
"Utah","status_quo","Past",2020-08-21,"cumulative_cases",44884,44884,44884,45194,45284,45414,45414,45414
"Utah","linear_increase_sd","Past",2020-08-21,"cumulative_deaths",588,588,588,597,592,611,611,611
"Utah","return_normal","Past",2020-08-21,"cumulative_deaths",588,588,588,597,592,611,611,611
"Utah","status_quo","Past",2020-08-21,"cumulative_deaths",588,588,588,597,592,611,611,611
"Utah","linear_increase_sd","Past",2020-08-21,"cumulative_hosps",5247,5247,5247,5259,5257,5273,5273,5273
"Utah","return_normal","Past",2020-08-21,"cumulative_hosps",5247,5247,5247,5259,5257,5273,5273,5273
"Utah","status_quo","Past",2020-08-21,"cumulative_hosps",5247,5247,5247,5259,5257,5273,5273,5273
"Utah","linear_increase_sd","Past",2020-08-21,"daily_all_infections",943,943,943,961,943,997,997,997
"Utah","return_normal","Past",2020-08-21,"daily_all_infections",943,943,943,961,943,997,997,997
"Utah","status_quo","Past",2020-08-21,"daily_all_infections",943,943,943,961,943,997,997,997
"Utah","linear_increase_sd","Past",2020-08-21,"daily_cases",317,317,317,323,323,328,328,328
"Utah","return_normal","Past",2020-08-21,"daily_cases",317,317,317,323,323,328,328,328
"Utah","status_quo","Past",2020-08-21,"daily_cases",317,317,317,323,323,328,328,328
"Utah","linear_increase_sd","Past",2020-08-21,"daily_deaths",3,3,3,3,3,3,3,3
"Utah","return_normal","Past",2020-08-21,"daily_deaths",3,3,3,3,3,3,3,3
"Utah","status_quo","Past",2020-08-21,"daily_deaths",3,3,3,3,3,3,3,3
"Utah","linear_increase_sd","Past",2020-08-21,"daily_hosps",39,39,39,40,40,40,40,40
"Utah","return_normal","Past",2020-08-21,"daily_hosps",39,39,39,40,40,40,40,40
"Utah","status_quo","Past",2020-08-21,"daily_hosps",39,39,39,40,40,40,40,40
"Utah","linear_increase_sd","Past",2020-08-21,"latent_trend",NA,NA,NA,0.450345204066802,NA,NA,NA,NA
"Utah","return_normal","Past",2020-08-21,"latent_trend",NA,NA,NA,0.450345204066802,NA,NA,NA,NA
"Utah","status_quo","Past",2020-08-21,"latent_trend",NA,NA,NA,0.450345204066802,NA,NA,NA,NA
"Utah","linear_increase_sd","Past",2020-08-21,"mobility_trend",NA,NA,NA,0.873682744914632,NA,NA,NA,NA
"Utah","return_normal","Past",2020-08-21,"mobility_trend",NA,NA,NA,0.873682744914632,NA,NA,NA,NA
"Utah","status_quo","Past",2020-08-21,"mobility_trend",NA,NA,NA,0.873682744914632,NA,NA,NA,NA
"Utah",NA,"Past",2020-08-22,"actual_cumulative_cases",NA,NA,NA,48814,NA,NA,NA,NA
"Utah",NA,"Past",2020-08-22,"actual_cumulative_deaths",NA,NA,NA,390,NA,NA,NA,NA
"Utah",NA,"Past",2020-08-22,"actual_daily_cases",NA,NA,NA,369,NA,NA,NA,NA
"Utah",NA,"Past",2020-08-22,"actual_daily_deaths",NA,NA,NA,2,NA,NA,NA,NA
"Utah","linear_increase_sd","Past",2020-08-22,"combined_trend",NA,NA,NA,0.400171010978793,NA,NA,NA,NA
"Utah","return_normal","Past",2020-08-22,"combined_trend",NA,NA,NA,0.400171010978793,NA,NA,NA,NA
"Utah","status_quo","Past",2020-08-22,"combined_trend",NA,NA,NA,0.400171010978793,NA,NA,NA,NA
"Utah","linear_increase_sd","Past",2020-08-22,"cumulative_all_infections",141883,141883,141883,142019,141895,142277,142277,142277
"Utah","return_normal","Past",2020-08-22,"cumulative_all_infections",141883,141883,141883,142019,141895,142277,142277,142277
"Utah","status_quo","Past",2020-08-22,"cumulative_all_infections",141883,141883,141883,142019,141895,142277,142277,142277
"Utah","linear_increase_sd","Past",2020-08-22,"cumulative_cases",45232,45232,45232,45523,45587,45750,45750,45750
"Utah","return_normal","Past",2020-08-22,"cumulative_cases",45232,45232,45232,45523,45587,45750,45750,45750
"Utah","status_quo","Past",2020-08-22,"cumulative_cases",45232,45232,45232,45523,45587,45750,45750,45750
"Utah","linear_increase_sd","Past",2020-08-22,"cumulative_deaths",592,592,592,601,596,615,615,615
"Utah","return_normal","Past",2020-08-22,"cumulative_deaths",592,592,592,601,596,615,615,615
"Utah","status_quo","Past",2020-08-22,"cumulative_deaths",592,592,592,601,596,615,615,615
"Utah","linear_increase_sd","Past",2020-08-22,"cumulative_hosps",5285,5285,5285,5298,5296,5313,5313,5313
"Utah","return_normal","Past",2020-08-22,"cumulative_hosps",5285,5285,5285,5298,5296,5313,5313,5313
"Utah","status_quo","Past",2020-08-22,"cumulative_hosps",5285,5285,5285,5298,5296,5313,5313,5313
"Utah","linear_increase_sd","Past",2020-08-22,"daily_all_infections",957,957,957,983,964,1027,1027,1027
"Utah","return_normal","Past",2020-08-22,"daily_all_infections",957,957,957,983,964,1027,1027,1027
"Utah","status_quo","Past",2020-08-22,"daily_all_infections",957,957,957,983,964,1027,1027,1027
"Utah","linear_increase_sd","Past",2020-08-22,"daily_cases",303,303,303,329,336,348,348,348
"Utah","return_normal","Past",2020-08-22,"daily_cases",303,303,303,329,336,348,348,348
"Utah","status_quo","Past",2020-08-22,"daily_cases",303,303,303,329,336,348,348,348
"Utah","linear_increase_sd","Past",2020-08-22,"daily_deaths",4,4,4,4,4,4,4,4
"Utah","return_normal","Past",2020-08-22,"daily_deaths",4,4,4,4,4,4,4,4
"Utah","status_quo","Past",2020-08-22,"daily_deaths",4,4,4,4,4,4,4,4
"Utah","linear_increase_sd","Past",2020-08-22,"daily_hosps",38,38,38,39,39,40,40,40
"Utah","return_normal","Past",2020-08-22,"daily_hosps",38,38,38,39,39,40,40,40
"Utah","status_quo","Past",2020-08-22,"daily_hosps",38,38,38,39,39,40,40,40
"Utah","linear_increase_sd","Past",2020-08-22,"latent_trend",NA,NA,NA,0.458990411780426,NA,NA,NA,NA
"Utah","return_normal","Past",2020-08-22,"latent_trend",NA,NA,NA,0.458990411780426,NA,NA,NA,NA
"Utah","status_quo","Past",2020-08-22,"latent_trend",NA,NA,NA,0.458990411780426,NA,NA,NA,NA
"Utah","linear_increase_sd","Past",2020-08-22,"mobility_trend",NA,NA,NA,0.871850480332536,NA,NA,NA,NA
"Utah","return_normal","Past",2020-08-22,"mobility_trend",NA,NA,NA,0.871850480332536,NA,NA,NA,NA
"Utah","status_quo","Past",2020-08-22,"mobility_trend",NA,NA,NA,0.871850480332536,NA,NA,NA,NA
"Utah",NA,"Past",2020-08-23,"actual_cumulative_cases",NA,NA,NA,49115,NA,NA,NA,NA
"Utah",NA,"Past",2020-08-23,"actual_cumulative_deaths",NA,NA,NA,390,NA,NA,NA,NA
"Utah",NA,"Past",2020-08-23,"actual_daily_cases",NA,NA,NA,301,NA,NA,NA,NA
"Utah",NA,"Past",2020-08-23,"actual_daily_deaths",NA,NA,NA,0,NA,NA,NA,NA
"Utah","linear_increase_sd","Past",2020-08-23,"combined_trend",NA,NA,NA,0.406535200771275,NA,NA,NA,NA
"Utah","return_normal","Past",2020-08-23,"combined_trend",NA,NA,NA,0.406535200771275,NA,NA,NA,NA
"Utah","status_quo","Past",2020-08-23,"combined_trend",NA,NA,NA,0.406535200771275,NA,NA,NA,NA
"Utah","linear_increase_sd","Past",2020-08-23,"cumulative_all_infections",142864,142864,142864,143023,142872,143331,143331,143331
"Utah","return_normal","Past",2020-08-23,"cumulative_all_infections",142864,142864,142864,143023,142872,143331,143331,143331
"Utah","status_quo","Past",2020-08-23,"cumulative_all_infections",142864,142864,142864,143023,142872,143331,143331,143331
"Utah","linear_increase_sd","Past",2020-08-23,"cumulative_cases",45550,45550,45550,45850,45905,46094,46094,46094
"Utah","return_normal","Past",2020-08-23,"cumulative_cases",45550,45550,45550,45850,45905,46094,46094,46094
"Utah","status_quo","Past",2020-08-23,"cumulative_cases",45550,45550,45550,45850,45905,46094,46094,46094
"Utah","linear_increase_sd","Past",2020-08-23,"cumulative_deaths",595,595,595,604,599,618,618,618
"Utah","return_normal","Past",2020-08-23,"cumulative_deaths",595,595,595,604,599,618,618,618
"Utah","status_quo","Past",2020-08-23,"cumulative_deaths",595,595,595,604,599,618,618,618
"Utah","linear_increase_sd","Past",2020-08-23,"cumulative_hosps",5324,5324,5324,5338,5335,5353,5353,5353
"Utah","return_normal","Past",2020-08-23,"cumulative_hosps",5324,5324,5324,5338,5335,5353,5353,5353
"Utah","status_quo","Past",2020-08-23,"cumulative_hosps",5324,5324,5324,5338,5335,5353,5353,5353
"Utah","linear_increase_sd","Past",2020-08-23,"daily_all_infections",977,977,977,1004,981,1054,1054,1054
"Utah","return_normal","Past",2020-08-23,"daily_all_infections",977,977,977,1004,981,1054,1054,1054
"Utah","status_quo","Past",2020-08-23,"daily_all_infections",977,977,977,1004,981,1054,1054,1054
"Utah","linear_increase_sd","Past",2020-08-23,"daily_cases",318,318,318,327,318,344,344,344
"Utah","return_normal","Past",2020-08-23,"daily_cases",318,318,318,327,318,344,344,344
"Utah","status_quo","Past",2020-08-23,"daily_cases",318,318,318,327,318,344,344,344
"Utah","linear_increase_sd","Past",2020-08-23,"daily_deaths",3,3,3,3,3,3,3,3
"Utah","return_normal","Past",2020-08-23,"daily_deaths",3,3,3,3,3,3,3,3
"Utah","status_quo","Past",2020-08-23,"daily_deaths",3,3,3,3,3,3,3,3
"Utah","linear_increase_sd","Past",2020-08-23,"daily_hosps",39,39,39,40,39,40,40,40
"Utah","return_normal","Past",2020-08-23,"daily_hosps",39,39,39,40,39,40,40,40
"Utah","status_quo","Past",2020-08-23,"daily_hosps",39,39,39,40,39,40,40,40
"Utah","linear_increase_sd","Past",2020-08-23,"latent_trend",NA,NA,NA,0.467549655888075,NA,NA,NA,NA
"Utah","return_normal","Past",2020-08-23,"latent_trend",NA,NA,NA,0.467549655888075,NA,NA,NA,NA
"Utah","status_quo","Past",2020-08-23,"latent_trend",NA,NA,NA,0.467549655888075,NA,NA,NA,NA
"Utah","linear_increase_sd","Past",2020-08-23,"mobility_trend",NA,NA,NA,0.869501657527887,NA,NA,NA,NA
"Utah","return_normal","Past",2020-08-23,"mobility_trend",NA,NA,NA,0.869501657527887,NA,NA,NA,NA
"Utah","status_quo","Past",2020-08-23,"mobility_trend",NA,NA,NA,0.869501657527887,NA,NA,NA,NA
"Utah",NA,"Past",2020-08-24,"actual_cumulative_cases",NA,NA,NA,49364,NA,NA,NA,NA
"Utah",NA,"Past",2020-08-24,"actual_cumulative_deaths",NA,NA,NA,395,NA,NA,NA,NA
"Utah",NA,"Past",2020-08-24,"actual_daily_cases",NA,NA,NA,249,NA,NA,NA,NA
"Utah",NA,"Past",2020-08-24,"actual_daily_deaths",NA,NA,NA,5,NA,NA,NA,NA
"Utah","linear_increase_sd","Past",2020-08-24,"combined_trend",NA,NA,NA,0.41249765820171,NA,NA,NA,NA
"Utah","return_normal","Past",2020-08-24,"combined_trend",NA,NA,NA,0.41249765820171,NA,NA,NA,NA
"Utah","status_quo","Past",2020-08-24,"combined_trend",NA,NA,NA,0.41249765820171,NA,NA,NA,NA
"Utah","linear_increase_sd","Past",2020-08-24,"cumulative_all_infections",143866,143866,143866,144050,143873,144410,144410,144410
"Utah","return_normal","Past",2020-08-24,"cumulative_all_infections",143866,143866,143866,144050,143873,144410,144410,144410
"Utah","status_quo","Past",2020-08-24,"cumulative_all_infections",143866,143866,143866,144050,143873,144410,144410,144410
"Utah","linear_increase_sd","Past",2020-08-24,"cumulative_cases",45845,45845,45845,46176,46236,46446,46446,46446
"Utah","return_normal","Past",2020-08-24,"cumulative_cases",45845,45845,45845,46176,46236,46446,46446,46446
"Utah","status_quo","Past",2020-08-24,"cumulative_cases",45845,45845,45845,46176,46236,46446,46446,46446
"Utah","linear_increase_sd","Past",2020-08-24,"cumulative_deaths",598,598,598,607,602,621,621,621
"Utah","return_normal","Past",2020-08-24,"cumulative_deaths",598,598,598,607,602,621,621,621
"Utah","status_quo","Past",2020-08-24,"cumulative_deaths",598,598,598,607,602,621,621,621
"Utah","linear_increase_sd","Past",2020-08-24,"cumulative_hosps",5362,5362,5362,5377,5374,5393,5393,5393
"Utah","return_normal","Past",2020-08-24,"cumulative_hosps",5362,5362,5362,5377,5374,5393,5393,5393
"Utah","status_quo","Past",2020-08-24,"cumulative_hosps",5362,5362,5362,5377,5374,5393,5393,5393
"Utah","linear_increase_sd","Past",2020-08-24,"daily_all_infections",1001,1001,1001,1028,1002,1079,1079,1079
"Utah","return_normal","Past",2020-08-24,"daily_all_infections",1001,1001,1001,1028,1002,1079,1079,1079
"Utah","status_quo","Past",2020-08-24,"daily_all_infections",1001,1001,1001,1028,1002,1079,1079,1079
"Utah","linear_increase_sd","Past",2020-08-24,"daily_cases",295,295,295,326,331,352,352,352
"Utah","return_normal","Past",2020-08-24,"daily_cases",295,295,295,326,331,352,352,352
"Utah","status_quo","Past",2020-08-24,"daily_cases",295,295,295,326,331,352,352,352
"Utah","linear_increase_sd","Past",2020-08-24,"daily_deaths",3,3,3,3,3,3,3,3
"Utah","return_normal","Past",2020-08-24,"daily_deaths",3,3,3,3,3,3,3,3
"Utah","status_quo","Past",2020-08-24,"daily_deaths",3,3,3,3,3,3,3,3
"Utah","linear_increase_sd","Past",2020-08-24,"daily_hosps",38,38,38,39,39,40,40,40
"Utah","return_normal","Past",2020-08-24,"daily_hosps",38,38,38,39,39,40,40,40
"Utah","status_quo","Past",2020-08-24,"daily_hosps",38,38,38,39,39,40,40,40
"Utah","linear_increase_sd","Past",2020-08-24,"latent_trend",NA,NA,NA,0.475972737237946,NA,NA,NA,NA
"Utah","return_normal","Past",2020-08-24,"latent_trend",NA,NA,NA,0.475972737237946,NA,NA,NA,NA
"Utah","status_quo","Past",2020-08-24,"latent_trend",NA,NA,NA,0.475972737237946,NA,NA,NA,NA
"Utah","linear_increase_sd","Past",2020-08-24,"mobility_trend",NA,NA,NA,0.866641355543639,NA,NA,NA,NA
"Utah","return_normal","Past",2020-08-24,"mobility_trend",NA,NA,NA,0.866641355543639,NA,NA,NA,NA
"Utah","status_quo","Past",2020-08-24,"mobility_trend",NA,NA,NA,0.866641355543639,NA,NA,NA,NA
"Utah",NA,"Past",2020-08-25,"actual_cumulative_cases",NA,NA,NA,49767,NA,NA,NA,NA
"Utah",NA,"Past",2020-08-25,"actual_cumulative_deaths",NA,NA,NA,402,NA,NA,NA,NA
"Utah",NA,"Past",2020-08-25,"actual_daily_cases",NA,NA,NA,403,NA,NA,NA,NA
"Utah",NA,"Past",2020-08-25,"actual_daily_deaths",NA,NA,NA,7,NA,NA,NA,NA
"Utah","linear_increase_sd","Past",2020-08-25,"combined_trend",NA,NA,NA,0.418014287895653,NA,NA,NA,NA
"Utah","return_normal","Past",2020-08-25,"combined_trend",NA,NA,NA,0.418014287895653,NA,NA,NA,NA
"Utah","status_quo","Past",2020-08-25,"combined_trend",NA,NA,NA,0.418014287895653,NA,NA,NA,NA
"Utah","linear_increase_sd","Past",2020-08-25,"cumulative_all_infections",144889,144889,144889,145105,144900,145524,145524,145524
"Utah","return_normal","Past",2020-08-25,"cumulative_all_infections",144889,144889,144889,145105,144900,145524,145524,145524
"Utah","status_quo","Past",2020-08-25,"cumulative_all_infections",144889,144889,144889,145105,144900,145524,145524,145524
"Utah","linear_increase_sd","Past",2020-08-25,"cumulative_cases",46173,46173,46173,46518,46570,46810,46810,46810
"Utah","return_normal","Past",2020-08-25,"cumulative_cases",46173,46173,46173,46518,46570,46810,46810,46810
"Utah","status_quo","Past",2020-08-25,"cumulative_cases",46173,46173,46173,46518,46570,46810,46810,46810
"Utah","linear_increase_sd","Past",2020-08-25,"cumulative_deaths",601,601,601,610,605,624,624,624
"Utah","return_normal","Past",2020-08-25,"cumulative_deaths",601,601,601,610,605,624,624,624
"Utah","status_quo","Past",2020-08-25,"cumulative_deaths",601,601,601,610,605,624,624,624
"Utah","linear_increase_sd","Past",2020-08-25,"cumulative_hosps",5400,5400,5400,5416,5413,5433,5433,5433
"Utah","return_normal","Past",2020-08-25,"cumulative_hosps",5400,5400,5400,5416,5413,5433,5433,5433
"Utah","status_quo","Past",2020-08-25,"cumulative_hosps",5400,5400,5400,5416,5413,5433,5433,5433
"Utah","linear_increase_sd","Past",2020-08-25,"daily_all_infections",1023,1023,1023,1055,1027,1114,1114,1114
"Utah","return_normal","Past",2020-08-25,"daily_all_infections",1023,1023,1023,1055,1027,1114,1114,1114
"Utah","status_quo","Past",2020-08-25,"daily_all_infections",1023,1023,1023,1055,1027,1114,1114,1114
"Utah","linear_increase_sd","Past",2020-08-25,"daily_cases",328,328,328,342,334,364,364,364
"Utah","return_normal","Past",2020-08-25,"daily_cases",328,328,328,342,334,364,364,364
"Utah","status_quo","Past",2020-08-25,"daily_cases",328,328,328,342,334,364,364,364
"Utah","linear_increase_sd","Past",2020-08-25,"daily_deaths",3,3,3,3,3,3,3,3
"Utah","return_normal","Past",2020-08-25,"daily_deaths",3,3,3,3,3,3,3,3
"Utah","status_quo","Past",2020-08-25,"daily_deaths",3,3,3,3,3,3,3,3
"Utah","linear_increase_sd","Past",2020-08-25,"daily_hosps",38,38,38,39,39,40,40,40
"Utah","return_normal","Past",2020-08-25,"daily_hosps",38,38,38,39,39,40,40,40
"Utah","status_quo","Past",2020-08-25,"daily_hosps",38,38,38,39,39,40,40,40
"Utah","linear_increase_sd","Past",2020-08-25,"latent_trend",NA,NA,NA,0.484209570983062,NA,NA,NA,NA
"Utah","return_normal","Past",2020-08-25,"latent_trend",NA,NA,NA,0.484209570983062,NA,NA,NA,NA
"Utah","status_quo","Past",2020-08-25,"latent_trend",NA,NA,NA,0.484209570983062,NA,NA,NA,NA
"Utah","linear_increase_sd","Past",2020-08-25,"mobility_trend",NA,NA,NA,0.863292080424975,NA,NA,NA,NA
"Utah","return_normal","Past",2020-08-25,"mobility_trend",NA,NA,NA,0.863292080424975,NA,NA,NA,NA
"Utah","status_quo","Past",2020-08-25,"mobility_trend",NA,NA,NA,0.863292080424975,NA,NA,NA,NA
"Utah",NA,"Past",2020-08-26,"actual_cumulative_cases",NA,NA,NA,50174,NA,NA,NA,NA
"Utah",NA,"Past",2020-08-26,"actual_cumulative_deaths",NA,NA,NA,406,NA,NA,NA,NA
"Utah",NA,"Past",2020-08-26,"actual_daily_cases",NA,NA,NA,407,NA,NA,NA,NA
"Utah",NA,"Past",2020-08-26,"actual_daily_deaths",NA,NA,NA,4,NA,NA,NA,NA
"Utah","linear_increase_sd","Past",2020-08-26,"combined_trend",NA,NA,NA,0.423043226517662,NA,NA,NA,NA
"Utah","return_normal","Past",2020-08-26,"combined_trend",NA,NA,NA,0.423043226517662,NA,NA,NA,NA
"Utah","status_quo","Past",2020-08-26,"combined_trend",NA,NA,NA,0.423043226517662,NA,NA,NA,NA
"Utah","linear_increase_sd","Past",2020-08-26,"cumulative_all_infections",145947,145947,145947,146196,145959,146680,146680,146680
"Utah","return_normal","Past",2020-08-26,"cumulative_all_infections",145947,145947,145947,146196,145959,146680,146680,146680
"Utah","status_quo","Past",2020-08-26,"cumulative_all_infections",145947,145947,145947,146196,145959,146680,146680,146680
"Utah","linear_increase_sd","Past",2020-08-26,"cumulative_cases",46503,46503,46503,46854,46895,47162,47162,47162
"Utah","return_normal","Past",2020-08-26,"cumulative_cases",46503,46503,46503,46854,46895,47162,47162,47162
"Utah","status_quo","Past",2020-08-26,"cumulative_cases",46503,46503,46503,46854,46895,47162,47162,47162
"Utah","linear_increase_sd","Past",2020-08-26,"cumulative_deaths",604,604,604,614,609,627,627,627
"Utah","return_normal","Past",2020-08-26,"cumulative_deaths",604,604,604,614,609,627,627,627
"Utah","status_quo","Past",2020-08-26,"cumulative_deaths",604,604,604,614,609,627,627,627
"Utah","linear_increase_sd","Past",2020-08-26,"cumulative_hosps",5438,5438,5438,5455,5452,5474,5474,5474
"Utah","return_normal","Past",2020-08-26,"cumulative_hosps",5438,5438,5438,5455,5452,5474,5474,5474
"Utah","status_quo","Past",2020-08-26,"cumulative_hosps",5438,5438,5438,5455,5452,5474,5474,5474
"Utah","linear_increase_sd","Past",2020-08-26,"daily_all_infections",1058,1058,1058,1091,1059,1156,1156,1156
"Utah","return_normal","Past",2020-08-26,"daily_all_infections",1058,1058,1058,1091,1059,1156,1156,1156
"Utah","status_quo","Past",2020-08-26,"daily_all_infections",1058,1058,1058,1091,1059,1156,1156,1156
"Utah","linear_increase_sd","Past",2020-08-26,"daily_cases",325,325,325,336,330,352,352,352
"Utah","return_normal","Past",2020-08-26,"daily_cases",325,325,325,336,330,352,352,352
"Utah","status_quo","Past",2020-08-26,"daily_cases",325,325,325,336,330,352,352,352
"Utah","linear_increase_sd","Past",2020-08-26,"daily_deaths",3,3,3,4,3,4,4,4
"Utah","return_normal","Past",2020-08-26,"daily_deaths",3,3,3,4,3,4,4,4
"Utah","status_quo","Past",2020-08-26,"daily_deaths",3,3,3,4,3,4,4,4
"Utah","linear_increase_sd","Past",2020-08-26,"daily_hosps",38,38,38,40,39,41,41,41
"Utah","return_normal","Past",2020-08-26,"daily_hosps",38,38,38,40,39,41,41,41
"Utah","status_quo","Past",2020-08-26,"daily_hosps",38,38,38,40,39,41,41,41
"Utah","linear_increase_sd","Past",2020-08-26,"latent_trend",NA,NA,NA,0.492210439900226,NA,NA,NA,NA
"Utah","return_normal","Past",2020-08-26,"latent_trend",NA,NA,NA,0.492210439900226,NA,NA,NA,NA
"Utah","status_quo","Past",2020-08-26,"latent_trend",NA,NA,NA,0.492210439900226,NA,NA,NA,NA
"Utah","linear_increase_sd","Past",2020-08-26,"mobility_trend",NA,NA,NA,0.859476338217076,NA,NA,NA,NA
"Utah","return_normal","Past",2020-08-26,"mobility_trend",NA,NA,NA,0.859476338217076,NA,NA,NA,NA
"Utah","status_quo","Past",2020-08-26,"mobility_trend",NA,NA,NA,0.859476338217076,NA,NA,NA,NA
"Utah",NA,"Past",2020-08-27,"actual_cumulative_cases",NA,NA,NA,50557,NA,NA,NA,NA
"Utah",NA,"Past",2020-08-27,"actual_cumulative_deaths",NA,NA,NA,408,NA,NA,NA,NA
"Utah",NA,"Past",2020-08-27,"actual_daily_cases",NA,NA,NA,383,NA,NA,NA,NA
"Utah",NA,"Past",2020-08-27,"actual_daily_deaths",NA,NA,NA,2,NA,NA,NA,NA
"Utah","linear_increase_sd","Past",2020-08-27,"combined_trend",NA,NA,NA,0.427550815018631,NA,NA,NA,NA
"Utah","return_normal","Past",2020-08-27,"combined_trend",NA,NA,NA,0.427550815018631,NA,NA,NA,NA
"Utah","status_quo","Past",2020-08-27,"combined_trend",NA,NA,NA,0.427550815018631,NA,NA,NA,NA
"Utah","linear_increase_sd","Past",2020-08-27,"cumulative_all_infections",147032,147032,147032,147315,147048,147865,147865,147865
"Utah","return_normal","Past",2020-08-27,"cumulative_all_infections",147032,147032,147032,147315,147048,147865,147865,147865
"Utah","status_quo","Past",2020-08-27,"cumulative_all_infections",147032,147032,147032,147315,147048,147865,147865,147865
"Utah","linear_increase_sd","Past",2020-08-27,"cumulative_cases",46882,46882,46882,47211,47236,47515,47515,47515
"Utah","return_normal","Past",2020-08-27,"cumulative_cases",46882,46882,46882,47211,47236,47515,47515,47515
"Utah","status_quo","Past",2020-08-27,"cumulative_cases",46882,46882,46882,47211,47236,47515,47515,47515
"Utah","linear_increase_sd","Past",2020-08-27,"cumulative_deaths",607,607,607,617,612,630,630,630
"Utah","return_normal","Past",2020-08-27,"cumulative_deaths",607,607,607,617,612,630,630,630
"Utah","status_quo","Past",2020-08-27,"cumulative_deaths",607,607,607,617,612,630,630,630
"Utah","linear_increase_sd","Past",2020-08-27,"cumulative_hosps",5477,5477,5477,5495,5492,5514,5514,5514
"Utah","return_normal","Past",2020-08-27,"cumulative_hosps",5477,5477,5477,5495,5492,5514,5514,5514
"Utah","status_quo","Past",2020-08-27,"cumulative_hosps",5477,5477,5477,5495,5492,5514,5514,5514
"Utah","linear_increase_sd","Past",2020-08-27,"daily_all_infections",1085,1085,1085,1120,1089,1185,1185,1185
"Utah","return_normal","Past",2020-08-27,"daily_all_infections",1085,1085,1085,1120,1089,1185,1185,1185
"Utah","status_quo","Past",2020-08-27,"daily_all_infections",1085,1085,1085,1120,1089,1185,1185,1185
"Utah","linear_increase_sd","Past",2020-08-27,"daily_cases",341,341,341,358,353,379,379,379
"Utah","return_normal","Past",2020-08-27,"daily_cases",341,341,341,358,353,379,379,379
"Utah","status_quo","Past",2020-08-27,"daily_cases",341,341,341,358,353,379,379,379
"Utah","linear_increase_sd","Past",2020-08-27,"daily_deaths",3,3,3,3,3,3,3,3
"Utah","return_normal","Past",2020-08-27,"daily_deaths",3,3,3,3,3,3,3,3
"Utah","status_quo","Past",2020-08-27,"daily_deaths",3,3,3,3,3,3,3,3
"Utah","linear_increase_sd","Past",2020-08-27,"daily_hosps",39,39,39,40,40,40,40,40
"Utah","return_normal","Past",2020-08-27,"daily_hosps",39,39,39,40,40,40,40,40
"Utah","status_quo","Past",2020-08-27,"daily_hosps",39,39,39,40,40,40,40,40
"Utah","linear_increase_sd","Past",2020-08-27,"latent_trend",NA,NA,NA,0.499926216294075,NA,NA,NA,NA
"Utah","return_normal","Past",2020-08-27,"latent_trend",NA,NA,NA,0.499926216294075,NA,NA,NA,NA
"Utah","status_quo","Past",2020-08-27,"latent_trend",NA,NA,NA,0.499926216294075,NA,NA,NA,NA
"Utah","linear_increase_sd","Past",2020-08-27,"mobility_trend",NA,NA,NA,0.855227833795236,NA,NA,NA,NA
"Utah","return_normal","Past",2020-08-27,"mobility_trend",NA,NA,NA,0.855227833795236,NA,NA,NA,NA
"Utah","status_quo","Past",2020-08-27,"mobility_trend",NA,NA,NA,0.855227833795236,NA,NA,NA,NA
"Utah",NA,"Past",2020-08-28,"actual_cumulative_cases",NA,NA,NA,50948,NA,NA,NA,NA
"Utah",NA,"Past",2020-08-28,"actual_cumulative_deaths",NA,NA,NA,412,NA,NA,NA,NA
"Utah",NA,"Past",2020-08-28,"actual_daily_cases",NA,NA,NA,391,NA,NA,NA,NA
"Utah",NA,"Past",2020-08-28,"actual_daily_deaths",NA,NA,NA,4,NA,NA,NA,NA
"Utah","linear_increase_sd","Past",2020-08-28,"combined_trend",NA,NA,NA,0.431529363971018,NA,NA,NA,NA
"Utah","return_normal","Past",2020-08-28,"combined_trend",NA,NA,NA,0.431529363971018,NA,NA,NA,NA
"Utah","status_quo","Past",2020-08-28,"combined_trend",NA,NA,NA,0.431529363971018,NA,NA,NA,NA
"Utah","linear_increase_sd","Past",2020-08-28,"cumulative_all_infections",148148,148148,148148,148467,148160,149092,149092,149092
"Utah","return_normal","Past",2020-08-28,"cumulative_all_infections",148148,148148,148148,148467,148160,149092,149092,149092
"Utah","status_quo","Past",2020-08-28,"cumulative_all_infections",148148,148148,148148,148467,148160,149092,149092,149092
"Utah","linear_increase_sd","Past",2020-08-28,"cumulative_cases",47268,47268,47268,47590,47611,47891,47891,47891
"Utah","return_normal","Past",2020-08-28,"cumulative_cases",47268,47268,47268,47590,47611,47891,47891,47891
"Utah","status_quo","Past",2020-08-28,"cumulative_cases",47268,47268,47268,47590,47611,47891,47891,47891
"Utah","linear_increase_sd","Past",2020-08-28,"cumulative_deaths",610,610,610,620,615,633,633,633
"Utah","return_normal","Past",2020-08-28,"cumulative_deaths",610,610,610,620,615,633,633,633
"Utah","status_quo","Past",2020-08-28,"cumulative_deaths",610,610,610,620,615,633,633,633
"Utah","linear_increase_sd","Past",2020-08-28,"cumulative_hosps",5515,5515,5515,5534,5531,5556,5556,5556
"Utah","return_normal","Past",2020-08-28,"cumulative_hosps",5515,5515,5515,5534,5531,5556,5556,5556
"Utah","status_quo","Past",2020-08-28,"cumulative_hosps",5515,5515,5515,5534,5531,5556,5556,5556
"Utah","linear_increase_sd","Past",2020-08-28,"daily_all_infections",1112,1112,1112,1152,1116,1227,1227,1227
"Utah","return_normal","Past",2020-08-28,"daily_all_infections",1112,1112,1112,1152,1116,1227,1227,1227
"Utah","status_quo","Past",2020-08-28,"daily_all_infections",1112,1112,1112,1152,1116,1227,1227,1227
"Utah","linear_increase_sd","Past",2020-08-28,"daily_cases",375,375,375,379,376,386,386,386
"Utah","return_normal","Past",2020-08-28,"daily_cases",375,375,375,379,376,386,386,386
"Utah","status_quo","Past",2020-08-28,"daily_cases",375,375,375,379,376,386,386,386
"Utah","linear_increase_sd","Past",2020-08-28,"daily_deaths",3,3,3,3,3,3,3,3
"Utah","return_normal","Past",2020-08-28,"daily_deaths",3,3,3,3,3,3,3,3
"Utah","status_quo","Past",2020-08-28,"daily_deaths",3,3,3,3,3,3,3,3
"Utah","linear_increase_sd","Past",2020-08-28,"daily_hosps",38,38,38,40,39,42,42,42
"Utah","return_normal","Past",2020-08-28,"daily_hosps",38,38,38,40,39,42,42,42
"Utah","status_quo","Past",2020-08-28,"daily_hosps",38,38,38,40,39,42,42,42
"Utah","linear_increase_sd","Past",2020-08-28,"latent_trend",NA,NA,NA,0.507308543484083,NA,NA,NA,NA
"Utah","return_normal","Past",2020-08-28,"latent_trend",NA,NA,NA,0.507308543484083,NA,NA,NA,NA
"Utah","status_quo","Past",2020-08-28,"latent_trend",NA,NA,NA,0.507308543484083,NA,NA,NA,NA
"Utah","linear_increase_sd","Past",2020-08-28,"mobility_trend",NA,NA,NA,0.850625067355203,NA,NA,NA,NA
"Utah","return_normal","Past",2020-08-28,"mobility_trend",NA,NA,NA,0.850625067355203,NA,NA,NA,NA
"Utah","status_quo","Past",2020-08-28,"mobility_trend",NA,NA,NA,0.850625067355203,NA,NA,NA,NA
"Utah",NA,"Past",2020-08-29,"actual_cumulative_cases",NA,NA,NA,51406,NA,NA,NA,NA
"Utah",NA,"Past",2020-08-29,"actual_cumulative_deaths",NA,NA,NA,412,NA,NA,NA,NA
"Utah",NA,"Past",2020-08-29,"actual_daily_cases",NA,NA,NA,458,NA,NA,NA,NA
"Utah",NA,"Past",2020-08-29,"actual_daily_deaths",NA,NA,NA,0,NA,NA,NA,NA
"Utah","linear_increase_sd","Past",2020-08-29,"combined_trend",NA,NA,NA,0.434981636478873,NA,NA,NA,NA
"Utah","return_normal","Past",2020-08-29,"combined_trend",NA,NA,NA,0.434981636478873,NA,NA,NA,NA
"Utah","status_quo","Past",2020-08-29,"combined_trend",NA,NA,NA,0.434981636478873,NA,NA,NA,NA
"Utah","linear_increase_sd","Past",2020-08-29,"cumulative_all_infections",149283,149283,149283,149651,149306,150363,150363,150363
"Utah","return_normal","Past",2020-08-29,"cumulative_all_infections",149283,149283,149283,149651,149306,150363,150363,150363
"Utah","status_quo","Past",2020-08-29,"cumulative_all_infections",149283,149283,149283,149651,149306,150363,150363,150363
"Utah","linear_increase_sd","Past",2020-08-29,"cumulative_cases",47634,47634,47634,47959,47965,48276,48276,48276
"Utah","return_normal","Past",2020-08-29,"cumulative_cases",47634,47634,47634,47959,47965,48276,48276,48276
"Utah","status_quo","Past",2020-08-29,"cumulative_cases",47634,47634,47634,47959,47965,48276,48276,48276
"Utah","linear_increase_sd","Past",2020-08-29,"cumulative_deaths",613,613,613,623,618,636,636,636
"Utah","return_normal","Past",2020-08-29,"cumulative_deaths",613,613,613,623,618,636,636,636
"Utah","status_quo","Past",2020-08-29,"cumulative_deaths",613,613,613,623,618,636,636,636
"Utah","linear_increase_sd","Past",2020-08-29,"cumulative_hosps",5555,5555,5555,5575,5572,5597,5597,5597
"Utah","return_normal","Past",2020-08-29,"cumulative_hosps",5555,5555,5555,5575,5572,5597,5597,5597
"Utah","status_quo","Past",2020-08-29,"cumulative_hosps",5555,5555,5555,5575,5572,5597,5597,5597
"Utah","linear_increase_sd","Past",2020-08-29,"daily_all_infections",1135,1135,1135,1184,1146,1271,1271,1271
"Utah","return_normal","Past",2020-08-29,"daily_all_infections",1135,1135,1135,1184,1146,1271,1271,1271
"Utah","status_quo","Past",2020-08-29,"daily_all_infections",1135,1135,1135,1184,1146,1271,1271,1271
"Utah","linear_increase_sd","Past",2020-08-29,"daily_cases",354,354,354,369,366,385,385,385
"Utah","return_normal","Past",2020-08-29,"daily_cases",354,354,354,369,366,385,385,385
"Utah","status_quo","Past",2020-08-29,"daily_cases",354,354,354,369,366,385,385,385
"Utah","linear_increase_sd","Past",2020-08-29,"daily_deaths",3,3,3,3,3,3,3,3
"Utah","return_normal","Past",2020-08-29,"daily_deaths",3,3,3,3,3,3,3,3
"Utah","status_quo","Past",2020-08-29,"daily_deaths",3,3,3,3,3,3,3,3
"Utah","linear_increase_sd","Past",2020-08-29,"daily_hosps",40,40,40,41,41,41,41,41
"Utah","return_normal","Past",2020-08-29,"daily_hosps",40,40,40,41,41,41,41,41
"Utah","status_quo","Past",2020-08-29,"daily_hosps",40,40,40,41,41,41,41,41
"Utah","linear_increase_sd","Past",2020-08-29,"latent_trend",NA,NA,NA,0.514309969598598,NA,NA,NA,NA
"Utah","return_normal","Past",2020-08-29,"latent_trend",NA,NA,NA,0.514309969598598,NA,NA,NA,NA
"Utah","status_quo","Past",2020-08-29,"latent_trend",NA,NA,NA,0.514309969598598,NA,NA,NA,NA
"Utah","linear_increase_sd","Past",2020-08-29,"mobility_trend",NA,NA,NA,0.845757737922837,NA,NA,NA,NA
"Utah","return_normal","Past",2020-08-29,"mobility_trend",NA,NA,NA,0.845757737922837,NA,NA,NA,NA
"Utah","status_quo","Past",2020-08-29,"mobility_trend",NA,NA,NA,0.845757737922837,NA,NA,NA,NA
"Utah",NA,"Past",2020-08-30,"actual_cumulative_cases",NA,NA,NA,51854,NA,NA,NA,NA
"Utah",NA,"Past",2020-08-30,"actual_cumulative_deaths",NA,NA,NA,412,NA,NA,NA,NA
"Utah",NA,"Past",2020-08-30,"actual_daily_cases",NA,NA,NA,448,NA,NA,NA,NA
"Utah",NA,"Past",2020-08-30,"actual_daily_deaths",NA,NA,NA,0,NA,NA,NA,NA
"Utah","linear_increase_sd","Past",2020-08-30,"combined_trend",NA,NA,NA,0.437915299565216,NA,NA,NA,NA
"Utah","return_normal","Past",2020-08-30,"combined_trend",NA,NA,NA,0.437915299565216,NA,NA,NA,NA
"Utah","status_quo","Past",2020-08-30,"combined_trend",NA,NA,NA,0.437915299565216,NA,NA,NA,NA
"Utah","linear_increase_sd","Past",2020-08-30,"cumulative_all_infections",150457,150457,150457,150870,150479,151672,151672,151672
"Utah","return_normal","Past",2020-08-30,"cumulative_all_infections",150457,150457,150457,150870,150479,151672,151672,151672
"Utah","status_quo","Past",2020-08-30,"cumulative_all_infections",150457,150457,150457,150870,150479,151672,151672,151672
"Utah","linear_increase_sd","Past",2020-08-30,"cumulative_cases",47990,47990,47990,48321,48313,48658,48658,48658
"Utah","return_normal","Past",2020-08-30,"cumulative_cases",47990,47990,47990,48321,48313,48658,48658,48658
"Utah","status_quo","Past",2020-08-30,"cumulative_cases",47990,47990,47990,48321,48313,48658,48658,48658
"Utah","linear_increase_sd","Past",2020-08-30,"cumulative_deaths",616,616,616,626,621,639,639,639
"Utah","return_normal","Past",2020-08-30,"cumulative_deaths",616,616,616,626,621,639,639,639
"Utah","status_quo","Past",2020-08-30,"cumulative_deaths",616,616,616,626,621,639,639,639
"Utah","linear_increase_sd","Past",2020-08-30,"cumulative_hosps",5594,5594,5594,5616,5613,5641,5641,5641
"Utah","return_normal","Past",2020-08-30,"cumulative_hosps",5594,5594,5594,5616,5613,5641,5641,5641
"Utah","status_quo","Past",2020-08-30,"cumulative_hosps",5594,5594,5594,5616,5613,5641,5641,5641
"Utah","linear_increase_sd","Past",2020-08-30,"daily_all_infections",1173,1173,1173,1219,1174,1309,1309,1309
"Utah","return_normal","Past",2020-08-30,"daily_all_infections",1173,1173,1173,1219,1174,1309,1309,1309
"Utah","status_quo","Past",2020-08-30,"daily_all_infections",1173,1173,1173,1219,1174,1309,1309,1309
"Utah","linear_increase_sd","Past",2020-08-30,"daily_cases",348,348,348,362,356,382,382,382
"Utah","return_normal","Past",2020-08-30,"daily_cases",348,348,348,362,356,382,382,382
"Utah","status_quo","Past",2020-08-30,"daily_cases",348,348,348,362,356,382,382,382
"Utah","linear_increase_sd","Past",2020-08-30,"daily_deaths",3,3,3,3,3,3,3,3
"Utah","return_normal","Past",2020-08-30,"daily_deaths",3,3,3,3,3,3,3,3
"Utah","status_quo","Past",2020-08-30,"daily_deaths",3,3,3,3,3,3,3,3
"Utah","linear_increase_sd","Past",2020-08-30,"daily_hosps",39,39,39,42,41,44,44,44
"Utah","return_normal","Past",2020-08-30,"daily_hosps",39,39,39,42,41,44,44,44
"Utah","status_quo","Past",2020-08-30,"daily_hosps",39,39,39,42,41,44,44,44
"Utah","linear_increase_sd","Past",2020-08-30,"latent_trend",NA,NA,NA,0.520884028394118,NA,NA,NA,NA
"Utah","return_normal","Past",2020-08-30,"latent_trend",NA,NA,NA,0.520884028394118,NA,NA,NA,NA
"Utah","status_quo","Past",2020-08-30,"latent_trend",NA,NA,NA,0.520884028394118,NA,NA,NA,NA
"Utah","linear_increase_sd","Past",2020-08-30,"mobility_trend",NA,NA,NA,0.840715544524,NA,NA,NA,NA
"Utah","return_normal","Past",2020-08-30,"mobility_trend",NA,NA,NA,0.840715544524,NA,NA,NA,NA
"Utah","status_quo","Past",2020-08-30,"mobility_trend",NA,NA,NA,0.840715544524,NA,NA,NA,NA
"Utah",NA,"Past",2020-08-31,"actual_cumulative_cases",NA,NA,NA,52107,NA,NA,NA,NA
"Utah",NA,"Past",2020-08-31,"actual_cumulative_deaths",NA,NA,NA,412,NA,NA,NA,NA
"Utah",NA,"Past",2020-08-31,"actual_daily_cases",NA,NA,NA,253,NA,NA,NA,NA
"Utah",NA,"Past",2020-08-31,"actual_daily_deaths",NA,NA,NA,0,NA,NA,NA,NA
"Utah","linear_increase_sd","Past",2020-08-31,"combined_trend",NA,NA,NA,0.440341119020297,NA,NA,NA,NA
"Utah","return_normal","Past",2020-08-31,"combined_trend",NA,NA,NA,0.440341119020297,NA,NA,NA,NA
"Utah","status_quo","Past",2020-08-31,"combined_trend",NA,NA,NA,0.440341119020297,NA,NA,NA,NA
"Utah","linear_increase_sd","Past",2020-08-31,"cumulative_all_infections",151657,151657,151657,152125,151689,153029,153029,153029
"Utah","return_normal","Past",2020-08-31,"cumulative_all_infections",151657,151657,151657,152125,151689,153029,153029,153029
"Utah","status_quo","Past",2020-08-31,"cumulative_all_infections",151657,151657,151657,152125,151689,153029,153029,153029
"Utah","linear_increase_sd","Past",2020-08-31,"cumulative_cases",48359,48359,48359,48707,48695,49066,49066,49066
"Utah","return_normal","Past",2020-08-31,"cumulative_cases",48359,48359,48359,48707,48695,49066,49066,49066
"Utah","status_quo","Past",2020-08-31,"cumulative_cases",48359,48359,48359,48707,48695,49066,49066,49066
"Utah","linear_increase_sd","Past",2020-08-31,"cumulative_deaths",619,619,619,629,624,642,642,642
"Utah","return_normal","Past",2020-08-31,"cumulative_deaths",619,619,619,629,624,642,642,642
"Utah","status_quo","Past",2020-08-31,"cumulative_deaths",619,619,619,629,624,642,642,642
"Utah","linear_increase_sd","Past",2020-08-31,"cumulative_hosps",5635,5635,5635,5658,5653,5684,5684,5684
"Utah","return_normal","Past",2020-08-31,"cumulative_hosps",5635,5635,5635,5658,5653,5684,5684,5684
"Utah","status_quo","Past",2020-08-31,"cumulative_hosps",5635,5635,5635,5658,5653,5684,5684,5684
"Utah","linear_increase_sd","Past",2020-08-31,"daily_all_infections",1200,1200,1200,1256,1210,1357,1357,1357
"Utah","return_normal","Past",2020-08-31,"daily_all_infections",1200,1200,1200,1256,1210,1357,1357,1357
"Utah","status_quo","Past",2020-08-31,"daily_all_infections",1200,1200,1200,1256,1210,1357,1357,1357
"Utah","linear_increase_sd","Past",2020-08-31,"daily_cases",369,369,369,387,382,408,408,408
"Utah","return_normal","Past",2020-08-31,"daily_cases",369,369,369,387,382,408,408,408
"Utah","status_quo","Past",2020-08-31,"daily_cases",369,369,369,387,382,408,408,408
"Utah","linear_increase_sd","Past",2020-08-31,"daily_deaths",3,3,3,3,3,3,3,3
"Utah","return_normal","Past",2020-08-31,"daily_deaths",3,3,3,3,3,3,3,3
"Utah","status_quo","Past",2020-08-31,"daily_deaths",3,3,3,3,3,3,3,3
"Utah","linear_increase_sd","Past",2020-08-31,"daily_hosps",40,40,40,42,41,43,43,43
"Utah","return_normal","Past",2020-08-31,"daily_hosps",40,40,40,42,41,43,43,43
"Utah","status_quo","Past",2020-08-31,"daily_hosps",40,40,40,42,41,43,43,43
"Utah","linear_increase_sd","Past",2020-08-31,"latent_trend",NA,NA,NA,0.526985263985922,NA,NA,NA,NA
"Utah","return_normal","Past",2020-08-31,"latent_trend",NA,NA,NA,0.526985263985922,NA,NA,NA,NA
"Utah","status_quo","Past",2020-08-31,"latent_trend",NA,NA,NA,0.526985263985922,NA,NA,NA,NA
"Utah","linear_increase_sd","Past",2020-08-31,"mobility_trend",NA,NA,NA,0.835585260372784,NA,NA,NA,NA
"Utah","return_normal","Past",2020-08-31,"mobility_trend",NA,NA,NA,0.835585260372784,NA,NA,NA,NA
"Utah","status_quo","Past",2020-08-31,"mobility_trend",NA,NA,NA,0.835585260372784,NA,NA,NA,NA
"Utah",NA,"Past",2020-09-01,"actual_cumulative_cases",NA,NA,NA,52403,NA,NA,NA,NA
"Utah",NA,"Past",2020-09-01,"actual_cumulative_deaths",NA,NA,NA,414,NA,NA,NA,NA
"Utah",NA,"Past",2020-09-01,"actual_daily_cases",NA,NA,NA,296,NA,NA,NA,NA
"Utah",NA,"Past",2020-09-01,"actual_daily_deaths",NA,NA,NA,2,NA,NA,NA,NA
"Utah","linear_increase_sd","Past",2020-09-01,"combined_trend",NA,NA,NA,0.442271924686937,NA,NA,NA,NA
"Utah","return_normal","Past",2020-09-01,"combined_trend",NA,NA,NA,0.442271924686937,NA,NA,NA,NA
"Utah","status_quo","Past",2020-09-01,"combined_trend",NA,NA,NA,0.442271924686937,NA,NA,NA,NA
"Utah","linear_increase_sd","Past",2020-09-01,"cumulative_all_infections",152892,152892,152892,153418,152935,154427,154427,154427
"Utah","return_normal","Past",2020-09-01,"cumulative_all_infections",152892,152892,152892,153418,152935,154427,154427,154427
"Utah","status_quo","Past",2020-09-01,"cumulative_all_infections",152892,152892,152892,153418,152935,154427,154427,154427
"Utah","linear_increase_sd","Past",2020-09-01,"cumulative_cases",48728,48728,48728,49099,49085,49483,49483,49483
"Utah","return_normal","Past",2020-09-01,"cumulative_cases",48728,48728,48728,49099,49085,49483,49483,49483
"Utah","status_quo","Past",2020-09-01,"cumulative_cases",48728,48728,48728,49099,49085,49483,49483,49483
"Utah","linear_increase_sd","Past",2020-09-01,"cumulative_deaths",622,622,622,632,627,645,645,645
"Utah","return_normal","Past",2020-09-01,"cumulative_deaths",622,622,622,632,627,645,645,645
"Utah","status_quo","Past",2020-09-01,"cumulative_deaths",622,622,622,632,627,645,645,645
"Utah","linear_increase_sd","Past",2020-09-01,"cumulative_hosps",5677,5677,5677,5700,5694,5727,5727,5727
"Utah","return_normal","Past",2020-09-01,"cumulative_hosps",5677,5677,5677,5700,5694,5727,5727,5727
"Utah","status_quo","Past",2020-09-01,"cumulative_hosps",5677,5677,5677,5700,5694,5727,5727,5727
"Utah","linear_increase_sd","Past",2020-09-01,"daily_all_infections",1235,1235,1235,1293,1246,1398,1398,1398
"Utah","return_normal","Past",2020-09-01,"daily_all_infections",1235,1235,1235,1293,1246,1398,1398,1398
"Utah","status_quo","Past",2020-09-01,"daily_all_infections",1235,1235,1235,1293,1246,1398,1398,1398
"Utah","linear_increase_sd","Past",2020-09-01,"daily_cases",369,369,369,392,390,417,417,417
"Utah","return_normal","Past",2020-09-01,"daily_cases",369,369,369,392,390,417,417,417
"Utah","status_quo","Past",2020-09-01,"daily_cases",369,369,369,392,390,417,417,417
"Utah","linear_increase_sd","Past",2020-09-01,"daily_deaths",3,3,3,3,3,3,3,3
"Utah","return_normal","Past",2020-09-01,"daily_deaths",3,3,3,3,3,3,3,3
"Utah","status_quo","Past",2020-09-01,"daily_deaths",3,3,3,3,3,3,3,3
"Utah","linear_increase_sd","Past",2020-09-01,"daily_hosps",41,41,41,42,42,43,43,43
"Utah","return_normal","Past",2020-09-01,"daily_hosps",41,41,41,42,42,43,43,43
"Utah","status_quo","Past",2020-09-01,"daily_hosps",41,41,41,42,42,43,43,43
"Utah","linear_increase_sd","Past",2020-09-01,"latent_trend",NA,NA,NA,0.532574157401072,NA,NA,NA,NA
"Utah","return_normal","Past",2020-09-01,"latent_trend",NA,NA,NA,0.532574157401072,NA,NA,NA,NA
"Utah","status_quo","Past",2020-09-01,"latent_trend",NA,NA,NA,0.532574157401072,NA,NA,NA,NA
"Utah","linear_increase_sd","Past",2020-09-01,"mobility_trend",NA,NA,NA,0.830441955436207,NA,NA,NA,NA
"Utah","return_normal","Past",2020-09-01,"mobility_trend",NA,NA,NA,0.830441955436207,NA,NA,NA,NA
"Utah","status_quo","Past",2020-09-01,"mobility_trend",NA,NA,NA,0.830441955436207,NA,NA,NA,NA
"Utah",NA,"Past",2020-09-02,"actual_cumulative_cases",NA,NA,NA,52822,NA,NA,NA,NA
"Utah",NA,"Past",2020-09-02,"actual_cumulative_deaths",NA,NA,NA,415,NA,NA,NA,NA
"Utah",NA,"Past",2020-09-02,"actual_daily_cases",NA,NA,NA,419,NA,NA,NA,NA
"Utah",NA,"Past",2020-09-02,"actual_daily_deaths",NA,NA,NA,1,NA,NA,NA,NA
"Utah","linear_increase_sd","Past",2020-09-02,"combined_trend",NA,NA,NA,0.443756164834133,NA,NA,NA,NA
"Utah","return_normal","Past",2020-09-02,"combined_trend",NA,NA,NA,0.443756164834133,NA,NA,NA,NA
"Utah","status_quo","Past",2020-09-02,"combined_trend",NA,NA,NA,0.443756164834133,NA,NA,NA,NA
"Utah","linear_increase_sd","Past",2020-09-02,"cumulative_all_infections",154153,154153,154153,154748,154224,155867,155867,155867
"Utah","return_normal","Past",2020-09-02,"cumulative_all_infections",154153,154153,154153,154748,154224,155867,155867,155867
"Utah","status_quo","Past",2020-09-02,"cumulative_all_infections",154153,154153,154153,154748,154224,155867,155867,155867
"Utah","linear_increase_sd","Past",2020-09-02,"cumulative_cases",49147,49147,49147,49522,49485,49934,49934,49934
"Utah","return_normal","Past",2020-09-02,"cumulative_cases",49147,49147,49147,49522,49485,49934,49934,49934
"Utah","status_quo","Past",2020-09-02,"cumulative_cases",49147,49147,49147,49522,49485,49934,49934,49934
"Utah","linear_increase_sd","Past",2020-09-02,"cumulative_deaths",626,626,626,635,630,648,648,648
"Utah","return_normal","Past",2020-09-02,"cumulative_deaths",626,626,626,635,630,648,648,648
"Utah","status_quo","Past",2020-09-02,"cumulative_deaths",626,626,626,635,630,648,648,648
"Utah","linear_increase_sd","Past",2020-09-02,"cumulative_hosps",5719,5719,5719,5743,5737,5771,5771,5771
"Utah","return_normal","Past",2020-09-02,"cumulative_hosps",5719,5719,5719,5743,5737,5771,5771,5771
"Utah","status_quo","Past",2020-09-02,"cumulative_hosps",5719,5719,5719,5743,5737,5771,5771,5771
"Utah","linear_increase_sd","Past",2020-09-02,"daily_all_infections",1261,1261,1261,1330,1289,1440,1440,1440
"Utah","return_normal","Past",2020-09-02,"daily_all_infections",1261,1261,1261,1330,1289,1440,1440,1440
"Utah","status_quo","Past",2020-09-02,"daily_all_infections",1261,1261,1261,1330,1289,1440,1440,1440
"Utah","linear_increase_sd","Past",2020-09-02,"daily_cases",400,400,400,424,419,451,451,451
"Utah","return_normal","Past",2020-09-02,"daily_cases",400,400,400,424,419,451,451,451
"Utah","status_quo","Past",2020-09-02,"daily_cases",400,400,400,424,419,451,451,451
"Utah","linear_increase_sd","Past",2020-09-02,"daily_deaths",3,3,3,4,3,4,4,4
"Utah","return_normal","Past",2020-09-02,"daily_deaths",3,3,3,4,3,4,4,4
"Utah","status_quo","Past",2020-09-02,"daily_deaths",3,3,3,4,3,4,4,4
"Utah","linear_increase_sd","Past",2020-09-02,"daily_hosps",42,42,42,43,43,44,44,44
"Utah","return_normal","Past",2020-09-02,"daily_hosps",42,42,42,43,43,44,44,44
"Utah","status_quo","Past",2020-09-02,"daily_hosps",42,42,42,43,43,44,44,44
"Utah","linear_increase_sd","Past",2020-09-02,"latent_trend",NA,NA,NA,0.537653098914513,NA,NA,NA,NA
"Utah","return_normal","Past",2020-09-02,"latent_trend",NA,NA,NA,0.537653098914513,NA,NA,NA,NA
"Utah","status_quo","Past",2020-09-02,"latent_trend",NA,NA,NA,0.537653098914513,NA,NA,NA,NA
"Utah","linear_increase_sd","Past",2020-09-02,"mobility_trend",NA,NA,NA,0.825357773869523,NA,NA,NA,NA
"Utah","return_normal","Past",2020-09-02,"mobility_trend",NA,NA,NA,0.825357773869523,NA,NA,NA,NA
"Utah","status_quo","Past",2020-09-02,"mobility_trend",NA,NA,NA,0.825357773869523,NA,NA,NA,NA
"Utah",NA,"Past",2020-09-03,"actual_cumulative_cases",NA,NA,NA,53326,NA,NA,NA,NA
"Utah",NA,"Past",2020-09-03,"actual_cumulative_deaths",NA,NA,NA,419,NA,NA,NA,NA
"Utah",NA,"Past",2020-09-03,"actual_daily_cases",NA,NA,NA,504,NA,NA,NA,NA
"Utah",NA,"Past",2020-09-03,"actual_daily_deaths",NA,NA,NA,4,NA,NA,NA,NA
"Utah","linear_increase_sd","Past",2020-09-03,"combined_trend",NA,NA,NA,0.444860621547197,NA,NA,NA,NA
"Utah","return_normal","Past",2020-09-03,"combined_trend",NA,NA,NA,0.444860621547197,NA,NA,NA,NA
"Utah","status_quo","Past",2020-09-03,"combined_trend",NA,NA,NA,0.444860621547197,NA,NA,NA,NA
"Utah","linear_increase_sd","Past",2020-09-03,"cumulative_all_infections",155451,155451,155451,156116,155546,157350,157350,157350
"Utah","return_normal","Past",2020-09-03,"cumulative_all_infections",155451,155451,155451,156116,155546,157350,157350,157350
"Utah","status_quo","Past",2020-09-03,"cumulative_all_infections",155451,155451,155451,156116,155546,157350,157350,157350
"Utah","linear_increase_sd","Past",2020-09-03,"cumulative_cases",49561,49561,49561,49933,49873,50364,50364,50364
"Utah","return_normal","Past",2020-09-03,"cumulative_cases",49561,49561,49561,49933,49873,50364,50364,50364
"Utah","status_quo","Past",2020-09-03,"cumulative_cases",49561,49561,49561,49933,49873,50364,50364,50364
"Utah","linear_increase_sd","Past",2020-09-03,"cumulative_deaths",629,629,629,638,633,651,651,651
"Utah","return_normal","Past",2020-09-03,"cumulative_deaths",629,629,629,638,633,651,651,651
"Utah","status_quo","Past",2020-09-03,"cumulative_deaths",629,629,629,638,633,651,651,651
"Utah","linear_increase_sd","Past",2020-09-03,"cumulative_hosps",5762,5762,5762,5788,5781,5819,5819,5819
"Utah","return_normal","Past",2020-09-03,"cumulative_hosps",5762,5762,5762,5788,5781,5819,5819,5819
"Utah","status_quo","Past",2020-09-03,"cumulative_hosps",5762,5762,5762,5788,5781,5819,5819,5819
"Utah","linear_increase_sd","Past",2020-09-03,"daily_all_infections",1298,1298,1298,1368,1322,1483,1483,1483
"Utah","return_normal","Past",2020-09-03,"daily_all_infections",1298,1298,1298,1368,1322,1483,1483,1483
"Utah","status_quo","Past",2020-09-03,"daily_all_infections",1298,1298,1298,1368,1322,1483,1483,1483
"Utah","linear_increase_sd","Past",2020-09-03,"daily_cases",388,388,388,411,414,430,430,430
"Utah","return_normal","Past",2020-09-03,"daily_cases",388,388,388,411,414,430,430,430
"Utah","status_quo","Past",2020-09-03,"daily_cases",388,388,388,411,414,430,430,430
"Utah","linear_increase_sd","Past",2020-09-03,"daily_deaths",3,3,3,3,3,3,3,3
"Utah","return_normal","Past",2020-09-03,"daily_deaths",3,3,3,3,3,3,3,3
"Utah","status_quo","Past",2020-09-03,"daily_deaths",3,3,3,3,3,3,3,3
"Utah","linear_increase_sd","Past",2020-09-03,"daily_hosps",43,43,43,45,44,48,48,48
"Utah","return_normal","Past",2020-09-03,"daily_hosps",43,43,43,45,44,48,48,48
"Utah","status_quo","Past",2020-09-03,"daily_hosps",43,43,43,45,44,48,48,48
"Utah","linear_increase_sd","Past",2020-09-03,"latent_trend",NA,NA,NA,0.542245229557116,NA,NA,NA,NA
"Utah","return_normal","Past",2020-09-03,"latent_trend",NA,NA,NA,0.542245229557116,NA,NA,NA,NA
"Utah","status_quo","Past",2020-09-03,"latent_trend",NA,NA,NA,0.542245229557116,NA,NA,NA,NA
"Utah","linear_increase_sd","Past",2020-09-03,"mobility_trend",NA,NA,NA,0.820404859827982,NA,NA,NA,NA
"Utah","return_normal","Past",2020-09-03,"mobility_trend",NA,NA,NA,0.820404859827982,NA,NA,NA,NA
"Utah","status_quo","Past",2020-09-03,"mobility_trend",NA,NA,NA,0.820404859827982,NA,NA,NA,NA
"Utah",NA,"Past",2020-09-04,"actual_cumulative_cases",NA,NA,NA,53839,NA,NA,NA,NA
"Utah",NA,"Past",2020-09-04,"actual_cumulative_deaths",NA,NA,NA,424,NA,NA,NA,NA
"Utah",NA,"Past",2020-09-04,"actual_daily_cases",NA,NA,NA,513,NA,NA,NA,NA
"Utah",NA,"Past",2020-09-04,"actual_daily_deaths",NA,NA,NA,5,NA,NA,NA,NA
"Utah","linear_increase_sd","Past",2020-09-04,"combined_trend",NA,NA,NA,0.445649237624415,NA,NA,NA,NA
"Utah","return_normal","Past",2020-09-04,"combined_trend",NA,NA,NA,0.445649237624415,NA,NA,NA,NA
"Utah","status_quo","Past",2020-09-04,"combined_trend",NA,NA,NA,0.445649237624415,NA,NA,NA,NA
"Utah","linear_increase_sd","Past",2020-09-04,"cumulative_all_infections",156787,156787,156787,157522,156908,158870,158870,158870
"Utah","return_normal","Past",2020-09-04,"cumulative_all_infections",156787,156787,156787,157522,156908,158870,158870,158870
"Utah","status_quo","Past",2020-09-04,"cumulative_all_infections",156787,156787,156787,157522,156908,158870,158870,158870
"Utah","linear_increase_sd","Past",2020-09-04,"cumulative_cases",49968,49968,49968,50363,50299,50820,50820,50820
"Utah","return_normal","Past",2020-09-04,"cumulative_cases",49968,49968,49968,50363,50299,50820,50820,50820
"Utah","status_quo","Past",2020-09-04,"cumulative_cases",49968,49968,49968,50363,50299,50820,50820,50820
"Utah","linear_increase_sd","Past",2020-09-04,"cumulative_deaths",632,632,632,641,636,654,654,654
"Utah","return_normal","Past",2020-09-04,"cumulative_deaths",632,632,632,641,636,654,654,654
"Utah","status_quo","Past",2020-09-04,"cumulative_deaths",632,632,632,641,636,654,654,654
"Utah","linear_increase_sd","Past",2020-09-04,"cumulative_hosps",5807,5807,5807,5833,5826,5866,5866,5866
"Utah","return_normal","Past",2020-09-04,"cumulative_hosps",5807,5807,5807,5833,5826,5866,5866,5866
"Utah","status_quo","Past",2020-09-04,"cumulative_hosps",5807,5807,5807,5833,5826,5866,5866,5866
"Utah","linear_increase_sd","Past",2020-09-04,"daily_all_infections",1336,1336,1336,1406,1362,1520,1520,1520
"Utah","return_normal","Past",2020-09-04,"daily_all_infections",1336,1336,1336,1406,1362,1520,1520,1520
"Utah","status_quo","Past",2020-09-04,"daily_all_infections",1336,1336,1336,1406,1362,1520,1520,1520
"Utah","linear_increase_sd","Past",2020-09-04,"daily_cases",407,407,407,430,426,456,456,456
"Utah","return_normal","Past",2020-09-04,"daily_cases",407,407,407,430,426,456,456,456
"Utah","status_quo","Past",2020-09-04,"daily_cases",407,407,407,430,426,456,456,456
"Utah","linear_increase_sd","Past",2020-09-04,"daily_deaths",3,3,3,3,3,3,3,3
"Utah","return_normal","Past",2020-09-04,"daily_deaths",3,3,3,3,3,3,3,3
"Utah","status_quo","Past",2020-09-04,"daily_deaths",3,3,3,3,3,3,3,3
"Utah","linear_increase_sd","Past",2020-09-04,"daily_hosps",45,45,45,46,45,47,47,47
"Utah","return_normal","Past",2020-09-04,"daily_hosps",45,45,45,46,45,47,47,47
"Utah","status_quo","Past",2020-09-04,"daily_hosps",45,45,45,46,45,47,47,47
"Utah","linear_increase_sd","Past",2020-09-04,"latent_trend",NA,NA,NA,0.546374041890495,NA,NA,NA,NA
"Utah","return_normal","Past",2020-09-04,"latent_trend",NA,NA,NA,0.546374041890495,NA,NA,NA,NA
"Utah","status_quo","Past",2020-09-04,"latent_trend",NA,NA,NA,0.546374041890495,NA,NA,NA,NA
"Utah","linear_increase_sd","Past",2020-09-04,"mobility_trend",NA,NA,NA,0.815648627966356,NA,NA,NA,NA
"Utah","return_normal","Past",2020-09-04,"mobility_trend",NA,NA,NA,0.815648627966356,NA,NA,NA,NA
"Utah","status_quo","Past",2020-09-04,"mobility_trend",NA,NA,NA,0.815648627966356,NA,NA,NA,NA
"Utah",NA,"Past",2020-09-05,"actual_cumulative_cases",NA,NA,NA,54272,NA,NA,NA,NA
"Utah",NA,"Past",2020-09-05,"actual_cumulative_deaths",NA,NA,NA,425,NA,NA,NA,NA
"Utah",NA,"Past",2020-09-05,"actual_daily_cases",NA,NA,NA,433,NA,NA,NA,NA
"Utah",NA,"Past",2020-09-05,"actual_daily_deaths",NA,NA,NA,1,NA,NA,NA,NA
"Utah","linear_increase_sd","Past",2020-09-05,"combined_trend",NA,NA,NA,0.446171353452852,NA,NA,NA,NA
"Utah","return_normal","Past",2020-09-05,"combined_trend",NA,NA,NA,0.446171353452852,NA,NA,NA,NA
"Utah","status_quo","Past",2020-09-05,"combined_trend",NA,NA,NA,0.446171353452852,NA,NA,NA,NA
"Utah","linear_increase_sd","Past",2020-09-05,"cumulative_all_infections",158160,158160,158160,158972,158318,160437,160437,160437
"Utah","return_normal","Past",2020-09-05,"cumulative_all_infections",158160,158160,158160,158972,158318,160437,160437,160437
"Utah","status_quo","Past",2020-09-05,"cumulative_all_infections",158160,158160,158160,158972,158318,160437,160437,160437
"Utah","linear_increase_sd","Past",2020-09-05,"cumulative_cases",50411,50411,50411,50815,50735,51298,51298,51298
"Utah","return_normal","Past",2020-09-05,"cumulative_cases",50411,50411,50411,50815,50735,51298,51298,51298
"Utah","status_quo","Past",2020-09-05,"cumulative_cases",50411,50411,50411,50815,50735,51298,51298,51298
"Utah","linear_increase_sd","Past",2020-09-05,"cumulative_deaths",635,635,635,644,639,657,657,657
"Utah","return_normal","Past",2020-09-05,"cumulative_deaths",635,635,635,644,639,657,657,657
"Utah","status_quo","Past",2020-09-05,"cumulative_deaths",635,635,635,644,639,657,657,657
"Utah","linear_increase_sd","Past",2020-09-05,"cumulative_hosps",5852,5852,5852,5880,5872,5915,5915,5915
"Utah","return_normal","Past",2020-09-05,"cumulative_hosps",5852,5852,5852,5880,5872,5915,5915,5915
"Utah","status_quo","Past",2020-09-05,"cumulative_hosps",5852,5852,5852,5880,5872,5915,5915,5915
"Utah","linear_increase_sd","Past",2020-09-05,"daily_all_infections",1373,1373,1373,1450,1410,1567,1567,1567
"Utah","return_normal","Past",2020-09-05,"daily_all_infections",1373,1373,1373,1450,1410,1567,1567,1567
"Utah","status_quo","Past",2020-09-05,"daily_all_infections",1373,1373,1373,1450,1410,1567,1567,1567
"Utah","linear_increase_sd","Past",2020-09-05,"daily_cases",436,436,436,453,443,478,478,478
"Utah","return_normal","Past",2020-09-05,"daily_cases",436,436,436,453,443,478,478,478
"Utah","status_quo","Past",2020-09-05,"daily_cases",436,436,436,453,443,478,478,478
"Utah","linear_increase_sd","Past",2020-09-05,"daily_deaths",3,3,3,3,3,3,3,3
"Utah","return_normal","Past",2020-09-05,"daily_deaths",3,3,3,3,3,3,3,3
"Utah","status_quo","Past",2020-09-05,"daily_deaths",3,3,3,3,3,3,3,3
"Utah","linear_increase_sd","Past",2020-09-05,"daily_hosps",45,45,45,47,46,49,49,49
"Utah","return_normal","Past",2020-09-05,"daily_hosps",45,45,45,47,46,49,49,49
"Utah","status_quo","Past",2020-09-05,"daily_hosps",45,45,45,47,46,49,49,49
"Utah","linear_increase_sd","Past",2020-09-05,"latent_trend",NA,NA,NA,0.550063106271825,NA,NA,NA,NA
"Utah","return_normal","Past",2020-09-05,"latent_trend",NA,NA,NA,0.550063106271825,NA,NA,NA,NA
"Utah","status_quo","Past",2020-09-05,"latent_trend",NA,NA,NA,0.550063106271825,NA,NA,NA,NA
"Utah","linear_increase_sd","Past",2020-09-05,"mobility_trend",NA,NA,NA,0.811127574937497,NA,NA,NA,NA
"Utah","return_normal","Past",2020-09-05,"mobility_trend",NA,NA,NA,0.811127574937497,NA,NA,NA,NA
"Utah","status_quo","Past",2020-09-05,"mobility_trend",NA,NA,NA,0.811127574937497,NA,NA,NA,NA
"Utah",NA,"Past",2020-09-06,"actual_cumulative_cases",NA,NA,NA,54660,NA,NA,NA,NA
"Utah",NA,"Past",2020-09-06,"actual_cumulative_deaths",NA,NA,NA,427,NA,NA,NA,NA
"Utah",NA,"Past",2020-09-06,"actual_daily_cases",NA,NA,NA,388,NA,NA,NA,NA
"Utah",NA,"Past",2020-09-06,"actual_daily_deaths",NA,NA,NA,2,NA,NA,NA,NA
"Utah","linear_increase_sd","Past",2020-09-06,"combined_trend",NA,NA,NA,0.446472116514928,NA,NA,NA,NA
"Utah","return_normal","Past",2020-09-06,"combined_trend",NA,NA,NA,0.446472116514928,NA,NA,NA,NA
"Utah","status_quo","Past",2020-09-06,"combined_trend",NA,NA,NA,0.446472116514928,NA,NA,NA,NA
"Utah","linear_increase_sd","Past",2020-09-06,"cumulative_all_infections",159566,159566,159566,160459,159762,162049,162049,162049
"Utah","return_normal","Past",2020-09-06,"cumulative_all_infections",159566,159566,159566,160459,159762,162049,162049,162049
"Utah","status_quo","Past",2020-09-06,"cumulative_all_infections",159566,159566,159566,160459,159762,162049,162049,162049
"Utah","linear_increase_sd","Past",2020-09-06,"cumulative_cases",50886,50886,50886,51291,51172,51814,51814,51814
"Utah","return_normal","Past",2020-09-06,"cumulative_cases",50886,50886,50886,51291,51172,51814,51814,51814
"Utah","status_quo","Past",2020-09-06,"cumulative_cases",50886,50886,50886,51291,51172,51814,51814,51814
"Utah","linear_increase_sd","Past",2020-09-06,"cumulative_deaths",638,638,638,648,643,661,661,661
"Utah","return_normal","Past",2020-09-06,"cumulative_deaths",638,638,638,648,643,661,661,661
"Utah","status_quo","Past",2020-09-06,"cumulative_deaths",638,638,638,648,643,661,661,661
"Utah","linear_increase_sd","Past",2020-09-06,"cumulative_hosps",5900,5900,5900,5929,5920,5966,5966,5966
"Utah","return_normal","Past",2020-09-06,"cumulative_hosps",5900,5900,5900,5929,5920,5966,5966,5966
"Utah","status_quo","Past",2020-09-06,"cumulative_hosps",5900,5900,5900,5929,5920,5966,5966,5966
"Utah","linear_increase_sd","Past",2020-09-06,"daily_all_infections",1406,1406,1406,1488,1444,1612,1612,1612
"Utah","return_normal","Past",2020-09-06,"daily_all_infections",1406,1406,1406,1488,1444,1612,1612,1612
"Utah","status_quo","Past",2020-09-06,"daily_all_infections",1406,1406,1406,1488,1444,1612,1612,1612
"Utah","linear_increase_sd","Past",2020-09-06,"daily_cases",437,437,437,476,475,516,516,516
"Utah","return_normal","Past",2020-09-06,"daily_cases",437,437,437,476,475,516,516,516
"Utah","status_quo","Past",2020-09-06,"daily_cases",437,437,437,476,475,516,516,516
"Utah","linear_increase_sd","Past",2020-09-06,"daily_deaths",3,3,3,4,4,4,4,4
"Utah","return_normal","Past",2020-09-06,"daily_deaths",3,3,3,4,4,4,4,4
"Utah","status_quo","Past",2020-09-06,"daily_deaths",3,3,3,4,4,4,4,4
"Utah","linear_increase_sd","Past",2020-09-06,"daily_hosps",48,48,48,49,48,51,51,51
"Utah","return_normal","Past",2020-09-06,"daily_hosps",48,48,48,49,48,51,51,51
"Utah","status_quo","Past",2020-09-06,"daily_hosps",48,48,48,49,48,51,51,51
"Utah","linear_increase_sd","Past",2020-09-06,"latent_trend",NA,NA,NA,0.553335974326157,NA,NA,NA,NA
"Utah","return_normal","Past",2020-09-06,"latent_trend",NA,NA,NA,0.553335974326157,NA,NA,NA,NA
"Utah","status_quo","Past",2020-09-06,"latent_trend",NA,NA,NA,0.553335974326157,NA,NA,NA,NA
"Utah","linear_increase_sd","Past",2020-09-06,"mobility_trend",NA,NA,NA,0.806873467893777,NA,NA,NA,NA
"Utah","return_normal","Past",2020-09-06,"mobility_trend",NA,NA,NA,0.806873467893777,NA,NA,NA,NA
"Utah","status_quo","Past",2020-09-06,"mobility_trend",NA,NA,NA,0.806873467893777,NA,NA,NA,NA
"Utah",NA,"Past",2020-09-07,"actual_cumulative_cases",NA,NA,NA,55033,NA,NA,NA,NA
"Utah",NA,"Past",2020-09-07,"actual_cumulative_deaths",NA,NA,NA,428,NA,NA,NA,NA
"Utah",NA,"Past",2020-09-07,"actual_daily_cases",NA,NA,NA,373,NA,NA,NA,NA
"Utah",NA,"Past",2020-09-07,"actual_daily_deaths",NA,NA,NA,1,NA,NA,NA,NA
"Utah","linear_increase_sd","Past",2020-09-07,"combined_trend",NA,NA,NA,0.446595967589873,NA,NA,NA,NA
"Utah","return_normal","Past",2020-09-07,"combined_trend",NA,NA,NA,0.446595967589873,NA,NA,NA,NA
"Utah","status_quo","Past",2020-09-07,"combined_trend",NA,NA,NA,0.446595967589873,NA,NA,NA,NA
"Utah","linear_increase_sd","Past",2020-09-07,"cumulative_all_infections",161000,161000,161000,161994,161261,163721,163721,163721
"Utah","return_normal","Past",2020-09-07,"cumulative_all_infections",161000,161000,161000,161994,161261,163721,163721,163721
"Utah","status_quo","Past",2020-09-07,"cumulative_all_infections",161000,161000,161000,161994,161261,163721,163721,163721
"Utah","linear_increase_sd","Past",2020-09-07,"cumulative_cases",51390,51390,51390,51787,51626,52344,52344,52344
"Utah","return_normal","Past",2020-09-07,"cumulative_cases",51390,51390,51390,51787,51626,52344,52344,52344
"Utah","status_quo","Past",2020-09-07,"cumulative_cases",51390,51390,51390,51787,51626,52344,52344,52344
"Utah","linear_increase_sd","Past",2020-09-07,"cumulative_deaths",641,641,641,651,646,664,664,664
"Utah","return_normal","Past",2020-09-07,"cumulative_deaths",641,641,641,651,646,664,664,664
"Utah","status_quo","Past",2020-09-07,"cumulative_deaths",641,641,641,651,646,664,664,664
"Utah","linear_increase_sd","Past",2020-09-07,"cumulative_hosps",5949,5949,5949,5979,5966,6020,6020,6020
"Utah","return_normal","Past",2020-09-07,"cumulative_hosps",5949,5949,5949,5979,5966,6020,6020,6020
"Utah","status_quo","Past",2020-09-07,"cumulative_hosps",5949,5949,5949,5979,5966,6020,6020,6020
"Utah","linear_increase_sd","Past",2020-09-07,"daily_all_infections",1434,1434,1434,1535,1499,1672,1672,1672
"Utah","return_normal","Past",2020-09-07,"daily_all_infections",1434,1434,1434,1535,1499,1672,1672,1672
"Utah","status_quo","Past",2020-09-07,"daily_all_infections",1434,1434,1434,1535,1499,1672,1672,1672
"Utah","linear_increase_sd","Past",2020-09-07,"daily_cases",454,454,454,496,504,530,530,530
"Utah","return_normal","Past",2020-09-07,"daily_cases",454,454,454,496,504,530,530,530
"Utah","status_quo","Past",2020-09-07,"daily_cases",454,454,454,496,504,530,530,530
"Utah","linear_increase_sd","Past",2020-09-07,"daily_deaths",3,3,3,3,3,3,3,3
"Utah","return_normal","Past",2020-09-07,"daily_deaths",3,3,3,3,3,3,3,3
"Utah","status_quo","Past",2020-09-07,"daily_deaths",3,3,3,3,3,3,3,3
"Utah","linear_increase_sd","Past",2020-09-07,"daily_hosps",46,46,46,50,49,54,54,54
"Utah","return_normal","Past",2020-09-07,"daily_hosps",46,46,46,50,49,54,54,54
"Utah","status_quo","Past",2020-09-07,"daily_hosps",46,46,46,50,49,54,54,54
"Utah","linear_increase_sd","Past",2020-09-07,"latent_trend",NA,NA,NA,0.556216109785552,NA,NA,NA,NA
"Utah","return_normal","Past",2020-09-07,"latent_trend",NA,NA,NA,0.556216109785552,NA,NA,NA,NA
"Utah","status_quo","Past",2020-09-07,"latent_trend",NA,NA,NA,0.556216109785552,NA,NA,NA,NA
"Utah","linear_increase_sd","Past",2020-09-07,"mobility_trend",NA,NA,NA,0.802918073987569,NA,NA,NA,NA
"Utah","return_normal","Past",2020-09-07,"mobility_trend",NA,NA,NA,0.802918073987569,NA,NA,NA,NA
"Utah","status_quo","Past",2020-09-07,"mobility_trend",NA,NA,NA,0.802918073987569,NA,NA,NA,NA
"Utah",NA,"Past",2020-09-08,"actual_cumulative_cases",NA,NA,NA,55359,NA,NA,NA,NA
"Utah",NA,"Past",2020-09-08,"actual_cumulative_deaths",NA,NA,NA,429,NA,NA,NA,NA
"Utah",NA,"Past",2020-09-08,"actual_daily_cases",NA,NA,NA,326,NA,NA,NA,NA
"Utah",NA,"Past",2020-09-08,"actual_daily_deaths",NA,NA,NA,1,NA,NA,NA,NA
"Utah","linear_increase_sd","Past",2020-09-08,"combined_trend",NA,NA,NA,0.44658586847302,NA,NA,NA,NA
"Utah","return_normal","Past",2020-09-08,"combined_trend",NA,NA,NA,0.44658586847302,NA,NA,NA,NA
"Utah","status_quo","Past",2020-09-08,"combined_trend",NA,NA,NA,0.44658586847302,NA,NA,NA,NA
"Utah","linear_increase_sd","Past",2020-09-08,"cumulative_all_infections",162475,162475,162475,163568,162800,165429,165429,165429
"Utah","return_normal","Past",2020-09-08,"cumulative_all_infections",162475,162475,162475,163568,162800,165429,165429,165429
"Utah","status_quo","Past",2020-09-08,"cumulative_all_infections",162475,162475,162475,163568,162800,165429,165429,165429
"Utah","linear_increase_sd","Past",2020-09-08,"cumulative_cases",51855,51855,51855,52264,52095,52841,52841,52841
"Utah","return_normal","Past",2020-09-08,"cumulative_cases",51855,51855,51855,52264,52095,52841,52841,52841
"Utah","status_quo","Past",2020-09-08,"cumulative_cases",51855,51855,51855,52264,52095,52841,52841,52841
"Utah","linear_increase_sd","Past",2020-09-08,"cumulative_deaths",644,644,644,654,649,667,667,667
"Utah","return_normal","Past",2020-09-08,"cumulative_deaths",644,644,644,654,649,667,667,667
"Utah","status_quo","Past",2020-09-08,"cumulative_deaths",644,644,644,654,649,667,667,667
"Utah","linear_increase_sd","Past",2020-09-08,"cumulative_hosps",5999,5999,5999,6029,6015,6073,6073,6073
"Utah","return_normal","Past",2020-09-08,"cumulative_hosps",5999,5999,5999,6029,6015,6073,6073,6073
"Utah","status_quo","Past",2020-09-08,"cumulative_hosps",5999,5999,5999,6029,6015,6073,6073,6073
"Utah","linear_increase_sd","Past",2020-09-08,"daily_all_infections",1475,1475,1475,1574,1539,1708,1708,1708
"Utah","return_normal","Past",2020-09-08,"daily_all_infections",1475,1475,1475,1574,1539,1708,1708,1708
"Utah","status_quo","Past",2020-09-08,"daily_all_infections",1475,1475,1475,1574,1539,1708,1708,1708
"Utah","linear_increase_sd","Past",2020-09-08,"daily_cases",465,465,465,477,469,497,497,497
"Utah","return_normal","Past",2020-09-08,"daily_cases",465,465,465,477,469,497,497,497
"Utah","status_quo","Past",2020-09-08,"daily_cases",465,465,465,477,469,497,497,497
"Utah","linear_increase_sd","Past",2020-09-08,"daily_deaths",3,3,3,3,3,3,3,3
"Utah","return_normal","Past",2020-09-08,"daily_deaths",3,3,3,3,3,3,3,3
"Utah","status_quo","Past",2020-09-08,"daily_deaths",3,3,3,3,3,3,3,3
"Utah","linear_increase_sd","Past",2020-09-08,"daily_hosps",49,49,49,51,50,53,53,53
"Utah","return_normal","Past",2020-09-08,"daily_hosps",49,49,49,51,50,53,53,53
"Utah","status_quo","Past",2020-09-08,"daily_hosps",49,49,49,51,50,53,53,53
"Utah","linear_increase_sd","Past",2020-09-08,"latent_trend",NA,NA,NA,0.558726841979385,NA,NA,NA,NA
"Utah","return_normal","Past",2020-09-08,"latent_trend",NA,NA,NA,0.558726841979385,NA,NA,NA,NA
"Utah","status_quo","Past",2020-09-08,"latent_trend",NA,NA,NA,0.558726841979385,NA,NA,NA,NA
"Utah","linear_increase_sd","Past",2020-09-08,"mobility_trend",NA,NA,NA,0.799291952559347,NA,NA,NA,NA
"Utah","return_normal","Past",2020-09-08,"mobility_trend",NA,NA,NA,0.799291952559347,NA,NA,NA,NA
"Utah","status_quo","Past",2020-09-08,"mobility_trend",NA,NA,NA,0.799291952559347,NA,NA,NA,NA
"Utah",NA,"Past",2020-09-09,"actual_cumulative_cases",NA,NA,NA,55673,NA,NA,NA,NA
"Utah",NA,"Past",2020-09-09,"actual_cumulative_deaths",NA,NA,NA,432,NA,NA,NA,NA
"Utah",NA,"Past",2020-09-09,"actual_daily_cases",NA,NA,NA,314,NA,NA,NA,NA
"Utah",NA,"Past",2020-09-09,"actual_daily_deaths",NA,NA,NA,3,NA,NA,NA,NA
"Utah","linear_increase_sd","Past",2020-09-09,"combined_trend",NA,NA,NA,0.446481189175839,NA,NA,NA,NA
"Utah","return_normal","Past",2020-09-09,"combined_trend",NA,NA,NA,0.446481189175839,NA,NA,NA,NA
"Utah","status_quo","Past",2020-09-09,"combined_trend",NA,NA,NA,0.446481189175839,NA,NA,NA,NA
"Utah","linear_increase_sd","Past",2020-09-09,"cumulative_all_infections",163980,163980,163980,165184,164386,167184,167184,167184
"Utah","return_normal","Past",2020-09-09,"cumulative_all_infections",163980,163980,163980,165184,164386,167184,167184,167184
"Utah","status_quo","Past",2020-09-09,"cumulative_all_infections",163980,163980,163980,165184,164386,167184,167184,167184
"Utah","linear_increase_sd","Past",2020-09-09,"cumulative_cases",52374,52374,52374,52781,52575,53393,53393,53393
"Utah","return_normal","Past",2020-09-09,"cumulative_cases",52374,52374,52374,52781,52575,53393,53393,53393
"Utah","status_quo","Past",2020-09-09,"cumulative_cases",52374,52374,52374,52781,52575,53393,53393,53393
"Utah","linear_increase_sd","Past",2020-09-09,"cumulative_deaths",647,647,647,657,652,671,671,671
"Utah","return_normal","Past",2020-09-09,"cumulative_deaths",647,647,647,657,652,671,671,671
"Utah","status_quo","Past",2020-09-09,"cumulative_deaths",647,647,647,657,652,671,671,671
"Utah","linear_increase_sd","Past",2020-09-09,"cumulative_hosps",6049,6049,6049,6081,6065,6129,6129,6129
"Utah","return_normal","Past",2020-09-09,"cumulative_hosps",6049,6049,6049,6081,6065,6129,6129,6129
"Utah","status_quo","Past",2020-09-09,"cumulative_hosps",6049,6049,6049,6081,6065,6129,6129,6129
"Utah","linear_increase_sd","Past",2020-09-09,"daily_all_infections",1505,1505,1505,1616,1586,1755,1755,1755
"Utah","return_normal","Past",2020-09-09,"daily_all_infections",1505,1505,1505,1616,1586,1755,1755,1755
"Utah","status_quo","Past",2020-09-09,"daily_all_infections",1505,1505,1505,1616,1586,1755,1755,1755
"Utah","linear_increase_sd","Past",2020-09-09,"daily_cases",480,480,480,517,519,552,552,552
"Utah","return_normal","Past",2020-09-09,"daily_cases",480,480,480,517,519,552,552,552
"Utah","status_quo","Past",2020-09-09,"daily_cases",480,480,480,517,519,552,552,552
"Utah","linear_increase_sd","Past",2020-09-09,"daily_deaths",3,3,3,4,3,4,4,4
"Utah","return_normal","Past",2020-09-09,"daily_deaths",3,3,3,4,3,4,4,4
"Utah","status_quo","Past",2020-09-09,"daily_deaths",3,3,3,4,3,4,4,4
"Utah","linear_increase_sd","Past",2020-09-09,"daily_hosps",50,50,50,52,50,56,56,56
"Utah","return_normal","Past",2020-09-09,"daily_hosps",50,50,50,52,50,56,56,56
"Utah","status_quo","Past",2020-09-09,"daily_hosps",50,50,50,52,50,56,56,56
"Utah","linear_increase_sd","Past",2020-09-09,"latent_trend",NA,NA,NA,0.560891337757076,NA,NA,NA,NA
"Utah","return_normal","Past",2020-09-09,"latent_trend",NA,NA,NA,0.560891337757076,NA,NA,NA,NA
"Utah","status_quo","Past",2020-09-09,"latent_trend",NA,NA,NA,0.560891337757076,NA,NA,NA,NA
"Utah","linear_increase_sd","Past",2020-09-09,"mobility_trend",NA,NA,NA,0.796020831702008,NA,NA,NA,NA
"Utah","return_normal","Past",2020-09-09,"mobility_trend",NA,NA,NA,0.796020831702008,NA,NA,NA,NA
"Utah","status_quo","Past",2020-09-09,"mobility_trend",NA,NA,NA,0.796020831702008,NA,NA,NA,NA
"Utah",NA,"Past",2020-09-10,"actual_cumulative_cases",NA,NA,NA,56019,NA,NA,NA,NA
"Utah",NA,"Past",2020-09-10,"actual_cumulative_deaths",NA,NA,NA,435,NA,NA,NA,NA
"Utah",NA,"Past",2020-09-10,"actual_daily_cases",NA,NA,NA,346,NA,NA,NA,NA
"Utah",NA,"Past",2020-09-10,"actual_daily_deaths",NA,NA,NA,3,NA,NA,NA,NA
"Utah","linear_increase_sd","Past",2020-09-10,"combined_trend",NA,NA,NA,0.446319665263135,NA,NA,NA,NA
"Utah","return_normal","Past",2020-09-10,"combined_trend",NA,NA,NA,0.446319665263135,NA,NA,NA,NA
"Utah","status_quo","Past",2020-09-10,"combined_trend",NA,NA,NA,0.446319665263135,NA,NA,NA,NA
"Utah","linear_increase_sd","Past",2020-09-10,"cumulative_all_infections",165528,165528,165528,166842,166023,168973,168973,168973
"Utah","return_normal","Past",2020-09-10,"cumulative_all_infections",165528,165528,165528,166842,166023,168973,168973,168973
"Utah","status_quo","Past",2020-09-10,"cumulative_all_infections",165528,165528,165528,166842,166023,168973,168973,168973
"Utah","linear_increase_sd","Past",2020-09-10,"cumulative_cases",52863,52863,52863,53275,53052,53909,53909,53909
"Utah","return_normal","Past",2020-09-10,"cumulative_cases",52863,52863,52863,53275,53052,53909,53909,53909
"Utah","status_quo","Past",2020-09-10,"cumulative_cases",52863,52863,52863,53275,53052,53909,53909,53909
"Utah","linear_increase_sd","Past",2020-09-10,"cumulative_deaths",651,651,651,661,656,674,674,674
"Utah","return_normal","Past",2020-09-10,"cumulative_deaths",651,651,651,661,656,674,674,674
"Utah","status_quo","Past",2020-09-10,"cumulative_deaths",651,651,651,661,656,674,674,674
"Utah","linear_increase_sd","Past",2020-09-10,"cumulative_hosps",6100,6100,6100,6135,6117,6186,6186,6186
"Utah","return_normal","Past",2020-09-10,"cumulative_hosps",6100,6100,6100,6135,6117,6186,6186,6186
"Utah","status_quo","Past",2020-09-10,"cumulative_hosps",6100,6100,6100,6135,6117,6186,6186,6186
"Utah","linear_increase_sd","Past",2020-09-10,"daily_all_infections",1548,1548,1548,1658,1637,1789,1789,1789
"Utah","return_normal","Past",2020-09-10,"daily_all_infections",1548,1548,1548,1658,1637,1789,1789,1789
"Utah","status_quo","Past",2020-09-10,"daily_all_infections",1548,1548,1548,1658,1637,1789,1789,1789
"Utah","linear_increase_sd","Past",2020-09-10,"daily_cases",477,477,477,494,489,516,516,516
"Utah","return_normal","Past",2020-09-10,"daily_cases",477,477,477,494,489,516,516,516
"Utah","status_quo","Past",2020-09-10,"daily_cases",477,477,477,494,489,516,516,516
"Utah","linear_increase_sd","Past",2020-09-10,"daily_deaths",3,3,3,4,4,4,4,4
"Utah","return_normal","Past",2020-09-10,"daily_deaths",3,3,3,4,4,4,4,4
"Utah","status_quo","Past",2020-09-10,"daily_deaths",3,3,3,4,4,4,4,4
"Utah","linear_increase_sd","Past",2020-09-10,"daily_hosps",51,51,51,54,52,57,57,57
"Utah","return_normal","Past",2020-09-10,"daily_hosps",51,51,51,54,52,57,57,57
"Utah","status_quo","Past",2020-09-10,"daily_hosps",51,51,51,54,52,57,57,57
"Utah","linear_increase_sd","Past",2020-09-10,"latent_trend",NA,NA,NA,0.562732588116104,NA,NA,NA,NA
"Utah","return_normal","Past",2020-09-10,"latent_trend",NA,NA,NA,0.562732588116104,NA,NA,NA,NA
"Utah","status_quo","Past",2020-09-10,"latent_trend",NA,NA,NA,0.562732588116104,NA,NA,NA,NA
"Utah","linear_increase_sd","Past",2020-09-10,"mobility_trend",NA,NA,NA,0.793129231696546,NA,NA,NA,NA
"Utah","return_normal","Past",2020-09-10,"mobility_trend",NA,NA,NA,0.793129231696546,NA,NA,NA,NA
"Utah","status_quo","Past",2020-09-10,"mobility_trend",NA,NA,NA,0.793129231696546,NA,NA,NA,NA
"Utah",NA,"Past",2020-09-11,"actual_cumulative_cases",NA,NA,NA,56675,NA,NA,NA,NA
"Utah",NA,"Past",2020-09-11,"actual_cumulative_deaths",NA,NA,NA,436,NA,NA,NA,NA
"Utah",NA,"Past",2020-09-11,"actual_daily_cases",NA,NA,NA,656,NA,NA,NA,NA
"Utah",NA,"Past",2020-09-11,"actual_daily_deaths",NA,NA,NA,1,NA,NA,NA,NA
"Utah","linear_increase_sd","Past",2020-09-11,"combined_trend",NA,NA,NA,0.446138069871091,NA,NA,NA,NA
"Utah","return_normal","Past",2020-09-11,"combined_trend",NA,NA,NA,0.446138069871091,NA,NA,NA,NA
"Utah","status_quo","Past",2020-09-11,"combined_trend",NA,NA,NA,0.446138069871091,NA,NA,NA,NA
"Utah","linear_increase_sd","Past",2020-09-11,"cumulative_all_infections",167116,167116,167116,168547,167713,170812,170812,170812
"Utah","return_normal","Past",2020-09-11,"cumulative_all_infections",167116,167116,167116,168547,167713,170812,170812,170812
"Utah","status_quo","Past",2020-09-11,"cumulative_all_infections",167116,167116,167116,168547,167713,170812,170812,170812
"Utah","linear_increase_sd","Past",2020-09-11,"cumulative_cases",53418,53418,53418,53820,53569,54473,54473,54473
"Utah","return_normal","Past",2020-09-11,"cumulative_cases",53418,53418,53418,53820,53569,54473,54473,54473
"Utah","status_quo","Past",2020-09-11,"cumulative_cases",53418,53418,53418,53820,53569,54473,54473,54473
"Utah","linear_increase_sd","Past",2020-09-11,"cumulative_deaths",655,655,655,664,659,677,677,677
"Utah","return_normal","Past",2020-09-11,"cumulative_deaths",655,655,655,664,659,677,677,677
"Utah","status_quo","Past",2020-09-11,"cumulative_deaths",655,655,655,664,659,677,677,677
"Utah","linear_increase_sd","Past",2020-09-11,"cumulative_hosps",6153,6153,6153,6190,6171,6244,6244,6244
"Utah","return_normal","Past",2020-09-11,"cumulative_hosps",6153,6153,6153,6190,6171,6244,6244,6244
"Utah","status_quo","Past",2020-09-11,"cumulative_hosps",6153,6153,6153,6190,6171,6244,6244,6244
"Utah","linear_increase_sd","Past",2020-09-11,"daily_all_infections",1588,1588,1588,1706,1690,1839,1839,1839
"Utah","return_normal","Past",2020-09-11,"daily_all_infections",1588,1588,1588,1706,1690,1839,1839,1839
"Utah","status_quo","Past",2020-09-11,"daily_all_infections",1588,1588,1588,1706,1690,1839,1839,1839
"Utah","linear_increase_sd","Past",2020-09-11,"daily_cases",517,517,517,546,555,564,564,564
"Utah","return_normal","Past",2020-09-11,"daily_cases",517,517,517,546,555,564,564,564
"Utah","status_quo","Past",2020-09-11,"daily_cases",517,517,517,546,555,564,564,564
"Utah","linear_increase_sd","Past",2020-09-11,"daily_deaths",3,3,3,4,3,4,4,4
"Utah","return_normal","Past",2020-09-11,"daily_deaths",3,3,3,4,3,4,4,4
"Utah","status_quo","Past",2020-09-11,"daily_deaths",3,3,3,4,3,4,4,4
"Utah","linear_increase_sd","Past",2020-09-11,"daily_hosps",53,53,53,55,54,58,58,58
"Utah","return_normal","Past",2020-09-11,"daily_hosps",53,53,53,55,54,58,58,58
"Utah","status_quo","Past",2020-09-11,"daily_hosps",53,53,53,55,54,58,58,58
"Utah","linear_increase_sd","Past",2020-09-11,"latent_trend",NA,NA,NA,0.564273406279743,NA,NA,NA,NA
"Utah","return_normal","Past",2020-09-11,"latent_trend",NA,NA,NA,0.564273406279743,NA,NA,NA,NA
"Utah","status_quo","Past",2020-09-11,"latent_trend",NA,NA,NA,0.564273406279743,NA,NA,NA,NA
"Utah","linear_increase_sd","Past",2020-09-11,"mobility_trend",NA,NA,NA,0.790641672823963,NA,NA,NA,NA
"Utah","return_normal","Past",2020-09-11,"mobility_trend",NA,NA,NA,0.790641672823963,NA,NA,NA,NA
"Utah","status_quo","Past",2020-09-11,"mobility_trend",NA,NA,NA,0.790641672823963,NA,NA,NA,NA
"Utah",NA,"Past",2020-09-12,"actual_cumulative_cases",NA,NA,NA,57247,NA,NA,NA,NA
"Utah",NA,"Past",2020-09-12,"actual_cumulative_deaths",NA,NA,NA,438,NA,NA,NA,NA
"Utah",NA,"Past",2020-09-12,"actual_daily_cases",NA,NA,NA,572,NA,NA,NA,NA
"Utah",NA,"Past",2020-09-12,"actual_daily_deaths",NA,NA,NA,2,NA,NA,NA,NA
"Utah","linear_increase_sd","Past",2020-09-12,"combined_trend",NA,NA,NA,0.445967334846203,NA,NA,NA,NA
"Utah","return_normal","Past",2020-09-12,"combined_trend",NA,NA,NA,0.445967334846203,NA,NA,NA,NA
"Utah","status_quo","Past",2020-09-12,"combined_trend",NA,NA,NA,0.445967334846203,NA,NA,NA,NA
"Utah","linear_increase_sd","Past",2020-09-12,"cumulative_all_infections",168738,168738,168738,170301,169460,172705,172705,172705
"Utah","return_normal","Past",2020-09-12,"cumulative_all_infections",168738,168738,168738,170301,169460,172705,172705,172705
"Utah","status_quo","Past",2020-09-12,"cumulative_all_infections",168738,168738,168738,170301,169460,172705,172705,172705
"Utah","linear_increase_sd","Past",2020-09-12,"cumulative_cases",53997,53997,53997,54384,54085,55069,55069,55069
"Utah","return_normal","Past",2020-09-12,"cumulative_cases",53997,53997,53997,54384,54085,55069,55069,55069
"Utah","status_quo","Past",2020-09-12,"cumulative_cases",53997,53997,53997,54384,54085,55069,55069,55069
"Utah","linear_increase_sd","Past",2020-09-12,"cumulative_deaths",658,658,658,667,662,680,680,680
"Utah","return_normal","Past",2020-09-12,"cumulative_deaths",658,658,658,667,662,680,680,680
"Utah","status_quo","Past",2020-09-12,"cumulative_deaths",658,658,658,667,662,680,680,680
"Utah","linear_increase_sd","Past",2020-09-12,"cumulative_hosps",6207,6207,6207,6247,6227,6305,6305,6305
"Utah","return_normal","Past",2020-09-12,"cumulative_hosps",6207,6207,6207,6247,6227,6305,6305,6305
"Utah","status_quo","Past",2020-09-12,"cumulative_hosps",6207,6207,6207,6247,6227,6305,6305,6305
"Utah","linear_increase_sd","Past",2020-09-12,"daily_all_infections",1622,1622,1622,1754,1747,1893,1893,1893
"Utah","return_normal","Past",2020-09-12,"daily_all_infections",1622,1622,1622,1754,1747,1893,1893,1893
"Utah","status_quo","Past",2020-09-12,"daily_all_infections",1622,1622,1622,1754,1747,1893,1893,1893
"Utah","linear_increase_sd","Past",2020-09-12,"daily_cases",516,516,516,564,579,596,596,596
"Utah","return_normal","Past",2020-09-12,"daily_cases",516,516,516,564,579,596,596,596
"Utah","status_quo","Past",2020-09-12,"daily_cases",516,516,516,564,579,596,596,596
"Utah","linear_increase_sd","Past",2020-09-12,"daily_deaths",3,3,3,3,3,3,3,3
"Utah","return_normal","Past",2020-09-12,"daily_deaths",3,3,3,3,3,3,3,3
"Utah","status_quo","Past",2020-09-12,"daily_deaths",3,3,3,3,3,3,3,3
"Utah","linear_increase_sd","Past",2020-09-12,"daily_hosps",54,54,54,57,56,61,61,61
"Utah","return_normal","Past",2020-09-12,"daily_hosps",54,54,54,57,56,61,61,61
"Utah","status_quo","Past",2020-09-12,"daily_hosps",54,54,54,57,56,61,61,61
"Utah","linear_increase_sd","Past",2020-09-12,"latent_trend",NA,NA,NA,0.565536434411407,NA,NA,NA,NA
"Utah","return_normal","Past",2020-09-12,"latent_trend",NA,NA,NA,0.565536434411407,NA,NA,NA,NA
"Utah","status_quo","Past",2020-09-12,"latent_trend",NA,NA,NA,0.565536434411407,NA,NA,NA,NA
"Utah","linear_increase_sd","Past",2020-09-12,"mobility_trend",NA,NA,NA,0.788574011699798,NA,NA,NA,NA
"Utah","return_normal","Past",2020-09-12,"mobility_trend",NA,NA,NA,0.788574011699798,NA,NA,NA,NA
"Utah","status_quo","Past",2020-09-12,"mobility_trend",NA,NA,NA,0.788574011699798,NA,NA,NA,NA
"Utah",NA,"Past",2020-09-13,"actual_cumulative_cases",NA,NA,NA,57875,NA,NA,NA,NA
"Utah",NA,"Past",2020-09-13,"actual_cumulative_deaths",NA,NA,NA,438,NA,NA,NA,NA
"Utah",NA,"Past",2020-09-13,"actual_daily_cases",NA,NA,NA,628,NA,NA,NA,NA
"Utah",NA,"Past",2020-09-13,"actual_daily_deaths",NA,NA,NA,0,NA,NA,NA,NA
"Utah","linear_increase_sd","Past",2020-09-13,"combined_trend",NA,NA,NA,0.445817817709132,NA,NA,NA,NA
"Utah","return_normal","Past",2020-09-13,"combined_trend",NA,NA,NA,0.445817817709132,NA,NA,NA,NA
"Utah","status_quo","Past",2020-09-13,"combined_trend",NA,NA,NA,0.445817817709132,NA,NA,NA,NA
"Utah","linear_increase_sd","Past",2020-09-13,"cumulative_all_infections",170405,170405,170405,172099,171259,174631,174631,174631
"Utah","return_normal","Past",2020-09-13,"cumulative_all_infections",170405,170405,170405,172099,171259,174631,174631,174631
"Utah","status_quo","Past",2020-09-13,"cumulative_all_infections",170405,170405,170405,172099,171259,174631,174631,174631
"Utah","linear_increase_sd","Past",2020-09-13,"cumulative_cases",54553,54553,54553,54979,54669,55713,55713,55713
"Utah","return_normal","Past",2020-09-13,"cumulative_cases",54553,54553,54553,54979,54669,55713,55713,55713
"Utah","status_quo","Past",2020-09-13,"cumulative_cases",54553,54553,54553,54979,54669,55713,55713,55713
"Utah","linear_increase_sd","Past",2020-09-13,"cumulative_deaths",662,662,662,671,666,683,683,683
"Utah","return_normal","Past",2020-09-13,"cumulative_deaths",662,662,662,671,666,683,683,683
"Utah","status_quo","Past",2020-09-13,"cumulative_deaths",662,662,662,671,666,683,683,683
"Utah","linear_increase_sd","Past",2020-09-13,"cumulative_hosps",6262,6262,6262,6305,6284,6367,6367,6367
"Utah","return_normal","Past",2020-09-13,"cumulative_hosps",6262,6262,6262,6305,6284,6367,6367,6367
"Utah","status_quo","Past",2020-09-13,"cumulative_hosps",6262,6262,6262,6305,6284,6367,6367,6367
"Utah","linear_increase_sd","Past",2020-09-13,"daily_all_infections",1667,1667,1667,1798,1799,1926,1926,1926
"Utah","return_normal","Past",2020-09-13,"daily_all_infections",1667,1667,1667,1798,1799,1926,1926,1926
"Utah","status_quo","Past",2020-09-13,"daily_all_infections",1667,1667,1667,1798,1799,1926,1926,1926
"Utah","linear_increase_sd","Past",2020-09-13,"daily_cases",556,556,556,595,584,644,644,644
"Utah","return_normal","Past",2020-09-13,"daily_cases",556,556,556,595,584,644,644,644
"Utah","status_quo","Past",2020-09-13,"daily_cases",556,556,556,595,584,644,644,644
"Utah","linear_increase_sd","Past",2020-09-13,"daily_deaths",3,3,3,4,4,4,4,4
"Utah","return_normal","Past",2020-09-13,"daily_deaths",3,3,3,4,4,4,4,4
"Utah","status_quo","Past",2020-09-13,"daily_deaths",3,3,3,4,4,4,4,4
"Utah","linear_increase_sd","Past",2020-09-13,"daily_hosps",55,55,55,58,57,62,62,62
"Utah","return_normal","Past",2020-09-13,"daily_hosps",55,55,55,58,57,62,62,62
"Utah","status_quo","Past",2020-09-13,"daily_hosps",55,55,55,58,57,62,62,62
"Utah","linear_increase_sd","Past",2020-09-13,"latent_trend",NA,NA,NA,0.566544156560933,NA,NA,NA,NA
"Utah","return_normal","Past",2020-09-13,"latent_trend",NA,NA,NA,0.566544156560933,NA,NA,NA,NA
"Utah","status_quo","Past",2020-09-13,"latent_trend",NA,NA,NA,0.566544156560933,NA,NA,NA,NA
"Utah","linear_increase_sd","Past",2020-09-13,"mobility_trend",NA,NA,NA,0.786907450277767,NA,NA,NA,NA
"Utah","return_normal","Past",2020-09-13,"mobility_trend",NA,NA,NA,0.786907450277767,NA,NA,NA,NA
"Utah","status_quo","Past",2020-09-13,"mobility_trend",NA,NA,NA,0.786907450277767,NA,NA,NA,NA
"Utah",NA,"Past",2020-09-14,"actual_cumulative_cases",NA,NA,NA,58438,NA,NA,NA,NA
"Utah",NA,"Past",2020-09-14,"actual_cumulative_deaths",NA,NA,NA,441,NA,NA,NA,NA
"Utah",NA,"Past",2020-09-14,"actual_daily_cases",NA,NA,NA,563,NA,NA,NA,NA
"Utah",NA,"Past",2020-09-14,"actual_daily_deaths",NA,NA,NA,3,NA,NA,NA,NA
"Utah","linear_increase_sd","Past",2020-09-14,"combined_trend",NA,NA,NA,0.44569398161528,NA,NA,NA,NA
"Utah","return_normal","Past",2020-09-14,"combined_trend",NA,NA,NA,0.44569398161528,NA,NA,NA,NA
"Utah","status_quo","Past",2020-09-14,"combined_trend",NA,NA,NA,0.44569398161528,NA,NA,NA,NA
"Utah","linear_increase_sd","Past",2020-09-14,"cumulative_all_infections",172110,172110,172110,173943,173118,176601,176601,176601
"Utah","return_normal","Past",2020-09-14,"cumulative_all_infections",172110,172110,172110,173943,173118,176601,176601,176601
"Utah","status_quo","Past",2020-09-14,"cumulative_all_infections",172110,172110,172110,173943,173118,176601,176601,176601
"Utah","linear_increase_sd","Past",2020-09-14,"cumulative_cases",55168,55168,55168,55537,55180,56263,56263,56263
"Utah","return_normal","Past",2020-09-14,"cumulative_cases",55168,55168,55168,55537,55180,56263,56263,56263
"Utah","status_quo","Past",2020-09-14,"cumulative_cases",55168,55168,55168,55537,55180,56263,56263,56263
"Utah","linear_increase_sd","Past",2020-09-14,"cumulative_deaths",666,666,666,675,670,687,687,687
"Utah","return_normal","Past",2020-09-14,"cumulative_deaths",666,666,666,675,670,687,687,687
"Utah","status_quo","Past",2020-09-14,"cumulative_deaths",666,666,666,675,670,687,687,687
"Utah","linear_increase_sd","Past",2020-09-14,"cumulative_hosps",6320,6320,6320,6364,6341,6431,6431,6431
"Utah","return_normal","Past",2020-09-14,"cumulative_hosps",6320,6320,6320,6364,6341,6431,6431,6431
"Utah","status_quo","Past",2020-09-14,"cumulative_hosps",6320,6320,6320,6364,6341,6431,6431,6431
"Utah","linear_increase_sd","Past",2020-09-14,"daily_all_infections",1705,1705,1705,1845,1859,1970,1970,1970
"Utah","return_normal","Past",2020-09-14,"daily_all_infections",1705,1705,1705,1845,1859,1970,1970,1970
"Utah","status_quo","Past",2020-09-14,"daily_all_infections",1705,1705,1705,1845,1859,1970,1970,1970
"Utah","linear_increase_sd","Past",2020-09-14,"daily_cases",511,511,511,559,550,615,615,615
"Utah","return_normal","Past",2020-09-14,"daily_cases",511,511,511,559,550,615,615,615
"Utah","status_quo","Past",2020-09-14,"daily_cases",511,511,511,559,550,615,615,615
"Utah","linear_increase_sd","Past",2020-09-14,"daily_deaths",4,4,4,4,4,4,4,4
"Utah","return_normal","Past",2020-09-14,"daily_deaths",4,4,4,4,4,4,4,4
"Utah","status_quo","Past",2020-09-14,"daily_deaths",4,4,4,4,4,4,4,4
"Utah","linear_increase_sd","Past",2020-09-14,"daily_hosps",57,57,57,60,58,64,64,64
"Utah","return_normal","Past",2020-09-14,"daily_hosps",57,57,57,60,58,64,64,64
"Utah","status_quo","Past",2020-09-14,"daily_hosps",57,57,57,60,58,64,64,64
"Utah","linear_increase_sd","Past",2020-09-14,"latent_trend",NA,NA,NA,0.567318915810442,NA,NA,NA,NA
"Utah","return_normal","Past",2020-09-14,"latent_trend",NA,NA,NA,0.567318915810442,NA,NA,NA,NA
"Utah","status_quo","Past",2020-09-14,"latent_trend",NA,NA,NA,0.567318915810442,NA,NA,NA,NA
"Utah","linear_increase_sd","Past",2020-09-14,"mobility_trend",NA,NA,NA,0.785614526846132,NA,NA,NA,NA
"Utah","return_normal","Past",2020-09-14,"mobility_trend",NA,NA,NA,0.785614526846132,NA,NA,NA,NA
"Utah","status_quo","Past",2020-09-14,"mobility_trend",NA,NA,NA,0.785614526846132,NA,NA,NA,NA
"Utah",NA,"Past",2020-09-15,"actual_cumulative_cases",NA,NA,NA,59000,NA,NA,NA,NA
"Utah",NA,"Past",2020-09-15,"actual_cumulative_deaths",NA,NA,NA,441,NA,NA,NA,NA
"Utah",NA,"Past",2020-09-15,"actual_daily_cases",NA,NA,NA,562,NA,NA,NA,NA
"Utah",NA,"Past",2020-09-15,"actual_daily_deaths",NA,NA,NA,0,NA,NA,NA,NA
"Utah","linear_increase_sd","Past",2020-09-15,"combined_trend",NA,NA,NA,0.445599440887576,NA,NA,NA,NA
"Utah","return_normal","Past",2020-09-15,"combined_trend",NA,NA,NA,0.445599440887576,NA,NA,NA,NA
"Utah","status_quo","Past",2020-09-15,"combined_trend",NA,NA,NA,0.445599440887576,NA,NA,NA,NA
"Utah","linear_increase_sd","Past",2020-09-15,"cumulative_all_infections",173847,173847,173847,175833,175034,178618,178618,178618
"Utah","return_normal","Past",2020-09-15,"cumulative_all_infections",173847,173847,173847,175833,175034,178618,178618,178618
"Utah","status_quo","Past",2020-09-15,"cumulative_all_infections",173847,173847,173847,175833,175034,178618,178618,178618
"Utah","linear_increase_sd","Past",2020-09-15,"cumulative_cases",55731,55731,55731,56161,55796,56955,56955,56955
"Utah","return_normal","Past",2020-09-15,"cumulative_cases",55731,55731,55731,56161,55796,56955,56955,56955
"Utah","status_quo","Past",2020-09-15,"cumulative_cases",55731,55731,55731,56161,55796,56955,56955,56955
"Utah","linear_increase_sd","Past",2020-09-15,"cumulative_deaths",670,670,670,678,673,690,690,690
"Utah","return_normal","Past",2020-09-15,"cumulative_deaths",670,670,670,678,673,690,690,690
"Utah","status_quo","Past",2020-09-15,"cumulative_deaths",670,670,670,678,673,690,690,690
"Utah","linear_increase_sd","Past",2020-09-15,"cumulative_hosps",6378,6378,6378,6425,6400,6497,6497,6497
"Utah","return_normal","Past",2020-09-15,"cumulative_hosps",6378,6378,6378,6425,6400,6497,6497,6497
"Utah","status_quo","Past",2020-09-15,"cumulative_hosps",6378,6378,6378,6425,6400,6497,6497,6497
"Utah","linear_increase_sd","Past",2020-09-15,"daily_all_infections",1737,1737,1737,1890,1916,2017,2017,2017
"Utah","return_normal","Past",2020-09-15,"daily_all_infections",1737,1737,1737,1890,1916,2017,2017,2017
"Utah","status_quo","Past",2020-09-15,"daily_all_infections",1737,1737,1737,1890,1916,2017,2017,2017
"Utah","linear_increase_sd","Past",2020-09-15,"daily_cases",551,551,551,624,628,692,692,692
"Utah","return_normal","Past",2020-09-15,"daily_cases",551,551,551,624,628,692,692,692
"Utah","status_quo","Past",2020-09-15,"daily_cases",551,551,551,624,628,692,692,692
"Utah","linear_increase_sd","Past",2020-09-15,"daily_deaths",3,3,3,4,3,4,4,4
"Utah","return_normal","Past",2020-09-15,"daily_deaths",3,3,3,4,3,4,4,4
"Utah","status_quo","Past",2020-09-15,"daily_deaths",3,3,3,4,3,4,4,4
"Utah","linear_increase_sd","Past",2020-09-15,"daily_hosps",58,58,58,61,59,66,66,66
"Utah","return_normal","Past",2020-09-15,"daily_hosps",58,58,58,61,59,66,66,66
"Utah","status_quo","Past",2020-09-15,"daily_hosps",58,58,58,61,59,66,66,66
"Utah","linear_increase_sd","Past",2020-09-15,"latent_trend",NA,NA,NA,0.567882933923744,NA,NA,NA,NA
"Utah","return_normal","Past",2020-09-15,"latent_trend",NA,NA,NA,0.567882933923744,NA,NA,NA,NA
"Utah","status_quo","Past",2020-09-15,"latent_trend",NA,NA,NA,0.567882933923744,NA,NA,NA,NA
"Utah","linear_increase_sd","Past",2020-09-15,"mobility_trend",NA,NA,NA,0.78466777969315,NA,NA,NA,NA
"Utah","return_normal","Past",2020-09-15,"mobility_trend",NA,NA,NA,0.78466777969315,NA,NA,NA,NA
"Utah","status_quo","Past",2020-09-15,"mobility_trend",NA,NA,NA,0.78466777969315,NA,NA,NA,NA
"Utah",NA,"Past",2020-09-16,"actual_cumulative_cases",NA,NA,NA,59747,NA,NA,NA,NA
"Utah",NA,"Past",2020-09-16,"actual_cumulative_deaths",NA,NA,NA,442,NA,NA,NA,NA
"Utah",NA,"Past",2020-09-16,"actual_daily_cases",NA,NA,NA,747,NA,NA,NA,NA
"Utah",NA,"Past",2020-09-16,"actual_daily_deaths",NA,NA,NA,1,NA,NA,NA,NA
"Utah","linear_increase_sd","Past",2020-09-16,"combined_trend",NA,NA,NA,0.445535354084222,NA,NA,NA,NA
"Utah","return_normal","Past",2020-09-16,"combined_trend",NA,NA,NA,0.445535354084222,NA,NA,NA,NA
"Utah","status_quo","Past",2020-09-16,"combined_trend",NA,NA,NA,0.445535354084222,NA,NA,NA,NA
"Utah","linear_increase_sd","Past",2020-09-16,"cumulative_all_infections",175635,175635,175635,177778,177011,180687,180687,180687
"Utah","return_normal","Past",2020-09-16,"cumulative_all_infections",175635,175635,175635,177778,177011,180687,180687,180687
"Utah","status_quo","Past",2020-09-16,"cumulative_all_infections",175635,175635,175635,177778,177011,180687,180687,180687
"Utah","linear_increase_sd","Past",2020-09-16,"cumulative_cases",56323,56323,56323,56802,56426,57657,57657,57657
"Utah","return_normal","Past",2020-09-16,"cumulative_cases",56323,56323,56323,56802,56426,57657,57657,57657
"Utah","status_quo","Past",2020-09-16,"cumulative_cases",56323,56323,56323,56802,56426,57657,57657,57657
"Utah","linear_increase_sd","Past",2020-09-16,"cumulative_deaths",674,674,674,682,677,694,694,694
"Utah","return_normal","Past",2020-09-16,"cumulative_deaths",674,674,674,682,677,694,694,694
"Utah","status_quo","Past",2020-09-16,"cumulative_deaths",674,674,674,682,677,694,694,694
"Utah","linear_increase_sd","Past",2020-09-16,"cumulative_hosps",6440,6440,6440,6490,6463,6565,6565,6565
"Utah","return_normal","Past",2020-09-16,"cumulative_hosps",6440,6440,6440,6490,6463,6565,6565,6565
"Utah","status_quo","Past",2020-09-16,"cumulative_hosps",6440,6440,6440,6490,6463,6565,6565,6565
"Utah","linear_increase_sd","Past",2020-09-16,"daily_all_infections",1788,1788,1788,1945,1977,2069,2069,2069
"Utah","return_normal","Past",2020-09-16,"daily_all_infections",1788,1788,1788,1945,1977,2069,2069,2069
"Utah","status_quo","Past",2020-09-16,"daily_all_infections",1788,1788,1788,1945,1977,2069,2069,2069
"Utah","linear_increase_sd","Past",2020-09-16,"daily_cases",592,592,592,642,630,702,702,702
"Utah","return_normal","Past",2020-09-16,"daily_cases",592,592,592,642,630,702,702,702
"Utah","status_quo","Past",2020-09-16,"daily_cases",592,592,592,642,630,702,702,702
"Utah","linear_increase_sd","Past",2020-09-16,"daily_deaths",4,4,4,4,4,4,4,4
"Utah","return_normal","Past",2020-09-16,"daily_deaths",4,4,4,4,4,4,4,4
"Utah","status_quo","Past",2020-09-16,"daily_deaths",4,4,4,4,4,4,4,4
"Utah","linear_increase_sd","Past",2020-09-16,"daily_hosps",62,62,62,65,63,68,68,68
"Utah","return_normal","Past",2020-09-16,"daily_hosps",62,62,62,65,63,68,68,68
"Utah","status_quo","Past",2020-09-16,"daily_hosps",62,62,62,65,63,68,68,68
"Utah","linear_increase_sd","Past",2020-09-16,"latent_trend",NA,NA,NA,0.568258332104498,NA,NA,NA,NA
"Utah","return_normal","Past",2020-09-16,"latent_trend",NA,NA,NA,0.568258332104498,NA,NA,NA,NA
"Utah","status_quo","Past",2020-09-16,"latent_trend",NA,NA,NA,0.568258332104498,NA,NA,NA,NA
"Utah","linear_increase_sd","Past",2020-09-16,"mobility_trend",NA,NA,NA,0.78403664128288,NA,NA,NA,NA
"Utah","return_normal","Past",2020-09-16,"mobility_trend",NA,NA,NA,0.78403664128288,NA,NA,NA,NA
"Utah","status_quo","Past",2020-09-16,"mobility_trend",NA,NA,NA,0.78403664128288,NA,NA,NA,NA
"Utah",NA,"Past",2020-09-17,"actual_cumulative_cases",NA,NA,NA,60658,NA,NA,NA,NA
"Utah",NA,"Past",2020-09-17,"actual_cumulative_deaths",NA,NA,NA,442,NA,NA,NA,NA
"Utah",NA,"Past",2020-09-17,"actual_daily_cases",NA,NA,NA,911,NA,NA,NA,NA
"Utah",NA,"Past",2020-09-17,"actual_daily_deaths",NA,NA,NA,0,NA,NA,NA,NA
"Utah","linear_increase_sd","Past",2020-09-17,"combined_trend",NA,NA,NA,0.445495269199474,NA,NA,NA,NA
"Utah","return_normal","Past",2020-09-17,"combined_trend",NA,NA,NA,0.445495269199474,NA,NA,NA,NA
"Utah","status_quo","Past",2020-09-17,"combined_trend",NA,NA,NA,0.445495269199474,NA,NA,NA,NA
"Utah","linear_increase_sd","Past",2020-09-17,"cumulative_all_infections",177466,177466,177466,179769,179044,182797,182797,182797
"Utah","return_normal","Past",2020-09-17,"cumulative_all_infections",177466,177466,177466,179769,179044,182797,182797,182797
"Utah","status_quo","Past",2020-09-17,"cumulative_all_infections",177466,177466,177466,179769,179044,182797,182797,182797
"Utah","linear_increase_sd","Past",2020-09-17,"cumulative_cases",56935,56935,56935,57441,57073,58313,58313,58313
"Utah","return_normal","Past",2020-09-17,"cumulative_cases",56935,56935,56935,57441,57073,58313,58313,58313
"Utah","status_quo","Past",2020-09-17,"cumulative_cases",56935,56935,56935,57441,57073,58313,58313,58313
"Utah","linear_increase_sd","Past",2020-09-17,"cumulative_deaths",678,678,678,686,680,698,698,698
"Utah","return_normal","Past",2020-09-17,"cumulative_deaths",678,678,678,686,680,698,698,698
"Utah","status_quo","Past",2020-09-17,"cumulative_deaths",678,678,678,686,680,698,698,698
"Utah","linear_increase_sd","Past",2020-09-17,"cumulative_hosps",6502,6502,6502,6555,6527,6635,6635,6635
"Utah","return_normal","Past",2020-09-17,"cumulative_hosps",6502,6502,6502,6555,6527,6635,6635,6635
"Utah","status_quo","Past",2020-09-17,"cumulative_hosps",6502,6502,6502,6555,6527,6635,6635,6635
"Utah","linear_increase_sd","Past",2020-09-17,"daily_all_infections",1831,1831,1831,1992,2033,2110,2110,2110
"Utah","return_normal","Past",2020-09-17,"daily_all_infections",1831,1831,1831,1992,2033,2110,2110,2110
"Utah","status_quo","Past",2020-09-17,"daily_all_infections",1831,1831,1831,1992,2033,2110,2110,2110
"Utah","linear_increase_sd","Past",2020-09-17,"daily_cases",612,612,612,639,647,656,656,656
"Utah","return_normal","Past",2020-09-17,"daily_cases",612,612,612,639,647,656,656,656
"Utah","status_quo","Past",2020-09-17,"daily_cases",612,612,612,639,647,656,656,656
"Utah","linear_increase_sd","Past",2020-09-17,"daily_deaths",3,3,3,4,4,4,4,4
"Utah","return_normal","Past",2020-09-17,"daily_deaths",3,3,3,4,4,4,4,4
"Utah","status_quo","Past",2020-09-17,"daily_deaths",3,3,3,4,4,4,4,4
"Utah","linear_increase_sd","Past",2020-09-17,"daily_hosps",62,62,62,66,64,70,70,70
"Utah","return_normal","Past",2020-09-17,"daily_hosps",62,62,62,66,64,70,70,70
"Utah","status_quo","Past",2020-09-17,"daily_hosps",62,62,62,66,64,70,70,70
"Utah","linear_increase_sd","Past",2020-09-17,"latent_trend",NA,NA,NA,0.568467151736494,NA,NA,NA,NA
"Utah","return_normal","Past",2020-09-17,"latent_trend",NA,NA,NA,0.568467151736494,NA,NA,NA,NA
"Utah","status_quo","Past",2020-09-17,"latent_trend",NA,NA,NA,0.568467151736494,NA,NA,NA,NA
"Utah","linear_increase_sd","Past",2020-09-17,"mobility_trend",NA,NA,NA,0.783678120782567,NA,NA,NA,NA
"Utah","return_normal","Past",2020-09-17,"mobility_trend",NA,NA,NA,0.783678120782567,NA,NA,NA,NA
"Utah","status_quo","Past",2020-09-17,"mobility_trend",NA,NA,NA,0.783678120782567,NA,NA,NA,NA
"Utah",NA,"Past",2020-09-18,"actual_cumulative_cases",NA,NA,NA,61775,NA,NA,NA,NA
"Utah",NA,"Past",2020-09-18,"actual_cumulative_deaths",NA,NA,NA,442,NA,NA,NA,NA
"Utah",NA,"Past",2020-09-18,"actual_daily_cases",NA,NA,NA,1117,NA,NA,NA,NA
"Utah",NA,"Past",2020-09-18,"actual_daily_deaths",NA,NA,NA,0,NA,NA,NA,NA
"Utah","linear_increase_sd","Past",2020-09-18,"combined_trend",NA,NA,NA,0.445470553238374,NA,NA,NA,NA
"Utah","return_normal","Past",2020-09-18,"combined_trend",NA,NA,NA,0.445470553238374,NA,NA,NA,NA
"Utah","status_quo","Past",2020-09-18,"combined_trend",NA,NA,NA,0.445470553238374,NA,NA,NA,NA
"Utah","linear_increase_sd","Past",2020-09-18,"cumulative_all_infections",179331,179331,179331,181810,181148,184950,184950,184950
"Utah","return_normal","Past",2020-09-18,"cumulative_all_infections",179331,179331,179331,181810,181148,184950,184950,184950
"Utah","status_quo","Past",2020-09-18,"cumulative_all_infections",179331,179331,179331,181810,181148,184950,184950,184950
"Utah","linear_increase_sd","Past",2020-09-18,"cumulative_cases",57535,57535,57535,58078,57703,58994,58994,58994
"Utah","return_normal","Past",2020-09-18,"cumulative_cases",57535,57535,57535,58078,57703,58994,58994,58994
"Utah","status_quo","Past",2020-09-18,"cumulative_cases",57535,57535,57535,58078,57703,58994,58994,58994
"Utah","linear_increase_sd","Past",2020-09-18,"cumulative_deaths",682,682,682,689,684,701,701,701
"Utah","return_normal","Past",2020-09-18,"cumulative_deaths",682,682,682,689,684,701,701,701
"Utah","status_quo","Past",2020-09-18,"cumulative_deaths",682,682,682,689,684,701,701,701
"Utah","linear_increase_sd","Past",2020-09-18,"cumulative_hosps",6565,6565,6565,6622,6592,6709,6709,6709
"Utah","return_normal","Past",2020-09-18,"cumulative_hosps",6565,6565,6565,6622,6592,6709,6709,6709
"Utah","status_quo","Past",2020-09-18,"cumulative_hosps",6565,6565,6565,6622,6592,6709,6709,6709
"Utah","linear_increase_sd","Past",2020-09-18,"daily_all_infections",1865,1865,1865,2041,2104,2153,2153,2153
"Utah","return_normal","Past",2020-09-18,"daily_all_infections",1865,1865,1865,2041,2104,2153,2153,2153
"Utah","status_quo","Past",2020-09-18,"daily_all_infections",1865,1865,1865,2041,2104,2153,2153,2153
"Utah","linear_increase_sd","Past",2020-09-18,"daily_cases",600,600,600,637,630,681,681,681
"Utah","return_normal","Past",2020-09-18,"daily_cases",600,600,600,637,630,681,681,681
"Utah","status_quo","Past",2020-09-18,"daily_cases",600,600,600,637,630,681,681,681
"Utah","linear_increase_sd","Past",2020-09-18,"daily_deaths",3,3,3,4,4,4,4,4
"Utah","return_normal","Past",2020-09-18,"daily_deaths",3,3,3,4,4,4,4,4
"Utah","status_quo","Past",2020-09-18,"daily_deaths",3,3,3,4,4,4,4,4
"Utah","linear_increase_sd","Past",2020-09-18,"daily_hosps",63,63,63,68,65,74,74,74
"Utah","return_normal","Past",2020-09-18,"daily_hosps",63,63,63,68,65,74,74,74
"Utah","status_quo","Past",2020-09-18,"daily_hosps",63,63,63,68,65,74,74,74
"Utah","linear_increase_sd","Past",2020-09-18,"latent_trend",NA,NA,NA,0.568531374216409,NA,NA,NA,NA
"Utah","return_normal","Past",2020-09-18,"latent_trend",NA,NA,NA,0.568531374216409,NA,NA,NA,NA
"Utah","status_quo","Past",2020-09-18,"latent_trend",NA,NA,NA,0.568531374216409,NA,NA,NA,NA
"Utah","linear_increase_sd","Past",2020-09-18,"mobility_trend",NA,NA,NA,0.783546121535252,NA,NA,NA,NA
"Utah","return_normal","Past",2020-09-18,"mobility_trend",NA,NA,NA,0.783546121535252,NA,NA,NA,NA
"Utah","status_quo","Past",2020-09-18,"mobility_trend",NA,NA,NA,0.783546121535252,NA,NA,NA,NA
"Utah",NA,"Past",2020-09-19,"actual_cumulative_cases",NA,NA,NA,62852,NA,NA,NA,NA
"Utah",NA,"Past",2020-09-19,"actual_cumulative_deaths",NA,NA,NA,445,NA,NA,NA,NA
"Utah",NA,"Past",2020-09-19,"actual_daily_cases",NA,NA,NA,1077,NA,NA,NA,NA
"Utah",NA,"Past",2020-09-19,"actual_daily_deaths",NA,NA,NA,3,NA,NA,NA,NA
"Utah","linear_increase_sd","Past",2020-09-19,"combined_trend",NA,NA,NA,0.445452295206094,NA,NA,NA,NA
"Utah","return_normal","Past",2020-09-19,"combined_trend",NA,NA,NA,0.445452295206094,NA,NA,NA,NA
"Utah","status_quo","Past",2020-09-19,"combined_trend",NA,NA,NA,0.445452295206094,NA,NA,NA,NA
"Utah","linear_increase_sd","Past",2020-09-19,"cumulative_all_infections",181247,181247,181247,183904,183314,187151,187151,187151
"Utah","return_normal","Past",2020-09-19,"cumulative_all_infections",181247,181247,181247,183904,183314,187151,187151,187151
"Utah","status_quo","Past",2020-09-19,"cumulative_all_infections",181247,181247,181247,183904,183314,187151,187151,187151
"Utah","linear_increase_sd","Past",2020-09-19,"cumulative_cases",58211,58211,58211,58788,58387,59766,59766,59766
"Utah","return_normal","Past",2020-09-19,"cumulative_cases",58211,58211,58211,58788,58387,59766,59766,59766
"Utah","status_quo","Past",2020-09-19,"cumulative_cases",58211,58211,58211,58788,58387,59766,59766,59766
"Utah","linear_increase_sd","Past",2020-09-19,"cumulative_deaths",686,686,686,693,688,705,705,705
"Utah","return_normal","Past",2020-09-19,"cumulative_deaths",686,686,686,693,688,705,705,705
"Utah","status_quo","Past",2020-09-19,"cumulative_deaths",686,686,686,693,688,705,705,705
"Utah","linear_increase_sd","Past",2020-09-19,"cumulative_hosps",6631,6631,6631,6693,6662,6784,6784,6784
"Utah","return_normal","Past",2020-09-19,"cumulative_hosps",6631,6631,6631,6693,6662,6784,6784,6784
"Utah","status_quo","Past",2020-09-19,"cumulative_hosps",6631,6631,6631,6693,6662,6784,6784,6784
"Utah","linear_increase_sd","Past",2020-09-19,"daily_all_infections",1916,1916,1916,2095,2166,2201,2201,2201
"Utah","return_normal","Past",2020-09-19,"daily_all_infections",1916,1916,1916,2095,2166,2201,2201,2201
"Utah","status_quo","Past",2020-09-19,"daily_all_infections",1916,1916,1916,2095,2166,2201,2201,2201
"Utah","linear_increase_sd","Past",2020-09-19,"daily_cases",676,676,676,711,684,772,772,772
"Utah","return_normal","Past",2020-09-19,"daily_cases",676,676,676,711,684,772,772,772
"Utah","status_quo","Past",2020-09-19,"daily_cases",676,676,676,711,684,772,772,772
"Utah","linear_increase_sd","Past",2020-09-19,"daily_deaths",4,4,4,4,4,4,4,4
"Utah","return_normal","Past",2020-09-19,"daily_deaths",4,4,4,4,4,4,4,4
"Utah","status_quo","Past",2020-09-19,"daily_deaths",4,4,4,4,4,4,4,4
"Utah","linear_increase_sd","Past",2020-09-19,"daily_hosps",66,66,66,71,70,75,75,75
"Utah","return_normal","Past",2020-09-19,"daily_hosps",66,66,66,71,70,75,75,75
"Utah","status_quo","Past",2020-09-19,"daily_hosps",66,66,66,71,70,75,75,75
"Utah","linear_increase_sd","Past",2020-09-19,"latent_trend",NA,NA,NA,0.568472939197277,NA,NA,NA,NA
"Utah","return_normal","Past",2020-09-19,"latent_trend",NA,NA,NA,0.568472939197277,NA,NA,NA,NA
"Utah","status_quo","Past",2020-09-19,"latent_trend",NA,NA,NA,0.568472939197277,NA,NA,NA,NA
"Utah","linear_increase_sd","Past",2020-09-19,"mobility_trend",NA,NA,NA,0.783594546883979,NA,NA,NA,NA
"Utah","return_normal","Past",2020-09-19,"mobility_trend",NA,NA,NA,0.783594546883979,NA,NA,NA,NA
"Utah","status_quo","Past",2020-09-19,"mobility_trend",NA,NA,NA,0.783594546883979,NA,NA,NA,NA
"Utah",NA,"Past",2020-09-20,"actual_cumulative_cases",NA,NA,NA,63772,NA,NA,NA,NA
"Utah",NA,"Past",2020-09-20,"actual_cumulative_deaths",NA,NA,NA,445,NA,NA,NA,NA
"Utah",NA,"Past",2020-09-20,"actual_daily_cases",NA,NA,NA,920,NA,NA,NA,NA
"Utah",NA,"Past",2020-09-20,"actual_daily_deaths",NA,NA,NA,0,NA,NA,NA,NA
"Utah","linear_increase_sd","Past",2020-09-20,"combined_trend",NA,NA,NA,0.445432737345401,NA,NA,NA,NA
"Utah","return_normal","Past",2020-09-20,"combined_trend",NA,NA,NA,0.445432737345401,NA,NA,NA,NA
"Utah","status_quo","Past",2020-09-20,"combined_trend",NA,NA,NA,0.445432737345401,NA,NA,NA,NA
"Utah","linear_increase_sd","Past",2020-09-20,"cumulative_all_infections",183222,183222,183222,186056,185553,189392,189392,189392
"Utah","return_normal","Past",2020-09-20,"cumulative_all_infections",183222,183222,183222,186056,185553,189392,189392,189392
"Utah","status_quo","Past",2020-09-20,"cumulative_all_infections",183222,183222,183222,186056,185553,189392,189392,189392
"Utah","linear_increase_sd","Past",2020-09-20,"cumulative_cases",58851,58851,58851,59489,59143,60473,60473,60473
"Utah","return_normal","Past",2020-09-20,"cumulative_cases",58851,58851,58851,59489,59143,60473,60473,60473
"Utah","status_quo","Past",2020-09-20,"cumulative_cases",58851,58851,58851,59489,59143,60473,60473,60473
"Utah","linear_increase_sd","Past",2020-09-20,"cumulative_deaths",690,690,690,697,692,709,709,709
"Utah","return_normal","Past",2020-09-20,"cumulative_deaths",690,690,690,697,692,709,709,709
"Utah","status_quo","Past",2020-09-20,"cumulative_deaths",690,690,690,697,692,709,709,709
"Utah","linear_increase_sd","Past",2020-09-20,"cumulative_hosps",6697,6697,6697,6763,6732,6860,6860,6860
"Utah","return_normal","Past",2020-09-20,"cumulative_hosps",6697,6697,6697,6763,6732,6860,6860,6860
"Utah","status_quo","Past",2020-09-20,"cumulative_hosps",6697,6697,6697,6763,6732,6860,6860,6860
"Utah","linear_increase_sd","Past",2020-09-20,"daily_all_infections",1975,1975,1975,2152,2239,2241,2241,2241
"Utah","return_normal","Past",2020-09-20,"daily_all_infections",1975,1975,1975,2152,2239,2241,2241,2241
"Utah","status_quo","Past",2020-09-20,"daily_all_infections",1975,1975,1975,2152,2239,2241,2241,2241
"Utah","linear_increase_sd","Past",2020-09-20,"daily_cases",640,640,640,701,707,756,756,756
"Utah","return_normal","Past",2020-09-20,"daily_cases",640,640,640,701,707,756,756,756
"Utah","status_quo","Past",2020-09-20,"daily_cases",640,640,640,701,707,756,756,756
"Utah","linear_increase_sd","Past",2020-09-20,"daily_deaths",4,4,4,4,4,4,4,4
"Utah","return_normal","Past",2020-09-20,"daily_deaths",4,4,4,4,4,4,4,4
"Utah","status_quo","Past",2020-09-20,"daily_deaths",4,4,4,4,4,4,4,4
"Utah","linear_increase_sd","Past",2020-09-20,"daily_hosps",66,66,66,71,70,76,76,76
"Utah","return_normal","Past",2020-09-20,"daily_hosps",66,66,66,71,70,76,76,76
"Utah","status_quo","Past",2020-09-20,"daily_hosps",66,66,66,71,70,76,76,76
"Utah","linear_increase_sd","Past",2020-09-20,"latent_trend",NA,NA,NA,0.568313760741456,NA,NA,NA,NA
"Utah","return_normal","Past",2020-09-20,"latent_trend",NA,NA,NA,0.568313760741456,NA,NA,NA,NA
"Utah","status_quo","Past",2020-09-20,"latent_trend",NA,NA,NA,0.568313760741456,NA,NA,NA,NA
"Utah","linear_increase_sd","Past",2020-09-20,"mobility_trend",NA,NA,NA,0.783779609285306,NA,NA,NA,NA
"Utah","return_normal","Past",2020-09-20,"mobility_trend",NA,NA,NA,0.783779609285306,NA,NA,NA,NA
"Utah","status_quo","Past",2020-09-20,"mobility_trend",NA,NA,NA,0.783779609285306,NA,NA,NA,NA
"Utah",NA,"Past",2020-09-21,"actual_cumulative_cases",NA,NA,NA,64394,NA,NA,NA,NA
"Utah",NA,"Past",2020-09-21,"actual_cumulative_deaths",NA,NA,NA,446,NA,NA,NA,NA
"Utah",NA,"Past",2020-09-21,"actual_daily_cases",NA,NA,NA,622,NA,NA,NA,NA
"Utah",NA,"Past",2020-09-21,"actual_daily_deaths",NA,NA,NA,1,NA,NA,NA,NA
"Utah","linear_increase_sd","Past",2020-09-21,"combined_trend",NA,NA,NA,0.445409304374138,NA,NA,NA,NA
"Utah","return_normal","Past",2020-09-21,"combined_trend",NA,NA,NA,0.445409304374138,NA,NA,NA,NA
"Utah","status_quo","Past",2020-09-21,"combined_trend",NA,NA,NA,0.445409304374138,NA,NA,NA,NA
"Utah","linear_increase_sd","Past",2020-09-21,"cumulative_all_infections",185240,185240,185240,188260,187863,191676,191676,191676
"Utah","return_normal","Past",2020-09-21,"cumulative_all_infections",185240,185240,185240,188260,187863,191676,191676,191676
"Utah","status_quo","Past",2020-09-21,"cumulative_all_infections",185240,185240,185240,188260,187863,191676,191676,191676
"Utah","linear_increase_sd","Past",2020-09-21,"cumulative_cases",59461,59461,59461,60180,59861,61218,61218,61218
"Utah","return_normal","Past",2020-09-21,"cumulative_cases",59461,59461,59461,60180,59861,61218,61218,61218
"Utah","status_quo","Past",2020-09-21,"cumulative_cases",59461,59461,59461,60180,59861,61218,61218,61218
"Utah","linear_increase_sd","Past",2020-09-21,"cumulative_deaths",694,694,694,702,696,714,714,714
"Utah","return_normal","Past",2020-09-21,"cumulative_deaths",694,694,694,702,696,714,714,714
"Utah","status_quo","Past",2020-09-21,"cumulative_deaths",694,694,694,702,696,714,714,714
"Utah","linear_increase_sd","Past",2020-09-21,"cumulative_hosps",6764,6764,6764,6836,6804,6940,6940,6940
"Utah","return_normal","Past",2020-09-21,"cumulative_hosps",6764,6764,6764,6836,6804,6940,6940,6940
"Utah","status_quo","Past",2020-09-21,"cumulative_hosps",6764,6764,6764,6836,6804,6940,6940,6940
"Utah","linear_increase_sd","Past",2020-09-21,"daily_all_infections",2018,2018,2018,2204,2284,2310,2310,2310
"Utah","return_normal","Past",2020-09-21,"daily_all_infections",2018,2018,2018,2204,2284,2310,2310,2310
"Utah","status_quo","Past",2020-09-21,"daily_all_infections",2018,2018,2018,2204,2284,2310,2310,2310
"Utah","linear_increase_sd","Past",2020-09-21,"daily_cases",610,610,610,691,718,745,745,745
"Utah","return_normal","Past",2020-09-21,"daily_cases",610,610,610,691,718,745,745,745
"Utah","status_quo","Past",2020-09-21,"daily_cases",610,610,610,691,718,745,745,745
"Utah","linear_increase_sd","Past",2020-09-21,"daily_deaths",4,4,4,5,4,5,5,5
"Utah","return_normal","Past",2020-09-21,"daily_deaths",4,4,4,5,4,5,5,5
"Utah","status_quo","Past",2020-09-21,"daily_deaths",4,4,4,5,4,5,5,5
"Utah","linear_increase_sd","Past",2020-09-21,"daily_hosps",67,67,67,73,72,80,80,80
"Utah","return_normal","Past",2020-09-21,"daily_hosps",67,67,67,73,72,80,80,80
"Utah","status_quo","Past",2020-09-21,"daily_hosps",67,67,67,73,72,80,80,80
"Utah","linear_increase_sd","Past",2020-09-21,"latent_trend",NA,NA,NA,0.568075741036639,NA,NA,NA,NA
"Utah","return_normal","Past",2020-09-21,"latent_trend",NA,NA,NA,0.568075741036639,NA,NA,NA,NA
"Utah","status_quo","Past",2020-09-21,"latent_trend",NA,NA,NA,0.568075741036639,NA,NA,NA,NA
"Utah","linear_increase_sd","Past",2020-09-21,"mobility_trend",NA,NA,NA,0.784066757649858,NA,NA,NA,NA
"Utah","return_normal","Past",2020-09-21,"mobility_trend",NA,NA,NA,0.784066757649858,NA,NA,NA,NA
"Utah","status_quo","Past",2020-09-21,"mobility_trend",NA,NA,NA,0.784066757649858,NA,NA,NA,NA
"Utah",NA,"Past",2020-09-22,"actual_cumulative_cases",NA,NA,NA,65044,NA,NA,NA,NA
"Utah",NA,"Past",2020-09-22,"actual_cumulative_deaths",NA,NA,NA,448,NA,NA,NA,NA
"Utah",NA,"Past",2020-09-22,"actual_daily_cases",NA,NA,NA,650,NA,NA,NA,NA
"Utah",NA,"Past",2020-09-22,"actual_daily_deaths",NA,NA,NA,2,NA,NA,NA,NA
"Utah","linear_increase_sd","Past",2020-09-22,"combined_trend",NA,NA,NA,0.445380729770694,NA,NA,NA,NA
"Utah","return_normal","Past",2020-09-22,"combined_trend",NA,NA,NA,0.445380729770694,NA,NA,NA,NA
"Utah","status_quo","Past",2020-09-22,"combined_trend",NA,NA,NA,0.445380729770694,NA,NA,NA,NA
"Utah","linear_increase_sd","Past",2020-09-22,"cumulative_all_infections",187299,187299,187299,190518,190247,194008,194008,194008
"Utah","return_normal","Past",2020-09-22,"cumulative_all_infections",187299,187299,187299,190518,190247,194008,194008,194008
"Utah","status_quo","Past",2020-09-22,"cumulative_all_infections",187299,187299,187299,190518,190247,194008,194008,194008
"Utah","linear_increase_sd","Past",2020-09-22,"cumulative_cases",60166,60166,60166,60940,60648,62006,62006,62006
"Utah","return_normal","Past",2020-09-22,"cumulative_cases",60166,60166,60166,60940,60648,62006,62006,62006
"Utah","status_quo","Past",2020-09-22,"cumulative_cases",60166,60166,60166,60940,60648,62006,62006,62006
"Utah","linear_increase_sd","Past",2020-09-22,"cumulative_deaths",698,698,698,706,700,718,718,718
"Utah","return_normal","Past",2020-09-22,"cumulative_deaths",698,698,698,706,700,718,718,718
"Utah","status_quo","Past",2020-09-22,"cumulative_deaths",698,698,698,706,700,718,718,718
"Utah","linear_increase_sd","Past",2020-09-22,"cumulative_hosps",6833,6833,6833,6911,6877,7022,7022,7022
"Utah","return_normal","Past",2020-09-22,"cumulative_hosps",6833,6833,6833,6911,6877,7022,7022,7022
"Utah","status_quo","Past",2020-09-22,"cumulative_hosps",6833,6833,6833,6911,6877,7022,7022,7022
"Utah","linear_increase_sd","Past",2020-09-22,"daily_all_infections",2059,2059,2059,2259,2332,2384,2384,2384
"Utah","return_normal","Past",2020-09-22,"daily_all_infections",2059,2059,2059,2259,2332,2384,2384,2384
"Utah","status_quo","Past",2020-09-22,"daily_all_infections",2059,2059,2059,2259,2332,2384,2384,2384
"Utah","linear_increase_sd","Past",2020-09-22,"daily_cases",705,705,705,760,787,788,788,788
"Utah","return_normal","Past",2020-09-22,"daily_cases",705,705,705,760,787,788,788,788
"Utah","status_quo","Past",2020-09-22,"daily_cases",705,705,705,760,787,788,788,788
"Utah","linear_increase_sd","Past",2020-09-22,"daily_deaths",4,4,4,4,4,4,4,4
"Utah","return_normal","Past",2020-09-22,"daily_deaths",4,4,4,4,4,4,4,4
"Utah","status_quo","Past",2020-09-22,"daily_deaths",4,4,4,4,4,4,4,4
"Utah","linear_increase_sd","Past",2020-09-22,"daily_hosps",69,69,69,75,73,82,82,82
"Utah","return_normal","Past",2020-09-22,"daily_hosps",69,69,69,75,73,82,82,82
"Utah","status_quo","Past",2020-09-22,"daily_hosps",69,69,69,75,73,82,82,82
"Utah","linear_increase_sd","Past",2020-09-22,"latent_trend",NA,NA,NA,0.5677807814586,NA,NA,NA,NA
"Utah","return_normal","Past",2020-09-22,"latent_trend",NA,NA,NA,0.5677807814586,NA,NA,NA,NA
"Utah","status_quo","Past",2020-09-22,"latent_trend",NA,NA,NA,0.5677807814586,NA,NA,NA,NA
"Utah","linear_increase_sd","Past",2020-09-22,"mobility_trend",NA,NA,NA,0.784423750001776,NA,NA,NA,NA
"Utah","return_normal","Past",2020-09-22,"mobility_trend",NA,NA,NA,0.784423750001776,NA,NA,NA,NA
"Utah","status_quo","Past",2020-09-22,"mobility_trend",NA,NA,NA,0.784423750001776,NA,NA,NA,NA
"Utah",NA,"Past",2020-09-23,"actual_cumulative_cases",NA,NA,NA,65921,NA,NA,NA,NA
"Utah",NA,"Past",2020-09-23,"actual_cumulative_deaths",NA,NA,NA,449,NA,NA,NA,NA
"Utah",NA,"Past",2020-09-23,"actual_daily_cases",NA,NA,NA,877,NA,NA,NA,NA
"Utah",NA,"Past",2020-09-23,"actual_daily_deaths",NA,NA,NA,1,NA,NA,NA,NA
"Utah","linear_increase_sd","Past",2020-09-23,"combined_trend",NA,NA,NA,0.44534579019983,NA,NA,NA,NA
"Utah","return_normal","Past",2020-09-23,"combined_trend",NA,NA,NA,0.44534579019983,NA,NA,NA,NA
"Utah","status_quo","Past",2020-09-23,"combined_trend",NA,NA,NA,0.44534579019983,NA,NA,NA,NA
"Utah","linear_increase_sd","Past",2020-09-23,"cumulative_all_infections",189410,189410,189410,192833,192693,196394,196394,196394
"Utah","return_normal","Past",2020-09-23,"cumulative_all_infections",189410,189410,189410,192833,192693,196394,196394,196394
"Utah","status_quo","Past",2020-09-23,"cumulative_all_infections",189410,189410,189410,192833,192693,196394,196394,196394
"Utah","linear_increase_sd","Past",2020-09-23,"cumulative_cases",60875,60875,60875,61702,61419,62812,62812,62812
"Utah","return_normal","Past",2020-09-23,"cumulative_cases",60875,60875,60875,61702,61419,62812,62812,62812
"Utah","status_quo","Past",2020-09-23,"cumulative_cases",60875,60875,60875,61702,61419,62812,62812,62812
"Utah","linear_increase_sd","Past",2020-09-23,"cumulative_deaths",702,702,702,709,704,721,721,721
"Utah","return_normal","Past",2020-09-23,"cumulative_deaths",702,702,702,709,704,721,721,721
"Utah","status_quo","Past",2020-09-23,"cumulative_deaths",702,702,702,709,704,721,721,721
"Utah","linear_increase_sd","Past",2020-09-23,"cumulative_hosps",6904,6904,6904,6988,6954,7106,7106,7106
"Utah","return_normal","Past",2020-09-23,"cumulative_hosps",6904,6904,6904,6988,6954,7106,7106,7106
"Utah","status_quo","Past",2020-09-23,"cumulative_hosps",6904,6904,6904,6988,6954,7106,7106,7106
"Utah","linear_increase_sd","Past",2020-09-23,"daily_all_infections",2111,2111,2111,2315,2386,2446,2446,2446
"Utah","return_normal","Past",2020-09-23,"daily_all_infections",2111,2111,2111,2315,2386,2446,2446,2446
"Utah","status_quo","Past",2020-09-23,"daily_all_infections",2111,2111,2111,2315,2386,2446,2446,2446
"Utah","linear_increase_sd","Past",2020-09-23,"daily_cases",709,709,709,762,771,806,806,806
"Utah","return_normal","Past",2020-09-23,"daily_cases",709,709,709,762,771,806,806,806
"Utah","status_quo","Past",2020-09-23,"daily_cases",709,709,709,762,771,806,806,806
"Utah","linear_increase_sd","Past",2020-09-23,"daily_deaths",3,3,3,4,4,4,4,4
"Utah","return_normal","Past",2020-09-23,"daily_deaths",3,3,3,4,4,4,4,4
"Utah","status_quo","Past",2020-09-23,"daily_deaths",3,3,3,4,4,4,4,4
"Utah","linear_increase_sd","Past",2020-09-23,"daily_hosps",71,71,71,78,77,84,84,84
"Utah","return_normal","Past",2020-09-23,"daily_hosps",71,71,71,78,77,84,84,84
"Utah","status_quo","Past",2020-09-23,"daily_hosps",71,71,71,78,77,84,84,84
"Utah","linear_increase_sd","Past",2020-09-23,"latent_trend",NA,NA,NA,0.567450790870654,NA,NA,NA,NA
"Utah","return_normal","Past",2020-09-23,"latent_trend",NA,NA,NA,0.567450790870654,NA,NA,NA,NA
"Utah","status_quo","Past",2020-09-23,"latent_trend",NA,NA,NA,0.567450790870654,NA,NA,NA,NA
"Utah","linear_increase_sd","Past",2020-09-23,"mobility_trend",NA,NA,NA,0.7848183443652,NA,NA,NA,NA
"Utah","return_normal","Past",2020-09-23,"mobility_trend",NA,NA,NA,0.7848183443652,NA,NA,NA,NA
"Utah","status_quo","Past",2020-09-23,"mobility_trend",NA,NA,NA,0.7848183443652,NA,NA,NA,NA
"Utah",NA,"Past",2020-09-24,"actual_cumulative_cases",NA,NA,NA,67119,NA,NA,NA,NA
"Utah",NA,"Past",2020-09-24,"actual_cumulative_deaths",NA,NA,NA,449,NA,NA,NA,NA
"Utah",NA,"Past",2020-09-24,"actual_daily_cases",NA,NA,NA,1198,NA,NA,NA,NA
"Utah",NA,"Past",2020-09-24,"actual_daily_deaths",NA,NA,NA,0,NA,NA,NA,NA
"Utah","linear_increase_sd","Past",2020-09-24,"combined_trend",NA,NA,NA,0.445302026122289,NA,NA,NA,NA
"Utah","return_normal","Past",2020-09-24,"combined_trend",NA,NA,NA,0.445302026122289,NA,NA,NA,NA
"Utah","status_quo","Past",2020-09-24,"combined_trend",NA,NA,NA,0.445302026122289,NA,NA,NA,NA
"Utah","linear_increase_sd","Past",2020-09-24,"cumulative_all_infections",191582,191582,191582,195206,195212,198822,198822,198822
"Utah","return_normal","Past",2020-09-24,"cumulative_all_infections",191582,191582,191582,195206,195212,198822,198822,198822
"Utah","status_quo","Past",2020-09-24,"cumulative_all_infections",191582,191582,191582,195206,195212,198822,198822,198822
"Utah","linear_increase_sd","Past",2020-09-24,"cumulative_cases",61599,61599,61599,62486,62231,63627,63627,63627
"Utah","return_normal","Past",2020-09-24,"cumulative_cases",61599,61599,61599,62486,62231,63627,63627,63627
"Utah","status_quo","Past",2020-09-24,"cumulative_cases",61599,61599,61599,62486,62231,63627,63627,63627
"Utah","linear_increase_sd","Past",2020-09-24,"cumulative_deaths",706,706,706,713,707,725,725,725
"Utah","return_normal","Past",2020-09-24,"cumulative_deaths",706,706,706,713,707,725,725,725
"Utah","status_quo","Past",2020-09-24,"cumulative_deaths",706,706,706,713,707,725,725,725
"Utah","linear_increase_sd","Past",2020-09-24,"cumulative_hosps",6977,6977,6977,7067,7033,7190,7190,7190
"Utah","return_normal","Past",2020-09-24,"cumulative_hosps",6977,6977,6977,7067,7033,7190,7190,7190
"Utah","status_quo","Past",2020-09-24,"cumulative_hosps",6977,6977,6977,7067,7033,7190,7190,7190
"Utah","linear_increase_sd","Past",2020-09-24,"daily_all_infections",2172,2172,2172,2373,2428,2519,2519,2519
"Utah","return_normal","Past",2020-09-24,"daily_all_infections",2172,2172,2172,2373,2428,2519,2519,2519
"Utah","status_quo","Past",2020-09-24,"daily_all_infections",2172,2172,2172,2373,2428,2519,2519,2519
"Utah","linear_increase_sd","Past",2020-09-24,"daily_cases",724,724,724,784,812,815,815,815
"Utah","return_normal","Past",2020-09-24,"daily_cases",724,724,724,784,812,815,815,815
"Utah","status_quo","Past",2020-09-24,"daily_cases",724,724,724,784,812,815,815,815
"Utah","linear_increase_sd","Past",2020-09-24,"daily_deaths",3,3,3,4,4,4,4,4
"Utah","return_normal","Past",2020-09-24,"daily_deaths",3,3,3,4,4,4,4,4
"Utah","status_quo","Past",2020-09-24,"daily_deaths",3,3,3,4,4,4,4,4
"Utah","linear_increase_sd","Past",2020-09-24,"daily_hosps",73,73,73,79,79,84,84,84
"Utah","return_normal","Past",2020-09-24,"daily_hosps",73,73,73,79,79,84,84,84
"Utah","status_quo","Past",2020-09-24,"daily_hosps",73,73,73,79,79,84,84,84
"Utah","linear_increase_sd","Past",2020-09-24,"latent_trend",NA,NA,NA,0.567107691132876,NA,NA,NA,NA
"Utah","return_normal","Past",2020-09-24,"latent_trend",NA,NA,NA,0.567107691132876,NA,NA,NA,NA
"Utah","status_quo","Past",2020-09-24,"latent_trend",NA,NA,NA,0.567107691132876,NA,NA,NA,NA
"Utah","linear_increase_sd","Past",2020-09-24,"mobility_trend",NA,NA,NA,0.785215988223925,NA,NA,NA,NA
"Utah","return_normal","Past",2020-09-24,"mobility_trend",NA,NA,NA,0.785215988223925,NA,NA,NA,NA
"Utah","status_quo","Past",2020-09-24,"mobility_trend",NA,NA,NA,0.785215988223925,NA,NA,NA,NA
"Utah",NA,"Past",2020-09-25,"actual_cumulative_cases",NA,NA,NA,68530,NA,NA,NA,NA
"Utah",NA,"Past",2020-09-25,"actual_cumulative_deaths",NA,NA,NA,453,NA,NA,NA,NA
"Utah",NA,"Past",2020-09-25,"actual_daily_cases",NA,NA,NA,1411,NA,NA,NA,NA
"Utah",NA,"Past",2020-09-25,"actual_daily_deaths",NA,NA,NA,4,NA,NA,NA,NA
"Utah","linear_increase_sd","Past",2020-09-25,"combined_trend",NA,NA,NA,0.445241831653198,NA,NA,NA,NA
"Utah","return_normal","Past",2020-09-25,"combined_trend",NA,NA,NA,0.445241831653198,NA,NA,NA,NA
"Utah","status_quo","Past",2020-09-25,"combined_trend",NA,NA,NA,0.445241831653198,NA,NA,NA,NA
"Utah","linear_increase_sd","Past",2020-09-25,"cumulative_all_infections",193811,193811,193811,197638,197801,201301,201301,201301
"Utah","return_normal","Past",2020-09-25,"cumulative_all_infections",193811,193811,193811,197638,197801,201301,201301,201301
"Utah","status_quo","Past",2020-09-25,"cumulative_all_infections",193811,193811,193811,197638,197801,201301,201301,201301
"Utah","linear_increase_sd","Past",2020-09-25,"cumulative_cases",62328,62328,62328,63283,63060,64461,64461,64461
"Utah","return_normal","Past",2020-09-25,"cumulative_cases",62328,62328,62328,63283,63060,64461,64461,64461
"Utah","status_quo","Past",2020-09-25,"cumulative_cases",62328,62328,62328,63283,63060,64461,64461,64461
"Utah","linear_increase_sd","Past",2020-09-25,"cumulative_deaths",711,711,711,718,711,730,730,730
"Utah","return_normal","Past",2020-09-25,"cumulative_deaths",711,711,711,718,711,730,730,730
"Utah","status_quo","Past",2020-09-25,"cumulative_deaths",711,711,711,718,711,730,730,730
"Utah","linear_increase_sd","Past",2020-09-25,"cumulative_hosps",7053,7053,7053,7148,7114,7276,7276,7276
"Utah","return_normal","Past",2020-09-25,"cumulative_hosps",7053,7053,7053,7148,7114,7276,7276,7276
"Utah","status_quo","Past",2020-09-25,"cumulative_hosps",7053,7053,7053,7148,7114,7276,7276,7276
"Utah","linear_increase_sd","Past",2020-09-25,"daily_all_infections",2229,2229,2229,2433,2479,2589,2589,2589
"Utah","return_normal","Past",2020-09-25,"daily_all_infections",2229,2229,2229,2433,2479,2589,2589,2589
"Utah","status_quo","Past",2020-09-25,"daily_all_infections",2229,2229,2229,2433,2479,2589,2589,2589
"Utah","linear_increase_sd","Past",2020-09-25,"daily_cases",729,729,729,798,829,834,834,834
"Utah","return_normal","Past",2020-09-25,"daily_cases",729,729,729,798,829,834,834,834
"Utah","status_quo","Past",2020-09-25,"daily_cases",729,729,729,798,829,834,834,834
"Utah","linear_increase_sd","Past",2020-09-25,"daily_deaths",4,4,4,5,5,5,5,5
"Utah","return_normal","Past",2020-09-25,"daily_deaths",4,4,4,5,5,5,5,5
"Utah","status_quo","Past",2020-09-25,"daily_deaths",4,4,4,5,5,5,5,5
"Utah","linear_increase_sd","Past",2020-09-25,"daily_hosps",76,76,76,81,81,86,86,86
"Utah","return_normal","Past",2020-09-25,"daily_hosps",76,76,76,81,81,86,86,86
"Utah","status_quo","Past",2020-09-25,"daily_hosps",76,76,76,81,81,86,86,86
"Utah","linear_increase_sd","Past",2020-09-25,"latent_trend",NA,NA,NA,0.56677341985413,NA,NA,NA,NA
"Utah","return_normal","Past",2020-09-25,"latent_trend",NA,NA,NA,0.56677341985413,NA,NA,NA,NA
"Utah","status_quo","Past",2020-09-25,"latent_trend",NA,NA,NA,0.56677341985413,NA,NA,NA,NA
"Utah","linear_increase_sd","Past",2020-09-25,"mobility_trend",NA,NA,NA,0.785572886900359,NA,NA,NA,NA
"Utah","return_normal","Past",2020-09-25,"mobility_trend",NA,NA,NA,0.785572886900359,NA,NA,NA,NA
"Utah","status_quo","Past",2020-09-25,"mobility_trend",NA,NA,NA,0.785572886900359,NA,NA,NA,NA
"Utah",NA,"Past",2020-09-26,"actual_cumulative_cases",NA,NA,NA,69547,NA,NA,NA,NA
"Utah",NA,"Past",2020-09-26,"actual_cumulative_deaths",NA,NA,NA,453,NA,NA,NA,NA
"Utah",NA,"Past",2020-09-26,"actual_daily_cases",NA,NA,NA,1017,NA,NA,NA,NA
"Utah",NA,"Past",2020-09-26,"actual_daily_deaths",NA,NA,NA,0,NA,NA,NA,NA
"Utah","linear_increase_sd","Past",2020-09-26,"combined_trend",NA,NA,NA,0.44515611385125,NA,NA,NA,NA
"Utah","return_normal","Past",2020-09-26,"combined_trend",NA,NA,NA,0.44515611385125,NA,NA,NA,NA
"Utah","status_quo","Past",2020-09-26,"combined_trend",NA,NA,NA,0.44515611385125,NA,NA,NA,NA
"Utah","linear_increase_sd","Past",2020-09-26,"cumulative_all_infections",196100,196100,196100,200131,200465,203828,203828,203828
"Utah","return_normal","Past",2020-09-26,"cumulative_all_infections",196100,196100,196100,200131,200465,203828,203828,203828
"Utah","status_quo","Past",2020-09-26,"cumulative_all_infections",196100,196100,196100,200131,200465,203828,203828,203828
"Utah","linear_increase_sd","Past",2020-09-26,"cumulative_cases",63095,63095,63095,64094,63942,65243,65243,65243
"Utah","return_normal","Past",2020-09-26,"cumulative_cases",63095,63095,63095,64094,63942,65243,65243,65243
"Utah","status_quo","Past",2020-09-26,"cumulative_cases",63095,63095,63095,64094,63942,65243,65243,65243
"Utah","linear_increase_sd","Past",2020-09-26,"cumulative_deaths",715,715,715,722,715,734,734,734
"Utah","return_normal","Past",2020-09-26,"cumulative_deaths",715,715,715,722,715,734,734,734
"Utah","status_quo","Past",2020-09-26,"cumulative_deaths",715,715,715,722,715,734,734,734
"Utah","linear_increase_sd","Past",2020-09-26,"cumulative_hosps",7128,7128,7128,7230,7197,7365,7365,7365
"Utah","return_normal","Past",2020-09-26,"cumulative_hosps",7128,7128,7128,7230,7197,7365,7365,7365
"Utah","status_quo","Past",2020-09-26,"cumulative_hosps",7128,7128,7128,7230,7197,7365,7365,7365
"Utah","linear_increase_sd","Past",2020-09-26,"daily_all_infections",2289,2289,2289,2494,2527,2664,2664,2664
"Utah","return_normal","Past",2020-09-26,"daily_all_infections",2289,2289,2289,2494,2527,2664,2664,2664
"Utah","status_quo","Past",2020-09-26,"daily_all_infections",2289,2289,2289,2494,2527,2664,2664,2664
"Utah","linear_increase_sd","Past",2020-09-26,"daily_cases",767,767,767,811,782,882,882,882
"Utah","return_normal","Past",2020-09-26,"daily_cases",767,767,767,811,782,882,882,882
"Utah","status_quo","Past",2020-09-26,"daily_cases",767,767,767,811,782,882,882,882
"Utah","linear_increase_sd","Past",2020-09-26,"daily_deaths",4,4,4,4,4,4,4,4
"Utah","return_normal","Past",2020-09-26,"daily_deaths",4,4,4,4,4,4,4,4
"Utah","status_quo","Past",2020-09-26,"daily_deaths",4,4,4,4,4,4,4,4
"Utah","linear_increase_sd","Past",2020-09-26,"daily_hosps",75,75,75,83,83,89,89,89
"Utah","return_normal","Past",2020-09-26,"daily_hosps",75,75,75,83,83,89,89,89
"Utah","status_quo","Past",2020-09-26,"daily_hosps",75,75,75,83,83,89,89,89
"Utah","linear_increase_sd","Past",2020-09-26,"latent_trend",NA,NA,NA,0.566469575439057,NA,NA,NA,NA
"Utah","return_normal","Past",2020-09-26,"latent_trend",NA,NA,NA,0.566469575439057,NA,NA,NA,NA
"Utah","status_quo","Past",2020-09-26,"latent_trend",NA,NA,NA,0.566469575439057,NA,NA,NA,NA
"Utah","linear_increase_sd","Past",2020-09-26,"mobility_trend",NA,NA,NA,0.785842935176563,NA,NA,NA,NA
"Utah","return_normal","Past",2020-09-26,"mobility_trend",NA,NA,NA,0.785842935176563,NA,NA,NA,NA
"Utah","status_quo","Past",2020-09-26,"mobility_trend",NA,NA,NA,0.785842935176563,NA,NA,NA,NA
"Utah",NA,"Past",2020-09-27,"actual_cumulative_cases",NA,NA,NA,70615,NA,NA,NA,NA
"Utah",NA,"Past",2020-09-27,"actual_cumulative_deaths",NA,NA,NA,458,NA,NA,NA,NA
"Utah",NA,"Past",2020-09-27,"actual_daily_cases",NA,NA,NA,1068,NA,NA,NA,NA
"Utah",NA,"Past",2020-09-27,"actual_daily_deaths",NA,NA,NA,5,NA,NA,NA,NA
"Utah","linear_increase_sd","Past",2020-09-27,"combined_trend",NA,NA,NA,0.445031481394167,NA,NA,NA,NA
"Utah","return_normal","Past",2020-09-27,"combined_trend",NA,NA,NA,0.445031481394167,NA,NA,NA,NA
"Utah","status_quo","Past",2020-09-27,"combined_trend",NA,NA,NA,0.445031481394167,NA,NA,NA,NA
"Utah","linear_increase_sd","Past",2020-09-27,"cumulative_all_infections",198441,198441,198441,202680,203192,206405,206405,206405
"Utah","return_normal","Past",2020-09-27,"cumulative_all_infections",198441,198441,198441,202680,203192,206405,206405,206405
"Utah","status_quo","Past",2020-09-27,"cumulative_all_infections",198441,198441,198441,202680,203192,206405,206405,206405
"Utah","linear_increase_sd","Past",2020-09-27,"cumulative_cases",63890,63890,63890,64932,64817,66087,66087,66087
"Utah","return_normal","Past",2020-09-27,"cumulative_cases",63890,63890,63890,64932,64817,66087,66087,66087
"Utah","status_quo","Past",2020-09-27,"cumulative_cases",63890,63890,63890,64932,64817,66087,66087,66087
"Utah","linear_increase_sd","Past",2020-09-27,"cumulative_deaths",719,719,719,726,719,739,739,739
"Utah","return_normal","Past",2020-09-27,"cumulative_deaths",719,719,719,726,719,739,739,739
"Utah","status_quo","Past",2020-09-27,"cumulative_deaths",719,719,719,726,719,739,739,739
"Utah","linear_increase_sd","Past",2020-09-27,"cumulative_hosps",7206,7206,7206,7316,7284,7456,7456,7456
"Utah","return_normal","Past",2020-09-27,"cumulative_hosps",7206,7206,7206,7316,7284,7456,7456,7456
"Utah","status_quo","Past",2020-09-27,"cumulative_hosps",7206,7206,7206,7316,7284,7456,7456,7456
"Utah","linear_increase_sd","Past",2020-09-27,"daily_all_infections",2341,2341,2341,2549,2577,2727,2727,2727
"Utah","return_normal","Past",2020-09-27,"daily_all_infections",2341,2341,2341,2549,2577,2727,2727,2727
"Utah","status_quo","Past",2020-09-27,"daily_all_infections",2341,2341,2341,2549,2577,2727,2727,2727
"Utah","linear_increase_sd","Past",2020-09-27,"daily_cases",795,795,795,838,844,875,875,875
"Utah","return_normal","Past",2020-09-27,"daily_cases",795,795,795,838,844,875,875,875
"Utah","status_quo","Past",2020-09-27,"daily_cases",795,795,795,838,844,875,875,875
"Utah","linear_increase_sd","Past",2020-09-27,"daily_deaths",4,4,4,5,4,5,5,5
"Utah","return_normal","Past",2020-09-27,"daily_deaths",4,4,4,5,4,5,5,5
"Utah","status_quo","Past",2020-09-27,"daily_deaths",4,4,4,5,4,5,5,5
"Utah","linear_increase_sd","Past",2020-09-27,"daily_hosps",78,78,78,86,87,91,91,91
"Utah","return_normal","Past",2020-09-27,"daily_hosps",78,78,78,86,87,91,91,91
"Utah","status_quo","Past",2020-09-27,"daily_hosps",78,78,78,86,87,91,91,91
"Utah","linear_increase_sd","Past",2020-09-27,"latent_trend",NA,NA,NA,0.566212200862463,NA,NA,NA,NA
"Utah","return_normal","Past",2020-09-27,"latent_trend",NA,NA,NA,0.566212200862463,NA,NA,NA,NA
"Utah","status_quo","Past",2020-09-27,"latent_trend",NA,NA,NA,0.566212200862463,NA,NA,NA,NA
"Utah","linear_increase_sd","Past",2020-09-27,"mobility_trend",NA,NA,NA,0.785980027834598,NA,NA,NA,NA
"Utah","return_normal","Past",2020-09-27,"mobility_trend",NA,NA,NA,0.785980027834598,NA,NA,NA,NA
"Utah","status_quo","Past",2020-09-27,"mobility_trend",NA,NA,NA,0.785980027834598,NA,NA,NA,NA
"Utah",NA,"Past",2020-09-28,"actual_cumulative_cases",NA,NA,NA,71442,NA,NA,NA,NA
"Utah",NA,"Past",2020-09-28,"actual_cumulative_deaths",NA,NA,NA,458,NA,NA,NA,NA
"Utah",NA,"Past",2020-09-28,"actual_daily_cases",NA,NA,NA,827,NA,NA,NA,NA
"Utah",NA,"Past",2020-09-28,"actual_daily_deaths",NA,NA,NA,0,NA,NA,NA,NA
"Utah","linear_increase_sd","Past",2020-09-28,"combined_trend",NA,NA,NA,0.44485467208533,NA,NA,NA,NA
"Utah","return_normal","Past",2020-09-28,"combined_trend",NA,NA,NA,0.44485467208533,NA,NA,NA,NA
"Utah","status_quo","Past",2020-09-28,"combined_trend",NA,NA,NA,0.44485467208533,NA,NA,NA,NA
"Utah","linear_increase_sd","Past",2020-09-28,"cumulative_all_infections",200844,200844,200844,205288,205995,209024,209024,209024
"Utah","return_normal","Past",2020-09-28,"cumulative_all_infections",200844,200844,200844,205288,205995,209024,209024,209024
"Utah","status_quo","Past",2020-09-28,"cumulative_all_infections",200844,200844,200844,205288,205995,209024,209024,209024
"Utah","linear_increase_sd","Past",2020-09-28,"cumulative_cases",64629,64629,64629,65796,65704,67053,67053,67053
"Utah","return_normal","Past",2020-09-28,"cumulative_cases",64629,64629,64629,65796,65704,67053,67053,67053
"Utah","status_quo","Past",2020-09-28,"cumulative_cases",64629,64629,64629,65796,65704,67053,67053,67053
"Utah","linear_increase_sd","Past",2020-09-28,"cumulative_deaths",724,724,724,731,724,743,743,743
"Utah","return_normal","Past",2020-09-28,"cumulative_deaths",724,724,724,731,724,743,743,743
"Utah","status_quo","Past",2020-09-28,"cumulative_deaths",724,724,724,731,724,743,743,743
"Utah","linear_increase_sd","Past",2020-09-28,"cumulative_hosps",7287,7287,7287,7404,7375,7549,7549,7549
"Utah","return_normal","Past",2020-09-28,"cumulative_hosps",7287,7287,7287,7404,7375,7549,7549,7549
"Utah","status_quo","Past",2020-09-28,"cumulative_hosps",7287,7287,7287,7404,7375,7549,7549,7549
"Utah","linear_increase_sd","Past",2020-09-28,"daily_all_infections",2403,2403,2403,2609,2619,2803,2803,2803
"Utah","return_normal","Past",2020-09-28,"daily_all_infections",2403,2403,2403,2609,2619,2803,2803,2803
"Utah","status_quo","Past",2020-09-28,"daily_all_infections",2403,2403,2403,2609,2619,2803,2803,2803
"Utah","linear_increase_sd","Past",2020-09-28,"daily_cases",739,739,739,864,887,966,966,966
"Utah","return_normal","Past",2020-09-28,"daily_cases",739,739,739,864,887,966,966,966
"Utah","status_quo","Past",2020-09-28,"daily_cases",739,739,739,864,887,966,966,966
"Utah","linear_increase_sd","Past",2020-09-28,"daily_deaths",4,4,4,5,5,5,5,5
"Utah","return_normal","Past",2020-09-28,"daily_deaths",4,4,4,5,5,5,5,5
"Utah","status_quo","Past",2020-09-28,"daily_deaths",4,4,4,5,5,5,5,5
"Utah","linear_increase_sd","Past",2020-09-28,"daily_hosps",81,81,81,89,91,93,93,93
"Utah","return_normal","Past",2020-09-28,"daily_hosps",81,81,81,89,91,93,93,93
"Utah","status_quo","Past",2020-09-28,"daily_hosps",81,81,81,89,91,93,93,93
"Utah","linear_increase_sd","Past",2020-09-28,"latent_trend",NA,NA,NA,0.566012923254997,NA,NA,NA,NA
"Utah","return_normal","Past",2020-09-28,"latent_trend",NA,NA,NA,0.566012923254997,NA,NA,NA,NA
"Utah","status_quo","Past",2020-09-28,"latent_trend",NA,NA,NA,0.566012923254997,NA,NA,NA,NA
"Utah","linear_increase_sd","Past",2020-09-28,"mobility_trend",NA,NA,NA,0.785944373013753,NA,NA,NA,NA
"Utah","return_normal","Past",2020-09-28,"mobility_trend",NA,NA,NA,0.785944373013753,NA,NA,NA,NA
"Utah","status_quo","Past",2020-09-28,"mobility_trend",NA,NA,NA,0.785944373013753,NA,NA,NA,NA
"Utah",NA,"Past",2020-09-29,"actual_cumulative_cases",NA,NA,NA,72136,NA,NA,NA,NA
"Utah",NA,"Past",2020-09-29,"actual_cumulative_deaths",NA,NA,NA,462,NA,NA,NA,NA
"Utah",NA,"Past",2020-09-29,"actual_daily_cases",NA,NA,NA,694,NA,NA,NA,NA
"Utah",NA,"Past",2020-09-29,"actual_daily_deaths",NA,NA,NA,4,NA,NA,NA,NA
"Utah","linear_increase_sd","Past",2020-09-29,"combined_trend",NA,NA,NA,0.444626596106174,NA,NA,NA,NA
"Utah","return_normal","Past",2020-09-29,"combined_trend",NA,NA,NA,0.444626596106174,NA,NA,NA,NA
"Utah","status_quo","Past",2020-09-29,"combined_trend",NA,NA,NA,0.444626596106174,NA,NA,NA,NA
"Utah","linear_increase_sd","Past",2020-09-29,"cumulative_all_infections",203301,203301,203301,207956,208858,211709,211709,211709
"Utah","return_normal","Past",2020-09-29,"cumulative_all_infections",203301,203301,203301,207956,208858,211709,211709,211709
"Utah","status_quo","Past",2020-09-29,"cumulative_all_infections",203301,203301,203301,207956,208858,211709,211709,211709
"Utah","linear_increase_sd","Past",2020-09-29,"cumulative_cases",65431,65431,65431,66683,66621,67997,67997,67997
"Utah","return_normal","Past",2020-09-29,"cumulative_cases",65431,65431,65431,66683,66621,67997,67997,67997
"Utah","status_quo","Past",2020-09-29,"cumulative_cases",65431,65431,65431,66683,66621,67997,67997,67997
"Utah","linear_increase_sd","Past",2020-09-29,"cumulative_deaths",729,729,729,735,729,747,747,747
"Utah","return_normal","Past",2020-09-29,"cumulative_deaths",729,729,729,735,729,747,747,747
"Utah","status_quo","Past",2020-09-29,"cumulative_deaths",729,729,729,735,729,747,747,747
"Utah","linear_increase_sd","Past",2020-09-29,"cumulative_hosps",7371,7371,7371,7494,7467,7643,7643,7643
"Utah","return_normal","Past",2020-09-29,"cumulative_hosps",7371,7371,7371,7494,7467,7643,7643,7643
"Utah","status_quo","Past",2020-09-29,"cumulative_hosps",7371,7371,7371,7494,7467,7643,7643,7643
"Utah","linear_increase_sd","Past",2020-09-29,"daily_all_infections",2457,2457,2457,2669,2685,2863,2863,2863
"Utah","return_normal","Past",2020-09-29,"daily_all_infections",2457,2457,2457,2669,2685,2863,2863,2863
"Utah","status_quo","Past",2020-09-29,"daily_all_infections",2457,2457,2457,2669,2685,2863,2863,2863
"Utah","linear_increase_sd","Past",2020-09-29,"daily_cases",802,802,802,888,917,944,944,944
"Utah","return_normal","Past",2020-09-29,"daily_cases",802,802,802,888,917,944,944,944
"Utah","status_quo","Past",2020-09-29,"daily_cases",802,802,802,888,917,944,944,944
"Utah","linear_increase_sd","Past",2020-09-29,"daily_deaths",4,4,4,5,5,5,5,5
"Utah","return_normal","Past",2020-09-29,"daily_deaths",4,4,4,5,5,5,5,5
"Utah","status_quo","Past",2020-09-29,"daily_deaths",4,4,4,5,5,5,5,5
"Utah","linear_increase_sd","Past",2020-09-29,"daily_hosps",84,84,84,90,92,94,94,94
"Utah","return_normal","Past",2020-09-29,"daily_hosps",84,84,84,90,92,94,94,94
"Utah","status_quo","Past",2020-09-29,"daily_hosps",84,84,84,90,92,94,94,94
"Utah","linear_increase_sd","Past",2020-09-29,"latent_trend",NA,NA,NA,0.565883247978485,NA,NA,NA,NA
"Utah","return_normal","Past",2020-09-29,"latent_trend",NA,NA,NA,0.565883247978485,NA,NA,NA,NA
"Utah","status_quo","Past",2020-09-29,"latent_trend",NA,NA,NA,0.565883247978485,NA,NA,NA,NA
"Utah","linear_increase_sd","Past",2020-09-29,"mobility_trend",NA,NA,NA,0.785721432282228,NA,NA,NA,NA
"Utah","return_normal","Past",2020-09-29,"mobility_trend",NA,NA,NA,0.785721432282228,NA,NA,NA,NA
"Utah","status_quo","Past",2020-09-29,"mobility_trend",NA,NA,NA,0.785721432282228,NA,NA,NA,NA
"Utah",NA,"Past",2020-09-30,"actual_cumulative_cases",NA,NA,NA,73042,NA,NA,NA,NA
"Utah",NA,"Past",2020-09-30,"actual_cumulative_deaths",NA,NA,NA,464,NA,NA,NA,NA
"Utah",NA,"Past",2020-09-30,"actual_daily_cases",NA,NA,NA,906,NA,NA,NA,NA
"Utah",NA,"Past",2020-09-30,"actual_daily_deaths",NA,NA,NA,2,NA,NA,NA,NA
"Utah","linear_increase_sd","Past",2020-09-30,"combined_trend",NA,NA,NA,0.444351657949696,NA,NA,NA,NA
"Utah","return_normal","Past",2020-09-30,"combined_trend",NA,NA,NA,0.444351657949696,NA,NA,NA,NA
"Utah","status_quo","Past",2020-09-30,"combined_trend",NA,NA,NA,0.444351657949696,NA,NA,NA,NA
"Utah","linear_increase_sd","Past",2020-09-30,"cumulative_all_infections",205834,205834,205834,210694,211796,214452,214452,214452
"Utah","return_normal","Past",2020-09-30,"cumulative_all_infections",205834,205834,205834,210694,211796,214452,214452,214452
"Utah","status_quo","Past",2020-09-30,"cumulative_all_infections",205834,205834,205834,210694,211796,214452,214452,214452
"Utah","linear_increase_sd","Past",2020-09-30,"cumulative_cases",66284,66284,66284,67557,67529,68856,68856,68856
"Utah","return_normal","Past",2020-09-30,"cumulative_cases",66284,66284,66284,67557,67529,68856,68856,68856
"Utah","status_quo","Past",2020-09-30,"cumulative_cases",66284,66284,66284,67557,67529,68856,68856,68856
"Utah","linear_increase_sd","Past",2020-09-30,"cumulative_deaths",734,734,734,740,734,751,751,751
"Utah","return_normal","Past",2020-09-30,"cumulative_deaths",734,734,734,740,734,751,751,751
"Utah","status_quo","Past",2020-09-30,"cumulative_deaths",734,734,734,740,734,751,751,751
"Utah","linear_increase_sd","Past",2020-09-30,"cumulative_hosps",7457,7457,7457,7586,7561,7740,7740,7740
"Utah","return_normal","Past",2020-09-30,"cumulative_hosps",7457,7457,7457,7586,7561,7740,7740,7740
"Utah","status_quo","Past",2020-09-30,"cumulative_hosps",7457,7457,7457,7586,7561,7740,7740,7740
"Utah","linear_increase_sd","Past",2020-09-30,"daily_all_infections",2533,2533,2533,2738,2743,2938,2938,2938
"Utah","return_normal","Past",2020-09-30,"daily_all_infections",2533,2533,2533,2738,2743,2938,2938,2938
"Utah","status_quo","Past",2020-09-30,"daily_all_infections",2533,2533,2533,2738,2743,2938,2938,2938
"Utah","linear_increase_sd","Past",2020-09-30,"daily_cases",853,853,853,874,859,908,908,908
"Utah","return_normal","Past",2020-09-30,"daily_cases",853,853,853,874,859,908,908,908
"Utah","status_quo","Past",2020-09-30,"daily_cases",853,853,853,874,859,908,908,908
"Utah","linear_increase_sd","Past",2020-09-30,"daily_deaths",4,4,4,5,5,5,5,5
"Utah","return_normal","Past",2020-09-30,"daily_deaths",4,4,4,5,5,5,5,5
"Utah","status_quo","Past",2020-09-30,"daily_deaths",4,4,4,5,5,5,5,5
"Utah","linear_increase_sd","Past",2020-09-30,"daily_hosps",86,86,86,93,94,97,97,97
"Utah","return_normal","Past",2020-09-30,"daily_hosps",86,86,86,93,94,97,97,97
"Utah","status_quo","Past",2020-09-30,"daily_hosps",86,86,86,93,94,97,97,97
"Utah","linear_increase_sd","Past",2020-09-30,"latent_trend",NA,NA,NA,0.565834676483393,NA,NA,NA,NA
"Utah","return_normal","Past",2020-09-30,"latent_trend",NA,NA,NA,0.565834676483393,NA,NA,NA,NA
"Utah","status_quo","Past",2020-09-30,"latent_trend",NA,NA,NA,0.565834676483393,NA,NA,NA,NA
"Utah","linear_increase_sd","Past",2020-09-30,"mobility_trend",NA,NA,NA,0.785302980565451,NA,NA,NA,NA
"Utah","return_normal","Past",2020-09-30,"mobility_trend",NA,NA,NA,0.785302980565451,NA,NA,NA,NA
"Utah","status_quo","Past",2020-09-30,"mobility_trend",NA,NA,NA,0.785302980565451,NA,NA,NA,NA
"Utah",NA,"Past",2020-10-01,"actual_cumulative_cases",NA,NA,NA,74050,NA,NA,NA,NA
"Utah",NA,"Past",2020-10-01,"actual_cumulative_deaths",NA,NA,NA,464,NA,NA,NA,NA
"Utah",NA,"Past",2020-10-01,"actual_daily_cases",NA,NA,NA,1008,NA,NA,NA,NA
"Utah",NA,"Past",2020-10-01,"actual_daily_deaths",NA,NA,NA,0,NA,NA,NA,NA
"Utah","linear_increase_sd","Past",2020-10-01,"combined_trend",NA,NA,NA,0.444034148291221,NA,NA,NA,NA
"Utah","return_normal","Past",2020-10-01,"combined_trend",NA,NA,NA,0.444034148291221,NA,NA,NA,NA
"Utah","status_quo","Past",2020-10-01,"combined_trend",NA,NA,NA,0.444034148291221,NA,NA,NA,NA
"Utah","linear_increase_sd","Past",2020-10-01,"cumulative_all_infections",208427,208427,208427,213491,214798,217246,217246,217246
"Utah","return_normal","Past",2020-10-01,"cumulative_all_infections",208427,208427,208427,213491,214798,217246,217246,217246
"Utah","status_quo","Past",2020-10-01,"cumulative_all_infections",208427,208427,208427,213491,214798,217246,217246,217246
"Utah","linear_increase_sd","Past",2020-10-01,"cumulative_cases",67138,67138,67138,68470,68461,69811,69811,69811
"Utah","return_normal","Past",2020-10-01,"cumulative_cases",67138,67138,67138,68470,68461,69811,69811,69811
"Utah","status_quo","Past",2020-10-01,"cumulative_cases",67138,67138,67138,68470,68461,69811,69811,69811
"Utah","linear_increase_sd","Past",2020-10-01,"cumulative_deaths",739,739,739,745,740,756,756,756
"Utah","return_normal","Past",2020-10-01,"cumulative_deaths",739,739,739,745,740,756,756,756
"Utah","status_quo","Past",2020-10-01,"cumulative_deaths",739,739,739,745,740,756,756,756
"Utah","linear_increase_sd","Past",2020-10-01,"cumulative_hosps",7544,7544,7544,7682,7660,7841,7841,7841
"Utah","return_normal","Past",2020-10-01,"cumulative_hosps",7544,7544,7544,7682,7660,7841,7841,7841
"Utah","status_quo","Past",2020-10-01,"cumulative_hosps",7544,7544,7544,7682,7660,7841,7841,7841
"Utah","linear_increase_sd","Past",2020-10-01,"daily_all_infections",2593,2593,2593,2797,2794,3002,3002,3002
"Utah","return_normal","Past",2020-10-01,"daily_all_infections",2593,2593,2593,2797,2794,3002,3002,3002
"Utah","status_quo","Past",2020-10-01,"daily_all_infections",2593,2593,2593,2797,2794,3002,3002,3002
"Utah","linear_increase_sd","Past",2020-10-01,"daily_cases",854,854,854,914,932,955,955,955
"Utah","return_normal","Past",2020-10-01,"daily_cases",854,854,854,914,932,955,955,955
"Utah","status_quo","Past",2020-10-01,"daily_cases",854,854,854,914,932,955,955,955
"Utah","linear_increase_sd","Past",2020-10-01,"daily_deaths",5,5,5,6,5,6,6,6
"Utah","return_normal","Past",2020-10-01,"daily_deaths",5,5,5,6,5,6,6,6
"Utah","status_quo","Past",2020-10-01,"daily_deaths",5,5,5,6,5,6,6,6
"Utah","linear_increase_sd","Past",2020-10-01,"daily_hosps",87,87,87,96,99,101,101,101
"Utah","return_normal","Past",2020-10-01,"daily_hosps",87,87,87,96,99,101,101,101
"Utah","status_quo","Past",2020-10-01,"daily_hosps",87,87,87,96,99,101,101,101
"Utah","linear_increase_sd","Past",2020-10-01,"latent_trend",NA,NA,NA,0.565878701724137,NA,NA,NA,NA
"Utah","return_normal","Past",2020-10-01,"latent_trend",NA,NA,NA,0.565878701724137,NA,NA,NA,NA
"Utah","status_quo","Past",2020-10-01,"latent_trend",NA,NA,NA,0.565878701724137,NA,NA,NA,NA
"Utah","linear_increase_sd","Past",2020-10-01,"mobility_trend",NA,NA,NA,0.784680792788851,NA,NA,NA,NA
"Utah","return_normal","Past",2020-10-01,"mobility_trend",NA,NA,NA,0.784680792788851,NA,NA,NA,NA
"Utah","status_quo","Past",2020-10-01,"mobility_trend",NA,NA,NA,0.784680792788851,NA,NA,NA,NA
"Utah",NA,"Past",2020-10-02,"actual_cumulative_cases",NA,NA,NA,75157,NA,NA,NA,NA
"Utah",NA,"Past",2020-10-02,"actual_cumulative_deaths",NA,NA,NA,479,NA,NA,NA,NA
"Utah",NA,"Past",2020-10-02,"actual_daily_cases",NA,NA,NA,1107,NA,NA,NA,NA
"Utah",NA,"Past",2020-10-02,"actual_daily_deaths",NA,NA,NA,15,NA,NA,NA,NA
"Utah","linear_increase_sd","Past",2020-10-02,"combined_trend",NA,NA,NA,0.443685324291788,NA,NA,NA,NA
"Utah","return_normal","Past",2020-10-02,"combined_trend",NA,NA,NA,0.443685324291788,NA,NA,NA,NA
"Utah","status_quo","Past",2020-10-02,"combined_trend",NA,NA,NA,0.443685324291788,NA,NA,NA,NA
"Utah","linear_increase_sd","Past",2020-10-02,"cumulative_all_infections",211084,211084,211084,216350,217864,220101,220101,220101
"Utah","return_normal","Past",2020-10-02,"cumulative_all_infections",211084,211084,211084,216350,217864,220101,220101,220101
"Utah","status_quo","Past",2020-10-02,"cumulative_all_infections",211084,211084,211084,216350,217864,220101,220101,220101
"Utah","linear_increase_sd","Past",2020-10-02,"cumulative_cases",68058,68058,68058,69373,69361,70700,70700,70700
"Utah","return_normal","Past",2020-10-02,"cumulative_cases",68058,68058,68058,69373,69361,70700,70700,70700
"Utah","status_quo","Past",2020-10-02,"cumulative_cases",68058,68058,68058,69373,69361,70700,70700,70700
"Utah","linear_increase_sd","Past",2020-10-02,"cumulative_deaths",744,744,744,750,745,761,761,761
"Utah","return_normal","Past",2020-10-02,"cumulative_deaths",744,744,744,750,745,761,761,761
"Utah","status_quo","Past",2020-10-02,"cumulative_deaths",744,744,744,750,745,761,761,761
"Utah","linear_increase_sd","Past",2020-10-02,"cumulative_hosps",7632,7632,7632,7778,7761,7941,7941,7941
"Utah","return_normal","Past",2020-10-02,"cumulative_hosps",7632,7632,7632,7778,7761,7941,7941,7941
"Utah","status_quo","Past",2020-10-02,"cumulative_hosps",7632,7632,7632,7778,7761,7941,7941,7941
"Utah","linear_increase_sd","Past",2020-10-02,"daily_all_infections",2657,2657,2657,2860,2855,3066,3066,3066
"Utah","return_normal","Past",2020-10-02,"daily_all_infections",2657,2657,2657,2860,2855,3066,3066,3066
"Utah","status_quo","Past",2020-10-02,"daily_all_infections",2657,2657,2657,2860,2855,3066,3066,3066
"Utah","linear_increase_sd","Past",2020-10-02,"daily_cases",889,889,889,903,900,920,920,920
"Utah","return_normal","Past",2020-10-02,"daily_cases",889,889,889,903,900,920,920,920
"Utah","status_quo","Past",2020-10-02,"daily_cases",889,889,889,903,900,920,920,920
"Utah","linear_increase_sd","Past",2020-10-02,"daily_deaths",5,5,5,5,5,5,5,5
"Utah","return_normal","Past",2020-10-02,"daily_deaths",5,5,5,5,5,5,5,5
"Utah","status_quo","Past",2020-10-02,"daily_deaths",5,5,5,5,5,5,5,5
"Utah","linear_increase_sd","Past",2020-10-02,"daily_hosps",88,88,88,97,100,101,101,101
"Utah","return_normal","Past",2020-10-02,"daily_hosps",88,88,88,97,100,101,101,101
"Utah","status_quo","Past",2020-10-02,"daily_hosps",88,88,88,97,100,101,101,101
"Utah","linear_increase_sd","Past",2020-10-02,"latent_trend",NA,NA,NA,0.566026802837943,NA,NA,NA,NA
"Utah","return_normal","Past",2020-10-02,"latent_trend",NA,NA,NA,0.566026802837943,NA,NA,NA,NA
"Utah","status_quo","Past",2020-10-02,"latent_trend",NA,NA,NA,0.566026802837943,NA,NA,NA,NA
"Utah","linear_increase_sd","Past",2020-10-02,"mobility_trend",NA,NA,NA,0.783859213145455,NA,NA,NA,NA
"Utah","return_normal","Past",2020-10-02,"mobility_trend",NA,NA,NA,0.783859213145455,NA,NA,NA,NA
"Utah","status_quo","Past",2020-10-02,"mobility_trend",NA,NA,NA,0.783859213145455,NA,NA,NA,NA
"Utah",NA,"Past",2020-10-03,"actual_cumulative_cases",NA,NA,NA,76225,NA,NA,NA,NA
"Utah",NA,"Past",2020-10-03,"actual_cumulative_deaths",NA,NA,NA,481,NA,NA,NA,NA
"Utah",NA,"Past",2020-10-03,"actual_daily_cases",NA,NA,NA,1068,NA,NA,NA,NA
"Utah",NA,"Past",2020-10-03,"actual_daily_deaths",NA,NA,NA,2,NA,NA,NA,NA
"Utah","linear_increase_sd","Past",2020-10-03,"combined_trend",NA,NA,NA,0.443344743035274,NA,NA,NA,NA
"Utah","return_normal","Past",2020-10-03,"combined_trend",NA,NA,NA,0.443344743035274,NA,NA,NA,NA
"Utah","status_quo","Past",2020-10-03,"combined_trend",NA,NA,NA,0.443344743035274,NA,NA,NA,NA
"Utah","linear_increase_sd","Past",2020-10-03,"cumulative_all_infections",213826,213826,213826,219280,220994,223019,223019,223019
"Utah","return_normal","Past",2020-10-03,"cumulative_all_infections",213826,213826,213826,219280,220994,223019,223019,223019
"Utah","status_quo","Past",2020-10-03,"cumulative_all_infections",213826,213826,213826,219280,220994,223019,223019,223019
"Utah","linear_increase_sd","Past",2020-10-03,"cumulative_cases",68985,68985,68985,70341,70346,71690,71690,71690
"Utah","return_normal","Past",2020-10-03,"cumulative_cases",68985,68985,68985,70341,70346,71690,71690,71690
"Utah","status_quo","Past",2020-10-03,"cumulative_cases",68985,68985,68985,70341,70346,71690,71690,71690
"Utah","linear_increase_sd","Past",2020-10-03,"cumulative_deaths",748,748,748,755,751,766,766,766
"Utah","return_normal","Past",2020-10-03,"cumulative_deaths",748,748,748,755,751,766,766,766
"Utah","status_quo","Past",2020-10-03,"cumulative_deaths",748,748,748,755,751,766,766,766
"Utah","linear_increase_sd","Past",2020-10-03,"cumulative_hosps",7725,7725,7725,7879,7866,8046,8046,8046
"Utah","return_normal","Past",2020-10-03,"cumulative_hosps",7725,7725,7725,7879,7866,8046,8046,8046
"Utah","status_quo","Past",2020-10-03,"cumulative_hosps",7725,7725,7725,7879,7866,8046,8046,8046
"Utah","linear_increase_sd","Past",2020-10-03,"daily_all_infections",2742,2742,2742,2930,2918,3130,3130,3130
"Utah","return_normal","Past",2020-10-03,"daily_all_infections",2742,2742,2742,2930,2918,3130,3130,3130
"Utah","status_quo","Past",2020-10-03,"daily_all_infections",2742,2742,2742,2930,2918,3130,3130,3130
"Utah","linear_increase_sd","Past",2020-10-03,"daily_cases",927,927,927,968,985,990,990,990
"Utah","return_normal","Past",2020-10-03,"daily_cases",927,927,927,968,985,990,990,990
"Utah","status_quo","Past",2020-10-03,"daily_cases",927,927,927,968,985,990,990,990
"Utah","linear_increase_sd","Past",2020-10-03,"daily_deaths",4,4,4,5,5,6,6,6
"Utah","return_normal","Past",2020-10-03,"daily_deaths",4,4,4,5,5,6,6,6
"Utah","status_quo","Past",2020-10-03,"daily_deaths",4,4,4,5,5,6,6,6
"Utah","linear_increase_sd","Past",2020-10-03,"daily_hosps",93,93,93,101,105,105,105,105
"Utah","return_normal","Past",2020-10-03,"daily_hosps",93,93,93,101,105,105,105,105
"Utah","status_quo","Past",2020-10-03,"daily_hosps",93,93,93,101,105,105,105,105
"Utah","linear_increase_sd","Past",2020-10-03,"latent_trend",NA,NA,NA,0.566290439018398,NA,NA,NA,NA
"Utah","return_normal","Past",2020-10-03,"latent_trend",NA,NA,NA,0.566290439018398,NA,NA,NA,NA
"Utah","status_quo","Past",2020-10-03,"latent_trend",NA,NA,NA,0.566290439018398,NA,NA,NA,NA
"Utah","linear_increase_sd","Past",2020-10-03,"mobility_trend",NA,NA,NA,0.782892862898698,NA,NA,NA,NA
"Utah","return_normal","Past",2020-10-03,"mobility_trend",NA,NA,NA,0.782892862898698,NA,NA,NA,NA
"Utah","status_quo","Past",2020-10-03,"mobility_trend",NA,NA,NA,0.782892862898698,NA,NA,NA,NA
"Utah",NA,"Past",2020-10-04,"actual_cumulative_cases",NA,NA,NA,77618,NA,NA,NA,NA
"Utah",NA,"Past",2020-10-04,"actual_cumulative_deaths",NA,NA,NA,483,NA,NA,NA,NA
"Utah",NA,"Past",2020-10-04,"actual_daily_cases",NA,NA,NA,1393,NA,NA,NA,NA
"Utah",NA,"Past",2020-10-04,"actual_daily_deaths",NA,NA,NA,2,NA,NA,NA,NA
"Utah","linear_increase_sd","Past",2020-10-04,"combined_trend",NA,NA,NA,0.44305896818242,NA,NA,NA,NA
"Utah","return_normal","Past",2020-10-04,"combined_trend",NA,NA,NA,0.44305896818242,NA,NA,NA,NA
"Utah","status_quo","Past",2020-10-04,"combined_trend",NA,NA,NA,0.44305896818242,NA,NA,NA,NA
"Utah","linear_increase_sd","Past",2020-10-04,"cumulative_all_infections",216628,216628,216628,222273,224189,226001,226001,226001
"Utah","return_normal","Past",2020-10-04,"cumulative_all_infections",216628,216628,216628,222273,224189,226001,226001,226001
"Utah","status_quo","Past",2020-10-04,"cumulative_all_infections",216628,216628,216628,222273,224189,226001,226001,226001
"Utah","linear_increase_sd","Past",2020-10-04,"cumulative_cases",69898,69898,69898,71304,71347,72667,72667,72667
"Utah","return_normal","Past",2020-10-04,"cumulative_cases",69898,69898,69898,71304,71347,72667,72667,72667
"Utah","status_quo","Past",2020-10-04,"cumulative_cases",69898,69898,69898,71304,71347,72667,72667,72667
"Utah","linear_increase_sd","Past",2020-10-04,"cumulative_deaths",753,753,753,760,756,771,771,771
"Utah","return_normal","Past",2020-10-04,"cumulative_deaths",753,753,753,760,756,771,771,771
"Utah","status_quo","Past",2020-10-04,"cumulative_deaths",753,753,753,760,756,771,771,771
"Utah","linear_increase_sd","Past",2020-10-04,"cumulative_hosps",7819,7819,7819,7983,7974,8154,8154,8154
"Utah","return_normal","Past",2020-10-04,"cumulative_hosps",7819,7819,7819,7983,7974,8154,8154,8154
"Utah","status_quo","Past",2020-10-04,"cumulative_hosps",7819,7819,7819,7983,7974,8154,8154,8154
"Utah","linear_increase_sd","Past",2020-10-04,"daily_all_infections",2802,2802,2802,2993,2982,3195,3195,3195
"Utah","return_normal","Past",2020-10-04,"daily_all_infections",2802,2802,2802,2993,2982,3195,3195,3195
"Utah","status_quo","Past",2020-10-04,"daily_all_infections",2802,2802,2802,2993,2982,3195,3195,3195
"Utah","linear_increase_sd","Past",2020-10-04,"daily_cases",913,913,913,964,977,1001,1001,1001
"Utah","return_normal","Past",2020-10-04,"daily_cases",913,913,913,964,977,1001,1001,1001
"Utah","status_quo","Past",2020-10-04,"daily_cases",913,913,913,964,977,1001,1001,1001
"Utah","linear_increase_sd","Past",2020-10-04,"daily_deaths",5,5,5,5,5,5,5,5
"Utah","return_normal","Past",2020-10-04,"daily_deaths",5,5,5,5,5,5,5,5
"Utah","status_quo","Past",2020-10-04,"daily_deaths",5,5,5,5,5,5,5,5
"Utah","linear_increase_sd","Past",2020-10-04,"daily_hosps",94,94,94,104,108,108,108,108
"Utah","return_normal","Past",2020-10-04,"daily_hosps",94,94,94,104,108,108,108,108
"Utah","status_quo","Past",2020-10-04,"daily_hosps",94,94,94,104,108,108,108,108
"Utah","linear_increase_sd","Past",2020-10-04,"latent_trend",NA,NA,NA,0.566681042488097,NA,NA,NA,NA
"Utah","return_normal","Past",2020-10-04,"latent_trend",NA,NA,NA,0.566681042488097,NA,NA,NA,NA
"Utah","status_quo","Past",2020-10-04,"latent_trend",NA,NA,NA,0.566681042488097,NA,NA,NA,NA
"Utah","linear_increase_sd","Past",2020-10-04,"mobility_trend",NA,NA,NA,0.781848932579612,NA,NA,NA,NA
"Utah","return_normal","Past",2020-10-04,"mobility_trend",NA,NA,NA,0.781848932579612,NA,NA,NA,NA
"Utah","status_quo","Past",2020-10-04,"mobility_trend",NA,NA,NA,0.781848932579612,NA,NA,NA,NA
"Utah",NA,"Past",2020-10-05,"actual_cumulative_cases",NA,NA,NA,78723,NA,NA,NA,NA
"Utah",NA,"Past",2020-10-05,"actual_cumulative_deaths",NA,NA,NA,487,NA,NA,NA,NA
"Utah",NA,"Past",2020-10-05,"actual_daily_cases",NA,NA,NA,1105,NA,NA,NA,NA
"Utah",NA,"Past",2020-10-05,"actual_daily_deaths",NA,NA,NA,4,NA,NA,NA,NA
"Utah","linear_increase_sd","Past",2020-10-05,"combined_trend",NA,NA,NA,0.442874520435932,NA,NA,NA,NA
"Utah","return_normal","Past",2020-10-05,"combined_trend",NA,NA,NA,0.442874520435932,NA,NA,NA,NA
"Utah","status_quo","Past",2020-10-05,"combined_trend",NA,NA,NA,0.442874520435932,NA,NA,NA,NA
"Utah","linear_increase_sd","Past",2020-10-05,"cumulative_all_infections",219514,219514,219514,225333,227431,229053,229053,229053
"Utah","return_normal","Past",2020-10-05,"cumulative_all_infections",219514,219514,219514,225333,227431,229053,229053,229053
"Utah","status_quo","Past",2020-10-05,"cumulative_all_infections",219514,219514,219514,225333,227431,229053,229053,229053
"Utah","linear_increase_sd","Past",2020-10-05,"cumulative_cases",70810,70810,70810,72327,72417,73753,73753,73753
"Utah","return_normal","Past",2020-10-05,"cumulative_cases",70810,70810,70810,72327,72417,73753,73753,73753
"Utah","status_quo","Past",2020-10-05,"cumulative_cases",70810,70810,70810,72327,72417,73753,73753,73753
"Utah","linear_increase_sd","Past",2020-10-05,"cumulative_deaths",759,759,759,766,761,776,776,776
"Utah","return_normal","Past",2020-10-05,"cumulative_deaths",759,759,759,766,761,776,776,776
"Utah","status_quo","Past",2020-10-05,"cumulative_deaths",759,759,759,766,761,776,776,776
"Utah","linear_increase_sd","Past",2020-10-05,"cumulative_hosps",7915,7915,7915,8087,8085,8261,8261,8261
"Utah","return_normal","Past",2020-10-05,"cumulative_hosps",7915,7915,7915,8087,8085,8261,8261,8261
"Utah","status_quo","Past",2020-10-05,"cumulative_hosps",7915,7915,7915,8087,8085,8261,8261,8261
"Utah","linear_increase_sd","Past",2020-10-05,"daily_all_infections",2886,2886,2886,3060,3052,3242,3242,3242
"Utah","return_normal","Past",2020-10-05,"daily_all_infections",2886,2886,2886,3060,3052,3242,3242,3242
"Utah","status_quo","Past",2020-10-05,"daily_all_infections",2886,2886,2886,3060,3052,3242,3242,3242
"Utah","linear_increase_sd","Past",2020-10-05,"daily_cases",912,912,912,1023,1070,1086,1086,1086
"Utah","return_normal","Past",2020-10-05,"daily_cases",912,912,912,1023,1070,1086,1086,1086
"Utah","status_quo","Past",2020-10-05,"daily_cases",912,912,912,1023,1070,1086,1086,1086
"Utah","linear_increase_sd","Past",2020-10-05,"daily_deaths",5,5,5,6,5,6,6,6
"Utah","return_normal","Past",2020-10-05,"daily_deaths",5,5,5,6,5,6,6,6
"Utah","status_quo","Past",2020-10-05,"daily_deaths",5,5,5,6,5,6,6,6
"Utah","linear_increase_sd","Past",2020-10-05,"daily_hosps",96,96,96,105,107,111,111,111
"Utah","return_normal","Past",2020-10-05,"daily_hosps",96,96,96,105,107,111,111,111
"Utah","status_quo","Past",2020-10-05,"daily_hosps",96,96,96,105,107,111,111,111
"Utah","linear_increase_sd","Past",2020-10-05,"latent_trend",NA,NA,NA,0.567210010445072,NA,NA,NA,NA
"Utah","return_normal","Past",2020-10-05,"latent_trend",NA,NA,NA,0.567210010445072,NA,NA,NA,NA
"Utah","status_quo","Past",2020-10-05,"latent_trend",NA,NA,NA,0.567210010445072,NA,NA,NA,NA
"Utah","linear_increase_sd","Past",2020-10-05,"mobility_trend",NA,NA,NA,0.780794612719233,NA,NA,NA,NA
"Utah","return_normal","Past",2020-10-05,"mobility_trend",NA,NA,NA,0.780794612719233,NA,NA,NA,NA
"Utah","status_quo","Past",2020-10-05,"mobility_trend",NA,NA,NA,0.780794612719233,NA,NA,NA,NA
"Utah",NA,"Past",2020-10-06,"actual_cumulative_cases",NA,NA,NA,79439,NA,NA,NA,NA
"Utah",NA,"Past",2020-10-06,"actual_cumulative_deaths",NA,NA,NA,493,NA,NA,NA,NA
"Utah",NA,"Past",2020-10-06,"actual_daily_cases",NA,NA,NA,716,NA,NA,NA,NA
"Utah",NA,"Past",2020-10-06,"actual_daily_deaths",NA,NA,NA,6,NA,NA,NA,NA
"Utah","linear_increase_sd","Past",2020-10-06,"combined_trend",NA,NA,NA,0.442830458672876,NA,NA,NA,NA
"Utah","return_normal","Past",2020-10-06,"combined_trend",NA,NA,NA,0.442830458672876,NA,NA,NA,NA
"Utah","status_quo","Past",2020-10-06,"combined_trend",NA,NA,NA,0.442830458672876,NA,NA,NA,NA
"Utah","linear_increase_sd","Past",2020-10-06,"cumulative_all_infections",222476,222476,222476,228463,230736,232176,232176,232176
"Utah","return_normal","Past",2020-10-06,"cumulative_all_infections",222476,222476,222476,228463,230736,232176,232176,232176
"Utah","status_quo","Past",2020-10-06,"cumulative_all_infections",222476,222476,222476,228463,230736,232176,232176,232176
"Utah","linear_increase_sd","Past",2020-10-06,"cumulative_cases",71879,71879,71879,73438,73575,74859,74859,74859
"Utah","return_normal","Past",2020-10-06,"cumulative_cases",71879,71879,71879,73438,73575,74859,74859,74859
"Utah","status_quo","Past",2020-10-06,"cumulative_cases",71879,71879,71879,73438,73575,74859,74859,74859
"Utah","linear_increase_sd","Past",2020-10-06,"cumulative_deaths",765,765,765,771,767,781,781,781
"Utah","return_normal","Past",2020-10-06,"cumulative_deaths",765,765,765,771,767,781,781,781
"Utah","status_quo","Past",2020-10-06,"cumulative_deaths",765,765,765,771,767,781,781,781
"Utah","linear_increase_sd","Past",2020-10-06,"cumulative_hosps",8012,8012,8012,8195,8199,8372,8372,8372
"Utah","return_normal","Past",2020-10-06,"cumulative_hosps",8012,8012,8012,8195,8199,8372,8372,8372
"Utah","status_quo","Past",2020-10-06,"cumulative_hosps",8012,8012,8012,8195,8199,8372,8372,8372
"Utah","linear_increase_sd","Past",2020-10-06,"daily_all_infections",2962,2962,2962,3130,3123,3305,3305,3305
"Utah","return_normal","Past",2020-10-06,"daily_all_infections",2962,2962,2962,3130,3123,3305,3305,3305
"Utah","status_quo","Past",2020-10-06,"daily_all_infections",2962,2962,2962,3130,3123,3305,3305,3305
"Utah","linear_increase_sd","Past",2020-10-06,"daily_cases",1069,1069,1069,1111,1106,1158,1158,1158
"Utah","return_normal","Past",2020-10-06,"daily_cases",1069,1069,1069,1111,1106,1158,1158,1158
"Utah","status_quo","Past",2020-10-06,"daily_cases",1069,1069,1069,1111,1106,1158,1158,1158
"Utah","linear_increase_sd","Past",2020-10-06,"daily_deaths",5,5,5,6,6,6,6,6
"Utah","return_normal","Past",2020-10-06,"daily_deaths",5,5,5,6,6,6,6,6
"Utah","status_quo","Past",2020-10-06,"daily_deaths",5,5,5,6,6,6,6,6
"Utah","linear_increase_sd","Past",2020-10-06,"daily_hosps",97,97,97,108,111,114,114,114
"Utah","return_normal","Past",2020-10-06,"daily_hosps",97,97,97,108,111,114,114,114
"Utah","status_quo","Past",2020-10-06,"daily_hosps",97,97,97,108,111,114,114,114
"Utah","linear_increase_sd","Past",2020-10-06,"latent_trend",NA,NA,NA,0.567888695825038,NA,NA,NA,NA
"Utah","return_normal","Past",2020-10-06,"latent_trend",NA,NA,NA,0.567888695825038,NA,NA,NA,NA
"Utah","status_quo","Past",2020-10-06,"latent_trend",NA,NA,NA,0.567888695825038,NA,NA,NA,NA
"Utah","linear_increase_sd","Past",2020-10-06,"mobility_trend",NA,NA,NA,0.779783894147646,NA,NA,NA,NA
"Utah","return_normal","Past",2020-10-06,"mobility_trend",NA,NA,NA,0.779783894147646,NA,NA,NA,NA
"Utah","status_quo","Past",2020-10-06,"mobility_trend",NA,NA,NA,0.779783894147646,NA,NA,NA,NA
"Utah",NA,"Past",2020-10-07,"actual_cumulative_cases",NA,NA,NA,80446,NA,NA,NA,NA
"Utah",NA,"Past",2020-10-07,"actual_cumulative_deaths",NA,NA,NA,501,NA,NA,NA,NA
"Utah",NA,"Past",2020-10-07,"actual_daily_cases",NA,NA,NA,1007,NA,NA,NA,NA
"Utah",NA,"Past",2020-10-07,"actual_daily_deaths",NA,NA,NA,8,NA,NA,NA,NA
"Utah","linear_increase_sd","Past",2020-10-07,"combined_trend",NA,NA,NA,0.442935894757877,NA,NA,NA,NA
"Utah","return_normal","Past",2020-10-07,"combined_trend",NA,NA,NA,0.442935894757877,NA,NA,NA,NA
"Utah","status_quo","Past",2020-10-07,"combined_trend",NA,NA,NA,0.442935894757877,NA,NA,NA,NA
"Utah","linear_increase_sd","Past",2020-10-07,"cumulative_all_infections",225517,225517,225517,231663,234106,235364,235364,235364
"Utah","return_normal","Past",2020-10-07,"cumulative_all_infections",225517,225517,225517,231663,234106,235364,235364,235364
"Utah","status_quo","Past",2020-10-07,"cumulative_all_infections",225517,225517,225517,231663,234106,235364,235364,235364
"Utah","linear_increase_sd","Past",2020-10-07,"cumulative_cases",72835,72835,72835,74479,74614,75986,75986,75986
"Utah","return_normal","Past",2020-10-07,"cumulative_cases",72835,72835,72835,74479,74614,75986,75986,75986
"Utah","status_quo","Past",2020-10-07,"cumulative_cases",72835,72835,72835,74479,74614,75986,75986,75986
"Utah","linear_increase_sd","Past",2020-10-07,"cumulative_deaths",771,771,771,777,773,787,787,787
"Utah","return_normal","Past",2020-10-07,"cumulative_deaths",771,771,771,777,773,787,787,787
"Utah","status_quo","Past",2020-10-07,"cumulative_deaths",771,771,771,777,773,787,787,787
"Utah","linear_increase_sd","Past",2020-10-07,"cumulative_hosps",8114,8114,8114,8305,8317,8482,8482,8482
"Utah","return_normal","Past",2020-10-07,"cumulative_hosps",8114,8114,8114,8305,8317,8482,8482,8482
"Utah","status_quo","Past",2020-10-07,"cumulative_hosps",8114,8114,8114,8305,8317,8482,8482,8482
"Utah","linear_increase_sd","Past",2020-10-07,"daily_all_infections",3041,3041,3041,3200,3188,3370,3370,3370
"Utah","return_normal","Past",2020-10-07,"daily_all_infections",3041,3041,3041,3200,3188,3370,3370,3370
"Utah","status_quo","Past",2020-10-07,"daily_all_infections",3041,3041,3041,3200,3188,3370,3370,3370
"Utah","linear_increase_sd","Past",2020-10-07,"daily_cases",956,956,956,1041,1039,1127,1127,1127
"Utah","return_normal","Past",2020-10-07,"daily_cases",956,956,956,1041,1039,1127,1127,1127
"Utah","status_quo","Past",2020-10-07,"daily_cases",956,956,956,1041,1039,1127,1127,1127
"Utah","linear_increase_sd","Past",2020-10-07,"daily_deaths",6,6,6,6,6,6,6,6
"Utah","return_normal","Past",2020-10-07,"daily_deaths",6,6,6,6,6,6,6,6
"Utah","status_quo","Past",2020-10-07,"daily_deaths",6,6,6,6,6,6,6,6
"Utah","linear_increase_sd","Past",2020-10-07,"daily_hosps",102,102,102,110,110,118,118,118
"Utah","return_normal","Past",2020-10-07,"daily_hosps",102,102,102,110,110,118,118,118
"Utah","status_quo","Past",2020-10-07,"daily_hosps",102,102,102,110,110,118,118,118
"Utah","linear_increase_sd","Past",2020-10-07,"latent_trend",NA,NA,NA,0.568728396686212,NA,NA,NA,NA
"Utah","return_normal","Past",2020-10-07,"latent_trend",NA,NA,NA,0.568728396686212,NA,NA,NA,NA
"Utah","status_quo","Past",2020-10-07,"latent_trend",NA,NA,NA,0.568728396686212,NA,NA,NA,NA
"Utah","linear_increase_sd","Past",2020-10-07,"mobility_trend",NA,NA,NA,0.778817968891152,NA,NA,NA,NA
"Utah","return_normal","Past",2020-10-07,"mobility_trend",NA,NA,NA,0.778817968891152,NA,NA,NA,NA
"Utah","status_quo","Past",2020-10-07,"mobility_trend",NA,NA,NA,0.778817968891152,NA,NA,NA,NA
"Utah",NA,"Past",2020-10-08,"actual_cumulative_cases",NA,NA,NA,81947,NA,NA,NA,NA
"Utah",NA,"Past",2020-10-08,"actual_cumulative_deaths",NA,NA,NA,506,NA,NA,NA,NA
"Utah",NA,"Past",2020-10-08,"actual_daily_cases",NA,NA,NA,1501,NA,NA,NA,NA
"Utah",NA,"Past",2020-10-08,"actual_daily_deaths",NA,NA,NA,5,NA,NA,NA,NA
"Utah","linear_increase_sd","Past",2020-10-08,"combined_trend",NA,NA,NA,0.443192370212582,NA,NA,NA,NA
"Utah","return_normal","Past",2020-10-08,"combined_trend",NA,NA,NA,0.443192370212582,NA,NA,NA,NA
"Utah","status_quo","Past",2020-10-08,"combined_trend",NA,NA,NA,0.443192370212582,NA,NA,NA,NA
"Utah","linear_increase_sd","Past",2020-10-08,"cumulative_all_infections",228631,228631,228631,234924,237516,238624,238624,238624
"Utah","return_normal","Past",2020-10-08,"cumulative_all_infections",228631,228631,228631,234924,237516,238624,238624,238624
"Utah","status_quo","Past",2020-10-08,"cumulative_all_infections",228631,228631,228631,234924,237516,238624,238624,238624
"Utah","linear_increase_sd","Past",2020-10-08,"cumulative_cases",73850,73850,73850,75558,75761,77061,77061,77061
"Utah","return_normal","Past",2020-10-08,"cumulative_cases",73850,73850,73850,75558,75761,77061,77061,77061
"Utah","status_quo","Past",2020-10-08,"cumulative_cases",73850,73850,73850,75558,75761,77061,77061,77061
"Utah","linear_increase_sd","Past",2020-10-08,"cumulative_deaths",777,777,777,783,779,792,792,792
"Utah","return_normal","Past",2020-10-08,"cumulative_deaths",777,777,777,783,779,792,792,792
"Utah","status_quo","Past",2020-10-08,"cumulative_deaths",777,777,777,783,779,792,792,792
"Utah","linear_increase_sd","Past",2020-10-08,"cumulative_hosps",8216,8216,8216,8417,8438,8597,8597,8597
"Utah","return_normal","Past",2020-10-08,"cumulative_hosps",8216,8216,8216,8417,8438,8597,8597,8597
"Utah","status_quo","Past",2020-10-08,"cumulative_hosps",8216,8216,8216,8417,8438,8597,8597,8597
"Utah","linear_increase_sd","Past",2020-10-08,"daily_all_infections",3114,3114,3114,3262,3260,3410,3410,3410
"Utah","return_normal","Past",2020-10-08,"daily_all_infections",3114,3114,3114,3262,3260,3410,3410,3410
"Utah","status_quo","Past",2020-10-08,"daily_all_infections",3114,3114,3114,3262,3260,3410,3410,3410
"Utah","linear_increase_sd","Past",2020-10-08,"daily_cases",1015,1015,1015,1079,1075,1147,1147,1147
"Utah","return_normal","Past",2020-10-08,"daily_cases",1015,1015,1015,1079,1075,1147,1147,1147
"Utah","status_quo","Past",2020-10-08,"daily_cases",1015,1015,1015,1079,1075,1147,1147,1147
"Utah","linear_increase_sd","Past",2020-10-08,"daily_deaths",5,5,5,6,6,6,6,6
"Utah","return_normal","Past",2020-10-08,"daily_deaths",5,5,5,6,6,6,6,6
"Utah","status_quo","Past",2020-10-08,"daily_deaths",5,5,5,6,6,6,6,6
"Utah","linear_increase_sd","Past",2020-10-08,"daily_hosps",102,102,102,113,115,121,121,121
"Utah","return_normal","Past",2020-10-08,"daily_hosps",102,102,102,113,115,121,121,121
"Utah","status_quo","Past",2020-10-08,"daily_hosps",102,102,102,113,115,121,121,121
"Utah","linear_increase_sd","Past",2020-10-08,"latent_trend",NA,NA,NA,0.569740343985863,NA,NA,NA,NA
"Utah","return_normal","Past",2020-10-08,"latent_trend",NA,NA,NA,0.569740343985863,NA,NA,NA,NA
"Utah","status_quo","Past",2020-10-08,"latent_trend",NA,NA,NA,0.569740343985863,NA,NA,NA,NA
"Utah","linear_increase_sd","Past",2020-10-08,"mobility_trend",NA,NA,NA,0.777884829275103,NA,NA,NA,NA
"Utah","return_normal","Past",2020-10-08,"mobility_trend",NA,NA,NA,0.777884829275103,NA,NA,NA,NA
"Utah","status_quo","Past",2020-10-08,"mobility_trend",NA,NA,NA,0.777884829275103,NA,NA,NA,NA
"Utah",NA,"Past",2020-10-09,"actual_cumulative_cases",NA,NA,NA,83290,NA,NA,NA,NA
"Utah",NA,"Past",2020-10-09,"actual_cumulative_deaths",NA,NA,NA,510,NA,NA,NA,NA
"Utah",NA,"Past",2020-10-09,"actual_daily_cases",NA,NA,NA,1343,NA,NA,NA,NA
"Utah",NA,"Past",2020-10-09,"actual_daily_deaths",NA,NA,NA,4,NA,NA,NA,NA
"Utah","linear_increase_sd","Past",2020-10-09,"combined_trend",NA,NA,NA,0.443601309954974,NA,NA,NA,NA
"Utah","return_normal","Past",2020-10-09,"combined_trend",NA,NA,NA,0.443601309954974,NA,NA,NA,NA
"Utah","status_quo","Past",2020-10-09,"combined_trend",NA,NA,NA,0.443601309954974,NA,NA,NA,NA
"Utah","linear_increase_sd","Past",2020-10-09,"cumulative_all_infections",231850,231850,231850,238272,240990,241974,241974,241974
"Utah","return_normal","Past",2020-10-09,"cumulative_all_infections",231850,231850,231850,238272,240990,241974,241974,241974
"Utah","status_quo","Past",2020-10-09,"cumulative_all_infections",231850,231850,231850,238272,240990,241974,241974,241974
"Utah","linear_increase_sd","Past",2020-10-09,"cumulative_cases",74862,74862,74862,76650,76926,78162,78162,78162
"Utah","return_normal","Past",2020-10-09,"cumulative_cases",74862,74862,74862,76650,76926,78162,78162,78162
"Utah","status_quo","Past",2020-10-09,"cumulative_cases",74862,74862,74862,76650,76926,78162,78162,78162
"Utah","linear_increase_sd","Past",2020-10-09,"cumulative_deaths",782,782,782,788,784,797,797,797
"Utah","return_normal","Past",2020-10-09,"cumulative_deaths",782,782,782,788,784,797,797,797
"Utah","status_quo","Past",2020-10-09,"cumulative_deaths",782,782,782,788,784,797,797,797
"Utah","linear_increase_sd","Past",2020-10-09,"cumulative_hosps",8322,8322,8322,8531,8558,8711,8711,8711
"Utah","return_normal","Past",2020-10-09,"cumulative_hosps",8322,8322,8322,8531,8558,8711,8711,8711
"Utah","status_quo","Past",2020-10-09,"cumulative_hosps",8322,8322,8322,8531,8558,8711,8711,8711
"Utah","linear_increase_sd","Past",2020-10-09,"daily_all_infections",3219,3219,3219,3348,3350,3474,3474,3474
"Utah","return_normal","Past",2020-10-09,"daily_all_infections",3219,3219,3219,3348,3350,3474,3474,3474
"Utah","status_quo","Past",2020-10-09,"daily_all_infections",3219,3219,3219,3348,3350,3474,3474,3474
"Utah","linear_increase_sd","Past",2020-10-09,"daily_cases",1012,1012,1012,1093,1101,1165,1165,1165
"Utah","return_normal","Past",2020-10-09,"daily_cases",1012,1012,1012,1093,1101,1165,1165,1165
"Utah","status_quo","Past",2020-10-09,"daily_cases",1012,1012,1012,1093,1101,1165,1165,1165
"Utah","linear_increase_sd","Past",2020-10-09,"daily_deaths",5,5,5,5,5,5,5,5
"Utah","return_normal","Past",2020-10-09,"daily_deaths",5,5,5,5,5,5,5,5
"Utah","status_quo","Past",2020-10-09,"daily_deaths",5,5,5,5,5,5,5,5
"Utah","linear_increase_sd","Past",2020-10-09,"daily_hosps",106,106,106,114,114,120,120,120
"Utah","return_normal","Past",2020-10-09,"daily_hosps",106,106,106,114,114,120,120,120
"Utah","status_quo","Past",2020-10-09,"daily_hosps",106,106,106,114,114,120,120,120
"Utah","linear_increase_sd","Past",2020-10-09,"latent_trend",NA,NA,NA,0.570935687478131,NA,NA,NA,NA
"Utah","return_normal","Past",2020-10-09,"latent_trend",NA,NA,NA,0.570935687478131,NA,NA,NA,NA
"Utah","status_quo","Past",2020-10-09,"latent_trend",NA,NA,NA,0.570935687478131,NA,NA,NA,NA
"Utah","linear_increase_sd","Past",2020-10-09,"mobility_trend",NA,NA,NA,0.776972467624852,NA,NA,NA,NA
"Utah","return_normal","Past",2020-10-09,"mobility_trend",NA,NA,NA,0.776972467624852,NA,NA,NA,NA
"Utah","status_quo","Past",2020-10-09,"mobility_trend",NA,NA,NA,0.776972467624852,NA,NA,NA,NA
"Utah",NA,"Past",2020-10-10,"actual_cumulative_cases",NA,NA,NA,84644,NA,NA,NA,NA
"Utah",NA,"Past",2020-10-10,"actual_cumulative_deaths",NA,NA,NA,515,NA,NA,NA,NA
"Utah",NA,"Past",2020-10-10,"actual_daily_cases",NA,NA,NA,1354,NA,NA,NA,NA
"Utah",NA,"Past",2020-10-10,"actual_daily_deaths",NA,NA,NA,5,NA,NA,NA,NA
"Utah","linear_increase_sd","Past",2020-10-10,"combined_trend",NA,NA,NA,0.44415954360626,NA,NA,NA,NA
"Utah","return_normal","Past",2020-10-10,"combined_trend",NA,NA,NA,0.44415954360626,NA,NA,NA,NA
"Utah","status_quo","Past",2020-10-10,"combined_trend",NA,NA,NA,0.44415954360626,NA,NA,NA,NA
"Utah","linear_increase_sd","Past",2020-10-10,"cumulative_all_infections",235140,235140,235140,241689,244516,245410,245410,245410
"Utah","return_normal","Past",2020-10-10,"cumulative_all_infections",235140,235140,235140,241689,244516,245410,245410,245410
"Utah","status_quo","Past",2020-10-10,"cumulative_all_infections",235140,235140,235140,241689,244516,245410,245410,245410
"Utah","linear_increase_sd","Past",2020-10-10,"cumulative_cases",75891,75891,75891,77794,78244,79247,79247,79247
"Utah","return_normal","Past",2020-10-10,"cumulative_cases",75891,75891,75891,77794,78244,79247,79247,79247
"Utah","status_quo","Past",2020-10-10,"cumulative_cases",75891,75891,75891,77794,78244,79247,79247,79247
"Utah","linear_increase_sd","Past",2020-10-10,"cumulative_deaths",788,788,788,794,790,803,803,803
"Utah","return_normal","Past",2020-10-10,"cumulative_deaths",788,788,788,794,790,803,803,803
"Utah","status_quo","Past",2020-10-10,"cumulative_deaths",788,788,788,794,790,803,803,803
"Utah","linear_increase_sd","Past",2020-10-10,"cumulative_hosps",8430,8430,8430,8649,8684,8831,8831,8831
"Utah","return_normal","Past",2020-10-10,"cumulative_hosps",8430,8430,8430,8649,8684,8831,8831,8831
"Utah","status_quo","Past",2020-10-10,"cumulative_hosps",8430,8430,8430,8649,8684,8831,8831,8831
"Utah","linear_increase_sd","Past",2020-10-10,"daily_all_infections",3290,3290,3290,3418,3436,3526,3526,3526
"Utah","return_normal","Past",2020-10-10,"daily_all_infections",3290,3290,3290,3418,3436,3526,3526,3526
"Utah","status_quo","Past",2020-10-10,"daily_all_infections",3290,3290,3290,3418,3436,3526,3526,3526
"Utah","linear_increase_sd","Past",2020-10-10,"daily_cases",1029,1029,1029,1144,1085,1318,1318,1318
"Utah","return_normal","Past",2020-10-10,"daily_cases",1029,1029,1029,1144,1085,1318,1318,1318
"Utah","status_quo","Past",2020-10-10,"daily_cases",1029,1029,1029,1144,1085,1318,1318,1318
"Utah","linear_increase_sd","Past",2020-10-10,"daily_deaths",6,6,6,6,6,6,6,6
"Utah","return_normal","Past",2020-10-10,"daily_deaths",6,6,6,6,6,6,6,6
"Utah","status_quo","Past",2020-10-10,"daily_deaths",6,6,6,6,6,6,6,6
"Utah","linear_increase_sd","Past",2020-10-10,"daily_hosps",108,108,108,118,120,126,126,126
"Utah","return_normal","Past",2020-10-10,"daily_hosps",108,108,108,118,120,126,126,126
"Utah","status_quo","Past",2020-10-10,"daily_hosps",108,108,108,118,120,126,126,126
"Utah","linear_increase_sd","Past",2020-10-10,"latent_trend",NA,NA,NA,0.572325479421615,NA,NA,NA,NA
"Utah","return_normal","Past",2020-10-10,"latent_trend",NA,NA,NA,0.572325479421615,NA,NA,NA,NA
"Utah","status_quo","Past",2020-10-10,"latent_trend",NA,NA,NA,0.572325479421615,NA,NA,NA,NA
"Utah","linear_increase_sd","Past",2020-10-10,"mobility_trend",NA,NA,NA,0.776061104347691,NA,NA,NA,NA
"Utah","return_normal","Past",2020-10-10,"mobility_trend",NA,NA,NA,0.776061104347691,NA,NA,NA,NA
"Utah","status_quo","Past",2020-10-10,"mobility_trend",NA,NA,NA,0.776061104347691,NA,NA,NA,NA
"Utah",NA,"Past",2020-10-11,"actual_cumulative_cases",NA,NA,NA,85844,NA,NA,NA,NA
"Utah",NA,"Past",2020-10-11,"actual_cumulative_deaths",NA,NA,NA,522,NA,NA,NA,NA
"Utah",NA,"Past",2020-10-11,"actual_daily_cases",NA,NA,NA,1200,NA,NA,NA,NA
"Utah",NA,"Past",2020-10-11,"actual_daily_deaths",NA,NA,NA,7,NA,NA,NA,NA
"Utah","linear_increase_sd","Past",2020-10-11,"combined_trend",NA,NA,NA,0.44484582690735,NA,NA,NA,NA
"Utah","return_normal","Past",2020-10-11,"combined_trend",NA,NA,NA,0.44484582690735,NA,NA,NA,NA
"Utah","status_quo","Past",2020-10-11,"combined_trend",NA,NA,NA,0.44484582690735,NA,NA,NA,NA
"Utah","linear_increase_sd","Past",2020-10-11,"cumulative_all_infections",238528,238528,238528,245183,248086,248934,248934,248934
"Utah","return_normal","Past",2020-10-11,"cumulative_all_infections",238528,238528,238528,245183,248086,248934,248934,248934
"Utah","status_quo","Past",2020-10-11,"cumulative_all_infections",238528,238528,238528,245183,248086,248934,248934,248934
"Utah","linear_increase_sd","Past",2020-10-11,"cumulative_cases",76992,76992,76992,78991,79538,80442,80442,80442
"Utah","return_normal","Past",2020-10-11,"cumulative_cases",76992,76992,76992,78991,79538,80442,80442,80442
"Utah","status_quo","Past",2020-10-11,"cumulative_cases",76992,76992,76992,78991,79538,80442,80442,80442
"Utah","linear_increase_sd","Past",2020-10-11,"cumulative_deaths",794,794,794,800,796,809,809,809
"Utah","return_normal","Past",2020-10-11,"cumulative_deaths",794,794,794,800,796,809,809,809
"Utah","status_quo","Past",2020-10-11,"cumulative_deaths",794,794,794,800,796,809,809,809
"Utah","linear_increase_sd","Past",2020-10-11,"cumulative_hosps",8543,8543,8543,8770,8814,8953,8953,8953
"Utah","return_normal","Past",2020-10-11,"cumulative_hosps",8543,8543,8543,8770,8814,8953,8953,8953
"Utah","status_quo","Past",2020-10-11,"cumulative_hosps",8543,8543,8543,8770,8814,8953,8953,8953
"Utah","linear_increase_sd","Past",2020-10-11,"daily_all_infections",3388,3388,3388,3494,3524,3570,3570,3570
"Utah","return_normal","Past",2020-10-11,"daily_all_infections",3388,3388,3388,3494,3524,3570,3570,3570
"Utah","status_quo","Past",2020-10-11,"daily_all_infections",3388,3388,3388,3494,3524,3570,3570,3570
"Utah","linear_increase_sd","Past",2020-10-11,"daily_cases",1101,1101,1101,1197,1195,1294,1294,1294
"Utah","return_normal","Past",2020-10-11,"daily_cases",1101,1101,1101,1197,1195,1294,1294,1294
"Utah","status_quo","Past",2020-10-11,"daily_cases",1101,1101,1101,1197,1195,1294,1294,1294
"Utah","linear_increase_sd","Past",2020-10-11,"daily_deaths",6,6,6,6,6,6,6,6
"Utah","return_normal","Past",2020-10-11,"daily_deaths",6,6,6,6,6,6,6,6
"Utah","status_quo","Past",2020-10-11,"daily_deaths",6,6,6,6,6,6,6,6
"Utah","linear_increase_sd","Past",2020-10-11,"daily_hosps",113,113,113,122,122,130,130,130
"Utah","return_normal","Past",2020-10-11,"daily_hosps",113,113,113,122,122,130,130,130
"Utah","status_quo","Past",2020-10-11,"daily_hosps",113,113,113,122,122,130,130,130
"Utah","linear_increase_sd","Past",2020-10-11,"latent_trend",NA,NA,NA,0.573920655743326,NA,NA,NA,NA
"Utah","return_normal","Past",2020-10-11,"latent_trend",NA,NA,NA,0.573920655743326,NA,NA,NA,NA
"Utah","status_quo","Past",2020-10-11,"latent_trend",NA,NA,NA,0.573920655743326,NA,NA,NA,NA
"Utah","linear_increase_sd","Past",2020-10-11,"mobility_trend",NA,NA,NA,0.775099872178669,NA,NA,NA,NA
"Utah","return_normal","Past",2020-10-11,"mobility_trend",NA,NA,NA,0.775099872178669,NA,NA,NA,NA
"Utah","status_quo","Past",2020-10-11,"mobility_trend",NA,NA,NA,0.775099872178669,NA,NA,NA,NA
"Utah",NA,"Past",2020-10-12,"actual_cumulative_cases",NA,NA,NA,86832,NA,NA,NA,NA
"Utah",NA,"Past",2020-10-12,"actual_cumulative_deaths",NA,NA,NA,527,NA,NA,NA,NA
"Utah",NA,"Past",2020-10-12,"actual_daily_cases",NA,NA,NA,988,NA,NA,NA,NA
"Utah",NA,"Past",2020-10-12,"actual_daily_deaths",NA,NA,NA,5,NA,NA,NA,NA
"Utah","linear_increase_sd","Past",2020-10-12,"combined_trend",NA,NA,NA,0.445633926959539,NA,NA,NA,NA
"Utah","return_normal","Past",2020-10-12,"combined_trend",NA,NA,NA,0.445633926959539,NA,NA,NA,NA
"Utah","status_quo","Past",2020-10-12,"combined_trend",NA,NA,NA,0.445633926959539,NA,NA,NA,NA
"Utah","linear_increase_sd","Past",2020-10-12,"cumulative_all_infections",242017,242017,242017,248765,251729,252548,252548,252548
"Utah","return_normal","Past",2020-10-12,"cumulative_all_infections",242017,242017,242017,248765,251729,252548,252548,252548
"Utah","status_quo","Past",2020-10-12,"cumulative_all_infections",242017,242017,242017,248765,251729,252548,252548,252548
"Utah","linear_increase_sd","Past",2020-10-12,"cumulative_cases",78175,78175,78175,80195,80757,81653,81653,81653
"Utah","return_normal","Past",2020-10-12,"cumulative_cases",78175,78175,78175,80195,80757,81653,81653,81653
"Utah","status_quo","Past",2020-10-12,"cumulative_cases",78175,78175,78175,80195,80757,81653,81653,81653
"Utah","linear_increase_sd","Past",2020-10-12,"cumulative_deaths",801,801,801,807,803,815,815,815
"Utah","return_normal","Past",2020-10-12,"cumulative_deaths",801,801,801,807,803,815,815,815
"Utah","status_quo","Past",2020-10-12,"cumulative_deaths",801,801,801,807,803,815,815,815
"Utah","linear_increase_sd","Past",2020-10-12,"cumulative_hosps",8659,8659,8659,8895,8946,9078,9078,9078
"Utah","return_normal","Past",2020-10-12,"cumulative_hosps",8659,8659,8659,8895,8946,9078,9078,9078
"Utah","status_quo","Past",2020-10-12,"cumulative_hosps",8659,8659,8659,8895,8946,9078,9078,9078
"Utah","linear_increase_sd","Past",2020-10-12,"daily_all_infections",3489,3489,3489,3582,3614,3643,3643,3643
"Utah","return_normal","Past",2020-10-12,"daily_all_infections",3489,3489,3489,3582,3614,3643,3643,3643
"Utah","status_quo","Past",2020-10-12,"daily_all_infections",3489,3489,3489,3582,3614,3643,3643,3643
"Utah","linear_increase_sd","Past",2020-10-12,"daily_cases",1183,1183,1183,1205,1211,1219,1219,1219
"Utah","return_normal","Past",2020-10-12,"daily_cases",1183,1183,1183,1205,1211,1219,1219,1219
"Utah","status_quo","Past",2020-10-12,"daily_cases",1183,1183,1183,1205,1211,1219,1219,1219
"Utah","linear_increase_sd","Past",2020-10-12,"daily_deaths",6,6,6,7,7,7,7,7
"Utah","return_normal","Past",2020-10-12,"daily_deaths",6,6,6,7,7,7,7,7
"Utah","status_quo","Past",2020-10-12,"daily_deaths",6,6,6,7,7,7,7,7
"Utah","linear_increase_sd","Past",2020-10-12,"daily_hosps",116,116,116,125,125,132,132,132
"Utah","return_normal","Past",2020-10-12,"daily_hosps",116,116,116,125,125,132,132,132
"Utah","status_quo","Past",2020-10-12,"daily_hosps",116,116,116,125,125,132,132,132
"Utah","linear_increase_sd","Past",2020-10-12,"latent_trend",NA,NA,NA,0.575732014263612,NA,NA,NA,NA
"Utah","return_normal","Past",2020-10-12,"latent_trend",NA,NA,NA,0.575732014263612,NA,NA,NA,NA
"Utah","status_quo","Past",2020-10-12,"latent_trend",NA,NA,NA,0.575732014263612,NA,NA,NA,NA
"Utah","linear_increase_sd","Past",2020-10-12,"mobility_trend",NA,NA,NA,0.774030131934777,NA,NA,NA,NA
"Utah","return_normal","Past",2020-10-12,"mobility_trend",NA,NA,NA,0.774030131934777,NA,NA,NA,NA
"Utah","status_quo","Past",2020-10-12,"mobility_trend",NA,NA,NA,0.774030131934777,NA,NA,NA,NA
"Utah",NA,"Past",2020-10-13,"actual_cumulative_cases",NA,NA,NA,87819,NA,NA,NA,NA
"Utah",NA,"Past",2020-10-13,"actual_cumulative_deaths",NA,NA,NA,527,NA,NA,NA,NA
"Utah",NA,"Past",2020-10-13,"actual_daily_cases",NA,NA,NA,987,NA,NA,NA,NA
"Utah",NA,"Past",2020-10-13,"actual_daily_deaths",NA,NA,NA,0,NA,NA,NA,NA
"Utah","linear_increase_sd","Past",2020-10-13,"combined_trend",NA,NA,NA,0.446496899315608,NA,NA,NA,NA
"Utah","return_normal","Past",2020-10-13,"combined_trend",NA,NA,NA,0.446496899315608,NA,NA,NA,NA
"Utah","status_quo","Past",2020-10-13,"combined_trend",NA,NA,NA,0.446496899315608,NA,NA,NA,NA
"Utah","linear_increase_sd","Past",2020-10-13,"cumulative_all_infections",245588,245588,245588,252426,255433,256257,256257,256257
"Utah","return_normal","Past",2020-10-13,"cumulative_all_infections",245588,245588,245588,252426,255433,256257,256257,256257
"Utah","status_quo","Past",2020-10-13,"cumulative_all_infections",245588,245588,245588,252426,255433,256257,256257,256257
"Utah","linear_increase_sd","Past",2020-10-13,"cumulative_cases",79328,79328,79328,81441,82064,82931,82931,82931
"Utah","return_normal","Past",2020-10-13,"cumulative_cases",79328,79328,79328,81441,82064,82931,82931,82931
"Utah","status_quo","Past",2020-10-13,"cumulative_cases",79328,79328,79328,81441,82064,82931,82931,82931
"Utah","linear_increase_sd","Past",2020-10-13,"cumulative_deaths",807,807,807,813,810,821,821,821
"Utah","return_normal","Past",2020-10-13,"cumulative_deaths",807,807,807,813,810,821,821,821
"Utah","status_quo","Past",2020-10-13,"cumulative_deaths",807,807,807,813,810,821,821,821
"Utah","linear_increase_sd","Past",2020-10-13,"cumulative_hosps",8778,8778,8778,9022,9082,9205,9205,9205
"Utah","return_normal","Past",2020-10-13,"cumulative_hosps",8778,8778,8778,9022,9082,9205,9205,9205
"Utah","status_quo","Past",2020-10-13,"cumulative_hosps",8778,8778,8778,9022,9082,9205,9205,9205
"Utah","linear_increase_sd","Past",2020-10-13,"daily_all_infections",3571,3571,3571,3662,3704,3709,3709,3709
"Utah","return_normal","Past",2020-10-13,"daily_all_infections",3571,3571,3571,3662,3704,3709,3709,3709
"Utah","status_quo","Past",2020-10-13,"daily_all_infections",3571,3571,3571,3662,3704,3709,3709,3709
"Utah","linear_increase_sd","Past",2020-10-13,"daily_cases",1153,1153,1153,1246,1278,1307,1307,1307
"Utah","return_normal","Past",2020-10-13,"daily_cases",1153,1153,1153,1246,1278,1307,1307,1307
"Utah","status_quo","Past",2020-10-13,"daily_cases",1153,1153,1153,1246,1278,1307,1307,1307
"Utah","linear_increase_sd","Past",2020-10-13,"daily_deaths",6,6,6,7,6,7,7,7
"Utah","return_normal","Past",2020-10-13,"daily_deaths",6,6,6,7,6,7,7,7
"Utah","status_quo","Past",2020-10-13,"daily_deaths",6,6,6,7,6,7,7,7
"Utah","linear_increase_sd","Past",2020-10-13,"daily_hosps",119,119,119,128,127,136,136,136
"Utah","return_normal","Past",2020-10-13,"daily_hosps",119,119,119,128,127,136,136,136
"Utah","status_quo","Past",2020-10-13,"daily_hosps",119,119,119,128,127,136,136,136
"Utah","linear_increase_sd","Past",2020-10-13,"latent_trend",NA,NA,NA,0.577770189545589,NA,NA,NA,NA
"Utah","return_normal","Past",2020-10-13,"latent_trend",NA,NA,NA,0.577770189545589,NA,NA,NA,NA
"Utah","status_quo","Past",2020-10-13,"latent_trend",NA,NA,NA,0.577770189545589,NA,NA,NA,NA
"Utah","linear_increase_sd","Past",2020-10-13,"mobility_trend",NA,NA,NA,0.772793244433004,NA,NA,NA,NA
"Utah","return_normal","Past",2020-10-13,"mobility_trend",NA,NA,NA,0.772793244433004,NA,NA,NA,NA
"Utah","status_quo","Past",2020-10-13,"mobility_trend",NA,NA,NA,0.772793244433004,NA,NA,NA,NA
"Utah",NA,"Past",2020-10-14,"actual_cumulative_cases",NA,NA,NA,88963,NA,NA,NA,NA
"Utah",NA,"Past",2020-10-14,"actual_cumulative_deaths",NA,NA,NA,532,NA,NA,NA,NA
"Utah",NA,"Past",2020-10-14,"actual_daily_cases",NA,NA,NA,1144,NA,NA,NA,NA
"Utah",NA,"Past",2020-10-14,"actual_daily_deaths",NA,NA,NA,5,NA,NA,NA,NA
"Utah","linear_increase_sd","Past",2020-10-14,"combined_trend",NA,NA,NA,0.44740841797405,NA,NA,NA,NA
"Utah","return_normal","Past",2020-10-14,"combined_trend",NA,NA,NA,0.44740841797405,NA,NA,NA,NA
"Utah","status_quo","Past",2020-10-14,"combined_trend",NA,NA,NA,0.44740841797405,NA,NA,NA,NA
"Utah","linear_increase_sd","Past",2020-10-14,"cumulative_all_infections",249267,249267,249267,256182,259186,260091,260091,260091
"Utah","return_normal","Past",2020-10-14,"cumulative_all_infections",249267,249267,249267,256182,259186,260091,260091,260091
"Utah","status_quo","Past",2020-10-14,"cumulative_all_infections",249267,249267,249267,256182,259186,260091,260091,260091
"Utah","linear_increase_sd","Past",2020-10-14,"cumulative_cases",80523,80523,80523,82696,83396,84167,84167,84167
"Utah","return_normal","Past",2020-10-14,"cumulative_cases",80523,80523,80523,82696,83396,84167,84167,84167
"Utah","status_quo","Past",2020-10-14,"cumulative_cases",80523,80523,80523,82696,83396,84167,84167,84167
"Utah","linear_increase_sd","Past",2020-10-14,"cumulative_deaths",813,813,813,819,817,827,827,827
"Utah","return_normal","Past",2020-10-14,"cumulative_deaths",813,813,813,819,817,827,827,827
"Utah","status_quo","Past",2020-10-14,"cumulative_deaths",813,813,813,819,817,827,827,827
"Utah","linear_increase_sd","Past",2020-10-14,"cumulative_hosps",8900,8900,8900,9152,9220,9336,9336,9336
"Utah","return_normal","Past",2020-10-14,"cumulative_hosps",8900,8900,8900,9152,9220,9336,9336,9336
"Utah","status_quo","Past",2020-10-14,"cumulative_hosps",8900,8900,8900,9152,9220,9336,9336,9336
"Utah","linear_increase_sd","Past",2020-10-14,"daily_all_infections",3679,3679,3679,3756,3753,3834,3834,3834
"Utah","return_normal","Past",2020-10-14,"daily_all_infections",3679,3679,3679,3756,3753,3834,3834,3834
"Utah","status_quo","Past",2020-10-14,"daily_all_infections",3679,3679,3679,3756,3753,3834,3834,3834
"Utah","linear_increase_sd","Past",2020-10-14,"daily_cases",1195,1195,1195,1255,1236,1332,1332,1332
"Utah","return_normal","Past",2020-10-14,"daily_cases",1195,1195,1195,1255,1236,1332,1332,1332
"Utah","status_quo","Past",2020-10-14,"daily_cases",1195,1195,1195,1255,1236,1332,1332,1332
"Utah","linear_increase_sd","Past",2020-10-14,"daily_deaths",6,6,6,7,6,7,7,7
"Utah","return_normal","Past",2020-10-14,"daily_deaths",6,6,6,7,6,7,7,7
"Utah","status_quo","Past",2020-10-14,"daily_deaths",6,6,6,7,6,7,7,7
"Utah","linear_increase_sd","Past",2020-10-14,"daily_hosps",122,122,122,131,131,138,138,138
"Utah","return_normal","Past",2020-10-14,"daily_hosps",122,122,122,131,131,138,138,138
"Utah","status_quo","Past",2020-10-14,"daily_hosps",122,122,122,131,131,138,138,138
"Utah","linear_increase_sd","Past",2020-10-14,"latent_trend",NA,NA,NA,0.58004562389365,NA,NA,NA,NA
"Utah","return_normal","Past",2020-10-14,"latent_trend",NA,NA,NA,0.58004562389365,NA,NA,NA,NA
"Utah","status_quo","Past",2020-10-14,"latent_trend",NA,NA,NA,0.58004562389365,NA,NA,NA,NA
"Utah","linear_increase_sd","Past",2020-10-14,"mobility_trend",NA,NA,NA,0.771333149573216,NA,NA,NA,NA
"Utah","return_normal","Past",2020-10-14,"mobility_trend",NA,NA,NA,0.771333149573216,NA,NA,NA,NA
"Utah","status_quo","Past",2020-10-14,"mobility_trend",NA,NA,NA,0.771333149573216,NA,NA,NA,NA
"Utah",NA,"Past",2020-10-15,"actual_cumulative_cases",NA,NA,NA,90461,NA,NA,NA,NA
"Utah",NA,"Past",2020-10-15,"actual_cumulative_deaths",NA,NA,NA,534,NA,NA,NA,NA
"Utah",NA,"Past",2020-10-15,"actual_daily_cases",NA,NA,NA,1498,NA,NA,NA,NA
"Utah",NA,"Past",2020-10-15,"actual_daily_deaths",NA,NA,NA,2,NA,NA,NA,NA
"Utah","linear_increase_sd","Past",2020-10-15,"combined_trend",NA,NA,NA,0.448347134379386,NA,NA,NA,NA
"Utah","return_normal","Past",2020-10-15,"combined_trend",NA,NA,NA,0.448347134379386,NA,NA,NA,NA
"Utah","status_quo","Past",2020-10-15,"combined_trend",NA,NA,NA,0.448347134379386,NA,NA,NA,NA
"Utah","linear_increase_sd","Past",2020-10-15,"cumulative_all_infections",253039,253039,253039,260011,262981,264011,264011,264011
"Utah","return_normal","Past",2020-10-15,"cumulative_all_infections",253039,253039,253039,260011,262981,264011,264011,264011
"Utah","status_quo","Past",2020-10-15,"cumulative_all_infections",253039,253039,253039,260011,262981,264011,264011,264011
"Utah","linear_increase_sd","Past",2020-10-15,"cumulative_cases",81724,81724,81724,83946,84647,85466,85466,85466
"Utah","return_normal","Past",2020-10-15,"cumulative_cases",81724,81724,81724,83946,84647,85466,85466,85466
"Utah","status_quo","Past",2020-10-15,"cumulative_cases",81724,81724,81724,83946,84647,85466,85466,85466
"Utah","linear_increase_sd","Past",2020-10-15,"cumulative_deaths",820,820,820,826,824,833,833,833
"Utah","return_normal","Past",2020-10-15,"cumulative_deaths",820,820,820,826,824,833,833,833
"Utah","status_quo","Past",2020-10-15,"cumulative_deaths",820,820,820,826,824,833,833,833
"Utah","linear_increase_sd","Past",2020-10-15,"cumulative_hosps",9024,9024,9024,9285,9362,9469,9469,9469
"Utah","return_normal","Past",2020-10-15,"cumulative_hosps",9024,9024,9024,9285,9362,9469,9469,9469
"Utah","status_quo","Past",2020-10-15,"cumulative_hosps",9024,9024,9024,9285,9362,9469,9469,9469
"Utah","linear_increase_sd","Past",2020-10-15,"daily_all_infections",3772,3772,3772,3829,3795,3920,3920,3920
"Utah","return_normal","Past",2020-10-15,"daily_all_infections",3772,3772,3772,3829,3795,3920,3920,3920
"Utah","status_quo","Past",2020-10-15,"daily_all_infections",3772,3772,3772,3829,3795,3920,3920,3920
"Utah","linear_increase_sd","Past",2020-10-15,"daily_cases",1201,1201,1201,1251,1251,1299,1299,1299
"Utah","return_normal","Past",2020-10-15,"daily_cases",1201,1201,1201,1251,1251,1299,1299,1299
"Utah","status_quo","Past",2020-10-15,"daily_cases",1201,1201,1201,1251,1251,1299,1299,1299
"Utah","linear_increase_sd","Past",2020-10-15,"daily_deaths",6,6,6,7,7,7,7,7
"Utah","return_normal","Past",2020-10-15,"daily_deaths",6,6,6,7,7,7,7,7
"Utah","status_quo","Past",2020-10-15,"daily_deaths",6,6,6,7,7,7,7,7
"Utah","linear_increase_sd","Past",2020-10-15,"daily_hosps",124,124,124,133,133,142,142,142
"Utah","return_normal","Past",2020-10-15,"daily_hosps",124,124,124,133,133,142,142,142
"Utah","status_quo","Past",2020-10-15,"daily_hosps",124,124,124,133,133,142,142,142
"Utah","linear_increase_sd","Past",2020-10-15,"latent_trend",NA,NA,NA,0.582568533990188,NA,NA,NA,NA
"Utah","return_normal","Past",2020-10-15,"latent_trend",NA,NA,NA,0.582568533990188,NA,NA,NA,NA
"Utah","status_quo","Past",2020-10-15,"latent_trend",NA,NA,NA,0.582568533990188,NA,NA,NA,NA
"Utah","linear_increase_sd","Past",2020-10-15,"mobility_trend",NA,NA,NA,0.769604103586784,NA,NA,NA,NA
"Utah","return_normal","Past",2020-10-15,"mobility_trend",NA,NA,NA,0.769604103586784,NA,NA,NA,NA
"Utah","status_quo","Past",2020-10-15,"mobility_trend",NA,NA,NA,0.769604103586784,NA,NA,NA,NA
"Utah",NA,"Past",2020-10-16,"actual_cumulative_cases",NA,NA,NA,91957,NA,NA,NA,NA
"Utah",NA,"Past",2020-10-16,"actual_cumulative_deaths",NA,NA,NA,542,NA,NA,NA,NA
"Utah",NA,"Past",2020-10-16,"actual_daily_cases",NA,NA,NA,1496,NA,NA,NA,NA
"Utah",NA,"Past",2020-10-16,"actual_daily_deaths",NA,NA,NA,8,NA,NA,NA,NA
"Utah","linear_increase_sd","Past",2020-10-16,"combined_trend",NA,NA,NA,0.449292102647845,NA,NA,NA,NA
"Utah","return_normal","Past",2020-10-16,"combined_trend",NA,NA,NA,0.449292102647845,NA,NA,NA,NA
"Utah","status_quo","Past",2020-10-16,"combined_trend",NA,NA,NA,0.449292102647845,NA,NA,NA,NA
"Utah","linear_increase_sd","Past",2020-10-16,"cumulative_all_infections",256935,256935,256935,263941,266848,268040,268040,268040
"Utah","return_normal","Past",2020-10-16,"cumulative_all_infections",256935,256935,256935,263941,266848,268040,268040,268040
"Utah","status_quo","Past",2020-10-16,"cumulative_all_infections",256935,256935,256935,263941,266848,268040,268040,268040
"Utah","linear_increase_sd","Past",2020-10-16,"cumulative_cases",82951,82951,82951,85224,85910,86811,86811,86811
"Utah","return_normal","Past",2020-10-16,"cumulative_cases",82951,82951,82951,85224,85910,86811,86811,86811
"Utah","status_quo","Past",2020-10-16,"cumulative_cases",82951,82951,82951,85224,85910,86811,86811,86811
"Utah","linear_increase_sd","Past",2020-10-16,"cumulative_deaths",828,828,828,833,831,839,839,839
"Utah","return_normal","Past",2020-10-16,"cumulative_deaths",828,828,828,833,831,839,839,839
"Utah","status_quo","Past",2020-10-16,"cumulative_deaths",828,828,828,833,831,839,839,839
"Utah","linear_increase_sd","Past",2020-10-16,"cumulative_hosps",9151,9151,9151,9422,9508,9605,9605,9605
"Utah","return_normal","Past",2020-10-16,"cumulative_hosps",9151,9151,9151,9422,9508,9605,9605,9605
"Utah","status_quo","Past",2020-10-16,"cumulative_hosps",9151,9151,9151,9422,9508,9605,9605,9605
"Utah","linear_increase_sd","Past",2020-10-16,"daily_all_infections",3867,3867,3867,3931,3896,4029,4029,4029
"Utah","return_normal","Past",2020-10-16,"daily_all_infections",3867,3867,3867,3931,3896,4029,4029,4029
"Utah","status_quo","Past",2020-10-16,"daily_all_infections",3867,3867,3867,3931,3896,4029,4029,4029
"Utah","linear_increase_sd","Past",2020-10-16,"daily_cases",1227,1227,1227,1279,1263,1345,1345,1345
"Utah","return_normal","Past",2020-10-16,"daily_cases",1227,1227,1227,1279,1263,1345,1345,1345
"Utah","status_quo","Past",2020-10-16,"daily_cases",1227,1227,1227,1279,1263,1345,1345,1345
"Utah","linear_increase_sd","Past",2020-10-16,"daily_deaths",6,6,6,7,7,8,8,8
"Utah","return_normal","Past",2020-10-16,"daily_deaths",6,6,6,7,7,8,8,8
"Utah","status_quo","Past",2020-10-16,"daily_deaths",6,6,6,7,7,8,8,8
"Utah","linear_increase_sd","Past",2020-10-16,"daily_hosps",127,127,127,137,136,146,146,146
"Utah","return_normal","Past",2020-10-16,"daily_hosps",127,127,127,137,136,146,146,146
"Utah","status_quo","Past",2020-10-16,"daily_hosps",127,127,127,137,136,146,146,146
"Utah","linear_increase_sd","Past",2020-10-16,"latent_trend",NA,NA,NA,0.585348872629607,NA,NA,NA,NA
"Utah","return_normal","Past",2020-10-16,"latent_trend",NA,NA,NA,0.585348872629607,NA,NA,NA,NA
"Utah","status_quo","Past",2020-10-16,"latent_trend",NA,NA,NA,0.585348872629607,NA,NA,NA,NA
"Utah","linear_increase_sd","Past",2020-10-16,"mobility_trend",NA,NA,NA,0.767562941787958,NA,NA,NA,NA
"Utah","return_normal","Past",2020-10-16,"mobility_trend",NA,NA,NA,0.767562941787958,NA,NA,NA,NA
"Utah","status_quo","Past",2020-10-16,"mobility_trend",NA,NA,NA,0.767562941787958,NA,NA,NA,NA
"Utah",NA,"Past",2020-10-17,"actual_cumulative_cases",NA,NA,NA,93297,NA,NA,NA,NA
"Utah",NA,"Past",2020-10-17,"actual_cumulative_deaths",NA,NA,NA,545,NA,NA,NA,NA
"Utah",NA,"Past",2020-10-17,"actual_daily_cases",NA,NA,NA,1340,NA,NA,NA,NA
"Utah",NA,"Past",2020-10-17,"actual_daily_deaths",NA,NA,NA,3,NA,NA,NA,NA
"Utah","linear_increase_sd","Past",2020-10-17,"combined_trend",NA,NA,NA,0.450221125696318,NA,NA,NA,NA
"Utah","return_normal","Past",2020-10-17,"combined_trend",NA,NA,NA,0.450221125696318,NA,NA,NA,NA
"Utah","status_quo","Past",2020-10-17,"combined_trend",NA,NA,NA,0.450221125696318,NA,NA,NA,NA
"Utah","linear_increase_sd","Past",2020-10-17,"cumulative_all_infections",260934,260934,260934,267973,270783,272200,272200,272200
"Utah","return_normal","Past",2020-10-17,"cumulative_all_infections",260934,260934,260934,267973,270783,272200,272200,272200
"Utah","status_quo","Past",2020-10-17,"cumulative_all_infections",260934,260934,260934,267973,270783,272200,272200,272200
"Utah","linear_increase_sd","Past",2020-10-17,"cumulative_cases",84223,84223,84223,86560,87270,88187,88187,88187
"Utah","return_normal","Past",2020-10-17,"cumulative_cases",84223,84223,84223,86560,87270,88187,88187,88187
"Utah","status_quo","Past",2020-10-17,"cumulative_cases",84223,84223,84223,86560,87270,88187,88187,88187
"Utah","linear_increase_sd","Past",2020-10-17,"cumulative_deaths",836,836,836,840,837,845,845,845
"Utah","return_normal","Past",2020-10-17,"cumulative_deaths",836,836,836,840,837,845,845,845
"Utah","status_quo","Past",2020-10-17,"cumulative_deaths",836,836,836,840,837,845,845,845
"Utah","linear_increase_sd","Past",2020-10-17,"cumulative_hosps",9283,9283,9283,9561,9654,9744,9744,9744
"Utah","return_normal","Past",2020-10-17,"cumulative_hosps",9283,9283,9283,9561,9654,9744,9744,9744
"Utah","status_quo","Past",2020-10-17,"cumulative_hosps",9283,9283,9283,9561,9654,9744,9744,9744
"Utah","linear_increase_sd","Past",2020-10-17,"daily_all_infections",3935,3935,3935,4032,3999,4160,4160,4160
"Utah","return_normal","Past",2020-10-17,"daily_all_infections",3935,3935,3935,4032,3999,4160,4160,4160
"Utah","status_quo","Past",2020-10-17,"daily_all_infections",3935,3935,3935,4032,3999,4160,4160,4160
"Utah","linear_increase_sd","Past",2020-10-17,"daily_cases",1272,1272,1272,1336,1360,1376,1376,1376
"Utah","return_normal","Past",2020-10-17,"daily_cases",1272,1272,1272,1336,1360,1376,1376,1376
"Utah","status_quo","Past",2020-10-17,"daily_cases",1272,1272,1272,1336,1360,1376,1376,1376
"Utah","linear_increase_sd","Past",2020-10-17,"daily_deaths",6,6,6,7,6,8,8,8
"Utah","return_normal","Past",2020-10-17,"daily_deaths",6,6,6,7,6,8,8,8
"Utah","status_quo","Past",2020-10-17,"daily_deaths",6,6,6,7,6,8,8,8
"Utah","linear_increase_sd","Past",2020-10-17,"daily_hosps",132,132,132,139,139,146,146,146
"Utah","return_normal","Past",2020-10-17,"daily_hosps",132,132,132,139,139,146,146,146
"Utah","status_quo","Past",2020-10-17,"daily_hosps",132,132,132,139,139,146,146,146
"Utah","linear_increase_sd","Past",2020-10-17,"latent_trend",NA,NA,NA,0.588396284986106,NA,NA,NA,NA
"Utah","return_normal","Past",2020-10-17,"latent_trend",NA,NA,NA,0.588396284986106,NA,NA,NA,NA
"Utah","status_quo","Past",2020-10-17,"latent_trend",NA,NA,NA,0.588396284986106,NA,NA,NA,NA
"Utah","linear_increase_sd","Past",2020-10-17,"mobility_trend",NA,NA,NA,0.765166499490985,NA,NA,NA,NA
"Utah","return_normal","Past",2020-10-17,"mobility_trend",NA,NA,NA,0.765166499490985,NA,NA,NA,NA
"Utah","status_quo","Past",2020-10-17,"mobility_trend",NA,NA,NA,0.765166499490985,NA,NA,NA,NA
"Utah",NA,"Past",2020-10-18,"actual_cumulative_cases",NA,NA,NA,94394,NA,NA,NA,NA
"Utah",NA,"Past",2020-10-18,"actual_cumulative_deaths",NA,NA,NA,548,NA,NA,NA,NA
"Utah",NA,"Past",2020-10-18,"actual_daily_cases",NA,NA,NA,1097,NA,NA,NA,NA
"Utah",NA,"Past",2020-10-18,"actual_daily_deaths",NA,NA,NA,3,NA,NA,NA,NA
"Utah","linear_increase_sd","Past",2020-10-18,"combined_trend",NA,NA,NA,0.451116666061006,NA,NA,NA,NA
"Utah","return_normal","Past",2020-10-18,"combined_trend",NA,NA,NA,0.451116666061006,NA,NA,NA,NA
"Utah","status_quo","Past",2020-10-18,"combined_trend",NA,NA,NA,0.451116666061006,NA,NA,NA,NA
"Utah","linear_increase_sd","Past",2020-10-18,"cumulative_all_infections",265045,265045,265045,272099,274778,276473,276473,276473
"Utah","return_normal","Past",2020-10-18,"cumulative_all_infections",265045,265045,265045,272099,274778,276473,276473,276473
"Utah","status_quo","Past",2020-10-18,"cumulative_all_infections",265045,265045,265045,272099,274778,276473,276473,276473
"Utah","linear_increase_sd","Past",2020-10-18,"cumulative_cases",85450,85450,85450,87867,88586,89564,89564,89564
"Utah","return_normal","Past",2020-10-18,"cumulative_cases",85450,85450,85450,87867,88586,89564,89564,89564
"Utah","status_quo","Past",2020-10-18,"cumulative_cases",85450,85450,85450,87867,88586,89564,89564,89564
"Utah","linear_increase_sd","Past",2020-10-18,"cumulative_deaths",843,843,843,846,844,851,851,851
"Utah","return_normal","Past",2020-10-18,"cumulative_deaths",843,843,843,846,844,851,851,851
"Utah","status_quo","Past",2020-10-18,"cumulative_deaths",843,843,843,846,844,851,851,851
"Utah","linear_increase_sd","Past",2020-10-18,"cumulative_hosps",9417,9417,9417,9702,9803,9885,9885,9885
"Utah","return_normal","Past",2020-10-18,"cumulative_hosps",9417,9417,9417,9702,9803,9885,9885,9885
"Utah","status_quo","Past",2020-10-18,"cumulative_hosps",9417,9417,9417,9702,9803,9885,9885,9885
"Utah","linear_increase_sd","Past",2020-10-18,"daily_all_infections",3995,3995,3995,4127,4111,4273,4273,4273
"Utah","return_normal","Past",2020-10-18,"daily_all_infections",3995,3995,3995,4127,4111,4273,4273,4273
"Utah","status_quo","Past",2020-10-18,"daily_all_infections",3995,3995,3995,4127,4111,4273,4273,4273
"Utah","linear_increase_sd","Past",2020-10-18,"daily_cases",1227,1227,1227,1307,1316,1377,1377,1377
"Utah","return_normal","Past",2020-10-18,"daily_cases",1227,1227,1227,1307,1316,1377,1377,1377
"Utah","status_quo","Past",2020-10-18,"daily_cases",1227,1227,1227,1307,1316,1377,1377,1377
"Utah","linear_increase_sd","Past",2020-10-18,"daily_deaths",6,6,6,7,7,7,7,7
"Utah","return_normal","Past",2020-10-18,"daily_deaths",6,6,6,7,7,7,7,7
"Utah","status_quo","Past",2020-10-18,"daily_deaths",6,6,6,7,7,7,7,7
"Utah","linear_increase_sd","Past",2020-10-18,"daily_hosps",134,134,134,142,141,149,149,149
"Utah","return_normal","Past",2020-10-18,"daily_hosps",134,134,134,142,141,149,149,149
"Utah","status_quo","Past",2020-10-18,"daily_hosps",134,134,134,142,141,149,149,149
"Utah","linear_increase_sd","Past",2020-10-18,"latent_trend",NA,NA,NA,0.591720058839131,NA,NA,NA,NA
"Utah","return_normal","Past",2020-10-18,"latent_trend",NA,NA,NA,0.591720058839131,NA,NA,NA,NA
"Utah","status_quo","Past",2020-10-18,"latent_trend",NA,NA,NA,0.591720058839131,NA,NA,NA,NA
"Utah","linear_increase_sd","Past",2020-10-18,"mobility_trend",NA,NA,NA,0.76238190563631,NA,NA,NA,NA
"Utah","return_normal","Past",2020-10-18,"mobility_trend",NA,NA,NA,0.76238190563631,NA,NA,NA,NA
"Utah","status_quo","Past",2020-10-18,"mobility_trend",NA,NA,NA,0.76238190563631,NA,NA,NA,NA
"Utah",NA,"Past",2020-10-19,"actual_cumulative_cases",NA,NA,NA,95562,NA,NA,NA,NA
"Utah",NA,"Past",2020-10-19,"actual_cumulative_deaths",NA,NA,NA,551,NA,NA,NA,NA
"Utah",NA,"Past",2020-10-19,"actual_daily_cases",NA,NA,NA,1168,NA,NA,NA,NA
"Utah",NA,"Past",2020-10-19,"actual_daily_deaths",NA,NA,NA,3,NA,NA,NA,NA
"Utah","linear_increase_sd","Past",2020-10-19,"combined_trend",NA,NA,NA,0.451984225192733,NA,NA,NA,NA
"Utah","return_normal","Past",2020-10-19,"combined_trend",NA,NA,NA,0.451984225192733,NA,NA,NA,NA
"Utah","status_quo","Past",2020-10-19,"combined_trend",NA,NA,NA,0.451984225192733,NA,NA,NA,NA
"Utah","linear_increase_sd","Past",2020-10-19,"cumulative_all_infections",269264,269264,269264,276320,278838,280856,280856,280856
"Utah","return_normal","Past",2020-10-19,"cumulative_all_infections",269264,269264,269264,276320,278838,280856,280856,280856
"Utah","status_quo","Past",2020-10-19,"cumulative_all_infections",269264,269264,269264,276320,278838,280856,280856,280856
"Utah","linear_increase_sd","Past",2020-10-19,"cumulative_cases",86821,86821,86821,89283,89965,91061,91061,91061
"Utah","return_normal","Past",2020-10-19,"cumulative_cases",86821,86821,86821,89283,89965,91061,91061,91061
"Utah","status_quo","Past",2020-10-19,"cumulative_cases",86821,86821,86821,89283,89965,91061,91061,91061
"Utah","linear_increase_sd","Past",2020-10-19,"cumulative_deaths",850,850,850,853,851,857,857,857
"Utah","return_normal","Past",2020-10-19,"cumulative_deaths",850,850,850,853,851,857,857,857
"Utah","status_quo","Past",2020-10-19,"cumulative_deaths",850,850,850,853,851,857,857,857
"Utah","linear_increase_sd","Past",2020-10-19,"cumulative_hosps",9557,9557,9557,9849,9956,10032,10032,10032
"Utah","return_normal","Past",2020-10-19,"cumulative_hosps",9557,9557,9557,9849,9956,10032,10032,10032
"Utah","status_quo","Past",2020-10-19,"cumulative_hosps",9557,9557,9557,9849,9956,10032,10032,10032
"Utah","linear_increase_sd","Past",2020-10-19,"daily_all_infections",4060,4060,4060,4221,4219,4383,4383,4383
"Utah","return_normal","Past",2020-10-19,"daily_all_infections",4060,4060,4060,4221,4219,4383,4383,4383
"Utah","status_quo","Past",2020-10-19,"daily_all_infections",4060,4060,4060,4221,4219,4383,4383,4383
"Utah","linear_increase_sd","Past",2020-10-19,"daily_cases",1371,1371,1371,1416,1379,1497,1497,1497
"Utah","return_normal","Past",2020-10-19,"daily_cases",1371,1371,1371,1416,1379,1497,1497,1497
"Utah","status_quo","Past",2020-10-19,"daily_cases",1371,1371,1371,1416,1379,1497,1497,1497
"Utah","linear_increase_sd","Past",2020-10-19,"daily_deaths",6,6,6,7,7,7,7,7
"Utah","return_normal","Past",2020-10-19,"daily_deaths",6,6,6,7,7,7,7,7
"Utah","status_quo","Past",2020-10-19,"daily_deaths",6,6,6,7,7,7,7,7
"Utah","linear_increase_sd","Past",2020-10-19,"daily_hosps",140,140,140,147,147,153,153,153
"Utah","return_normal","Past",2020-10-19,"daily_hosps",140,140,140,147,147,153,153,153
"Utah","status_quo","Past",2020-10-19,"daily_hosps",140,140,140,147,147,153,153,153
"Utah","linear_increase_sd","Past",2020-10-19,"latent_trend",NA,NA,NA,0.595329068180771,NA,NA,NA,NA
"Utah","return_normal","Past",2020-10-19,"latent_trend",NA,NA,NA,0.595329068180771,NA,NA,NA,NA
"Utah","status_quo","Past",2020-10-19,"latent_trend",NA,NA,NA,0.595329068180771,NA,NA,NA,NA
"Utah","linear_increase_sd","Past",2020-10-19,"mobility_trend",NA,NA,NA,0.759217463669166,NA,NA,NA,NA
"Utah","return_normal","Past",2020-10-19,"mobility_trend",NA,NA,NA,0.759217463669166,NA,NA,NA,NA
"Utah","status_quo","Past",2020-10-19,"mobility_trend",NA,NA,NA,0.759217463669166,NA,NA,NA,NA
"Utah",NA,"Past",2020-10-20,"actual_cumulative_cases",NA,NA,NA,96643,NA,NA,NA,NA
"Utah",NA,"Past",2020-10-20,"actual_cumulative_deaths",NA,NA,NA,556,NA,NA,NA,NA
"Utah",NA,"Past",2020-10-20,"actual_daily_cases",NA,NA,NA,1081,NA,NA,NA,NA
"Utah",NA,"Past",2020-10-20,"actual_daily_deaths",NA,NA,NA,5,NA,NA,NA,NA
"Utah","linear_increase_sd","Past",2020-10-20,"combined_trend",NA,NA,NA,0.452834471698732,NA,NA,NA,NA
"Utah","return_normal","Past",2020-10-20,"combined_trend",NA,NA,NA,0.452834471698732,NA,NA,NA,NA
"Utah","status_quo","Past",2020-10-20,"combined_trend",NA,NA,NA,0.452834471698732,NA,NA,NA,NA
"Utah","linear_increase_sd","Past",2020-10-20,"cumulative_all_infections",273599,273599,273599,280659,282993,285384,285384,285384
"Utah","return_normal","Past",2020-10-20,"cumulative_all_infections",273599,273599,273599,280659,282993,285384,285384,285384
"Utah","status_quo","Past",2020-10-20,"cumulative_all_infections",273599,273599,273599,280659,282993,285384,285384,285384
"Utah","linear_increase_sd","Past",2020-10-20,"cumulative_cases",88205,88205,88205,90724,91468,92498,92498,92498
"Utah","return_normal","Past",2020-10-20,"cumulative_cases",88205,88205,88205,90724,91468,92498,92498,92498
"Utah","status_quo","Past",2020-10-20,"cumulative_cases",88205,88205,88205,90724,91468,92498,92498,92498
"Utah","linear_increase_sd","Past",2020-10-20,"cumulative_deaths",858,858,858,861,859,864,864,864
"Utah","return_normal","Past",2020-10-20,"cumulative_deaths",858,858,858,861,859,864,864,864
"Utah","status_quo","Past",2020-10-20,"cumulative_deaths",858,858,858,861,859,864,864,864
"Utah","linear_increase_sd","Past",2020-10-20,"cumulative_hosps",9699,9699,9699,9997,10108,10183,10183,10183
"Utah","return_normal","Past",2020-10-20,"cumulative_hosps",9699,9699,9699,9997,10108,10183,10183,10183
"Utah","status_quo","Past",2020-10-20,"cumulative_hosps",9699,9699,9699,9997,10108,10183,10183,10183
"Utah","linear_increase_sd","Past",2020-10-20,"daily_all_infections",4155,4155,4155,4340,4335,4528,4528,4528
"Utah","return_normal","Past",2020-10-20,"daily_all_infections",4155,4155,4155,4340,4335,4528,4528,4528
"Utah","status_quo","Past",2020-10-20,"daily_all_infections",4155,4155,4155,4340,4335,4528,4528,4528
"Utah","linear_increase_sd","Past",2020-10-20,"daily_cases",1384,1384,1384,1442,1437,1503,1503,1503
"Utah","return_normal","Past",2020-10-20,"daily_cases",1384,1384,1384,1442,1437,1503,1503,1503
"Utah","status_quo","Past",2020-10-20,"daily_cases",1384,1384,1384,1442,1437,1503,1503,1503
"Utah","linear_increase_sd","Past",2020-10-20,"daily_deaths",7,7,7,8,8,8,8,8
"Utah","return_normal","Past",2020-10-20,"daily_deaths",7,7,7,8,8,8,8,8
"Utah","status_quo","Past",2020-10-20,"daily_deaths",7,7,7,8,8,8,8,8
"Utah","linear_increase_sd","Past",2020-10-20,"daily_hosps",142,142,142,149,151,152,152,152
"Utah","return_normal","Past",2020-10-20,"daily_hosps",142,142,142,149,151,152,152,152
"Utah","status_quo","Past",2020-10-20,"daily_hosps",142,142,142,149,151,152,152,152
"Utah","linear_increase_sd","Past",2020-10-20,"latent_trend",NA,NA,NA,0.599231709646183,NA,NA,NA,NA
"Utah","return_normal","Past",2020-10-20,"latent_trend",NA,NA,NA,0.599231709646183,NA,NA,NA,NA
"Utah","status_quo","Past",2020-10-20,"latent_trend",NA,NA,NA,0.599231709646183,NA,NA,NA,NA
"Utah","linear_increase_sd","Past",2020-10-20,"mobility_trend",NA,NA,NA,0.755691770660982,NA,NA,NA,NA
"Utah","return_normal","Past",2020-10-20,"mobility_trend",NA,NA,NA,0.755691770660982,NA,NA,NA,NA
"Utah","status_quo","Past",2020-10-20,"mobility_trend",NA,NA,NA,0.755691770660982,NA,NA,NA,NA
"Utah",NA,"Past",2020-10-21,"actual_cumulative_cases",NA,NA,NA,98006,NA,NA,NA,NA
"Utah",NA,"Past",2020-10-21,"actual_cumulative_deaths",NA,NA,NA,562,NA,NA,NA,NA
"Utah",NA,"Past",2020-10-21,"actual_daily_cases",NA,NA,NA,1363,NA,NA,NA,NA
"Utah",NA,"Past",2020-10-21,"actual_daily_deaths",NA,NA,NA,6,NA,NA,NA,NA
"Utah","linear_increase_sd","Past",2020-10-21,"combined_trend",NA,NA,NA,0.453676732577722,NA,NA,NA,NA
"Utah","return_normal","Past",2020-10-21,"combined_trend",NA,NA,NA,0.453676732577722,NA,NA,NA,NA
"Utah","status_quo","Past",2020-10-21,"combined_trend",NA,NA,NA,0.453676732577722,NA,NA,NA,NA
"Utah","linear_increase_sd","Past",2020-10-21,"cumulative_all_infections",278041,278041,278041,285095,287213,290029,290029,290029
"Utah","return_normal","Past",2020-10-21,"cumulative_all_infections",278041,278041,278041,285095,287213,290029,290029,290029
"Utah","status_quo","Past",2020-10-21,"cumulative_all_infections",278041,278041,278041,285095,287213,290029,290029,290029
"Utah","linear_increase_sd","Past",2020-10-21,"cumulative_cases",89469,89469,89469,92125,92987,93918,93918,93918
"Utah","return_normal","Past",2020-10-21,"cumulative_cases",89469,89469,89469,92125,92987,93918,93918,93918
"Utah","status_quo","Past",2020-10-21,"cumulative_cases",89469,89469,89469,92125,92987,93918,93918,93918
"Utah","linear_increase_sd","Past",2020-10-21,"cumulative_deaths",865,865,865,868,866,871,871,871
"Utah","return_normal","Past",2020-10-21,"cumulative_deaths",865,865,865,868,866,871,871,871
"Utah","status_quo","Past",2020-10-21,"cumulative_deaths",865,865,865,868,866,871,871,871
"Utah","linear_increase_sd","Past",2020-10-21,"cumulative_hosps",9844,9844,9844,10149,10264,10338,10338,10338
"Utah","return_normal","Past",2020-10-21,"cumulative_hosps",9844,9844,9844,10149,10264,10338,10338,10338
"Utah","status_quo","Past",2020-10-21,"cumulative_hosps",9844,9844,9844,10149,10264,10338,10338,10338
"Utah","linear_increase_sd","Past",2020-10-21,"daily_all_infections",4220,4220,4220,4436,4442,4645,4645,4645
"Utah","return_normal","Past",2020-10-21,"daily_all_infections",4220,4220,4220,4436,4442,4645,4645,4645
"Utah","status_quo","Past",2020-10-21,"daily_all_infections",4220,4220,4220,4436,4442,4645,4645,4645
"Utah","linear_increase_sd","Past",2020-10-21,"daily_cases",1264,1264,1264,1401,1420,1519,1519,1519
"Utah","return_normal","Past",2020-10-21,"daily_cases",1264,1264,1264,1401,1420,1519,1519,1519
"Utah","status_quo","Past",2020-10-21,"daily_cases",1264,1264,1264,1401,1420,1519,1519,1519
"Utah","linear_increase_sd","Past",2020-10-21,"daily_deaths",6,6,6,7,7,8,8,8
"Utah","return_normal","Past",2020-10-21,"daily_deaths",6,6,6,7,7,8,8,8
"Utah","status_quo","Past",2020-10-21,"daily_deaths",6,6,6,7,7,8,8,8
"Utah","linear_increase_sd","Past",2020-10-21,"daily_hosps",145,145,145,152,155,156,156,156
"Utah","return_normal","Past",2020-10-21,"daily_hosps",145,145,145,152,155,156,156,156
"Utah","status_quo","Past",2020-10-21,"daily_hosps",145,145,145,152,155,156,156,156
"Utah","linear_increase_sd","Past",2020-10-21,"latent_trend",NA,NA,NA,0.603435219343336,NA,NA,NA,NA
"Utah","return_normal","Past",2020-10-21,"latent_trend",NA,NA,NA,0.603435219343336,NA,NA,NA,NA
"Utah","status_quo","Past",2020-10-21,"latent_trend",NA,NA,NA,0.603435219343336,NA,NA,NA,NA
"Utah","linear_increase_sd","Past",2020-10-21,"mobility_trend",NA,NA,NA,0.751823423683187,NA,NA,NA,NA
"Utah","return_normal","Past",2020-10-21,"mobility_trend",NA,NA,NA,0.751823423683187,NA,NA,NA,NA
"Utah","status_quo","Past",2020-10-21,"mobility_trend",NA,NA,NA,0.751823423683187,NA,NA,NA,NA
"Utah",NA,"Past",2020-10-22,"actual_cumulative_cases",NA,NA,NA,99549,NA,NA,NA,NA
"Utah",NA,"Past",2020-10-22,"actual_cumulative_deaths",NA,NA,NA,568,NA,NA,NA,NA
"Utah",NA,"Past",2020-10-22,"actual_daily_cases",NA,NA,NA,1543,NA,NA,NA,NA
"Utah",NA,"Past",2020-10-22,"actual_daily_deaths",NA,NA,NA,6,NA,NA,NA,NA
"Utah","linear_increase_sd","Past",2020-10-22,"combined_trend",NA,NA,NA,0.454505519607463,NA,NA,NA,NA
"Utah","return_normal","Past",2020-10-22,"combined_trend",NA,NA,NA,0.454505519607463,NA,NA,NA,NA
"Utah","status_quo","Past",2020-10-22,"combined_trend",NA,NA,NA,0.454505519607463,NA,NA,NA,NA
"Utah","linear_increase_sd","Past",2020-10-22,"cumulative_all_infections",282599,282599,282599,289640,291515,294806,294806,294806
"Utah","return_normal","Past",2020-10-22,"cumulative_all_infections",282599,282599,282599,289640,291515,294806,294806,294806
"Utah","status_quo","Past",2020-10-22,"cumulative_all_infections",282599,282599,282599,289640,291515,294806,294806,294806
"Utah","linear_increase_sd","Past",2020-10-22,"cumulative_cases",90956,90956,90956,93585,94325,95474,95474,95474
"Utah","return_normal","Past",2020-10-22,"cumulative_cases",90956,90956,90956,93585,94325,95474,95474,95474
"Utah","status_quo","Past",2020-10-22,"cumulative_cases",90956,90956,90956,93585,94325,95474,95474,95474
"Utah","linear_increase_sd","Past",2020-10-22,"cumulative_deaths",872,872,872,875,875,878,878,878
"Utah","return_normal","Past",2020-10-22,"cumulative_deaths",872,872,872,875,875,878,878,878
"Utah","status_quo","Past",2020-10-22,"cumulative_deaths",872,872,872,875,875,878,878,878
"Utah","linear_increase_sd","Past",2020-10-22,"cumulative_hosps",9994,9994,9994,10305,10425,10495,10495,10495
"Utah","return_normal","Past",2020-10-22,"cumulative_hosps",9994,9994,9994,10305,10425,10495,10495,10495
"Utah","status_quo","Past",2020-10-22,"cumulative_hosps",9994,9994,9994,10305,10425,10495,10495,10495
"Utah","linear_increase_sd","Past",2020-10-22,"daily_all_infections",4302,4302,4302,4546,4558,4777,4777,4777
"Utah","return_normal","Past",2020-10-22,"daily_all_infections",4302,4302,4302,4546,4558,4777,4777,4777
"Utah","status_quo","Past",2020-10-22,"daily_all_infections",4302,4302,4302,4546,4558,4777,4777,4777
"Utah","linear_increase_sd","Past",2020-10-22,"daily_cases",1338,1338,1338,1461,1487,1556,1556,1556
"Utah","return_normal","Past",2020-10-22,"daily_cases",1338,1338,1338,1461,1487,1556,1556,1556
"Utah","status_quo","Past",2020-10-22,"daily_cases",1338,1338,1338,1461,1487,1556,1556,1556
"Utah","linear_increase_sd","Past",2020-10-22,"daily_deaths",7,7,7,8,7,9,9,9
"Utah","return_normal","Past",2020-10-22,"daily_deaths",7,7,7,8,7,9,9,9
"Utah","status_quo","Past",2020-10-22,"daily_deaths",7,7,7,8,7,9,9,9
"Utah","linear_increase_sd","Past",2020-10-22,"daily_hosps",150,150,150,156,157,161,161,161
"Utah","return_normal","Past",2020-10-22,"daily_hosps",150,150,150,156,157,161,161,161
"Utah","status_quo","Past",2020-10-22,"daily_hosps",150,150,150,156,157,161,161,161
"Utah","linear_increase_sd","Past",2020-10-22,"latent_trend",NA,NA,NA,0.607924089370855,NA,NA,NA,NA
"Utah","return_normal","Past",2020-10-22,"latent_trend",NA,NA,NA,0.607924089370855,NA,NA,NA,NA
"Utah","status_quo","Past",2020-10-22,"latent_trend",NA,NA,NA,0.607924089370855,NA,NA,NA,NA
"Utah","linear_increase_sd","Past",2020-10-22,"mobility_trend",NA,NA,NA,0.747635317557221,NA,NA,NA,NA
"Utah","return_normal","Past",2020-10-22,"mobility_trend",NA,NA,NA,0.747635317557221,NA,NA,NA,NA
"Utah","status_quo","Past",2020-10-22,"mobility_trend",NA,NA,NA,0.747635317557221,NA,NA,NA,NA
"Utah",NA,"Past",2020-10-23,"actual_cumulative_cases",NA,NA,NA,101509,NA,NA,NA,NA
"Utah",NA,"Past",2020-10-23,"actual_cumulative_deaths",NA,NA,NA,572,NA,NA,NA,NA
"Utah",NA,"Past",2020-10-23,"actual_daily_cases",NA,NA,NA,1960,NA,NA,NA,NA
"Utah",NA,"Past",2020-10-23,"actual_daily_deaths",NA,NA,NA,4,NA,NA,NA,NA
"Utah","linear_increase_sd","Past",2020-10-23,"combined_trend",NA,NA,NA,0.45530512693531,NA,NA,NA,NA
"Utah","return_normal","Past",2020-10-23,"combined_trend",NA,NA,NA,0.45530512693531,NA,NA,NA,NA
"Utah","status_quo","Past",2020-10-23,"combined_trend",NA,NA,NA,0.45530512693531,NA,NA,NA,NA
"Utah","linear_increase_sd","Past",2020-10-23,"cumulative_all_infections",287273,287273,287273,294294,295898,299710,299710,299710
"Utah","return_normal","Past",2020-10-23,"cumulative_all_infections",287273,287273,287273,294294,295898,299710,299710,299710
"Utah","status_quo","Past",2020-10-23,"cumulative_all_infections",287273,287273,287273,294294,295898,299710,299710,299710
"Utah","linear_increase_sd","Past",2020-10-23,"cumulative_cases",92458,92458,92458,95105,95863,96994,96994,96994
"Utah","return_normal","Past",2020-10-23,"cumulative_cases",92458,92458,92458,95105,95863,96994,96994,96994
"Utah","status_quo","Past",2020-10-23,"cumulative_cases",92458,92458,92458,95105,95863,96994,96994,96994
"Utah","linear_increase_sd","Past",2020-10-23,"cumulative_deaths",880,880,880,883,882,885,885,885
"Utah","return_normal","Past",2020-10-23,"cumulative_deaths",880,880,880,883,882,885,885,885
"Utah","status_quo","Past",2020-10-23,"cumulative_deaths",880,880,880,883,882,885,885,885
"Utah","linear_increase_sd","Past",2020-10-23,"cumulative_hosps",10149,10149,10149,10465,10587,10658,10658,10658
"Utah","return_normal","Past",2020-10-23,"cumulative_hosps",10149,10149,10149,10465,10587,10658,10658,10658
"Utah","status_quo","Past",2020-10-23,"cumulative_hosps",10149,10149,10149,10465,10587,10658,10658,10658
"Utah","linear_increase_sd","Past",2020-10-23,"daily_all_infections",4383,4383,4383,4654,4674,4904,4904,4904
"Utah","return_normal","Past",2020-10-23,"daily_all_infections",4383,4383,4383,4654,4674,4904,4904,4904
"Utah","status_quo","Past",2020-10-23,"daily_all_infections",4383,4383,4383,4654,4674,4904,4904,4904
"Utah","linear_increase_sd","Past",2020-10-23,"daily_cases",1502,1502,1502,1520,1520,1538,1538,1538
"Utah","return_normal","Past",2020-10-23,"daily_cases",1502,1502,1502,1520,1520,1538,1538,1538
"Utah","status_quo","Past",2020-10-23,"daily_cases",1502,1502,1502,1520,1520,1538,1538,1538
"Utah","linear_increase_sd","Past",2020-10-23,"daily_deaths",7,7,7,8,7,8,8,8
"Utah","return_normal","Past",2020-10-23,"daily_deaths",7,7,7,8,7,8,8,8
"Utah","status_quo","Past",2020-10-23,"daily_deaths",7,7,7,8,7,8,8,8
"Utah","linear_increase_sd","Past",2020-10-23,"daily_hosps",155,155,155,160,162,163,163,163
"Utah","return_normal","Past",2020-10-23,"daily_hosps",155,155,155,160,162,163,163,163
"Utah","status_quo","Past",2020-10-23,"daily_hosps",155,155,155,160,162,163,163,163
"Utah","linear_increase_sd","Past",2020-10-23,"latent_trend",NA,NA,NA,0.612654756283563,NA,NA,NA,NA
"Utah","return_normal","Past",2020-10-23,"latent_trend",NA,NA,NA,0.612654756283563,NA,NA,NA,NA
"Utah","status_quo","Past",2020-10-23,"latent_trend",NA,NA,NA,0.612654756283563,NA,NA,NA,NA
"Utah","linear_increase_sd","Past",2020-10-23,"mobility_trend",NA,NA,NA,0.743167538104568,NA,NA,NA,NA
"Utah","return_normal","Past",2020-10-23,"mobility_trend",NA,NA,NA,0.743167538104568,NA,NA,NA,NA
"Utah","status_quo","Past",2020-10-23,"mobility_trend",NA,NA,NA,0.743167538104568,NA,NA,NA,NA
"Utah",NA,"Past",2020-10-24,"actual_cumulative_cases",NA,NA,NA,103117,NA,NA,NA,NA
"Utah",NA,"Past",2020-10-24,"actual_cumulative_deaths",NA,NA,NA,573,NA,NA,NA,NA
"Utah",NA,"Past",2020-10-24,"actual_daily_cases",NA,NA,NA,1608,NA,NA,NA,NA
"Utah",NA,"Past",2020-10-24,"actual_daily_deaths",NA,NA,NA,1,NA,NA,NA,NA
"Utah","linear_increase_sd","Past",2020-10-24,"combined_trend",NA,NA,NA,0.456062461299833,NA,NA,NA,NA
"Utah","return_normal","Past",2020-10-24,"combined_trend",NA,NA,NA,0.456062461299833,NA,NA,NA,NA
"Utah","status_quo","Past",2020-10-24,"combined_trend",NA,NA,NA,0.456062461299833,NA,NA,NA,NA
"Utah","linear_increase_sd","Past",2020-10-24,"cumulative_all_infections",292062,292062,292062,299074,300402,304757,304757,304757
"Utah","return_normal","Past",2020-10-24,"cumulative_all_infections",292062,292062,292062,299074,300402,304757,304757,304757
"Utah","status_quo","Past",2020-10-24,"cumulative_all_infections",292062,292062,292062,299074,300402,304757,304757,304757
"Utah","linear_increase_sd","Past",2020-10-24,"cumulative_cases",94060,94060,94060,96713,97346,98731,98731,98731
"Utah","return_normal","Past",2020-10-24,"cumulative_cases",94060,94060,94060,96713,97346,98731,98731,98731
"Utah","status_quo","Past",2020-10-24,"cumulative_cases",94060,94060,94060,96713,97346,98731,98731,98731
"Utah","linear_increase_sd","Past",2020-10-24,"cumulative_deaths",887,887,887,890,890,892,892,892
"Utah","return_normal","Past",2020-10-24,"cumulative_deaths",887,887,887,890,890,892,892,892
"Utah","status_quo","Past",2020-10-24,"cumulative_deaths",887,887,887,890,890,892,892,892
"Utah","linear_increase_sd","Past",2020-10-24,"cumulative_hosps",10307,10307,10307,10627,10752,10822,10822,10822
"Utah","return_normal","Past",2020-10-24,"cumulative_hosps",10307,10307,10307,10627,10752,10822,10822,10822
"Utah","status_quo","Past",2020-10-24,"cumulative_hosps",10307,10307,10307,10627,10752,10822,10822,10822
"Utah","linear_increase_sd","Past",2020-10-24,"daily_all_infections",4504,4504,4504,4780,4789,5047,5047,5047
"Utah","return_normal","Past",2020-10-24,"daily_all_infections",4504,4504,4504,4780,4789,5047,5047,5047
"Utah","status_quo","Past",2020-10-24,"daily_all_infections",4504,4504,4504,4780,4789,5047,5047,5047
"Utah","linear_increase_sd","Past",2020-10-24,"daily_cases",1483,1483,1483,1608,1602,1737,1737,1737
"Utah","return_normal","Past",2020-10-24,"daily_cases",1483,1483,1483,1608,1602,1737,1737,1737
"Utah","status_quo","Past",2020-10-24,"daily_cases",1483,1483,1483,1608,1602,1737,1737,1737
"Utah","linear_increase_sd","Past",2020-10-24,"daily_deaths",7,7,7,8,7,8,8,8
"Utah","return_normal","Past",2020-10-24,"daily_deaths",7,7,7,8,7,8,8,8
"Utah","status_quo","Past",2020-10-24,"daily_deaths",7,7,7,8,7,8,8,8
"Utah","linear_increase_sd","Past",2020-10-24,"daily_hosps",158,158,158,163,164,165,165,165
"Utah","return_normal","Past",2020-10-24,"daily_hosps",158,158,158,163,164,165,165,165
"Utah","status_quo","Past",2020-10-24,"daily_hosps",158,158,158,163,164,165,165,165
"Utah","linear_increase_sd","Past",2020-10-24,"latent_trend",NA,NA,NA,0.617582132260468,NA,NA,NA,NA
"Utah","return_normal","Past",2020-10-24,"latent_trend",NA,NA,NA,0.617582132260468,NA,NA,NA,NA
"Utah","status_quo","Past",2020-10-24,"latent_trend",NA,NA,NA,0.617582132260468,NA,NA,NA,NA
"Utah","linear_increase_sd","Past",2020-10-24,"mobility_trend",NA,NA,NA,0.738464468896723,NA,NA,NA,NA
"Utah","return_normal","Past",2020-10-24,"mobility_trend",NA,NA,NA,0.738464468896723,NA,NA,NA,NA
"Utah","status_quo","Past",2020-10-24,"mobility_trend",NA,NA,NA,0.738464468896723,NA,NA,NA,NA
"Utah",NA,"Past",2020-10-25,"actual_cumulative_cases",NA,NA,NA,104882,NA,NA,NA,NA
"Utah",NA,"Past",2020-10-25,"actual_cumulative_deaths",NA,NA,NA,577,NA,NA,NA,NA
"Utah",NA,"Past",2020-10-25,"actual_daily_cases",NA,NA,NA,1765,NA,NA,NA,NA
"Utah",NA,"Past",2020-10-25,"actual_daily_deaths",NA,NA,NA,4,NA,NA,NA,NA
"Utah","linear_increase_sd","Past",2020-10-25,"combined_trend",NA,NA,NA,0.45676612815995,NA,NA,NA,NA
"Utah","return_normal","Past",2020-10-25,"combined_trend",NA,NA,NA,0.45676612815995,NA,NA,NA,NA
"Utah","status_quo","Past",2020-10-25,"combined_trend",NA,NA,NA,0.45676612815995,NA,NA,NA,NA
"Utah","linear_increase_sd","Past",2020-10-25,"cumulative_all_infections",296966,296966,296966,303968,305009,309927,309927,309927
"Utah","return_normal","Past",2020-10-25,"cumulative_all_infections",296966,296966,296966,303968,305009,309927,309927,309927
"Utah","status_quo","Past",2020-10-25,"cumulative_all_infections",296966,296966,296966,303968,305009,309927,309927,309927
"Utah","linear_increase_sd","Past",2020-10-25,"cumulative_cases",95614,95614,95614,98288,98944,100304,100304,100304
"Utah","return_normal","Past",2020-10-25,"cumulative_cases",95614,95614,95614,98288,98944,100304,100304,100304
"Utah","status_quo","Past",2020-10-25,"cumulative_cases",95614,95614,95614,98288,98944,100304,100304,100304
"Utah","linear_increase_sd","Past",2020-10-25,"cumulative_deaths",894,894,894,897,897,900,900,900
"Utah","return_normal","Past",2020-10-25,"cumulative_deaths",894,894,894,897,897,900,900,900
"Utah","status_quo","Past",2020-10-25,"cumulative_deaths",894,894,894,897,897,900,900,900
"Utah","linear_increase_sd","Past",2020-10-25,"cumulative_hosps",10471,10471,10471,10794,10919,10992,10992,10992
"Utah","return_normal","Past",2020-10-25,"cumulative_hosps",10471,10471,10471,10794,10919,10992,10992,10992
"Utah","status_quo","Past",2020-10-25,"cumulative_hosps",10471,10471,10471,10794,10919,10992,10992,10992
"Utah","linear_increase_sd","Past",2020-10-25,"daily_all_infections",4607,4607,4607,4894,4904,5170,5170,5170
"Utah","return_normal","Past",2020-10-25,"daily_all_infections",4607,4607,4607,4894,4904,5170,5170,5170
"Utah","status_quo","Past",2020-10-25,"daily_all_infections",4607,4607,4607,4894,4904,5170,5170,5170
"Utah","linear_increase_sd","Past",2020-10-25,"daily_cases",1554,1554,1554,1575,1573,1598,1598,1598
"Utah","return_normal","Past",2020-10-25,"daily_cases",1554,1554,1554,1575,1573,1598,1598,1598
"Utah","status_quo","Past",2020-10-25,"daily_cases",1554,1554,1554,1575,1573,1598,1598,1598
"Utah","linear_increase_sd","Past",2020-10-25,"daily_deaths",7,7,7,8,7,8,8,8
"Utah","return_normal","Past",2020-10-25,"daily_deaths",7,7,7,8,7,8,8,8
"Utah","status_quo","Past",2020-10-25,"daily_deaths",7,7,7,8,7,8,8,8
"Utah","linear_increase_sd","Past",2020-10-25,"daily_hosps",164,164,164,167,167,170,170,170
"Utah","return_normal","Past",2020-10-25,"daily_hosps",164,164,164,167,167,170,170,170
"Utah","status_quo","Past",2020-10-25,"daily_hosps",164,164,164,167,167,170,170,170
"Utah","linear_increase_sd","Past",2020-10-25,"latent_trend",NA,NA,NA,0.62266153315056,NA,NA,NA,NA
"Utah","return_normal","Past",2020-10-25,"latent_trend",NA,NA,NA,0.62266153315056,NA,NA,NA,NA
"Utah","status_quo","Past",2020-10-25,"latent_trend",NA,NA,NA,0.62266153315056,NA,NA,NA,NA
"Utah","linear_increase_sd","Past",2020-10-25,"mobility_trend",NA,NA,NA,0.733570493505183,NA,NA,NA,NA
"Utah","return_normal","Past",2020-10-25,"mobility_trend",NA,NA,NA,0.733570493505183,NA,NA,NA,NA
"Utah","status_quo","Past",2020-10-25,"mobility_trend",NA,NA,NA,0.733570493505183,NA,NA,NA,NA
"Utah",NA,"Past",2020-10-26,"actual_cumulative_cases",NA,NA,NA,106083,NA,NA,NA,NA
"Utah",NA,"Past",2020-10-26,"actual_cumulative_deaths",NA,NA,NA,579,NA,NA,NA,NA
"Utah",NA,"Past",2020-10-26,"actual_daily_cases",NA,NA,NA,1201,NA,NA,NA,NA
"Utah",NA,"Past",2020-10-26,"actual_daily_deaths",NA,NA,NA,2,NA,NA,NA,NA
"Utah","linear_increase_sd","Past",2020-10-26,"combined_trend",NA,NA,NA,0.457406696158754,NA,NA,NA,NA
"Utah","return_normal","Past",2020-10-26,"combined_trend",NA,NA,NA,0.457406696158754,NA,NA,NA,NA
"Utah","status_quo","Past",2020-10-26,"combined_trend",NA,NA,NA,0.457406696158754,NA,NA,NA,NA
"Utah","linear_increase_sd","Past",2020-10-26,"cumulative_all_infections",301969,301969,301969,308974,309719,315233,315233,315233
"Utah","return_normal","Past",2020-10-26,"cumulative_all_infections",301969,301969,301969,308974,309719,315233,315233,315233
"Utah","status_quo","Past",2020-10-26,"cumulative_all_infections",301969,301969,301969,308974,309719,315233,315233,315233
"Utah","linear_increase_sd","Past",2020-10-26,"cumulative_cases",97264,97264,97264,99982,100487,102194,102194,102194
"Utah","return_normal","Past",2020-10-26,"cumulative_cases",97264,97264,97264,99982,100487,102194,102194,102194
"Utah","status_quo","Past",2020-10-26,"cumulative_cases",97264,97264,97264,99982,100487,102194,102194,102194
"Utah","linear_increase_sd","Past",2020-10-26,"cumulative_deaths",902,902,902,906,905,909,909,909
"Utah","return_normal","Past",2020-10-26,"cumulative_deaths",902,902,902,906,905,909,909,909
"Utah","status_quo","Past",2020-10-26,"cumulative_deaths",902,902,902,906,905,909,909,909
"Utah","linear_increase_sd","Past",2020-10-26,"cumulative_hosps",10638,10638,10638,10965,11090,11166,11166,11166
"Utah","return_normal","Past",2020-10-26,"cumulative_hosps",10638,10638,10638,10965,11090,11166,11166,11166
"Utah","status_quo","Past",2020-10-26,"cumulative_hosps",10638,10638,10638,10965,11090,11166,11166,11166
"Utah","linear_increase_sd","Past",2020-10-26,"daily_all_infections",4710,4710,4710,5007,5003,5306,5306,5306
"Utah","return_normal","Past",2020-10-26,"daily_all_infections",4710,4710,4710,5007,5003,5306,5306,5306
"Utah","status_quo","Past",2020-10-26,"daily_all_infections",4710,4710,4710,5007,5003,5306,5306,5306
"Utah","linear_increase_sd","Past",2020-10-26,"daily_cases",1543,1543,1543,1695,1650,1890,1890,1890
"Utah","return_normal","Past",2020-10-26,"daily_cases",1543,1543,1543,1695,1650,1890,1890,1890
"Utah","status_quo","Past",2020-10-26,"daily_cases",1543,1543,1543,1695,1650,1890,1890,1890
"Utah","linear_increase_sd","Past",2020-10-26,"daily_deaths",8,8,8,9,8,9,9,9
"Utah","return_normal","Past",2020-10-26,"daily_deaths",8,8,8,9,8,9,9,9
"Utah","status_quo","Past",2020-10-26,"daily_deaths",8,8,8,9,8,9,9,9
"Utah","linear_increase_sd","Past",2020-10-26,"daily_hosps",167,167,167,171,171,174,174,174
"Utah","return_normal","Past",2020-10-26,"daily_hosps",167,167,167,171,171,174,174,174
"Utah","status_quo","Past",2020-10-26,"daily_hosps",167,167,167,171,171,174,174,174
"Utah","linear_increase_sd","Past",2020-10-26,"latent_trend",NA,NA,NA,0.627848817458677,NA,NA,NA,NA
"Utah","return_normal","Past",2020-10-26,"latent_trend",NA,NA,NA,0.627848817458677,NA,NA,NA,NA
"Utah","status_quo","Past",2020-10-26,"latent_trend",NA,NA,NA,0.627848817458677,NA,NA,NA,NA
"Utah","linear_increase_sd","Past",2020-10-26,"mobility_trend",NA,NA,NA,0.72852999550144,NA,NA,NA,NA
"Utah","return_normal","Past",2020-10-26,"mobility_trend",NA,NA,NA,0.72852999550144,NA,NA,NA,NA
"Utah","status_quo","Past",2020-10-26,"mobility_trend",NA,NA,NA,0.72852999550144,NA,NA,NA,NA
"Utah",NA,"Past",2020-10-27,"actual_cumulative_cases",NA,NA,NA,107228,NA,NA,NA,NA
"Utah",NA,"Past",2020-10-27,"actual_cumulative_deaths",NA,NA,NA,583,NA,NA,NA,NA
"Utah",NA,"Past",2020-10-27,"actual_daily_cases",NA,NA,NA,1145,NA,NA,NA,NA
"Utah",NA,"Past",2020-10-27,"actual_daily_deaths",NA,NA,NA,4,NA,NA,NA,NA
"Utah","linear_increase_sd","Past",2020-10-27,"combined_trend",NA,NA,NA,0.457976591073194,NA,NA,NA,NA
"Utah","return_normal","Past",2020-10-27,"combined_trend",NA,NA,NA,0.457976591073194,NA,NA,NA,NA
"Utah","status_quo","Past",2020-10-27,"combined_trend",NA,NA,NA,0.457976591073194,NA,NA,NA,NA
"Utah","linear_increase_sd","Past",2020-10-27,"cumulative_all_infections",307087,307087,307087,314106,314545,320684,320684,320684
"Utah","return_normal","Past",2020-10-27,"cumulative_all_infections",307087,307087,307087,314106,314545,320684,320684,320684
"Utah","status_quo","Past",2020-10-27,"cumulative_all_infections",307087,307087,307087,314106,314545,320684,320684,320684
"Utah","linear_increase_sd","Past",2020-10-27,"cumulative_cases",98984,98984,98984,101662,102141,103860,103860,103860
"Utah","return_normal","Past",2020-10-27,"cumulative_cases",98984,98984,98984,101662,102141,103860,103860,103860
"Utah","status_quo","Past",2020-10-27,"cumulative_cases",98984,98984,98984,101662,102141,103860,103860,103860
"Utah","linear_increase_sd","Past",2020-10-27,"cumulative_deaths",911,911,911,914,913,917,917,917
"Utah","return_normal","Past",2020-10-27,"cumulative_deaths",911,911,911,914,913,917,917,917
"Utah","status_quo","Past",2020-10-27,"cumulative_deaths",911,911,911,914,913,917,917,917
"Utah","linear_increase_sd","Past",2020-10-27,"cumulative_hosps",10810,10810,10810,11139,11262,11345,11345,11345
"Utah","return_normal","Past",2020-10-27,"cumulative_hosps",10810,10810,10810,11139,11262,11345,11345,11345
"Utah","status_quo","Past",2020-10-27,"cumulative_hosps",10810,10810,10810,11139,11262,11345,11345,11345
"Utah","linear_increase_sd","Past",2020-10-27,"daily_all_infections",4826,4826,4826,5132,5118,5451,5451,5451
"Utah","return_normal","Past",2020-10-27,"daily_all_infections",4826,4826,4826,5132,5118,5451,5451,5451
"Utah","status_quo","Past",2020-10-27,"daily_all_infections",4826,4826,4826,5132,5118,5451,5451,5451
"Utah","linear_increase_sd","Past",2020-10-27,"daily_cases",1654,1654,1654,1680,1666,1720,1720,1720
"Utah","return_normal","Past",2020-10-27,"daily_cases",1654,1654,1654,1680,1666,1720,1720,1720
"Utah","status_quo","Past",2020-10-27,"daily_cases",1654,1654,1654,1680,1666,1720,1720,1720
"Utah","linear_increase_sd","Past",2020-10-27,"daily_deaths",8,8,8,9,8,9,9,9
"Utah","return_normal","Past",2020-10-27,"daily_deaths",8,8,8,9,8,9,9,9
"Utah","status_quo","Past",2020-10-27,"daily_deaths",8,8,8,9,8,9,9,9
"Utah","linear_increase_sd","Past",2020-10-27,"daily_hosps",172,172,172,175,172,179,179,179
"Utah","return_normal","Past",2020-10-27,"daily_hosps",172,172,172,175,172,179,179,179
"Utah","status_quo","Past",2020-10-27,"daily_hosps",172,172,172,175,172,179,179,179
"Utah","linear_increase_sd","Past",2020-10-27,"latent_trend",NA,NA,NA,0.633100522304467,NA,NA,NA,NA
"Utah","return_normal","Past",2020-10-27,"latent_trend",NA,NA,NA,0.633100522304467,NA,NA,NA,NA
"Utah","status_quo","Past",2020-10-27,"latent_trend",NA,NA,NA,0.633100522304467,NA,NA,NA,NA
"Utah","linear_increase_sd","Past",2020-10-27,"mobility_trend",NA,NA,NA,0.723386847646521,NA,NA,NA,NA
"Utah","return_normal","Past",2020-10-27,"mobility_trend",NA,NA,NA,0.723386847646521,NA,NA,NA,NA
"Utah","status_quo","Past",2020-10-27,"mobility_trend",NA,NA,NA,0.723386847646521,NA,NA,NA,NA
"Utah",NA,"Past",2020-10-28,"actual_cumulative_cases",NA,NA,NA,108803,NA,NA,NA,NA
"Utah",NA,"Past",2020-10-28,"actual_cumulative_deaths",NA,NA,NA,593,NA,NA,NA,NA
"Utah",NA,"Past",2020-10-28,"actual_daily_cases",NA,NA,NA,1575,NA,NA,NA,NA
"Utah",NA,"Past",2020-10-28,"actual_daily_deaths",NA,NA,NA,10,NA,NA,NA,NA
"Utah","linear_increase_sd","Past",2020-10-28,"combined_trend",NA,NA,NA,0.458469271442153,NA,NA,NA,NA
"Utah","return_normal","Past",2020-10-28,"combined_trend",NA,NA,NA,0.458469271442153,NA,NA,NA,NA
"Utah","status_quo","Past",2020-10-28,"combined_trend",NA,NA,NA,0.458469271442153,NA,NA,NA,NA
"Utah","linear_increase_sd","Past",2020-10-28,"cumulative_all_infections",312311,312311,312311,319360,319493,326275,326275,326275
"Utah","return_normal","Past",2020-10-28,"cumulative_all_infections",312311,312311,312311,319360,319493,326275,326275,326275
"Utah","status_quo","Past",2020-10-28,"cumulative_all_infections",312311,312311,312311,319360,319493,326275,326275,326275
"Utah","linear_increase_sd","Past",2020-10-28,"cumulative_cases",100832,100832,100832,103430,103795,105662,105662,105662
"Utah","return_normal","Past",2020-10-28,"cumulative_cases",100832,100832,100832,103430,103795,105662,105662,105662
"Utah","status_quo","Past",2020-10-28,"cumulative_cases",100832,100832,100832,103430,103795,105662,105662,105662
"Utah","linear_increase_sd","Past",2020-10-28,"cumulative_deaths",919,919,919,923,921,927,927,927
"Utah","return_normal","Past",2020-10-28,"cumulative_deaths",919,919,919,923,921,927,927,927
"Utah","status_quo","Past",2020-10-28,"cumulative_deaths",919,919,919,923,921,927,927,927
"Utah","linear_increase_sd","Past",2020-10-28,"cumulative_hosps",10986,10986,10986,11320,11441,11532,11532,11532
"Utah","return_normal","Past",2020-10-28,"cumulative_hosps",10986,10986,10986,11320,11441,11532,11532,11532
"Utah","status_quo","Past",2020-10-28,"cumulative_hosps",10986,10986,10986,11320,11441,11532,11532,11532
"Utah","linear_increase_sd","Past",2020-10-28,"daily_all_infections",4948,4948,4948,5255,5224,5591,5591,5591
"Utah","return_normal","Past",2020-10-28,"daily_all_infections",4948,4948,4948,5255,5224,5591,5591,5591
"Utah","status_quo","Past",2020-10-28,"daily_all_infections",4948,4948,4948,5255,5224,5591,5591,5591
"Utah","linear_increase_sd","Past",2020-10-28,"daily_cases",1654,1654,1654,1768,1802,1848,1848,1848
"Utah","return_normal","Past",2020-10-28,"daily_cases",1654,1654,1654,1768,1802,1848,1848,1848
"Utah","status_quo","Past",2020-10-28,"daily_cases",1654,1654,1654,1768,1802,1848,1848,1848
"Utah","linear_increase_sd","Past",2020-10-28,"daily_deaths",8,8,8,9,8,10,10,10
"Utah","return_normal","Past",2020-10-28,"daily_deaths",8,8,8,9,8,10,10,10
"Utah","status_quo","Past",2020-10-28,"daily_deaths",8,8,8,9,8,10,10,10
"Utah","linear_increase_sd","Past",2020-10-28,"daily_hosps",176,176,176,181,179,187,187,187
"Utah","return_normal","Past",2020-10-28,"daily_hosps",176,176,176,181,179,187,187,187
"Utah","status_quo","Past",2020-10-28,"daily_hosps",176,176,176,181,179,187,187,187
"Utah","linear_increase_sd","Past",2020-10-28,"latent_trend",NA,NA,NA,0.638373991576005,NA,NA,NA,NA
"Utah","return_normal","Past",2020-10-28,"latent_trend",NA,NA,NA,0.638373991576005,NA,NA,NA,NA
"Utah","status_quo","Past",2020-10-28,"latent_trend",NA,NA,NA,0.638373991576005,NA,NA,NA,NA
"Utah","linear_increase_sd","Past",2020-10-28,"mobility_trend",NA,NA,NA,0.718182879459568,NA,NA,NA,NA
"Utah","return_normal","Past",2020-10-28,"mobility_trend",NA,NA,NA,0.718182879459568,NA,NA,NA,NA
"Utah","status_quo","Past",2020-10-28,"mobility_trend",NA,NA,NA,0.718182879459568,NA,NA,NA,NA
"Utah",NA,"Past",2020-10-29,"actual_cumulative_cases",NA,NA,NA,110640,NA,NA,NA,NA
"Utah",NA,"Past",2020-10-29,"actual_cumulative_deaths",NA,NA,NA,603,NA,NA,NA,NA
"Utah",NA,"Past",2020-10-29,"actual_daily_cases",NA,NA,NA,1837,NA,NA,NA,NA
"Utah",NA,"Past",2020-10-29,"actual_daily_deaths",NA,NA,NA,10,NA,NA,NA,NA
"Utah","linear_increase_sd","Past",2020-10-29,"combined_trend",NA,NA,NA,0.458880276216163,NA,NA,NA,NA
"Utah","return_normal","Past",2020-10-29,"combined_trend",NA,NA,NA,0.458880276216163,NA,NA,NA,NA
"Utah","status_quo","Past",2020-10-29,"combined_trend",NA,NA,NA,0.458880276216163,NA,NA,NA,NA
"Utah","linear_increase_sd","Past",2020-10-29,"cumulative_all_infections",317658,317658,317658,324742,324570,331997,331997,331997
"Utah","return_normal","Past",2020-10-29,"cumulative_all_infections",317658,317658,317658,324742,324570,331997,331997,331997
"Utah","status_quo","Past",2020-10-29,"cumulative_all_infections",317658,317658,317658,324742,324570,331997,331997,331997
"Utah","linear_increase_sd","Past",2020-10-29,"cumulative_cases",102568,102568,102568,105221,105560,107534,107534,107534
"Utah","return_normal","Past",2020-10-29,"cumulative_cases",102568,102568,102568,105221,105560,107534,107534,107534
"Utah","status_quo","Past",2020-10-29,"cumulative_cases",102568,102568,102568,105221,105560,107534,107534,107534
"Utah","linear_increase_sd","Past",2020-10-29,"cumulative_deaths",928,928,928,931,930,934,934,934
"Utah","return_normal","Past",2020-10-29,"cumulative_deaths",928,928,928,931,930,934,934,934
"Utah","status_quo","Past",2020-10-29,"cumulative_deaths",928,928,928,931,930,934,934,934
"Utah","linear_increase_sd","Past",2020-10-29,"cumulative_hosps",11169,11169,11169,11504,11619,11724,11724,11724
"Utah","return_normal","Past",2020-10-29,"cumulative_hosps",11169,11169,11169,11504,11619,11724,11724,11724
"Utah","status_quo","Past",2020-10-29,"cumulative_hosps",11169,11169,11169,11504,11619,11724,11724,11724
"Utah","linear_increase_sd","Past",2020-10-29,"daily_all_infections",5077,5077,5077,5382,5347,5722,5722,5722
"Utah","return_normal","Past",2020-10-29,"daily_all_infections",5077,5077,5077,5382,5347,5722,5722,5722
"Utah","status_quo","Past",2020-10-29,"daily_all_infections",5077,5077,5077,5382,5347,5722,5722,5722
"Utah","linear_increase_sd","Past",2020-10-29,"daily_cases",1736,1736,1736,1791,1765,1872,1872,1872
"Utah","return_normal","Past",2020-10-29,"daily_cases",1736,1736,1736,1791,1765,1872,1872,1872
"Utah","status_quo","Past",2020-10-29,"daily_cases",1736,1736,1736,1791,1765,1872,1872,1872
"Utah","linear_increase_sd","Past",2020-10-29,"daily_deaths",7,7,7,9,9,9,9,9
"Utah","return_normal","Past",2020-10-29,"daily_deaths",7,7,7,9,9,9,9,9
"Utah","status_quo","Past",2020-10-29,"daily_deaths",7,7,7,9,9,9,9,9
"Utah","linear_increase_sd","Past",2020-10-29,"daily_hosps",178,178,178,185,183,192,192,192
"Utah","return_normal","Past",2020-10-29,"daily_hosps",178,178,178,185,183,192,192,192
"Utah","status_quo","Past",2020-10-29,"daily_hosps",178,178,178,185,183,192,192,192
"Utah","linear_increase_sd","Past",2020-10-29,"latent_trend",NA,NA,NA,0.6436274912788,NA,NA,NA,NA
"Utah","return_normal","Past",2020-10-29,"latent_trend",NA,NA,NA,0.6436274912788,NA,NA,NA,NA
"Utah","status_quo","Past",2020-10-29,"latent_trend",NA,NA,NA,0.6436274912788,NA,NA,NA,NA
"Utah","linear_increase_sd","Past",2020-10-29,"mobility_trend",NA,NA,NA,0.712959409649253,NA,NA,NA,NA
"Utah","return_normal","Past",2020-10-29,"mobility_trend",NA,NA,NA,0.712959409649253,NA,NA,NA,NA
"Utah","status_quo","Past",2020-10-29,"mobility_trend",NA,NA,NA,0.712959409649253,NA,NA,NA,NA
"Utah",NA,"Past",2020-10-30,"actual_cumulative_cases",NA,NA,NA,112932,NA,NA,NA,NA
"Utah",NA,"Past",2020-10-30,"actual_cumulative_deaths",NA,NA,NA,606,NA,NA,NA,NA
"Utah",NA,"Past",2020-10-30,"actual_daily_cases",NA,NA,NA,2292,NA,NA,NA,NA
"Utah",NA,"Past",2020-10-30,"actual_daily_deaths",NA,NA,NA,3,NA,NA,NA,NA
"Utah","linear_increase_sd","Past",2020-10-30,"combined_trend",NA,NA,NA,0.459207605209965,NA,NA,NA,NA
"Utah","return_normal","Past",2020-10-30,"combined_trend",NA,NA,NA,0.459207605209965,NA,NA,NA,NA
"Utah","status_quo","Past",2020-10-30,"combined_trend",NA,NA,NA,0.459207605209965,NA,NA,NA,NA
"Utah","linear_increase_sd","Past",2020-10-30,"cumulative_all_infections",323095,323095,323095,330238,329761,337858,337858,337858
"Utah","return_normal","Past",2020-10-30,"cumulative_all_infections",323095,323095,323095,330238,329761,337858,337858,337858
"Utah","status_quo","Past",2020-10-30,"cumulative_all_infections",323095,323095,323095,330238,329761,337858,337858,337858
"Utah","linear_increase_sd","Past",2020-10-30,"cumulative_cases",104527,104527,104527,107114,107332,109481,109481,109481
"Utah","return_normal","Past",2020-10-30,"cumulative_cases",104527,104527,104527,107114,107332,109481,109481,109481
"Utah","status_quo","Past",2020-10-30,"cumulative_cases",104527,104527,104527,107114,107332,109481,109481,109481
"Utah","linear_increase_sd","Past",2020-10-30,"cumulative_deaths",936,936,936,939,938,942,942,942
"Utah","return_normal","Past",2020-10-30,"cumulative_deaths",936,936,936,939,938,942,942,942
"Utah","status_quo","Past",2020-10-30,"cumulative_deaths",936,936,936,939,938,942,942,942
"Utah","linear_increase_sd","Past",2020-10-30,"cumulative_hosps",11358,11358,11358,11694,11802,11920,11920,11920
"Utah","return_normal","Past",2020-10-30,"cumulative_hosps",11358,11358,11358,11694,11802,11920,11920,11920
"Utah","status_quo","Past",2020-10-30,"cumulative_hosps",11358,11358,11358,11694,11802,11920,11920,11920
"Utah","linear_increase_sd","Past",2020-10-30,"daily_all_infections",5191,5191,5191,5497,5437,5861,5861,5861
"Utah","return_normal","Past",2020-10-30,"daily_all_infections",5191,5191,5191,5497,5437,5861,5861,5861
"Utah","status_quo","Past",2020-10-30,"daily_all_infections",5191,5191,5191,5497,5437,5861,5861,5861
"Utah","linear_increase_sd","Past",2020-10-30,"daily_cases",1772,1772,1772,1893,1947,1959,1959,1959
"Utah","return_normal","Past",2020-10-30,"daily_cases",1772,1772,1772,1893,1947,1959,1959,1959
"Utah","status_quo","Past",2020-10-30,"daily_cases",1772,1772,1772,1893,1947,1959,1959,1959
"Utah","linear_increase_sd","Past",2020-10-30,"daily_deaths",8,8,8,8,8,8,8,8
"Utah","return_normal","Past",2020-10-30,"daily_deaths",8,8,8,8,8,8,8,8
"Utah","status_quo","Past",2020-10-30,"daily_deaths",8,8,8,8,8,8,8,8
"Utah","linear_increase_sd","Past",2020-10-30,"daily_hosps",183,183,183,190,189,196,196,196
"Utah","return_normal","Past",2020-10-30,"daily_hosps",183,183,183,190,189,196,196,196
"Utah","status_quo","Past",2020-10-30,"daily_hosps",183,183,183,190,189,196,196,196
"Utah","linear_increase_sd","Past",2020-10-30,"latent_trend",NA,NA,NA,0.648820307114082,NA,NA,NA,NA
"Utah","return_normal","Past",2020-10-30,"latent_trend",NA,NA,NA,0.648820307114082,NA,NA,NA,NA
"Utah","status_quo","Past",2020-10-30,"latent_trend",NA,NA,NA,0.648820307114082,NA,NA,NA,NA
"Utah","linear_increase_sd","Past",2020-10-30,"mobility_trend",NA,NA,NA,0.70775775692425,NA,NA,NA,NA
"Utah","return_normal","Past",2020-10-30,"mobility_trend",NA,NA,NA,0.70775775692425,NA,NA,NA,NA
"Utah","status_quo","Past",2020-10-30,"mobility_trend",NA,NA,NA,0.70775775692425,NA,NA,NA,NA
"Utah",NA,"Past",2020-10-31,"actual_cumulative_cases",NA,NA,NA,114656,NA,NA,NA,NA
"Utah",NA,"Past",2020-10-31,"actual_cumulative_deaths",NA,NA,NA,609,NA,NA,NA,NA
"Utah",NA,"Past",2020-10-31,"actual_daily_cases",NA,NA,NA,1724,NA,NA,NA,NA
"Utah",NA,"Past",2020-10-31,"actual_daily_deaths",NA,NA,NA,3,NA,NA,NA,NA
"Utah","linear_increase_sd","Past",2020-10-31,"combined_trend",NA,NA,NA,0.459451980884109,NA,NA,NA,NA
"Utah","return_normal","Past",2020-10-31,"combined_trend",NA,NA,NA,0.459451980884109,NA,NA,NA,NA
"Utah","status_quo","Past",2020-10-31,"combined_trend",NA,NA,NA,0.459451980884109,NA,NA,NA,NA
"Utah","linear_increase_sd","Past",2020-10-31,"cumulative_all_infections",328630,328630,328630,335860,335104,343844,343844,343844
"Utah","return_normal","Past",2020-10-31,"cumulative_all_infections",328630,328630,328630,335860,335104,343844,343844,343844
"Utah","status_quo","Past",2020-10-31,"cumulative_all_infections",328630,328630,328630,335860,335104,343844,343844,343844
"Utah","linear_increase_sd","Past",2020-10-31,"cumulative_cases",106478,106478,106478,108997,109100,111411,111411,111411
"Utah","return_normal","Past",2020-10-31,"cumulative_cases",106478,106478,106478,108997,109100,111411,111411,111411
"Utah","status_quo","Past",2020-10-31,"cumulative_cases",106478,106478,106478,108997,109100,111411,111411,111411
"Utah","linear_increase_sd","Past",2020-10-31,"cumulative_deaths",946,946,946,949,948,951,951,951
"Utah","return_normal","Past",2020-10-31,"cumulative_deaths",946,946,946,949,948,951,951,951
"Utah","status_quo","Past",2020-10-31,"cumulative_deaths",946,946,946,949,948,951,951,951
"Utah","linear_increase_sd","Past",2020-10-31,"cumulative_hosps",11549,11549,11549,11887,11988,12122,12122,12122
"Utah","return_normal","Past",2020-10-31,"cumulative_hosps",11549,11549,11549,11887,11988,12122,12122,12122
"Utah","status_quo","Past",2020-10-31,"cumulative_hosps",11549,11549,11549,11887,11988,12122,12122,12122
"Utah","linear_increase_sd","Past",2020-10-31,"daily_all_infections",5343,5343,5343,5622,5535,5986,5986,5986
"Utah","return_normal","Past",2020-10-31,"daily_all_infections",5343,5343,5343,5622,5535,5986,5986,5986
"Utah","status_quo","Past",2020-10-31,"daily_all_infections",5343,5343,5343,5622,5535,5986,5986,5986
"Utah","linear_increase_sd","Past",2020-10-31,"daily_cases",1768,1768,1768,1883,1930,1951,1951,1951
"Utah","return_normal","Past",2020-10-31,"daily_cases",1768,1768,1768,1883,1930,1951,1951,1951
"Utah","status_quo","Past",2020-10-31,"daily_cases",1768,1768,1768,1883,1930,1951,1951,1951
"Utah","linear_increase_sd","Past",2020-10-31,"daily_deaths",9,9,9,10,10,10,10,10
"Utah","return_normal","Past",2020-10-31,"daily_deaths",9,9,9,10,10,10,10,10
"Utah","status_quo","Past",2020-10-31,"daily_deaths",9,9,9,10,10,10,10,10
"Utah","linear_increase_sd","Past",2020-10-31,"daily_hosps",186,186,186,193,191,202,202,202
"Utah","return_normal","Past",2020-10-31,"daily_hosps",186,186,186,193,191,202,202,202
"Utah","status_quo","Past",2020-10-31,"daily_hosps",186,186,186,193,191,202,202,202
"Utah","linear_increase_sd","Past",2020-10-31,"latent_trend",NA,NA,NA,0.653912819580968,NA,NA,NA,NA
"Utah","return_normal","Past",2020-10-31,"latent_trend",NA,NA,NA,0.653912819580968,NA,NA,NA,NA
"Utah","status_quo","Past",2020-10-31,"latent_trend",NA,NA,NA,0.653912819580968,NA,NA,NA,NA
"Utah","linear_increase_sd","Past",2020-10-31,"mobility_trend",NA,NA,NA,0.702619626234776,NA,NA,NA,NA
"Utah","return_normal","Past",2020-10-31,"mobility_trend",NA,NA,NA,0.702619626234776,NA,NA,NA,NA
"Utah","status_quo","Past",2020-10-31,"mobility_trend",NA,NA,NA,0.702619626234776,NA,NA,NA,NA
"Utah",NA,"Past",2020-11-01,"actual_cumulative_cases",NA,NA,NA,116510,NA,NA,NA,NA
"Utah",NA,"Past",2020-11-01,"actual_cumulative_deaths",NA,NA,NA,619,NA,NA,NA,NA
"Utah",NA,"Past",2020-11-01,"actual_daily_cases",NA,NA,NA,1854,NA,NA,NA,NA
"Utah",NA,"Past",2020-11-01,"actual_daily_deaths",NA,NA,NA,10,NA,NA,NA,NA
"Utah","linear_increase_sd","Past",2020-11-01,"combined_trend",NA,NA,NA,0.459617576765785,NA,NA,NA,NA
"Utah","return_normal","Past",2020-11-01,"combined_trend",NA,NA,NA,0.459617576765785,NA,NA,NA,NA
"Utah","status_quo","Past",2020-11-01,"combined_trend",NA,NA,NA,0.459617576765785,NA,NA,NA,NA
"Utah","linear_increase_sd","Past",2020-11-01,"cumulative_all_infections",334264,334264,334264,341605,340583,349966,349966,349966
"Utah","return_normal","Past",2020-11-01,"cumulative_all_infections",334264,334264,334264,341605,340583,349966,349966,349966
"Utah","status_quo","Past",2020-11-01,"cumulative_all_infections",334264,334264,334264,341605,340583,349966,349966,349966
"Utah","linear_increase_sd","Past",2020-11-01,"cumulative_cases",108361,108361,108361,110940,111012,113446,113446,113446
"Utah","return_normal","Past",2020-11-01,"cumulative_cases",108361,108361,108361,110940,111012,113446,113446,113446
"Utah","status_quo","Past",2020-11-01,"cumulative_cases",108361,108361,108361,110940,111012,113446,113446,113446
"Utah","linear_increase_sd","Past",2020-11-01,"cumulative_deaths",955,955,955,958,957,961,961,961
"Utah","return_normal","Past",2020-11-01,"cumulative_deaths",955,955,955,958,957,961,961,961
"Utah","status_quo","Past",2020-11-01,"cumulative_deaths",955,955,955,958,957,961,961,961
"Utah","linear_increase_sd","Past",2020-11-01,"cumulative_hosps",11749,11749,11749,12086,12178,12329,12329,12329
"Utah","return_normal","Past",2020-11-01,"cumulative_hosps",11749,11749,11749,12086,12178,12329,12329,12329
"Utah","status_quo","Past",2020-11-01,"cumulative_hosps",11749,11749,11749,12086,12178,12329,12329,12329
"Utah","linear_increase_sd","Past",2020-11-01,"daily_all_infections",5479,5479,5479,5745,5634,6122,6122,6122
"Utah","return_normal","Past",2020-11-01,"daily_all_infections",5479,5479,5479,5745,5634,6122,6122,6122
"Utah","status_quo","Past",2020-11-01,"daily_all_infections",5479,5479,5479,5745,5634,6122,6122,6122
"Utah","linear_increase_sd","Past",2020-11-01,"daily_cases",1883,1883,1883,1944,1912,2035,2035,2035
"Utah","return_normal","Past",2020-11-01,"daily_cases",1883,1883,1883,1944,1912,2035,2035,2035
"Utah","status_quo","Past",2020-11-01,"daily_cases",1883,1883,1883,1944,1912,2035,2035,2035
"Utah","linear_increase_sd","Past",2020-11-01,"daily_deaths",9,9,9,10,9,10,10,10
"Utah","return_normal","Past",2020-11-01,"daily_deaths",9,9,9,10,9,10,10,10
"Utah","status_quo","Past",2020-11-01,"daily_deaths",9,9,9,10,9,10,10,10
"Utah","linear_increase_sd","Past",2020-11-01,"daily_hosps",190,190,190,199,200,207,207,207
"Utah","return_normal","Past",2020-11-01,"daily_hosps",190,190,190,199,200,207,207,207
"Utah","status_quo","Past",2020-11-01,"daily_hosps",190,190,190,199,200,207,207,207
"Utah","linear_increase_sd","Past",2020-11-01,"latent_trend",NA,NA,NA,0.658866552350103,NA,NA,NA,NA
"Utah","return_normal","Past",2020-11-01,"latent_trend",NA,NA,NA,0.658866552350103,NA,NA,NA,NA
"Utah","status_quo","Past",2020-11-01,"latent_trend",NA,NA,NA,0.658866552350103,NA,NA,NA,NA
"Utah","linear_increase_sd","Past",2020-11-01,"mobility_trend",NA,NA,NA,0.697588267497236,NA,NA,NA,NA
"Utah","return_normal","Past",2020-11-01,"mobility_trend",NA,NA,NA,0.697588267497236,NA,NA,NA,NA
"Utah","status_quo","Past",2020-11-01,"mobility_trend",NA,NA,NA,0.697588267497236,NA,NA,NA,NA
"Utah",NA,"Past",2020-11-02,"actual_cumulative_cases",NA,NA,NA,117706,NA,NA,NA,NA
"Utah",NA,"Past",2020-11-02,"actual_cumulative_deaths",NA,NA,NA,619,NA,NA,NA,NA
"Utah",NA,"Past",2020-11-02,"actual_daily_cases",NA,NA,NA,1196,NA,NA,NA,NA
"Utah",NA,"Past",2020-11-02,"actual_daily_deaths",NA,NA,NA,0,NA,NA,NA,NA
"Utah","linear_increase_sd","Past",2020-11-02,"combined_trend",NA,NA,NA,0.459711186390871,NA,NA,NA,NA
"Utah","return_normal","Past",2020-11-02,"combined_trend",NA,NA,NA,0.459711186390871,NA,NA,NA,NA
"Utah","status_quo","Past",2020-11-02,"combined_trend",NA,NA,NA,0.459711186390871,NA,NA,NA,NA
"Utah","linear_increase_sd","Past",2020-11-02,"cumulative_all_infections",339989,339989,339989,347475,346223,356213,356213,356213
"Utah","return_normal","Past",2020-11-02,"cumulative_all_infections",339989,339989,339989,347475,346223,356213,356213,356213
"Utah","status_quo","Past",2020-11-02,"cumulative_all_infections",339989,339989,339989,347475,346223,356213,356213,356213
"Utah","linear_increase_sd","Past",2020-11-02,"cumulative_cases",110339,110339,110339,112861,112805,115439,115439,115439
"Utah","return_normal","Past",2020-11-02,"cumulative_cases",110339,110339,110339,112861,112805,115439,115439,115439
"Utah","status_quo","Past",2020-11-02,"cumulative_cases",110339,110339,110339,112861,112805,115439,115439,115439
"Utah","linear_increase_sd","Past",2020-11-02,"cumulative_deaths",964,964,964,967,966,970,970,970
"Utah","return_normal","Past",2020-11-02,"cumulative_deaths",964,964,964,967,966,970,970,970
"Utah","status_quo","Past",2020-11-02,"cumulative_deaths",964,964,964,967,966,970,970,970
"Utah","linear_increase_sd","Past",2020-11-02,"cumulative_hosps",11950,11950,11950,12288,12371,12541,12541,12541
"Utah","return_normal","Past",2020-11-02,"cumulative_hosps",11950,11950,11950,12288,12371,12541,12541,12541
"Utah","status_quo","Past",2020-11-02,"cumulative_hosps",11950,11950,11950,12288,12371,12541,12541,12541
"Utah","linear_increase_sd","Past",2020-11-02,"daily_all_infections",5640,5640,5640,5871,5725,6247,6247,6247
"Utah","return_normal","Past",2020-11-02,"daily_all_infections",5640,5640,5640,5871,5725,6247,6247,6247
"Utah","status_quo","Past",2020-11-02,"daily_all_infections",5640,5640,5640,5871,5725,6247,6247,6247
"Utah","linear_increase_sd","Past",2020-11-02,"daily_cases",1793,1793,1793,1922,1978,1993,1993,1993
"Utah","return_normal","Past",2020-11-02,"daily_cases",1793,1793,1793,1922,1978,1993,1993,1993
"Utah","status_quo","Past",2020-11-02,"daily_cases",1793,1793,1793,1922,1978,1993,1993,1993
"Utah","linear_increase_sd","Past",2020-11-02,"daily_deaths",9,9,9,9,9,9,9,9
"Utah","return_normal","Past",2020-11-02,"daily_deaths",9,9,9,9,9,9,9,9
"Utah","status_quo","Past",2020-11-02,"daily_deaths",9,9,9,9,9,9,9,9
"Utah","linear_increase_sd","Past",2020-11-02,"daily_hosps",193,193,193,202,201,212,212,212
"Utah","return_normal","Past",2020-11-02,"daily_hosps",193,193,193,202,201,212,212,212
"Utah","status_quo","Past",2020-11-02,"daily_hosps",193,193,193,202,201,212,212,212
"Utah","linear_increase_sd","Past",2020-11-02,"latent_trend",NA,NA,NA,0.663644190259687,NA,NA,NA,NA
"Utah","return_normal","Past",2020-11-02,"latent_trend",NA,NA,NA,0.663644190259687,NA,NA,NA,NA
"Utah","status_quo","Past",2020-11-02,"latent_trend",NA,NA,NA,0.663644190259687,NA,NA,NA,NA
"Utah","linear_increase_sd","Past",2020-11-02,"mobility_trend",NA,NA,NA,0.692707316869578,NA,NA,NA,NA
"Utah","return_normal","Past",2020-11-02,"mobility_trend",NA,NA,NA,0.692707316869578,NA,NA,NA,NA
"Utah","status_quo","Past",2020-11-02,"mobility_trend",NA,NA,NA,0.692707316869578,NA,NA,NA,NA
"Utah",NA,"Past",2020-11-03,"actual_cumulative_cases",NA,NA,NA,119375,NA,NA,NA,NA
"Utah",NA,"Past",2020-11-03,"actual_cumulative_deaths",NA,NA,NA,625,NA,NA,NA,NA
"Utah",NA,"Past",2020-11-03,"actual_daily_cases",NA,NA,NA,1669,NA,NA,NA,NA
"Utah",NA,"Past",2020-11-03,"actual_daily_deaths",NA,NA,NA,6,NA,NA,NA,NA
"Utah","linear_increase_sd","Past",2020-11-03,"combined_trend",NA,NA,NA,0.459741818524952,NA,NA,NA,NA
"Utah","return_normal","Past",2020-11-03,"combined_trend",NA,NA,NA,0.459741818524952,NA,NA,NA,NA
"Utah","status_quo","Past",2020-11-03,"combined_trend",NA,NA,NA,0.459741818524952,NA,NA,NA,NA
"Utah","linear_increase_sd","Past",2020-11-03,"cumulative_all_infections",345814,345814,345814,353476,352019,362593,362593,362593
"Utah","return_normal","Past",2020-11-03,"cumulative_all_infections",345814,345814,345814,353476,352019,362593,362593,362593
"Utah","status_quo","Past",2020-11-03,"cumulative_all_infections",345814,345814,345814,353476,352019,362593,362593,362593
"Utah","linear_increase_sd","Past",2020-11-03,"cumulative_cases",112437,112437,112437,114876,114605,117584,117584,117584
"Utah","return_normal","Past",2020-11-03,"cumulative_cases",112437,112437,112437,114876,114605,117584,117584,117584
"Utah","status_quo","Past",2020-11-03,"cumulative_cases",112437,112437,112437,114876,114605,117584,117584,117584
"Utah","linear_increase_sd","Past",2020-11-03,"cumulative_deaths",973,973,973,976,975,979,979,979
"Utah","return_normal","Past",2020-11-03,"cumulative_deaths",973,973,973,976,975,979,979,979
"Utah","status_quo","Past",2020-11-03,"cumulative_deaths",973,973,973,976,975,979,979,979
"Utah","linear_increase_sd","Past",2020-11-03,"cumulative_hosps",12159,12159,12159,12496,12570,12757,12757,12757
"Utah","return_normal","Past",2020-11-03,"cumulative_hosps",12159,12159,12159,12496,12570,12757,12757,12757
"Utah","status_quo","Past",2020-11-03,"cumulative_hosps",12159,12159,12159,12496,12570,12757,12757,12757
"Utah","linear_increase_sd","Past",2020-11-03,"daily_all_infections",5796,5796,5796,6001,5825,6380,6380,6380
"Utah","return_normal","Past",2020-11-03,"daily_all_infections",5796,5796,5796,6001,5825,6380,6380,6380
"Utah","status_quo","Past",2020-11-03,"daily_all_infections",5796,5796,5796,6001,5825,6380,6380,6380
"Utah","linear_increase_sd","Past",2020-11-03,"daily_cases",1800,1800,1800,2015,2098,2145,2145,2145
"Utah","return_normal","Past",2020-11-03,"daily_cases",1800,1800,1800,2015,2098,2145,2145,2145
"Utah","status_quo","Past",2020-11-03,"daily_cases",1800,1800,1800,2015,2098,2145,2145,2145
"Utah","linear_increase_sd","Past",2020-11-03,"daily_deaths",9,9,9,9,9,9,9,9
"Utah","return_normal","Past",2020-11-03,"daily_deaths",9,9,9,9,9,9,9,9
"Utah","status_quo","Past",2020-11-03,"daily_deaths",9,9,9,9,9,9,9,9
"Utah","linear_increase_sd","Past",2020-11-03,"daily_hosps",199,199,199,208,209,216,216,216
"Utah","return_normal","Past",2020-11-03,"daily_hosps",199,199,199,208,209,216,216,216
"Utah","status_quo","Past",2020-11-03,"daily_hosps",199,199,199,208,209,216,216,216
"Utah","linear_increase_sd","Past",2020-11-03,"latent_trend",NA,NA,NA,0.668209563992921,NA,NA,NA,NA
"Utah","return_normal","Past",2020-11-03,"latent_trend",NA,NA,NA,0.668209563992921,NA,NA,NA,NA
"Utah","status_quo","Past",2020-11-03,"latent_trend",NA,NA,NA,0.668209563992921,NA,NA,NA,NA
"Utah","linear_increase_sd","Past",2020-11-03,"mobility_trend",NA,NA,NA,0.688020410509751,NA,NA,NA,NA
"Utah","return_normal","Past",2020-11-03,"mobility_trend",NA,NA,NA,0.688020410509751,NA,NA,NA,NA
"Utah","status_quo","Past",2020-11-03,"mobility_trend",NA,NA,NA,0.688020410509751,NA,NA,NA,NA
"Utah",NA,"Past",2020-11-04,"actual_cumulative_cases",NA,NA,NA,121485,NA,NA,NA,NA
"Utah",NA,"Past",2020-11-04,"actual_cumulative_deaths",NA,NA,NA,630,NA,NA,NA,NA
"Utah",NA,"Past",2020-11-04,"actual_daily_cases",NA,NA,NA,2110,NA,NA,NA,NA
"Utah",NA,"Past",2020-11-04,"actual_daily_deaths",NA,NA,NA,5,NA,NA,NA,NA
"Utah","linear_increase_sd","Past",2020-11-04,"combined_trend",NA,NA,NA,0.459720092012007,NA,NA,NA,NA
"Utah","return_normal","Past",2020-11-04,"combined_trend",NA,NA,NA,0.459720092012007,NA,NA,NA,NA
"Utah","status_quo","Past",2020-11-04,"combined_trend",NA,NA,NA,0.459720092012007,NA,NA,NA,NA
"Utah","linear_increase_sd","Past",2020-11-04,"cumulative_all_infections",351737,351737,351737,359599,357952,369108,369108,369108
"Utah","return_normal","Past",2020-11-04,"cumulative_all_infections",351737,351737,351737,359599,357952,369108,369108,369108
"Utah","status_quo","Past",2020-11-04,"cumulative_all_infections",351737,351737,351737,359599,357952,369108,369108,369108
"Utah","linear_increase_sd","Past",2020-11-04,"cumulative_cases",114599,114599,114599,116961,116644,119640,119640,119640
"Utah","return_normal","Past",2020-11-04,"cumulative_cases",114599,114599,114599,116961,116644,119640,119640,119640
"Utah","status_quo","Past",2020-11-04,"cumulative_cases",114599,114599,114599,116961,116644,119640,119640,119640
"Utah","linear_increase_sd","Past",2020-11-04,"cumulative_deaths",983,983,983,986,984,989,989,989
"Utah","return_normal","Past",2020-11-04,"cumulative_deaths",983,983,983,986,984,989,989,989
"Utah","status_quo","Past",2020-11-04,"cumulative_deaths",983,983,983,986,984,989,989,989
"Utah","linear_increase_sd","Past",2020-11-04,"cumulative_hosps",12374,12374,12374,12710,12771,12983,12983,12983
"Utah","return_normal","Past",2020-11-04,"cumulative_hosps",12374,12374,12374,12710,12771,12983,12983,12983
"Utah","status_quo","Past",2020-11-04,"cumulative_hosps",12374,12374,12374,12710,12771,12983,12983,12983
"Utah","linear_increase_sd","Past",2020-11-04,"daily_all_infections",5923,5923,5923,6124,5933,6515,6515,6515
"Utah","return_normal","Past",2020-11-04,"daily_all_infections",5923,5923,5923,6124,5933,6515,6515,6515
"Utah","status_quo","Past",2020-11-04,"daily_all_infections",5923,5923,5923,6124,5933,6515,6515,6515
"Utah","linear_increase_sd","Past",2020-11-04,"daily_cases",2039,2039,2039,2086,2056,2162,2162,2162
"Utah","return_normal","Past",2020-11-04,"daily_cases",2039,2039,2039,2086,2056,2162,2162,2162
"Utah","status_quo","Past",2020-11-04,"daily_cases",2039,2039,2039,2086,2056,2162,2162,2162
"Utah","linear_increase_sd","Past",2020-11-04,"daily_deaths",9,9,9,10,10,10,10,10
"Utah","return_normal","Past",2020-11-04,"daily_deaths",9,9,9,10,10,10,10,10
"Utah","status_quo","Past",2020-11-04,"daily_deaths",9,9,9,10,10,10,10,10
"Utah","linear_increase_sd","Past",2020-11-04,"daily_hosps",201,201,201,214,215,226,226,226
"Utah","return_normal","Past",2020-11-04,"daily_hosps",201,201,201,214,215,226,226,226
"Utah","status_quo","Past",2020-11-04,"daily_hosps",201,201,201,214,215,226,226,226
"Utah","linear_increase_sd","Past",2020-11-04,"latent_trend",NA,NA,NA,0.672527599262512,NA,NA,NA,NA
"Utah","return_normal","Past",2020-11-04,"latent_trend",NA,NA,NA,0.672527599262512,NA,NA,NA,NA
"Utah","status_quo","Past",2020-11-04,"latent_trend",NA,NA,NA,0.672527599262512,NA,NA,NA,NA
"Utah","linear_increase_sd","Past",2020-11-04,"mobility_trend",NA,NA,NA,0.683570596234462,NA,NA,NA,NA
"Utah","return_normal","Past",2020-11-04,"mobility_trend",NA,NA,NA,0.683570596234462,NA,NA,NA,NA
"Utah","status_quo","Past",2020-11-04,"mobility_trend",NA,NA,NA,0.683570596234462,NA,NA,NA,NA
"Utah",NA,"Past",2020-11-05,"actual_cumulative_cases",NA,NA,NA,124292,NA,NA,NA,NA
"Utah",NA,"Past",2020-11-05,"actual_cumulative_deaths",NA,NA,NA,637,NA,NA,NA,NA
"Utah",NA,"Past",2020-11-05,"actual_daily_cases",NA,NA,NA,2807,NA,NA,NA,NA
"Utah",NA,"Past",2020-11-05,"actual_daily_deaths",NA,NA,NA,7,NA,NA,NA,NA
"Utah","linear_increase_sd","Past",2020-11-05,"combined_trend",NA,NA,NA,0.459656768752571,NA,NA,NA,NA
"Utah","return_normal","Past",2020-11-05,"combined_trend",NA,NA,NA,0.459656768752571,NA,NA,NA,NA
"Utah","status_quo","Past",2020-11-05,"combined_trend",NA,NA,NA,0.459656768752571,NA,NA,NA,NA
"Utah","linear_increase_sd","Past",2020-11-05,"cumulative_all_infections",357736,357736,357736,365837,364049,375725,375725,375725
"Utah","return_normal","Past",2020-11-05,"cumulative_all_infections",357736,357736,357736,365837,364049,375725,375725,375725
"Utah","status_quo","Past",2020-11-05,"cumulative_all_infections",357736,357736,357736,365837,364049,375725,375725,375725
"Utah","linear_increase_sd","Past",2020-11-05,"cumulative_cases",116681,116681,116681,119023,118592,121794,121794,121794
"Utah","return_normal","Past",2020-11-05,"cumulative_cases",116681,116681,116681,119023,118592,121794,121794,121794
"Utah","status_quo","Past",2020-11-05,"cumulative_cases",116681,116681,116681,119023,118592,121794,121794,121794
"Utah","linear_increase_sd","Past",2020-11-05,"cumulative_deaths",994,994,994,996,994,999,999,999
"Utah","return_normal","Past",2020-11-05,"cumulative_deaths",994,994,994,996,994,999,999,999
"Utah","status_quo","Past",2020-11-05,"cumulative_deaths",994,994,994,996,994,999,999,999
"Utah","linear_increase_sd","Past",2020-11-05,"cumulative_hosps",12592,12592,12592,12928,12977,13214,13214,13214
"Utah","return_normal","Past",2020-11-05,"cumulative_hosps",12592,12592,12592,12928,12977,13214,13214,13214
"Utah","status_quo","Past",2020-11-05,"cumulative_hosps",12592,12592,12592,12928,12977,13214,13214,13214
"Utah","linear_increase_sd","Past",2020-11-05,"daily_all_infections",5999,5999,5999,6238,6097,6617,6617,6617
"Utah","return_normal","Past",2020-11-05,"daily_all_infections",5999,5999,5999,6238,6097,6617,6617,6617
"Utah","status_quo","Past",2020-11-05,"daily_all_infections",5999,5999,5999,6238,6097,6617,6617,6617
"Utah","linear_increase_sd","Past",2020-11-05,"daily_cases",1948,1948,1948,2062,2082,2154,2154,2154
"Utah","return_normal","Past",2020-11-05,"daily_cases",1948,1948,1948,2062,2082,2154,2154,2154
"Utah","status_quo","Past",2020-11-05,"daily_cases",1948,1948,1948,2062,2082,2154,2154,2154
"Utah","linear_increase_sd","Past",2020-11-05,"daily_deaths",10,10,10,11,10,11,11,11
"Utah","return_normal","Past",2020-11-05,"daily_deaths",10,10,10,11,10,11,11,11
"Utah","status_quo","Past",2020-11-05,"daily_deaths",10,10,10,11,10,11,11,11
"Utah","linear_increase_sd","Past",2020-11-05,"daily_hosps",206,206,206,219,218,231,231,231
"Utah","return_normal","Past",2020-11-05,"daily_hosps",206,206,206,219,218,231,231,231
"Utah","status_quo","Past",2020-11-05,"daily_hosps",206,206,206,219,218,231,231,231
"Utah","linear_increase_sd","Past",2020-11-05,"latent_trend",NA,NA,NA,0.676564229110031,NA,NA,NA,NA
"Utah","return_normal","Past",2020-11-05,"latent_trend",NA,NA,NA,0.676564229110031,NA,NA,NA,NA
"Utah","status_quo","Past",2020-11-05,"latent_trend",NA,NA,NA,0.676564229110031,NA,NA,NA,NA
"Utah","linear_increase_sd","Past",2020-11-05,"mobility_trend",NA,NA,NA,0.679398568495433,NA,NA,NA,NA
"Utah","return_normal","Past",2020-11-05,"mobility_trend",NA,NA,NA,0.679398568495433,NA,NA,NA,NA
"Utah","status_quo","Past",2020-11-05,"mobility_trend",NA,NA,NA,0.679398568495433,NA,NA,NA,NA
"Utah",NA,"Past",2020-11-06,"actual_cumulative_cases",NA,NA,NA,127279,NA,NA,NA,NA
"Utah",NA,"Past",2020-11-06,"actual_cumulative_deaths",NA,NA,NA,654,NA,NA,NA,NA
"Utah",NA,"Past",2020-11-06,"actual_daily_cases",NA,NA,NA,2987,NA,NA,NA,NA
"Utah",NA,"Past",2020-11-06,"actual_daily_deaths",NA,NA,NA,17,NA,NA,NA,NA
"Utah","linear_increase_sd","Past",2020-11-06,"combined_trend",NA,NA,NA,0.459563601933063,NA,NA,NA,NA
"Utah","return_normal","Past",2020-11-06,"combined_trend",NA,NA,NA,0.459563601933063,NA,NA,NA,NA
"Utah","status_quo","Past",2020-11-06,"combined_trend",NA,NA,NA,0.459563601933063,NA,NA,NA,NA
"Utah","linear_increase_sd","Past",2020-11-06,"cumulative_all_infections",363818,363818,363818,372205,370311,382485,382485,382485
"Utah","return_normal","Past",2020-11-06,"cumulative_all_infections",363818,363818,363818,372205,370311,382485,382485,382485
"Utah","status_quo","Past",2020-11-06,"cumulative_all_infections",363818,363818,363818,372205,370311,382485,382485,382485
"Utah","linear_increase_sd","Past",2020-11-06,"cumulative_cases",118831,118831,118831,121175,120545,124148,124148,124148
"Utah","return_normal","Past",2020-11-06,"cumulative_cases",118831,118831,118831,121175,120545,124148,124148,124148
"Utah","status_quo","Past",2020-11-06,"cumulative_cases",118831,118831,118831,121175,120545,124148,124148,124148
"Utah","linear_increase_sd","Past",2020-11-06,"cumulative_deaths",1003,1003,1003,1005,1003,1009,1009,1009
"Utah","return_normal","Past",2020-11-06,"cumulative_deaths",1003,1003,1003,1005,1003,1009,1009,1009
"Utah","status_quo","Past",2020-11-06,"cumulative_deaths",1003,1003,1003,1005,1003,1009,1009,1009
"Utah","linear_increase_sd","Past",2020-11-06,"cumulative_hosps",12817,12817,12817,13153,13190,13450,13450,13450
"Utah","return_normal","Past",2020-11-06,"cumulative_hosps",12817,12817,12817,13153,13190,13450,13450,13450
"Utah","status_quo","Past",2020-11-06,"cumulative_hosps",12817,12817,12817,13153,13190,13450,13450,13450
"Utah","linear_increase_sd","Past",2020-11-06,"daily_all_infections",6082,6082,6082,6368,6262,6760,6760,6760
"Utah","return_normal","Past",2020-11-06,"daily_all_infections",6082,6082,6082,6368,6262,6760,6760,6760
"Utah","status_quo","Past",2020-11-06,"daily_all_infections",6082,6082,6082,6368,6262,6760,6760,6760
"Utah","linear_increase_sd","Past",2020-11-06,"daily_cases",1953,1953,1953,2153,2150,2354,2354,2354
"Utah","return_normal","Past",2020-11-06,"daily_cases",1953,1953,1953,2153,2150,2354,2354,2354
"Utah","status_quo","Past",2020-11-06,"daily_cases",1953,1953,1953,2153,2150,2354,2354,2354
"Utah","linear_increase_sd","Past",2020-11-06,"daily_deaths",9,9,9,10,9,10,10,10
"Utah","return_normal","Past",2020-11-06,"daily_deaths",9,9,9,10,9,10,10,10
"Utah","status_quo","Past",2020-11-06,"daily_deaths",9,9,9,10,9,10,10,10
"Utah","linear_increase_sd","Past",2020-11-06,"daily_hosps",213,213,213,225,225,236,236,236
"Utah","return_normal","Past",2020-11-06,"daily_hosps",213,213,213,225,225,236,236,236
"Utah","status_quo","Past",2020-11-06,"daily_hosps",213,213,213,225,225,236,236,236
"Utah","linear_increase_sd","Past",2020-11-06,"latent_trend",NA,NA,NA,0.680286268688426,NA,NA,NA,NA
"Utah","return_normal","Past",2020-11-06,"latent_trend",NA,NA,NA,0.680286268688426,NA,NA,NA,NA
"Utah","status_quo","Past",2020-11-06,"latent_trend",NA,NA,NA,0.680286268688426,NA,NA,NA,NA
"Utah","linear_increase_sd","Past",2020-11-06,"mobility_trend",NA,NA,NA,0.675544433403146,NA,NA,NA,NA
"Utah","return_normal","Past",2020-11-06,"mobility_trend",NA,NA,NA,0.675544433403146,NA,NA,NA,NA
"Utah","status_quo","Past",2020-11-06,"mobility_trend",NA,NA,NA,0.675544433403146,NA,NA,NA,NA
"Utah",NA,"Past",2020-11-07,"actual_cumulative_cases",NA,NA,NA,130235,NA,NA,NA,NA
"Utah",NA,"Past",2020-11-07,"actual_cumulative_deaths",NA,NA,NA,663,NA,NA,NA,NA
"Utah",NA,"Past",2020-11-07,"actual_daily_cases",NA,NA,NA,2956,NA,NA,NA,NA
"Utah",NA,"Past",2020-11-07,"actual_daily_deaths",NA,NA,NA,9,NA,NA,NA,NA
"Utah","linear_increase_sd","Past",2020-11-07,"combined_trend",NA,NA,NA,0.459453380586003,NA,NA,NA,NA
"Utah","return_normal","Past",2020-11-07,"combined_trend",NA,NA,NA,0.459453380586003,NA,NA,NA,NA
"Utah","status_quo","Past",2020-11-07,"combined_trend",NA,NA,NA,0.459453380586003,NA,NA,NA,NA
"Utah","linear_increase_sd","Past",2020-11-07,"cumulative_all_infections",369992,369992,369992,378692,376727,389357,389357,389357
"Utah","return_normal","Past",2020-11-07,"cumulative_all_infections",369992,369992,369992,378692,376727,389357,389357,389357
"Utah","status_quo","Past",2020-11-07,"cumulative_all_infections",369992,369992,369992,378692,376727,389357,389357,389357
"Utah","linear_increase_sd","Past",2020-11-07,"cumulative_cases",120980,120980,120980,123390,122767,126422,126422,126422
"Utah","return_normal","Past",2020-11-07,"cumulative_cases",120980,120980,120980,123390,122767,126422,126422,126422
"Utah","status_quo","Past",2020-11-07,"cumulative_cases",120980,120980,120980,123390,122767,126422,126422,126422
"Utah","linear_increase_sd","Past",2020-11-07,"cumulative_deaths",1013,1013,1013,1016,1014,1020,1020,1020
"Utah","return_normal","Past",2020-11-07,"cumulative_deaths",1013,1013,1013,1016,1014,1020,1020,1020
"Utah","status_quo","Past",2020-11-07,"cumulative_deaths",1013,1013,1013,1016,1014,1020,1020,1020
"Utah","linear_increase_sd","Past",2020-11-07,"cumulative_hosps",13045,13045,13045,13381,13406,13691,13691,13691
"Utah","return_normal","Past",2020-11-07,"cumulative_hosps",13045,13045,13045,13381,13406,13691,13691,13691
"Utah","status_quo","Past",2020-11-07,"cumulative_hosps",13045,13045,13045,13381,13406,13691,13691,13691
"Utah","linear_increase_sd","Past",2020-11-07,"daily_all_infections",6174,6174,6174,6488,6416,6872,6872,6872
"Utah","return_normal","Past",2020-11-07,"daily_all_infections",6174,6174,6174,6488,6416,6872,6872,6872
"Utah","status_quo","Past",2020-11-07,"daily_all_infections",6174,6174,6174,6488,6416,6872,6872,6872
"Utah","linear_increase_sd","Past",2020-11-07,"daily_cases",2149,2149,2149,2215,2222,2274,2274,2274
"Utah","return_normal","Past",2020-11-07,"daily_cases",2149,2149,2149,2215,2222,2274,2274,2274
"Utah","status_quo","Past",2020-11-07,"daily_cases",2149,2149,2149,2215,2222,2274,2274,2274
"Utah","linear_increase_sd","Past",2020-11-07,"daily_deaths",10,10,10,11,11,11,11,11
"Utah","return_normal","Past",2020-11-07,"daily_deaths",10,10,10,11,11,11,11,11
"Utah","status_quo","Past",2020-11-07,"daily_deaths",10,10,10,11,11,11,11,11
"Utah","linear_increase_sd","Past",2020-11-07,"daily_hosps",216,216,216,229,228,241,241,241
"Utah","return_normal","Past",2020-11-07,"daily_hosps",216,216,216,229,228,241,241,241
"Utah","status_quo","Past",2020-11-07,"daily_hosps",216,216,216,229,228,241,241,241
"Utah","linear_increase_sd","Past",2020-11-07,"latent_trend",NA,NA,NA,0.683661252607057,NA,NA,NA,NA
"Utah","return_normal","Past",2020-11-07,"latent_trend",NA,NA,NA,0.683661252607057,NA,NA,NA,NA
"Utah","status_quo","Past",2020-11-07,"latent_trend",NA,NA,NA,0.683661252607057,NA,NA,NA,NA
"Utah","linear_increase_sd","Past",2020-11-07,"mobility_trend",NA,NA,NA,0.672048297068079,NA,NA,NA,NA
"Utah","return_normal","Past",2020-11-07,"mobility_trend",NA,NA,NA,0.672048297068079,NA,NA,NA,NA
"Utah","status_quo","Past",2020-11-07,"mobility_trend",NA,NA,NA,0.672048297068079,NA,NA,NA,NA
"Utah",NA,"Past",2020-11-08,"actual_cumulative_cases",NA,NA,NA,132621,NA,NA,NA,NA
"Utah",NA,"Past",2020-11-08,"actual_cumulative_deaths",NA,NA,NA,664,NA,NA,NA,NA
"Utah",NA,"Past",2020-11-08,"actual_daily_cases",NA,NA,NA,2386,NA,NA,NA,NA
"Utah",NA,"Past",2020-11-08,"actual_daily_deaths",NA,NA,NA,1,NA,NA,NA,NA
"Utah","linear_increase_sd","Past",2020-11-08,"combined_trend",NA,NA,NA,0.459335925272796,NA,NA,NA,NA
"Utah","return_normal","Past",2020-11-08,"combined_trend",NA,NA,NA,0.459335925272796,NA,NA,NA,NA
"Utah","status_quo","Past",2020-11-08,"combined_trend",NA,NA,NA,0.459335925272796,NA,NA,NA,NA
"Utah","linear_increase_sd","Past",2020-11-08,"cumulative_all_infections",376259,376259,376259,385294,383296,396325,396325,396325
"Utah","return_normal","Past",2020-11-08,"cumulative_all_infections",376259,376259,376259,385294,383296,396325,396325,396325
"Utah","status_quo","Past",2020-11-08,"cumulative_all_infections",376259,376259,376259,385294,383296,396325,396325,396325
"Utah","linear_increase_sd","Past",2020-11-08,"cumulative_cases",123193,123193,123193,125572,124735,128786,128786,128786
"Utah","return_normal","Past",2020-11-08,"cumulative_cases",123193,123193,123193,125572,124735,128786,128786,128786
"Utah","status_quo","Past",2020-11-08,"cumulative_cases",123193,123193,123193,125572,124735,128786,128786,128786
"Utah","linear_increase_sd","Past",2020-11-08,"cumulative_deaths",1022,1022,1022,1026,1025,1029,1029,1029
"Utah","return_normal","Past",2020-11-08,"cumulative_deaths",1022,1022,1022,1026,1025,1029,1029,1029
"Utah","status_quo","Past",2020-11-08,"cumulative_deaths",1022,1022,1022,1026,1025,1029,1029,1029
"Utah","linear_increase_sd","Past",2020-11-08,"cumulative_hosps",13278,13278,13278,13616,13629,13940,13940,13940
"Utah","return_normal","Past",2020-11-08,"cumulative_hosps",13278,13278,13278,13616,13629,13940,13940,13940
"Utah","status_quo","Past",2020-11-08,"cumulative_hosps",13278,13278,13278,13616,13629,13940,13940,13940
"Utah","linear_increase_sd","Past",2020-11-08,"daily_all_infections",6267,6267,6267,6602,6569,6968,6968,6968
"Utah","return_normal","Past",2020-11-08,"daily_all_infections",6267,6267,6267,6602,6569,6968,6968,6968
"Utah","status_quo","Past",2020-11-08,"daily_all_infections",6267,6267,6267,6602,6569,6968,6968,6968
"Utah","linear_increase_sd","Past",2020-11-08,"daily_cases",1968,1968,1968,2182,2213,2364,2364,2364
"Utah","return_normal","Past",2020-11-08,"daily_cases",1968,1968,1968,2182,2213,2364,2364,2364
"Utah","status_quo","Past",2020-11-08,"daily_cases",1968,1968,1968,2182,2213,2364,2364,2364
"Utah","linear_increase_sd","Past",2020-11-08,"daily_deaths",9,9,9,10,9,11,11,11
"Utah","return_normal","Past",2020-11-08,"daily_deaths",9,9,9,10,9,11,11,11
"Utah","status_quo","Past",2020-11-08,"daily_deaths",9,9,9,10,9,11,11,11
"Utah","linear_increase_sd","Past",2020-11-08,"daily_hosps",223,223,223,235,233,249,249,249
"Utah","return_normal","Past",2020-11-08,"daily_hosps",223,223,223,235,233,249,249,249
"Utah","status_quo","Past",2020-11-08,"daily_hosps",223,223,223,235,233,249,249,249
"Utah","linear_increase_sd","Past",2020-11-08,"latent_trend",NA,NA,NA,0.686657235563502,NA,NA,NA,NA
"Utah","return_normal","Past",2020-11-08,"latent_trend",NA,NA,NA,0.686657235563502,NA,NA,NA,NA
"Utah","status_quo","Past",2020-11-08,"latent_trend",NA,NA,NA,0.686657235563502,NA,NA,NA,NA
"Utah","linear_increase_sd","Past",2020-11-08,"mobility_trend",NA,NA,NA,0.668945001206962,NA,NA,NA,NA
"Utah","return_normal","Past",2020-11-08,"mobility_trend",NA,NA,NA,0.668945001206962,NA,NA,NA,NA
"Utah","status_quo","Past",2020-11-08,"mobility_trend",NA,NA,NA,0.668945001206962,NA,NA,NA,NA
"Utah",NA,"Past",2020-11-09,"actual_cumulative_cases",NA,NA,NA,134868,NA,NA,NA,NA
"Utah",NA,"Past",2020-11-09,"actual_cumulative_deaths",NA,NA,NA,666,NA,NA,NA,NA
"Utah",NA,"Past",2020-11-09,"actual_daily_cases",NA,NA,NA,2247,NA,NA,NA,NA
"Utah",NA,"Past",2020-11-09,"actual_daily_deaths",NA,NA,NA,2,NA,NA,NA,NA
"Utah","linear_increase_sd","Past",2020-11-09,"combined_trend",NA,NA,NA,0.459206702914033,NA,NA,NA,NA
"Utah","return_normal","Past",2020-11-09,"combined_trend",NA,NA,NA,0.459206702914033,NA,NA,NA,NA
"Utah","status_quo","Past",2020-11-09,"combined_trend",NA,NA,NA,0.459206702914033,NA,NA,NA,NA
"Utah","linear_increase_sd","Past",2020-11-09,"cumulative_all_infections",382600,382600,382600,392010,390029,403399,403399,403399
"Utah","return_normal","Past",2020-11-09,"cumulative_all_infections",382600,382600,382600,392010,390029,403399,403399,403399
"Utah","status_quo","Past",2020-11-09,"cumulative_all_infections",382600,382600,382600,392010,390029,403399,403399,403399
"Utah","linear_increase_sd","Past",2020-11-09,"cumulative_cases",125176,125176,125176,127768,126934,131192,131192,131192
"Utah","return_normal","Past",2020-11-09,"cumulative_cases",125176,125176,125176,127768,126934,131192,131192,131192
"Utah","status_quo","Past",2020-11-09,"cumulative_cases",125176,125176,125176,127768,126934,131192,131192,131192
"Utah","linear_increase_sd","Past",2020-11-09,"cumulative_deaths",1031,1031,1031,1035,1034,1040,1040,1040
"Utah","return_normal","Past",2020-11-09,"cumulative_deaths",1031,1031,1031,1035,1034,1040,1040,1040
"Utah","status_quo","Past",2020-11-09,"cumulative_deaths",1031,1031,1031,1035,1034,1040,1040,1040
"Utah","linear_increase_sd","Past",2020-11-09,"cumulative_hosps",13512,13512,13512,13855,13857,14196,14196,14196
"Utah","return_normal","Past",2020-11-09,"cumulative_hosps",13512,13512,13512,13855,13857,14196,14196,14196
"Utah","status_quo","Past",2020-11-09,"cumulative_hosps",13512,13512,13512,13855,13857,14196,14196,14196
"Utah","linear_increase_sd","Past",2020-11-09,"daily_all_infections",6341,6341,6341,6716,6733,7074,7074,7074
"Utah","return_normal","Past",2020-11-09,"daily_all_infections",6341,6341,6341,6716,6733,7074,7074,7074
"Utah","status_quo","Past",2020-11-09,"daily_all_infections",6341,6341,6341,6716,6733,7074,7074,7074
"Utah","linear_increase_sd","Past",2020-11-09,"daily_cases",1983,1983,1983,2196,2199,2406,2406,2406
"Utah","return_normal","Past",2020-11-09,"daily_cases",1983,1983,1983,2196,2199,2406,2406,2406
"Utah","status_quo","Past",2020-11-09,"daily_cases",1983,1983,1983,2196,2199,2406,2406,2406
"Utah","linear_increase_sd","Past",2020-11-09,"daily_deaths",9,9,9,10,9,11,11,11
"Utah","return_normal","Past",2020-11-09,"daily_deaths",9,9,9,10,9,11,11,11
"Utah","status_quo","Past",2020-11-09,"daily_deaths",9,9,9,10,9,11,11,11
"Utah","linear_increase_sd","Past",2020-11-09,"daily_hosps",228,228,228,240,234,256,256,256
"Utah","return_normal","Past",2020-11-09,"daily_hosps",228,228,228,240,234,256,256,256
"Utah","status_quo","Past",2020-11-09,"daily_hosps",228,228,228,240,234,256,256,256
"Utah","linear_increase_sd","Past",2020-11-09,"latent_trend",NA,NA,NA,0.689242557561924,NA,NA,NA,NA
"Utah","return_normal","Past",2020-11-09,"latent_trend",NA,NA,NA,0.689242557561924,NA,NA,NA,NA
"Utah","status_quo","Past",2020-11-09,"latent_trend",NA,NA,NA,0.689242557561924,NA,NA,NA,NA
"Utah","linear_increase_sd","Past",2020-11-09,"mobility_trend",NA,NA,NA,0.666248329961512,NA,NA,NA,NA
"Utah","return_normal","Past",2020-11-09,"mobility_trend",NA,NA,NA,0.666248329961512,NA,NA,NA,NA
"Utah","status_quo","Past",2020-11-09,"mobility_trend",NA,NA,NA,0.666248329961512,NA,NA,NA,NA
"Utah",NA,"Past",2020-11-10,"actual_cumulative_cases",NA,NA,NA,137385,NA,NA,NA,NA
"Utah",NA,"Past",2020-11-10,"actual_cumulative_deaths",NA,NA,NA,677,NA,NA,NA,NA
"Utah",NA,"Past",2020-11-10,"actual_daily_cases",NA,NA,NA,2517,NA,NA,NA,NA
"Utah",NA,"Past",2020-11-10,"actual_daily_deaths",NA,NA,NA,11,NA,NA,NA,NA
"Utah","linear_increase_sd","Past",2020-11-10,"combined_trend",NA,NA,NA,0.459057070283414,NA,NA,NA,NA
"Utah","return_normal","Past",2020-11-10,"combined_trend",NA,NA,NA,0.459057070283414,NA,NA,NA,NA
"Utah","status_quo","Past",2020-11-10,"combined_trend",NA,NA,NA,0.459057070283414,NA,NA,NA,NA
"Utah","linear_increase_sd","Past",2020-11-10,"cumulative_all_infections",389013,389013,389013,398846,396935,410588,410588,410588
"Utah","return_normal","Past",2020-11-10,"cumulative_all_infections",389013,389013,389013,398846,396935,410588,410588,410588
"Utah","status_quo","Past",2020-11-10,"cumulative_all_infections",389013,389013,389013,398846,396935,410588,410588,410588
"Utah","linear_increase_sd","Past",2020-11-10,"cumulative_cases",127694,127694,127694,130148,129256,133494,133494,133494
"Utah","return_normal","Past",2020-11-10,"cumulative_cases",127694,127694,127694,130148,129256,133494,133494,133494
"Utah","status_quo","Past",2020-11-10,"cumulative_cases",127694,127694,127694,130148,129256,133494,133494,133494
"Utah","linear_increase_sd","Past",2020-11-10,"cumulative_deaths",1040,1040,1040,1045,1045,1050,1050,1050
"Utah","return_normal","Past",2020-11-10,"cumulative_deaths",1040,1040,1040,1045,1045,1050,1050,1050
"Utah","status_quo","Past",2020-11-10,"cumulative_deaths",1040,1040,1040,1045,1045,1050,1050,1050
"Utah","linear_increase_sd","Past",2020-11-10,"cumulative_hosps",13753,13753,13753,14100,14091,14456,14456,14456
"Utah","return_normal","Past",2020-11-10,"cumulative_hosps",13753,13753,13753,14100,14091,14456,14456,14456
"Utah","status_quo","Past",2020-11-10,"cumulative_hosps",13753,13753,13753,14100,14091,14456,14456,14456
"Utah","linear_increase_sd","Past",2020-11-10,"daily_all_infections",6413,6413,6413,6836,6906,7189,7189,7189
"Utah","return_normal","Past",2020-11-10,"daily_all_infections",6413,6413,6413,6836,6906,7189,7189,7189
"Utah","status_quo","Past",2020-11-10,"daily_all_infections",6413,6413,6413,6836,6906,7189,7189,7189
"Utah","linear_increase_sd","Past",2020-11-10,"daily_cases",2302,2302,2302,2381,2322,2518,2518,2518
"Utah","return_normal","Past",2020-11-10,"daily_cases",2302,2302,2302,2381,2322,2518,2518,2518
"Utah","status_quo","Past",2020-11-10,"daily_cases",2302,2302,2302,2381,2322,2518,2518,2518
"Utah","linear_increase_sd","Past",2020-11-10,"daily_deaths",9,9,9,10,10,11,11,11
"Utah","return_normal","Past",2020-11-10,"daily_deaths",9,9,9,10,10,11,11,11
"Utah","status_quo","Past",2020-11-10,"daily_deaths",9,9,9,10,10,11,11,11
"Utah","linear_increase_sd","Past",2020-11-10,"daily_hosps",234,234,234,245,241,260,260,260
"Utah","return_normal","Past",2020-11-10,"daily_hosps",234,234,234,245,241,260,260,260
"Utah","status_quo","Past",2020-11-10,"daily_hosps",234,234,234,245,241,260,260,260
"Utah","linear_increase_sd","Past",2020-11-10,"latent_trend",NA,NA,NA,0.691385575535039,NA,NA,NA,NA
"Utah","return_normal","Past",2020-11-10,"latent_trend",NA,NA,NA,0.691385575535039,NA,NA,NA,NA
"Utah","status_quo","Past",2020-11-10,"latent_trend",NA,NA,NA,0.691385575535039,NA,NA,NA,NA
"Utah","linear_increase_sd","Past",2020-11-10,"mobility_trend",NA,NA,NA,0.663966803079694,NA,NA,NA,NA
"Utah","return_normal","Past",2020-11-10,"mobility_trend",NA,NA,NA,0.663966803079694,NA,NA,NA,NA
"Utah","status_quo","Past",2020-11-10,"mobility_trend",NA,NA,NA,0.663966803079694,NA,NA,NA,NA
"Utah",NA,"Past",2020-11-11,"actual_cumulative_cases",NA,NA,NA,139720,NA,NA,NA,NA
"Utah",NA,"Past",2020-11-11,"actual_cumulative_deaths",NA,NA,NA,683,NA,NA,NA,NA
"Utah",NA,"Past",2020-11-11,"actual_daily_cases",NA,NA,NA,2335,NA,NA,NA,NA
"Utah",NA,"Past",2020-11-11,"actual_daily_deaths",NA,NA,NA,6,NA,NA,NA,NA
"Utah","linear_increase_sd","Past",2020-11-11,"combined_trend",NA,NA,NA,0.458877490308177,NA,NA,NA,NA
"Utah","return_normal","Past",2020-11-11,"combined_trend",NA,NA,NA,0.458877490308177,NA,NA,NA,NA
"Utah","status_quo","Past",2020-11-11,"combined_trend",NA,NA,NA,0.458877490308177,NA,NA,NA,NA
"Utah","linear_increase_sd","Past",2020-11-11,"cumulative_all_infections",395507,395507,395507,405799,404010,417880,417880,417880
"Utah","return_normal","Past",2020-11-11,"cumulative_all_infections",395507,395507,395507,405799,404010,417880,417880,417880
"Utah","status_quo","Past",2020-11-11,"cumulative_all_infections",395507,395507,395507,405799,404010,417880,417880,417880
"Utah","linear_increase_sd","Past",2020-11-11,"cumulative_cases",129980,129980,129980,132545,131644,136011,136011,136011
"Utah","return_normal","Past",2020-11-11,"cumulative_cases",129980,129980,129980,132545,131644,136011,136011,136011
"Utah","status_quo","Past",2020-11-11,"cumulative_cases",129980,129980,129980,132545,131644,136011,136011,136011
"Utah","linear_increase_sd","Past",2020-11-11,"cumulative_deaths",1050,1050,1050,1056,1056,1061,1061,1061
"Utah","return_normal","Past",2020-11-11,"cumulative_deaths",1050,1050,1050,1056,1056,1061,1061,1061
"Utah","status_quo","Past",2020-11-11,"cumulative_deaths",1050,1050,1050,1056,1056,1061,1061,1061
"Utah","linear_increase_sd","Past",2020-11-11,"cumulative_hosps",13999,13999,13999,14350,14329,14721,14721,14721
"Utah","return_normal","Past",2020-11-11,"cumulative_hosps",13999,13999,13999,14350,14329,14721,14721,14721
"Utah","status_quo","Past",2020-11-11,"cumulative_hosps",13999,13999,13999,14350,14329,14721,14721,14721
"Utah","linear_increase_sd","Past",2020-11-11,"daily_all_infections",6494,6494,6494,6954,7075,7292,7292,7292
"Utah","return_normal","Past",2020-11-11,"daily_all_infections",6494,6494,6494,6954,7075,7292,7292,7292
"Utah","status_quo","Past",2020-11-11,"daily_all_infections",6494,6494,6494,6954,7075,7292,7292,7292
"Utah","linear_increase_sd","Past",2020-11-11,"daily_cases",2286,2286,2286,2397,2388,2517,2517,2517
"Utah","return_normal","Past",2020-11-11,"daily_cases",2286,2286,2286,2397,2388,2517,2517,2517
"Utah","status_quo","Past",2020-11-11,"daily_cases",2286,2286,2286,2397,2388,2517,2517,2517
"Utah","linear_increase_sd","Past",2020-11-11,"daily_deaths",10,10,10,11,11,11,11,11
"Utah","return_normal","Past",2020-11-11,"daily_deaths",10,10,10,11,11,11,11,11
"Utah","status_quo","Past",2020-11-11,"daily_deaths",10,10,10,11,11,11,11,11
"Utah","linear_increase_sd","Past",2020-11-11,"daily_hosps",238,238,238,250,246,265,265,265
"Utah","return_normal","Past",2020-11-11,"daily_hosps",238,238,238,250,246,265,265,265
"Utah","status_quo","Past",2020-11-11,"daily_hosps",238,238,238,250,246,265,265,265
"Utah","linear_increase_sd","Past",2020-11-11,"latent_trend",NA,NA,NA,0.693054363672683,NA,NA,NA,NA
"Utah","return_normal","Past",2020-11-11,"latent_trend",NA,NA,NA,0.693054363672683,NA,NA,NA,NA
"Utah","status_quo","Past",2020-11-11,"latent_trend",NA,NA,NA,0.693054363672683,NA,NA,NA,NA
"Utah","linear_increase_sd","Past",2020-11-11,"mobility_trend",NA,NA,NA,0.662108940309475,NA,NA,NA,NA
"Utah","return_normal","Past",2020-11-11,"mobility_trend",NA,NA,NA,0.662108940309475,NA,NA,NA,NA
"Utah","status_quo","Past",2020-11-11,"mobility_trend",NA,NA,NA,0.662108940309475,NA,NA,NA,NA
"Utah",NA,"Past",2020-11-12,"actual_cumulative_cases",NA,NA,NA,143639,NA,NA,NA,NA
"Utah",NA,"Past",2020-11-12,"actual_cumulative_deaths",NA,NA,NA,692,NA,NA,NA,NA
"Utah",NA,"Past",2020-11-12,"actual_daily_cases",NA,NA,NA,3919,NA,NA,NA,NA
"Utah",NA,"Past",2020-11-12,"actual_daily_deaths",NA,NA,NA,9,NA,NA,NA,NA
"Utah","linear_increase_sd","Past",2020-11-12,"combined_trend",NA,NA,NA,0.458653455819095,NA,NA,NA,NA
"Utah","return_normal","Past",2020-11-12,"combined_trend",NA,NA,NA,0.458653455819095,NA,NA,NA,NA
"Utah","status_quo","Past",2020-11-12,"combined_trend",NA,NA,NA,0.458653455819095,NA,NA,NA,NA
"Utah","linear_increase_sd","Past",2020-11-12,"cumulative_all_infections",402077,402077,402077,412864,411241,425273,425273,425273
"Utah","return_normal","Past",2020-11-12,"cumulative_all_infections",402077,402077,402077,412864,411241,425273,425273,425273
"Utah","status_quo","Past",2020-11-12,"cumulative_all_infections",402077,402077,402077,412864,411241,425273,425273,425273
"Utah","linear_increase_sd","Past",2020-11-12,"cumulative_cases",132152,132152,132152,134925,133989,138633,138633,138633
"Utah","return_normal","Past",2020-11-12,"cumulative_cases",132152,132152,132152,134925,133989,138633,138633,138633
"Utah","status_quo","Past",2020-11-12,"cumulative_cases",132152,132152,132152,134925,133989,138633,138633,138633
"Utah","linear_increase_sd","Past",2020-11-12,"cumulative_deaths",1060,1060,1060,1067,1068,1071,1071,1071
"Utah","return_normal","Past",2020-11-12,"cumulative_deaths",1060,1060,1060,1067,1068,1071,1071,1071
"Utah","status_quo","Past",2020-11-12,"cumulative_deaths",1060,1060,1060,1067,1068,1071,1071,1071
"Utah","linear_increase_sd","Past",2020-11-12,"cumulative_hosps",14251,14251,14251,14608,14575,14997,14997,14997
"Utah","return_normal","Past",2020-11-12,"cumulative_hosps",14251,14251,14251,14608,14575,14997,14997,14997
"Utah","status_quo","Past",2020-11-12,"cumulative_hosps",14251,14251,14251,14608,14575,14997,14997,14997
"Utah","linear_increase_sd","Past",2020-11-12,"daily_all_infections",6570,6570,6570,7065,7231,7393,7393,7393
"Utah","return_normal","Past",2020-11-12,"daily_all_infections",6570,6570,6570,7065,7231,7393,7393,7393
"Utah","status_quo","Past",2020-11-12,"daily_all_infections",6570,6570,6570,7065,7231,7393,7393,7393
"Utah","linear_increase_sd","Past",2020-11-12,"daily_cases",2172,2172,2172,2380,2345,2622,2622,2622
"Utah","return_normal","Past",2020-11-12,"daily_cases",2172,2172,2172,2380,2345,2622,2622,2622
"Utah","status_quo","Past",2020-11-12,"daily_cases",2172,2172,2172,2380,2345,2622,2622,2622
"Utah","linear_increase_sd","Past",2020-11-12,"daily_deaths",10,10,10,11,10,12,12,12
"Utah","return_normal","Past",2020-11-12,"daily_deaths",10,10,10,11,10,12,12,12
"Utah","status_quo","Past",2020-11-12,"daily_deaths",10,10,10,11,10,12,12,12
"Utah","linear_increase_sd","Past",2020-11-12,"daily_hosps",246,246,246,258,252,276,276,276
"Utah","return_normal","Past",2020-11-12,"daily_hosps",246,246,246,258,252,276,276,276
"Utah","status_quo","Past",2020-11-12,"daily_hosps",246,246,246,258,252,276,276,276
"Utah","linear_increase_sd","Past",2020-11-12,"latent_trend",NA,NA,NA,0.694216385258086,NA,NA,NA,NA
"Utah","return_normal","Past",2020-11-12,"latent_trend",NA,NA,NA,0.694216385258086,NA,NA,NA,NA
"Utah","status_quo","Past",2020-11-12,"latent_trend",NA,NA,NA,0.694216385258086,NA,NA,NA,NA
"Utah","linear_increase_sd","Past",2020-11-12,"mobility_trend",NA,NA,NA,0.660677946471377,NA,NA,NA,NA
"Utah","return_normal","Past",2020-11-12,"mobility_trend",NA,NA,NA,0.660677946471377,NA,NA,NA,NA
"Utah","status_quo","Past",2020-11-12,"mobility_trend",NA,NA,NA,0.660677946471377,NA,NA,NA,NA
"Utah",NA,"Past",2020-11-13,"actual_cumulative_cases",NA,NA,NA,145789,NA,NA,NA,NA
"Utah",NA,"Past",2020-11-13,"actual_cumulative_deaths",NA,NA,NA,706,NA,NA,NA,NA
"Utah",NA,"Past",2020-11-13,"actual_daily_cases",NA,NA,NA,2150,NA,NA,NA,NA
"Utah",NA,"Past",2020-11-13,"actual_daily_deaths",NA,NA,NA,14,NA,NA,NA,NA
"Utah","linear_increase_sd","Past",2020-11-13,"combined_trend",NA,NA,NA,0.458353985551217,NA,NA,NA,NA
"Utah","return_normal","Past",2020-11-13,"combined_trend",NA,NA,NA,0.458353985551217,NA,NA,NA,NA
"Utah","status_quo","Past",2020-11-13,"combined_trend",NA,NA,NA,0.458353985551217,NA,NA,NA,NA
"Utah","linear_increase_sd","Past",2020-11-13,"cumulative_all_infections",408719,408719,408719,420031,418630,432743,432743,432743
"Utah","return_normal","Past",2020-11-13,"cumulative_all_infections",408719,408719,408719,420031,418630,432743,432743,432743
"Utah","status_quo","Past",2020-11-13,"cumulative_all_infections",408719,408719,408719,420031,418630,432743,432743,432743
"Utah","linear_increase_sd","Past",2020-11-13,"cumulative_cases",134533,134533,134533,137504,136591,141386,141386,141386
"Utah","return_normal","Past",2020-11-13,"cumulative_cases",134533,134533,134533,137504,136591,141386,141386,141386
"Utah","status_quo","Past",2020-11-13,"cumulative_cases",134533,134533,134533,137504,136591,141386,141386,141386
"Utah","linear_increase_sd","Past",2020-11-13,"cumulative_deaths",1071,1071,1071,1078,1080,1081,1081,1081
"Utah","return_normal","Past",2020-11-13,"cumulative_deaths",1071,1071,1071,1078,1080,1081,1081,1081
"Utah","status_quo","Past",2020-11-13,"cumulative_deaths",1071,1071,1071,1078,1080,1081,1081,1081
"Utah","linear_increase_sd","Past",2020-11-13,"cumulative_hosps",14509,14509,14509,14872,14828,15278,15278,15278
"Utah","return_normal","Past",2020-11-13,"cumulative_hosps",14509,14509,14509,14872,14828,15278,15278,15278
"Utah","status_quo","Past",2020-11-13,"cumulative_hosps",14509,14509,14509,14872,14828,15278,15278,15278
"Utah","linear_increase_sd","Past",2020-11-13,"daily_all_infections",6642,6642,6642,7167,7389,7470,7470,7470
"Utah","return_normal","Past",2020-11-13,"daily_all_infections",6642,6642,6642,7167,7389,7470,7470,7470
"Utah","status_quo","Past",2020-11-13,"daily_all_infections",6642,6642,6642,7167,7389,7470,7470,7470
"Utah","linear_increase_sd","Past",2020-11-13,"daily_cases",2381,2381,2381,2579,2602,2753,2753,2753
"Utah","return_normal","Past",2020-11-13,"daily_cases",2381,2381,2381,2579,2602,2753,2753,2753
"Utah","status_quo","Past",2020-11-13,"daily_cases",2381,2381,2381,2579,2602,2753,2753,2753
"Utah","linear_increase_sd","Past",2020-11-13,"daily_deaths",10,10,10,11,11,12,12,12
"Utah","return_normal","Past",2020-11-13,"daily_deaths",10,10,10,11,11,12,12,12
"Utah","status_quo","Past",2020-11-13,"daily_deaths",10,10,10,11,11,12,12,12
"Utah","linear_increase_sd","Past",2020-11-13,"daily_hosps",253,253,253,264,258,281,281,281
"Utah","return_normal","Past",2020-11-13,"daily_hosps",253,253,253,264,258,281,281,281
"Utah","status_quo","Past",2020-11-13,"daily_hosps",253,253,253,264,258,281,281,281
"Utah","linear_increase_sd","Past",2020-11-13,"latent_trend",NA,NA,NA,0.694838139384048,NA,NA,NA,NA
"Utah","return_normal","Past",2020-11-13,"latent_trend",NA,NA,NA,0.694838139384048,NA,NA,NA,NA
"Utah","status_quo","Past",2020-11-13,"latent_trend",NA,NA,NA,0.694838139384048,NA,NA,NA,NA
"Utah","linear_increase_sd","Past",2020-11-13,"mobility_trend",NA,NA,NA,0.659655766676155,NA,NA,NA,NA
"Utah","return_normal","Past",2020-11-13,"mobility_trend",NA,NA,NA,0.659655766676155,NA,NA,NA,NA
"Utah","status_quo","Past",2020-11-13,"mobility_trend",NA,NA,NA,0.659655766676155,NA,NA,NA,NA
"Utah",NA,"Past",2020-11-14,"actual_cumulative_cases",NA,NA,NA,151141,NA,NA,NA,NA
"Utah",NA,"Past",2020-11-14,"actual_cumulative_deaths",NA,NA,NA,715,NA,NA,NA,NA
"Utah",NA,"Past",2020-11-14,"actual_daily_cases",NA,NA,NA,5352,NA,NA,NA,NA
"Utah",NA,"Past",2020-11-14,"actual_daily_deaths",NA,NA,NA,9,NA,NA,NA,NA
"Utah","linear_increase_sd","Past",2020-11-14,"combined_trend",NA,NA,NA,0.457942298826091,NA,NA,NA,NA
"Utah","return_normal","Past",2020-11-14,"combined_trend",NA,NA,NA,0.457942298826091,NA,NA,NA,NA
"Utah","status_quo","Past",2020-11-14,"combined_trend",NA,NA,NA,0.457942298826091,NA,NA,NA,NA
"Utah","linear_increase_sd","Past",2020-11-14,"cumulative_all_infections",415453,415453,415453,427316,426189,440306,440306,440306
"Utah","return_normal","Past",2020-11-14,"cumulative_all_infections",415453,415453,415453,427316,426189,440306,440306,440306
"Utah","status_quo","Past",2020-11-14,"cumulative_all_infections",415453,415453,415453,427316,426189,440306,440306,440306
"Utah","linear_increase_sd","Past",2020-11-14,"cumulative_cases",137165,137165,137165,140122,139152,144047,144047,144047
"Utah","return_normal","Past",2020-11-14,"cumulative_cases",137165,137165,137165,140122,139152,144047,144047,144047
"Utah","status_quo","Past",2020-11-14,"cumulative_cases",137165,137165,137165,140122,139152,144047,144047,144047
"Utah","linear_increase_sd","Past",2020-11-14,"cumulative_deaths",1081,1081,1081,1089,1091,1093,1093,1093
"Utah","return_normal","Past",2020-11-14,"cumulative_deaths",1081,1081,1081,1089,1091,1093,1093,1093
"Utah","status_quo","Past",2020-11-14,"cumulative_deaths",1081,1081,1081,1089,1091,1093,1093,1093
"Utah","linear_increase_sd","Past",2020-11-14,"cumulative_hosps",14767,14767,14767,15139,15087,15563,15563,15563
"Utah","return_normal","Past",2020-11-14,"cumulative_hosps",14767,14767,14767,15139,15087,15563,15563,15563
"Utah","status_quo","Past",2020-11-14,"cumulative_hosps",14767,14767,14767,15139,15087,15563,15563,15563
"Utah","linear_increase_sd","Past",2020-11-14,"daily_all_infections",6734,6734,6734,7286,7559,7563,7563,7563
"Utah","return_normal","Past",2020-11-14,"daily_all_infections",6734,6734,6734,7286,7559,7563,7563,7563
"Utah","status_quo","Past",2020-11-14,"daily_all_infections",6734,6734,6734,7286,7559,7563,7563,7563
"Utah","linear_increase_sd","Past",2020-11-14,"daily_cases",2561,2561,2561,2618,2632,2661,2661,2661
"Utah","return_normal","Past",2020-11-14,"daily_cases",2561,2561,2561,2618,2632,2661,2661,2661
"Utah","status_quo","Past",2020-11-14,"daily_cases",2561,2561,2561,2618,2632,2661,2661,2661
"Utah","linear_increase_sd","Past",2020-11-14,"daily_deaths",10,10,10,11,11,12,12,12
"Utah","return_normal","Past",2020-11-14,"daily_deaths",10,10,10,11,11,12,12,12
"Utah","status_quo","Past",2020-11-14,"daily_deaths",10,10,10,11,11,12,12,12
"Utah","linear_increase_sd","Past",2020-11-14,"daily_hosps",258,258,258,268,259,285,285,285
"Utah","return_normal","Past",2020-11-14,"daily_hosps",258,258,258,268,259,285,285,285
"Utah","status_quo","Past",2020-11-14,"daily_hosps",258,258,258,268,259,285,285,285
"Utah","linear_increase_sd","Past",2020-11-14,"latent_trend",NA,NA,NA,0.694884786645341,NA,NA,NA,NA
"Utah","return_normal","Past",2020-11-14,"latent_trend",NA,NA,NA,0.694884786645341,NA,NA,NA,NA
"Utah","status_quo","Past",2020-11-14,"latent_trend",NA,NA,NA,0.694884786645341,NA,NA,NA,NA
"Utah","linear_increase_sd","Past",2020-11-14,"mobility_trend",NA,NA,NA,0.65901903110712,NA,NA,NA,NA
"Utah","return_normal","Past",2020-11-14,"mobility_trend",NA,NA,NA,0.65901903110712,NA,NA,NA,NA
"Utah","status_quo","Past",2020-11-14,"mobility_trend",NA,NA,NA,0.65901903110712,NA,NA,NA,NA
"Utah",NA,"Past",2020-11-15,"actual_cumulative_cases",NA,NA,NA,153808,NA,NA,NA,NA
"Utah",NA,"Past",2020-11-15,"actual_cumulative_deaths",NA,NA,NA,723,NA,NA,NA,NA
"Utah",NA,"Past",2020-11-15,"actual_daily_cases",NA,NA,NA,2667,NA,NA,NA,NA
"Utah",NA,"Past",2020-11-15,"actual_daily_deaths",NA,NA,NA,8,NA,NA,NA,NA
"Utah","linear_increase_sd","Past",2020-11-15,"combined_trend",NA,NA,NA,0.457379364118019,NA,NA,NA,NA
"Utah","return_normal","Past",2020-11-15,"combined_trend",NA,NA,NA,0.457379364118019,NA,NA,NA,NA
"Utah","status_quo","Past",2020-11-15,"combined_trend",NA,NA,NA,0.457379364118019,NA,NA,NA,NA
"Utah","linear_increase_sd","Past",2020-11-15,"cumulative_all_infections",422249,422249,422249,434686,433882,447926,447926,447926
"Utah","return_normal","Past",2020-11-15,"cumulative_all_infections",422249,422249,422249,434686,433882,447926,447926,447926
"Utah","status_quo","Past",2020-11-15,"cumulative_all_infections",422249,422249,422249,434686,433882,447926,447926,447926
"Utah","linear_increase_sd","Past",2020-11-15,"cumulative_cases",139491,139491,139491,142669,141797,146718,146718,146718
"Utah","return_normal","Past",2020-11-15,"cumulative_cases",139491,139491,139491,142669,141797,146718,146718,146718
"Utah","status_quo","Past",2020-11-15,"cumulative_cases",139491,139491,139491,142669,141797,146718,146718,146718
"Utah","linear_increase_sd","Past",2020-11-15,"cumulative_deaths",1091,1091,1091,1099,1103,1103,1103,1103
"Utah","return_normal","Past",2020-11-15,"cumulative_deaths",1091,1091,1091,1099,1103,1103,1103,1103
"Utah","status_quo","Past",2020-11-15,"cumulative_deaths",1091,1091,1091,1099,1103,1103,1103,1103
"Utah","linear_increase_sd","Past",2020-11-15,"cumulative_hosps",15034,15034,15034,15414,15354,15853,15853,15853
"Utah","return_normal","Past",2020-11-15,"cumulative_hosps",15034,15034,15034,15414,15354,15853,15853,15853
"Utah","status_quo","Past",2020-11-15,"cumulative_hosps",15034,15034,15034,15414,15354,15853,15853,15853
"Utah","linear_increase_sd","Past",2020-11-15,"daily_all_infections",6796,6796,6796,7370,7620,7693,7693,7693
"Utah","return_normal","Past",2020-11-15,"daily_all_infections",6796,6796,6796,7370,7620,7693,7693,7693
"Utah","status_quo","Past",2020-11-15,"daily_all_infections",6796,6796,6796,7370,7620,7693,7693,7693
"Utah","linear_increase_sd","Past",2020-11-15,"daily_cases",2326,2326,2326,2548,2645,2671,2671,2671
"Utah","return_normal","Past",2020-11-15,"daily_cases",2326,2326,2326,2548,2645,2671,2671,2671
"Utah","status_quo","Past",2020-11-15,"daily_cases",2326,2326,2326,2548,2645,2671,2671,2671
"Utah","linear_increase_sd","Past",2020-11-15,"daily_deaths",10,10,10,11,10,12,12,12
"Utah","return_normal","Past",2020-11-15,"daily_deaths",10,10,10,11,10,12,12,12
"Utah","status_quo","Past",2020-11-15,"daily_deaths",10,10,10,11,10,12,12,12
"Utah","linear_increase_sd","Past",2020-11-15,"daily_hosps",267,267,267,275,267,290,290,290
"Utah","return_normal","Past",2020-11-15,"daily_hosps",267,267,267,275,267,290,290,290
"Utah","status_quo","Past",2020-11-15,"daily_hosps",267,267,267,275,267,290,290,290
"Utah","linear_increase_sd","Past",2020-11-15,"latent_trend",NA,NA,NA,0.694319959280125,NA,NA,NA,NA
"Utah","return_normal","Past",2020-11-15,"latent_trend",NA,NA,NA,0.694319959280125,NA,NA,NA,NA
"Utah","status_quo","Past",2020-11-15,"latent_trend",NA,NA,NA,0.694319959280125,NA,NA,NA,NA
"Utah","linear_increase_sd","Past",2020-11-15,"mobility_trend",NA,NA,NA,0.658744369947585,NA,NA,NA,NA
"Utah","return_normal","Past",2020-11-15,"mobility_trend",NA,NA,NA,0.658744369947585,NA,NA,NA,NA
"Utah","status_quo","Past",2020-11-15,"mobility_trend",NA,NA,NA,0.658744369947585,NA,NA,NA,NA
"Utah",NA,"Past",2020-11-16,"actual_cumulative_cases",NA,NA,NA,155779,NA,NA,NA,NA
"Utah",NA,"Past",2020-11-16,"actual_cumulative_deaths",NA,NA,NA,728,NA,NA,NA,NA
"Utah",NA,"Past",2020-11-16,"actual_daily_cases",NA,NA,NA,1971,NA,NA,NA,NA
"Utah",NA,"Past",2020-11-16,"actual_daily_deaths",NA,NA,NA,5,NA,NA,NA,NA
"Utah","linear_increase_sd","Past",2020-11-16,"combined_trend",NA,NA,NA,0.456637869382541,NA,NA,NA,NA
"Utah","return_normal","Past",2020-11-16,"combined_trend",NA,NA,NA,0.456637869382541,NA,NA,NA,NA
"Utah","status_quo","Past",2020-11-16,"combined_trend",NA,NA,NA,0.456637869382541,NA,NA,NA,NA
"Utah","linear_increase_sd","Past",2020-11-16,"cumulative_all_infections",429147,429147,429147,442165,441716,455631,455631,455631
"Utah","return_normal","Past",2020-11-16,"cumulative_all_infections",429147,429147,429147,442165,441716,455631,455631,455631
"Utah","status_quo","Past",2020-11-16,"cumulative_all_infections",429147,429147,429147,442165,441716,455631,455631,455631
"Utah","linear_increase_sd","Past",2020-11-16,"cumulative_cases",141995,141995,141995,145383,144600,149554,149554,149554
"Utah","return_normal","Past",2020-11-16,"cumulative_cases",141995,141995,141995,145383,144600,149554,149554,149554
"Utah","status_quo","Past",2020-11-16,"cumulative_cases",141995,141995,141995,145383,144600,149554,149554,149554
"Utah","linear_increase_sd","Past",2020-11-16,"cumulative_deaths",1102,1102,1102,1111,1115,1116,1116,1116
"Utah","return_normal","Past",2020-11-16,"cumulative_deaths",1102,1102,1102,1111,1115,1116,1116,1116
"Utah","status_quo","Past",2020-11-16,"cumulative_deaths",1102,1102,1102,1111,1115,1116,1116,1116
"Utah","linear_increase_sd","Past",2020-11-16,"cumulative_hosps",15306,15306,15306,15695,15628,16149,16149,16149
"Utah","return_normal","Past",2020-11-16,"cumulative_hosps",15306,15306,15306,15695,15628,16149,16149,16149
"Utah","status_quo","Past",2020-11-16,"cumulative_hosps",15306,15306,15306,15695,15628,16149,16149,16149
"Utah","linear_increase_sd","Past",2020-11-16,"daily_all_infections",6898,6898,6898,7479,7705,7834,7834,7834
"Utah","return_normal","Past",2020-11-16,"daily_all_infections",6898,6898,6898,7479,7705,7834,7834,7834
"Utah","status_quo","Past",2020-11-16,"daily_all_infections",6898,6898,6898,7479,7705,7834,7834,7834
"Utah","linear_increase_sd","Past",2020-11-16,"daily_cases",2504,2504,2504,2715,2803,2836,2836,2836
"Utah","return_normal","Past",2020-11-16,"daily_cases",2504,2504,2504,2715,2803,2836,2836,2836
"Utah","status_quo","Past",2020-11-16,"daily_cases",2504,2504,2504,2715,2803,2836,2836,2836
"Utah","linear_increase_sd","Past",2020-11-16,"daily_deaths",11,11,11,12,12,13,13,13
"Utah","return_normal","Past",2020-11-16,"daily_deaths",11,11,11,12,12,13,13,13
"Utah","status_quo","Past",2020-11-16,"daily_deaths",11,11,11,12,12,13,13,13
"Utah","linear_increase_sd","Past",2020-11-16,"daily_hosps",272,272,272,281,274,296,296,296
"Utah","return_normal","Past",2020-11-16,"daily_hosps",272,272,272,281,274,296,296,296
"Utah","status_quo","Past",2020-11-16,"daily_hosps",272,272,272,281,274,296,296,296
"Utah","linear_increase_sd","Past",2020-11-16,"latent_trend",NA,NA,NA,0.693133421366282,NA,NA,NA,NA
"Utah","return_normal","Past",2020-11-16,"latent_trend",NA,NA,NA,0.693133421366282,NA,NA,NA,NA
"Utah","status_quo","Past",2020-11-16,"latent_trend",NA,NA,NA,0.693133421366282,NA,NA,NA,NA
"Utah","linear_increase_sd","Past",2020-11-16,"mobility_trend",NA,NA,NA,0.658802267076418,NA,NA,NA,NA
"Utah","return_normal","Past",2020-11-16,"mobility_trend",NA,NA,NA,0.658802267076418,NA,NA,NA,NA
"Utah","status_quo","Past",2020-11-16,"mobility_trend",NA,NA,NA,0.658802267076418,NA,NA,NA,NA
"Utah",NA,"Past",2020-11-17,"actual_cumulative_cases",NA,NA,NA,158957,NA,NA,NA,NA
"Utah",NA,"Past",2020-11-17,"actual_cumulative_deaths",NA,NA,NA,737,NA,NA,NA,NA
"Utah",NA,"Past",2020-11-17,"actual_daily_cases",NA,NA,NA,3178,NA,NA,NA,NA
"Utah",NA,"Past",2020-11-17,"actual_daily_deaths",NA,NA,NA,9,NA,NA,NA,NA
"Utah","linear_increase_sd","Past",2020-11-17,"combined_trend",NA,NA,NA,0.455708752231054,NA,NA,NA,NA
"Utah","return_normal","Past",2020-11-17,"combined_trend",NA,NA,NA,0.455708752231054,NA,NA,NA,NA
"Utah","status_quo","Past",2020-11-17,"combined_trend",NA,NA,NA,0.455708752231054,NA,NA,NA,NA
"Utah","linear_increase_sd","Past",2020-11-17,"cumulative_all_infections",436110,436110,436110,449730,449664,463414,463414,463414
"Utah","return_normal","Past",2020-11-17,"cumulative_all_infections",436110,436110,436110,449730,449664,463414,463414,463414
"Utah","status_quo","Past",2020-11-17,"cumulative_all_infections",436110,436110,436110,449730,449664,463414,463414,463414
"Utah","linear_increase_sd","Past",2020-11-17,"cumulative_cases",144491,144491,144491,147988,147256,152217,152217,152217
"Utah","return_normal","Past",2020-11-17,"cumulative_cases",144491,144491,144491,147988,147256,152217,152217,152217
"Utah","status_quo","Past",2020-11-17,"cumulative_cases",144491,144491,144491,147988,147256,152217,152217,152217
"Utah","linear_increase_sd","Past",2020-11-17,"cumulative_deaths",1113,1113,1113,1123,1127,1127,1127,1127
"Utah","return_normal","Past",2020-11-17,"cumulative_deaths",1113,1113,1113,1123,1127,1127,1127,1127
"Utah","status_quo","Past",2020-11-17,"cumulative_deaths",1113,1113,1113,1123,1127,1127,1127,1127
"Utah","linear_increase_sd","Past",2020-11-17,"cumulative_hosps",15579,15579,15579,15980,15909,16450,16450,16450
"Utah","return_normal","Past",2020-11-17,"cumulative_hosps",15579,15579,15579,15980,15909,16450,16450,16450
"Utah","status_quo","Past",2020-11-17,"cumulative_hosps",15579,15579,15579,15980,15909,16450,16450,16450
"Utah","linear_increase_sd","Past",2020-11-17,"daily_all_infections",6963,6963,6963,7565,7783,7948,7948,7948
"Utah","return_normal","Past",2020-11-17,"daily_all_infections",6963,6963,6963,7565,7783,7948,7948,7948
"Utah","status_quo","Past",2020-11-17,"daily_all_infections",6963,6963,6963,7565,7783,7948,7948,7948
"Utah","linear_increase_sd","Past",2020-11-17,"daily_cases",2496,2496,2496,2605,2656,2663,2663,2663
"Utah","return_normal","Past",2020-11-17,"daily_cases",2496,2496,2496,2605,2656,2663,2663,2663
"Utah","status_quo","Past",2020-11-17,"daily_cases",2496,2496,2496,2605,2656,2663,2663,2663
"Utah","linear_increase_sd","Past",2020-11-17,"daily_deaths",11,11,11,12,11,12,12,12
"Utah","return_normal","Past",2020-11-17,"daily_deaths",11,11,11,12,11,12,12,12
"Utah","status_quo","Past",2020-11-17,"daily_deaths",11,11,11,12,11,12,12,12
"Utah","linear_increase_sd","Past",2020-11-17,"daily_hosps",273,273,273,285,281,301,301,301
"Utah","return_normal","Past",2020-11-17,"daily_hosps",273,273,273,285,281,301,301,301
"Utah","status_quo","Past",2020-11-17,"daily_hosps",273,273,273,285,281,301,301,301
"Utah","linear_increase_sd","Past",2020-11-17,"latent_trend",NA,NA,NA,0.691370127019282,NA,NA,NA,NA
"Utah","return_normal","Past",2020-11-17,"latent_trend",NA,NA,NA,0.691370127019282,NA,NA,NA,NA
"Utah","status_quo","Past",2020-11-17,"latent_trend",NA,NA,NA,0.691370127019282,NA,NA,NA,NA
"Utah","linear_increase_sd","Past",2020-11-17,"mobility_trend",NA,NA,NA,0.659138621154722,NA,NA,NA,NA
"Utah","return_normal","Past",2020-11-17,"mobility_trend",NA,NA,NA,0.659138621154722,NA,NA,NA,NA
"Utah","status_quo","Past",2020-11-17,"mobility_trend",NA,NA,NA,0.659138621154722,NA,NA,NA,NA
"Utah",NA,"Past",2020-11-18,"actual_cumulative_cases",NA,NA,NA,162028,NA,NA,NA,NA
"Utah",NA,"Past",2020-11-18,"actual_cumulative_deaths",NA,NA,NA,745,NA,NA,NA,NA
"Utah",NA,"Past",2020-11-18,"actual_daily_cases",NA,NA,NA,3071,NA,NA,NA,NA
"Utah",NA,"Past",2020-11-18,"actual_daily_deaths",NA,NA,NA,8,NA,NA,NA,NA
"Utah","linear_increase_sd","Past",2020-11-18,"combined_trend",NA,NA,NA,0.454581876741034,NA,NA,NA,NA
"Utah","return_normal","Past",2020-11-18,"combined_trend",NA,NA,NA,0.454581876741034,NA,NA,NA,NA
"Utah","status_quo","Past",2020-11-18,"combined_trend",NA,NA,NA,0.454581876741034,NA,NA,NA,NA
"Utah","linear_increase_sd","Past",2020-11-18,"cumulative_all_infections",443160,443160,443160,457384,457737,471253,471253,471253
"Utah","return_normal","Past",2020-11-18,"cumulative_all_infections",443160,443160,443160,457384,457737,471253,471253,471253
"Utah","status_quo","Past",2020-11-18,"cumulative_all_infections",443160,443160,443160,457384,457737,471253,471253,471253
"Utah","linear_increase_sd","Past",2020-11-18,"cumulative_cases",146945,146945,146945,150723,150093,155131,155131,155131
"Utah","return_normal","Past",2020-11-18,"cumulative_cases",146945,146945,146945,150723,150093,155131,155131,155131
"Utah","status_quo","Past",2020-11-18,"cumulative_cases",146945,146945,146945,150723,150093,155131,155131,155131
"Utah","linear_increase_sd","Past",2020-11-18,"cumulative_deaths",1124,1124,1124,1134,1139,1139,1139,1139
"Utah","return_normal","Past",2020-11-18,"cumulative_deaths",1124,1124,1124,1134,1139,1139,1139,1139
"Utah","status_quo","Past",2020-11-18,"cumulative_deaths",1124,1124,1124,1134,1139,1139,1139,1139
"Utah","linear_increase_sd","Past",2020-11-18,"cumulative_hosps",15856,15856,15856,16268,16194,16753,16753,16753
"Utah","return_normal","Past",2020-11-18,"cumulative_hosps",15856,15856,15856,16268,16194,16753,16753,16753
"Utah","status_quo","Past",2020-11-18,"cumulative_hosps",15856,15856,15856,16268,16194,16753,16753,16753
"Utah","linear_increase_sd","Past",2020-11-18,"daily_all_infections",7050,7050,7050,7654,7839,8073,8073,8073
"Utah","return_normal","Past",2020-11-18,"daily_all_infections",7050,7050,7050,7654,7839,8073,8073,8073
"Utah","status_quo","Past",2020-11-18,"daily_all_infections",7050,7050,7050,7654,7839,8073,8073,8073
"Utah","linear_increase_sd","Past",2020-11-18,"daily_cases",2454,2454,2454,2735,2837,2914,2914,2914
"Utah","return_normal","Past",2020-11-18,"daily_cases",2454,2454,2454,2735,2837,2914,2914,2914
"Utah","status_quo","Past",2020-11-18,"daily_cases",2454,2454,2454,2735,2837,2914,2914,2914
"Utah","linear_increase_sd","Past",2020-11-18,"daily_deaths",11,11,11,12,12,12,12,12
"Utah","return_normal","Past",2020-11-18,"daily_deaths",11,11,11,12,12,12,12,12
"Utah","status_quo","Past",2020-11-18,"daily_deaths",11,11,11,12,12,12,12,12
"Utah","linear_increase_sd","Past",2020-11-18,"daily_hosps",277,277,277,289,285,303,303,303
"Utah","return_normal","Past",2020-11-18,"daily_hosps",277,277,277,289,285,303,303,303
"Utah","status_quo","Past",2020-11-18,"daily_hosps",277,277,277,289,285,303,303,303
"Utah","linear_increase_sd","Past",2020-11-18,"latent_trend",NA,NA,NA,0.689080753590919,NA,NA,NA,NA
"Utah","return_normal","Past",2020-11-18,"latent_trend",NA,NA,NA,0.689080753590919,NA,NA,NA,NA
"Utah","status_quo","Past",2020-11-18,"latent_trend",NA,NA,NA,0.689080753590919,NA,NA,NA,NA
"Utah","linear_increase_sd","Past",2020-11-18,"mobility_trend",NA,NA,NA,0.659693184539155,NA,NA,NA,NA
"Utah","return_normal","Past",2020-11-18,"mobility_trend",NA,NA,NA,0.659693184539155,NA,NA,NA,NA
"Utah","status_quo","Past",2020-11-18,"mobility_trend",NA,NA,NA,0.659693184539155,NA,NA,NA,NA
"Utah",NA,"Past",2020-11-19,"actual_cumulative_cases",NA,NA,NA,165996,NA,NA,NA,NA
"Utah",NA,"Past",2020-11-19,"actual_cumulative_deaths",NA,NA,NA,761,NA,NA,NA,NA
"Utah",NA,"Past",2020-11-19,"actual_daily_cases",NA,NA,NA,3968,NA,NA,NA,NA
"Utah",NA,"Past",2020-11-19,"actual_daily_deaths",NA,NA,NA,16,NA,NA,NA,NA
"Utah","linear_increase_sd","Past",2020-11-19,"combined_trend",NA,NA,NA,0.453246619937356,NA,NA,NA,NA
"Utah","return_normal","Past",2020-11-19,"combined_trend",NA,NA,NA,0.453246619937356,NA,NA,NA,NA
"Utah","status_quo","Past",2020-11-19,"combined_trend",NA,NA,NA,0.453246619937356,NA,NA,NA,NA
"Utah","linear_increase_sd","Past",2020-11-19,"cumulative_all_infections",450275,450275,450275,465102,465896,479133,479133,479133
"Utah","return_normal","Past",2020-11-19,"cumulative_all_infections",450275,450275,450275,465102,465896,479133,479133,479133
"Utah","status_quo","Past",2020-11-19,"cumulative_all_infections",450275,450275,450275,465102,465896,479133,479133,479133
"Utah","linear_increase_sd","Past",2020-11-19,"cumulative_cases",149495,149495,149495,153441,152894,157933,157933,157933
"Utah","return_normal","Past",2020-11-19,"cumulative_cases",149495,149495,149495,153441,152894,157933,157933,157933
"Utah","status_quo","Past",2020-11-19,"cumulative_cases",149495,149495,149495,153441,152894,157933,157933,157933
"Utah","linear_increase_sd","Past",2020-11-19,"cumulative_deaths",1136,1136,1136,1146,1151,1151,1151,1151
"Utah","return_normal","Past",2020-11-19,"cumulative_deaths",1136,1136,1136,1146,1151,1151,1151,1151
"Utah","status_quo","Past",2020-11-19,"cumulative_deaths",1136,1136,1136,1146,1151,1151,1151,1151
"Utah","linear_increase_sd","Past",2020-11-19,"cumulative_hosps",16135,16135,16135,16565,16490,17068,17068,17068
"Utah","return_normal","Past",2020-11-19,"cumulative_hosps",16135,16135,16135,16565,16490,17068,17068,17068
"Utah","status_quo","Past",2020-11-19,"cumulative_hosps",16135,16135,16135,16565,16490,17068,17068,17068
"Utah","linear_increase_sd","Past",2020-11-19,"daily_all_infections",7115,7115,7115,7718,7880,8159,8159,8159
"Utah","return_normal","Past",2020-11-19,"daily_all_infections",7115,7115,7115,7718,7880,8159,8159,8159
"Utah","status_quo","Past",2020-11-19,"daily_all_infections",7115,7115,7115,7718,7880,8159,8159,8159
"Utah","linear_increase_sd","Past",2020-11-19,"daily_cases",2550,2550,2550,2718,2801,2802,2802,2802
"Utah","return_normal","Past",2020-11-19,"daily_cases",2550,2550,2550,2718,2801,2802,2802,2802
"Utah","status_quo","Past",2020-11-19,"daily_cases",2550,2550,2550,2718,2801,2802,2802,2802
"Utah","linear_increase_sd","Past",2020-11-19,"daily_deaths",12,12,12,12,12,12,12,12
"Utah","return_normal","Past",2020-11-19,"daily_deaths",12,12,12,12,12,12,12,12
"Utah","status_quo","Past",2020-11-19,"daily_deaths",12,12,12,12,12,12,12,12
"Utah","linear_increase_sd","Past",2020-11-19,"daily_hosps",279,279,279,297,296,315,315,315
"Utah","return_normal","Past",2020-11-19,"daily_hosps",279,279,279,297,296,315,315,315
"Utah","status_quo","Past",2020-11-19,"daily_hosps",279,279,279,297,296,315,315,315
"Utah","linear_increase_sd","Past",2020-11-19,"latent_trend",NA,NA,NA,0.686315416959724,NA,NA,NA,NA
"Utah","return_normal","Past",2020-11-19,"latent_trend",NA,NA,NA,0.686315416959724,NA,NA,NA,NA
"Utah","status_quo","Past",2020-11-19,"latent_trend",NA,NA,NA,0.686315416959724,NA,NA,NA,NA
"Utah","linear_increase_sd","Past",2020-11-19,"mobility_trend",NA,NA,NA,0.660405709586377,NA,NA,NA,NA
"Utah","return_normal","Past",2020-11-19,"mobility_trend",NA,NA,NA,0.660405709586377,NA,NA,NA,NA
"Utah","status_quo","Past",2020-11-19,"mobility_trend",NA,NA,NA,0.660405709586377,NA,NA,NA,NA
"Utah",NA,"Past",2020-11-20,"actual_cumulative_cases",NA,NA,NA,170584,NA,NA,NA,NA
"Utah",NA,"Past",2020-11-20,"actual_cumulative_deaths",NA,NA,NA,778,NA,NA,NA,NA
"Utah",NA,"Past",2020-11-20,"actual_daily_cases",NA,NA,NA,4588,NA,NA,NA,NA
"Utah",NA,"Past",2020-11-20,"actual_daily_deaths",NA,NA,NA,17,NA,NA,NA,NA
"Utah","linear_increase_sd","Past",2020-11-20,"combined_trend",NA,NA,NA,0.451693074089905,NA,NA,NA,NA
"Utah","return_normal","Past",2020-11-20,"combined_trend",NA,NA,NA,0.451693074089905,NA,NA,NA,NA
"Utah","status_quo","Past",2020-11-20,"combined_trend",NA,NA,NA,0.451693074089905,NA,NA,NA,NA
"Utah","linear_increase_sd","Past",2020-11-20,"cumulative_all_infections",457483,457483,457483,472878,474137,487013,487013,487013
"Utah","return_normal","Past",2020-11-20,"cumulative_all_infections",457483,457483,457483,472878,474137,487013,487013,487013
"Utah","status_quo","Past",2020-11-20,"cumulative_all_infections",457483,457483,457483,472878,474137,487013,487013,487013
"Utah","linear_increase_sd","Past",2020-11-20,"cumulative_cases",152161,152161,152161,156269,155830,160816,160816,160816
"Utah","return_normal","Past",2020-11-20,"cumulative_cases",152161,152161,152161,156269,155830,160816,160816,160816
"Utah","status_quo","Past",2020-11-20,"cumulative_cases",152161,152161,152161,156269,155830,160816,160816,160816
"Utah","linear_increase_sd","Past",2020-11-20,"cumulative_deaths",1149,1149,1149,1159,1162,1166,1166,1166
"Utah","return_normal","Past",2020-11-20,"cumulative_deaths",1149,1149,1149,1159,1162,1166,1166,1166
"Utah","status_quo","Past",2020-11-20,"cumulative_deaths",1149,1149,1149,1159,1162,1166,1166,1166
"Utah","linear_increase_sd","Past",2020-11-20,"cumulative_hosps",16420,16420,16420,16866,16790,17386,17386,17386
"Utah","return_normal","Past",2020-11-20,"cumulative_hosps",16420,16420,16420,16866,16790,17386,17386,17386
"Utah","status_quo","Past",2020-11-20,"cumulative_hosps",16420,16420,16420,16866,16790,17386,17386,17386
"Utah","linear_increase_sd","Past",2020-11-20,"daily_all_infections",7208,7208,7208,7777,7880,8241,8241,8241
"Utah","return_normal","Past",2020-11-20,"daily_all_infections",7208,7208,7208,7777,7880,8241,8241,8241
"Utah","status_quo","Past",2020-11-20,"daily_all_infections",7208,7208,7208,7777,7880,8241,8241,8241
"Utah","linear_increase_sd","Past",2020-11-20,"daily_cases",2666,2666,2666,2829,2883,2936,2936,2936
"Utah","return_normal","Past",2020-11-20,"daily_cases",2666,2666,2666,2829,2883,2936,2936,2936
"Utah","status_quo","Past",2020-11-20,"daily_cases",2666,2666,2666,2829,2883,2936,2936,2936
"Utah","linear_increase_sd","Past",2020-11-20,"daily_deaths",11,11,11,13,13,15,15,15
"Utah","return_normal","Past",2020-11-20,"daily_deaths",11,11,11,13,13,15,15,15
"Utah","status_quo","Past",2020-11-20,"daily_deaths",11,11,11,13,13,15,15,15
"Utah","linear_increase_sd","Past",2020-11-20,"daily_hosps",285,285,285,301,300,318,318,318
"Utah","return_normal","Past",2020-11-20,"daily_hosps",285,285,285,301,300,318,318,318
"Utah","status_quo","Past",2020-11-20,"daily_hosps",285,285,285,301,300,318,318,318
"Utah","linear_increase_sd","Past",2020-11-20,"latent_trend",NA,NA,NA,0.683124197129927,NA,NA,NA,NA
"Utah","return_normal","Past",2020-11-20,"latent_trend",NA,NA,NA,0.683124197129927,NA,NA,NA,NA
"Utah","status_quo","Past",2020-11-20,"latent_trend",NA,NA,NA,0.683124197129927,NA,NA,NA,NA
"Utah","linear_increase_sd","Past",2020-11-20,"mobility_trend",NA,NA,NA,0.661216622083722,NA,NA,NA,NA
"Utah","return_normal","Past",2020-11-20,"mobility_trend",NA,NA,NA,0.661216622083722,NA,NA,NA,NA
"Utah","status_quo","Past",2020-11-20,"mobility_trend",NA,NA,NA,0.661216622083722,NA,NA,NA,NA
"Utah",NA,"Past",2020-11-21,"actual_cumulative_cases",NA,NA,NA,173979,NA,NA,NA,NA
"Utah",NA,"Past",2020-11-21,"actual_cumulative_deaths",NA,NA,NA,792,NA,NA,NA,NA
"Utah",NA,"Past",2020-11-21,"actual_daily_cases",NA,NA,NA,3395,NA,NA,NA,NA
"Utah",NA,"Past",2020-11-21,"actual_daily_deaths",NA,NA,NA,14,NA,NA,NA,NA
"Utah","linear_increase_sd","Past",2020-11-21,"combined_trend",NA,NA,NA,0.449914046263104,NA,NA,NA,NA
"Utah","return_normal","Past",2020-11-21,"combined_trend",NA,NA,NA,0.449914046263104,NA,NA,NA,NA
"Utah","status_quo","Past",2020-11-21,"combined_trend",NA,NA,NA,0.449914046263104,NA,NA,NA,NA
"Utah","linear_increase_sd","Past",2020-11-21,"cumulative_all_infections",464765,464765,464765,480713,482416,494956,494956,494956
"Utah","return_normal","Past",2020-11-21,"cumulative_all_infections",464765,464765,464765,480713,482416,494956,494956,494956
"Utah","status_quo","Past",2020-11-21,"cumulative_all_infections",464765,464765,464765,480713,482416,494956,494956,494956
"Utah","linear_increase_sd","Past",2020-11-21,"cumulative_cases",154611,154611,154611,159001,158781,163610,163610,163610
"Utah","return_normal","Past",2020-11-21,"cumulative_cases",154611,154611,154611,159001,158781,163610,163610,163610
"Utah","status_quo","Past",2020-11-21,"cumulative_cases",154611,154611,154611,159001,158781,163610,163610,163610
"Utah","linear_increase_sd","Past",2020-11-21,"cumulative_deaths",1163,1163,1163,1173,1175,1179,1179,1179
"Utah","return_normal","Past",2020-11-21,"cumulative_deaths",1163,1163,1163,1173,1175,1179,1179,1179
"Utah","status_quo","Past",2020-11-21,"cumulative_deaths",1163,1163,1163,1173,1175,1179,1179,1179
"Utah","linear_increase_sd","Past",2020-11-21,"cumulative_hosps",16710,16710,16710,17174,17099,17711,17711,17711
"Utah","return_normal","Past",2020-11-21,"cumulative_hosps",16710,16710,16710,17174,17099,17711,17711,17711
"Utah","status_quo","Past",2020-11-21,"cumulative_hosps",16710,16710,16710,17174,17099,17711,17711,17711
"Utah","linear_increase_sd","Past",2020-11-21,"daily_all_infections",7282,7282,7282,7835,7943,8279,8279,8279
"Utah","return_normal","Past",2020-11-21,"daily_all_infections",7282,7282,7282,7835,7943,8279,8279,8279
"Utah","status_quo","Past",2020-11-21,"daily_all_infections",7282,7282,7282,7835,7943,8279,8279,8279
"Utah","linear_increase_sd","Past",2020-11-21,"daily_cases",2450,2450,2450,2732,2794,2951,2951,2951
"Utah","return_normal","Past",2020-11-21,"daily_cases",2450,2450,2450,2732,2794,2951,2951,2951
"Utah","status_quo","Past",2020-11-21,"daily_cases",2450,2450,2450,2732,2794,2951,2951,2951
"Utah","linear_increase_sd","Past",2020-11-21,"daily_deaths",13,13,13,14,13,14,14,14
"Utah","return_normal","Past",2020-11-21,"daily_deaths",13,13,13,14,13,14,14,14
"Utah","status_quo","Past",2020-11-21,"daily_deaths",13,13,13,14,13,14,14,14
"Utah","linear_increase_sd","Past",2020-11-21,"daily_hosps",290,290,290,308,309,325,325,325
"Utah","return_normal","Past",2020-11-21,"daily_hosps",290,290,290,308,309,325,325,325
"Utah","status_quo","Past",2020-11-21,"daily_hosps",290,290,290,308,309,325,325,325
"Utah","linear_increase_sd","Past",2020-11-21,"latent_trend",NA,NA,NA,0.679557596011065,NA,NA,NA,NA
"Utah","return_normal","Past",2020-11-21,"latent_trend",NA,NA,NA,0.679557596011065,NA,NA,NA,NA
"Utah","status_quo","Past",2020-11-21,"latent_trend",NA,NA,NA,0.679557596011065,NA,NA,NA,NA
"Utah","linear_increase_sd","Past",2020-11-21,"mobility_trend",NA,NA,NA,0.662069041541223,NA,NA,NA,NA
"Utah","return_normal","Past",2020-11-21,"mobility_trend",NA,NA,NA,0.662069041541223,NA,NA,NA,NA
"Utah","status_quo","Past",2020-11-21,"mobility_trend",NA,NA,NA,0.662069041541223,NA,NA,NA,NA
"Utah",NA,"Past",2020-11-22,"actual_cumulative_cases",NA,NA,NA,177176,NA,NA,NA,NA
"Utah",NA,"Past",2020-11-22,"actual_cumulative_deaths",NA,NA,NA,798,NA,NA,NA,NA
"Utah",NA,"Past",2020-11-22,"actual_daily_cases",NA,NA,NA,3197,NA,NA,NA,NA
"Utah",NA,"Past",2020-11-22,"actual_daily_deaths",NA,NA,NA,6,NA,NA,NA,NA
"Utah","linear_increase_sd","Past",2020-11-22,"combined_trend",NA,NA,NA,0.447904171492558,NA,NA,NA,NA
"Utah","return_normal","Past",2020-11-22,"combined_trend",NA,NA,NA,0.447904171492558,NA,NA,NA,NA
"Utah","status_quo","Past",2020-11-22,"combined_trend",NA,NA,NA,0.447904171492558,NA,NA,NA,NA
"Utah","linear_increase_sd","Past",2020-11-22,"cumulative_all_infections",472135,472135,472135,488595,490746,502902,502902,502902
"Utah","return_normal","Past",2020-11-22,"cumulative_all_infections",472135,472135,472135,488595,490746,502902,502902,502902
"Utah","status_quo","Past",2020-11-22,"cumulative_all_infections",472135,472135,472135,488595,490746,502902,502902,502902
"Utah","linear_increase_sd","Past",2020-11-22,"cumulative_cases",157193,157193,157193,161833,161691,166614,166614,166614
"Utah","return_normal","Past",2020-11-22,"cumulative_cases",157193,157193,157193,161833,161691,166614,166614,166614
"Utah","status_quo","Past",2020-11-22,"cumulative_cases",157193,157193,157193,161833,161691,166614,166614,166614
"Utah","linear_increase_sd","Past",2020-11-22,"cumulative_deaths",1178,1178,1178,1187,1188,1193,1193,1193
"Utah","return_normal","Past",2020-11-22,"cumulative_deaths",1178,1178,1178,1187,1188,1193,1193,1193
"Utah","status_quo","Past",2020-11-22,"cumulative_deaths",1178,1178,1178,1187,1188,1193,1193,1193
"Utah","linear_increase_sd","Past",2020-11-22,"cumulative_hosps",17003,17003,17003,17486,17417,18038,18038,18038
"Utah","return_normal","Past",2020-11-22,"cumulative_hosps",17003,17003,17003,17486,17417,18038,18038,18038
"Utah","status_quo","Past",2020-11-22,"cumulative_hosps",17003,17003,17003,17486,17417,18038,18038,18038
"Utah","linear_increase_sd","Past",2020-11-22,"daily_all_infections",7370,7370,7370,7882,7946,8330,8330,8330
"Utah","return_normal","Past",2020-11-22,"daily_all_infections",7370,7370,7370,7882,7946,8330,8330,8330
"Utah","status_quo","Past",2020-11-22,"daily_all_infections",7370,7370,7370,7882,7946,8330,8330,8330
"Utah","linear_increase_sd","Past",2020-11-22,"daily_cases",2582,2582,2582,2832,2910,3004,3004,3004
"Utah","return_normal","Past",2020-11-22,"daily_cases",2582,2582,2582,2832,2910,3004,3004,3004
"Utah","status_quo","Past",2020-11-22,"daily_cases",2582,2582,2582,2832,2910,3004,3004,3004
"Utah","linear_increase_sd","Past",2020-11-22,"daily_deaths",13,13,13,14,14,15,15,15
"Utah","return_normal","Past",2020-11-22,"daily_deaths",13,13,13,14,14,15,15,15
"Utah","status_quo","Past",2020-11-22,"daily_deaths",13,13,13,14,14,15,15,15
"Utah","linear_increase_sd","Past",2020-11-22,"daily_hosps",293,293,293,313,318,327,327,327
"Utah","return_normal","Past",2020-11-22,"daily_hosps",293,293,293,313,318,327,327,327
"Utah","status_quo","Past",2020-11-22,"daily_hosps",293,293,293,313,318,327,327,327
"Utah","linear_increase_sd","Past",2020-11-22,"latent_trend",NA,NA,NA,0.675666923180473,NA,NA,NA,NA
"Utah","return_normal","Past",2020-11-22,"latent_trend",NA,NA,NA,0.675666923180473,NA,NA,NA,NA
"Utah","status_quo","Past",2020-11-22,"latent_trend",NA,NA,NA,0.675666923180473,NA,NA,NA,NA
"Utah","linear_increase_sd","Past",2020-11-22,"mobility_trend",NA,NA,NA,0.662906760899588,NA,NA,NA,NA
"Utah","return_normal","Past",2020-11-22,"mobility_trend",NA,NA,NA,0.662906760899588,NA,NA,NA,NA
"Utah","status_quo","Past",2020-11-22,"mobility_trend",NA,NA,NA,0.662906760899588,NA,NA,NA,NA
"Utah",NA,"Past",2020-11-23,"actual_cumulative_cases",NA,NA,NA,179420,NA,NA,NA,NA
"Utah",NA,"Past",2020-11-23,"actual_cumulative_deaths",NA,NA,NA,802,NA,NA,NA,NA
"Utah",NA,"Past",2020-11-23,"actual_daily_cases",NA,NA,NA,2244,NA,NA,NA,NA
"Utah",NA,"Past",2020-11-23,"actual_daily_deaths",NA,NA,NA,4,NA,NA,NA,NA
"Utah","linear_increase_sd","Past",2020-11-23,"combined_trend",NA,NA,NA,0.445659861881969,NA,NA,NA,NA
"Utah","return_normal","Past",2020-11-23,"combined_trend",NA,NA,NA,0.445659861881969,NA,NA,NA,NA
"Utah","status_quo","Past",2020-11-23,"combined_trend",NA,NA,NA,0.445659861881969,NA,NA,NA,NA
"Utah","linear_increase_sd","Past",2020-11-23,"cumulative_all_infections",479573,479573,479573,496510,499091,510866,510866,510866
"Utah","return_normal","Past",2020-11-23,"cumulative_all_infections",479573,479573,479573,496510,499091,510866,510866,510866
"Utah","status_quo","Past",2020-11-23,"cumulative_all_infections",479573,479573,479573,496510,499091,510866,510866,510866
"Utah","linear_increase_sd","Past",2020-11-23,"cumulative_cases",159819,159819,159819,164850,164750,169979,169979,169979
"Utah","return_normal","Past",2020-11-23,"cumulative_cases",159819,159819,159819,164850,164750,169979,169979,169979
"Utah","status_quo","Past",2020-11-23,"cumulative_cases",159819,159819,159819,164850,164750,169979,169979,169979
"Utah","linear_increase_sd","Past",2020-11-23,"cumulative_deaths",1190,1190,1190,1200,1201,1208,1208,1208
"Utah","return_normal","Past",2020-11-23,"cumulative_deaths",1190,1190,1190,1200,1201,1208,1208,1208
"Utah","status_quo","Past",2020-11-23,"cumulative_deaths",1190,1190,1190,1200,1201,1208,1208,1208
"Utah","linear_increase_sd","Past",2020-11-23,"cumulative_hosps",17297,17297,17297,17802,17741,18368,18368,18368
"Utah","return_normal","Past",2020-11-23,"cumulative_hosps",17297,17297,17297,17802,17741,18368,18368,18368
"Utah","status_quo","Past",2020-11-23,"cumulative_hosps",17297,17297,17297,17802,17741,18368,18368,18368
"Utah","linear_increase_sd","Past",2020-11-23,"daily_all_infections",7438,7438,7438,7916,7964,8345,8345,8345
"Utah","return_normal","Past",2020-11-23,"daily_all_infections",7438,7438,7438,7916,7964,8345,8345,8345
"Utah","status_quo","Past",2020-11-23,"daily_all_infections",7438,7438,7438,7916,7964,8345,8345,8345
"Utah","linear_increase_sd","Past",2020-11-23,"daily_cases",2626,2626,2626,3017,3059,3365,3365,3365
"Utah","return_normal","Past",2020-11-23,"daily_cases",2626,2626,2626,3017,3059,3365,3365,3365
"Utah","status_quo","Past",2020-11-23,"daily_cases",2626,2626,2626,3017,3059,3365,3365,3365
"Utah","linear_increase_sd","Past",2020-11-23,"daily_deaths",12,12,12,14,13,15,15,15
"Utah","return_normal","Past",2020-11-23,"daily_deaths",12,12,12,14,13,15,15,15
"Utah","status_quo","Past",2020-11-23,"daily_deaths",12,12,12,14,13,15,15,15
"Utah","linear_increase_sd","Past",2020-11-23,"daily_hosps",294,294,294,316,324,330,330,330
"Utah","return_normal","Past",2020-11-23,"daily_hosps",294,294,294,316,324,330,330,330
"Utah","status_quo","Past",2020-11-23,"daily_hosps",294,294,294,316,324,330,330,330
"Utah","linear_increase_sd","Past",2020-11-23,"latent_trend",NA,NA,NA,0.671504607002241,NA,NA,NA,NA
"Utah","return_normal","Past",2020-11-23,"latent_trend",NA,NA,NA,0.671504607002241,NA,NA,NA,NA
"Utah","status_quo","Past",2020-11-23,"latent_trend",NA,NA,NA,0.671504607002241,NA,NA,NA,NA
"Utah","linear_increase_sd","Past",2020-11-23,"mobility_trend",NA,NA,NA,0.663673573099523,NA,NA,NA,NA
"Utah","return_normal","Past",2020-11-23,"mobility_trend",NA,NA,NA,0.663673573099523,NA,NA,NA,NA
"Utah","status_quo","Past",2020-11-23,"mobility_trend",NA,NA,NA,0.663673573099523,NA,NA,NA,NA
"Utah",NA,"Past",2020-11-24,"actual_cumulative_cases",NA,NA,NA,182121,NA,NA,NA,NA
"Utah",NA,"Past",2020-11-24,"actual_cumulative_deaths",NA,NA,NA,813,NA,NA,NA,NA
"Utah",NA,"Past",2020-11-24,"actual_daily_cases",NA,NA,NA,2701,NA,NA,NA,NA
"Utah",NA,"Past",2020-11-24,"actual_daily_deaths",NA,NA,NA,11,NA,NA,NA,NA
"Utah","linear_increase_sd","Past",2020-11-24,"combined_trend",NA,NA,NA,0.443184548361983,NA,NA,NA,NA
"Utah","return_normal","Past",2020-11-24,"combined_trend",NA,NA,NA,0.443184548361983,NA,NA,NA,NA
"Utah","status_quo","Past",2020-11-24,"combined_trend",NA,NA,NA,0.443184548361983,NA,NA,NA,NA
"Utah","linear_increase_sd","Past",2020-11-24,"cumulative_all_infections",487072,487072,487072,504449,507428,518846,518846,518846
"Utah","return_normal","Past",2020-11-24,"cumulative_all_infections",487072,487072,487072,504449,507428,518846,518846,518846
"Utah","status_quo","Past",2020-11-24,"cumulative_all_infections",487072,487072,487072,504449,507428,518846,518846,518846
"Utah","linear_increase_sd","Past",2020-11-24,"cumulative_cases",162613,162613,162613,167894,167820,173247,173247,173247
"Utah","return_normal","Past",2020-11-24,"cumulative_cases",162613,162613,162613,167894,167820,173247,173247,173247
"Utah","status_quo","Past",2020-11-24,"cumulative_cases",162613,162613,162613,167894,167820,173247,173247,173247
"Utah","linear_increase_sd","Past",2020-11-24,"cumulative_deaths",1203,1203,1203,1213,1213,1222,1222,1222
"Utah","return_normal","Past",2020-11-24,"cumulative_deaths",1203,1203,1203,1213,1213,1222,1222,1222
"Utah","status_quo","Past",2020-11-24,"cumulative_deaths",1203,1203,1203,1213,1213,1222,1222,1222
"Utah","linear_increase_sd","Past",2020-11-24,"cumulative_hosps",17595,17595,17595,18123,18073,18700,18700,18700
"Utah","return_normal","Past",2020-11-24,"cumulative_hosps",17595,17595,17595,18123,18073,18700,18700,18700
"Utah","status_quo","Past",2020-11-24,"cumulative_hosps",17595,17595,17595,18123,18073,18700,18700,18700
"Utah","linear_increase_sd","Past",2020-11-24,"daily_all_infections",7499,7499,7499,7939,7980,8337,8337,8337
"Utah","return_normal","Past",2020-11-24,"daily_all_infections",7499,7499,7499,7939,7980,8337,8337,8337
"Utah","status_quo","Past",2020-11-24,"daily_all_infections",7499,7499,7499,7939,7980,8337,8337,8337
"Utah","linear_increase_sd","Past",2020-11-24,"daily_cases",2794,2794,2794,3044,3070,3268,3268,3268
"Utah","return_normal","Past",2020-11-24,"daily_cases",2794,2794,2794,3044,3070,3268,3268,3268
"Utah","status_quo","Past",2020-11-24,"daily_cases",2794,2794,2794,3044,3070,3268,3268,3268
"Utah","linear_increase_sd","Past",2020-11-24,"daily_deaths",12,12,12,13,13,14,14,14
"Utah","return_normal","Past",2020-11-24,"daily_deaths",12,12,12,13,13,14,14,14
"Utah","status_quo","Past",2020-11-24,"daily_deaths",12,12,12,13,13,14,14,14
"Utah","linear_increase_sd","Past",2020-11-24,"daily_hosps",298,298,298,321,332,332,332,332
"Utah","return_normal","Past",2020-11-24,"daily_hosps",298,298,298,321,332,332,332,332
"Utah","status_quo","Past",2020-11-24,"daily_hosps",298,298,298,321,332,332,332,332
"Utah","linear_increase_sd","Past",2020-11-24,"latent_trend",NA,NA,NA,0.667124430055241,NA,NA,NA,NA
"Utah","return_normal","Past",2020-11-24,"latent_trend",NA,NA,NA,0.667124430055241,NA,NA,NA,NA
"Utah","status_quo","Past",2020-11-24,"latent_trend",NA,NA,NA,0.667124430055241,NA,NA,NA,NA
"Utah","linear_increase_sd","Past",2020-11-24,"mobility_trend",NA,NA,NA,0.664320670021462,NA,NA,NA,NA
"Utah","return_normal","Past",2020-11-24,"mobility_trend",NA,NA,NA,0.664320670021462,NA,NA,NA,NA
"Utah","status_quo","Past",2020-11-24,"mobility_trend",NA,NA,NA,0.664320670021462,NA,NA,NA,NA
"Utah",NA,"Past",2020-11-25,"actual_cumulative_cases",NA,NA,NA,183902,NA,NA,NA,NA
"Utah",NA,"Past",2020-11-25,"actual_cumulative_deaths",NA,NA,NA,839,NA,NA,NA,NA
"Utah",NA,"Past",2020-11-25,"actual_daily_cases",NA,NA,NA,1781,NA,NA,NA,NA
"Utah",NA,"Past",2020-11-25,"actual_daily_deaths",NA,NA,NA,26,NA,NA,NA,NA
"Utah","linear_increase_sd","Past",2020-11-25,"combined_trend",NA,NA,NA,0.440503415550963,NA,NA,NA,NA
"Utah","return_normal","Past",2020-11-25,"combined_trend",NA,NA,NA,0.440503415550963,NA,NA,NA,NA
"Utah","status_quo","Past",2020-11-25,"combined_trend",NA,NA,NA,0.440503415550963,NA,NA,NA,NA
"Utah","linear_increase_sd","Past",2020-11-25,"cumulative_all_infections",494638,494638,494638,512394,515740,526804,526804,526804
"Utah","return_normal","Past",2020-11-25,"cumulative_all_infections",494638,494638,494638,512394,515740,526804,526804,526804
"Utah","status_quo","Past",2020-11-25,"cumulative_all_infections",494638,494638,494638,512394,515740,526804,526804,526804
"Utah","linear_increase_sd","Past",2020-11-25,"cumulative_cases",165450,165450,165450,170822,170805,176209,176209,176209
"Utah","return_normal","Past",2020-11-25,"cumulative_cases",165450,165450,165450,170822,170805,176209,176209,176209
"Utah","status_quo","Past",2020-11-25,"cumulative_cases",165450,165450,165450,170822,170805,176209,176209,176209
"Utah","linear_increase_sd","Past",2020-11-25,"cumulative_deaths",1216,1216,1216,1226,1225,1237,1237,1237
"Utah","return_normal","Past",2020-11-25,"cumulative_deaths",1216,1216,1216,1226,1225,1237,1237,1237
"Utah","status_quo","Past",2020-11-25,"cumulative_deaths",1216,1216,1216,1226,1225,1237,1237,1237
"Utah","linear_increase_sd","Past",2020-11-25,"cumulative_hosps",17900,17900,17900,18451,18413,19038,19038,19038
"Utah","return_normal","Past",2020-11-25,"cumulative_hosps",17900,17900,17900,18451,18413,19038,19038,19038
"Utah","status_quo","Past",2020-11-25,"cumulative_hosps",17900,17900,17900,18451,18413,19038,19038,19038
"Utah","linear_increase_sd","Past",2020-11-25,"daily_all_infections",7566,7566,7566,7946,7958,8312,8312,8312
"Utah","return_normal","Past",2020-11-25,"daily_all_infections",7566,7566,7566,7946,7958,8312,8312,8312
"Utah","status_quo","Past",2020-11-25,"daily_all_infections",7566,7566,7566,7946,7958,8312,8312,8312
"Utah","linear_increase_sd","Past",2020-11-25,"daily_cases",2837,2837,2837,2928,2962,2985,2985,2985
"Utah","return_normal","Past",2020-11-25,"daily_cases",2837,2837,2837,2928,2962,2985,2985,2985
"Utah","status_quo","Past",2020-11-25,"daily_cases",2837,2837,2837,2928,2962,2985,2985,2985
"Utah","linear_increase_sd","Past",2020-11-25,"daily_deaths",12,12,12,14,13,15,15,15
"Utah","return_normal","Past",2020-11-25,"daily_deaths",12,12,12,14,13,15,15,15
"Utah","status_quo","Past",2020-11-25,"daily_deaths",12,12,12,14,13,15,15,15
"Utah","linear_increase_sd","Past",2020-11-25,"daily_hosps",305,305,305,328,338,340,340,340
"Utah","return_normal","Past",2020-11-25,"daily_hosps",305,305,305,328,338,340,340,340
"Utah","status_quo","Past",2020-11-25,"daily_hosps",305,305,305,328,338,340,340,340
"Utah","linear_increase_sd","Past",2020-11-25,"latent_trend",NA,NA,NA,0.662581689464063,NA,NA,NA,NA
"Utah","return_normal","Past",2020-11-25,"latent_trend",NA,NA,NA,0.662581689464063,NA,NA,NA,NA
"Utah","status_quo","Past",2020-11-25,"latent_trend",NA,NA,NA,0.662581689464063,NA,NA,NA,NA
"Utah","linear_increase_sd","Past",2020-11-25,"mobility_trend",NA,NA,NA,0.664828839304734,NA,NA,NA,NA
"Utah","return_normal","Past",2020-11-25,"mobility_trend",NA,NA,NA,0.664828839304734,NA,NA,NA,NA
"Utah","status_quo","Past",2020-11-25,"mobility_trend",NA,NA,NA,0.664828839304734,NA,NA,NA,NA
"Utah",NA,"Past",2020-11-26,"actual_cumulative_cases",NA,NA,NA,183902,NA,NA,NA,NA
"Utah",NA,"Past",2020-11-26,"actual_cumulative_deaths",NA,NA,NA,839,NA,NA,NA,NA
"Utah",NA,"Past",2020-11-26,"actual_daily_cases",NA,NA,NA,0,NA,NA,NA,NA
"Utah",NA,"Past",2020-11-26,"actual_daily_deaths",NA,NA,NA,0,NA,NA,NA,NA
"Utah","linear_increase_sd","Past",2020-11-26,"combined_trend",NA,NA,NA,0.437648185751083,NA,NA,NA,NA
"Utah","return_normal","Past",2020-11-26,"combined_trend",NA,NA,NA,0.437648185751083,NA,NA,NA,NA
"Utah","status_quo","Past",2020-11-26,"combined_trend",NA,NA,NA,0.437648185751083,NA,NA,NA,NA
"Utah","linear_increase_sd","Past",2020-11-26,"cumulative_all_infections",502269,502269,502269,520335,524010,534726,534726,534726
"Utah","return_normal","Past",2020-11-26,"cumulative_all_infections",502269,502269,502269,520335,524010,534726,534726,534726
"Utah","status_quo","Past",2020-11-26,"cumulative_all_infections",502269,502269,502269,520335,524010,534726,534726,534726
"Utah","linear_increase_sd","Past",2020-11-26,"cumulative_cases",168126,168126,168126,173617,173590,179135,179135,179135
"Utah","return_normal","Past",2020-11-26,"cumulative_cases",168126,168126,168126,173617,173590,179135,179135,179135
"Utah","status_quo","Past",2020-11-26,"cumulative_cases",168126,168126,168126,173617,173590,179135,179135,179135
"Utah","linear_increase_sd","Past",2020-11-26,"cumulative_deaths",1230,1230,1230,1240,1238,1251,1251,1251
"Utah","return_normal","Past",2020-11-26,"cumulative_deaths",1230,1230,1230,1240,1238,1251,1251,1251
"Utah","status_quo","Past",2020-11-26,"cumulative_deaths",1230,1230,1230,1240,1238,1251,1251,1251
"Utah","linear_increase_sd","Past",2020-11-26,"cumulative_hosps",18206,18206,18206,18781,18755,19380,19380,19380
"Utah","return_normal","Past",2020-11-26,"cumulative_hosps",18206,18206,18206,18781,18755,19380,19380,19380
"Utah","status_quo","Past",2020-11-26,"cumulative_hosps",18206,18206,18206,18781,18755,19380,19380,19380
"Utah","linear_increase_sd","Past",2020-11-26,"daily_all_infections",7631,7631,7631,7941,7922,8270,8270,8270
"Utah","return_normal","Past",2020-11-26,"daily_all_infections",7631,7631,7631,7941,7922,8270,8270,8270
"Utah","status_quo","Past",2020-11-26,"daily_all_infections",7631,7631,7631,7941,7922,8270,8270,8270
"Utah","linear_increase_sd","Past",2020-11-26,"daily_cases",2676,2676,2676,2796,2785,2926,2926,2926
"Utah","return_normal","Past",2020-11-26,"daily_cases",2676,2676,2676,2796,2785,2926,2926,2926
"Utah","status_quo","Past",2020-11-26,"daily_cases",2676,2676,2676,2796,2785,2926,2926,2926
"Utah","linear_increase_sd","Past",2020-11-26,"daily_deaths",13,13,13,14,14,14,14,14
"Utah","return_normal","Past",2020-11-26,"daily_deaths",13,13,13,14,14,14,14,14
"Utah","status_quo","Past",2020-11-26,"daily_deaths",13,13,13,14,14,14,14,14
"Utah","linear_increase_sd","Past",2020-11-26,"daily_hosps",306,306,306,330,342,342,342,342
"Utah","return_normal","Past",2020-11-26,"daily_hosps",306,306,306,330,342,342,342,342
"Utah","status_quo","Past",2020-11-26,"daily_hosps",306,306,306,330,342,342,342,342
"Utah","linear_increase_sd","Past",2020-11-26,"latent_trend",NA,NA,NA,0.657933284427583,NA,NA,NA,NA
"Utah","return_normal","Past",2020-11-26,"latent_trend",NA,NA,NA,0.657933284427583,NA,NA,NA,NA
"Utah","status_quo","Past",2020-11-26,"latent_trend",NA,NA,NA,0.657933284427583,NA,NA,NA,NA
"Utah","linear_increase_sd","Past",2020-11-26,"mobility_trend",NA,NA,NA,0.665186267528396,NA,NA,NA,NA
"Utah","return_normal","Past",2020-11-26,"mobility_trend",NA,NA,NA,0.665186267528396,NA,NA,NA,NA
"Utah","status_quo","Past",2020-11-26,"mobility_trend",NA,NA,NA,0.665186267528396,NA,NA,NA,NA
"Utah",NA,"Past",2020-11-27,"actual_cumulative_cases",NA,NA,NA,190044,NA,NA,NA,NA
"Utah",NA,"Past",2020-11-27,"actual_cumulative_deaths",NA,NA,NA,854,NA,NA,NA,NA
"Utah",NA,"Past",2020-11-27,"actual_daily_cases",NA,NA,NA,6142,NA,NA,NA,NA
"Utah",NA,"Past",2020-11-27,"actual_daily_deaths",NA,NA,NA,15,NA,NA,NA,NA
"Utah","linear_increase_sd","Past",2020-11-27,"combined_trend",NA,NA,NA,0.434652069602103,NA,NA,NA,NA
"Utah","return_normal","Past",2020-11-27,"combined_trend",NA,NA,NA,0.434652069602103,NA,NA,NA,NA
"Utah","status_quo","Past",2020-11-27,"combined_trend",NA,NA,NA,0.434652069602103,NA,NA,NA,NA
"Utah","linear_increase_sd","Past",2020-11-27,"cumulative_all_infections",509942,509942,509942,528249,532197,542608,542608,542608
"Utah","return_normal","Past",2020-11-27,"cumulative_all_infections",509942,509942,509942,528249,532197,542608,542608,542608
"Utah","status_quo","Past",2020-11-27,"cumulative_all_infections",509942,509942,509942,528249,532197,542608,542608,542608
"Utah","linear_increase_sd","Past",2020-11-27,"cumulative_cases",170826,170826,170826,176630,176840,182224,182224,182224
"Utah","return_normal","Past",2020-11-27,"cumulative_cases",170826,170826,170826,176630,176840,182224,182224,182224
"Utah","status_quo","Past",2020-11-27,"cumulative_cases",170826,170826,170826,176630,176840,182224,182224,182224
"Utah","linear_increase_sd","Past",2020-11-27,"cumulative_deaths",1244,1244,1244,1255,1252,1267,1267,1267
"Utah","return_normal","Past",2020-11-27,"cumulative_deaths",1244,1244,1244,1255,1252,1267,1267,1267
"Utah","status_quo","Past",2020-11-27,"cumulative_deaths",1244,1244,1244,1255,1252,1267,1267,1267
"Utah","linear_increase_sd","Past",2020-11-27,"cumulative_hosps",18515,18515,18515,19116,19104,19728,19728,19728
"Utah","return_normal","Past",2020-11-27,"cumulative_hosps",18515,18515,18515,19116,19104,19728,19728,19728
"Utah","status_quo","Past",2020-11-27,"cumulative_hosps",18515,18515,18515,19116,19104,19728,19728,19728
"Utah","linear_increase_sd","Past",2020-11-27,"daily_all_infections",7673,7673,7673,7914,7882,8187,8187,8187
"Utah","return_normal","Past",2020-11-27,"daily_all_infections",7673,7673,7673,7914,7882,8187,8187,8187
"Utah","status_quo","Past",2020-11-27,"daily_all_infections",7673,7673,7673,7914,7882,8187,8187,8187
"Utah","linear_increase_sd","Past",2020-11-27,"daily_cases",2700,2700,2700,3013,3089,3250,3250,3250
"Utah","return_normal","Past",2020-11-27,"daily_cases",2700,2700,2700,3013,3089,3250,3250,3250
"Utah","status_quo","Past",2020-11-27,"daily_cases",2700,2700,2700,3013,3089,3250,3250,3250
"Utah","linear_increase_sd","Past",2020-11-27,"daily_deaths",14,14,14,15,14,16,16,16
"Utah","return_normal","Past",2020-11-27,"daily_deaths",14,14,14,15,14,16,16,16
"Utah","status_quo","Past",2020-11-27,"daily_deaths",14,14,14,15,14,16,16,16
"Utah","linear_increase_sd","Past",2020-11-27,"daily_hosps",309,309,309,336,348,349,349,349
"Utah","return_normal","Past",2020-11-27,"daily_hosps",309,309,309,336,348,349,349,349
"Utah","status_quo","Past",2020-11-27,"daily_hosps",309,309,309,336,348,349,349,349
"Utah","linear_increase_sd","Past",2020-11-27,"latent_trend",NA,NA,NA,0.653237734949187,NA,NA,NA,NA
"Utah","return_normal","Past",2020-11-27,"latent_trend",NA,NA,NA,0.653237734949187,NA,NA,NA,NA
"Utah","status_quo","Past",2020-11-27,"latent_trend",NA,NA,NA,0.653237734949187,NA,NA,NA,NA
"Utah","linear_increase_sd","Past",2020-11-27,"mobility_trend",NA,NA,NA,0.665381141271504,NA,NA,NA,NA
"Utah","return_normal","Past",2020-11-27,"mobility_trend",NA,NA,NA,0.665381141271504,NA,NA,NA,NA
"Utah","status_quo","Past",2020-11-27,"mobility_trend",NA,NA,NA,0.665381141271504,NA,NA,NA,NA
"Utah",NA,"Past",2020-11-28,"actual_cumulative_cases",NA,NA,NA,192087,NA,NA,NA,NA
"Utah",NA,"Past",2020-11-28,"actual_cumulative_deaths",NA,NA,NA,868,NA,NA,NA,NA
"Utah",NA,"Past",2020-11-28,"actual_daily_cases",NA,NA,NA,2043,NA,NA,NA,NA
"Utah",NA,"Past",2020-11-28,"actual_daily_deaths",NA,NA,NA,14,NA,NA,NA,NA
"Utah","linear_increase_sd","Past",2020-11-28,"combined_trend",NA,NA,NA,0.431551629957874,NA,NA,NA,NA
"Utah","return_normal","Past",2020-11-28,"combined_trend",NA,NA,NA,0.431551629957874,NA,NA,NA,NA
"Utah","status_quo","Past",2020-11-28,"combined_trend",NA,NA,NA,0.431551629957874,NA,NA,NA,NA
"Utah","linear_increase_sd","Past",2020-11-28,"cumulative_all_infections",517678,517678,517678,536137,540287,550444,550444,550444
"Utah","return_normal","Past",2020-11-28,"cumulative_all_infections",517678,517678,517678,536137,540287,550444,550444,550444
"Utah","status_quo","Past",2020-11-28,"cumulative_all_infections",517678,517678,517678,536137,540287,550444,550444,550444
"Utah","linear_increase_sd","Past",2020-11-28,"cumulative_cases",173604,173604,173604,179682,180301,185141,185141,185141
"Utah","return_normal","Past",2020-11-28,"cumulative_cases",173604,173604,173604,179682,180301,185141,185141,185141
"Utah","status_quo","Past",2020-11-28,"cumulative_cases",173604,173604,173604,179682,180301,185141,185141,185141
"Utah","linear_increase_sd","Past",2020-11-28,"cumulative_deaths",1258,1258,1258,1269,1265,1282,1282,1282
"Utah","return_normal","Past",2020-11-28,"cumulative_deaths",1258,1258,1258,1269,1265,1282,1282,1282
"Utah","status_quo","Past",2020-11-28,"cumulative_deaths",1258,1258,1258,1269,1265,1282,1282,1282
"Utah","linear_increase_sd","Past",2020-11-28,"cumulative_hosps",18831,18831,18831,19455,19458,20076,20076,20076
"Utah","return_normal","Past",2020-11-28,"cumulative_hosps",18831,18831,18831,19455,19458,20076,20076,20076
"Utah","status_quo","Past",2020-11-28,"cumulative_hosps",18831,18831,18831,19455,19458,20076,20076,20076
"Utah","linear_increase_sd","Past",2020-11-28,"daily_all_infections",7736,7736,7736,7888,7836,8090,8090,8090
"Utah","return_normal","Past",2020-11-28,"daily_all_infections",7736,7736,7736,7888,7836,8090,8090,8090
"Utah","status_quo","Past",2020-11-28,"daily_all_infections",7736,7736,7736,7888,7836,8090,8090,8090
"Utah","linear_increase_sd","Past",2020-11-28,"daily_cases",2778,2778,2778,3052,2917,3461,3461,3461
"Utah","return_normal","Past",2020-11-28,"daily_cases",2778,2778,2778,3052,2917,3461,3461,3461
"Utah","status_quo","Past",2020-11-28,"daily_cases",2778,2778,2778,3052,2917,3461,3461,3461
"Utah","linear_increase_sd","Past",2020-11-28,"daily_deaths",13,13,13,14,14,15,15,15
"Utah","return_normal","Past",2020-11-28,"daily_deaths",13,13,13,14,14,15,15,15
"Utah","status_quo","Past",2020-11-28,"daily_deaths",13,13,13,14,14,15,15,15
"Utah","linear_increase_sd","Past",2020-11-28,"daily_hosps",316,316,316,340,348,354,354,354
"Utah","return_normal","Past",2020-11-28,"daily_hosps",316,316,316,340,348,354,354,354
"Utah","status_quo","Past",2020-11-28,"daily_hosps",316,316,316,340,348,354,354,354
"Utah","linear_increase_sd","Past",2020-11-28,"latent_trend",NA,NA,NA,0.648555137400539,NA,NA,NA,NA
"Utah","return_normal","Past",2020-11-28,"latent_trend",NA,NA,NA,0.648555137400539,NA,NA,NA,NA
"Utah","status_quo","Past",2020-11-28,"latent_trend",NA,NA,NA,0.648555137400539,NA,NA,NA,NA
"Utah","linear_increase_sd","Past",2020-11-28,"mobility_trend",NA,NA,NA,0.665404689703897,NA,NA,NA,NA
"Utah","return_normal","Past",2020-11-28,"mobility_trend",NA,NA,NA,0.665404689703897,NA,NA,NA,NA
"Utah","status_quo","Past",2020-11-28,"mobility_trend",NA,NA,NA,0.665404689703897,NA,NA,NA,NA
"Utah",NA,"Past",2020-11-29,"actual_cumulative_cases",NA,NA,NA,193809,NA,NA,NA,NA
"Utah",NA,"Past",2020-11-29,"actual_cumulative_deaths",NA,NA,NA,873,NA,NA,NA,NA
"Utah",NA,"Past",2020-11-29,"actual_daily_cases",NA,NA,NA,1722,NA,NA,NA,NA
"Utah",NA,"Past",2020-11-29,"actual_daily_deaths",NA,NA,NA,5,NA,NA,NA,NA
"Utah","linear_increase_sd","Past",2020-11-29,"combined_trend",NA,NA,NA,0.428392424925393,NA,NA,NA,NA
"Utah","return_normal","Past",2020-11-29,"combined_trend",NA,NA,NA,0.428392424925393,NA,NA,NA,NA
"Utah","status_quo","Past",2020-11-29,"combined_trend",NA,NA,NA,0.428392424925393,NA,NA,NA,NA
"Utah","linear_increase_sd","Past",2020-11-29,"cumulative_all_infections",525459,525459,525459,543982,548269,558216,558216,558216
"Utah","return_normal","Past",2020-11-29,"cumulative_all_infections",525459,525459,525459,543982,548269,558216,558216,558216
"Utah","status_quo","Past",2020-11-29,"cumulative_all_infections",525459,525459,525459,543982,548269,558216,558216,558216
"Utah","linear_increase_sd","Past",2020-11-29,"cumulative_cases",176486,176486,176486,182799,183708,188201,188201,188201
"Utah","return_normal","Past",2020-11-29,"cumulative_cases",176486,176486,176486,182799,183708,188201,188201,188201
"Utah","status_quo","Past",2020-11-29,"cumulative_cases",176486,176486,176486,182799,183708,188201,188201,188201
"Utah","linear_increase_sd","Past",2020-11-29,"cumulative_deaths",1275,1275,1275,1284,1280,1297,1297,1297
"Utah","return_normal","Past",2020-11-29,"cumulative_deaths",1275,1275,1275,1284,1280,1297,1297,1297
"Utah","status_quo","Past",2020-11-29,"cumulative_deaths",1275,1275,1275,1284,1280,1297,1297,1297
"Utah","linear_increase_sd","Past",2020-11-29,"cumulative_hosps",19148,19148,19148,19798,19816,20429,20429,20429
"Utah","return_normal","Past",2020-11-29,"cumulative_hosps",19148,19148,19148,19798,19816,20429,20429,20429
"Utah","status_quo","Past",2020-11-29,"cumulative_hosps",19148,19148,19148,19798,19816,20429,20429,20429
"Utah","linear_increase_sd","Past",2020-11-29,"daily_all_infections",7772,7772,7772,7845,7781,7982,7982,7982
"Utah","return_normal","Past",2020-11-29,"daily_all_infections",7772,7772,7772,7845,7781,7982,7982,7982
"Utah","status_quo","Past",2020-11-29,"daily_all_infections",7772,7772,7772,7845,7781,7982,7982,7982
"Utah","linear_increase_sd","Past",2020-11-29,"daily_cases",2882,2882,2882,3117,3060,3407,3407,3407
"Utah","return_normal","Past",2020-11-29,"daily_cases",2882,2882,2882,3117,3060,3407,3407,3407
"Utah","status_quo","Past",2020-11-29,"daily_cases",2882,2882,2882,3117,3060,3407,3407,3407
"Utah","linear_increase_sd","Past",2020-11-29,"daily_deaths",15,15,15,16,15,17,17,17
"Utah","return_normal","Past",2020-11-29,"daily_deaths",15,15,15,16,15,17,17,17
"Utah","status_quo","Past",2020-11-29,"daily_deaths",15,15,15,16,15,17,17,17
"Utah","linear_increase_sd","Past",2020-11-29,"daily_hosps",317,317,317,343,353,358,358,358
"Utah","return_normal","Past",2020-11-29,"daily_hosps",317,317,317,343,353,358,358,358
"Utah","status_quo","Past",2020-11-29,"daily_hosps",317,317,317,343,353,358,358,358
"Utah","linear_increase_sd","Past",2020-11-29,"latent_trend",NA,NA,NA,0.643947063979537,NA,NA,NA,NA
"Utah","return_normal","Past",2020-11-29,"latent_trend",NA,NA,NA,0.643947063979537,NA,NA,NA,NA
"Utah","status_quo","Past",2020-11-29,"latent_trend",NA,NA,NA,0.643947063979537,NA,NA,NA,NA
"Utah","linear_increase_sd","Past",2020-11-29,"mobility_trend",NA,NA,NA,0.665260312358542,NA,NA,NA,NA
"Utah","return_normal","Past",2020-11-29,"mobility_trend",NA,NA,NA,0.665260312358542,NA,NA,NA,NA
"Utah","status_quo","Past",2020-11-29,"mobility_trend",NA,NA,NA,0.665260312358542,NA,NA,NA,NA
"Utah",NA,"Past",2020-11-30,"actual_cumulative_cases",NA,NA,NA,195706,NA,NA,NA,NA
"Utah",NA,"Past",2020-11-30,"actual_cumulative_deaths",NA,NA,NA,876,NA,NA,NA,NA
"Utah",NA,"Past",2020-11-30,"actual_daily_cases",NA,NA,NA,1897,NA,NA,NA,NA
"Utah",NA,"Past",2020-11-30,"actual_daily_deaths",NA,NA,NA,3,NA,NA,NA,NA
"Utah","linear_increase_sd","Past",2020-11-30,"combined_trend",NA,NA,NA,0.425222688175318,NA,NA,NA,NA
"Utah","return_normal","Past",2020-11-30,"combined_trend",NA,NA,NA,0.425222688175318,NA,NA,NA,NA
"Utah","status_quo","Past",2020-11-30,"combined_trend",NA,NA,NA,0.425222688175318,NA,NA,NA,NA
"Utah","linear_increase_sd","Past",2020-11-30,"cumulative_all_infections",533261,533261,533261,551778,556121,565952,565952,565952
"Utah","return_normal","Past",2020-11-30,"cumulative_all_infections",533261,533261,533261,551778,556121,565952,565952,565952
"Utah","status_quo","Past",2020-11-30,"cumulative_all_infections",533261,533261,533261,551778,556121,565952,565952,565952
"Utah","linear_increase_sd","Past",2020-11-30,"cumulative_cases",179394,179394,179394,185922,187132,191238,191238,191238
"Utah","return_normal","Past",2020-11-30,"cumulative_cases",179394,179394,179394,185922,187132,191238,191238,191238
"Utah","status_quo","Past",2020-11-30,"cumulative_cases",179394,179394,179394,185922,187132,191238,191238,191238
"Utah","linear_increase_sd","Past",2020-11-30,"cumulative_deaths",1292,1292,1292,1300,1294,1312,1312,1312
"Utah","return_normal","Past",2020-11-30,"cumulative_deaths",1292,1292,1292,1300,1294,1312,1312,1312
"Utah","status_quo","Past",2020-11-30,"cumulative_deaths",1292,1292,1292,1300,1294,1312,1312,1312
"Utah","linear_increase_sd","Past",2020-11-30,"cumulative_hosps",19468,19468,19468,20143,20177,20782,20782,20782
"Utah","return_normal","Past",2020-11-30,"cumulative_hosps",19468,19468,19468,20143,20177,20782,20782,20782
"Utah","status_quo","Past",2020-11-30,"cumulative_hosps",19468,19468,19468,20143,20177,20782,20782,20782
"Utah","linear_increase_sd","Past",2020-11-30,"daily_all_infections",7736,7736,7736,7797,7802,7852,7852,7852
"Utah","return_normal","Past",2020-11-30,"daily_all_infections",7736,7736,7736,7797,7802,7852,7852,7852
"Utah","status_quo","Past",2020-11-30,"daily_all_infections",7736,7736,7736,7797,7802,7852,7852,7852
"Utah","linear_increase_sd","Past",2020-11-30,"daily_cases",2908,2908,2908,3123,3037,3424,3424,3424
"Utah","return_normal","Past",2020-11-30,"daily_cases",2908,2908,2908,3123,3037,3424,3424,3424
"Utah","status_quo","Past",2020-11-30,"daily_cases",2908,2908,2908,3123,3037,3424,3424,3424
"Utah","linear_increase_sd","Past",2020-11-30,"daily_deaths",14,14,14,16,15,17,17,17
"Utah","return_normal","Past",2020-11-30,"daily_deaths",14,14,14,16,15,17,17,17
"Utah","status_quo","Past",2020-11-30,"daily_deaths",14,14,14,16,15,17,17,17
"Utah","linear_increase_sd","Past",2020-11-30,"daily_hosps",320,320,320,345,353,361,361,361
"Utah","return_normal","Past",2020-11-30,"daily_hosps",320,320,320,345,353,361,361,361
"Utah","status_quo","Past",2020-11-30,"daily_hosps",320,320,320,345,353,361,361,361
"Utah","linear_increase_sd","Past",2020-11-30,"latent_trend",NA,NA,NA,0.639476414220773,NA,NA,NA,NA
"Utah","return_normal","Past",2020-11-30,"latent_trend",NA,NA,NA,0.639476414220773,NA,NA,NA,NA
"Utah","status_quo","Past",2020-11-30,"latent_trend",NA,NA,NA,0.639476414220773,NA,NA,NA,NA
"Utah","linear_increase_sd","Past",2020-11-30,"mobility_trend",NA,NA,NA,0.664954451359192,NA,NA,NA,NA
"Utah","return_normal","Past",2020-11-30,"mobility_trend",NA,NA,NA,0.664954451359192,NA,NA,NA,NA
"Utah","status_quo","Past",2020-11-30,"mobility_trend",NA,NA,NA,0.664954451359192,NA,NA,NA,NA
"Utah",NA,"Past",2020-12-01,"actual_cumulative_cases",NA,NA,NA,198216,NA,NA,NA,NA
"Utah",NA,"Past",2020-12-01,"actual_cumulative_deaths",NA,NA,NA,895,NA,NA,NA,NA
"Utah",NA,"Past",2020-12-01,"actual_daily_cases",NA,NA,NA,2510,NA,NA,NA,NA
"Utah",NA,"Past",2020-12-01,"actual_daily_deaths",NA,NA,NA,19,NA,NA,NA,NA
"Utah","linear_increase_sd","Past",2020-12-01,"combined_trend",NA,NA,NA,0.422091104743567,NA,NA,NA,NA
"Utah","return_normal","Past",2020-12-01,"combined_trend",NA,NA,NA,0.422091104743567,NA,NA,NA,NA
"Utah","status_quo","Past",2020-12-01,"combined_trend",NA,NA,NA,0.422091104743567,NA,NA,NA,NA
"Utah","linear_increase_sd","Past",2020-12-01,"cumulative_all_infections",541104,541104,541104,559508,563825,573595,573595,573595
"Utah","return_normal","Past",2020-12-01,"cumulative_all_infections",541104,541104,541104,559508,563825,573595,573595,573595
"Utah","status_quo","Past",2020-12-01,"cumulative_all_infections",541104,541104,541104,559508,563825,573595,573595,573595
"Utah","linear_increase_sd","Past",2020-12-01,"cumulative_cases",182395,182395,182395,188882,190211,194039,194039,194039
"Utah","return_normal","Past",2020-12-01,"cumulative_cases",182395,182395,182395,188882,190211,194039,194039,194039
"Utah","status_quo","Past",2020-12-01,"cumulative_cases",182395,182395,182395,188882,190211,194039,194039,194039
"Utah","linear_increase_sd","Past",2020-12-01,"cumulative_deaths",1306,1306,1306,1313,1307,1325,1325,1325
"Utah","return_normal","Past",2020-12-01,"cumulative_deaths",1306,1306,1306,1313,1307,1325,1325,1325
"Utah","status_quo","Past",2020-12-01,"cumulative_deaths",1306,1306,1306,1313,1307,1325,1325,1325
"Utah","linear_increase_sd","Past",2020-12-01,"cumulative_hosps",19791,19791,19791,20492,20547,21136,21136,21136
"Utah","return_normal","Past",2020-12-01,"cumulative_hosps",19791,19791,19791,20492,20547,21136,21136,21136
"Utah","status_quo","Past",2020-12-01,"cumulative_hosps",19791,19791,19791,20492,20547,21136,21136,21136
"Utah","linear_increase_sd","Past",2020-12-01,"daily_all_infections",7643,7643,7643,7730,7704,7843,7843,7843
"Utah","return_normal","Past",2020-12-01,"daily_all_infections",7643,7643,7643,7730,7704,7843,7843,7843
"Utah","status_quo","Past",2020-12-01,"daily_all_infections",7643,7643,7643,7730,7704,7843,7843,7843
"Utah","linear_increase_sd","Past",2020-12-01,"daily_cases",2801,2801,2801,2961,3001,3079,3079,3079
"Utah","return_normal","Past",2020-12-01,"daily_cases",2801,2801,2801,2961,3001,3079,3079,3079
"Utah","status_quo","Past",2020-12-01,"daily_cases",2801,2801,2801,2961,3001,3079,3079,3079
"Utah","linear_increase_sd","Past",2020-12-01,"daily_deaths",13,13,13,14,13,14,14,14
"Utah","return_normal","Past",2020-12-01,"daily_deaths",13,13,13,14,13,14,14,14
"Utah","status_quo","Past",2020-12-01,"daily_deaths",13,13,13,14,13,14,14,14
"Utah","linear_increase_sd","Past",2020-12-01,"daily_hosps",323,323,323,349,354,370,370,370
"Utah","return_normal","Past",2020-12-01,"daily_hosps",323,323,323,349,354,370,370,370
"Utah","status_quo","Past",2020-12-01,"daily_hosps",323,323,323,349,354,370,370,370
"Utah","linear_increase_sd","Past",2020-12-01,"latent_trend",NA,NA,NA,0.635207227349333,NA,NA,NA,NA
"Utah","return_normal","Past",2020-12-01,"latent_trend",NA,NA,NA,0.635207227349333,NA,NA,NA,NA
"Utah","status_quo","Past",2020-12-01,"latent_trend",NA,NA,NA,0.635207227349333,NA,NA,NA,NA
"Utah","linear_increase_sd","Past",2020-12-01,"mobility_trend",NA,NA,NA,0.664493548829597,NA,NA,NA,NA
"Utah","return_normal","Past",2020-12-01,"mobility_trend",NA,NA,NA,0.664493548829597,NA,NA,NA,NA
"Utah","status_quo","Past",2020-12-01,"mobility_trend",NA,NA,NA,0.664493548829597,NA,NA,NA,NA
"Utah",NA,"Past",2020-12-02,"actual_cumulative_cases",NA,NA,NA,202220,NA,NA,NA,NA
"Utah",NA,"Past",2020-12-02,"actual_cumulative_deaths",NA,NA,NA,911,NA,NA,NA,NA
"Utah",NA,"Past",2020-12-02,"actual_daily_cases",NA,NA,NA,4004,NA,NA,NA,NA
"Utah",NA,"Past",2020-12-02,"actual_daily_deaths",NA,NA,NA,16,NA,NA,NA,NA
"Utah","linear_increase_sd","Past",2020-12-02,"combined_trend",NA,NA,NA,0.41905072325729,NA,NA,NA,NA
"Utah","return_normal","Past",2020-12-02,"combined_trend",NA,NA,NA,0.41905072325729,NA,NA,NA,NA
"Utah","status_quo","Past",2020-12-02,"combined_trend",NA,NA,NA,0.41905072325729,NA,NA,NA,NA
"Utah","linear_increase_sd","Past",2020-12-02,"cumulative_all_infections",548979,548979,548979,567182,571396,581170,581170,581170
"Utah","return_normal","Past",2020-12-02,"cumulative_all_infections",548979,548979,548979,567182,571396,581170,581170,581170
"Utah","status_quo","Past",2020-12-02,"cumulative_all_infections",548979,548979,548979,567182,571396,581170,581170,581170
"Utah","linear_increase_sd","Past",2020-12-02,"cumulative_cases",185437,185437,185437,192030,193574,197079,197079,197079
"Utah","return_normal","Past",2020-12-02,"cumulative_cases",185437,185437,185437,192030,193574,197079,197079,197079
"Utah","status_quo","Past",2020-12-02,"cumulative_cases",185437,185437,185437,192030,193574,197079,197079,197079
"Utah","linear_increase_sd","Past",2020-12-02,"cumulative_deaths",1322,1322,1322,1329,1323,1342,1342,1342
"Utah","return_normal","Past",2020-12-02,"cumulative_deaths",1322,1322,1322,1329,1323,1342,1342,1342
"Utah","status_quo","Past",2020-12-02,"cumulative_deaths",1322,1322,1322,1329,1323,1342,1342,1342
"Utah","linear_increase_sd","Past",2020-12-02,"cumulative_hosps",20120,20120,20120,20844,20918,21493,21493,21493
"Utah","return_normal","Past",2020-12-02,"cumulative_hosps",20120,20120,20120,20844,20918,21493,21493,21493
"Utah","status_quo","Past",2020-12-02,"cumulative_hosps",20120,20120,20120,20844,20918,21493,21493,21493
"Utah","linear_increase_sd","Past",2020-12-02,"daily_all_infections",7571,7571,7571,7674,7575,7875,7875,7875
"Utah","return_normal","Past",2020-12-02,"daily_all_infections",7571,7571,7571,7674,7575,7875,7875,7875
"Utah","status_quo","Past",2020-12-02,"daily_all_infections",7571,7571,7571,7674,7575,7875,7875,7875
"Utah","linear_increase_sd","Past",2020-12-02,"daily_cases",3040,3040,3040,3149,3042,3363,3363,3363
"Utah","return_normal","Past",2020-12-02,"daily_cases",3040,3040,3040,3149,3042,3363,3363,3363
"Utah","status_quo","Past",2020-12-02,"daily_cases",3040,3040,3040,3149,3042,3363,3363,3363
"Utah","linear_increase_sd","Past",2020-12-02,"daily_deaths",16,16,16,17,16,17,17,17
"Utah","return_normal","Past",2020-12-02,"daily_deaths",16,16,16,17,16,17,17,17
"Utah","status_quo","Past",2020-12-02,"daily_deaths",16,16,16,17,16,17,17,17
"Utah","linear_increase_sd","Past",2020-12-02,"daily_hosps",329,329,329,353,357,371,371,371
"Utah","return_normal","Past",2020-12-02,"daily_hosps",329,329,329,353,357,371,371,371
"Utah","status_quo","Past",2020-12-02,"daily_hosps",329,329,329,353,357,371,371,371
"Utah","linear_increase_sd","Past",2020-12-02,"latent_trend",NA,NA,NA,0.631204464313518,NA,NA,NA,NA
"Utah","return_normal","Past",2020-12-02,"latent_trend",NA,NA,NA,0.631204464313518,NA,NA,NA,NA
"Utah","status_quo","Past",2020-12-02,"latent_trend",NA,NA,NA,0.631204464313518,NA,NA,NA,NA
"Utah","linear_increase_sd","Past",2020-12-02,"mobility_trend",NA,NA,NA,0.66389062015434,NA,NA,NA,NA
"Utah","return_normal","Past",2020-12-02,"mobility_trend",NA,NA,NA,0.66389062015434,NA,NA,NA,NA
"Utah","status_quo","Past",2020-12-02,"mobility_trend",NA,NA,NA,0.66389062015434,NA,NA,NA,NA
"Utah",NA,"Past",2020-12-03,"actual_cumulative_cases",NA,NA,NA,206165,NA,NA,NA,NA
"Utah",NA,"Past",2020-12-03,"actual_cumulative_deaths",NA,NA,NA,922,NA,NA,NA,NA
"Utah",NA,"Past",2020-12-03,"actual_daily_cases",NA,NA,NA,3945,NA,NA,NA,NA
"Utah",NA,"Past",2020-12-03,"actual_daily_deaths",NA,NA,NA,11,NA,NA,NA,NA
"Utah","linear_increase_sd","Past",2020-12-03,"combined_trend",NA,NA,NA,0.416170965258678,NA,NA,NA,NA
"Utah","return_normal","Past",2020-12-03,"combined_trend",NA,NA,NA,0.416170965258678,NA,NA,NA,NA
"Utah","status_quo","Past",2020-12-03,"combined_trend",NA,NA,NA,0.416170965258678,NA,NA,NA,NA
"Utah","linear_increase_sd","Past",2020-12-03,"cumulative_all_infections",556866,556866,556866,574774,578786,588669,588669,588669
"Utah","return_normal","Past",2020-12-03,"cumulative_all_infections",556866,556866,556866,574774,578786,588669,588669,588669
"Utah","status_quo","Past",2020-12-03,"cumulative_all_infections",556866,556866,556866,574774,578786,588669,588669,588669
"Utah","linear_increase_sd","Past",2020-12-03,"cumulative_cases",188225,188225,188225,195048,196754,200165,200165,200165
"Utah","return_normal","Past",2020-12-03,"cumulative_cases",188225,188225,188225,195048,196754,200165,200165,200165
"Utah","status_quo","Past",2020-12-03,"cumulative_cases",188225,188225,188225,195048,196754,200165,200165,200165
"Utah","linear_increase_sd","Past",2020-12-03,"cumulative_deaths",1336,1336,1336,1343,1336,1357,1357,1357
"Utah","return_normal","Past",2020-12-03,"cumulative_deaths",1336,1336,1336,1343,1336,1357,1357,1357
"Utah","status_quo","Past",2020-12-03,"cumulative_deaths",1336,1336,1336,1343,1336,1357,1357,1357
"Utah","linear_increase_sd","Past",2020-12-03,"cumulative_hosps",20447,20447,20447,21197,21291,21853,21853,21853
"Utah","return_normal","Past",2020-12-03,"cumulative_hosps",20447,20447,20447,21197,21291,21853,21853,21853
"Utah","status_quo","Past",2020-12-03,"cumulative_hosps",20447,20447,20447,21197,21291,21853,21853,21853
"Utah","linear_increase_sd","Past",2020-12-03,"daily_all_infections",7390,7390,7390,7592,7499,7887,7887,7887
"Utah","return_normal","Past",2020-12-03,"daily_all_infections",7390,7390,7390,7592,7499,7887,7887,7887
"Utah","status_quo","Past",2020-12-03,"daily_all_infections",7390,7390,7390,7592,7499,7887,7887,7887
"Utah","linear_increase_sd","Past",2020-12-03,"daily_cases",2788,2788,2788,3018,3086,3180,3180,3180
"Utah","return_normal","Past",2020-12-03,"daily_cases",2788,2788,2788,3018,3086,3180,3180,3180
"Utah","status_quo","Past",2020-12-03,"daily_cases",2788,2788,2788,3018,3086,3180,3180,3180
"Utah","linear_increase_sd","Past",2020-12-03,"daily_deaths",13,13,13,14,14,15,15,15
"Utah","return_normal","Past",2020-12-03,"daily_deaths",13,13,13,14,14,15,15,15
"Utah","status_quo","Past",2020-12-03,"daily_deaths",13,13,13,14,14,15,15,15
"Utah","linear_increase_sd","Past",2020-12-03,"daily_hosps",327,327,327,354,360,373,373,373
"Utah","return_normal","Past",2020-12-03,"daily_hosps",327,327,327,354,360,373,373,373
"Utah","status_quo","Past",2020-12-03,"daily_hosps",327,327,327,354,360,373,373,373
"Utah","linear_increase_sd","Past",2020-12-03,"latent_trend",NA,NA,NA,0.627533767688254,NA,NA,NA,NA
"Utah","return_normal","Past",2020-12-03,"latent_trend",NA,NA,NA,0.627533767688254,NA,NA,NA,NA
"Utah","status_quo","Past",2020-12-03,"latent_trend",NA,NA,NA,0.627533767688254,NA,NA,NA,NA
"Utah","linear_increase_sd","Past",2020-12-03,"mobility_trend",NA,NA,NA,0.663184973761322,NA,NA,NA,NA
"Utah","return_normal","Past",2020-12-03,"mobility_trend",NA,NA,NA,0.663184973761322,NA,NA,NA,NA
"Utah","status_quo","Past",2020-12-03,"mobility_trend",NA,NA,NA,0.663184973761322,NA,NA,NA,NA
"Utah",NA,"Past",2020-12-04,"actual_cumulative_cases",NA,NA,NA,209170,NA,NA,NA,NA
"Utah",NA,"Past",2020-12-04,"actual_cumulative_deaths",NA,NA,NA,930,NA,NA,NA,NA
"Utah",NA,"Past",2020-12-04,"actual_daily_cases",NA,NA,NA,3005,NA,NA,NA,NA
"Utah",NA,"Past",2020-12-04,"actual_daily_deaths",NA,NA,NA,8,NA,NA,NA,NA
"Utah","linear_increase_sd","Past",2020-12-04,"combined_trend",NA,NA,NA,0.41352466348293,NA,NA,NA,NA
"Utah","return_normal","Past",2020-12-04,"combined_trend",NA,NA,NA,0.41352466348293,NA,NA,NA,NA
"Utah","status_quo","Past",2020-12-04,"combined_trend",NA,NA,NA,0.41352466348293,NA,NA,NA,NA
"Utah","linear_increase_sd","Past",2020-12-04,"cumulative_all_infections",564777,564777,564777,582285,586001,596075,596075,596075
"Utah","return_normal","Past",2020-12-04,"cumulative_all_infections",564777,564777,564777,582285,586001,596075,596075,596075
"Utah","status_quo","Past",2020-12-04,"cumulative_all_infections",564777,564777,564777,582285,586001,596075,596075,596075
"Utah","linear_increase_sd","Past",2020-12-04,"cumulative_cases",191250,191250,191250,198029,199623,203212,203212,203212
"Utah","return_normal","Past",2020-12-04,"cumulative_cases",191250,191250,191250,198029,199623,203212,203212,203212
"Utah","status_quo","Past",2020-12-04,"cumulative_cases",191250,191250,191250,198029,199623,203212,203212,203212
"Utah","linear_increase_sd","Past",2020-12-04,"cumulative_deaths",1350,1350,1350,1358,1351,1373,1373,1373
"Utah","return_normal","Past",2020-12-04,"cumulative_deaths",1350,1350,1350,1358,1351,1373,1373,1373
"Utah","status_quo","Past",2020-12-04,"cumulative_deaths",1350,1350,1350,1358,1351,1373,1373,1373
"Utah","linear_increase_sd","Past",2020-12-04,"cumulative_hosps",20782,20782,20782,21551,21660,22210,22210,22210
"Utah","return_normal","Past",2020-12-04,"cumulative_hosps",20782,20782,20782,21551,21660,22210,22210,22210
"Utah","status_quo","Past",2020-12-04,"cumulative_hosps",20782,20782,20782,21551,21660,22210,22210,22210
"Utah","linear_increase_sd","Past",2020-12-04,"daily_all_infections",7215,7215,7215,7511,7406,7911,7911,7911
"Utah","return_normal","Past",2020-12-04,"daily_all_infections",7215,7215,7215,7511,7406,7911,7911,7911
"Utah","status_quo","Past",2020-12-04,"daily_all_infections",7215,7215,7215,7511,7406,7911,7911,7911
"Utah","linear_increase_sd","Past",2020-12-04,"daily_cases",2869,2869,2869,2981,3025,3047,3047,3047
"Utah","return_normal","Past",2020-12-04,"daily_cases",2869,2869,2869,2981,3025,3047,3047,3047
"Utah","status_quo","Past",2020-12-04,"daily_cases",2869,2869,2869,2981,3025,3047,3047,3047
"Utah","linear_increase_sd","Past",2020-12-04,"daily_deaths",14,14,14,15,15,16,16,16
"Utah","return_normal","Past",2020-12-04,"daily_deaths",14,14,14,15,15,16,16,16
"Utah","status_quo","Past",2020-12-04,"daily_deaths",14,14,14,15,15,16,16,16
"Utah","linear_increase_sd","Past",2020-12-04,"daily_hosps",335,335,335,354,357,369,369,369
"Utah","return_normal","Past",2020-12-04,"daily_hosps",335,335,335,354,357,369,369,369
"Utah","status_quo","Past",2020-12-04,"daily_hosps",335,335,335,354,357,369,369,369
"Utah","linear_increase_sd","Past",2020-12-04,"latent_trend",NA,NA,NA,0.624261206238439,NA,NA,NA,NA
"Utah","return_normal","Past",2020-12-04,"latent_trend",NA,NA,NA,0.624261206238439,NA,NA,NA,NA
"Utah","status_quo","Past",2020-12-04,"latent_trend",NA,NA,NA,0.624261206238439,NA,NA,NA,NA
"Utah","linear_increase_sd","Past",2020-12-04,"mobility_trend",NA,NA,NA,0.662422491339278,NA,NA,NA,NA
"Utah","return_normal","Past",2020-12-04,"mobility_trend",NA,NA,NA,0.662422491339278,NA,NA,NA,NA
"Utah","status_quo","Past",2020-12-04,"mobility_trend",NA,NA,NA,0.662422491339278,NA,NA,NA,NA
"Utah",NA,"Past",2020-12-05,"actual_cumulative_cases",NA,NA,NA,212844,NA,NA,NA,NA
"Utah",NA,"Past",2020-12-05,"actual_cumulative_deaths",NA,NA,NA,944,NA,NA,NA,NA
"Utah",NA,"Past",2020-12-05,"actual_daily_cases",NA,NA,NA,3674,NA,NA,NA,NA
"Utah",NA,"Past",2020-12-05,"actual_daily_deaths",NA,NA,NA,14,NA,NA,NA,NA
"Utah","linear_increase_sd","Past",2020-12-05,"combined_trend",NA,NA,NA,0.411183795694258,NA,NA,NA,NA
"Utah","return_normal","Past",2020-12-05,"combined_trend",NA,NA,NA,0.411183795694258,NA,NA,NA,NA
"Utah","status_quo","Past",2020-12-05,"combined_trend",NA,NA,NA,0.411183795694258,NA,NA,NA,NA
"Utah","linear_increase_sd","Past",2020-12-05,"cumulative_all_infections",572673,572673,572673,589706,593043,603402,603402,603402
"Utah","return_normal","Past",2020-12-05,"cumulative_all_infections",572673,572673,572673,589706,593043,603402,603402,603402
"Utah","status_quo","Past",2020-12-05,"cumulative_all_infections",572673,572673,572673,589706,593043,603402,603402,603402
"Utah","linear_increase_sd","Past",2020-12-05,"cumulative_cases",194376,194376,194376,201059,202389,206411,206411,206411
"Utah","return_normal","Past",2020-12-05,"cumulative_cases",194376,194376,194376,201059,202389,206411,206411,206411
"Utah","status_quo","Past",2020-12-05,"cumulative_cases",194376,194376,194376,201059,202389,206411,206411,206411
"Utah","linear_increase_sd","Past",2020-12-05,"cumulative_deaths",1364,1364,1364,1373,1366,1388,1388,1388
"Utah","return_normal","Past",2020-12-05,"cumulative_deaths",1364,1364,1364,1373,1366,1388,1388,1388
"Utah","status_quo","Past",2020-12-05,"cumulative_deaths",1364,1364,1364,1373,1366,1388,1388,1388
"Utah","linear_increase_sd","Past",2020-12-05,"cumulative_hosps",21120,21120,21120,21908,22034,22569,22569,22569
"Utah","return_normal","Past",2020-12-05,"cumulative_hosps",21120,21120,21120,21908,22034,22569,22569,22569
"Utah","status_quo","Past",2020-12-05,"cumulative_hosps",21120,21120,21120,21908,22034,22569,22569,22569
"Utah","linear_increase_sd","Past",2020-12-05,"daily_all_infections",7042,7042,7042,7422,7327,7896,7896,7896
"Utah","return_normal","Past",2020-12-05,"daily_all_infections",7042,7042,7042,7422,7327,7896,7896,7896
"Utah","status_quo","Past",2020-12-05,"daily_all_infections",7042,7042,7042,7422,7327,7896,7896,7896
"Utah","linear_increase_sd","Past",2020-12-05,"daily_cases",2766,2766,2766,3031,3126,3199,3199,3199
"Utah","return_normal","Past",2020-12-05,"daily_cases",2766,2766,2766,3031,3126,3199,3199,3199
"Utah","status_quo","Past",2020-12-05,"daily_cases",2766,2766,2766,3031,3126,3199,3199,3199
"Utah","linear_increase_sd","Past",2020-12-05,"daily_deaths",14,14,14,15,15,15,15,15
"Utah","return_normal","Past",2020-12-05,"daily_deaths",14,14,14,15,15,15,15,15
"Utah","status_quo","Past",2020-12-05,"daily_deaths",14,14,14,15,15,15,15,15
"Utah","linear_increase_sd","Past",2020-12-05,"daily_hosps",338,338,338,357,359,374,374,374
"Utah","return_normal","Past",2020-12-05,"daily_hosps",338,338,338,357,359,374,374,374
"Utah","status_quo","Past",2020-12-05,"daily_hosps",338,338,338,357,359,374,374,374
"Utah","linear_increase_sd","Past",2020-12-05,"latent_trend",NA,NA,NA,0.621453008736134,NA,NA,NA,NA
"Utah","return_normal","Past",2020-12-05,"latent_trend",NA,NA,NA,0.621453008736134,NA,NA,NA,NA
"Utah","status_quo","Past",2020-12-05,"latent_trend",NA,NA,NA,0.621453008736134,NA,NA,NA,NA
"Utah","linear_increase_sd","Past",2020-12-05,"mobility_trend",NA,NA,NA,0.661649054576941,NA,NA,NA,NA
"Utah","return_normal","Past",2020-12-05,"mobility_trend",NA,NA,NA,0.661649054576941,NA,NA,NA,NA
"Utah","status_quo","Past",2020-12-05,"mobility_trend",NA,NA,NA,0.661649054576941,NA,NA,NA,NA
"Utah",NA,"Past",2020-12-06,"actual_cumulative_cases",NA,NA,NA,215407,NA,NA,NA,NA
"Utah",NA,"Past",2020-12-06,"actual_cumulative_deaths",NA,NA,NA,944,NA,NA,NA,NA
"Utah",NA,"Past",2020-12-06,"actual_daily_cases",NA,NA,NA,2563,NA,NA,NA,NA
"Utah",NA,"Past",2020-12-06,"actual_daily_deaths",NA,NA,NA,0,NA,NA,NA,NA
"Utah","linear_increase_sd","Past",2020-12-06,"combined_trend",NA,NA,NA,0.409219445540184,NA,NA,NA,NA
"Utah","return_normal","Past",2020-12-06,"combined_trend",NA,NA,NA,0.409219445540184,NA,NA,NA,NA
"Utah","status_quo","Past",2020-12-06,"combined_trend",NA,NA,NA,0.409219445540184,NA,NA,NA,NA
"Utah","linear_increase_sd","Past",2020-12-06,"cumulative_all_infections",580565,580565,580565,597034,599918,610618,610618,610618
"Utah","return_normal","Past",2020-12-06,"cumulative_all_infections",580565,580565,580565,597034,599918,610618,610618,610618
"Utah","status_quo","Past",2020-12-06,"cumulative_all_infections",580565,580565,580565,597034,599918,610618,610618,610618
"Utah","linear_increase_sd","Past",2020-12-06,"cumulative_cases",197392,197392,197392,204116,205615,209340,209340,209340
"Utah","return_normal","Past",2020-12-06,"cumulative_cases",197392,197392,197392,204116,205615,209340,209340,209340
"Utah","status_quo","Past",2020-12-06,"cumulative_cases",197392,197392,197392,204116,205615,209340,209340,209340
"Utah","linear_increase_sd","Past",2020-12-06,"cumulative_deaths",1378,1378,1378,1389,1382,1405,1405,1405
"Utah","return_normal","Past",2020-12-06,"cumulative_deaths",1378,1378,1378,1389,1382,1405,1405,1405
"Utah","status_quo","Past",2020-12-06,"cumulative_deaths",1378,1378,1378,1389,1382,1405,1405,1405
"Utah","linear_increase_sd","Past",2020-12-06,"cumulative_hosps",21466,21466,21466,22268,22408,22930,22930,22930
"Utah","return_normal","Past",2020-12-06,"cumulative_hosps",21466,21466,21466,22268,22408,22930,22930,22930
"Utah","status_quo","Past",2020-12-06,"cumulative_hosps",21466,21466,21466,22268,22408,22930,22930,22930
"Utah","linear_increase_sd","Past",2020-12-06,"daily_all_infections",6875,6875,6875,7328,7216,7892,7892,7892
"Utah","return_normal","Past",2020-12-06,"daily_all_infections",6875,6875,6875,7328,7216,7892,7892,7892
"Utah","status_quo","Past",2020-12-06,"daily_all_infections",6875,6875,6875,7328,7216,7892,7892,7892
"Utah","linear_increase_sd","Past",2020-12-06,"daily_cases",2929,2929,2929,3057,3016,3226,3226,3226
"Utah","return_normal","Past",2020-12-06,"daily_cases",2929,2929,2929,3057,3016,3226,3226,3226
"Utah","status_quo","Past",2020-12-06,"daily_cases",2929,2929,2929,3057,3016,3226,3226,3226
"Utah","linear_increase_sd","Past",2020-12-06,"daily_deaths",14,14,14,16,16,17,17,17
"Utah","return_normal","Past",2020-12-06,"daily_deaths",14,14,14,16,16,17,17,17
"Utah","status_quo","Past",2020-12-06,"daily_deaths",14,14,14,16,16,17,17,17
"Utah","linear_increase_sd","Past",2020-12-06,"daily_hosps",346,346,346,361,361,374,374,374
"Utah","return_normal","Past",2020-12-06,"daily_hosps",346,346,346,361,361,374,374,374
"Utah","status_quo","Past",2020-12-06,"daily_hosps",346,346,346,361,361,374,374,374
"Utah","linear_increase_sd","Past",2020-12-06,"latent_trend",NA,NA,NA,0.619175288641398,NA,NA,NA,NA
"Utah","return_normal","Past",2020-12-06,"latent_trend",NA,NA,NA,0.619175288641398,NA,NA,NA,NA
"Utah","status_quo","Past",2020-12-06,"latent_trend",NA,NA,NA,0.619175288641398,NA,NA,NA,NA
"Utah","linear_increase_sd","Past",2020-12-06,"mobility_trend",NA,NA,NA,0.660910493437324,NA,NA,NA,NA
"Utah","return_normal","Past",2020-12-06,"mobility_trend",NA,NA,NA,0.660910493437324,NA,NA,NA,NA
"Utah","status_quo","Past",2020-12-06,"mobility_trend",NA,NA,NA,0.660910493437324,NA,NA,NA,NA
"Utah",NA,"Past",2020-12-07,"actual_cumulative_cases",NA,NA,NA,217638,NA,NA,NA,NA
"Utah",NA,"Past",2020-12-07,"actual_cumulative_deaths",NA,NA,NA,954,NA,NA,NA,NA
"Utah",NA,"Past",2020-12-07,"actual_daily_cases",NA,NA,NA,2231,NA,NA,NA,NA
"Utah",NA,"Past",2020-12-07,"actual_daily_deaths",NA,NA,NA,10,NA,NA,NA,NA
"Utah","linear_increase_sd","Past",2020-12-07,"combined_trend",NA,NA,NA,0.407701754522284,NA,NA,NA,NA
"Utah","return_normal","Past",2020-12-07,"combined_trend",NA,NA,NA,0.407701754522284,NA,NA,NA,NA
"Utah","status_quo","Past",2020-12-07,"combined_trend",NA,NA,NA,0.407701754522284,NA,NA,NA,NA
"Utah","linear_increase_sd","Past",2020-12-07,"cumulative_all_infections",588442,588442,588442,604280,606627,617770,617770,617770
"Utah","return_normal","Past",2020-12-07,"cumulative_all_infections",588442,588442,588442,604280,606627,617770,617770,617770
"Utah","status_quo","Past",2020-12-07,"cumulative_all_infections",588442,588442,588442,604280,606627,617770,617770,617770
"Utah","linear_increase_sd","Past",2020-12-07,"cumulative_cases",200247,200247,200247,207075,208747,212231,212231,212231
"Utah","return_normal","Past",2020-12-07,"cumulative_cases",200247,200247,200247,207075,208747,212231,212231,212231
"Utah","status_quo","Past",2020-12-07,"cumulative_cases",200247,200247,200247,207075,208747,212231,212231,212231
"Utah","linear_increase_sd","Past",2020-12-07,"cumulative_deaths",1393,1393,1393,1404,1398,1420,1420,1420
"Utah","return_normal","Past",2020-12-07,"cumulative_deaths",1393,1393,1393,1404,1398,1420,1420,1420
"Utah","status_quo","Past",2020-12-07,"cumulative_deaths",1393,1393,1393,1404,1398,1420,1420,1420
"Utah","linear_increase_sd","Past",2020-12-07,"cumulative_hosps",21811,21811,21811,22627,22780,23289,23289,23289
"Utah","return_normal","Past",2020-12-07,"cumulative_hosps",21811,21811,21811,22627,22780,23289,23289,23289
"Utah","status_quo","Past",2020-12-07,"cumulative_hosps",21811,21811,21811,22627,22780,23289,23289,23289
"Utah","linear_increase_sd","Past",2020-12-07,"daily_all_infections",6709,6709,6709,7246,7152,7877,7877,7877
"Utah","return_normal","Past",2020-12-07,"daily_all_infections",6709,6709,6709,7246,7152,7877,7877,7877
"Utah","status_quo","Past",2020-12-07,"daily_all_infections",6709,6709,6709,7246,7152,7877,7877,7877
"Utah","linear_increase_sd","Past",2020-12-07,"daily_cases",2855,2855,2855,2960,2891,3132,3132,3132
"Utah","return_normal","Past",2020-12-07,"daily_cases",2855,2855,2855,2960,2891,3132,3132,3132
"Utah","status_quo","Past",2020-12-07,"daily_cases",2855,2855,2855,2960,2891,3132,3132,3132
"Utah","linear_increase_sd","Past",2020-12-07,"daily_deaths",15,15,15,16,15,16,16,16
"Utah","return_normal","Past",2020-12-07,"daily_deaths",15,15,15,16,15,16,16,16
"Utah","status_quo","Past",2020-12-07,"daily_deaths",15,15,15,16,15,16,16,16
"Utah","linear_increase_sd","Past",2020-12-07,"daily_hosps",345,345,345,359,359,372,372,372
"Utah","return_normal","Past",2020-12-07,"daily_hosps",345,345,345,359,359,372,372,372
"Utah","status_quo","Past",2020-12-07,"daily_hosps",345,345,345,359,359,372,372,372
"Utah","linear_increase_sd","Past",2020-12-07,"latent_trend",NA,NA,NA,0.617493757526635,NA,NA,NA,NA
"Utah","return_normal","Past",2020-12-07,"latent_trend",NA,NA,NA,0.617493757526635,NA,NA,NA,NA
"Utah","status_quo","Past",2020-12-07,"latent_trend",NA,NA,NA,0.617493757526635,NA,NA,NA,NA
"Utah","linear_increase_sd","Past",2020-12-07,"mobility_trend",NA,NA,NA,0.660252430980564,NA,NA,NA,NA
"Utah","return_normal","Past",2020-12-07,"mobility_trend",NA,NA,NA,0.660252430980564,NA,NA,NA,NA
"Utah","status_quo","Past",2020-12-07,"mobility_trend",NA,NA,NA,0.660252430980564,NA,NA,NA,NA
"Utah",NA,"Past",2020-12-08,"actual_cumulative_cases",NA,NA,NA,219971,NA,NA,NA,NA
"Utah",NA,"Past",2020-12-08,"actual_cumulative_deaths",NA,NA,NA,977,NA,NA,NA,NA
"Utah",NA,"Past",2020-12-08,"actual_daily_cases",NA,NA,NA,2333,NA,NA,NA,NA
"Utah",NA,"Past",2020-12-08,"actual_daily_deaths",NA,NA,NA,23,NA,NA,NA,NA
"Utah","linear_increase_sd","Past",2020-12-08,"combined_trend",NA,NA,NA,0.406700115472577,NA,NA,NA,NA
"Utah","return_normal","Past",2020-12-08,"combined_trend",NA,NA,NA,0.406700115472577,NA,NA,NA,NA
"Utah","status_quo","Past",2020-12-08,"combined_trend",NA,NA,NA,0.406700115472577,NA,NA,NA,NA
"Utah","linear_increase_sd","Past",2020-12-08,"cumulative_all_infections",596314,596314,596314,611439,613170,624831,624831,624831
"Utah","return_normal","Past",2020-12-08,"cumulative_all_infections",596314,596314,596314,611439,613170,624831,624831,624831
"Utah","status_quo","Past",2020-12-08,"cumulative_all_infections",596314,596314,596314,611439,613170,624831,624831,624831
"Utah","linear_increase_sd","Past",2020-12-08,"cumulative_cases",203432,203432,203432,209993,211613,214933,214933,214933
"Utah","return_normal","Past",2020-12-08,"cumulative_cases",203432,203432,203432,209993,211613,214933,214933,214933
"Utah","status_quo","Past",2020-12-08,"cumulative_cases",203432,203432,203432,209993,211613,214933,214933,214933
"Utah","linear_increase_sd","Past",2020-12-08,"cumulative_deaths",1409,1409,1409,1420,1415,1436,1436,1436
"Utah","return_normal","Past",2020-12-08,"cumulative_deaths",1409,1409,1409,1420,1415,1436,1436,1436
"Utah","status_quo","Past",2020-12-08,"cumulative_deaths",1409,1409,1409,1420,1415,1436,1436,1436
"Utah","linear_increase_sd","Past",2020-12-08,"cumulative_hosps",22156,22156,22156,22985,23151,23647,23647,23647
"Utah","return_normal","Past",2020-12-08,"cumulative_hosps",22156,22156,22156,22985,23151,23647,23647,23647
"Utah","status_quo","Past",2020-12-08,"cumulative_hosps",22156,22156,22156,22985,23151,23647,23647,23647
"Utah","linear_increase_sd","Past",2020-12-08,"daily_all_infections",6543,6543,6543,7159,7061,7872,7872,7872
"Utah","return_normal","Past",2020-12-08,"daily_all_infections",6543,6543,6543,7159,7061,7872,7872,7872
"Utah","status_quo","Past",2020-12-08,"daily_all_infections",6543,6543,6543,7159,7061,7872,7872,7872
"Utah","linear_increase_sd","Past",2020-12-08,"daily_cases",2702,2702,2702,2918,2866,3185,3185,3185
"Utah","return_normal","Past",2020-12-08,"daily_cases",2702,2702,2702,2918,2866,3185,3185,3185
"Utah","status_quo","Past",2020-12-08,"daily_cases",2702,2702,2702,2918,2866,3185,3185,3185
"Utah","linear_increase_sd","Past",2020-12-08,"daily_deaths",16,16,16,17,16,17,17,17
"Utah","return_normal","Past",2020-12-08,"daily_deaths",16,16,16,17,16,17,17,17
"Utah","status_quo","Past",2020-12-08,"daily_deaths",16,16,16,17,16,17,17,17
"Utah","linear_increase_sd","Past",2020-12-08,"daily_hosps",345,345,345,358,358,371,371,371
"Utah","return_normal","Past",2020-12-08,"daily_hosps",345,345,345,358,358,371,371,371
"Utah","status_quo","Past",2020-12-08,"daily_hosps",345,345,345,358,358,371,371,371
"Utah","linear_increase_sd","Past",2020-12-08,"latent_trend",NA,NA,NA,0.616473420729487,NA,NA,NA,NA
"Utah","return_normal","Past",2020-12-08,"latent_trend",NA,NA,NA,0.616473420729487,NA,NA,NA,NA
"Utah","status_quo","Past",2020-12-08,"latent_trend",NA,NA,NA,0.616473420729487,NA,NA,NA,NA
"Utah","linear_increase_sd","Past",2020-12-08,"mobility_trend",NA,NA,NA,0.65972043854108,NA,NA,NA,NA
"Utah","return_normal","Past",2020-12-08,"mobility_trend",NA,NA,NA,0.65972043854108,NA,NA,NA,NA
"Utah","status_quo","Past",2020-12-08,"mobility_trend",NA,NA,NA,0.65972043854108,NA,NA,NA,NA
"Utah",NA,"Past",2020-12-09,"actual_cumulative_cases",NA,NA,NA,222545,NA,NA,NA,NA
"Utah",NA,"Past",2020-12-09,"actual_cumulative_deaths",NA,NA,NA,1000,NA,NA,NA,NA
"Utah",NA,"Past",2020-12-09,"actual_daily_cases",NA,NA,NA,2574,NA,NA,NA,NA
"Utah",NA,"Past",2020-12-09,"actual_daily_deaths",NA,NA,NA,23,NA,NA,NA,NA
"Utah","linear_increase_sd","Past",2020-12-09,"combined_trend",NA,NA,NA,0.406283340705962,NA,NA,NA,NA
"Utah","return_normal","Past",2020-12-09,"combined_trend",NA,NA,NA,0.406283340705962,NA,NA,NA,NA
"Utah","status_quo","Past",2020-12-09,"combined_trend",NA,NA,NA,0.406283340705962,NA,NA,NA,NA
"Utah","linear_increase_sd","Past",2020-12-09,"cumulative_all_infections",604154,604154,604154,618521,619575,631832,631832,631832
"Utah","return_normal","Past",2020-12-09,"cumulative_all_infections",604154,604154,604154,618521,619575,631832,631832,631832
"Utah","status_quo","Past",2020-12-09,"cumulative_all_infections",604154,604154,604154,618521,619575,631832,631832,631832
"Utah","linear_increase_sd","Past",2020-12-09,"cumulative_cases",206459,206459,206459,212973,214428,218031,218031,218031
"Utah","return_normal","Past",2020-12-09,"cumulative_cases",206459,206459,206459,212973,214428,218031,218031,218031
"Utah","status_quo","Past",2020-12-09,"cumulative_cases",206459,206459,206459,212973,214428,218031,218031,218031
"Utah","linear_increase_sd","Past",2020-12-09,"cumulative_deaths",1425,1425,1425,1437,1432,1452,1452,1452
"Utah","return_normal","Past",2020-12-09,"cumulative_deaths",1425,1425,1425,1437,1432,1452,1452,1452
"Utah","status_quo","Past",2020-12-09,"cumulative_deaths",1425,1425,1425,1437,1432,1452,1452,1452
"Utah","linear_increase_sd","Past",2020-12-09,"cumulative_hosps",22505,22505,22505,23343,23520,24004,24004,24004
"Utah","return_normal","Past",2020-12-09,"cumulative_hosps",22505,22505,22505,23343,23520,24004,24004,24004
"Utah","status_quo","Past",2020-12-09,"cumulative_hosps",22505,22505,22505,23343,23520,24004,24004,24004
"Utah","linear_increase_sd","Past",2020-12-09,"daily_all_infections",6405,6405,6405,7082,7001,7840,7840,7840
"Utah","return_normal","Past",2020-12-09,"daily_all_infections",6405,6405,6405,7082,7001,7840,7840,7840
"Utah","status_quo","Past",2020-12-09,"daily_all_infections",6405,6405,6405,7082,7001,7840,7840,7840
"Utah","linear_increase_sd","Past",2020-12-09,"daily_cases",2815,2815,2815,2980,3027,3098,3098,3098
"Utah","return_normal","Past",2020-12-09,"daily_cases",2815,2815,2815,2980,3027,3098,3098,3098
"Utah","status_quo","Past",2020-12-09,"daily_cases",2815,2815,2815,2980,3027,3098,3098,3098
"Utah","linear_increase_sd","Past",2020-12-09,"daily_deaths",16,16,16,17,16,17,17,17
"Utah","return_normal","Past",2020-12-09,"daily_deaths",16,16,16,17,16,17,17,17
"Utah","status_quo","Past",2020-12-09,"daily_deaths",16,16,16,17,16,17,17,17
"Utah","linear_increase_sd","Past",2020-12-09,"daily_hosps",349,349,349,359,357,369,369,369
"Utah","return_normal","Past",2020-12-09,"daily_hosps",349,349,349,359,357,369,369,369
"Utah","status_quo","Past",2020-12-09,"daily_hosps",349,349,349,359,357,369,369,369
"Utah","linear_increase_sd","Past",2020-12-09,"latent_trend",NA,NA,NA,0.616178243780557,NA,NA,NA,NA
"Utah","return_normal","Past",2020-12-09,"latent_trend",NA,NA,NA,0.616178243780557,NA,NA,NA,NA
"Utah","status_quo","Past",2020-12-09,"latent_trend",NA,NA,NA,0.616178243780557,NA,NA,NA,NA
"Utah","linear_increase_sd","Past",2020-12-09,"mobility_trend",NA,NA,NA,0.659360087453289,NA,NA,NA,NA
"Utah","return_normal","Past",2020-12-09,"mobility_trend",NA,NA,NA,0.659360087453289,NA,NA,NA,NA
"Utah","status_quo","Past",2020-12-09,"mobility_trend",NA,NA,NA,0.659360087453289,NA,NA,NA,NA
"Utah",NA,"Past",2020-12-10,"actual_cumulative_cases",NA,NA,NA,225946,NA,NA,NA,NA
"Utah",NA,"Past",2020-12-10,"actual_cumulative_deaths",NA,NA,NA,1021,NA,NA,NA,NA
"Utah",NA,"Past",2020-12-10,"actual_daily_cases",NA,NA,NA,3401,NA,NA,NA,NA
"Utah",NA,"Past",2020-12-10,"actual_daily_deaths",NA,NA,NA,21,NA,NA,NA,NA
"Utah","linear_increase_sd","Past",2020-12-10,"combined_trend",NA,NA,NA,0.406517950992314,NA,NA,NA,NA
"Utah","return_normal","Past",2020-12-10,"combined_trend",NA,NA,NA,0.406517950992314,NA,NA,NA,NA
"Utah","status_quo","Past",2020-12-10,"combined_trend",NA,NA,NA,0.406517950992314,NA,NA,NA,NA
"Utah","linear_increase_sd","Past",2020-12-10,"cumulative_all_infections",611953,611953,611953,625522,625871,638742,638742,638742
"Utah","return_normal","Past",2020-12-10,"cumulative_all_infections",611953,611953,611953,625522,625871,638742,638742,638742
"Utah","status_quo","Past",2020-12-10,"cumulative_all_infections",611953,611953,611953,625522,625871,638742,638742,638742
"Utah","linear_increase_sd","Past",2020-12-10,"cumulative_cases",209572,209572,209572,215834,217104,220826,220826,220826
"Utah","return_normal","Past",2020-12-10,"cumulative_cases",209572,209572,209572,215834,217104,220826,220826,220826
"Utah","status_quo","Past",2020-12-10,"cumulative_cases",209572,209572,209572,215834,217104,220826,220826,220826
"Utah","linear_increase_sd","Past",2020-12-10,"cumulative_deaths",1439,1439,1439,1453,1449,1469,1469,1469
"Utah","return_normal","Past",2020-12-10,"cumulative_deaths",1439,1439,1439,1453,1449,1469,1469,1469
"Utah","status_quo","Past",2020-12-10,"cumulative_deaths",1439,1439,1439,1453,1449,1469,1469,1469
"Utah","linear_increase_sd","Past",2020-12-10,"cumulative_hosps",22858,22858,22858,23700,23882,24358,24358,24358
"Utah","return_normal","Past",2020-12-10,"cumulative_hosps",22858,22858,22858,23700,23882,24358,24358,24358
"Utah","status_quo","Past",2020-12-10,"cumulative_hosps",22858,22858,22858,23700,23882,24358,24358,24358
"Utah","linear_increase_sd","Past",2020-12-10,"daily_all_infections",6296,6296,6296,7002,6910,7799,7799,7799
"Utah","return_normal","Past",2020-12-10,"daily_all_infections",6296,6296,6296,7002,6910,7799,7799,7799
"Utah","status_quo","Past",2020-12-10,"daily_all_infections",6296,6296,6296,7002,6910,7799,7799,7799
"Utah","linear_increase_sd","Past",2020-12-10,"daily_cases",2676,2676,2676,2862,2795,3113,3113,3113
"Utah","return_normal","Past",2020-12-10,"daily_cases",2676,2676,2676,2862,2795,3113,3113,3113
"Utah","status_quo","Past",2020-12-10,"daily_cases",2676,2676,2676,2862,2795,3113,3113,3113
"Utah","linear_increase_sd","Past",2020-12-10,"daily_deaths",14,14,14,16,17,17,17,17
"Utah","return_normal","Past",2020-12-10,"daily_deaths",14,14,14,16,17,17,17,17
"Utah","status_quo","Past",2020-12-10,"daily_deaths",14,14,14,16,17,17,17,17
"Utah","linear_increase_sd","Past",2020-12-10,"daily_hosps",353,353,353,357,354,362,362,362
"Utah","return_normal","Past",2020-12-10,"daily_hosps",353,353,353,357,354,362,362,362
"Utah","status_quo","Past",2020-12-10,"daily_hosps",353,353,353,357,354,362,362,362
"Utah","linear_increase_sd","Past",2020-12-10,"latent_trend",NA,NA,NA,0.61667076840852,NA,NA,NA,NA
"Utah","return_normal","Past",2020-12-10,"latent_trend",NA,NA,NA,0.61667076840852,NA,NA,NA,NA
"Utah","status_quo","Past",2020-12-10,"latent_trend",NA,NA,NA,0.61667076840852,NA,NA,NA,NA
"Utah","linear_increase_sd","Past",2020-12-10,"mobility_trend",NA,NA,NA,0.659213914162722,NA,NA,NA,NA
"Utah","return_normal","Past",2020-12-10,"mobility_trend",NA,NA,NA,0.659213914162722,NA,NA,NA,NA
"Utah","status_quo","Past",2020-12-10,"mobility_trend",NA,NA,NA,0.659213914162722,NA,NA,NA,NA
"Utah",NA,"Past",2020-12-11,"actual_cumulative_cases",NA,NA,NA,228129,NA,NA,NA,NA
"Utah",NA,"Past",2020-12-11,"actual_cumulative_deaths",NA,NA,NA,1030,NA,NA,NA,NA
"Utah",NA,"Past",2020-12-11,"actual_daily_cases",NA,NA,NA,2183,NA,NA,NA,NA
"Utah",NA,"Past",2020-12-11,"actual_daily_deaths",NA,NA,NA,9,NA,NA,NA,NA
"Utah","linear_increase_sd","Past",2020-12-11,"combined_trend",NA,NA,NA,0.407445716741658,NA,NA,NA,NA
"Utah","return_normal","Past",2020-12-11,"combined_trend",NA,NA,NA,0.407445716741658,NA,NA,NA,NA
"Utah","status_quo","Past",2020-12-11,"combined_trend",NA,NA,NA,0.407445716741658,NA,NA,NA,NA
"Utah","linear_increase_sd","Past",2020-12-11,"cumulative_all_infections",619704,619704,619704,632450,632042,645602,645602,645602
"Utah","return_normal","Past",2020-12-11,"cumulative_all_infections",619704,619704,619704,632450,632042,645602,645602,645602
"Utah","status_quo","Past",2020-12-11,"cumulative_all_infections",619704,619704,619704,632450,632042,645602,645602,645602
"Utah","linear_increase_sd","Past",2020-12-11,"cumulative_cases",212626,212626,212626,218617,219686,223539,223539,223539
"Utah","return_normal","Past",2020-12-11,"cumulative_cases",212626,212626,212626,218617,219686,223539,223539,223539
"Utah","status_quo","Past",2020-12-11,"cumulative_cases",212626,212626,212626,218617,219686,223539,223539,223539
"Utah","linear_increase_sd","Past",2020-12-11,"cumulative_deaths",1454,1454,1454,1468,1465,1485,1485,1485
"Utah","return_normal","Past",2020-12-11,"cumulative_deaths",1454,1454,1454,1468,1465,1485,1485,1485
"Utah","status_quo","Past",2020-12-11,"cumulative_deaths",1454,1454,1454,1468,1465,1485,1485,1485
"Utah","linear_increase_sd","Past",2020-12-11,"cumulative_hosps",23212,23212,23212,24053,24238,24708,24708,24708
"Utah","return_normal","Past",2020-12-11,"cumulative_hosps",23212,23212,23212,24053,24238,24708,24708,24708
"Utah","status_quo","Past",2020-12-11,"cumulative_hosps",23212,23212,23212,24053,24238,24708,24708,24708
"Utah","linear_increase_sd","Past",2020-12-11,"daily_all_infections",6171,6171,6171,6928,6860,7751,7751,7751
"Utah","return_normal","Past",2020-12-11,"daily_all_infections",6171,6171,6171,6928,6860,7751,7751,7751
"Utah","status_quo","Past",2020-12-11,"daily_all_infections",6171,6171,6171,6928,6860,7751,7751,7751
"Utah","linear_increase_sd","Past",2020-12-11,"daily_cases",2582,2582,2582,2783,2713,3054,3054,3054
"Utah","return_normal","Past",2020-12-11,"daily_cases",2582,2582,2582,2783,2713,3054,3054,3054
"Utah","status_quo","Past",2020-12-11,"daily_cases",2582,2582,2582,2783,2713,3054,3054,3054
"Utah","linear_increase_sd","Past",2020-12-11,"daily_deaths",15,15,15,16,16,16,16,16
"Utah","return_normal","Past",2020-12-11,"daily_deaths",15,15,15,16,16,16,16,16
"Utah","status_quo","Past",2020-12-11,"daily_deaths",15,15,15,16,16,16,16,16
"Utah","linear_increase_sd","Past",2020-12-11,"daily_hosps",350,350,350,354,354,356,356,356
"Utah","return_normal","Past",2020-12-11,"daily_hosps",350,350,350,354,354,356,356,356
"Utah","status_quo","Past",2020-12-11,"daily_hosps",350,350,350,354,354,356,356,356
"Utah","linear_increase_sd","Past",2020-12-11,"latent_trend",NA,NA,NA,0.617985903078398,NA,NA,NA,NA
"Utah","return_normal","Past",2020-12-11,"latent_trend",NA,NA,NA,0.617985903078398,NA,NA,NA,NA
"Utah","status_quo","Past",2020-12-11,"latent_trend",NA,NA,NA,0.617985903078398,NA,NA,NA,NA
"Utah","linear_increase_sd","Past",2020-12-11,"mobility_trend",NA,NA,NA,0.659312315559356,NA,NA,NA,NA
"Utah","return_normal","Past",2020-12-11,"mobility_trend",NA,NA,NA,0.659312315559356,NA,NA,NA,NA
"Utah","status_quo","Past",2020-12-11,"mobility_trend",NA,NA,NA,0.659312315559356,NA,NA,NA,NA
"Utah",NA,"Past",2020-12-12,"actual_cumulative_cases",NA,NA,NA,231821,NA,NA,NA,NA
"Utah",NA,"Past",2020-12-12,"actual_cumulative_deaths",NA,NA,NA,1043,NA,NA,NA,NA
"Utah",NA,"Past",2020-12-12,"actual_daily_cases",NA,NA,NA,3692,NA,NA,NA,NA
"Utah",NA,"Past",2020-12-12,"actual_daily_deaths",NA,NA,NA,13,NA,NA,NA,NA
"Utah","linear_increase_sd","Past",2020-12-12,"combined_trend",NA,NA,NA,0.409049498293576,NA,NA,NA,NA
"Utah","return_normal","Past",2020-12-12,"combined_trend",NA,NA,NA,0.409049498293576,NA,NA,NA,NA
"Utah","status_quo","Past",2020-12-12,"combined_trend",NA,NA,NA,0.409049498293576,NA,NA,NA,NA
"Utah","linear_increase_sd","Past",2020-12-12,"cumulative_all_infections",627445,627445,627445,639321,638111,652407,652407,652407
"Utah","return_normal","Past",2020-12-12,"cumulative_all_infections",627445,627445,627445,639321,638111,652407,652407,652407
"Utah","status_quo","Past",2020-12-12,"cumulative_all_infections",627445,627445,627445,639321,638111,652407,652407,652407
"Utah","linear_increase_sd","Past",2020-12-12,"cumulative_cases",215904,215904,215904,221488,222314,226246,226246,226246
"Utah","return_normal","Past",2020-12-12,"cumulative_cases",215904,215904,215904,221488,222314,226246,226246,226246
"Utah","status_quo","Past",2020-12-12,"cumulative_cases",215904,215904,215904,221488,222314,226246,226246,226246
"Utah","linear_increase_sd","Past",2020-12-12,"cumulative_deaths",1468,1468,1468,1483,1481,1500,1500,1500
"Utah","return_normal","Past",2020-12-12,"cumulative_deaths",1468,1468,1468,1483,1481,1500,1500,1500
"Utah","status_quo","Past",2020-12-12,"cumulative_deaths",1468,1468,1468,1483,1481,1500,1500,1500
"Utah","linear_increase_sd","Past",2020-12-12,"cumulative_hosps",23566,23566,23566,24404,24589,25057,25057,25057
"Utah","return_normal","Past",2020-12-12,"cumulative_hosps",23566,23566,23566,24404,24589,25057,25057,25057
"Utah","status_quo","Past",2020-12-12,"cumulative_hosps",23566,23566,23566,24404,24589,25057,25057,25057
"Utah","linear_increase_sd","Past",2020-12-12,"daily_all_infections",6069,6069,6069,6872,6805,7741,7741,7741
"Utah","return_normal","Past",2020-12-12,"daily_all_infections",6069,6069,6069,6872,6805,7741,7741,7741
"Utah","status_quo","Past",2020-12-12,"daily_all_infections",6069,6069,6069,6872,6805,7741,7741,7741
"Utah","linear_increase_sd","Past",2020-12-12,"daily_cases",2628,2628,2628,2871,2707,3278,3278,3278
"Utah","return_normal","Past",2020-12-12,"daily_cases",2628,2628,2628,2871,2707,3278,3278,3278
"Utah","status_quo","Past",2020-12-12,"daily_cases",2628,2628,2628,2871,2707,3278,3278,3278
"Utah","linear_increase_sd","Past",2020-12-12,"daily_deaths",14,14,14,15,15,16,16,16
"Utah","return_normal","Past",2020-12-12,"daily_deaths",14,14,14,15,15,16,16,16
"Utah","status_quo","Past",2020-12-12,"daily_deaths",14,14,14,15,15,16,16,16
"Utah","linear_increase_sd","Past",2020-12-12,"daily_hosps",349,349,349,352,351,354,354,354
"Utah","return_normal","Past",2020-12-12,"daily_hosps",349,349,349,352,351,354,354,354
"Utah","status_quo","Past",2020-12-12,"daily_hosps",349,349,349,352,351,354,354,354
"Utah","linear_increase_sd","Past",2020-12-12,"latent_trend",NA,NA,NA,0.620070114067521,NA,NA,NA,NA
"Utah","return_normal","Past",2020-12-12,"latent_trend",NA,NA,NA,0.620070114067521,NA,NA,NA,NA
"Utah","status_quo","Past",2020-12-12,"latent_trend",NA,NA,NA,0.620070114067521,NA,NA,NA,NA
"Utah","linear_increase_sd","Past",2020-12-12,"mobility_trend",NA,NA,NA,0.659682653644283,NA,NA,NA,NA
"Utah","return_normal","Past",2020-12-12,"mobility_trend",NA,NA,NA,0.659682653644283,NA,NA,NA,NA
"Utah","status_quo","Past",2020-12-12,"mobility_trend",NA,NA,NA,0.659682653644283,NA,NA,NA,NA
"Utah",NA,"Past",2020-12-13,"actual_cumulative_cases",NA,NA,NA,233904,NA,NA,NA,NA
"Utah",NA,"Past",2020-12-13,"actual_cumulative_deaths",NA,NA,NA,1060,NA,NA,NA,NA
"Utah",NA,"Past",2020-12-13,"actual_daily_cases",NA,NA,NA,2083,NA,NA,NA,NA
"Utah",NA,"Past",2020-12-13,"actual_daily_deaths",NA,NA,NA,17,NA,NA,NA,NA
"Utah","linear_increase_sd","Past",2020-12-13,"combined_trend",NA,NA,NA,0.411300620146426,NA,NA,NA,NA
"Utah","return_normal","Past",2020-12-13,"combined_trend",NA,NA,NA,0.411300620146426,NA,NA,NA,NA
"Utah","status_quo","Past",2020-12-13,"combined_trend",NA,NA,NA,0.411300620146426,NA,NA,NA,NA
"Utah","linear_increase_sd","Past",2020-12-13,"cumulative_all_infections",635130,635130,635130,646142,644111,659184,659184,659184
"Utah","return_normal","Past",2020-12-13,"cumulative_all_infections",635130,635130,635130,646142,644111,659184,659184,659184
"Utah","status_quo","Past",2020-12-13,"cumulative_all_infections",635130,635130,635130,646142,644111,659184,659184,659184
"Utah","linear_increase_sd","Past",2020-12-13,"cumulative_cases",218954,218954,218954,224227,224573,229154,229154,229154
"Utah","return_normal","Past",2020-12-13,"cumulative_cases",218954,218954,218954,224227,224573,229154,229154,229154
"Utah","status_quo","Past",2020-12-13,"cumulative_cases",218954,218954,218954,224227,224573,229154,229154,229154
"Utah","linear_increase_sd","Past",2020-12-13,"cumulative_deaths",1483,1483,1483,1498,1496,1515,1515,1515
"Utah","return_normal","Past",2020-12-13,"cumulative_deaths",1483,1483,1483,1498,1496,1515,1515,1515
"Utah","status_quo","Past",2020-12-13,"cumulative_deaths",1483,1483,1483,1498,1496,1515,1515,1515
"Utah","linear_increase_sd","Past",2020-12-13,"cumulative_hosps",23919,23919,23919,24754,24937,25404,25404,25404
"Utah","return_normal","Past",2020-12-13,"cumulative_hosps",23919,23919,23919,24754,24937,25404,25404,25404
"Utah","status_quo","Past",2020-12-13,"cumulative_hosps",23919,23919,23919,24754,24937,25404,25404,25404
"Utah","linear_increase_sd","Past",2020-12-13,"daily_all_infections",6000,6000,6000,6821,6777,7685,7685,7685
"Utah","return_normal","Past",2020-12-13,"daily_all_infections",6000,6000,6000,6821,6777,7685,7685,7685
"Utah","status_quo","Past",2020-12-13,"daily_all_infections",6000,6000,6000,6821,6777,7685,7685,7685
"Utah","linear_increase_sd","Past",2020-12-13,"daily_cases",2259,2259,2259,2739,2908,3050,3050,3050
"Utah","return_normal","Past",2020-12-13,"daily_cases",2259,2259,2259,2739,2908,3050,3050,3050
"Utah","status_quo","Past",2020-12-13,"daily_cases",2259,2259,2259,2739,2908,3050,3050,3050
"Utah","linear_increase_sd","Past",2020-12-13,"daily_deaths",15,15,15,15,15,15,15,15
"Utah","return_normal","Past",2020-12-13,"daily_deaths",15,15,15,15,15,15,15,15
"Utah","status_quo","Past",2020-12-13,"daily_deaths",15,15,15,15,15,15,15,15
"Utah","linear_increase_sd","Past",2020-12-13,"daily_hosps",347,347,347,350,348,353,353,353
"Utah","return_normal","Past",2020-12-13,"daily_hosps",347,347,347,350,348,353,353,353
"Utah","status_quo","Past",2020-12-13,"daily_hosps",347,347,347,350,348,353,353,353
"Utah","linear_increase_sd","Past",2020-12-13,"latent_trend",NA,NA,NA,0.622850296900925,NA,NA,NA,NA
"Utah","return_normal","Past",2020-12-13,"latent_trend",NA,NA,NA,0.622850296900925,NA,NA,NA,NA
"Utah","status_quo","Past",2020-12-13,"latent_trend",NA,NA,NA,0.622850296900925,NA,NA,NA,NA
"Utah","linear_increase_sd","Past",2020-12-13,"mobility_trend",NA,NA,NA,0.660352290418593,NA,NA,NA,NA
"Utah","return_normal","Past",2020-12-13,"mobility_trend",NA,NA,NA,0.660352290418593,NA,NA,NA,NA
"Utah","status_quo","Past",2020-12-13,"mobility_trend",NA,NA,NA,0.660352290418593,NA,NA,NA,NA
"Utah",NA,"Past",2020-12-14,"actual_cumulative_cases",NA,NA,NA,235872,NA,NA,NA,NA
"Utah",NA,"Past",2020-12-14,"actual_cumulative_deaths",NA,NA,NA,1067,NA,NA,NA,NA
"Utah",NA,"Past",2020-12-14,"actual_daily_cases",NA,NA,NA,1968,NA,NA,NA,NA
"Utah",NA,"Past",2020-12-14,"actual_daily_deaths",NA,NA,NA,7,NA,NA,NA,NA
"Utah","linear_increase_sd","Past",2020-12-14,"combined_trend",NA,NA,NA,0.414162566135812,NA,NA,NA,NA
"Utah","return_normal","Past",2020-12-14,"combined_trend",NA,NA,NA,0.414162566135812,NA,NA,NA,NA
"Utah","status_quo","Past",2020-12-14,"combined_trend",NA,NA,NA,0.414162566135812,NA,NA,NA,NA
"Utah","linear_increase_sd","Past",2020-12-14,"cumulative_all_infections",642769,642769,642769,652919,650050,665938,665938,665938
"Utah","return_normal","Past",2020-12-14,"cumulative_all_infections",642769,642769,642769,652919,650050,665938,665938,665938
"Utah","status_quo","Past",2020-12-14,"cumulative_all_infections",642769,642769,642769,652919,650050,665938,665938,665938
"Utah","linear_increase_sd","Past",2020-12-14,"cumulative_cases",221998,221998,221998,226989,227073,231894,231894,231894
"Utah","return_normal","Past",2020-12-14,"cumulative_cases",221998,221998,221998,226989,227073,231894,231894,231894
"Utah","status_quo","Past",2020-12-14,"cumulative_cases",221998,221998,221998,226989,227073,231894,231894,231894
"Utah","linear_increase_sd","Past",2020-12-14,"cumulative_deaths",1497,1497,1497,1513,1512,1528,1528,1528
"Utah","return_normal","Past",2020-12-14,"cumulative_deaths",1497,1497,1497,1513,1512,1528,1528,1528
"Utah","status_quo","Past",2020-12-14,"cumulative_deaths",1497,1497,1497,1513,1512,1528,1528,1528
"Utah","linear_increase_sd","Past",2020-12-14,"cumulative_hosps",24275,24275,24275,25099,25277,25745,25745,25745
"Utah","return_normal","Past",2020-12-14,"cumulative_hosps",24275,24275,24275,25099,25277,25745,25745,25745
"Utah","status_quo","Past",2020-12-14,"cumulative_hosps",24275,24275,24275,25099,25277,25745,25745,25745
"Utah","linear_increase_sd","Past",2020-12-14,"daily_all_infections",5939,5939,5939,6778,6754,7639,7639,7639
"Utah","return_normal","Past",2020-12-14,"daily_all_infections",5939,5939,5939,6778,6754,7639,7639,7639
"Utah","status_quo","Past",2020-12-14,"daily_all_infections",5939,5939,5939,6778,6754,7639,7639,7639
"Utah","linear_increase_sd","Past",2020-12-14,"daily_cases",2500,2500,2500,2762,2740,3044,3044,3044
"Utah","return_normal","Past",2020-12-14,"daily_cases",2500,2500,2500,2762,2740,3044,3044,3044
"Utah","status_quo","Past",2020-12-14,"daily_cases",2500,2500,2500,2762,2740,3044,3044,3044
"Utah","linear_increase_sd","Past",2020-12-14,"daily_deaths",13,13,13,15,14,16,16,16
"Utah","return_normal","Past",2020-12-14,"daily_deaths",13,13,13,15,14,16,16,16
"Utah","status_quo","Past",2020-12-14,"daily_deaths",13,13,13,15,14,16,16,16
"Utah","linear_increase_sd","Past",2020-12-14,"daily_hosps",340,340,340,346,341,356,356,356
"Utah","return_normal","Past",2020-12-14,"daily_hosps",340,340,340,346,341,356,356,356
"Utah","status_quo","Past",2020-12-14,"daily_hosps",340,340,340,346,341,356,356,356
"Utah","linear_increase_sd","Past",2020-12-14,"latent_trend",NA,NA,NA,0.626252329280492,NA,NA,NA,NA
"Utah","return_normal","Past",2020-12-14,"latent_trend",NA,NA,NA,0.626252329280492,NA,NA,NA,NA
"Utah","status_quo","Past",2020-12-14,"latent_trend",NA,NA,NA,0.626252329280492,NA,NA,NA,NA
"Utah","linear_increase_sd","Past",2020-12-14,"mobility_trend",NA,NA,NA,0.661334971179504,NA,NA,NA,NA
"Utah","return_normal","Past",2020-12-14,"mobility_trend",NA,NA,NA,0.661334971179504,NA,NA,NA,NA
"Utah","status_quo","Past",2020-12-14,"mobility_trend",NA,NA,NA,0.661334971179504,NA,NA,NA,NA
"Utah",NA,"Past",2020-12-15,"actual_cumulative_cases",NA,NA,NA,237787,NA,NA,NA,NA
"Utah",NA,"Past",2020-12-15,"actual_cumulative_deaths",NA,NA,NA,1082,NA,NA,NA,NA
"Utah",NA,"Past",2020-12-15,"actual_daily_cases",NA,NA,NA,1915,NA,NA,NA,NA
"Utah",NA,"Past",2020-12-15,"actual_daily_deaths",NA,NA,NA,15,NA,NA,NA,NA
"Utah","linear_increase_sd","Past",2020-12-15,"combined_trend",NA,NA,NA,0.417565163088711,NA,NA,NA,NA
"Utah","return_normal","Past",2020-12-15,"combined_trend",NA,NA,NA,0.417565163088711,NA,NA,NA,NA
"Utah","status_quo","Past",2020-12-15,"combined_trend",NA,NA,NA,0.417565163088711,NA,NA,NA,NA
"Utah","linear_increase_sd","Past",2020-12-15,"cumulative_all_infections",650372,650372,650372,659656,655938,672657,672657,672657
"Utah","return_normal","Past",2020-12-15,"cumulative_all_infections",650372,650372,650372,659656,655938,672657,672657,672657
"Utah","status_quo","Past",2020-12-15,"cumulative_all_infections",650372,650372,650372,659656,655938,672657,672657,672657
"Utah","linear_increase_sd","Past",2020-12-15,"cumulative_cases",224878,224878,224878,229656,229732,234357,234357,234357
"Utah","return_normal","Past",2020-12-15,"cumulative_cases",224878,224878,224878,229656,229732,234357,234357,234357
"Utah","status_quo","Past",2020-12-15,"cumulative_cases",224878,224878,224878,229656,229732,234357,234357,234357
"Utah","linear_increase_sd","Past",2020-12-15,"cumulative_deaths",1511,1511,1511,1526,1526,1541,1541,1541
"Utah","return_normal","Past",2020-12-15,"cumulative_deaths",1511,1511,1511,1526,1526,1541,1541,1541
"Utah","status_quo","Past",2020-12-15,"cumulative_deaths",1511,1511,1511,1526,1526,1541,1541,1541
"Utah","linear_increase_sd","Past",2020-12-15,"cumulative_hosps",24633,24633,24633,25442,25608,26085,26085,26085
"Utah","return_normal","Past",2020-12-15,"cumulative_hosps",24633,24633,24633,25442,25608,26085,26085,26085
"Utah","status_quo","Past",2020-12-15,"cumulative_hosps",24633,24633,24633,25442,25608,26085,26085,26085
"Utah","linear_increase_sd","Past",2020-12-15,"daily_all_infections",5888,5888,5888,6737,6719,7603,7603,7603
"Utah","return_normal","Past",2020-12-15,"daily_all_infections",5888,5888,5888,6737,6719,7603,7603,7603
"Utah","status_quo","Past",2020-12-15,"daily_all_infections",5888,5888,5888,6737,6719,7603,7603,7603
"Utah","linear_increase_sd","Past",2020-12-15,"daily_cases",2463,2463,2463,2668,2659,2880,2880,2880
"Utah","return_normal","Past",2020-12-15,"daily_cases",2463,2463,2463,2668,2659,2880,2880,2880
"Utah","status_quo","Past",2020-12-15,"daily_cases",2463,2463,2463,2668,2659,2880,2880,2880
"Utah","linear_increase_sd","Past",2020-12-15,"daily_deaths",13,13,13,14,14,14,14,14
"Utah","return_normal","Past",2020-12-15,"daily_deaths",13,13,13,14,14,14,14,14
"Utah","status_quo","Past",2020-12-15,"daily_deaths",13,13,13,14,14,14,14,14
"Utah","linear_increase_sd","Past",2020-12-15,"daily_hosps",331,331,331,343,340,358,358,358
"Utah","return_normal","Past",2020-12-15,"daily_hosps",331,331,331,343,340,358,358,358
"Utah","status_quo","Past",2020-12-15,"daily_hosps",331,331,331,343,340,358,358,358
"Utah","linear_increase_sd","Past",2020-12-15,"latent_trend",NA,NA,NA,0.630201450695541,NA,NA,NA,NA
"Utah","return_normal","Past",2020-12-15,"latent_trend",NA,NA,NA,0.630201450695541,NA,NA,NA,NA
"Utah","status_quo","Past",2020-12-15,"latent_trend",NA,NA,NA,0.630201450695541,NA,NA,NA,NA
"Utah","linear_increase_sd","Past",2020-12-15,"mobility_trend",NA,NA,NA,0.662589974408742,NA,NA,NA,NA
"Utah","return_normal","Past",2020-12-15,"mobility_trend",NA,NA,NA,0.662589974408742,NA,NA,NA,NA
"Utah","status_quo","Past",2020-12-15,"mobility_trend",NA,NA,NA,0.662589974408742,NA,NA,NA,NA
"Utah",NA,"Past",2020-12-16,"actual_cumulative_cases",NA,NA,NA,240715,NA,NA,NA,NA
"Utah",NA,"Past",2020-12-16,"actual_cumulative_deaths",NA,NA,NA,1101,NA,NA,NA,NA
"Utah",NA,"Past",2020-12-16,"actual_daily_cases",NA,NA,NA,2928,NA,NA,NA,NA
"Utah",NA,"Past",2020-12-16,"actual_daily_deaths",NA,NA,NA,19,NA,NA,NA,NA
"Utah","linear_increase_sd","Past",2020-12-16,"combined_trend",NA,NA,NA,0.421429381847531,NA,NA,NA,NA
"Utah","return_normal","Past",2020-12-16,"combined_trend",NA,NA,NA,0.421429381847531,NA,NA,NA,NA
"Utah","status_quo","Past",2020-12-16,"combined_trend",NA,NA,NA,0.421429381847531,NA,NA,NA,NA
"Utah","linear_increase_sd","Past",2020-12-16,"cumulative_all_infections",657919,657919,657919,666367,661796,679386,679386,679386
"Utah","return_normal","Past",2020-12-16,"cumulative_all_infections",657919,657919,657919,666367,661796,679386,679386,679386
"Utah","status_quo","Past",2020-12-16,"cumulative_all_infections",657919,657919,657919,666367,661796,679386,679386,679386
"Utah","linear_increase_sd","Past",2020-12-16,"cumulative_cases",227879,227879,227879,232359,232198,236998,236998,236998
"Utah","return_normal","Past",2020-12-16,"cumulative_cases",227879,227879,227879,232359,232198,236998,236998,236998
"Utah","status_quo","Past",2020-12-16,"cumulative_cases",227879,227879,227879,232359,232198,236998,236998,236998
"Utah","linear_increase_sd","Past",2020-12-16,"cumulative_deaths",1528,1528,1528,1543,1542,1557,1557,1557
"Utah","return_normal","Past",2020-12-16,"cumulative_deaths",1528,1528,1528,1543,1542,1557,1557,1557
"Utah","status_quo","Past",2020-12-16,"cumulative_deaths",1528,1528,1528,1543,1542,1557,1557,1557
"Utah","linear_increase_sd","Past",2020-12-16,"cumulative_hosps",24993,24993,24993,25783,25936,26420,26420,26420
"Utah","return_normal","Past",2020-12-16,"cumulative_hosps",24993,24993,24993,25783,25936,26420,26420,26420
"Utah","status_quo","Past",2020-12-16,"cumulative_hosps",24993,24993,24993,25783,25936,26420,26420,26420
"Utah","linear_increase_sd","Past",2020-12-16,"daily_all_infections",5858,5858,5858,6712,6729,7547,7547,7547
"Utah","return_normal","Past",2020-12-16,"daily_all_infections",5858,5858,5858,6712,6729,7547,7547,7547
"Utah","status_quo","Past",2020-12-16,"daily_all_infections",5858,5858,5858,6712,6729,7547,7547,7547
"Utah","linear_increase_sd","Past",2020-12-16,"daily_cases",2466,2466,2466,2703,2641,3001,3001,3001
"Utah","return_normal","Past",2020-12-16,"daily_cases",2466,2466,2466,2703,2641,3001,3001,3001
"Utah","status_quo","Past",2020-12-16,"daily_cases",2466,2466,2466,2703,2641,3001,3001,3001
"Utah","linear_increase_sd","Past",2020-12-16,"daily_deaths",16,16,16,17,16,17,17,17
"Utah","return_normal","Past",2020-12-16,"daily_deaths",16,16,16,17,16,17,17,17
"Utah","status_quo","Past",2020-12-16,"daily_deaths",16,16,16,17,16,17,17,17
"Utah","linear_increase_sd","Past",2020-12-16,"daily_hosps",328,328,328,341,335,360,360,360
"Utah","return_normal","Past",2020-12-16,"daily_hosps",328,328,328,341,335,360,360,360
"Utah","status_quo","Past",2020-12-16,"daily_hosps",328,328,328,341,335,360,360,360
"Utah","linear_increase_sd","Past",2020-12-16,"latent_trend",NA,NA,NA,0.634622627727649,NA,NA,NA,NA
"Utah","return_normal","Past",2020-12-16,"latent_trend",NA,NA,NA,0.634622627727649,NA,NA,NA,NA
"Utah","status_quo","Past",2020-12-16,"latent_trend",NA,NA,NA,0.634622627727649,NA,NA,NA,NA
"Utah","linear_increase_sd","Past",2020-12-16,"mobility_trend",NA,NA,NA,0.66406296188416,NA,NA,NA,NA
"Utah","return_normal","Past",2020-12-16,"mobility_trend",NA,NA,NA,0.66406296188416,NA,NA,NA,NA
"Utah","status_quo","Past",2020-12-16,"mobility_trend",NA,NA,NA,0.66406296188416,NA,NA,NA,NA
"Utah",NA,"Past",2020-12-17,"actual_cumulative_cases",NA,NA,NA,243918,NA,NA,NA,NA
"Utah",NA,"Past",2020-12-17,"actual_cumulative_deaths",NA,NA,NA,1131,NA,NA,NA,NA
"Utah",NA,"Past",2020-12-17,"actual_daily_cases",NA,NA,NA,3203,NA,NA,NA,NA
"Utah",NA,"Past",2020-12-17,"actual_daily_deaths",NA,NA,NA,30,NA,NA,NA,NA
"Utah","linear_increase_sd","Past",2020-12-17,"combined_trend",NA,NA,NA,0.425675558611088,NA,NA,NA,NA
"Utah","return_normal","Past",2020-12-17,"combined_trend",NA,NA,NA,0.425675558611088,NA,NA,NA,NA
"Utah","status_quo","Past",2020-12-17,"combined_trend",NA,NA,NA,0.425675558611088,NA,NA,NA,NA
"Utah","linear_increase_sd","Past",2020-12-17,"cumulative_all_infections",665432,665432,665432,673067,667660,686109,686109,686109
"Utah","return_normal","Past",2020-12-17,"cumulative_all_infections",665432,665432,665432,673067,667660,686109,686109,686109
"Utah","status_quo","Past",2020-12-17,"cumulative_all_infections",665432,665432,665432,673067,667660,686109,686109,686109
"Utah","linear_increase_sd","Past",2020-12-17,"cumulative_cases",230971,230971,230971,235089,234532,239763,239763,239763
"Utah","return_normal","Past",2020-12-17,"cumulative_cases",230971,230971,230971,235089,234532,239763,239763,239763
"Utah","status_quo","Past",2020-12-17,"cumulative_cases",230971,230971,230971,235089,234532,239763,239763,239763
"Utah","linear_increase_sd","Past",2020-12-17,"cumulative_deaths",1543,1543,1543,1557,1556,1572,1572,1572
"Utah","return_normal","Past",2020-12-17,"cumulative_deaths",1543,1543,1543,1557,1556,1572,1572,1572
"Utah","status_quo","Past",2020-12-17,"cumulative_deaths",1543,1543,1543,1557,1556,1572,1572,1572
"Utah","linear_increase_sd","Past",2020-12-17,"cumulative_hosps",25352,25352,25352,26120,26254,26752,26752,26752
"Utah","return_normal","Past",2020-12-17,"cumulative_hosps",25352,25352,25352,26120,26254,26752,26752,26752
"Utah","status_quo","Past",2020-12-17,"cumulative_hosps",25352,25352,25352,26120,26254,26752,26752,26752
"Utah","linear_increase_sd","Past",2020-12-17,"daily_all_infections",5864,5864,5864,6700,6723,7513,7513,7513
"Utah","return_normal","Past",2020-12-17,"daily_all_infections",5864,5864,5864,6700,6723,7513,7513,7513
"Utah","status_quo","Past",2020-12-17,"daily_all_infections",5864,5864,5864,6700,6723,7513,7513,7513
"Utah","linear_increase_sd","Past",2020-12-17,"daily_cases",2334,2334,2334,2731,2765,3092,3092,3092
"Utah","return_normal","Past",2020-12-17,"daily_cases",2334,2334,2334,2731,2765,3092,3092,3092
"Utah","status_quo","Past",2020-12-17,"daily_cases",2334,2334,2334,2731,2765,3092,3092,3092
"Utah","linear_increase_sd","Past",2020-12-17,"daily_deaths",14,14,14,15,15,15,15,15
"Utah","return_normal","Past",2020-12-17,"daily_deaths",14,14,14,15,15,15,15,15
"Utah","status_quo","Past",2020-12-17,"daily_deaths",14,14,14,15,15,15,15,15
"Utah","linear_increase_sd","Past",2020-12-17,"daily_hosps",318,318,318,337,332,359,359,359
"Utah","return_normal","Past",2020-12-17,"daily_hosps",318,318,318,337,332,359,359,359
"Utah","status_quo","Past",2020-12-17,"daily_hosps",318,318,318,337,332,359,359,359
"Utah","linear_increase_sd","Past",2020-12-17,"latent_trend",NA,NA,NA,0.639440915336281,NA,NA,NA,NA
"Utah","return_normal","Past",2020-12-17,"latent_trend",NA,NA,NA,0.639440915336281,NA,NA,NA,NA
"Utah","status_quo","Past",2020-12-17,"latent_trend",NA,NA,NA,0.639440915336281,NA,NA,NA,NA
"Utah","linear_increase_sd","Past",2020-12-17,"mobility_trend",NA,NA,NA,0.665699595383611,NA,NA,NA,NA
"Utah","return_normal","Past",2020-12-17,"mobility_trend",NA,NA,NA,0.665699595383611,NA,NA,NA,NA
"Utah","status_quo","Past",2020-12-17,"mobility_trend",NA,NA,NA,0.665699595383611,NA,NA,NA,NA
"Utah",NA,"Past",2020-12-18,"actual_cumulative_cases",NA,NA,NA,246562,NA,NA,NA,NA
"Utah",NA,"Past",2020-12-18,"actual_cumulative_deaths",NA,NA,NA,1145,NA,NA,NA,NA
"Utah",NA,"Past",2020-12-18,"actual_daily_cases",NA,NA,NA,2644,NA,NA,NA,NA
"Utah",NA,"Past",2020-12-18,"actual_daily_deaths",NA,NA,NA,14,NA,NA,NA,NA
"Utah","linear_increase_sd","Past",2020-12-18,"combined_trend",NA,NA,NA,0.43021998023033,NA,NA,NA,NA
"Utah","return_normal","Past",2020-12-18,"combined_trend",NA,NA,NA,0.43021998023033,NA,NA,NA,NA
"Utah","status_quo","Past",2020-12-18,"combined_trend",NA,NA,NA,0.43021998023033,NA,NA,NA,NA
"Utah","linear_increase_sd","Past",2020-12-18,"cumulative_all_infections",672897,672897,672897,679748,673508,692839,692839,692839
"Utah","return_normal","Past",2020-12-18,"cumulative_all_infections",672897,672897,672897,679748,673508,692839,692839,692839
"Utah","status_quo","Past",2020-12-18,"cumulative_all_infections",672897,672897,672897,679748,673508,692839,692839,692839
"Utah","linear_increase_sd","Past",2020-12-18,"cumulative_cases",233923,233923,233923,237717,236893,242334,242334,242334
"Utah","return_normal","Past",2020-12-18,"cumulative_cases",233923,233923,233923,237717,236893,242334,242334,242334
"Utah","status_quo","Past",2020-12-18,"cumulative_cases",233923,233923,233923,237717,236893,242334,242334,242334
"Utah","linear_increase_sd","Past",2020-12-18,"cumulative_deaths",1558,1558,1558,1573,1572,1588,1588,1588
"Utah","return_normal","Past",2020-12-18,"cumulative_deaths",1558,1558,1558,1573,1572,1588,1588,1588
"Utah","status_quo","Past",2020-12-18,"cumulative_deaths",1558,1558,1558,1573,1572,1588,1588,1588
"Utah","linear_increase_sd","Past",2020-12-18,"cumulative_hosps",25711,25711,25711,26454,26571,27079,27079,27079
"Utah","return_normal","Past",2020-12-18,"cumulative_hosps",25711,25711,25711,26454,26571,27079,27079,27079
"Utah","status_quo","Past",2020-12-18,"cumulative_hosps",25711,25711,25711,26454,26571,27079,27079,27079
"Utah","linear_increase_sd","Past",2020-12-18,"daily_all_infections",5848,5848,5848,6681,6730,7465,7465,7465
"Utah","return_normal","Past",2020-12-18,"daily_all_infections",5848,5848,5848,6681,6730,7465,7465,7465
"Utah","status_quo","Past",2020-12-18,"daily_all_infections",5848,5848,5848,6681,6730,7465,7465,7465
"Utah","linear_increase_sd","Past",2020-12-18,"daily_cases",2361,2361,2361,2628,2571,2952,2952,2952
"Utah","return_normal","Past",2020-12-18,"daily_cases",2361,2361,2361,2628,2571,2952,2952,2952
"Utah","status_quo","Past",2020-12-18,"daily_cases",2361,2361,2361,2628,2571,2952,2952,2952
"Utah","linear_increase_sd","Past",2020-12-18,"daily_deaths",15,15,15,16,16,16,16,16
"Utah","return_normal","Past",2020-12-18,"daily_deaths",15,15,15,16,16,16,16,16
"Utah","status_quo","Past",2020-12-18,"daily_deaths",15,15,15,16,16,16,16,16
"Utah","linear_increase_sd","Past",2020-12-18,"daily_hosps",317,317,317,335,327,359,359,359
"Utah","return_normal","Past",2020-12-18,"daily_hosps",317,317,317,335,327,359,359,359
"Utah","status_quo","Past",2020-12-18,"daily_hosps",317,317,317,335,327,359,359,359
"Utah","linear_increase_sd","Past",2020-12-18,"latent_trend",NA,NA,NA,0.64458181772719,NA,NA,NA,NA
"Utah","return_normal","Past",2020-12-18,"latent_trend",NA,NA,NA,0.64458181772719,NA,NA,NA,NA
"Utah","status_quo","Past",2020-12-18,"latent_trend",NA,NA,NA,0.64458181772719,NA,NA,NA,NA
"Utah","linear_increase_sd","Past",2020-12-18,"mobility_trend",NA,NA,NA,0.66744045270668,NA,NA,NA,NA
"Utah","return_normal","Past",2020-12-18,"mobility_trend",NA,NA,NA,0.66744045270668,NA,NA,NA,NA
"Utah","status_quo","Past",2020-12-18,"mobility_trend",NA,NA,NA,0.66744045270668,NA,NA,NA,NA
"Utah",NA,"Past",2020-12-19,"actual_cumulative_cases",NA,NA,NA,248970,NA,NA,NA,NA
"Utah",NA,"Past",2020-12-19,"actual_cumulative_deaths",NA,NA,NA,1153,NA,NA,NA,NA
"Utah",NA,"Past",2020-12-19,"actual_daily_cases",NA,NA,NA,2408,NA,NA,NA,NA
"Utah",NA,"Past",2020-12-19,"actual_daily_deaths",NA,NA,NA,8,NA,NA,NA,NA
"Utah","linear_increase_sd","Past",2020-12-19,"combined_trend",NA,NA,NA,0.434964780009212,NA,NA,NA,NA
"Utah","return_normal","Past",2020-12-19,"combined_trend",NA,NA,NA,0.434964780009212,NA,NA,NA,NA
"Utah","status_quo","Past",2020-12-19,"combined_trend",NA,NA,NA,0.434964780009212,NA,NA,NA,NA
"Utah","linear_increase_sd","Past",2020-12-19,"cumulative_all_infections",679385,679385,679385,686426,680303,699588,699588,699588
"Utah","return_normal","Past",2020-12-19,"cumulative_all_infections",679385,679385,679385,686426,680303,699588,699588,699588
"Utah","status_quo","Past",2020-12-19,"cumulative_all_infections",679385,679385,679385,686426,680303,699588,699588,699588
"Utah","linear_increase_sd","Past",2020-12-19,"cumulative_cases",236806,236806,236806,240349,239221,245018,245018,245018
"Utah","return_normal","Past",2020-12-19,"cumulative_cases",236806,236806,236806,240349,239221,245018,245018,245018
"Utah","status_quo","Past",2020-12-19,"cumulative_cases",236806,236806,236806,240349,239221,245018,245018,245018
"Utah","linear_increase_sd","Past",2020-12-19,"cumulative_deaths",1572,1572,1572,1587,1586,1602,1602,1602
"Utah","return_normal","Past",2020-12-19,"cumulative_deaths",1572,1572,1572,1587,1586,1602,1602,1602
"Utah","status_quo","Past",2020-12-19,"cumulative_deaths",1572,1572,1572,1587,1586,1602,1602,1602
"Utah","linear_increase_sd","Past",2020-12-19,"cumulative_hosps",26068,26068,26068,26784,26879,27404,27404,27404
"Utah","return_normal","Past",2020-12-19,"cumulative_hosps",26068,26068,26068,26784,26879,27404,27404,27404
"Utah","status_quo","Past",2020-12-19,"cumulative_hosps",26068,26068,26068,26784,26879,27404,27404,27404
"Utah","linear_increase_sd","Past",2020-12-19,"daily_all_infections",5877,5877,5877,6678,6749,7406,7406,7406
"Utah","return_normal","Past",2020-12-19,"daily_all_infections",5877,5877,5877,6678,6749,7406,7406,7406
"Utah","status_quo","Past",2020-12-19,"daily_all_infections",5877,5877,5877,6678,6749,7406,7406,7406
"Utah","linear_increase_sd","Past",2020-12-19,"daily_cases",2328,2328,2328,2632,2684,2883,2883,2883
"Utah","return_normal","Past",2020-12-19,"daily_cases",2328,2328,2328,2632,2684,2883,2883,2883
"Utah","status_quo","Past",2020-12-19,"daily_cases",2328,2328,2328,2632,2684,2883,2883,2883
"Utah","linear_increase_sd","Past",2020-12-19,"daily_deaths",14,14,14,14,14,14,14,14
"Utah","return_normal","Past",2020-12-19,"daily_deaths",14,14,14,14,14,14,14,14
"Utah","status_quo","Past",2020-12-19,"daily_deaths",14,14,14,14,14,14,14,14
"Utah","linear_increase_sd","Past",2020-12-19,"daily_hosps",308,308,308,330,325,357,357,357
"Utah","return_normal","Past",2020-12-19,"daily_hosps",308,308,308,330,325,357,357,357
"Utah","status_quo","Past",2020-12-19,"daily_hosps",308,308,308,330,325,357,357,357
"Utah","linear_increase_sd","Past",2020-12-19,"latent_trend",NA,NA,NA,0.649971646655791,NA,NA,NA,NA
"Utah","return_normal","Past",2020-12-19,"latent_trend",NA,NA,NA,0.649971646655791,NA,NA,NA,NA
"Utah","status_quo","Past",2020-12-19,"latent_trend",NA,NA,NA,0.649971646655791,NA,NA,NA,NA
"Utah","linear_increase_sd","Past",2020-12-19,"mobility_trend",NA,NA,NA,0.669205775739875,NA,NA,NA,NA
"Utah","return_normal","Past",2020-12-19,"mobility_trend",NA,NA,NA,0.669205775739875,NA,NA,NA,NA
"Utah","status_quo","Past",2020-12-19,"mobility_trend",NA,NA,NA,0.669205775739875,NA,NA,NA,NA
"Utah",NA,"Past",2020-12-20,"actual_cumulative_cases",NA,NA,NA,250964,NA,NA,NA,NA
"Utah",NA,"Past",2020-12-20,"actual_cumulative_deaths",NA,NA,NA,1160,NA,NA,NA,NA
"Utah",NA,"Past",2020-12-20,"actual_daily_cases",NA,NA,NA,1994,NA,NA,NA,NA
"Utah",NA,"Past",2020-12-20,"actual_daily_deaths",NA,NA,NA,7,NA,NA,NA,NA
"Utah","linear_increase_sd","Past",2020-12-20,"combined_trend",NA,NA,NA,0.439807386159027,NA,NA,NA,NA
"Utah","return_normal","Past",2020-12-20,"combined_trend",NA,NA,NA,0.439807386159027,NA,NA,NA,NA
"Utah","status_quo","Past",2020-12-20,"combined_trend",NA,NA,NA,0.439807386159027,NA,NA,NA,NA
"Utah","linear_increase_sd","Past",2020-12-20,"cumulative_all_infections",685297,685297,685297,693112,687659,706378,706378,706378
"Utah","return_normal","Past",2020-12-20,"cumulative_all_infections",685297,685297,685297,693112,687659,706378,706378,706378
"Utah","status_quo","Past",2020-12-20,"cumulative_all_infections",685297,685297,685297,693112,687659,706378,706378,706378
"Utah","linear_increase_sd","Past",2020-12-20,"cumulative_cases",239720,239720,239720,242922,241438,247608,247608,247608
"Utah","return_normal","Past",2020-12-20,"cumulative_cases",239720,239720,239720,242922,241438,247608,247608,247608
"Utah","status_quo","Past",2020-12-20,"cumulative_cases",239720,239720,239720,242922,241438,247608,247608,247608
"Utah","linear_increase_sd","Past",2020-12-20,"cumulative_deaths",1589,1589,1589,1602,1601,1616,1616,1616
"Utah","return_normal","Past",2020-12-20,"cumulative_deaths",1589,1589,1589,1602,1601,1616,1616,1616
"Utah","status_quo","Past",2020-12-20,"cumulative_deaths",1589,1589,1589,1602,1601,1616,1616,1616
"Utah","linear_increase_sd","Past",2020-12-20,"cumulative_hosps",26427,26427,26427,27111,27180,27726,27726,27726
"Utah","return_normal","Past",2020-12-20,"cumulative_hosps",26427,26427,26427,27111,27180,27726,27726,27726
"Utah","status_quo","Past",2020-12-20,"cumulative_hosps",26427,26427,26427,27111,27180,27726,27726,27726
"Utah","linear_increase_sd","Past",2020-12-20,"daily_all_infections",5912,5912,5912,6686,6790,7356,7356,7356
"Utah","return_normal","Past",2020-12-20,"daily_all_infections",5912,5912,5912,6686,6790,7356,7356,7356
"Utah","status_quo","Past",2020-12-20,"daily_all_infections",5912,5912,5912,6686,6790,7356,7356,7356
"Utah","linear_increase_sd","Past",2020-12-20,"daily_cases",2217,2217,2217,2574,2590,2914,2914,2914
"Utah","return_normal","Past",2020-12-20,"daily_cases",2217,2217,2217,2574,2590,2914,2914,2914
"Utah","status_quo","Past",2020-12-20,"daily_cases",2217,2217,2217,2574,2590,2914,2914,2914
"Utah","linear_increase_sd","Past",2020-12-20,"daily_deaths",14,14,14,16,15,17,17,17
"Utah","return_normal","Past",2020-12-20,"daily_deaths",14,14,14,16,15,17,17,17
"Utah","status_quo","Past",2020-12-20,"daily_deaths",14,14,14,16,15,17,17,17
"Utah","linear_increase_sd","Past",2020-12-20,"daily_hosps",301,301,301,328,322,359,359,359
"Utah","return_normal","Past",2020-12-20,"daily_hosps",301,301,301,328,322,359,359,359
"Utah","status_quo","Past",2020-12-20,"daily_hosps",301,301,301,328,322,359,359,359
"Utah","linear_increase_sd","Past",2020-12-20,"latent_trend",NA,NA,NA,0.655537870361278,NA,NA,NA,NA
"Utah","return_normal","Past",2020-12-20,"latent_trend",NA,NA,NA,0.655537870361278,NA,NA,NA,NA
"Utah","status_quo","Past",2020-12-20,"latent_trend",NA,NA,NA,0.655537870361278,NA,NA,NA,NA
"Utah","linear_increase_sd","Past",2020-12-20,"mobility_trend",NA,NA,NA,0.670910722391434,NA,NA,NA,NA
"Utah","return_normal","Past",2020-12-20,"mobility_trend",NA,NA,NA,0.670910722391434,NA,NA,NA,NA
"Utah","status_quo","Past",2020-12-20,"mobility_trend",NA,NA,NA,0.670910722391434,NA,NA,NA,NA
"Utah",NA,"Past",2020-12-21,"actual_cumulative_cases",NA,NA,NA,252783,NA,NA,NA,NA
"Utah",NA,"Past",2020-12-21,"actual_cumulative_deaths",NA,NA,NA,1166,NA,NA,NA,NA
"Utah",NA,"Past",2020-12-21,"actual_daily_cases",NA,NA,NA,1819,NA,NA,NA,NA
"Utah",NA,"Past",2020-12-21,"actual_daily_deaths",NA,NA,NA,6,NA,NA,NA,NA
"Utah","linear_increase_sd","Past",2020-12-21,"combined_trend",NA,NA,NA,0.444643811963999,NA,NA,NA,NA
"Utah","return_normal","Past",2020-12-21,"combined_trend",NA,NA,NA,0.444643811963999,NA,NA,NA,NA
"Utah","status_quo","Past",2020-12-21,"combined_trend",NA,NA,NA,0.444643811963999,NA,NA,NA,NA
"Utah","linear_increase_sd","Past",2020-12-21,"cumulative_all_infections",691252,691252,691252,699804,694960,713200,713200,713200
"Utah","return_normal","Past",2020-12-21,"cumulative_all_infections",691252,691252,691252,699804,694960,713200,713200,713200
"Utah","status_quo","Past",2020-12-21,"cumulative_all_infections",691252,691252,691252,699804,694960,713200,713200,713200
"Utah","linear_increase_sd","Past",2020-12-21,"cumulative_cases",242275,242275,242275,245435,243874,250156,250156,250156
"Utah","return_normal","Past",2020-12-21,"cumulative_cases",242275,242275,242275,245435,243874,250156,250156,250156
"Utah","status_quo","Past",2020-12-21,"cumulative_cases",242275,242275,242275,245435,243874,250156,250156,250156
"Utah","linear_increase_sd","Past",2020-12-21,"cumulative_deaths",1604,1604,1604,1616,1613,1630,1630,1630
"Utah","return_normal","Past",2020-12-21,"cumulative_deaths",1604,1604,1604,1616,1613,1630,1630,1630
"Utah","status_quo","Past",2020-12-21,"cumulative_deaths",1604,1604,1604,1616,1613,1630,1630,1630
"Utah","linear_increase_sd","Past",2020-12-21,"cumulative_hosps",26785,26785,26785,27436,27476,28047,28047,28047
"Utah","return_normal","Past",2020-12-21,"cumulative_hosps",26785,26785,26785,27436,27476,28047,28047,28047
"Utah","status_quo","Past",2020-12-21,"cumulative_hosps",26785,26785,26785,27436,27476,28047,28047,28047
"Utah","linear_increase_sd","Past",2020-12-21,"daily_all_infections",5955,5955,5955,6693,6822,7301,7301,7301
"Utah","return_normal","Past",2020-12-21,"daily_all_infections",5955,5955,5955,6693,6822,7301,7301,7301
"Utah","status_quo","Past",2020-12-21,"daily_all_infections",5955,5955,5955,6693,6822,7301,7301,7301
"Utah","linear_increase_sd","Past",2020-12-21,"daily_cases",2436,2436,2436,2513,2548,2555,2555,2555
"Utah","return_normal","Past",2020-12-21,"daily_cases",2436,2436,2436,2513,2548,2555,2555,2555
"Utah","status_quo","Past",2020-12-21,"daily_cases",2436,2436,2436,2513,2548,2555,2555,2555
"Utah","linear_increase_sd","Past",2020-12-21,"daily_deaths",12,12,12,14,14,15,15,15
"Utah","return_normal","Past",2020-12-21,"daily_deaths",12,12,12,14,14,15,15,15
"Utah","status_quo","Past",2020-12-21,"daily_deaths",12,12,12,14,14,15,15,15
"Utah","linear_increase_sd","Past",2020-12-21,"daily_hosps",296,296,296,325,321,358,358,358
"Utah","return_normal","Past",2020-12-21,"daily_hosps",296,296,296,325,321,358,358,358
"Utah","status_quo","Past",2020-12-21,"daily_hosps",296,296,296,325,321,358,358,358
"Utah","linear_increase_sd","Past",2020-12-21,"latent_trend",NA,NA,NA,0.661209442864552,NA,NA,NA,NA
"Utah","return_normal","Past",2020-12-21,"latent_trend",NA,NA,NA,0.661209442864552,NA,NA,NA,NA
"Utah","status_quo","Past",2020-12-21,"latent_trend",NA,NA,NA,0.661209442864552,NA,NA,NA,NA
"Utah","linear_increase_sd","Past",2020-12-21,"mobility_trend",NA,NA,NA,0.672470450569598,NA,NA,NA,NA
"Utah","return_normal","Past",2020-12-21,"mobility_trend",NA,NA,NA,0.672470450569598,NA,NA,NA,NA
"Utah","status_quo","Past",2020-12-21,"mobility_trend",NA,NA,NA,0.672470450569598,NA,NA,NA,NA
"Utah",NA,"Past",2020-12-22,"actual_cumulative_cases",NA,NA,NA,255085,NA,NA,NA,NA
"Utah",NA,"Past",2020-12-22,"actual_cumulative_deaths",NA,NA,NA,1178,NA,NA,NA,NA
"Utah",NA,"Past",2020-12-22,"actual_daily_cases",NA,NA,NA,2302,NA,NA,NA,NA
"Utah",NA,"Past",2020-12-22,"actual_daily_deaths",NA,NA,NA,12,NA,NA,NA,NA
"Utah","linear_increase_sd","Past",2020-12-22,"combined_trend",NA,NA,NA,0.449377488139524,NA,NA,NA,NA
"Utah","return_normal","Past",2020-12-22,"combined_trend",NA,NA,NA,0.449377488139524,NA,NA,NA,NA
"Utah","status_quo","Past",2020-12-22,"combined_trend",NA,NA,NA,0.449377488139524,NA,NA,NA,NA
"Utah","linear_increase_sd","Past",2020-12-22,"cumulative_all_infections",697274,697274,697274,706518,702220,720059,720059,720059
"Utah","return_normal","Past",2020-12-22,"cumulative_all_infections",697274,697274,697274,706518,702220,720059,720059,720059
"Utah","status_quo","Past",2020-12-22,"cumulative_all_infections",697274,697274,697274,706518,702220,720059,720059,720059
"Utah","linear_increase_sd","Past",2020-12-22,"cumulative_cases",245154,245154,245154,248015,246160,252729,252729,252729
"Utah","return_normal","Past",2020-12-22,"cumulative_cases",245154,245154,245154,248015,246160,252729,252729,252729
"Utah","status_quo","Past",2020-12-22,"cumulative_cases",245154,245154,245154,248015,246160,252729,252729,252729
"Utah","linear_increase_sd","Past",2020-12-22,"cumulative_deaths",1618,1618,1618,1629,1625,1644,1644,1644
"Utah","return_normal","Past",2020-12-22,"cumulative_deaths",1618,1618,1618,1629,1625,1644,1644,1644
"Utah","status_quo","Past",2020-12-22,"cumulative_deaths",1618,1618,1618,1629,1625,1644,1644,1644
"Utah","linear_increase_sd","Past",2020-12-22,"cumulative_hosps",27142,27142,27142,27758,27764,28366,28366,28366
"Utah","return_normal","Past",2020-12-22,"cumulative_hosps",27142,27142,27142,27758,27764,28366,28366,28366
"Utah","status_quo","Past",2020-12-22,"cumulative_hosps",27142,27142,27142,27758,27764,28366,28366,28366
"Utah","linear_increase_sd","Past",2020-12-22,"daily_all_infections",6022,6022,6022,6714,6859,7260,7260,7260
"Utah","return_normal","Past",2020-12-22,"daily_all_infections",6022,6022,6022,6714,6859,7260,7260,7260
"Utah","status_quo","Past",2020-12-22,"daily_all_infections",6022,6022,6022,6714,6859,7260,7260,7260
"Utah","linear_increase_sd","Past",2020-12-22,"daily_cases",2286,2286,2286,2580,2573,2879,2879,2879
"Utah","return_normal","Past",2020-12-22,"daily_cases",2286,2286,2286,2580,2573,2879,2879,2879
"Utah","status_quo","Past",2020-12-22,"daily_cases",2286,2286,2286,2580,2573,2879,2879,2879
"Utah","linear_increase_sd","Past",2020-12-22,"daily_deaths",12,12,12,14,14,14,14,14
"Utah","return_normal","Past",2020-12-22,"daily_deaths",12,12,12,14,14,14,14,14
"Utah","status_quo","Past",2020-12-22,"daily_deaths",12,12,12,14,14,14,14,14
"Utah","linear_increase_sd","Past",2020-12-22,"daily_hosps",288,288,288,322,319,357,357,357
"Utah","return_normal","Past",2020-12-22,"daily_hosps",288,288,288,322,319,357,357,357
"Utah","status_quo","Past",2020-12-22,"daily_hosps",288,288,288,322,319,357,357,357
"Utah","linear_increase_sd","Past",2020-12-22,"latent_trend",NA,NA,NA,0.666917101131338,NA,NA,NA,NA
"Utah","return_normal","Past",2020-12-22,"latent_trend",NA,NA,NA,0.666917101131338,NA,NA,NA,NA
"Utah","status_quo","Past",2020-12-22,"latent_trend",NA,NA,NA,0.666917101131338,NA,NA,NA,NA
"Utah","linear_increase_sd","Past",2020-12-22,"mobility_trend",NA,NA,NA,0.673813113169859,NA,NA,NA,NA
"Utah","return_normal","Past",2020-12-22,"mobility_trend",NA,NA,NA,0.673813113169859,NA,NA,NA,NA
"Utah","status_quo","Past",2020-12-22,"mobility_trend",NA,NA,NA,0.673813113169859,NA,NA,NA,NA
"Utah",NA,"Past",2020-12-23,"actual_cumulative_cases",NA,NA,NA,257697,NA,NA,NA,NA
"Utah",NA,"Past",2020-12-23,"actual_cumulative_deaths",NA,NA,NA,1201,NA,NA,NA,NA
"Utah",NA,"Past",2020-12-23,"actual_daily_cases",NA,NA,NA,2612,NA,NA,NA,NA
"Utah",NA,"Past",2020-12-23,"actual_daily_deaths",NA,NA,NA,23,NA,NA,NA,NA
"Utah","linear_increase_sd","Past",2020-12-23,"combined_trend",NA,NA,NA,0.453946105530051,NA,NA,NA,NA
"Utah","return_normal","Past",2020-12-23,"combined_trend",NA,NA,NA,0.453946105530051,NA,NA,NA,NA
"Utah","status_quo","Past",2020-12-23,"combined_trend",NA,NA,NA,0.453946105530051,NA,NA,NA,NA
"Utah","linear_increase_sd","Past",2020-12-23,"cumulative_all_infections",703339,703339,703339,713238,709412,726962,726962,726962
"Utah","return_normal","Past",2020-12-23,"cumulative_all_infections",703339,703339,703339,713238,709412,726962,726962,726962
"Utah","status_quo","Past",2020-12-23,"cumulative_all_infections",703339,703339,703339,713238,709412,726962,726962,726962
"Utah","linear_increase_sd","Past",2020-12-23,"cumulative_cases",248258,248258,248258,250649,248479,255208,255208,255208
"Utah","return_normal","Past",2020-12-23,"cumulative_cases",248258,248258,248258,250649,248479,255208,255208,255208
"Utah","status_quo","Past",2020-12-23,"cumulative_cases",248258,248258,248258,250649,248479,255208,255208,255208
"Utah","linear_increase_sd","Past",2020-12-23,"cumulative_deaths",1633,1633,1633,1644,1639,1658,1658,1658
"Utah","return_normal","Past",2020-12-23,"cumulative_deaths",1633,1633,1633,1644,1639,1658,1658,1658
"Utah","status_quo","Past",2020-12-23,"cumulative_deaths",1633,1633,1633,1644,1639,1658,1658,1658
"Utah","linear_increase_sd","Past",2020-12-23,"cumulative_hosps",27497,27497,27497,28076,28048,28683,28683,28683
"Utah","return_normal","Past",2020-12-23,"cumulative_hosps",27497,27497,27497,28076,28048,28683,28683,28683
"Utah","status_quo","Past",2020-12-23,"cumulative_hosps",27497,27497,27497,28076,28048,28683,28683,28683
"Utah","linear_increase_sd","Past",2020-12-23,"daily_all_infections",6065,6065,6065,6720,6903,7192,7192,7192
"Utah","return_normal","Past",2020-12-23,"daily_all_infections",6065,6065,6065,6720,6903,7192,7192,7192
"Utah","status_quo","Past",2020-12-23,"daily_all_infections",6065,6065,6065,6720,6903,7192,7192,7192
"Utah","linear_increase_sd","Past",2020-12-23,"daily_cases",2319,2319,2319,2634,2479,3104,3104,3104
"Utah","return_normal","Past",2020-12-23,"daily_cases",2319,2319,2319,2634,2479,3104,3104,3104
"Utah","status_quo","Past",2020-12-23,"daily_cases",2319,2319,2319,2634,2479,3104,3104,3104
"Utah","linear_increase_sd","Past",2020-12-23,"daily_deaths",14,14,14,15,14,15,15,15
"Utah","return_normal","Past",2020-12-23,"daily_deaths",14,14,14,15,14,15,15,15
"Utah","status_quo","Past",2020-12-23,"daily_deaths",14,14,14,15,14,15,15,15
"Utah","linear_increase_sd","Past",2020-12-23,"daily_hosps",284,284,284,319,317,355,355,355
"Utah","return_normal","Past",2020-12-23,"daily_hosps",284,284,284,319,317,355,355,355
"Utah","status_quo","Past",2020-12-23,"daily_hosps",284,284,284,319,317,355,355,355
"Utah","linear_increase_sd","Past",2020-12-23,"latent_trend",NA,NA,NA,0.672593616571102,NA,NA,NA,NA
"Utah","return_normal","Past",2020-12-23,"latent_trend",NA,NA,NA,0.672593616571102,NA,NA,NA,NA
"Utah","status_quo","Past",2020-12-23,"latent_trend",NA,NA,NA,0.672593616571102,NA,NA,NA,NA
"Utah","linear_increase_sd","Past",2020-12-23,"mobility_trend",NA,NA,NA,0.674918843036719,NA,NA,NA,NA
"Utah","return_normal","Past",2020-12-23,"mobility_trend",NA,NA,NA,0.674918843036719,NA,NA,NA,NA
"Utah","status_quo","Past",2020-12-23,"mobility_trend",NA,NA,NA,0.674918843036719,NA,NA,NA,NA
"Utah",NA,"Past",2020-12-24,"actual_cumulative_cases",NA,NA,NA,260589,NA,NA,NA,NA
"Utah",NA,"Past",2020-12-24,"actual_cumulative_deaths",NA,NA,NA,1209,NA,NA,NA,NA
"Utah",NA,"Past",2020-12-24,"actual_daily_cases",NA,NA,NA,2892,NA,NA,NA,NA
"Utah",NA,"Past",2020-12-24,"actual_daily_deaths",NA,NA,NA,8,NA,NA,NA,NA
"Utah","linear_increase_sd","Past",2020-12-24,"combined_trend",NA,NA,NA,0.458296938054344,NA,NA,NA,NA
"Utah","return_normal","Past",2020-12-24,"combined_trend",NA,NA,NA,0.458296938054344,NA,NA,NA,NA
"Utah","status_quo","Past",2020-12-24,"combined_trend",NA,NA,NA,0.458296938054344,NA,NA,NA,NA
"Utah","linear_increase_sd","Past",2020-12-24,"cumulative_all_infections",709499,709499,709499,719992,716543,733933,733933,733933
"Utah","return_normal","Past",2020-12-24,"cumulative_all_infections",709499,709499,709499,719992,716543,733933,733933,733933
"Utah","status_quo","Past",2020-12-24,"cumulative_all_infections",709499,709499,709499,719992,716543,733933,733933,733933
"Utah","linear_increase_sd","Past",2020-12-24,"cumulative_cases",250763,250763,250763,253172,251075,257678,257678,257678
"Utah","return_normal","Past",2020-12-24,"cumulative_cases",250763,250763,250763,253172,251075,257678,257678,257678
"Utah","status_quo","Past",2020-12-24,"cumulative_cases",250763,250763,250763,253172,251075,257678,257678,257678
"Utah","linear_increase_sd","Past",2020-12-24,"cumulative_deaths",1647,1647,1647,1657,1651,1672,1672,1672
"Utah","return_normal","Past",2020-12-24,"cumulative_deaths",1647,1647,1647,1657,1651,1672,1672,1672
"Utah","status_quo","Past",2020-12-24,"cumulative_deaths",1647,1647,1647,1657,1651,1672,1672,1672
"Utah","linear_increase_sd","Past",2020-12-24,"cumulative_hosps",27849,27849,27849,28392,28329,28997,28997,28997
"Utah","return_normal","Past",2020-12-24,"cumulative_hosps",27849,27849,27849,28392,28329,28997,28997,28997
"Utah","status_quo","Past",2020-12-24,"cumulative_hosps",27849,27849,27849,28392,28329,28997,28997,28997
"Utah","linear_increase_sd","Past",2020-12-24,"daily_all_infections",6160,6160,6160,6754,6971,7131,7131,7131
"Utah","return_normal","Past",2020-12-24,"daily_all_infections",6160,6160,6160,6754,6971,7131,7131,7131
"Utah","status_quo","Past",2020-12-24,"daily_all_infections",6160,6160,6160,6754,6971,7131,7131,7131
"Utah","linear_increase_sd","Past",2020-12-24,"daily_cases",2284,2284,2284,2524,2470,2817,2817,2817
"Utah","return_normal","Past",2020-12-24,"daily_cases",2284,2284,2284,2524,2470,2817,2817,2817
"Utah","status_quo","Past",2020-12-24,"daily_cases",2284,2284,2284,2524,2470,2817,2817,2817
"Utah","linear_increase_sd","Past",2020-12-24,"daily_deaths",12,12,12,14,14,14,14,14
"Utah","return_normal","Past",2020-12-24,"daily_deaths",12,12,12,14,14,14,14,14
"Utah","status_quo","Past",2020-12-24,"daily_deaths",12,12,12,14,14,14,14,14
"Utah","linear_increase_sd","Past",2020-12-24,"daily_hosps",281,281,281,316,314,352,352,352
"Utah","return_normal","Past",2020-12-24,"daily_hosps",281,281,281,316,314,352,352,352
"Utah","status_quo","Past",2020-12-24,"daily_hosps",281,281,281,316,314,352,352,352
"Utah","linear_increase_sd","Past",2020-12-24,"latent_trend",NA,NA,NA,0.678173987415148,NA,NA,NA,NA
"Utah","return_normal","Past",2020-12-24,"latent_trend",NA,NA,NA,0.678173987415148,NA,NA,NA,NA
"Utah","status_quo","Past",2020-12-24,"latent_trend",NA,NA,NA,0.678173987415148,NA,NA,NA,NA
"Utah","linear_increase_sd","Past",2020-12-24,"mobility_trend",NA,NA,NA,0.675780768001935,NA,NA,NA,NA
"Utah","return_normal","Past",2020-12-24,"mobility_trend",NA,NA,NA,0.675780768001935,NA,NA,NA,NA
"Utah","status_quo","Past",2020-12-24,"mobility_trend",NA,NA,NA,0.675780768001935,NA,NA,NA,NA
"Utah",NA,"Past",2020-12-25,"actual_cumulative_cases",NA,NA,NA,260589,NA,NA,NA,NA
"Utah",NA,"Past",2020-12-25,"actual_cumulative_deaths",NA,NA,NA,1209,NA,NA,NA,NA
"Utah",NA,"Past",2020-12-25,"actual_daily_cases",NA,NA,NA,0,NA,NA,NA,NA
"Utah",NA,"Past",2020-12-25,"actual_daily_deaths",NA,NA,NA,0,NA,NA,NA,NA
"Utah","linear_increase_sd","Past",2020-12-25,"combined_trend",NA,NA,NA,0.462378578572452,NA,NA,NA,NA
"Utah","return_normal","Past",2020-12-25,"combined_trend",NA,NA,NA,0.462378578572452,NA,NA,NA,NA
"Utah","status_quo","Past",2020-12-25,"combined_trend",NA,NA,NA,0.462378578572452,NA,NA,NA,NA
"Utah","linear_increase_sd","Past",2020-12-25,"cumulative_all_infections",715737,715737,715737,726771,723616,740960,740960,740960
"Utah","return_normal","Past",2020-12-25,"cumulative_all_infections",715737,715737,715737,726771,723616,740960,740960,740960
"Utah","status_quo","Past",2020-12-25,"cumulative_all_infections",715737,715737,715737,726771,723616,740960,740960,740960
"Utah","linear_increase_sd","Past",2020-12-25,"cumulative_cases",253043,253043,253043,255723,253818,260306,260306,260306
"Utah","return_normal","Past",2020-12-25,"cumulative_cases",253043,253043,253043,255723,253818,260306,260306,260306
"Utah","status_quo","Past",2020-12-25,"cumulative_cases",253043,253043,253043,255723,253818,260306,260306,260306
"Utah","linear_increase_sd","Past",2020-12-25,"cumulative_deaths",1661,1661,1661,1670,1663,1685,1685,1685
"Utah","return_normal","Past",2020-12-25,"cumulative_deaths",1661,1661,1661,1670,1663,1685,1685,1685
"Utah","status_quo","Past",2020-12-25,"cumulative_deaths",1661,1661,1661,1670,1663,1685,1685,1685
"Utah","linear_increase_sd","Past",2020-12-25,"cumulative_hosps",28201,28201,28201,28706,28605,29311,29311,29311
"Utah","return_normal","Past",2020-12-25,"cumulative_hosps",28201,28201,28201,28706,28605,29311,29311,29311
"Utah","status_quo","Past",2020-12-25,"cumulative_hosps",28201,28201,28201,28706,28605,29311,29311,29311
"Utah","linear_increase_sd","Past",2020-12-25,"daily_all_infections",6238,6238,6238,6780,7027,7073,7073,7073
"Utah","return_normal","Past",2020-12-25,"daily_all_infections",6238,6238,6238,6780,7027,7073,7073,7073
"Utah","status_quo","Past",2020-12-25,"daily_all_infections",6238,6238,6238,6780,7027,7073,7073,7073
"Utah","linear_increase_sd","Past",2020-12-25,"daily_cases",2280,2280,2280,2551,2628,2743,2743,2743
"Utah","return_normal","Past",2020-12-25,"daily_cases",2280,2280,2280,2551,2628,2743,2743,2743
"Utah","status_quo","Past",2020-12-25,"daily_cases",2280,2280,2280,2551,2628,2743,2743,2743
"Utah","linear_increase_sd","Past",2020-12-25,"daily_deaths",12,12,12,13,13,14,14,14
"Utah","return_normal","Past",2020-12-25,"daily_deaths",12,12,12,13,13,14,14,14
"Utah","status_quo","Past",2020-12-25,"daily_deaths",12,12,12,13,13,14,14,14
"Utah","linear_increase_sd","Past",2020-12-25,"daily_hosps",276,276,276,314,314,352,352,352
"Utah","return_normal","Past",2020-12-25,"daily_hosps",276,276,276,314,314,352,352,352
"Utah","status_quo","Past",2020-12-25,"daily_hosps",276,276,276,314,314,352,352,352
"Utah","linear_increase_sd","Past",2020-12-25,"latent_trend",NA,NA,NA,0.683595559535231,NA,NA,NA,NA
"Utah","return_normal","Past",2020-12-25,"latent_trend",NA,NA,NA,0.683595559535231,NA,NA,NA,NA
"Utah","status_quo","Past",2020-12-25,"latent_trend",NA,NA,NA,0.683595559535231,NA,NA,NA,NA
"Utah","linear_increase_sd","Past",2020-12-25,"mobility_trend",NA,NA,NA,0.676392015897262,NA,NA,NA,NA
"Utah","return_normal","Past",2020-12-25,"mobility_trend",NA,NA,NA,0.676392015897262,NA,NA,NA,NA
"Utah","status_quo","Past",2020-12-25,"mobility_trend",NA,NA,NA,0.676392015897262,NA,NA,NA,NA
"Utah",NA,"Past",2020-12-26,"actual_cumulative_cases",NA,NA,NA,264078,NA,NA,NA,NA
"Utah",NA,"Past",2020-12-26,"actual_cumulative_deaths",NA,NA,NA,1217,NA,NA,NA,NA
"Utah",NA,"Past",2020-12-26,"actual_daily_cases",NA,NA,NA,3489,NA,NA,NA,NA
"Utah",NA,"Past",2020-12-26,"actual_daily_deaths",NA,NA,NA,8,NA,NA,NA,NA
"Utah","linear_increase_sd","Past",2020-12-26,"combined_trend",NA,NA,NA,0.466141434828146,NA,NA,NA,NA
"Utah","return_normal","Past",2020-12-26,"combined_trend",NA,NA,NA,0.466141434828146,NA,NA,NA,NA
"Utah","status_quo","Past",2020-12-26,"combined_trend",NA,NA,NA,0.466141434828146,NA,NA,NA,NA
"Utah","linear_increase_sd","Past",2020-12-26,"cumulative_all_infections",722061,722061,722061,733574,730631,748030,748030,748030
"Utah","return_normal","Past",2020-12-26,"cumulative_all_infections",722061,722061,722061,733574,730631,748030,748030,748030
"Utah","status_quo","Past",2020-12-26,"cumulative_all_infections",722061,722061,722061,733574,730631,748030,748030,748030
"Utah","linear_increase_sd","Past",2020-12-26,"cumulative_cases",255420,255420,255420,258501,256960,263122,263122,263122
"Utah","return_normal","Past",2020-12-26,"cumulative_cases",255420,255420,255420,258501,256960,263122,263122,263122
"Utah","status_quo","Past",2020-12-26,"cumulative_cases",255420,255420,255420,258501,256960,263122,263122,263122
"Utah","linear_increase_sd","Past",2020-12-26,"cumulative_deaths",1675,1675,1675,1684,1678,1699,1699,1699
"Utah","return_normal","Past",2020-12-26,"cumulative_deaths",1675,1675,1675,1684,1678,1699,1699,1699
"Utah","status_quo","Past",2020-12-26,"cumulative_deaths",1675,1675,1675,1684,1678,1699,1699,1699
"Utah","linear_increase_sd","Past",2020-12-26,"cumulative_hosps",28550,28550,28550,29018,28880,29622,29622,29622
"Utah","return_normal","Past",2020-12-26,"cumulative_hosps",28550,28550,28550,29018,28880,29622,29622,29622
"Utah","status_quo","Past",2020-12-26,"cumulative_hosps",28550,28550,28550,29018,28880,29622,29622,29622
"Utah","linear_increase_sd","Past",2020-12-26,"daily_all_infections",6324,6324,6324,6803,7015,7070,7070,7070
"Utah","return_normal","Past",2020-12-26,"daily_all_infections",6324,6324,6324,6803,7015,7070,7070,7070
"Utah","status_quo","Past",2020-12-26,"daily_all_infections",6324,6324,6324,6803,7015,7070,7070,7070
"Utah","linear_increase_sd","Past",2020-12-26,"daily_cases",2377,2377,2377,2779,2816,3142,3142,3142
"Utah","return_normal","Past",2020-12-26,"daily_cases",2377,2377,2377,2779,2816,3142,3142,3142
"Utah","status_quo","Past",2020-12-26,"daily_cases",2377,2377,2377,2779,2816,3142,3142,3142
"Utah","linear_increase_sd","Past",2020-12-26,"daily_deaths",12,12,12,15,14,17,17,17
"Utah","return_normal","Past",2020-12-26,"daily_deaths",12,12,12,15,14,17,17,17
"Utah","status_quo","Past",2020-12-26,"daily_deaths",12,12,12,15,14,17,17,17
"Utah","linear_increase_sd","Past",2020-12-26,"daily_hosps",275,275,275,312,311,349,349,349
"Utah","return_normal","Past",2020-12-26,"daily_hosps",275,275,275,312,311,349,349,349
"Utah","status_quo","Past",2020-12-26,"daily_hosps",275,275,275,312,311,349,349,349
"Utah","linear_increase_sd","Past",2020-12-26,"latent_trend",NA,NA,NA,0.688798065021259,NA,NA,NA,NA
"Utah","return_normal","Past",2020-12-26,"latent_trend",NA,NA,NA,0.688798065021259,NA,NA,NA,NA
"Utah","status_quo","Past",2020-12-26,"latent_trend",NA,NA,NA,0.688798065021259,NA,NA,NA,NA
"Utah","linear_increase_sd","Past",2020-12-26,"mobility_trend",NA,NA,NA,0.6767461444796,NA,NA,NA,NA
"Utah","return_normal","Past",2020-12-26,"mobility_trend",NA,NA,NA,0.6767461444796,NA,NA,NA,NA
"Utah","status_quo","Past",2020-12-26,"mobility_trend",NA,NA,NA,0.6767461444796,NA,NA,NA,NA
"Utah",NA,"Past",2020-12-27,"actual_cumulative_cases",NA,NA,NA,264874,NA,NA,NA,NA
"Utah",NA,"Past",2020-12-27,"actual_cumulative_deaths",NA,NA,NA,1219,NA,NA,NA,NA
"Utah",NA,"Past",2020-12-27,"actual_daily_cases",NA,NA,NA,796,NA,NA,NA,NA
"Utah",NA,"Past",2020-12-27,"actual_daily_deaths",NA,NA,NA,2,NA,NA,NA,NA
"Utah","linear_increase_sd","Past",2020-12-27,"combined_trend",NA,NA,NA,0.469538772875945,NA,NA,NA,NA
"Utah","return_normal","Past",2020-12-27,"combined_trend",NA,NA,NA,0.469538772875945,NA,NA,NA,NA
"Utah","status_quo","Past",2020-12-27,"combined_trend",NA,NA,NA,0.469538772875945,NA,NA,NA,NA
"Utah","linear_increase_sd","Past",2020-12-27,"cumulative_all_infections",728481,728481,728481,740405,737581,755153,755153,755153
"Utah","return_normal","Past",2020-12-27,"cumulative_all_infections",728481,728481,728481,740405,737581,755153,755153,755153
"Utah","status_quo","Past",2020-12-27,"cumulative_all_infections",728481,728481,728481,740405,737581,755153,755153,755153
"Utah","linear_increase_sd","Past",2020-12-27,"cumulative_cases",257677,257677,257677,261106,259897,265742,265742,265742
"Utah","return_normal","Past",2020-12-27,"cumulative_cases",257677,257677,257677,261106,259897,265742,265742,265742
"Utah","status_quo","Past",2020-12-27,"cumulative_cases",257677,257677,257677,261106,259897,265742,265742,265742
"Utah","linear_increase_sd","Past",2020-12-27,"cumulative_deaths",1686,1686,1686,1697,1694,1711,1711,1711
"Utah","return_normal","Past",2020-12-27,"cumulative_deaths",1686,1686,1686,1697,1694,1711,1711,1711
"Utah","status_quo","Past",2020-12-27,"cumulative_deaths",1686,1686,1686,1697,1694,1711,1711,1711
"Utah","linear_increase_sd","Past",2020-12-27,"cumulative_hosps",28894,28894,28894,29327,29152,29933,29933,29933
"Utah","return_normal","Past",2020-12-27,"cumulative_hosps",28894,28894,28894,29327,29152,29933,29933,29933
"Utah","status_quo","Past",2020-12-27,"cumulative_hosps",28894,28894,28894,29327,29152,29933,29933,29933
"Utah","linear_increase_sd","Past",2020-12-27,"daily_all_infections",6420,6420,6420,6831,6950,7123,7123,7123
"Utah","return_normal","Past",2020-12-27,"daily_all_infections",6420,6420,6420,6831,6950,7123,7123,7123
"Utah","status_quo","Past",2020-12-27,"daily_all_infections",6420,6420,6420,6831,6950,7123,7123,7123
"Utah","linear_increase_sd","Past",2020-12-27,"daily_cases",2257,2257,2257,2605,2620,2937,2937,2937
"Utah","return_normal","Past",2020-12-27,"daily_cases",2257,2257,2257,2605,2620,2937,2937,2937
"Utah","status_quo","Past",2020-12-27,"daily_cases",2257,2257,2257,2605,2620,2937,2937,2937
"Utah","linear_increase_sd","Past",2020-12-27,"daily_deaths",11,11,11,13,12,16,16,16
"Utah","return_normal","Past",2020-12-27,"daily_deaths",11,11,11,13,12,16,16,16
"Utah","status_quo","Past",2020-12-27,"daily_deaths",11,11,11,13,12,16,16,16
"Utah","linear_increase_sd","Past",2020-12-27,"daily_hosps",272,272,272,309,311,344,344,344
"Utah","return_normal","Past",2020-12-27,"daily_hosps",272,272,272,309,311,344,344,344
"Utah","status_quo","Past",2020-12-27,"daily_hosps",272,272,272,309,311,344,344,344
"Utah","linear_increase_sd","Past",2020-12-27,"latent_trend",NA,NA,NA,0.693723570097849,NA,NA,NA,NA
"Utah","return_normal","Past",2020-12-27,"latent_trend",NA,NA,NA,0.693723570097849,NA,NA,NA,NA
"Utah","status_quo","Past",2020-12-27,"latent_trend",NA,NA,NA,0.693723570097849,NA,NA,NA,NA
"Utah","linear_increase_sd","Past",2020-12-27,"mobility_trend",NA,NA,NA,0.67683843120642,NA,NA,NA,NA
"Utah","return_normal","Past",2020-12-27,"mobility_trend",NA,NA,NA,0.67683843120642,NA,NA,NA,NA
"Utah","status_quo","Past",2020-12-27,"mobility_trend",NA,NA,NA,0.67683843120642,NA,NA,NA,NA
"Utah",NA,"Past",2020-12-28,"actual_cumulative_cases",NA,NA,NA,266590,NA,NA,NA,NA
"Utah",NA,"Past",2020-12-28,"actual_cumulative_deaths",NA,NA,NA,1224,NA,NA,NA,NA
"Utah",NA,"Past",2020-12-28,"actual_daily_cases",NA,NA,NA,1716,NA,NA,NA,NA
"Utah",NA,"Past",2020-12-28,"actual_daily_deaths",NA,NA,NA,5,NA,NA,NA,NA
"Utah","linear_increase_sd","Past",2020-12-28,"combined_trend",NA,NA,NA,0.472525926183149,NA,NA,NA,NA
"Utah","return_normal","Past",2020-12-28,"combined_trend",NA,NA,NA,0.472525926183149,NA,NA,NA,NA
"Utah","status_quo","Past",2020-12-28,"combined_trend",NA,NA,NA,0.472525926183149,NA,NA,NA,NA
"Utah","linear_increase_sd","Past",2020-12-28,"cumulative_all_infections",734993,734993,734993,747264,744467,762331,762331,762331
"Utah","return_normal","Past",2020-12-28,"cumulative_all_infections",734993,734993,734993,747264,744467,762331,762331,762331
"Utah","status_quo","Past",2020-12-28,"cumulative_all_infections",734993,734993,734993,747264,744467,762331,762331,762331
"Utah","linear_increase_sd","Past",2020-12-28,"cumulative_cases",259878,259878,259878,263654,262782,268301,268301,268301
"Utah","return_normal","Past",2020-12-28,"cumulative_cases",259878,259878,259878,263654,262782,268301,268301,268301
"Utah","status_quo","Past",2020-12-28,"cumulative_cases",259878,259878,259878,263654,262782,268301,268301,268301
"Utah","linear_increase_sd","Past",2020-12-28,"cumulative_deaths",1698,1698,1698,1712,1711,1725,1725,1725
"Utah","return_normal","Past",2020-12-28,"cumulative_deaths",1698,1698,1698,1712,1711,1725,1725,1725
"Utah","status_quo","Past",2020-12-28,"cumulative_deaths",1698,1698,1698,1712,1711,1725,1725,1725
"Utah","linear_increase_sd","Past",2020-12-28,"cumulative_hosps",29240,29240,29240,29637,29429,30241,30241,30241
"Utah","return_normal","Past",2020-12-28,"cumulative_hosps",29240,29240,29240,29637,29429,30241,30241,30241
"Utah","status_quo","Past",2020-12-28,"cumulative_hosps",29240,29240,29240,29637,29429,30241,30241,30241
"Utah","linear_increase_sd","Past",2020-12-28,"daily_all_infections",6512,6512,6512,6859,6886,7178,7178,7178
"Utah","return_normal","Past",2020-12-28,"daily_all_infections",6512,6512,6512,6859,6886,7178,7178,7178
"Utah","status_quo","Past",2020-12-28,"daily_all_infections",6512,6512,6512,6859,6886,7178,7178,7178
"Utah","linear_increase_sd","Past",2020-12-28,"daily_cases",2201,2201,2201,2549,2559,2885,2885,2885
"Utah","return_normal","Past",2020-12-28,"daily_cases",2201,2201,2201,2549,2559,2885,2885,2885
"Utah","status_quo","Past",2020-12-28,"daily_cases",2201,2201,2201,2549,2559,2885,2885,2885
"Utah","linear_increase_sd","Past",2020-12-28,"daily_deaths",12,12,12,15,14,17,17,17
"Utah","return_normal","Past",2020-12-28,"daily_deaths",12,12,12,15,14,17,17,17
"Utah","status_quo","Past",2020-12-28,"daily_deaths",12,12,12,15,14,17,17,17
"Utah","linear_increase_sd","Past",2020-12-28,"daily_hosps",277,277,277,311,308,346,346,346
"Utah","return_normal","Past",2020-12-28,"daily_hosps",277,277,277,311,308,346,346,346
"Utah","status_quo","Past",2020-12-28,"daily_hosps",277,277,277,311,308,346,346,346
"Utah","linear_increase_sd","Past",2020-12-28,"latent_trend",NA,NA,NA,0.698316326482965,NA,NA,NA,NA
"Utah","return_normal","Past",2020-12-28,"latent_trend",NA,NA,NA,0.698316326482965,NA,NA,NA,NA
"Utah","status_quo","Past",2020-12-28,"latent_trend",NA,NA,NA,0.698316326482965,NA,NA,NA,NA
"Utah","linear_increase_sd","Past",2020-12-28,"mobility_trend",NA,NA,NA,0.676664583460337,NA,NA,NA,NA
"Utah","return_normal","Past",2020-12-28,"mobility_trend",NA,NA,NA,0.676664583460337,NA,NA,NA,NA
"Utah","status_quo","Past",2020-12-28,"mobility_trend",NA,NA,NA,0.676664583460337,NA,NA,NA,NA
"Utah",NA,"Past",2020-12-29,"actual_cumulative_cases",NA,NA,NA,269326,NA,NA,NA,NA
"Utah",NA,"Past",2020-12-29,"actual_cumulative_deaths",NA,NA,NA,1240,NA,NA,NA,NA
"Utah",NA,"Past",2020-12-29,"actual_daily_cases",NA,NA,NA,2736,NA,NA,NA,NA
"Utah",NA,"Past",2020-12-29,"actual_daily_deaths",NA,NA,NA,16,NA,NA,NA,NA
"Utah","linear_increase_sd","Past",2020-12-29,"combined_trend",NA,NA,NA,0.475059997218365,NA,NA,NA,NA
"Utah","return_normal","Past",2020-12-29,"combined_trend",NA,NA,NA,0.475059997218365,NA,NA,NA,NA
"Utah","status_quo","Past",2020-12-29,"combined_trend",NA,NA,NA,0.475059997218365,NA,NA,NA,NA
"Utah","linear_increase_sd","Past",2020-12-29,"cumulative_all_infections",741611,741611,741611,754150,751275,769563,769563,769563
"Utah","return_normal","Past",2020-12-29,"cumulative_all_infections",741611,741611,741611,754150,751275,769563,769563,769563
"Utah","status_quo","Past",2020-12-29,"cumulative_all_infections",741611,741611,741611,754150,751275,769563,769563,769563
"Utah","linear_increase_sd","Past",2020-12-29,"cumulative_cases",262319,262319,262319,266250,265568,270863,270863,270863
"Utah","return_normal","Past",2020-12-29,"cumulative_cases",262319,262319,262319,266250,265568,270863,270863,270863
"Utah","status_quo","Past",2020-12-29,"cumulative_cases",262319,262319,262319,266250,265568,270863,270863,270863
"Utah","linear_increase_sd","Past",2020-12-29,"cumulative_deaths",1710,1710,1710,1726,1727,1739,1739,1739
"Utah","return_normal","Past",2020-12-29,"cumulative_deaths",1710,1710,1710,1726,1727,1739,1739,1739
"Utah","status_quo","Past",2020-12-29,"cumulative_deaths",1710,1710,1710,1726,1727,1739,1739,1739
"Utah","linear_increase_sd","Past",2020-12-29,"cumulative_hosps",29584,29584,29584,29945,29699,30550,30550,30550
"Utah","return_normal","Past",2020-12-29,"cumulative_hosps",29584,29584,29584,29945,29699,30550,30550,30550
"Utah","status_quo","Past",2020-12-29,"cumulative_hosps",29584,29584,29584,29945,29699,30550,30550,30550
"Utah","linear_increase_sd","Past",2020-12-29,"daily_all_infections",6618,6618,6618,6886,6808,7232,7232,7232
"Utah","return_normal","Past",2020-12-29,"daily_all_infections",6618,6618,6618,6886,6808,7232,7232,7232
"Utah","status_quo","Past",2020-12-29,"daily_all_infections",6618,6618,6618,6886,6808,7232,7232,7232
"Utah","linear_increase_sd","Past",2020-12-29,"daily_cases",2441,2441,2441,2597,2562,2786,2786,2786
"Utah","return_normal","Past",2020-12-29,"daily_cases",2441,2441,2441,2597,2562,2786,2786,2786
"Utah","status_quo","Past",2020-12-29,"daily_cases",2441,2441,2441,2597,2562,2786,2786,2786
"Utah","linear_increase_sd","Past",2020-12-29,"daily_deaths",12,12,12,14,14,16,16,16
"Utah","return_normal","Past",2020-12-29,"daily_deaths",12,12,12,14,14,16,16,16
"Utah","status_quo","Past",2020-12-29,"daily_deaths",12,12,12,14,14,16,16,16
"Utah","linear_increase_sd","Past",2020-12-29,"daily_hosps",270,270,270,308,309,344,344,344
"Utah","return_normal","Past",2020-12-29,"daily_hosps",270,270,270,308,309,344,344,344
"Utah","status_quo","Past",2020-12-29,"daily_hosps",270,270,270,308,309,344,344,344
"Utah","linear_increase_sd","Past",2020-12-29,"latent_trend",NA,NA,NA,0.702522522852144,NA,NA,NA,NA
"Utah","return_normal","Past",2020-12-29,"latent_trend",NA,NA,NA,0.702522522852144,NA,NA,NA,NA
"Utah","status_quo","Past",2020-12-29,"latent_trend",NA,NA,NA,0.702522522852144,NA,NA,NA,NA
"Utah","linear_increase_sd","Past",2020-12-29,"mobility_trend",NA,NA,NA,0.676220308623968,NA,NA,NA,NA
"Utah","return_normal","Past",2020-12-29,"mobility_trend",NA,NA,NA,0.676220308623968,NA,NA,NA,NA
"Utah","status_quo","Past",2020-12-29,"mobility_trend",NA,NA,NA,0.676220308623968,NA,NA,NA,NA
"Utah",NA,"Past",2020-12-30,"actual_cumulative_cases",NA,NA,NA,271940,NA,NA,NA,NA
"Utah",NA,"Past",2020-12-30,"actual_cumulative_deaths",NA,NA,NA,1261,NA,NA,NA,NA
"Utah",NA,"Past",2020-12-30,"actual_daily_cases",NA,NA,NA,2614,NA,NA,NA,NA
"Utah",NA,"Past",2020-12-30,"actual_daily_deaths",NA,NA,NA,21,NA,NA,NA,NA
"Utah","linear_increase_sd","Past",2020-12-30,"combined_trend",NA,NA,NA,0.477099779539525,NA,NA,NA,NA
"Utah","return_normal","Past",2020-12-30,"combined_trend",NA,NA,NA,0.477099779539525,NA,NA,NA,NA
"Utah","status_quo","Past",2020-12-30,"combined_trend",NA,NA,NA,0.477099779539525,NA,NA,NA,NA
"Utah","linear_increase_sd","Past",2020-12-30,"cumulative_all_infections",748339,748339,748339,761066,758025,776834,776834,776834
"Utah","return_normal","Past",2020-12-30,"cumulative_all_infections",748339,748339,748339,761066,758025,776834,776834,776834
"Utah","status_quo","Past",2020-12-30,"cumulative_all_infections",748339,748339,748339,761066,758025,776834,776834,776834
"Utah","linear_increase_sd","Past",2020-12-30,"cumulative_cases",264605,264605,264605,268811,268346,273481,273481,273481
"Utah","return_normal","Past",2020-12-30,"cumulative_cases",264605,264605,264605,268811,268346,273481,273481,273481
"Utah","status_quo","Past",2020-12-30,"cumulative_cases",264605,264605,264605,268811,268346,273481,273481,273481
"Utah","linear_increase_sd","Past",2020-12-30,"cumulative_deaths",1721,1721,1721,1739,1742,1752,1752,1752
"Utah","return_normal","Past",2020-12-30,"cumulative_deaths",1721,1721,1721,1739,1742,1752,1752,1752
"Utah","status_quo","Past",2020-12-30,"cumulative_deaths",1721,1721,1721,1739,1742,1752,1752,1752
"Utah","linear_increase_sd","Past",2020-12-30,"cumulative_hosps",29925,29925,29925,30253,29972,30860,30860,30860
"Utah","return_normal","Past",2020-12-30,"cumulative_hosps",29925,29925,29925,30253,29972,30860,30860,30860
"Utah","status_quo","Past",2020-12-30,"cumulative_hosps",29925,29925,29925,30253,29972,30860,30860,30860
"Utah","linear_increase_sd","Past",2020-12-30,"daily_all_infections",6728,6728,6728,6917,6750,7271,7271,7271
"Utah","return_normal","Past",2020-12-30,"daily_all_infections",6728,6728,6728,6917,6750,7271,7271,7271
"Utah","status_quo","Past",2020-12-30,"daily_all_infections",6728,6728,6728,6917,6750,7271,7271,7271
"Utah","linear_increase_sd","Past",2020-12-30,"daily_cases",2286,2286,2286,2561,2618,2778,2778,2778
"Utah","return_normal","Past",2020-12-30,"daily_cases",2286,2286,2286,2561,2618,2778,2778,2778
"Utah","status_quo","Past",2020-12-30,"daily_cases",2286,2286,2286,2561,2618,2778,2778,2778
"Utah","linear_increase_sd","Past",2020-12-30,"daily_deaths",11,11,11,13,13,15,15,15
"Utah","return_normal","Past",2020-12-30,"daily_deaths",11,11,11,13,13,15,15,15
"Utah","status_quo","Past",2020-12-30,"daily_deaths",11,11,11,13,13,15,15,15
"Utah","linear_increase_sd","Past",2020-12-30,"daily_hosps",273,273,273,308,310,341,341,341
"Utah","return_normal","Past",2020-12-30,"daily_hosps",273,273,273,308,310,341,341,341
"Utah","status_quo","Past",2020-12-30,"daily_hosps",273,273,273,308,310,341,341,341
"Utah","linear_increase_sd","Past",2020-12-30,"latent_trend",NA,NA,NA,0.706289935482011,NA,NA,NA,NA
"Utah","return_normal","Past",2020-12-30,"latent_trend",NA,NA,NA,0.706289935482011,NA,NA,NA,NA
"Utah","status_quo","Past",2020-12-30,"latent_trend",NA,NA,NA,0.706289935482011,NA,NA,NA,NA
"Utah","linear_increase_sd","Past",2020-12-30,"mobility_trend",NA,NA,NA,0.675501314079926,NA,NA,NA,NA
"Utah","return_normal","Past",2020-12-30,"mobility_trend",NA,NA,NA,0.675501314079926,NA,NA,NA,NA
"Utah","status_quo","Past",2020-12-30,"mobility_trend",NA,NA,NA,0.675501314079926,NA,NA,NA,NA
"Utah",NA,"Past",2020-12-31,"actual_cumulative_cases",NA,NA,NA,276612,NA,NA,NA,NA
"Utah",NA,"Past",2020-12-31,"actual_cumulative_deaths",NA,NA,NA,1274,NA,NA,NA,NA
"Utah",NA,"Past",2020-12-31,"actual_daily_cases",NA,NA,NA,4672,NA,NA,NA,NA
"Utah",NA,"Past",2020-12-31,"actual_daily_deaths",NA,NA,NA,13,NA,NA,NA,NA
"Utah","linear_increase_sd","Past",2020-12-31,"combined_trend",NA,NA,NA,0.478609445546258,NA,NA,NA,NA
"Utah","return_normal","Past",2020-12-31,"combined_trend",NA,NA,NA,0.478609445546258,NA,NA,NA,NA
"Utah","status_quo","Past",2020-12-31,"combined_trend",NA,NA,NA,0.478609445546258,NA,NA,NA,NA
"Utah","linear_increase_sd","Past",2020-12-31,"cumulative_all_infections",755172,755172,755172,768004,764703,784137,784137,784137
"Utah","return_normal","Past",2020-12-31,"cumulative_all_infections",755172,755172,755172,768004,764703,784137,784137,784137
"Utah","status_quo","Past",2020-12-31,"cumulative_all_infections",755172,755172,755172,768004,764703,784137,784137,784137
"Utah","linear_increase_sd","Past",2020-12-31,"cumulative_cases",266918,266918,266918,271251,270888,275946,275946,275946
"Utah","return_normal","Past",2020-12-31,"cumulative_cases",266918,266918,266918,271251,270888,275946,275946,275946
"Utah","status_quo","Past",2020-12-31,"cumulative_cases",266918,266918,266918,271251,270888,275946,275946,275946
"Utah","linear_increase_sd","Past",2020-12-31,"cumulative_deaths",1733,1733,1733,1751,1754,1765,1765,1765
"Utah","return_normal","Past",2020-12-31,"cumulative_deaths",1733,1733,1733,1751,1754,1765,1765,1765
"Utah","status_quo","Past",2020-12-31,"cumulative_deaths",1733,1733,1733,1751,1754,1765,1765,1765
"Utah","linear_increase_sd","Past",2020-12-31,"cumulative_hosps",30247,30247,30247,30562,30263,31175,31175,31175
"Utah","return_normal","Past",2020-12-31,"cumulative_hosps",30247,30247,30247,30562,30263,31175,31175,31175
"Utah","status_quo","Past",2020-12-31,"cumulative_hosps",30247,30247,30247,30562,30263,31175,31175,31175
"Utah","linear_increase_sd","Past",2020-12-31,"daily_all_infections",6678,6678,6678,6938,6833,7303,7303,7303
"Utah","return_normal","Past",2020-12-31,"daily_all_infections",6678,6678,6678,6938,6833,7303,7303,7303
"Utah","status_quo","Past",2020-12-31,"daily_all_infections",6678,6678,6678,6938,6833,7303,7303,7303
"Utah","linear_increase_sd","Past",2020-12-31,"daily_cases",2313,2313,2313,2440,2465,2542,2542,2542
"Utah","return_normal","Past",2020-12-31,"daily_cases",2313,2313,2313,2440,2465,2542,2542,2542
"Utah","status_quo","Past",2020-12-31,"daily_cases",2313,2313,2313,2440,2465,2542,2542,2542
"Utah","linear_increase_sd","Past",2020-12-31,"daily_deaths",12,12,12,13,12,13,13,13
"Utah","return_normal","Past",2020-12-31,"daily_deaths",12,12,12,13,12,13,13,13
"Utah","status_quo","Past",2020-12-31,"daily_deaths",12,12,12,13,12,13,13,13
"Utah","linear_increase_sd","Past",2020-12-31,"daily_hosps",275,275,275,310,315,338,338,338
"Utah","return_normal","Past",2020-12-31,"daily_hosps",275,275,275,310,315,338,338,338
"Utah","status_quo","Past",2020-12-31,"daily_hosps",275,275,275,310,315,338,338,338
"Utah","linear_increase_sd","Past",2020-12-31,"latent_trend",NA,NA,NA,0.709567479276938,NA,NA,NA,NA
"Utah","return_normal","Past",2020-12-31,"latent_trend",NA,NA,NA,0.709567479276938,NA,NA,NA,NA
"Utah","status_quo","Past",2020-12-31,"latent_trend",NA,NA,NA,0.709567479276938,NA,NA,NA,NA
"Utah","linear_increase_sd","Past",2020-12-31,"mobility_trend",NA,NA,NA,0.674508710621813,NA,NA,NA,NA
"Utah","return_normal","Past",2020-12-31,"mobility_trend",NA,NA,NA,0.674508710621813,NA,NA,NA,NA
"Utah","status_quo","Past",2020-12-31,"mobility_trend",NA,NA,NA,0.674508710621813,NA,NA,NA,NA
"Utah",NA,"Past",2021-01-01,"actual_cumulative_cases",NA,NA,NA,276612,NA,NA,NA,NA
"Utah",NA,"Past",2021-01-01,"actual_cumulative_deaths",NA,NA,NA,1274,NA,NA,NA,NA
"Utah",NA,"Past",2021-01-01,"actual_daily_cases",NA,NA,NA,0,NA,NA,NA,NA
"Utah",NA,"Past",2021-01-01,"actual_daily_deaths",NA,NA,NA,0,NA,NA,NA,NA
"Utah","linear_increase_sd","Past",2021-01-01,"combined_trend",NA,NA,NA,0.47956995699979,NA,NA,NA,NA
"Utah","return_normal","Past",2021-01-01,"combined_trend",NA,NA,NA,0.47956995699979,NA,NA,NA,NA
"Utah","status_quo","Past",2021-01-01,"combined_trend",NA,NA,NA,0.47956995699979,NA,NA,NA,NA
"Utah","linear_increase_sd","Past",2021-01-01,"cumulative_all_infections",762088,762088,762088,774963,771328,791473,791473,791473
"Utah","return_normal","Past",2021-01-01,"cumulative_all_infections",762088,762088,762088,774963,771328,791473,791473,791473
"Utah","status_quo","Past",2021-01-01,"cumulative_all_infections",762088,762088,762088,774963,771328,791473,791473,791473
"Utah","linear_increase_sd","Past",2021-01-01,"cumulative_cases",269444,269444,269444,273881,273583,278615,278615,278615
"Utah","return_normal","Past",2021-01-01,"cumulative_cases",269444,269444,269444,273881,273583,278615,278615,278615
"Utah","status_quo","Past",2021-01-01,"cumulative_cases",269444,269444,269444,273881,273583,278615,278615,278615
"Utah","linear_increase_sd","Past",2021-01-01,"cumulative_deaths",1743,1743,1743,1763,1768,1777,1777,1777
"Utah","return_normal","Past",2021-01-01,"cumulative_deaths",1743,1743,1743,1763,1768,1777,1777,1777
"Utah","status_quo","Past",2021-01-01,"cumulative_deaths",1743,1743,1743,1763,1768,1777,1777,1777
"Utah","linear_increase_sd","Past",2021-01-01,"cumulative_hosps",30525,30525,30525,30872,30599,31491,31491,31491
"Utah","return_normal","Past",2021-01-01,"cumulative_hosps",30525,30525,30525,30872,30599,31491,31491,31491
"Utah","status_quo","Past",2021-01-01,"cumulative_hosps",30525,30525,30525,30872,30599,31491,31491,31491
"Utah","linear_increase_sd","Past",2021-01-01,"daily_all_infections",6625,6625,6625,6959,6916,7336,7336,7336
"Utah","return_normal","Past",2021-01-01,"daily_all_infections",6625,6625,6625,6959,6916,7336,7336,7336
"Utah","status_quo","Past",2021-01-01,"daily_all_infections",6625,6625,6625,6959,6916,7336,7336,7336
"Utah","linear_increase_sd","Past",2021-01-01,"daily_cases",2526,2526,2526,2630,2669,2695,2695,2695
"Utah","return_normal","Past",2021-01-01,"daily_cases",2526,2526,2526,2630,2669,2695,2695,2695
"Utah","status_quo","Past",2021-01-01,"daily_cases",2526,2526,2526,2630,2669,2695,2695,2695
"Utah","linear_increase_sd","Past",2021-01-01,"daily_deaths",10,10,10,12,12,14,14,14
"Utah","return_normal","Past",2021-01-01,"daily_deaths",10,10,10,12,12,14,14,14
"Utah","status_quo","Past",2021-01-01,"daily_deaths",10,10,10,12,12,14,14,14
"Utah","linear_increase_sd","Past",2021-01-01,"daily_hosps",278,278,278,310,316,336,336,336
"Utah","return_normal","Past",2021-01-01,"daily_hosps",278,278,278,310,316,336,336,336
"Utah","status_quo","Past",2021-01-01,"daily_hosps",278,278,278,310,316,336,336,336
"Utah","linear_increase_sd","Past",2021-01-01,"latent_trend",NA,NA,NA,0.712304662174154,NA,NA,NA,NA
"Utah","return_normal","Past",2021-01-01,"latent_trend",NA,NA,NA,0.712304662174154,NA,NA,NA,NA
"Utah","status_quo","Past",2021-01-01,"latent_trend",NA,NA,NA,0.712304662174154,NA,NA,NA,NA
"Utah","linear_increase_sd","Past",2021-01-01,"mobility_trend",NA,NA,NA,0.673265222687168,NA,NA,NA,NA
"Utah","return_normal","Past",2021-01-01,"mobility_trend",NA,NA,NA,0.673265222687168,NA,NA,NA,NA
"Utah","status_quo","Past",2021-01-01,"mobility_trend",NA,NA,NA,0.673265222687168,NA,NA,NA,NA
"Utah",NA,"Past",2021-01-02,"actual_cumulative_cases",NA,NA,NA,281654,NA,NA,NA,NA
"Utah",NA,"Past",2021-01-02,"actual_cumulative_deaths",NA,NA,NA,1299,NA,NA,NA,NA
"Utah",NA,"Past",2021-01-02,"actual_daily_cases",NA,NA,NA,5042,NA,NA,NA,NA
"Utah",NA,"Past",2021-01-02,"actual_daily_deaths",NA,NA,NA,25,NA,NA,NA,NA
"Utah","linear_increase_sd","Past",2021-01-02,"combined_trend",NA,NA,NA,0.479967416382511,NA,NA,NA,NA
"Utah","return_normal","Past",2021-01-02,"combined_trend",NA,NA,NA,0.479967416382511,NA,NA,NA,NA
"Utah","status_quo","Past",2021-01-02,"combined_trend",NA,NA,NA,0.479967416382511,NA,NA,NA,NA
"Utah","linear_increase_sd","Past",2021-01-02,"cumulative_all_infections",769095,769095,769095,781929,777876,798816,798816,798816
"Utah","return_normal","Past",2021-01-02,"cumulative_all_infections",769095,769095,769095,781929,777876,798816,798816,798816
"Utah","status_quo","Past",2021-01-02,"cumulative_all_infections",769095,769095,769095,781929,777876,798816,798816,798816
"Utah","linear_increase_sd","Past",2021-01-02,"cumulative_cases",271924,271924,271924,276545,276432,281279,281279,281279
"Utah","return_normal","Past",2021-01-02,"cumulative_cases",271924,271924,271924,276545,276432,281279,281279,281279
"Utah","status_quo","Past",2021-01-02,"cumulative_cases",271924,271924,271924,276545,276432,281279,281279,281279
"Utah","linear_increase_sd","Past",2021-01-02,"cumulative_deaths",1754,1754,1754,1775,1782,1788,1788,1788
"Utah","return_normal","Past",2021-01-02,"cumulative_deaths",1754,1754,1754,1775,1782,1788,1788,1788
"Utah","status_quo","Past",2021-01-02,"cumulative_deaths",1754,1754,1754,1775,1782,1788,1788,1788
"Utah","linear_increase_sd","Past",2021-01-02,"cumulative_hosps",30802,30802,30802,31180,30933,31805,31805,31805
"Utah","return_normal","Past",2021-01-02,"cumulative_hosps",30802,30802,30802,31180,30933,31805,31805,31805
"Utah","status_quo","Past",2021-01-02,"cumulative_hosps",30802,30802,30802,31180,30933,31805,31805,31805
"Utah","linear_increase_sd","Past",2021-01-02,"daily_all_infections",6548,6548,6548,6966,7007,7343,7343,7343
"Utah","return_normal","Past",2021-01-02,"daily_all_infections",6548,6548,6548,6966,7007,7343,7343,7343
"Utah","status_quo","Past",2021-01-02,"daily_all_infections",6548,6548,6548,6966,7007,7343,7343,7343
"Utah","linear_increase_sd","Past",2021-01-02,"daily_cases",2480,2480,2480,2665,2664,2849,2849,2849
"Utah","return_normal","Past",2021-01-02,"daily_cases",2480,2480,2480,2665,2664,2849,2849,2849
"Utah","status_quo","Past",2021-01-02,"daily_cases",2480,2480,2480,2665,2664,2849,2849,2849
"Utah","linear_increase_sd","Past",2021-01-02,"daily_deaths",11,11,11,12,11,14,14,14
"Utah","return_normal","Past",2021-01-02,"daily_deaths",11,11,11,12,11,14,14,14
"Utah","status_quo","Past",2021-01-02,"daily_deaths",11,11,11,12,11,14,14,14
"Utah","linear_increase_sd","Past",2021-01-02,"daily_hosps",277,277,277,309,314,334,334,334
"Utah","return_normal","Past",2021-01-02,"daily_hosps",277,277,277,309,314,334,334,334
"Utah","status_quo","Past",2021-01-02,"daily_hosps",277,277,277,309,314,334,334,334
"Utah","linear_increase_sd","Past",2021-01-02,"latent_trend",NA,NA,NA,0.714450947398659,NA,NA,NA,NA
"Utah","return_normal","Past",2021-01-02,"latent_trend",NA,NA,NA,0.714450947398659,NA,NA,NA,NA
"Utah","status_quo","Past",2021-01-02,"latent_trend",NA,NA,NA,0.714450947398659,NA,NA,NA,NA
"Utah","linear_increase_sd","Past",2021-01-02,"mobility_trend",NA,NA,NA,0.671798978124515,NA,NA,NA,NA
"Utah","return_normal","Past",2021-01-02,"mobility_trend",NA,NA,NA,0.671798978124515,NA,NA,NA,NA
"Utah","status_quo","Past",2021-01-02,"mobility_trend",NA,NA,NA,0.671798978124515,NA,NA,NA,NA
"Utah",NA,"Past",2021-01-03,"actual_cumulative_cases",NA,NA,NA,283473,NA,NA,NA,NA
"Utah",NA,"Past",2021-01-03,"actual_cumulative_deaths",NA,NA,NA,1306,NA,NA,NA,NA
"Utah",NA,"Past",2021-01-03,"actual_daily_cases",NA,NA,NA,1819,NA,NA,NA,NA
"Utah",NA,"Past",2021-01-03,"actual_daily_deaths",NA,NA,NA,7,NA,NA,NA,NA
"Utah","linear_increase_sd","Past",2021-01-03,"combined_trend",NA,NA,NA,0.479788746453,NA,NA,NA,NA
"Utah","return_normal","Past",2021-01-03,"combined_trend",NA,NA,NA,0.479788746453,NA,NA,NA,NA
"Utah","status_quo","Past",2021-01-03,"combined_trend",NA,NA,NA,0.479788746453,NA,NA,NA,NA
"Utah","linear_increase_sd","Past",2021-01-03,"cumulative_all_infections",776177,776177,776177,788902,784354,806175,806175,806175
"Utah","return_normal","Past",2021-01-03,"cumulative_all_infections",776177,776177,776177,788902,784354,806175,806175,806175
"Utah","status_quo","Past",2021-01-03,"cumulative_all_infections",776177,776177,776177,788902,784354,806175,806175,806175
"Utah","linear_increase_sd","Past",2021-01-03,"cumulative_cases",274413,274413,274413,279111,279026,283893,283893,283893
"Utah","return_normal","Past",2021-01-03,"cumulative_cases",274413,274413,274413,279111,279026,283893,283893,283893
"Utah","status_quo","Past",2021-01-03,"cumulative_cases",274413,274413,274413,279111,279026,283893,283893,283893
"Utah","linear_increase_sd","Past",2021-01-03,"cumulative_deaths",1765,1765,1765,1787,1795,1801,1801,1801
"Utah","return_normal","Past",2021-01-03,"cumulative_deaths",1765,1765,1765,1787,1795,1801,1801,1801
"Utah","status_quo","Past",2021-01-03,"cumulative_deaths",1765,1765,1765,1787,1795,1801,1801,1801
"Utah","linear_increase_sd","Past",2021-01-03,"cumulative_hosps",31082,31082,31082,31489,31264,32121,32121,32121
"Utah","return_normal","Past",2021-01-03,"cumulative_hosps",31082,31082,31082,31489,31264,32121,32121,32121
"Utah","status_quo","Past",2021-01-03,"cumulative_hosps",31082,31082,31082,31489,31264,32121,32121,32121
"Utah","linear_increase_sd","Past",2021-01-03,"daily_all_infections",6478,6478,6478,6973,7082,7359,7359,7359
"Utah","return_normal","Past",2021-01-03,"daily_all_infections",6478,6478,6478,6973,7082,7359,7359,7359
"Utah","status_quo","Past",2021-01-03,"daily_all_infections",6478,6478,6478,6973,7082,7359,7359,7359
"Utah","linear_increase_sd","Past",2021-01-03,"daily_cases",2489,2489,2489,2566,2594,2614,2614,2614
"Utah","return_normal","Past",2021-01-03,"daily_cases",2489,2489,2489,2566,2594,2614,2614,2614
"Utah","status_quo","Past",2021-01-03,"daily_cases",2489,2489,2489,2566,2594,2614,2614,2614
"Utah","linear_increase_sd","Past",2021-01-03,"daily_deaths",11,11,11,13,13,13,13,13
"Utah","return_normal","Past",2021-01-03,"daily_deaths",11,11,11,13,13,13,13,13
"Utah","status_quo","Past",2021-01-03,"daily_deaths",11,11,11,13,13,13,13,13
"Utah","linear_increase_sd","Past",2021-01-03,"daily_hosps",280,280,280,309,316,331,331,331
"Utah","return_normal","Past",2021-01-03,"daily_hosps",280,280,280,309,316,331,331,331
"Utah","status_quo","Past",2021-01-03,"daily_hosps",280,280,280,309,316,331,331,331
"Utah","linear_increase_sd","Past",2021-01-03,"latent_trend",NA,NA,NA,0.715955029312662,NA,NA,NA,NA
"Utah","return_normal","Past",2021-01-03,"latent_trend",NA,NA,NA,0.715955029312662,NA,NA,NA,NA
"Utah","status_quo","Past",2021-01-03,"latent_trend",NA,NA,NA,0.715955029312662,NA,NA,NA,NA
"Utah","linear_increase_sd","Past",2021-01-03,"mobility_trend",NA,NA,NA,0.670138104782379,NA,NA,NA,NA
"Utah","return_normal","Past",2021-01-03,"mobility_trend",NA,NA,NA,0.670138104782379,NA,NA,NA,NA
"Utah","status_quo","Past",2021-01-03,"mobility_trend",NA,NA,NA,0.670138104782379,NA,NA,NA,NA
"Utah",NA,"Past",2021-01-04,"actual_cumulative_cases",NA,NA,NA,285633,NA,NA,NA,NA
"Utah",NA,"Past",2021-01-04,"actual_cumulative_deaths",NA,NA,NA,1310,NA,NA,NA,NA
"Utah",NA,"Past",2021-01-04,"actual_daily_cases",NA,NA,NA,2160,NA,NA,NA,NA
"Utah",NA,"Past",2021-01-04,"actual_daily_deaths",NA,NA,NA,4,NA,NA,NA,NA
"Utah","linear_increase_sd","Past",2021-01-04,"combined_trend",NA,NA,NA,0.479021211919682,NA,NA,NA,NA
"Utah","return_normal","Past",2021-01-04,"combined_trend",NA,NA,NA,0.479021211919682,NA,NA,NA,NA
"Utah","status_quo","Past",2021-01-04,"combined_trend",NA,NA,NA,0.479021211919682,NA,NA,NA,NA
"Utah","linear_increase_sd","Past",2021-01-04,"cumulative_all_infections",783324,783324,783324,795876,790771,813533,813533,813533
"Utah","return_normal","Past",2021-01-04,"cumulative_all_infections",783324,783324,783324,795876,790771,813533,813533,813533
"Utah","status_quo","Past",2021-01-04,"cumulative_all_infections",783324,783324,783324,795876,790771,813533,813533,813533
"Utah","linear_increase_sd","Past",2021-01-04,"cumulative_cases",277022,277022,277022,281692,281608,286445,286445,286445
"Utah","return_normal","Past",2021-01-04,"cumulative_cases",277022,277022,277022,281692,281608,286445,286445,286445
"Utah","status_quo","Past",2021-01-04,"cumulative_cases",277022,277022,277022,281692,281608,286445,286445,286445
"Utah","linear_increase_sd","Past",2021-01-04,"cumulative_deaths",1776,1776,1776,1800,1809,1815,1815,1815
"Utah","return_normal","Past",2021-01-04,"cumulative_deaths",1776,1776,1776,1800,1809,1815,1815,1815
"Utah","status_quo","Past",2021-01-04,"cumulative_deaths",1776,1776,1776,1800,1809,1815,1815,1815
"Utah","linear_increase_sd","Past",2021-01-04,"cumulative_hosps",31367,31367,31367,31801,31593,32441,32441,32441
"Utah","return_normal","Past",2021-01-04,"cumulative_hosps",31367,31367,31367,31801,31593,32441,32441,32441
"Utah","status_quo","Past",2021-01-04,"cumulative_hosps",31367,31367,31367,31801,31593,32441,32441,32441
"Utah","linear_increase_sd","Past",2021-01-04,"daily_all_infections",6417,6417,6417,6974,7147,7358,7358,7358
"Utah","return_normal","Past",2021-01-04,"daily_all_infections",6417,6417,6417,6974,7147,7358,7358,7358
"Utah","status_quo","Past",2021-01-04,"daily_all_infections",6417,6417,6417,6974,7147,7358,7358,7358
"Utah","linear_increase_sd","Past",2021-01-04,"daily_cases",2552,2552,2552,2581,2582,2609,2609,2609
"Utah","return_normal","Past",2021-01-04,"daily_cases",2552,2552,2552,2581,2582,2609,2609,2609
"Utah","status_quo","Past",2021-01-04,"daily_cases",2552,2552,2552,2581,2582,2609,2609,2609
"Utah","linear_increase_sd","Past",2021-01-04,"daily_deaths",11,11,11,13,14,14,14,14
"Utah","return_normal","Past",2021-01-04,"daily_deaths",11,11,11,13,14,14,14,14
"Utah","status_quo","Past",2021-01-04,"daily_deaths",11,11,11,13,14,14,14,14
"Utah","linear_increase_sd","Past",2021-01-04,"daily_hosps",285,285,285,312,320,329,329,329
"Utah","return_normal","Past",2021-01-04,"daily_hosps",285,285,285,312,320,329,329,329
"Utah","status_quo","Past",2021-01-04,"daily_hosps",285,285,285,312,320,329,329,329
"Utah","linear_increase_sd","Past",2021-01-04,"latent_trend",NA,NA,NA,0.716764029884306,NA,NA,NA,NA
"Utah","return_normal","Past",2021-01-04,"latent_trend",NA,NA,NA,0.716764029884306,NA,NA,NA,NA
"Utah","status_quo","Past",2021-01-04,"latent_trend",NA,NA,NA,0.716764029884306,NA,NA,NA,NA
"Utah","linear_increase_sd","Past",2021-01-04,"mobility_trend",NA,NA,NA,0.668310897237688,NA,NA,NA,NA
"Utah","return_normal","Past",2021-01-04,"mobility_trend",NA,NA,NA,0.668310897237688,NA,NA,NA,NA
"Utah","status_quo","Past",2021-01-04,"mobility_trend",NA,NA,NA,0.668310897237688,NA,NA,NA,NA
"Utah",NA,"Past",2021-01-05,"actual_cumulative_cases",NA,NA,NA,288951,NA,NA,NA,NA
"Utah",NA,"Past",2021-01-05,"actual_cumulative_deaths",NA,NA,NA,1317,NA,NA,NA,NA
"Utah",NA,"Past",2021-01-05,"actual_daily_cases",NA,NA,NA,3318,NA,NA,NA,NA
"Utah",NA,"Past",2021-01-05,"actual_daily_deaths",NA,NA,NA,7,NA,NA,NA,NA
"Utah","linear_increase_sd","Past",2021-01-05,"combined_trend",NA,NA,NA,0.477660635013561,NA,NA,NA,NA
"Utah","return_normal","Past",2021-01-05,"combined_trend",NA,NA,NA,0.477660635013561,NA,NA,NA,NA
"Utah","status_quo","Past",2021-01-05,"combined_trend",NA,NA,NA,0.477660635013561,NA,NA,NA,NA
"Utah","linear_increase_sd","Past",2021-01-05,"cumulative_all_infections",790542,790542,790542,802836,797118,820847,820847,820847
"Utah","return_normal","Past",2021-01-05,"cumulative_all_infections",790542,790542,790542,802836,797118,820847,820847,820847
"Utah","status_quo","Past",2021-01-05,"cumulative_all_infections",790542,790542,790542,802836,797118,820847,820847,820847
"Utah","linear_increase_sd","Past",2021-01-05,"cumulative_cases",279561,279561,279561,284375,284236,289327,289327,289327
"Utah","return_normal","Past",2021-01-05,"cumulative_cases",279561,279561,279561,284375,284236,289327,289327,289327
"Utah","status_quo","Past",2021-01-05,"cumulative_cases",279561,279561,279561,284375,284236,289327,289327,289327
"Utah","linear_increase_sd","Past",2021-01-05,"cumulative_deaths",1788,1788,1788,1813,1823,1827,1827,1827
"Utah","return_normal","Past",2021-01-05,"cumulative_deaths",1788,1788,1788,1813,1823,1827,1827,1827
"Utah","status_quo","Past",2021-01-05,"cumulative_deaths",1788,1788,1788,1813,1823,1827,1827,1827
"Utah","linear_increase_sd","Past",2021-01-05,"cumulative_hosps",31653,31653,31653,32111,31920,32759,32759,32759
"Utah","return_normal","Past",2021-01-05,"cumulative_hosps",31653,31653,31653,32111,31920,32759,32759,32759
"Utah","status_quo","Past",2021-01-05,"cumulative_hosps",31653,31653,31653,32111,31920,32759,32759,32759
"Utah","linear_increase_sd","Past",2021-01-05,"daily_all_infections",6347,6347,6347,6960,7218,7314,7314,7314
"Utah","return_normal","Past",2021-01-05,"daily_all_infections",6347,6347,6347,6960,7218,7314,7314,7314
"Utah","status_quo","Past",2021-01-05,"daily_all_infections",6347,6347,6347,6960,7218,7314,7314,7314
"Utah","linear_increase_sd","Past",2021-01-05,"daily_cases",2539,2539,2539,2683,2628,2882,2882,2882
"Utah","return_normal","Past",2021-01-05,"daily_cases",2539,2539,2539,2683,2628,2882,2882,2882
"Utah","status_quo","Past",2021-01-05,"daily_cases",2539,2539,2539,2683,2628,2882,2882,2882
"Utah","linear_increase_sd","Past",2021-01-05,"daily_deaths",12,12,12,13,12,14,14,14
"Utah","return_normal","Past",2021-01-05,"daily_deaths",12,12,12,13,12,14,14,14
"Utah","status_quo","Past",2021-01-05,"daily_deaths",12,12,12,13,12,14,14,14
"Utah","linear_increase_sd","Past",2021-01-05,"daily_hosps",286,286,286,311,318,327,327,327
"Utah","return_normal","Past",2021-01-05,"daily_hosps",286,286,286,311,318,327,327,327
"Utah","status_quo","Past",2021-01-05,"daily_hosps",286,286,286,311,318,327,327,327
"Utah","linear_increase_sd","Past",2021-01-05,"latent_trend",NA,NA,NA,0.71683540951752,NA,NA,NA,NA
"Utah","return_normal","Past",2021-01-05,"latent_trend",NA,NA,NA,0.71683540951752,NA,NA,NA,NA
"Utah","status_quo","Past",2021-01-05,"latent_trend",NA,NA,NA,0.71683540951752,NA,NA,NA,NA
"Utah","linear_increase_sd","Past",2021-01-05,"mobility_trend",NA,NA,NA,0.666346316980992,NA,NA,NA,NA
"Utah","return_normal","Past",2021-01-05,"mobility_trend",NA,NA,NA,0.666346316980992,NA,NA,NA,NA
"Utah","status_quo","Past",2021-01-05,"mobility_trend",NA,NA,NA,0.666346316980992,NA,NA,NA,NA
"Utah",NA,"Past",2021-01-06,"actual_cumulative_cases",NA,NA,NA,292720,NA,NA,NA,NA
"Utah",NA,"Past",2021-01-06,"actual_cumulative_deaths",NA,NA,NA,1335,NA,NA,NA,NA
"Utah",NA,"Past",2021-01-06,"actual_daily_cases",NA,NA,NA,3769,NA,NA,NA,NA
"Utah",NA,"Past",2021-01-06,"actual_daily_deaths",NA,NA,NA,18,NA,NA,NA,NA
"Utah","linear_increase_sd","Past",2021-01-06,"combined_trend",NA,NA,NA,0.475750298713124,NA,NA,NA,NA
"Utah","return_normal","Past",2021-01-06,"combined_trend",NA,NA,NA,0.475750298713124,NA,NA,NA,NA
"Utah","status_quo","Past",2021-01-06,"combined_trend",NA,NA,NA,0.475750298713124,NA,NA,NA,NA
"Utah","linear_increase_sd","Past",2021-01-06,"cumulative_all_infections",797796,797796,797796,809775,803399,828128,828128,828128
"Utah","return_normal","Past",2021-01-06,"cumulative_all_infections",797796,797796,797796,809775,803399,828128,828128,828128
"Utah","status_quo","Past",2021-01-06,"cumulative_all_infections",797796,797796,797796,809775,803399,828128,828128,828128
"Utah","linear_increase_sd","Past",2021-01-06,"cumulative_cases",282512,282512,282512,287109,286800,292014,292014,292014
"Utah","return_normal","Past",2021-01-06,"cumulative_cases",282512,282512,282512,287109,286800,292014,292014,292014
"Utah","status_quo","Past",2021-01-06,"cumulative_cases",282512,282512,282512,287109,286800,292014,292014,292014
"Utah","linear_increase_sd","Past",2021-01-06,"cumulative_deaths",1799,1799,1799,1825,1836,1840,1840,1840
"Utah","return_normal","Past",2021-01-06,"cumulative_deaths",1799,1799,1799,1825,1836,1840,1840,1840
"Utah","status_quo","Past",2021-01-06,"cumulative_deaths",1799,1799,1799,1825,1836,1840,1840,1840
"Utah","linear_increase_sd","Past",2021-01-06,"cumulative_hosps",31944,31944,31944,32423,32243,33082,33082,33082
"Utah","return_normal","Past",2021-01-06,"cumulative_hosps",31944,31944,31944,32423,32243,33082,33082,33082
"Utah","status_quo","Past",2021-01-06,"cumulative_hosps",31944,31944,31944,32423,32243,33082,33082,33082
"Utah","linear_increase_sd","Past",2021-01-06,"daily_all_infections",6281,6281,6281,6939,7254,7281,7281,7281
"Utah","return_normal","Past",2021-01-06,"daily_all_infections",6281,6281,6281,6939,7254,7281,7281,7281
"Utah","status_quo","Past",2021-01-06,"daily_all_infections",6281,6281,6281,6939,7254,7281,7281,7281
"Utah","linear_increase_sd","Past",2021-01-06,"daily_cases",2564,2564,2564,2734,2687,2951,2951,2951
"Utah","return_normal","Past",2021-01-06,"daily_cases",2564,2564,2564,2734,2687,2951,2951,2951
"Utah","status_quo","Past",2021-01-06,"daily_cases",2564,2564,2564,2734,2687,2951,2951,2951
"Utah","linear_increase_sd","Past",2021-01-06,"daily_deaths",11,11,11,13,13,13,13,13
"Utah","return_normal","Past",2021-01-06,"daily_deaths",11,11,11,13,13,13,13,13
"Utah","status_quo","Past",2021-01-06,"daily_deaths",11,11,11,13,13,13,13,13
"Utah","linear_increase_sd","Past",2021-01-06,"daily_hosps",291,291,291,313,323,323,323,323
"Utah","return_normal","Past",2021-01-06,"daily_hosps",291,291,291,313,323,323,323,323
"Utah","status_quo","Past",2021-01-06,"daily_hosps",291,291,291,313,323,323,323,323
"Utah","linear_increase_sd","Past",2021-01-06,"latent_trend",NA,NA,NA,0.716196422523374,NA,NA,NA,NA
"Utah","return_normal","Past",2021-01-06,"latent_trend",NA,NA,NA,0.716196422523374,NA,NA,NA,NA
"Utah","status_quo","Past",2021-01-06,"latent_trend",NA,NA,NA,0.716196422523374,NA,NA,NA,NA
"Utah","linear_increase_sd","Past",2021-01-06,"mobility_trend",NA,NA,NA,0.664273492231242,NA,NA,NA,NA
"Utah","return_normal","Past",2021-01-06,"mobility_trend",NA,NA,NA,0.664273492231242,NA,NA,NA,NA
"Utah","status_quo","Past",2021-01-06,"mobility_trend",NA,NA,NA,0.664273492231242,NA,NA,NA,NA
"Utah",NA,"Past",2021-01-07,"actual_cumulative_cases",NA,NA,NA,297317,NA,NA,NA,NA
"Utah",NA,"Past",2021-01-07,"actual_cumulative_deaths",NA,NA,NA,1364,NA,NA,NA,NA
"Utah",NA,"Past",2021-01-07,"actual_daily_cases",NA,NA,NA,4597,NA,NA,NA,NA
"Utah",NA,"Past",2021-01-07,"actual_daily_deaths",NA,NA,NA,29,NA,NA,NA,NA
"Utah","linear_increase_sd","Past",2021-01-07,"combined_trend",NA,NA,NA,0.473348797814518,NA,NA,NA,NA
"Utah","return_normal","Past",2021-01-07,"combined_trend",NA,NA,NA,0.473348797814518,NA,NA,NA,NA
"Utah","status_quo","Past",2021-01-07,"combined_trend",NA,NA,NA,0.473348797814518,NA,NA,NA,NA
"Utah","linear_increase_sd","Past",2021-01-07,"cumulative_all_infections",805075,805075,805075,816672,809600,835339,835339,835339
"Utah","return_normal","Past",2021-01-07,"cumulative_all_infections",805075,805075,805075,816672,809600,835339,835339,835339
"Utah","status_quo","Past",2021-01-07,"cumulative_all_infections",805075,805075,805075,816672,809600,835339,835339,835339
"Utah","linear_increase_sd","Past",2021-01-07,"cumulative_cases",285130,285130,285130,289708,289332,294660,294660,294660
"Utah","return_normal","Past",2021-01-07,"cumulative_cases",285130,285130,285130,289708,289332,294660,294660,294660
"Utah","status_quo","Past",2021-01-07,"cumulative_cases",285130,285130,285130,289708,289332,294660,294660,294660
"Utah","linear_increase_sd","Past",2021-01-07,"cumulative_deaths",1811,1811,1811,1837,1848,1852,1852,1852
"Utah","return_normal","Past",2021-01-07,"cumulative_deaths",1811,1811,1811,1837,1848,1852,1852,1852
"Utah","status_quo","Past",2021-01-07,"cumulative_deaths",1811,1811,1811,1837,1848,1852,1852,1852
"Utah","linear_increase_sd","Past",2021-01-07,"cumulative_hosps",32233,32233,32233,32736,32565,33408,33408,33408
"Utah","return_normal","Past",2021-01-07,"cumulative_hosps",32233,32233,32233,32736,32565,33408,33408,33408
"Utah","status_quo","Past",2021-01-07,"cumulative_hosps",32233,32233,32233,32736,32565,33408,33408,33408
"Utah","linear_increase_sd","Past",2021-01-07,"daily_all_infections",6201,6201,6201,6897,7211,7279,7279,7279
"Utah","return_normal","Past",2021-01-07,"daily_all_infections",6201,6201,6201,6897,7211,7279,7279,7279
"Utah","status_quo","Past",2021-01-07,"daily_all_infections",6201,6201,6201,6897,7211,7279,7279,7279
"Utah","linear_increase_sd","Past",2021-01-07,"daily_cases",2532,2532,2532,2599,2618,2646,2646,2646
"Utah","return_normal","Past",2021-01-07,"daily_cases",2532,2532,2532,2599,2618,2646,2646,2646
"Utah","status_quo","Past",2021-01-07,"daily_cases",2532,2532,2532,2599,2618,2646,2646,2646
"Utah","linear_increase_sd","Past",2021-01-07,"daily_deaths",12,12,12,12,12,12,12,12
"Utah","return_normal","Past",2021-01-07,"daily_deaths",12,12,12,12,12,12,12,12
"Utah","status_quo","Past",2021-01-07,"daily_deaths",12,12,12,12,12,12,12,12
"Utah","linear_increase_sd","Past",2021-01-07,"daily_hosps",289,289,289,313,322,326,326,326
"Utah","return_normal","Past",2021-01-07,"daily_hosps",289,289,289,313,322,326,326,326
"Utah","status_quo","Past",2021-01-07,"daily_hosps",289,289,289,313,322,326,326,326
"Utah","linear_increase_sd","Past",2021-01-07,"latent_trend",NA,NA,NA,0.7148971317296,NA,NA,NA,NA
"Utah","return_normal","Past",2021-01-07,"latent_trend",NA,NA,NA,0.7148971317296,NA,NA,NA,NA
"Utah","status_quo","Past",2021-01-07,"latent_trend",NA,NA,NA,0.7148971317296,NA,NA,NA,NA
"Utah","linear_increase_sd","Past",2021-01-07,"mobility_trend",NA,NA,NA,0.662121551207391,NA,NA,NA,NA
"Utah","return_normal","Past",2021-01-07,"mobility_trend",NA,NA,NA,0.662121551207391,NA,NA,NA,NA
"Utah","status_quo","Past",2021-01-07,"mobility_trend",NA,NA,NA,0.662121551207391,NA,NA,NA,NA
"Utah",NA,"Past",2021-01-08,"actual_cumulative_cases",NA,NA,NA,301110,NA,NA,NA,NA
"Utah",NA,"Past",2021-01-08,"actual_cumulative_deaths",NA,NA,NA,1386,NA,NA,NA,NA
"Utah",NA,"Past",2021-01-08,"actual_daily_cases",NA,NA,NA,3793,NA,NA,NA,NA
"Utah",NA,"Past",2021-01-08,"actual_daily_deaths",NA,NA,NA,22,NA,NA,NA,NA
"Utah","linear_increase_sd","Past",2021-01-08,"combined_trend",NA,NA,NA,0.470511518311983,NA,NA,NA,NA
"Utah","return_normal","Past",2021-01-08,"combined_trend",NA,NA,NA,0.470511518311983,NA,NA,NA,NA
"Utah","status_quo","Past",2021-01-08,"combined_trend",NA,NA,NA,0.470511518311983,NA,NA,NA,NA
"Utah","linear_increase_sd","Past",2021-01-08,"cumulative_all_infections",812337,812337,812337,823523,815760,842470,842470,842470
"Utah","return_normal","Past",2021-01-08,"cumulative_all_infections",812337,812337,812337,823523,815760,842470,842470,842470
"Utah","status_quo","Past",2021-01-08,"cumulative_all_infections",812337,812337,812337,823523,815760,842470,842470,842470
"Utah","linear_increase_sd","Past",2021-01-08,"cumulative_cases",287758,287758,287758,292413,291928,297552,297552,297552
"Utah","return_normal","Past",2021-01-08,"cumulative_cases",287758,287758,287758,292413,291928,297552,297552,297552
"Utah","status_quo","Past",2021-01-08,"cumulative_cases",287758,287758,287758,292413,291928,297552,297552,297552
"Utah","linear_increase_sd","Past",2021-01-08,"cumulative_deaths",1823,1823,1823,1850,1863,1864,1864,1864
"Utah","return_normal","Past",2021-01-08,"cumulative_deaths",1823,1823,1823,1850,1863,1864,1864,1864
"Utah","status_quo","Past",2021-01-08,"cumulative_deaths",1823,1823,1823,1850,1863,1864,1864,1864
"Utah","linear_increase_sd","Past",2021-01-08,"cumulative_hosps",32533,32533,32533,33050,32882,33733,33733,33733
"Utah","return_normal","Past",2021-01-08,"cumulative_hosps",32533,32533,32533,33050,32882,33733,33733,33733
"Utah","status_quo","Past",2021-01-08,"cumulative_hosps",32533,32533,32533,33050,32882,33733,33733,33733
"Utah","linear_increase_sd","Past",2021-01-08,"daily_all_infections",6160,6160,6160,6851,7131,7262,7262,7262
"Utah","return_normal","Past",2021-01-08,"daily_all_infections",6160,6160,6160,6851,7131,7262,7262,7262
"Utah","status_quo","Past",2021-01-08,"daily_all_infections",6160,6160,6160,6851,7131,7262,7262,7262
"Utah","linear_increase_sd","Past",2021-01-08,"daily_cases",2596,2596,2596,2706,2628,2892,2892,2892
"Utah","return_normal","Past",2021-01-08,"daily_cases",2596,2596,2596,2706,2628,2892,2892,2892
"Utah","status_quo","Past",2021-01-08,"daily_cases",2596,2596,2596,2706,2628,2892,2892,2892
"Utah","linear_increase_sd","Past",2021-01-08,"daily_deaths",12,12,12,13,12,15,15,15
"Utah","return_normal","Past",2021-01-08,"daily_deaths",12,12,12,13,12,15,15,15
"Utah","status_quo","Past",2021-01-08,"daily_deaths",12,12,12,13,12,15,15,15
"Utah","linear_increase_sd","Past",2021-01-08,"daily_hosps",300,300,300,314,317,325,325,325
"Utah","return_normal","Past",2021-01-08,"daily_hosps",300,300,300,314,317,325,325,325
"Utah","status_quo","Past",2021-01-08,"daily_hosps",300,300,300,314,317,325,325,325
"Utah","linear_increase_sd","Past",2021-01-08,"latent_trend",NA,NA,NA,0.712985318350554,NA,NA,NA,NA
"Utah","return_normal","Past",2021-01-08,"latent_trend",NA,NA,NA,0.712985318350554,NA,NA,NA,NA
"Utah","status_quo","Past",2021-01-08,"latent_trend",NA,NA,NA,0.712985318350554,NA,NA,NA,NA
"Utah","linear_increase_sd","Past",2021-01-08,"mobility_trend",NA,NA,NA,0.659917541360433,NA,NA,NA,NA
"Utah","return_normal","Past",2021-01-08,"mobility_trend",NA,NA,NA,0.659917541360433,NA,NA,NA,NA
"Utah","status_quo","Past",2021-01-08,"mobility_trend",NA,NA,NA,0.659917541360433,NA,NA,NA,NA
"Utah",NA,"Past",2021-01-09,"actual_cumulative_cases",NA,NA,NA,303723,NA,NA,NA,NA
"Utah",NA,"Past",2021-01-09,"actual_cumulative_deaths",NA,NA,NA,1395,NA,NA,NA,NA
"Utah",NA,"Past",2021-01-09,"actual_daily_cases",NA,NA,NA,2613,NA,NA,NA,NA
"Utah",NA,"Past",2021-01-09,"actual_daily_deaths",NA,NA,NA,9,NA,NA,NA,NA
"Utah","linear_increase_sd","Past",2021-01-09,"combined_trend",NA,NA,NA,0.467286506102752,NA,NA,NA,NA
"Utah","return_normal","Past",2021-01-09,"combined_trend",NA,NA,NA,0.467286506102752,NA,NA,NA,NA
"Utah","status_quo","Past",2021-01-09,"combined_trend",NA,NA,NA,0.467286506102752,NA,NA,NA,NA
"Utah","linear_increase_sd","Past",2021-01-09,"cumulative_all_infections",819586,819586,819586,830316,821854,849506,849506,849506
"Utah","return_normal","Past",2021-01-09,"cumulative_all_infections",819586,819586,819586,830316,821854,849506,849506,849506
"Utah","status_quo","Past",2021-01-09,"cumulative_all_infections",819586,819586,819586,830316,821854,849506,849506,849506
"Utah","linear_increase_sd","Past",2021-01-09,"cumulative_cases",290541,290541,290541,295074,294515,300166,300166,300166
"Utah","return_normal","Past",2021-01-09,"cumulative_cases",290541,290541,290541,295074,294515,300166,300166,300166
"Utah","status_quo","Past",2021-01-09,"cumulative_cases",290541,290541,290541,295074,294515,300166,300166,300166
"Utah","linear_increase_sd","Past",2021-01-09,"cumulative_deaths",1835,1835,1835,1863,1876,1876,1876,1876
"Utah","return_normal","Past",2021-01-09,"cumulative_deaths",1835,1835,1835,1863,1876,1876,1876,1876
"Utah","status_quo","Past",2021-01-09,"cumulative_deaths",1835,1835,1835,1863,1876,1876,1876,1876
"Utah","linear_increase_sd","Past",2021-01-09,"cumulative_hosps",32835,32835,32835,33364,33194,34061,34061,34061
"Utah","return_normal","Past",2021-01-09,"cumulative_hosps",32835,32835,32835,33364,33194,34061,34061,34061
"Utah","status_quo","Past",2021-01-09,"cumulative_hosps",32835,32835,32835,33364,33194,34061,34061,34061
"Utah","linear_increase_sd","Past",2021-01-09,"daily_all_infections",6094,6094,6094,6793,7036,7249,7249,7249
"Utah","return_normal","Past",2021-01-09,"daily_all_infections",6094,6094,6094,6793,7036,7249,7249,7249
"Utah","status_quo","Past",2021-01-09,"daily_all_infections",6094,6094,6094,6793,7036,7249,7249,7249
"Utah","linear_increase_sd","Past",2021-01-09,"daily_cases",2587,2587,2587,2662,2614,2783,2783,2783
"Utah","return_normal","Past",2021-01-09,"daily_cases",2587,2587,2587,2662,2614,2783,2783,2783
"Utah","status_quo","Past",2021-01-09,"daily_cases",2587,2587,2587,2662,2614,2783,2783,2783
"Utah","linear_increase_sd","Past",2021-01-09,"daily_deaths",12,12,12,13,12,13,13,13
"Utah","return_normal","Past",2021-01-09,"daily_deaths",12,12,12,13,12,13,13,13
"Utah","status_quo","Past",2021-01-09,"daily_deaths",12,12,12,13,12,13,13,13
"Utah","linear_increase_sd","Past",2021-01-09,"daily_hosps",302,302,302,314,312,328,328,328
"Utah","return_normal","Past",2021-01-09,"daily_hosps",302,302,302,314,312,328,328,328
"Utah","status_quo","Past",2021-01-09,"daily_hosps",302,302,302,314,312,328,328,328
"Utah","linear_increase_sd","Past",2021-01-09,"latent_trend",NA,NA,NA,0.710507196795576,NA,NA,NA,NA
"Utah","return_normal","Past",2021-01-09,"latent_trend",NA,NA,NA,0.710507196795576,NA,NA,NA,NA
"Utah","status_quo","Past",2021-01-09,"latent_trend",NA,NA,NA,0.710507196795576,NA,NA,NA,NA
"Utah","linear_increase_sd","Past",2021-01-09,"mobility_trend",NA,NA,NA,0.657680187069516,NA,NA,NA,NA
"Utah","return_normal","Past",2021-01-09,"mobility_trend",NA,NA,NA,0.657680187069516,NA,NA,NA,NA
"Utah","status_quo","Past",2021-01-09,"mobility_trend",NA,NA,NA,0.657680187069516,NA,NA,NA,NA
"Utah",NA,"Past",2021-01-10,"actual_cumulative_cases",NA,NA,NA,305999,NA,NA,NA,NA
"Utah",NA,"Past",2021-01-10,"actual_cumulative_deaths",NA,NA,NA,1397,NA,NA,NA,NA
"Utah",NA,"Past",2021-01-10,"actual_daily_cases",NA,NA,NA,2276,NA,NA,NA,NA
"Utah",NA,"Past",2021-01-10,"actual_daily_deaths",NA,NA,NA,2,NA,NA,NA,NA
"Utah","linear_increase_sd","Past",2021-01-10,"combined_trend",NA,NA,NA,0.46371930069686,NA,NA,NA,NA
"Utah","return_normal","Past",2021-01-10,"combined_trend",NA,NA,NA,0.46371930069686,NA,NA,NA,NA
"Utah","status_quo","Past",2021-01-10,"combined_trend",NA,NA,NA,0.46371930069686,NA,NA,NA,NA
"Utah","linear_increase_sd","Past",2021-01-10,"cumulative_all_infections",826821,826821,826821,837048,827901,856421,856421,856421
"Utah","return_normal","Past",2021-01-10,"cumulative_all_infections",826821,826821,826821,837048,827901,856421,856421,856421
"Utah","status_quo","Past",2021-01-10,"cumulative_all_infections",826821,826821,826821,837048,827901,856421,856421,856421
"Utah","linear_increase_sd","Past",2021-01-10,"cumulative_cases",293175,293175,293175,297668,296834,302993,302993,302993
"Utah","return_normal","Past",2021-01-10,"cumulative_cases",293175,293175,293175,297668,296834,302993,302993,302993
"Utah","status_quo","Past",2021-01-10,"cumulative_cases",293175,293175,293175,297668,296834,302993,302993,302993
"Utah","linear_increase_sd","Past",2021-01-10,"cumulative_deaths",1847,1847,1847,1876,1889,1890,1890,1890
"Utah","return_normal","Past",2021-01-10,"cumulative_deaths",1847,1847,1847,1876,1889,1890,1890,1890
"Utah","status_quo","Past",2021-01-10,"cumulative_deaths",1847,1847,1847,1876,1889,1890,1890,1890
"Utah","linear_increase_sd","Past",2021-01-10,"cumulative_hosps",33142,33142,33142,33680,33504,34393,34393,34393
"Utah","return_normal","Past",2021-01-10,"cumulative_hosps",33142,33142,33142,33680,33504,34393,34393,34393
"Utah","status_quo","Past",2021-01-10,"cumulative_hosps",33142,33142,33142,33680,33504,34393,34393,34393
"Utah","linear_increase_sd","Past",2021-01-10,"daily_all_infections",6047,6047,6047,6733,6915,7235,7235,7235
"Utah","return_normal","Past",2021-01-10,"daily_all_infections",6047,6047,6047,6733,6915,7235,7235,7235
"Utah","status_quo","Past",2021-01-10,"daily_all_infections",6047,6047,6047,6733,6915,7235,7235,7235
"Utah","linear_increase_sd","Past",2021-01-10,"daily_cases",2319,2319,2319,2594,2634,2827,2827,2827
"Utah","return_normal","Past",2021-01-10,"daily_cases",2319,2319,2319,2594,2634,2827,2827,2827
"Utah","status_quo","Past",2021-01-10,"daily_cases",2319,2319,2319,2594,2634,2827,2827,2827
"Utah","linear_increase_sd","Past",2021-01-10,"daily_deaths",12,12,12,13,13,14,14,14
"Utah","return_normal","Past",2021-01-10,"daily_deaths",12,12,12,13,13,14,14,14
"Utah","status_quo","Past",2021-01-10,"daily_deaths",12,12,12,13,13,14,14,14
"Utah","linear_increase_sd","Past",2021-01-10,"daily_hosps",307,307,307,317,310,332,332,332
"Utah","return_normal","Past",2021-01-10,"daily_hosps",307,307,307,317,310,332,332,332
"Utah","status_quo","Past",2021-01-10,"daily_hosps",307,307,307,317,310,332,332,332
"Utah","linear_increase_sd","Past",2021-01-10,"latent_trend",NA,NA,NA,0.707508105177574,NA,NA,NA,NA
"Utah","return_normal","Past",2021-01-10,"latent_trend",NA,NA,NA,0.707508105177574,NA,NA,NA,NA
"Utah","status_quo","Past",2021-01-10,"latent_trend",NA,NA,NA,0.707508105177574,NA,NA,NA,NA
"Utah","linear_increase_sd","Past",2021-01-10,"mobility_trend",NA,NA,NA,0.65542613194583,NA,NA,NA,NA
"Utah","return_normal","Past",2021-01-10,"mobility_trend",NA,NA,NA,0.65542613194583,NA,NA,NA,NA
"Utah","status_quo","Past",2021-01-10,"mobility_trend",NA,NA,NA,0.65542613194583,NA,NA,NA,NA
"Utah",NA,"Past",2021-01-11,"actual_cumulative_cases",NA,NA,NA,307483,NA,NA,NA,NA
"Utah",NA,"Past",2021-01-11,"actual_cumulative_deaths",NA,NA,NA,1401,NA,NA,NA,NA
"Utah",NA,"Past",2021-01-11,"actual_daily_cases",NA,NA,NA,1484,NA,NA,NA,NA
"Utah",NA,"Past",2021-01-11,"actual_daily_deaths",NA,NA,NA,4,NA,NA,NA,NA
"Utah","linear_increase_sd","Past",2021-01-11,"combined_trend",NA,NA,NA,0.459854744034803,NA,NA,NA,NA
"Utah","return_normal","Past",2021-01-11,"combined_trend",NA,NA,NA,0.459854744034803,NA,NA,NA,NA
"Utah","status_quo","Past",2021-01-11,"combined_trend",NA,NA,NA,0.459854744034803,NA,NA,NA,NA
"Utah","linear_increase_sd","Past",2021-01-11,"cumulative_all_infections",833853,833853,833853,843686,833992,863213,863213,863213
"Utah","return_normal","Past",2021-01-11,"cumulative_all_infections",833853,833853,833853,843686,833992,863213,863213,863213
"Utah","status_quo","Past",2021-01-11,"cumulative_all_infections",833853,833853,833853,843686,833992,863213,863213,863213
"Utah","linear_increase_sd","Past",2021-01-11,"cumulative_cases",296060,296060,296060,300418,299322,305870,305870,305870
"Utah","return_normal","Past",2021-01-11,"cumulative_cases",296060,296060,296060,300418,299322,305870,305870,305870
"Utah","status_quo","Past",2021-01-11,"cumulative_cases",296060,296060,296060,300418,299322,305870,305870,305870
"Utah","linear_increase_sd","Past",2021-01-11,"cumulative_deaths",1858,1858,1858,1888,1902,1903,1903,1903
"Utah","return_normal","Past",2021-01-11,"cumulative_deaths",1858,1858,1858,1888,1902,1903,1903,1903
"Utah","status_quo","Past",2021-01-11,"cumulative_deaths",1858,1858,1858,1888,1902,1903,1903,1903
"Utah","linear_increase_sd","Past",2021-01-11,"cumulative_hosps",33451,33451,33451,33997,33815,34725,34725,34725
"Utah","return_normal","Past",2021-01-11,"cumulative_hosps",33451,33451,33451,33997,33815,34725,34725,34725
"Utah","status_quo","Past",2021-01-11,"cumulative_hosps",33451,33451,33451,33997,33815,34725,34725,34725
"Utah","linear_increase_sd","Past",2021-01-11,"daily_all_infections",5952,5952,5952,6639,6792,7171,7171,7171
"Utah","return_normal","Past",2021-01-11,"daily_all_infections",5952,5952,5952,6639,6792,7171,7171,7171
"Utah","status_quo","Past",2021-01-11,"daily_all_infections",5952,5952,5952,6639,6792,7171,7171,7171
"Utah","linear_increase_sd","Past",2021-01-11,"daily_cases",2488,2488,2488,2750,2877,2885,2885,2885
"Utah","return_normal","Past",2021-01-11,"daily_cases",2488,2488,2488,2750,2877,2885,2885,2885
"Utah","status_quo","Past",2021-01-11,"daily_cases",2488,2488,2488,2750,2877,2885,2885,2885
"Utah","linear_increase_sd","Past",2021-01-11,"daily_deaths",11,11,11,13,12,14,14,14
"Utah","return_normal","Past",2021-01-11,"daily_deaths",11,11,11,13,12,14,14,14
"Utah","status_quo","Past",2021-01-11,"daily_deaths",11,11,11,13,12,14,14,14
"Utah","linear_increase_sd","Past",2021-01-11,"daily_hosps",309,309,309,318,311,332,332,332
"Utah","return_normal","Past",2021-01-11,"daily_hosps",309,309,309,318,311,332,332,332
"Utah","status_quo","Past",2021-01-11,"daily_hosps",309,309,309,318,311,332,332,332
"Utah","linear_increase_sd","Past",2021-01-11,"latent_trend",NA,NA,NA,0.704033134052526,NA,NA,NA,NA
"Utah","return_normal","Past",2021-01-11,"latent_trend",NA,NA,NA,0.704033134052526,NA,NA,NA,NA
"Utah","status_quo","Past",2021-01-11,"latent_trend",NA,NA,NA,0.704033134052526,NA,NA,NA,NA
"Utah","linear_increase_sd","Past",2021-01-11,"mobility_trend",NA,NA,NA,0.653172019600564,NA,NA,NA,NA
"Utah","return_normal","Past",2021-01-11,"mobility_trend",NA,NA,NA,0.653172019600564,NA,NA,NA,NA
"Utah","status_quo","Past",2021-01-11,"mobility_trend",NA,NA,NA,0.653172019600564,NA,NA,NA,NA
"Utah",NA,"Past",2021-01-12,"actual_cumulative_cases",NA,NA,NA,309629,NA,NA,NA,NA
"Utah",NA,"Past",2021-01-12,"actual_cumulative_deaths",NA,NA,NA,1427,NA,NA,NA,NA
"Utah",NA,"Past",2021-01-12,"actual_daily_cases",NA,NA,NA,2146,NA,NA,NA,NA
"Utah",NA,"Past",2021-01-12,"actual_daily_deaths",NA,NA,NA,26,NA,NA,NA,NA
"Utah","linear_increase_sd","Past",2021-01-12,"combined_trend",NA,NA,NA,0.455735356068935,NA,NA,NA,NA
"Utah","return_normal","Past",2021-01-12,"combined_trend",NA,NA,NA,0.455735356068935,NA,NA,NA,NA
"Utah","status_quo","Past",2021-01-12,"combined_trend",NA,NA,NA,0.455735356068935,NA,NA,NA,NA
"Utah","linear_increase_sd","Past",2021-01-12,"cumulative_all_infections",839765,839765,839765,850226,841067,869846,869846,869846
"Utah","return_normal","Past",2021-01-12,"cumulative_all_infections",839765,839765,839765,850226,841067,869846,869846,869846
"Utah","status_quo","Past",2021-01-12,"cumulative_all_infections",839765,839765,839765,850226,841067,869846,869846,869846
"Utah","linear_increase_sd","Past",2021-01-12,"cumulative_cases",298692,298692,298692,303041,301747,308682,308682,308682
"Utah","return_normal","Past",2021-01-12,"cumulative_cases",298692,298692,298692,303041,301747,308682,308682,308682
"Utah","status_quo","Past",2021-01-12,"cumulative_cases",298692,298692,298692,303041,301747,308682,308682,308682
"Utah","linear_increase_sd","Past",2021-01-12,"cumulative_deaths",1869,1869,1869,1901,1915,1917,1917,1917
"Utah","return_normal","Past",2021-01-12,"cumulative_deaths",1869,1869,1869,1901,1915,1917,1917,1917
"Utah","status_quo","Past",2021-01-12,"cumulative_deaths",1869,1869,1869,1901,1915,1917,1917,1917
"Utah","linear_increase_sd","Past",2021-01-12,"cumulative_hosps",33762,33762,33762,34315,34124,35058,35058,35058
"Utah","return_normal","Past",2021-01-12,"cumulative_hosps",33762,33762,33762,34315,34124,35058,35058,35058
"Utah","status_quo","Past",2021-01-12,"cumulative_hosps",33762,33762,33762,34315,34124,35058,35058,35058
"Utah","linear_increase_sd","Past",2021-01-12,"daily_all_infections",5912,5912,5912,6540,6633,7075,7075,7075
"Utah","return_normal","Past",2021-01-12,"daily_all_infections",5912,5912,5912,6540,6633,7075,7075,7075
"Utah","status_quo","Past",2021-01-12,"daily_all_infections",5912,5912,5912,6540,6633,7075,7075,7075
"Utah","linear_increase_sd","Past",2021-01-12,"daily_cases",2425,2425,2425,2623,2632,2812,2812,2812
"Utah","return_normal","Past",2021-01-12,"daily_cases",2425,2425,2425,2623,2632,2812,2812,2812
"Utah","status_quo","Past",2021-01-12,"daily_cases",2425,2425,2425,2623,2632,2812,2812,2812
"Utah","linear_increase_sd","Past",2021-01-12,"daily_deaths",11,11,11,13,13,14,14,14
"Utah","return_normal","Past",2021-01-12,"daily_deaths",11,11,11,13,13,14,14,14
"Utah","status_quo","Past",2021-01-12,"daily_deaths",11,11,11,13,13,14,14,14
"Utah","linear_increase_sd","Past",2021-01-12,"daily_hosps",309,309,309,318,311,333,333,333
"Utah","return_normal","Past",2021-01-12,"daily_hosps",309,309,309,318,311,333,333,333
"Utah","status_quo","Past",2021-01-12,"daily_hosps",309,309,309,318,311,333,333,333
"Utah","linear_increase_sd","Past",2021-01-12,"latent_trend",NA,NA,NA,0.70012768754402,NA,NA,NA,NA
"Utah","return_normal","Past",2021-01-12,"latent_trend",NA,NA,NA,0.70012768754402,NA,NA,NA,NA
"Utah","status_quo","Past",2021-01-12,"latent_trend",NA,NA,NA,0.70012768754402,NA,NA,NA,NA
"Utah","linear_increase_sd","Past",2021-01-12,"mobility_trend",NA,NA,NA,0.650931771699546,NA,NA,NA,NA
"Utah","return_normal","Past",2021-01-12,"mobility_trend",NA,NA,NA,0.650931771699546,NA,NA,NA,NA
"Utah","status_quo","Past",2021-01-12,"mobility_trend",NA,NA,NA,0.650931771699546,NA,NA,NA,NA
"Utah",NA,"Past",2021-01-13,"actual_cumulative_cases",NA,NA,NA,314817,NA,NA,NA,NA
"Utah",NA,"Past",2021-01-13,"actual_cumulative_deaths",NA,NA,NA,1454,NA,NA,NA,NA
"Utah",NA,"Past",2021-01-13,"actual_daily_cases",NA,NA,NA,5188,NA,NA,NA,NA
"Utah",NA,"Past",2021-01-13,"actual_daily_deaths",NA,NA,NA,27,NA,NA,NA,NA
"Utah","linear_increase_sd","Past",2021-01-13,"combined_trend",NA,NA,NA,0.451395952871339,NA,NA,NA,NA
"Utah","return_normal","Past",2021-01-13,"combined_trend",NA,NA,NA,0.451395952871339,NA,NA,NA,NA
"Utah","status_quo","Past",2021-01-13,"combined_trend",NA,NA,NA,0.451395952871339,NA,NA,NA,NA
"Utah","linear_increase_sd","Past",2021-01-13,"cumulative_all_infections",845608,845608,845608,856668,848065,876331,876331,876331
"Utah","return_normal","Past",2021-01-13,"cumulative_all_infections",845608,845608,845608,856668,848065,876331,876331,876331
"Utah","status_quo","Past",2021-01-13,"cumulative_all_infections",845608,845608,845608,856668,848065,876331,876331,876331
"Utah","linear_increase_sd","Past",2021-01-13,"cumulative_cases",301485,301485,301485,305677,304079,311467,311467,311467
"Utah","return_normal","Past",2021-01-13,"cumulative_cases",301485,301485,301485,305677,304079,311467,311467,311467
"Utah","status_quo","Past",2021-01-13,"cumulative_cases",301485,301485,301485,305677,304079,311467,311467,311467
"Utah","linear_increase_sd","Past",2021-01-13,"cumulative_deaths",1881,1881,1881,1912,1927,1928,1928,1928
"Utah","return_normal","Past",2021-01-13,"cumulative_deaths",1881,1881,1881,1912,1927,1928,1928,1928
"Utah","status_quo","Past",2021-01-13,"cumulative_deaths",1881,1881,1881,1912,1927,1928,1928,1928
"Utah","linear_increase_sd","Past",2021-01-13,"cumulative_hosps",34076,34076,34076,34633,34430,35391,35391,35391
"Utah","return_normal","Past",2021-01-13,"cumulative_hosps",34076,34076,34076,34633,34430,35391,35391,35391
"Utah","status_quo","Past",2021-01-13,"cumulative_hosps",34076,34076,34076,34633,34430,35391,35391,35391
"Utah","linear_increase_sd","Past",2021-01-13,"daily_all_infections",5843,5843,5843,6442,6485,6998,6998,6998
"Utah","return_normal","Past",2021-01-13,"daily_all_infections",5843,5843,5843,6442,6485,6998,6998,6998
"Utah","status_quo","Past",2021-01-13,"daily_all_infections",5843,5843,5843,6442,6485,6998,6998,6998
"Utah","linear_increase_sd","Past",2021-01-13,"daily_cases",2332,2332,2332,2637,2785,2793,2793,2793
"Utah","return_normal","Past",2021-01-13,"daily_cases",2332,2332,2332,2637,2785,2793,2793,2793
"Utah","status_quo","Past",2021-01-13,"daily_cases",2332,2332,2332,2637,2785,2793,2793,2793
"Utah","linear_increase_sd","Past",2021-01-13,"daily_deaths",11,11,11,12,12,12,12,12
"Utah","return_normal","Past",2021-01-13,"daily_deaths",11,11,11,12,12,12,12,12
"Utah","status_quo","Past",2021-01-13,"daily_deaths",11,11,11,12,12,12,12,12
"Utah","linear_increase_sd","Past",2021-01-13,"daily_hosps",306,306,306,318,314,333,333,333
"Utah","return_normal","Past",2021-01-13,"daily_hosps",306,306,306,318,314,333,333,333
"Utah","status_quo","Past",2021-01-13,"daily_hosps",306,306,306,318,314,333,333,333
"Utah","linear_increase_sd","Past",2021-01-13,"latent_trend",NA,NA,NA,0.69583797199855,NA,NA,NA,NA
"Utah","return_normal","Past",2021-01-13,"latent_trend",NA,NA,NA,0.69583797199855,NA,NA,NA,NA
"Utah","status_quo","Past",2021-01-13,"latent_trend",NA,NA,NA,0.69583797199855,NA,NA,NA,NA
"Utah","linear_increase_sd","Past",2021-01-13,"mobility_trend",NA,NA,NA,0.648708422127155,NA,NA,NA,NA
"Utah","return_normal","Past",2021-01-13,"mobility_trend",NA,NA,NA,0.648708422127155,NA,NA,NA,NA
"Utah","status_quo","Past",2021-01-13,"mobility_trend",NA,NA,NA,0.648708422127155,NA,NA,NA,NA
"Utah",NA,"Past",2021-01-14,"actual_cumulative_cases",NA,NA,NA,317559,NA,NA,NA,NA
"Utah",NA,"Past",2021-01-14,"actual_cumulative_deaths",NA,NA,NA,1465,NA,NA,NA,NA
"Utah",NA,"Past",2021-01-14,"actual_daily_cases",NA,NA,NA,2742,NA,NA,NA,NA
"Utah",NA,"Past",2021-01-14,"actual_daily_deaths",NA,NA,NA,11,NA,NA,NA,NA
"Utah","linear_increase_sd","Past",2021-01-14,"combined_trend",NA,NA,NA,0.446869753336128,NA,NA,NA,NA
"Utah","return_normal","Past",2021-01-14,"combined_trend",NA,NA,NA,0.446869753336128,NA,NA,NA,NA
"Utah","status_quo","Past",2021-01-14,"combined_trend",NA,NA,NA,0.446869753336128,NA,NA,NA,NA
"Utah","linear_increase_sd","Past",2021-01-14,"cumulative_all_infections",851417,851417,851417,862991,854933,882623,882623,882623
"Utah","return_normal","Past",2021-01-14,"cumulative_all_infections",851417,851417,851417,862991,854933,882623,882623,882623
"Utah","status_quo","Past",2021-01-14,"cumulative_all_infections",851417,851417,851417,862991,854933,882623,882623,882623
"Utah","linear_increase_sd","Past",2021-01-14,"cumulative_cases",304276,304276,304276,308354,306523,314262,314262,314262
"Utah","return_normal","Past",2021-01-14,"cumulative_cases",304276,304276,304276,308354,306523,314262,314262,314262
"Utah","status_quo","Past",2021-01-14,"cumulative_cases",304276,304276,304276,308354,306523,314262,314262,314262
"Utah","linear_increase_sd","Past",2021-01-14,"cumulative_deaths",1892,1892,1892,1925,1939,1942,1942,1942
"Utah","return_normal","Past",2021-01-14,"cumulative_deaths",1892,1892,1892,1925,1939,1942,1942,1942
"Utah","status_quo","Past",2021-01-14,"cumulative_deaths",1892,1892,1892,1925,1939,1942,1942,1942
"Utah","linear_increase_sd","Past",2021-01-14,"cumulative_hosps",34397,34397,34397,34950,34726,35727,35727,35727
"Utah","return_normal","Past",2021-01-14,"cumulative_hosps",34397,34397,34397,34950,34726,35727,35727,35727
"Utah","status_quo","Past",2021-01-14,"cumulative_hosps",34397,34397,34397,34950,34726,35727,35727,35727
"Utah","linear_increase_sd","Past",2021-01-14,"daily_all_infections",5809,5809,5809,6323,6292,6868,6868,6868
"Utah","return_normal","Past",2021-01-14,"daily_all_infections",5809,5809,5809,6323,6292,6868,6868,6868
"Utah","status_quo","Past",2021-01-14,"daily_all_infections",5809,5809,5809,6323,6292,6868,6868,6868
"Utah","linear_increase_sd","Past",2021-01-14,"daily_cases",2444,2444,2444,2677,2791,2795,2795,2795
"Utah","return_normal","Past",2021-01-14,"daily_cases",2444,2444,2444,2677,2791,2795,2795,2795
"Utah","status_quo","Past",2021-01-14,"daily_cases",2444,2444,2444,2677,2791,2795,2795,2795
"Utah","linear_increase_sd","Past",2021-01-14,"daily_deaths",11,11,11,13,12,14,14,14
"Utah","return_normal","Past",2021-01-14,"daily_deaths",11,11,11,13,12,14,14,14
"Utah","status_quo","Past",2021-01-14,"daily_deaths",11,11,11,13,12,14,14,14
"Utah","linear_increase_sd","Past",2021-01-14,"daily_hosps",296,296,296,318,321,336,336,336
"Utah","return_normal","Past",2021-01-14,"daily_hosps",296,296,296,318,321,336,336,336
"Utah","status_quo","Past",2021-01-14,"daily_hosps",296,296,296,318,321,336,336,336
"Utah","linear_increase_sd","Past",2021-01-14,"latent_trend",NA,NA,NA,0.691211408233931,NA,NA,NA,NA
"Utah","return_normal","Past",2021-01-14,"latent_trend",NA,NA,NA,0.691211408233931,NA,NA,NA,NA
"Utah","status_quo","Past",2021-01-14,"latent_trend",NA,NA,NA,0.691211408233931,NA,NA,NA,NA
"Utah","linear_increase_sd","Past",2021-01-14,"mobility_trend",NA,NA,NA,0.646502282822408,NA,NA,NA,NA
"Utah","return_normal","Past",2021-01-14,"mobility_trend",NA,NA,NA,0.646502282822408,NA,NA,NA,NA
"Utah","status_quo","Past",2021-01-14,"mobility_trend",NA,NA,NA,0.646502282822408,NA,NA,NA,NA
"Utah",NA,"Past",2021-01-15,"actual_cumulative_cases",NA,NA,NA,320102,NA,NA,NA,NA
"Utah",NA,"Past",2021-01-15,"actual_cumulative_deaths",NA,NA,NA,1477,NA,NA,NA,NA
"Utah",NA,"Past",2021-01-15,"actual_daily_cases",NA,NA,NA,2543,NA,NA,NA,NA
"Utah",NA,"Past",2021-01-15,"actual_daily_deaths",NA,NA,NA,12,NA,NA,NA,NA
"Utah","linear_increase_sd","Past",2021-01-15,"combined_trend",NA,NA,NA,0.442190512946048,NA,NA,NA,NA
"Utah","return_normal","Past",2021-01-15,"combined_trend",NA,NA,NA,0.442190512946048,NA,NA,NA,NA
"Utah","status_quo","Past",2021-01-15,"combined_trend",NA,NA,NA,0.442190512946048,NA,NA,NA,NA
"Utah","linear_increase_sd","Past",2021-01-15,"cumulative_all_infections",857137,857137,857137,869183,861666,888745,888745,888745
"Utah","return_normal","Past",2021-01-15,"cumulative_all_infections",857137,857137,857137,869183,861666,888745,888745,888745
"Utah","status_quo","Past",2021-01-15,"cumulative_all_infections",857137,857137,857137,869183,861666,888745,888745,888745
"Utah","linear_increase_sd","Past",2021-01-15,"cumulative_cases",307146,307146,307146,310889,308742,316779,316779,316779
"Utah","return_normal","Past",2021-01-15,"cumulative_cases",307146,307146,307146,310889,308742,316779,316779,316779
"Utah","status_quo","Past",2021-01-15,"cumulative_cases",307146,307146,307146,310889,308742,316779,316779,316779
"Utah","linear_increase_sd","Past",2021-01-15,"cumulative_deaths",1905,1905,1905,1938,1952,1955,1955,1955
"Utah","return_normal","Past",2021-01-15,"cumulative_deaths",1905,1905,1905,1938,1952,1955,1955,1955
"Utah","status_quo","Past",2021-01-15,"cumulative_deaths",1905,1905,1905,1938,1952,1955,1955,1955
"Utah","linear_increase_sd","Past",2021-01-15,"cumulative_hosps",34721,34721,34721,35268,35022,36060,36060,36060
"Utah","return_normal","Past",2021-01-15,"cumulative_hosps",34721,34721,34721,35268,35022,36060,36060,36060
"Utah","status_quo","Past",2021-01-15,"cumulative_hosps",34721,34721,34721,35268,35022,36060,36060,36060
"Utah","linear_increase_sd","Past",2021-01-15,"daily_all_infections",5720,5720,5720,6192,6122,6733,6733,6733
"Utah","return_normal","Past",2021-01-15,"daily_all_infections",5720,5720,5720,6192,6122,6733,6733,6733
"Utah","status_quo","Past",2021-01-15,"daily_all_infections",5720,5720,5720,6192,6122,6733,6733,6733
"Utah","linear_increase_sd","Past",2021-01-15,"daily_cases",2219,2219,2219,2536,2517,2870,2870,2870
"Utah","return_normal","Past",2021-01-15,"daily_cases",2219,2219,2219,2536,2517,2870,2870,2870
"Utah","status_quo","Past",2021-01-15,"daily_cases",2219,2219,2219,2536,2517,2870,2870,2870
"Utah","linear_increase_sd","Past",2021-01-15,"daily_deaths",13,13,13,13,13,13,13,13
"Utah","return_normal","Past",2021-01-15,"daily_deaths",13,13,13,13,13,13,13,13
"Utah","status_quo","Past",2021-01-15,"daily_deaths",13,13,13,13,13,13,13,13
"Utah","linear_increase_sd","Past",2021-01-15,"daily_hosps",296,296,296,318,324,333,333,333
"Utah","return_normal","Past",2021-01-15,"daily_hosps",296,296,296,318,324,333,333,333
"Utah","status_quo","Past",2021-01-15,"daily_hosps",296,296,296,318,324,333,333,333
"Utah","linear_increase_sd","Past",2021-01-15,"latent_trend",NA,NA,NA,0.686296964458992,NA,NA,NA,NA
"Utah","return_normal","Past",2021-01-15,"latent_trend",NA,NA,NA,0.686296964458992,NA,NA,NA,NA
"Utah","status_quo","Past",2021-01-15,"latent_trend",NA,NA,NA,0.686296964458992,NA,NA,NA,NA
"Utah","linear_increase_sd","Past",2021-01-15,"mobility_trend",NA,NA,NA,0.644313665724322,NA,NA,NA,NA
"Utah","return_normal","Past",2021-01-15,"mobility_trend",NA,NA,NA,0.644313665724322,NA,NA,NA,NA
"Utah","status_quo","Past",2021-01-15,"mobility_trend",NA,NA,NA,0.644313665724322,NA,NA,NA,NA
"Utah",NA,"Past",2021-01-16,"actual_cumulative_cases",NA,NA,NA,322252,NA,NA,NA,NA
"Utah",NA,"Past",2021-01-16,"actual_cumulative_deaths",NA,NA,NA,1490,NA,NA,NA,NA
"Utah",NA,"Past",2021-01-16,"actual_daily_cases",NA,NA,NA,2150,NA,NA,NA,NA
"Utah",NA,"Past",2021-01-16,"actual_daily_deaths",NA,NA,NA,13,NA,NA,NA,NA
"Utah","linear_increase_sd","Past",2021-01-16,"combined_trend",NA,NA,NA,0.437395605082096,NA,NA,NA,NA
"Utah","return_normal","Past",2021-01-16,"combined_trend",NA,NA,NA,0.437395605082096,NA,NA,NA,NA
"Utah","status_quo","Past",2021-01-16,"combined_trend",NA,NA,NA,0.437395605082096,NA,NA,NA,NA
"Utah","linear_increase_sd","Past",2021-01-16,"cumulative_all_infections",862786,862786,862786,875226,868242,894650,894650,894650
"Utah","return_normal","Past",2021-01-16,"cumulative_all_infections",862786,862786,862786,875226,868242,894650,894650,894650
"Utah","status_quo","Past",2021-01-16,"cumulative_all_infections",862786,862786,862786,875226,868242,894650,894650,894650
"Utah","linear_increase_sd","Past",2021-01-16,"cumulative_cases",309733,309733,309733,313505,311070,319711,319711,319711
"Utah","return_normal","Past",2021-01-16,"cumulative_cases",309733,309733,309733,313505,311070,319711,319711,319711
"Utah","status_quo","Past",2021-01-16,"cumulative_cases",309733,309733,309733,313505,311070,319711,319711,319711
"Utah","linear_increase_sd","Past",2021-01-16,"cumulative_deaths",1917,1917,1917,1950,1963,1968,1968,1968
"Utah","return_normal","Past",2021-01-16,"cumulative_deaths",1917,1917,1917,1950,1963,1968,1968,1968
"Utah","status_quo","Past",2021-01-16,"cumulative_deaths",1917,1917,1917,1950,1963,1968,1968,1968
"Utah","linear_increase_sd","Past",2021-01-16,"cumulative_hosps",35045,35045,35045,35586,35319,36392,36392,36392
"Utah","return_normal","Past",2021-01-16,"cumulative_hosps",35045,35045,35045,35586,35319,36392,36392,36392
"Utah","status_quo","Past",2021-01-16,"cumulative_hosps",35045,35045,35045,35586,35319,36392,36392,36392
"Utah","linear_increase_sd","Past",2021-01-16,"daily_all_infections",5649,5649,5649,6044,5905,6576,6576,6576
"Utah","return_normal","Past",2021-01-16,"daily_all_infections",5649,5649,5649,6044,5905,6576,6576,6576
"Utah","status_quo","Past",2021-01-16,"daily_all_infections",5649,5649,5649,6044,5905,6576,6576,6576
"Utah","linear_increase_sd","Past",2021-01-16,"daily_cases",2328,2328,2328,2616,2587,2932,2932,2932
"Utah","return_normal","Past",2021-01-16,"daily_cases",2328,2328,2328,2616,2587,2932,2932,2932
"Utah","status_quo","Past",2021-01-16,"daily_cases",2328,2328,2328,2616,2587,2932,2932,2932
"Utah","linear_increase_sd","Past",2021-01-16,"daily_deaths",11,11,11,12,12,13,13,13
"Utah","return_normal","Past",2021-01-16,"daily_deaths",11,11,11,12,12,13,13,13
"Utah","status_quo","Past",2021-01-16,"daily_deaths",11,11,11,12,12,13,13,13
"Utah","linear_increase_sd","Past",2021-01-16,"daily_hosps",297,297,297,318,324,332,332,332
"Utah","return_normal","Past",2021-01-16,"daily_hosps",297,297,297,318,324,332,332,332
"Utah","status_quo","Past",2021-01-16,"daily_hosps",297,297,297,318,324,332,332,332
"Utah","linear_increase_sd","Past",2021-01-16,"latent_trend",NA,NA,NA,0.681145408164806,NA,NA,NA,NA
"Utah","return_normal","Past",2021-01-16,"latent_trend",NA,NA,NA,0.681145408164806,NA,NA,NA,NA
"Utah","status_quo","Past",2021-01-16,"latent_trend",NA,NA,NA,0.681145408164806,NA,NA,NA,NA
"Utah","linear_increase_sd","Past",2021-01-16,"mobility_trend",NA,NA,NA,0.642147183023021,NA,NA,NA,NA
"Utah","return_normal","Past",2021-01-16,"mobility_trend",NA,NA,NA,0.642147183023021,NA,NA,NA,NA
"Utah","status_quo","Past",2021-01-16,"mobility_trend",NA,NA,NA,0.642147183023021,NA,NA,NA,NA
"Utah",NA,"Past",2021-01-17,"actual_cumulative_cases",NA,NA,NA,323837,NA,NA,NA,NA
"Utah",NA,"Past",2021-01-17,"actual_cumulative_deaths",NA,NA,NA,1498,NA,NA,NA,NA
"Utah",NA,"Past",2021-01-17,"actual_daily_cases",NA,NA,NA,1585,NA,NA,NA,NA
"Utah",NA,"Past",2021-01-17,"actual_daily_deaths",NA,NA,NA,8,NA,NA,NA,NA
"Utah","linear_increase_sd","Past",2021-01-17,"combined_trend",NA,NA,NA,0.432534722420404,NA,NA,NA,NA
"Utah","return_normal","Past",2021-01-17,"combined_trend",NA,NA,NA,0.432534722420404,NA,NA,NA,NA
"Utah","status_quo","Past",2021-01-17,"combined_trend",NA,NA,NA,0.432534722420404,NA,NA,NA,NA
"Utah","linear_increase_sd","Past",2021-01-17,"cumulative_all_infections",868394,868394,868394,881126,874639,900343,900343,900343
"Utah","return_normal","Past",2021-01-17,"cumulative_all_infections",868394,868394,868394,881126,874639,900343,900343,900343
"Utah","status_quo","Past",2021-01-17,"cumulative_all_infections",868394,868394,868394,881126,874639,900343,900343,900343
"Utah","linear_increase_sd","Past",2021-01-17,"cumulative_cases",312353,312353,312353,315952,313329,322174,322174,322174
"Utah","return_normal","Past",2021-01-17,"cumulative_cases",312353,312353,312353,315952,313329,322174,322174,322174
"Utah","status_quo","Past",2021-01-17,"cumulative_cases",312353,312353,312353,315952,313329,322174,322174,322174
"Utah","linear_increase_sd","Past",2021-01-17,"cumulative_deaths",1929,1929,1929,1962,1973,1982,1982,1982
"Utah","return_normal","Past",2021-01-17,"cumulative_deaths",1929,1929,1929,1962,1973,1982,1982,1982
"Utah","status_quo","Past",2021-01-17,"cumulative_deaths",1929,1929,1929,1962,1973,1982,1982,1982
"Utah","linear_increase_sd","Past",2021-01-17,"cumulative_hosps",35376,35376,35376,35903,35610,36722,36722,36722
"Utah","return_normal","Past",2021-01-17,"cumulative_hosps",35376,35376,35376,35903,35610,36722,36722,36722
"Utah","status_quo","Past",2021-01-17,"cumulative_hosps",35376,35376,35376,35903,35610,36722,36722,36722
"Utah","linear_increase_sd","Past",2021-01-17,"daily_all_infections",5608,5608,5608,5900,5693,6397,6397,6397
"Utah","return_normal","Past",2021-01-17,"daily_all_infections",5608,5608,5608,5900,5693,6397,6397,6397
"Utah","status_quo","Past",2021-01-17,"daily_all_infections",5608,5608,5608,5900,5693,6397,6397,6397
"Utah","linear_increase_sd","Past",2021-01-17,"daily_cases",2259,2259,2259,2448,2463,2620,2620,2620
"Utah","return_normal","Past",2021-01-17,"daily_cases",2259,2259,2259,2448,2463,2620,2620,2620
"Utah","status_quo","Past",2021-01-17,"daily_cases",2259,2259,2259,2448,2463,2620,2620,2620
"Utah","linear_increase_sd","Past",2021-01-17,"daily_deaths",10,10,10,12,12,14,14,14
"Utah","return_normal","Past",2021-01-17,"daily_deaths",10,10,10,12,12,14,14,14
"Utah","status_quo","Past",2021-01-17,"daily_deaths",10,10,10,12,12,14,14,14
"Utah","linear_increase_sd","Past",2021-01-17,"daily_hosps",291,291,291,318,330,331,331,331
"Utah","return_normal","Past",2021-01-17,"daily_hosps",291,291,291,318,330,331,331,331
"Utah","status_quo","Past",2021-01-17,"daily_hosps",291,291,291,318,330,331,331,331
"Utah","linear_increase_sd","Past",2021-01-17,"latent_trend",NA,NA,NA,0.675809476761219,NA,NA,NA,NA
"Utah","return_normal","Past",2021-01-17,"latent_trend",NA,NA,NA,0.675809476761219,NA,NA,NA,NA
"Utah","status_quo","Past",2021-01-17,"latent_trend",NA,NA,NA,0.675809476761219,NA,NA,NA,NA
"Utah","linear_increase_sd","Past",2021-01-17,"mobility_trend",NA,NA,NA,0.640024647913053,NA,NA,NA,NA
"Utah","return_normal","Past",2021-01-17,"mobility_trend",NA,NA,NA,0.640024647913053,NA,NA,NA,NA
"Utah","status_quo","Past",2021-01-17,"mobility_trend",NA,NA,NA,0.640024647913053,NA,NA,NA,NA
"Utah",NA,"Past",2021-01-18,"actual_cumulative_cases",NA,NA,NA,324919,NA,NA,NA,NA
"Utah",NA,"Past",2021-01-18,"actual_cumulative_deaths",NA,NA,NA,1505,NA,NA,NA,NA
"Utah",NA,"Past",2021-01-18,"actual_daily_cases",NA,NA,NA,1082,NA,NA,NA,NA
"Utah",NA,"Past",2021-01-18,"actual_daily_deaths",NA,NA,NA,7,NA,NA,NA,NA
"Utah","linear_increase_sd","Past",2021-01-18,"combined_trend",NA,NA,NA,0.427660798769095,NA,NA,NA,NA
"Utah","return_normal","Past",2021-01-18,"combined_trend",NA,NA,NA,0.427660798769095,NA,NA,NA,NA
"Utah","status_quo","Past",2021-01-18,"combined_trend",NA,NA,NA,0.427660798769095,NA,NA,NA,NA
"Utah","linear_increase_sd","Past",2021-01-18,"cumulative_all_infections",873934,873934,873934,886866,880826,905836,905836,905836
"Utah","return_normal","Past",2021-01-18,"cumulative_all_infections",873934,873934,873934,886866,880826,905836,905836,905836
"Utah","status_quo","Past",2021-01-18,"cumulative_all_infections",873934,873934,873934,886866,880826,905836,905836,905836
"Utah","linear_increase_sd","Past",2021-01-18,"cumulative_cases",314972,314972,314972,318502,315854,324680,324680,324680
"Utah","return_normal","Past",2021-01-18,"cumulative_cases",314972,314972,314972,318502,315854,324680,324680,324680
"Utah","status_quo","Past",2021-01-18,"cumulative_cases",314972,314972,314972,318502,315854,324680,324680,324680
"Utah","linear_increase_sd","Past",2021-01-18,"cumulative_deaths",1940,1940,1940,1974,1986,1994,1994,1994
"Utah","return_normal","Past",2021-01-18,"cumulative_deaths",1940,1940,1940,1974,1986,1994,1994,1994
"Utah","status_quo","Past",2021-01-18,"cumulative_deaths",1940,1940,1940,1974,1986,1994,1994,1994
"Utah","linear_increase_sd","Past",2021-01-18,"cumulative_hosps",35709,35709,35709,36220,35898,37051,37051,37051
"Utah","return_normal","Past",2021-01-18,"cumulative_hosps",35709,35709,35709,36220,35898,37051,37051,37051
"Utah","status_quo","Past",2021-01-18,"cumulative_hosps",35709,35709,35709,36220,35898,37051,37051,37051
"Utah","linear_increase_sd","Past",2021-01-18,"daily_all_infections",5493,5493,5493,5740,5540,6187,6187,6187
"Utah","return_normal","Past",2021-01-18,"daily_all_infections",5493,5493,5493,5740,5540,6187,6187,6187
"Utah","status_quo","Past",2021-01-18,"daily_all_infections",5493,5493,5493,5740,5540,6187,6187,6187
"Utah","linear_increase_sd","Past",2021-01-18,"daily_cases",2506,2506,2506,2550,2525,2619,2619,2619
"Utah","return_normal","Past",2021-01-18,"daily_cases",2506,2506,2506,2550,2525,2619,2619,2619
"Utah","status_quo","Past",2021-01-18,"daily_cases",2506,2506,2506,2550,2525,2619,2619,2619
"Utah","linear_increase_sd","Past",2021-01-18,"daily_deaths",11,11,11,12,12,13,13,13
"Utah","return_normal","Past",2021-01-18,"daily_deaths",11,11,11,12,12,13,13,13
"Utah","status_quo","Past",2021-01-18,"daily_deaths",11,11,11,12,12,13,13,13
"Utah","linear_increase_sd","Past",2021-01-18,"daily_hosps",288,288,288,317,329,333,333,333
"Utah","return_normal","Past",2021-01-18,"daily_hosps",288,288,288,317,329,333,333,333
"Utah","status_quo","Past",2021-01-18,"daily_hosps",288,288,288,317,329,333,333,333
"Utah","linear_increase_sd","Past",2021-01-18,"latent_trend",NA,NA,NA,0.670343968444462,NA,NA,NA,NA
"Utah","return_normal","Past",2021-01-18,"latent_trend",NA,NA,NA,0.670343968444462,NA,NA,NA,NA
"Utah","status_quo","Past",2021-01-18,"latent_trend",NA,NA,NA,0.670343968444462,NA,NA,NA,NA
"Utah","linear_increase_sd","Past",2021-01-18,"mobility_trend",NA,NA,NA,0.637972173840074,NA,NA,NA,NA
"Utah","return_normal","Past",2021-01-18,"mobility_trend",NA,NA,NA,0.637972173840074,NA,NA,NA,NA
"Utah","status_quo","Past",2021-01-18,"mobility_trend",NA,NA,NA,0.637972173840074,NA,NA,NA,NA
"Utah",NA,"Past",2021-01-19,"actual_cumulative_cases",NA,NA,NA,326221,NA,NA,NA,NA
"Utah",NA,"Past",2021-01-19,"actual_cumulative_deaths",NA,NA,NA,1512,NA,NA,NA,NA
"Utah",NA,"Past",2021-01-19,"actual_daily_cases",NA,NA,NA,1302,NA,NA,NA,NA
"Utah",NA,"Past",2021-01-19,"actual_daily_deaths",NA,NA,NA,7,NA,NA,NA,NA
"Utah","linear_increase_sd","Past",2021-01-19,"combined_trend",NA,NA,NA,0.422827014532896,NA,NA,NA,NA
"Utah","return_normal","Past",2021-01-19,"combined_trend",NA,NA,NA,0.422827014532896,NA,NA,NA,NA
"Utah","status_quo","Past",2021-01-19,"combined_trend",NA,NA,NA,0.422827014532896,NA,NA,NA,NA
"Utah","linear_increase_sd","Past",2021-01-19,"cumulative_all_infections",879395,879395,879395,892442,886813,911116,911116,911116
"Utah","return_normal","Past",2021-01-19,"cumulative_all_infections",879395,879395,879395,892442,886813,911116,911116,911116
"Utah","status_quo","Past",2021-01-19,"cumulative_all_infections",879395,879395,879395,892442,886813,911116,911116,911116
"Utah","linear_increase_sd","Past",2021-01-19,"cumulative_cases",317493,317493,317493,320897,317987,327209,327209,327209
"Utah","return_normal","Past",2021-01-19,"cumulative_cases",317493,317493,317493,320897,317987,327209,327209,327209
"Utah","status_quo","Past",2021-01-19,"cumulative_cases",317493,317493,317493,320897,317987,327209,327209,327209
"Utah","linear_increase_sd","Past",2021-01-19,"cumulative_deaths",1953,1953,1953,1986,1997,2007,2007,2007
"Utah","return_normal","Past",2021-01-19,"cumulative_deaths",1953,1953,1953,1986,1997,2007,2007,2007
"Utah","status_quo","Past",2021-01-19,"cumulative_deaths",1953,1953,1953,1986,1997,2007,2007,2007
"Utah","linear_increase_sd","Past",2021-01-19,"cumulative_hosps",36039,36039,36039,36534,36185,37378,37378,37378
"Utah","return_normal","Past",2021-01-19,"cumulative_hosps",36039,36039,36039,36534,36185,37378,37378,37378
"Utah","status_quo","Past",2021-01-19,"cumulative_hosps",36039,36039,36039,36534,36185,37378,37378,37378
"Utah","linear_increase_sd","Past",2021-01-19,"daily_all_infections",5280,5280,5280,5576,5461,5987,5987,5987
"Utah","return_normal","Past",2021-01-19,"daily_all_infections",5280,5280,5280,5576,5461,5987,5987,5987
"Utah","status_quo","Past",2021-01-19,"daily_all_infections",5280,5280,5280,5576,5461,5987,5987,5987
"Utah","linear_increase_sd","Past",2021-01-19,"daily_cases",2133,2133,2133,2395,2521,2529,2529,2529
"Utah","return_normal","Past",2021-01-19,"daily_cases",2133,2133,2133,2395,2521,2529,2529,2529
"Utah","status_quo","Past",2021-01-19,"daily_cases",2133,2133,2133,2395,2521,2529,2529,2529
"Utah","linear_increase_sd","Past",2021-01-19,"daily_deaths",11,11,11,13,13,13,13,13
"Utah","return_normal","Past",2021-01-19,"daily_deaths",11,11,11,13,13,13,13,13
"Utah","status_quo","Past",2021-01-19,"daily_deaths",11,11,11,13,13,13,13,13
"Utah","linear_increase_sd","Past",2021-01-19,"daily_hosps",287,287,287,315,327,330,330,330
"Utah","return_normal","Past",2021-01-19,"daily_hosps",287,287,287,315,327,330,330,330
"Utah","status_quo","Past",2021-01-19,"daily_hosps",287,287,287,315,327,330,330,330
"Utah","linear_increase_sd","Past",2021-01-19,"latent_trend",NA,NA,NA,0.664805756667117,NA,NA,NA,NA
"Utah","return_normal","Past",2021-01-19,"latent_trend",NA,NA,NA,0.664805756667117,NA,NA,NA,NA
"Utah","status_quo","Past",2021-01-19,"latent_trend",NA,NA,NA,0.664805756667117,NA,NA,NA,NA
"Utah","linear_increase_sd","Past",2021-01-19,"mobility_trend",NA,NA,NA,0.63601587424974,NA,NA,NA,NA
"Utah","return_normal","Past",2021-01-19,"mobility_trend",NA,NA,NA,0.63601587424974,NA,NA,NA,NA
"Utah","status_quo","Past",2021-01-19,"mobility_trend",NA,NA,NA,0.63601587424974,NA,NA,NA,NA
"Utah",NA,"Past",2021-01-20,"actual_cumulative_cases",NA,NA,NA,328380,NA,NA,NA,NA
"Utah",NA,"Past",2021-01-20,"actual_cumulative_deaths",NA,NA,NA,1522,NA,NA,NA,NA
"Utah",NA,"Past",2021-01-20,"actual_daily_cases",NA,NA,NA,2159,NA,NA,NA,NA
"Utah",NA,"Past",2021-01-20,"actual_daily_deaths",NA,NA,NA,10,NA,NA,NA,NA
"Utah","linear_increase_sd","Past",2021-01-20,"combined_trend",NA,NA,NA,0.418088122010185,NA,NA,NA,NA
"Utah","return_normal","Past",2021-01-20,"combined_trend",NA,NA,NA,0.418088122010185,NA,NA,NA,NA
"Utah","status_quo","Past",2021-01-20,"combined_trend",NA,NA,NA,0.418088122010185,NA,NA,NA,NA
"Utah","linear_increase_sd","Past",2021-01-20,"cumulative_all_infections",884784,884784,884784,897848,892596,916163,916163,916163
"Utah","return_normal","Past",2021-01-20,"cumulative_all_infections",884784,884784,884784,897848,892596,916163,916163,916163
"Utah","status_quo","Past",2021-01-20,"cumulative_all_infections",884784,884784,884784,897848,892596,916163,916163,916163
"Utah","linear_increase_sd","Past",2021-01-20,"cumulative_cases",320122,320122,320122,323255,320138,329505,329505,329505
"Utah","return_normal","Past",2021-01-20,"cumulative_cases",320122,320122,320122,323255,320138,329505,329505,329505
"Utah","status_quo","Past",2021-01-20,"cumulative_cases",320122,320122,320122,323255,320138,329505,329505,329505
"Utah","linear_increase_sd","Past",2021-01-20,"cumulative_deaths",1964,1964,1964,1998,2008,2020,2020,2020
"Utah","return_normal","Past",2021-01-20,"cumulative_deaths",1964,1964,1964,1998,2008,2020,2020,2020
"Utah","status_quo","Past",2021-01-20,"cumulative_deaths",1964,1964,1964,1998,2008,2020,2020,2020
"Utah","linear_increase_sd","Past",2021-01-20,"cumulative_hosps",36371,36371,36371,36846,36468,37699,37699,37699
"Utah","return_normal","Past",2021-01-20,"cumulative_hosps",36371,36371,36371,36846,36468,37699,37699,37699
"Utah","status_quo","Past",2021-01-20,"cumulative_hosps",36371,36371,36371,36846,36468,37699,37699,37699
"Utah","linear_increase_sd","Past",2021-01-20,"daily_all_infections",5047,5047,5047,5407,5389,5783,5783,5783
"Utah","return_normal","Past",2021-01-20,"daily_all_infections",5047,5047,5047,5407,5389,5783,5783,5783
"Utah","status_quo","Past",2021-01-20,"daily_all_infections",5047,5047,5047,5407,5389,5783,5783,5783
"Utah","linear_increase_sd","Past",2021-01-20,"daily_cases",2151,2151,2151,2359,2296,2629,2629,2629
"Utah","return_normal","Past",2021-01-20,"daily_cases",2151,2151,2151,2359,2296,2629,2629,2629
"Utah","status_quo","Past",2021-01-20,"daily_cases",2151,2151,2151,2359,2296,2629,2629,2629
"Utah","linear_increase_sd","Past",2021-01-20,"daily_deaths",11,11,11,12,11,13,13,13
"Utah","return_normal","Past",2021-01-20,"daily_deaths",11,11,11,12,11,13,13,13
"Utah","status_quo","Past",2021-01-20,"daily_deaths",11,11,11,12,11,13,13,13
"Utah","linear_increase_sd","Past",2021-01-20,"daily_hosps",283,283,283,312,321,332,332,332
"Utah","return_normal","Past",2021-01-20,"daily_hosps",283,283,283,312,321,332,332,332
"Utah","status_quo","Past",2021-01-20,"daily_hosps",283,283,283,312,321,332,332,332
"Utah","linear_increase_sd","Past",2021-01-20,"latent_trend",NA,NA,NA,0.659253733531325,NA,NA,NA,NA
"Utah","return_normal","Past",2021-01-20,"latent_trend",NA,NA,NA,0.659253733531325,NA,NA,NA,NA
"Utah","status_quo","Past",2021-01-20,"latent_trend",NA,NA,NA,0.659253733531325,NA,NA,NA,NA
"Utah","linear_increase_sd","Past",2021-01-20,"mobility_trend",NA,NA,NA,0.634183927591393,NA,NA,NA,NA
"Utah","return_normal","Past",2021-01-20,"mobility_trend",NA,NA,NA,0.634183927591393,NA,NA,NA,NA
"Utah","status_quo","Past",2021-01-20,"mobility_trend",NA,NA,NA,0.634183927591393,NA,NA,NA,NA
"Utah",NA,"Past",2021-01-21,"actual_cumulative_cases",NA,NA,NA,330469,NA,NA,NA,NA
"Utah",NA,"Past",2021-01-21,"actual_cumulative_deaths",NA,NA,NA,1552,NA,NA,NA,NA
"Utah",NA,"Past",2021-01-21,"actual_daily_cases",NA,NA,NA,2089,NA,NA,NA,NA
"Utah",NA,"Past",2021-01-21,"actual_daily_deaths",NA,NA,NA,30,NA,NA,NA,NA
"Utah","linear_increase_sd","Past",2021-01-21,"combined_trend",NA,NA,NA,0.413504395873319,NA,NA,NA,NA
"Utah","return_normal","Past",2021-01-21,"combined_trend",NA,NA,NA,0.413504395873319,NA,NA,NA,NA
"Utah","status_quo","Past",2021-01-21,"combined_trend",NA,NA,NA,0.413504395873319,NA,NA,NA,NA
"Utah","linear_increase_sd","Past",2021-01-21,"cumulative_all_infections",890131,890131,890131,903095,898143,921010,921010,921010
"Utah","return_normal","Past",2021-01-21,"cumulative_all_infections",890131,890131,890131,903095,898143,921010,921010,921010
"Utah","status_quo","Past",2021-01-21,"cumulative_all_infections",890131,890131,890131,903095,898143,921010,921010,921010
"Utah","linear_increase_sd","Past",2021-01-21,"cumulative_cases",322260,322260,322260,325620,322872,331726,331726,331726
"Utah","return_normal","Past",2021-01-21,"cumulative_cases",322260,322260,322260,325620,322872,331726,331726,331726
"Utah","status_quo","Past",2021-01-21,"cumulative_cases",322260,322260,322260,325620,322872,331726,331726,331726
"Utah","linear_increase_sd","Past",2021-01-21,"cumulative_deaths",1974,1974,1974,2009,2019,2034,2034,2034
"Utah","return_normal","Past",2021-01-21,"cumulative_deaths",1974,1974,1974,2009,2019,2034,2034,2034
"Utah","status_quo","Past",2021-01-21,"cumulative_deaths",1974,1974,1974,2009,2019,2034,2034,2034
"Utah","linear_increase_sd","Past",2021-01-21,"cumulative_hosps",36698,36698,36698,37155,36750,38017,38017,38017
"Utah","return_normal","Past",2021-01-21,"cumulative_hosps",36698,36698,36698,37155,36750,38017,38017,38017
"Utah","status_quo","Past",2021-01-21,"cumulative_hosps",36698,36698,36698,37155,36750,38017,38017,38017
"Utah","linear_increase_sd","Past",2021-01-21,"daily_all_infections",4847,4847,4847,5247,5347,5547,5547,5547
"Utah","return_normal","Past",2021-01-21,"daily_all_infections",4847,4847,4847,5247,5347,5547,5547,5547
"Utah","status_quo","Past",2021-01-21,"daily_all_infections",4847,4847,4847,5247,5347,5547,5547,5547
"Utah","linear_increase_sd","Past",2021-01-21,"daily_cases",2122,2122,2122,2365,2221,2750,2750,2750
"Utah","return_normal","Past",2021-01-21,"daily_cases",2122,2122,2122,2365,2221,2750,2750,2750
"Utah","status_quo","Past",2021-01-21,"daily_cases",2122,2122,2122,2365,2221,2750,2750,2750
"Utah","linear_increase_sd","Past",2021-01-21,"daily_deaths",10,10,10,12,11,14,14,14
"Utah","return_normal","Past",2021-01-21,"daily_deaths",10,10,10,12,11,14,14,14
"Utah","status_quo","Past",2021-01-21,"daily_deaths",10,10,10,12,11,14,14,14
"Utah","linear_increase_sd","Past",2021-01-21,"daily_hosps",282,282,282,309,318,327,327,327
"Utah","return_normal","Past",2021-01-21,"daily_hosps",282,282,282,309,318,327,327,327
"Utah","status_quo","Past",2021-01-21,"daily_hosps",282,282,282,309,318,327,327,327
"Utah","linear_increase_sd","Past",2021-01-21,"latent_trend",NA,NA,NA,0.65374868929627,NA,NA,NA,NA
"Utah","return_normal","Past",2021-01-21,"latent_trend",NA,NA,NA,0.65374868929627,NA,NA,NA,NA
"Utah","status_quo","Past",2021-01-21,"latent_trend",NA,NA,NA,0.65374868929627,NA,NA,NA,NA
"Utah","linear_increase_sd","Past",2021-01-21,"mobility_trend",NA,NA,NA,0.632512772329131,NA,NA,NA,NA
"Utah","return_normal","Past",2021-01-21,"mobility_trend",NA,NA,NA,0.632512772329131,NA,NA,NA,NA
"Utah","status_quo","Past",2021-01-21,"mobility_trend",NA,NA,NA,0.632512772329131,NA,NA,NA,NA
"Utah",NA,"Past",2021-01-22,"actual_cumulative_cases",NA,NA,NA,333118,NA,NA,NA,NA
"Utah",NA,"Past",2021-01-22,"actual_cumulative_deaths",NA,NA,NA,1576,NA,NA,NA,NA
"Utah",NA,"Past",2021-01-22,"actual_daily_cases",NA,NA,NA,2649,NA,NA,NA,NA
"Utah",NA,"Past",2021-01-22,"actual_daily_deaths",NA,NA,NA,24,NA,NA,NA,NA
"Utah","linear_increase_sd","Past",2021-01-22,"combined_trend",NA,NA,NA,0.409137354710563,NA,NA,NA,NA
"Utah","return_normal","Past",2021-01-22,"combined_trend",NA,NA,NA,0.409137354710563,NA,NA,NA,NA
"Utah","status_quo","Past",2021-01-22,"combined_trend",NA,NA,NA,0.409137354710563,NA,NA,NA,NA
"Utah","linear_increase_sd","Past",2021-01-22,"cumulative_all_infections",895380,895380,895380,908157,903454,925636,925636,925636
"Utah","return_normal","Past",2021-01-22,"cumulative_all_infections",895380,895380,895380,908157,903454,925636,925636,925636
"Utah","status_quo","Past",2021-01-22,"cumulative_all_infections",895380,895380,895380,908157,903454,925636,925636,925636
"Utah","linear_increase_sd","Past",2021-01-22,"cumulative_cases",324376,324376,324376,327963,325422,334090,334090,334090
"Utah","return_normal","Past",2021-01-22,"cumulative_cases",324376,324376,324376,327963,325422,334090,334090,334090
"Utah","status_quo","Past",2021-01-22,"cumulative_cases",324376,324376,324376,327963,325422,334090,334090,334090
"Utah","linear_increase_sd","Past",2021-01-22,"cumulative_deaths",1986,1986,1986,2021,2030,2046,2046,2046
"Utah","return_normal","Past",2021-01-22,"cumulative_deaths",1986,1986,1986,2021,2030,2046,2046,2046
"Utah","status_quo","Past",2021-01-22,"cumulative_deaths",1986,1986,1986,2021,2030,2046,2046,2046
"Utah","linear_increase_sd","Past",2021-01-22,"cumulative_hosps",37025,37025,37025,37462,37030,38330,38330,38330
"Utah","return_normal","Past",2021-01-22,"cumulative_hosps",37025,37025,37025,37462,37030,38330,38330,38330
"Utah","status_quo","Past",2021-01-22,"cumulative_hosps",37025,37025,37025,37462,37030,38330,38330,38330
"Utah","linear_increase_sd","Past",2021-01-22,"daily_all_infections",4626,4626,4626,5062,5249,5311,5311,5311
"Utah","return_normal","Past",2021-01-22,"daily_all_infections",4626,4626,4626,5062,5249,5311,5311,5311
"Utah","status_quo","Past",2021-01-22,"daily_all_infections",4626,4626,4626,5062,5249,5311,5311,5311
"Utah","linear_increase_sd","Past",2021-01-22,"daily_cases",2116,2116,2116,2344,2364,2550,2550,2550
"Utah","return_normal","Past",2021-01-22,"daily_cases",2116,2116,2116,2344,2364,2550,2550,2550
"Utah","status_quo","Past",2021-01-22,"daily_cases",2116,2116,2116,2344,2364,2550,2550,2550
"Utah","linear_increase_sd","Past",2021-01-22,"daily_deaths",11,11,11,12,12,12,12,12
"Utah","return_normal","Past",2021-01-22,"daily_deaths",11,11,11,12,12,12,12,12
"Utah","status_quo","Past",2021-01-22,"daily_deaths",11,11,11,12,12,12,12,12
"Utah","linear_increase_sd","Past",2021-01-22,"daily_hosps",280,280,280,307,313,327,327,327
"Utah","return_normal","Past",2021-01-22,"daily_hosps",280,280,280,307,313,327,327,327
"Utah","status_quo","Past",2021-01-22,"daily_hosps",280,280,280,307,313,327,327,327
"Utah","linear_increase_sd","Past",2021-01-22,"latent_trend",NA,NA,NA,0.648353136817645,NA,NA,NA,NA
"Utah","return_normal","Past",2021-01-22,"latent_trend",NA,NA,NA,0.648353136817645,NA,NA,NA,NA
"Utah","status_quo","Past",2021-01-22,"latent_trend",NA,NA,NA,0.648353136817645,NA,NA,NA,NA
"Utah","linear_increase_sd","Past",2021-01-22,"mobility_trend",NA,NA,NA,0.63104091193074,NA,NA,NA,NA
"Utah","return_normal","Past",2021-01-22,"mobility_trend",NA,NA,NA,0.63104091193074,NA,NA,NA,NA
"Utah","status_quo","Past",2021-01-22,"mobility_trend",NA,NA,NA,0.63104091193074,NA,NA,NA,NA
"Utah",NA,"Past",2021-01-23,"actual_cumulative_cases",NA,NA,NA,334889,NA,NA,NA,NA
"Utah",NA,"Past",2021-01-23,"actual_cumulative_deaths",NA,NA,NA,1587,NA,NA,NA,NA
"Utah",NA,"Past",2021-01-23,"actual_daily_cases",NA,NA,NA,1771,NA,NA,NA,NA
"Utah",NA,"Past",2021-01-23,"actual_daily_deaths",NA,NA,NA,11,NA,NA,NA,NA
"Utah","linear_increase_sd","Past",2021-01-23,"combined_trend",NA,NA,NA,0.405048366440345,NA,NA,NA,NA
"Utah","return_normal","Past",2021-01-23,"combined_trend",NA,NA,NA,0.405048366440345,NA,NA,NA,NA
"Utah","status_quo","Past",2021-01-23,"combined_trend",NA,NA,NA,0.405048366440345,NA,NA,NA,NA
"Utah","linear_increase_sd","Past",2021-01-23,"cumulative_all_infections",900554,900554,900554,913041,908525,930042,930042,930042
"Utah","return_normal","Past",2021-01-23,"cumulative_all_infections",900554,900554,900554,913041,908525,930042,930042,930042
"Utah","status_quo","Past",2021-01-23,"cumulative_all_infections",900554,900554,900554,913041,908525,930042,930042,930042
"Utah","linear_increase_sd","Past",2021-01-23,"cumulative_cases",326434,326434,326434,330250,328137,336178,336178,336178
"Utah","return_normal","Past",2021-01-23,"cumulative_cases",326434,326434,326434,330250,328137,336178,336178,336178
"Utah","status_quo","Past",2021-01-23,"cumulative_cases",326434,326434,326434,330250,328137,336178,336178,336178
"Utah","linear_increase_sd","Past",2021-01-23,"cumulative_deaths",1998,1998,1998,2033,2042,2059,2059,2059
"Utah","return_normal","Past",2021-01-23,"cumulative_deaths",1998,1998,1998,2033,2042,2059,2059,2059
"Utah","status_quo","Past",2021-01-23,"cumulative_deaths",1998,1998,1998,2033,2042,2059,2059,2059
"Utah","linear_increase_sd","Past",2021-01-23,"cumulative_hosps",37306,37306,37306,37762,37347,38633,38633,38633
"Utah","return_normal","Past",2021-01-23,"cumulative_hosps",37306,37306,37306,37762,37347,38633,38633,38633
"Utah","status_quo","Past",2021-01-23,"cumulative_hosps",37306,37306,37306,37762,37347,38633,38633,38633
"Utah","linear_increase_sd","Past",2021-01-23,"daily_all_infections",4406,4406,4406,4884,5071,5174,5174,5174
"Utah","return_normal","Past",2021-01-23,"daily_all_infections",4406,4406,4406,4884,5071,5174,5174,5174
"Utah","status_quo","Past",2021-01-23,"daily_all_infections",4406,4406,4406,4884,5071,5174,5174,5174
"Utah","linear_increase_sd","Past",2021-01-23,"daily_cases",2058,2058,2058,2287,2088,2715,2715,2715
"Utah","return_normal","Past",2021-01-23,"daily_cases",2058,2058,2058,2287,2088,2715,2715,2715
"Utah","status_quo","Past",2021-01-23,"daily_cases",2058,2058,2058,2287,2088,2715,2715,2715
"Utah","linear_increase_sd","Past",2021-01-23,"daily_deaths",12,12,12,13,12,13,13,13
"Utah","return_normal","Past",2021-01-23,"daily_deaths",12,12,12,13,12,13,13,13
"Utah","status_quo","Past",2021-01-23,"daily_deaths",12,12,12,13,12,13,13,13
"Utah","linear_increase_sd","Past",2021-01-23,"daily_hosps",276,276,276,301,303,322,322,322
"Utah","return_normal","Past",2021-01-23,"daily_hosps",276,276,276,301,303,322,322,322
"Utah","status_quo","Past",2021-01-23,"daily_hosps",276,276,276,301,303,322,322,322
"Utah","linear_increase_sd","Past",2021-01-23,"latent_trend",NA,NA,NA,0.643131090949243,NA,NA,NA,NA
"Utah","return_normal","Past",2021-01-23,"latent_trend",NA,NA,NA,0.643131090949243,NA,NA,NA,NA
"Utah","status_quo","Past",2021-01-23,"latent_trend",NA,NA,NA,0.643131090949243,NA,NA,NA,NA
"Utah","linear_increase_sd","Past",2021-01-23,"mobility_trend",NA,NA,NA,0.629806849864007,NA,NA,NA,NA
"Utah","return_normal","Past",2021-01-23,"mobility_trend",NA,NA,NA,0.629806849864007,NA,NA,NA,NA
"Utah","status_quo","Past",2021-01-23,"mobility_trend",NA,NA,NA,0.629806849864007,NA,NA,NA,NA
"Utah",NA,"Past",2021-01-24,"actual_cumulative_cases",NA,NA,NA,336405,NA,NA,NA,NA
"Utah",NA,"Past",2021-01-24,"actual_cumulative_deaths",NA,NA,NA,1600,NA,NA,NA,NA
"Utah",NA,"Past",2021-01-24,"actual_daily_cases",NA,NA,NA,1516,NA,NA,NA,NA
"Utah",NA,"Past",2021-01-24,"actual_daily_deaths",NA,NA,NA,13,NA,NA,NA,NA
"Utah","linear_increase_sd","Past",2021-01-24,"combined_trend",NA,NA,NA,0.401294543403356,NA,NA,NA,NA
"Utah","return_normal","Past",2021-01-24,"combined_trend",NA,NA,NA,0.401294543403356,NA,NA,NA,NA
"Utah","status_quo","Past",2021-01-24,"combined_trend",NA,NA,NA,0.401294543403356,NA,NA,NA,NA
"Utah","linear_increase_sd","Past",2021-01-24,"cumulative_all_infections",905648,905648,905648,917758,913360,934265,934265,934265
"Utah","return_normal","Past",2021-01-24,"cumulative_all_infections",905648,905648,905648,917758,913360,934265,934265,934265
"Utah","status_quo","Past",2021-01-24,"cumulative_all_infections",905648,905648,905648,917758,913360,934265,934265,934265
"Utah","linear_increase_sd","Past",2021-01-24,"cumulative_cases",328557,328557,328557,332468,330636,338211,338211,338211
"Utah","return_normal","Past",2021-01-24,"cumulative_cases",328557,328557,328557,332468,330636,338211,338211,338211
"Utah","status_quo","Past",2021-01-24,"cumulative_cases",328557,328557,328557,332468,330636,338211,338211,338211
"Utah","linear_increase_sd","Past",2021-01-24,"cumulative_deaths",2010,2010,2010,2045,2053,2072,2072,2072
"Utah","return_normal","Past",2021-01-24,"cumulative_deaths",2010,2010,2010,2045,2053,2072,2072,2072
"Utah","status_quo","Past",2021-01-24,"cumulative_deaths",2010,2010,2010,2045,2053,2072,2072,2072
"Utah","linear_increase_sd","Past",2021-01-24,"cumulative_hosps",37580,37580,37580,38059,37667,38930,38930,38930
"Utah","return_normal","Past",2021-01-24,"cumulative_hosps",37580,37580,37580,38059,37667,38930,38930,38930
"Utah","status_quo","Past",2021-01-24,"cumulative_hosps",37580,37580,37580,38059,37667,38930,38930,38930
"Utah","linear_increase_sd","Past",2021-01-24,"daily_all_infections",4223,4223,4223,4718,4835,5094,5094,5094
"Utah","return_normal","Past",2021-01-24,"daily_all_infections",4223,4223,4223,4718,4835,5094,5094,5094
"Utah","status_quo","Past",2021-01-24,"daily_all_infections",4223,4223,4223,4718,4835,5094,5094,5094
"Utah","linear_increase_sd","Past",2021-01-24,"daily_cases",2033,2033,2033,2219,2123,2499,2499,2499
"Utah","return_normal","Past",2021-01-24,"daily_cases",2033,2033,2033,2219,2123,2499,2499,2499
"Utah","status_quo","Past",2021-01-24,"daily_cases",2033,2033,2033,2219,2123,2499,2499,2499
"Utah","linear_increase_sd","Past",2021-01-24,"daily_deaths",11,11,11,12,12,13,13,13
"Utah","return_normal","Past",2021-01-24,"daily_deaths",11,11,11,12,12,13,13,13
"Utah","status_quo","Past",2021-01-24,"daily_deaths",11,11,11,12,12,13,13,13
"Utah","linear_increase_sd","Past",2021-01-24,"daily_hosps",274,274,274,297,297,320,320,320
"Utah","return_normal","Past",2021-01-24,"daily_hosps",274,274,274,297,297,320,320,320
"Utah","status_quo","Past",2021-01-24,"daily_hosps",274,274,274,297,297,320,320,320
"Utah","linear_increase_sd","Past",2021-01-24,"latent_trend",NA,NA,NA,0.638147813573967,NA,NA,NA,NA
"Utah","return_normal","Past",2021-01-24,"latent_trend",NA,NA,NA,0.638147813573967,NA,NA,NA,NA
"Utah","status_quo","Past",2021-01-24,"latent_trend",NA,NA,NA,0.638147813573967,NA,NA,NA,NA
"Utah","linear_increase_sd","Past",2021-01-24,"mobility_trend",NA,NA,NA,0.628842620577031,NA,NA,NA,NA
"Utah","return_normal","Past",2021-01-24,"mobility_trend",NA,NA,NA,0.628842620577031,NA,NA,NA,NA
"Utah","status_quo","Past",2021-01-24,"mobility_trend",NA,NA,NA,0.628842620577031,NA,NA,NA,NA
"Utah",NA,"Past",2021-01-25,"actual_cumulative_cases",NA,NA,NA,337264,NA,NA,NA,NA
"Utah",NA,"Past",2021-01-25,"actual_cumulative_deaths",NA,NA,NA,1602,NA,NA,NA,NA
"Utah",NA,"Past",2021-01-25,"actual_daily_cases",NA,NA,NA,859,NA,NA,NA,NA
"Utah",NA,"Past",2021-01-25,"actual_daily_deaths",NA,NA,NA,2,NA,NA,NA,NA
"Utah","linear_increase_sd","Past",2021-01-25,"combined_trend",NA,NA,NA,0.3979166644609,NA,NA,NA,NA
"Utah","return_normal","Past",2021-01-25,"combined_trend",NA,NA,NA,0.3979166644609,NA,NA,NA,NA
"Utah","status_quo","Past",2021-01-25,"combined_trend",NA,NA,NA,0.3979166644609,NA,NA,NA,NA
"Utah","linear_increase_sd","Past",2021-01-25,"cumulative_all_infections",910660,910660,910660,922298,917954,938279,938279,938279
"Utah","return_normal","Past",2021-01-25,"cumulative_all_infections",910660,910660,910660,922298,917954,938279,938279,938279
"Utah","status_quo","Past",2021-01-25,"cumulative_all_infections",910660,910660,910660,922298,917954,938279,938279,938279
"Utah","linear_increase_sd","Past",2021-01-25,"cumulative_cases",330557,330557,330557,334477,332816,340057,340057,340057
"Utah","return_normal","Past",2021-01-25,"cumulative_cases",330557,330557,330557,334477,332816,340057,340057,340057
"Utah","status_quo","Past",2021-01-25,"cumulative_cases",330557,330557,330557,334477,332816,340057,340057,340057
"Utah","linear_increase_sd","Past",2021-01-25,"cumulative_deaths",2023,2023,2023,2057,2064,2084,2084,2084
"Utah","return_normal","Past",2021-01-25,"cumulative_deaths",2023,2023,2023,2057,2064,2084,2084,2084
"Utah","status_quo","Past",2021-01-25,"cumulative_deaths",2023,2023,2023,2057,2064,2084,2084,2084
"Utah","linear_increase_sd","Past",2021-01-25,"cumulative_hosps",37848,37848,37848,38350,37980,39221,39221,39221
"Utah","return_normal","Past",2021-01-25,"cumulative_hosps",37848,37848,37848,38350,37980,39221,39221,39221
"Utah","status_quo","Past",2021-01-25,"cumulative_hosps",37848,37848,37848,38350,37980,39221,39221,39221
"Utah","linear_increase_sd","Past",2021-01-25,"daily_all_infections",4014,4014,4014,4540,4594,5012,5012,5012
"Utah","return_normal","Past",2021-01-25,"daily_all_infections",4014,4014,4014,4540,4594,5012,5012,5012
"Utah","status_quo","Past",2021-01-25,"daily_all_infections",4014,4014,4014,4540,4594,5012,5012,5012
"Utah","linear_increase_sd","Past",2021-01-25,"daily_cases",1846,1846,1846,2009,2000,2180,2180,2180
"Utah","return_normal","Past",2021-01-25,"daily_cases",1846,1846,1846,2009,2000,2180,2180,2180
"Utah","status_quo","Past",2021-01-25,"daily_cases",1846,1846,1846,2009,2000,2180,2180,2180
"Utah","linear_increase_sd","Past",2021-01-25,"daily_deaths",11,11,11,12,12,13,13,13
"Utah","return_normal","Past",2021-01-25,"daily_deaths",11,11,11,12,12,13,13,13
"Utah","status_quo","Past",2021-01-25,"daily_deaths",11,11,11,12,12,13,13,13
"Utah","linear_increase_sd","Past",2021-01-25,"daily_hosps",268,268,268,291,291,313,313,313
"Utah","return_normal","Past",2021-01-25,"daily_hosps",268,268,268,291,291,313,313,313
"Utah","status_quo","Past",2021-01-25,"daily_hosps",268,268,268,291,291,313,313,313
"Utah","linear_increase_sd","Past",2021-01-25,"latent_trend",NA,NA,NA,0.633469534855048,NA,NA,NA,NA
"Utah","return_normal","Past",2021-01-25,"latent_trend",NA,NA,NA,0.633469534855048,NA,NA,NA,NA
"Utah","status_quo","Past",2021-01-25,"latent_trend",NA,NA,NA,0.633469534855048,NA,NA,NA,NA
"Utah","linear_increase_sd","Past",2021-01-25,"mobility_trend",NA,NA,NA,0.628154382439169,NA,NA,NA,NA
"Utah","return_normal","Past",2021-01-25,"mobility_trend",NA,NA,NA,0.628154382439169,NA,NA,NA,NA
"Utah","status_quo","Past",2021-01-25,"mobility_trend",NA,NA,NA,0.628154382439169,NA,NA,NA,NA
"Utah",NA,"Past",2021-01-26,"actual_cumulative_cases",NA,NA,NA,338675,NA,NA,NA,NA
"Utah",NA,"Past",2021-01-26,"actual_cumulative_deaths",NA,NA,NA,1618,NA,NA,NA,NA
"Utah",NA,"Past",2021-01-26,"actual_daily_cases",NA,NA,NA,1411,NA,NA,NA,NA
"Utah",NA,"Past",2021-01-26,"actual_daily_deaths",NA,NA,NA,16,NA,NA,NA,NA
"Utah","linear_increase_sd","Past",2021-01-26,"combined_trend",NA,NA,NA,0.394952030409571,NA,NA,NA,NA
"Utah","return_normal","Past",2021-01-26,"combined_trend",NA,NA,NA,0.394952030409571,NA,NA,NA,NA
"Utah","status_quo","Past",2021-01-26,"combined_trend",NA,NA,NA,0.394952030409571,NA,NA,NA,NA
"Utah","linear_increase_sd","Past",2021-01-26,"cumulative_all_infections",915593,915593,915593,926670,922313,942103,942103,942103
"Utah","return_normal","Past",2021-01-26,"cumulative_all_infections",915593,915593,915593,926670,922313,942103,942103,942103
"Utah","status_quo","Past",2021-01-26,"cumulative_all_infections",915593,915593,915593,926670,922313,942103,942103,942103
"Utah","linear_increase_sd","Past",2021-01-26,"cumulative_cases",332606,332606,332606,336491,334820,342045,342045,342045
"Utah","return_normal","Past",2021-01-26,"cumulative_cases",332606,332606,332606,336491,334820,342045,342045,342045
"Utah","status_quo","Past",2021-01-26,"cumulative_cases",332606,332606,332606,336491,334820,342045,342045,342045
"Utah","linear_increase_sd","Past",2021-01-26,"cumulative_deaths",2034,2034,2034,2069,2076,2096,2096,2096
"Utah","return_normal","Past",2021-01-26,"cumulative_deaths",2034,2034,2034,2069,2076,2096,2096,2096
"Utah","status_quo","Past",2021-01-26,"cumulative_deaths",2034,2034,2034,2069,2076,2096,2096,2096
"Utah","linear_increase_sd","Past",2021-01-26,"cumulative_hosps",38116,38116,38116,38636,38287,39503,39503,39503
"Utah","return_normal","Past",2021-01-26,"cumulative_hosps",38116,38116,38116,38636,38287,39503,39503,39503
"Utah","status_quo","Past",2021-01-26,"cumulative_hosps",38116,38116,38116,38636,38287,39503,39503,39503
"Utah","linear_increase_sd","Past",2021-01-26,"daily_all_infections",3824,3824,3824,4372,4359,4933,4933,4933
"Utah","return_normal","Past",2021-01-26,"daily_all_infections",3824,3824,3824,4372,4359,4933,4933,4933
"Utah","status_quo","Past",2021-01-26,"daily_all_infections",3824,3824,3824,4372,4359,4933,4933,4933
"Utah","linear_increase_sd","Past",2021-01-26,"daily_cases",1988,1988,1988,2014,2004,2049,2049,2049
"Utah","return_normal","Past",2021-01-26,"daily_cases",1988,1988,1988,2014,2004,2049,2049,2049
"Utah","status_quo","Past",2021-01-26,"daily_cases",1988,1988,1988,2014,2004,2049,2049,2049
"Utah","linear_increase_sd","Past",2021-01-26,"daily_deaths",11,11,11,12,12,12,12,12
"Utah","return_normal","Past",2021-01-26,"daily_deaths",11,11,11,12,12,12,12,12
"Utah","status_quo","Past",2021-01-26,"daily_deaths",11,11,11,12,12,12,12,12
"Utah","linear_increase_sd","Past",2021-01-26,"daily_hosps",268,268,268,286,282,307,307,307
"Utah","return_normal","Past",2021-01-26,"daily_hosps",268,268,268,286,282,307,307,307
"Utah","status_quo","Past",2021-01-26,"daily_hosps",268,268,268,286,282,307,307,307
"Utah","linear_increase_sd","Past",2021-01-26,"latent_trend",NA,NA,NA,0.629163160404912,NA,NA,NA,NA
"Utah","return_normal","Past",2021-01-26,"latent_trend",NA,NA,NA,0.629163160404912,NA,NA,NA,NA
"Utah","status_quo","Past",2021-01-26,"latent_trend",NA,NA,NA,0.629163160404912,NA,NA,NA,NA
"Utah","linear_increase_sd","Past",2021-01-26,"mobility_trend",NA,NA,NA,0.62774182480009,NA,NA,NA,NA
"Utah","return_normal","Past",2021-01-26,"mobility_trend",NA,NA,NA,0.62774182480009,NA,NA,NA,NA
"Utah","status_quo","Past",2021-01-26,"mobility_trend",NA,NA,NA,0.62774182480009,NA,NA,NA,NA
"Utah",NA,"Past",2021-01-27,"actual_cumulative_cases",NA,NA,NA,340684,NA,NA,NA,NA
"Utah",NA,"Past",2021-01-27,"actual_cumulative_deaths",NA,NA,NA,1625,NA,NA,NA,NA
"Utah",NA,"Past",2021-01-27,"actual_daily_cases",NA,NA,NA,2009,NA,NA,NA,NA
"Utah",NA,"Past",2021-01-27,"actual_daily_deaths",NA,NA,NA,7,NA,NA,NA,NA
"Utah","linear_increase_sd","Past",2021-01-27,"combined_trend",NA,NA,NA,0.392438651717398,NA,NA,NA,NA
"Utah","return_normal","Past",2021-01-27,"combined_trend",NA,NA,NA,0.392438651717398,NA,NA,NA,NA
"Utah","status_quo","Past",2021-01-27,"combined_trend",NA,NA,NA,0.392438651717398,NA,NA,NA,NA
"Utah","linear_increase_sd","Past",2021-01-27,"cumulative_all_infections",920436,920436,920436,930896,926480,945770,945770,945770
"Utah","return_normal","Past",2021-01-27,"cumulative_all_infections",920436,920436,920436,930896,926480,945770,945770,945770
"Utah","status_quo","Past",2021-01-27,"cumulative_all_infections",920436,920436,920436,930896,926480,945770,945770,945770
"Utah","linear_increase_sd","Past",2021-01-27,"cumulative_cases",334525,334525,334525,338466,337008,343865,343865,343865
"Utah","return_normal","Past",2021-01-27,"cumulative_cases",334525,334525,334525,338466,337008,343865,343865,343865
"Utah","status_quo","Past",2021-01-27,"cumulative_cases",334525,334525,334525,338466,337008,343865,343865,343865
"Utah","linear_increase_sd","Past",2021-01-27,"cumulative_deaths",2047,2047,2047,2081,2088,2108,2108,2108
"Utah","return_normal","Past",2021-01-27,"cumulative_deaths",2047,2047,2047,2081,2088,2108,2108,2108
"Utah","status_quo","Past",2021-01-27,"cumulative_deaths",2047,2047,2047,2081,2088,2108,2108,2108
"Utah","linear_increase_sd","Past",2021-01-27,"cumulative_hosps",38380,38380,38380,38916,38588,39778,39778,39778
"Utah","return_normal","Past",2021-01-27,"cumulative_hosps",38380,38380,38380,38916,38588,39778,39778,39778
"Utah","status_quo","Past",2021-01-27,"cumulative_hosps",38380,38380,38380,38916,38588,39778,39778,39778
"Utah","linear_increase_sd","Past",2021-01-27,"daily_all_infections",3667,3667,3667,4226,4167,4843,4843,4843
"Utah","return_normal","Past",2021-01-27,"daily_all_infections",3667,3667,3667,4226,4167,4843,4843,4843
"Utah","status_quo","Past",2021-01-27,"daily_all_infections",3667,3667,3667,4226,4167,4843,4843,4843
"Utah","linear_increase_sd","Past",2021-01-27,"daily_cases",1820,1820,1820,1976,1919,2188,2188,2188
"Utah","return_normal","Past",2021-01-27,"daily_cases",1820,1820,1820,1976,1919,2188,2188,2188
"Utah","status_quo","Past",2021-01-27,"daily_cases",1820,1820,1820,1976,1919,2188,2188,2188
"Utah","linear_increase_sd","Past",2021-01-27,"daily_deaths",12,12,12,13,12,13,13,13
"Utah","return_normal","Past",2021-01-27,"daily_deaths",12,12,12,13,12,13,13,13
"Utah","status_quo","Past",2021-01-27,"daily_deaths",12,12,12,13,12,13,13,13
"Utah","linear_increase_sd","Past",2021-01-27,"daily_hosps",264,264,264,280,275,301,301,301
"Utah","return_normal","Past",2021-01-27,"daily_hosps",264,264,264,280,275,301,301,301
"Utah","status_quo","Past",2021-01-27,"daily_hosps",264,264,264,280,275,301,301,301
"Utah","linear_increase_sd","Past",2021-01-27,"latent_trend",NA,NA,NA,0.625295972297731,NA,NA,NA,NA
"Utah","return_normal","Past",2021-01-27,"latent_trend",NA,NA,NA,0.625295972297731,NA,NA,NA,NA
"Utah","status_quo","Past",2021-01-27,"latent_trend",NA,NA,NA,0.625295972297731,NA,NA,NA,NA
"Utah","linear_increase_sd","Past",2021-01-27,"mobility_trend",NA,NA,NA,0.627604637009465,NA,NA,NA,NA
"Utah","return_normal","Past",2021-01-27,"mobility_trend",NA,NA,NA,0.627604637009465,NA,NA,NA,NA
"Utah","status_quo","Past",2021-01-27,"mobility_trend",NA,NA,NA,0.627604637009465,NA,NA,NA,NA
"Utah",NA,"Past",2021-01-28,"actual_cumulative_cases",NA,NA,NA,342445,NA,NA,NA,NA
"Utah",NA,"Past",2021-01-28,"actual_cumulative_deaths",NA,NA,NA,1625,NA,NA,NA,NA
"Utah",NA,"Past",2021-01-28,"actual_daily_cases",NA,NA,NA,1761,NA,NA,NA,NA
"Utah",NA,"Past",2021-01-28,"actual_daily_deaths",NA,NA,NA,0,NA,NA,NA,NA
"Utah","linear_increase_sd","Past",2021-01-28,"combined_trend",NA,NA,NA,0.39041424326569,NA,NA,NA,NA
"Utah","return_normal","Past",2021-01-28,"combined_trend",NA,NA,NA,0.39041424326569,NA,NA,NA,NA
"Utah","status_quo","Past",2021-01-28,"combined_trend",NA,NA,NA,0.39041424326569,NA,NA,NA,NA
"Utah","linear_increase_sd","Past",2021-01-28,"cumulative_all_infections",925201,925201,925201,934973,930429,949289,949289,949289
"Utah","return_normal","Past",2021-01-28,"cumulative_all_infections",925201,925201,925201,934973,930429,949289,949289,949289
"Utah","status_quo","Past",2021-01-28,"cumulative_all_infections",925201,925201,925201,934973,930429,949289,949289,949289
"Utah","linear_increase_sd","Past",2021-01-28,"cumulative_cases",336551,336551,336551,340412,339073,345611,345611,345611
"Utah","return_normal","Past",2021-01-28,"cumulative_cases",336551,336551,336551,340412,339073,345611,345611,345611
"Utah","status_quo","Past",2021-01-28,"cumulative_cases",336551,336551,336551,340412,339073,345611,345611,345611
"Utah","linear_increase_sd","Past",2021-01-28,"cumulative_deaths",2060,2060,2060,2093,2099,2118,2118,2118
"Utah","return_normal","Past",2021-01-28,"cumulative_deaths",2060,2060,2060,2093,2099,2118,2118,2118
"Utah","status_quo","Past",2021-01-28,"cumulative_deaths",2060,2060,2060,2093,2099,2118,2118,2118
"Utah","linear_increase_sd","Past",2021-01-28,"cumulative_hosps",38639,38639,38639,39189,38883,40043,40043,40043
"Utah","return_normal","Past",2021-01-28,"cumulative_hosps",38639,38639,38639,39189,38883,40043,40043,40043
"Utah","status_quo","Past",2021-01-28,"cumulative_hosps",38639,38639,38639,39189,38883,40043,40043,40043
"Utah","linear_increase_sd","Past",2021-01-28,"daily_all_infections",3519,3519,3519,4078,3949,4765,4765,4765
"Utah","return_normal","Past",2021-01-28,"daily_all_infections",3519,3519,3519,4078,3949,4765,4765,4765
"Utah","status_quo","Past",2021-01-28,"daily_all_infections",3519,3519,3519,4078,3949,4765,4765,4765
"Utah","linear_increase_sd","Past",2021-01-28,"daily_cases",1746,1746,1746,1946,2026,2065,2065,2065
"Utah","return_normal","Past",2021-01-28,"daily_cases",1746,1746,1746,1946,2026,2065,2065,2065
"Utah","status_quo","Past",2021-01-28,"daily_cases",1746,1746,1746,1946,2026,2065,2065,2065
"Utah","linear_increase_sd","Past",2021-01-28,"daily_deaths",10,10,10,12,11,13,13,13
"Utah","return_normal","Past",2021-01-28,"daily_deaths",10,10,10,12,11,13,13,13
"Utah","status_quo","Past",2021-01-28,"daily_deaths",10,10,10,12,11,13,13,13
"Utah","linear_increase_sd","Past",2021-01-28,"daily_hosps",259,259,259,273,265,295,295,295
"Utah","return_normal","Past",2021-01-28,"daily_hosps",259,259,259,273,265,295,295,295
"Utah","status_quo","Past",2021-01-28,"daily_hosps",259,259,259,273,265,295,295,295
"Utah","linear_increase_sd","Past",2021-01-28,"latent_trend",NA,NA,NA,0.621935329187193,NA,NA,NA,NA
"Utah","return_normal","Past",2021-01-28,"latent_trend",NA,NA,NA,0.621935329187193,NA,NA,NA,NA
"Utah","status_quo","Past",2021-01-28,"latent_trend",NA,NA,NA,0.621935329187193,NA,NA,NA,NA
"Utah","linear_increase_sd","Past",2021-01-28,"mobility_trend",NA,NA,NA,0.627740899967723,NA,NA,NA,NA
"Utah","return_normal","Past",2021-01-28,"mobility_trend",NA,NA,NA,0.627740899967723,NA,NA,NA,NA
"Utah","status_quo","Past",2021-01-28,"mobility_trend",NA,NA,NA,0.627740899967723,NA,NA,NA,NA
"Utah",NA,"Past",2021-01-29,"actual_cumulative_cases",NA,NA,NA,343962,NA,NA,NA,NA
"Utah",NA,"Past",2021-01-29,"actual_cumulative_deaths",NA,NA,NA,1660,NA,NA,NA,NA
"Utah",NA,"Past",2021-01-29,"actual_daily_cases",NA,NA,NA,1517,NA,NA,NA,NA
"Utah",NA,"Past",2021-01-29,"actual_daily_deaths",NA,NA,NA,35,NA,NA,NA,NA
"Utah","linear_increase_sd","Past",2021-01-29,"combined_trend",NA,NA,NA,0.388913255169861,NA,NA,NA,NA
"Utah","return_normal","Past",2021-01-29,"combined_trend",NA,NA,NA,0.388913255169861,NA,NA,NA,NA
"Utah","status_quo","Past",2021-01-29,"combined_trend",NA,NA,NA,0.388913255169861,NA,NA,NA,NA
"Utah","linear_increase_sd","Past",2021-01-29,"cumulative_all_infections",929877,929877,929877,938902,934174,952655,952655,952655
"Utah","return_normal","Past",2021-01-29,"cumulative_all_infections",929877,929877,929877,938902,934174,952655,952655,952655
"Utah","status_quo","Past",2021-01-29,"cumulative_all_infections",929877,929877,929877,938902,934174,952655,952655,952655
"Utah","linear_increase_sd","Past",2021-01-29,"cumulative_cases",338298,338298,338298,342148,340925,347219,347219,347219
"Utah","return_normal","Past",2021-01-29,"cumulative_cases",338298,338298,338298,342148,340925,347219,347219,347219
"Utah","status_quo","Past",2021-01-29,"cumulative_cases",338298,338298,338298,342148,340925,347219,347219,347219
"Utah","linear_increase_sd","Past",2021-01-29,"cumulative_deaths",2072,2072,2072,2104,2109,2130,2130,2130
"Utah","return_normal","Past",2021-01-29,"cumulative_deaths",2072,2072,2072,2104,2109,2130,2130,2130
"Utah","status_quo","Past",2021-01-29,"cumulative_deaths",2072,2072,2072,2104,2109,2130,2130,2130
"Utah","linear_increase_sd","Past",2021-01-29,"cumulative_hosps",38895,38895,38895,39455,39169,40300,40300,40300
"Utah","return_normal","Past",2021-01-29,"cumulative_hosps",38895,38895,38895,39455,39169,40300,40300,40300
"Utah","status_quo","Past",2021-01-29,"cumulative_hosps",38895,38895,38895,39455,39169,40300,40300,40300
"Utah","linear_increase_sd","Past",2021-01-29,"daily_all_infections",3366,3366,3366,3929,3745,4676,4676,4676
"Utah","return_normal","Past",2021-01-29,"daily_all_infections",3366,3366,3366,3929,3745,4676,4676,4676
"Utah","status_quo","Past",2021-01-29,"daily_all_infections",3366,3366,3366,3929,3745,4676,4676,4676
"Utah","linear_increase_sd","Past",2021-01-29,"daily_cases",1608,1608,1608,1736,1747,1852,1852,1852
"Utah","return_normal","Past",2021-01-29,"daily_cases",1608,1608,1608,1736,1747,1852,1852,1852
"Utah","status_quo","Past",2021-01-29,"daily_cases",1608,1608,1608,1736,1747,1852,1852,1852
"Utah","linear_increase_sd","Past",2021-01-29,"daily_deaths",10,10,10,12,12,12,12,12
"Utah","return_normal","Past",2021-01-29,"daily_deaths",10,10,10,12,12,12,12,12
"Utah","status_quo","Past",2021-01-29,"daily_deaths",10,10,10,12,12,12,12,12
"Utah","linear_increase_sd","Past",2021-01-29,"daily_hosps",256,256,256,267,257,286,286,286
"Utah","return_normal","Past",2021-01-29,"daily_hosps",256,256,256,267,257,286,286,286
"Utah","status_quo","Past",2021-01-29,"daily_hosps",256,256,256,267,257,286,286,286
"Utah","linear_increase_sd","Past",2021-01-29,"latent_trend",NA,NA,NA,0.619148367263111,NA,NA,NA,NA
"Utah","return_normal","Past",2021-01-29,"latent_trend",NA,NA,NA,0.619148367263111,NA,NA,NA,NA
"Utah","status_quo","Past",2021-01-29,"latent_trend",NA,NA,NA,0.619148367263111,NA,NA,NA,NA
"Utah","linear_increase_sd","Past",2021-01-29,"mobility_trend",NA,NA,NA,0.628142260778327,NA,NA,NA,NA
"Utah","return_normal","Past",2021-01-29,"mobility_trend",NA,NA,NA,0.628142260778327,NA,NA,NA,NA
"Utah","status_quo","Past",2021-01-29,"mobility_trend",NA,NA,NA,0.628142260778327,NA,NA,NA,NA
"Utah",NA,"Past",2021-01-30,"actual_cumulative_cases",NA,NA,NA,345430,NA,NA,NA,NA
"Utah",NA,"Past",2021-01-30,"actual_cumulative_deaths",NA,NA,NA,1668,NA,NA,NA,NA
"Utah",NA,"Past",2021-01-30,"actual_daily_cases",NA,NA,NA,1468,NA,NA,NA,NA
"Utah",NA,"Past",2021-01-30,"actual_daily_deaths",NA,NA,NA,8,NA,NA,NA,NA
"Utah","linear_increase_sd","Past",2021-01-30,"combined_trend",NA,NA,NA,0.387965678063651,NA,NA,NA,NA
"Utah","return_normal","Past",2021-01-30,"combined_trend",NA,NA,NA,0.387965678063651,NA,NA,NA,NA
"Utah","status_quo","Past",2021-01-30,"combined_trend",NA,NA,NA,0.387965678063651,NA,NA,NA,NA
"Utah","linear_increase_sd","Past",2021-01-30,"cumulative_all_infections",934448,934448,934448,942683,937717,955884,955884,955884
"Utah","return_normal","Past",2021-01-30,"cumulative_all_infections",934448,934448,934448,942683,937717,955884,955884,955884
"Utah","status_quo","Past",2021-01-30,"cumulative_all_infections",934448,934448,934448,942683,937717,955884,955884,955884
"Utah","linear_increase_sd","Past",2021-01-30,"cumulative_cases",340259,340259,340259,343952,342790,348805,348805,348805
"Utah","return_normal","Past",2021-01-30,"cumulative_cases",340259,340259,340259,343952,342790,348805,348805,348805
"Utah","status_quo","Past",2021-01-30,"cumulative_cases",340259,340259,340259,343952,342790,348805,348805,348805
"Utah","linear_increase_sd","Past",2021-01-30,"cumulative_deaths",2082,2082,2082,2114,2119,2141,2141,2141
"Utah","return_normal","Past",2021-01-30,"cumulative_deaths",2082,2082,2082,2114,2119,2141,2141,2141
"Utah","status_quo","Past",2021-01-30,"cumulative_deaths",2082,2082,2082,2114,2119,2141,2141,2141
"Utah","linear_increase_sd","Past",2021-01-30,"cumulative_hosps",39148,39148,39148,39714,39446,40548,40548,40548
"Utah","return_normal","Past",2021-01-30,"cumulative_hosps",39148,39148,39148,39714,39446,40548,40548,40548
"Utah","status_quo","Past",2021-01-30,"cumulative_hosps",39148,39148,39148,39714,39446,40548,40548,40548
"Utah","linear_increase_sd","Past",2021-01-30,"daily_all_infections",3229,3229,3229,3781,3543,4571,4571,4571
"Utah","return_normal","Past",2021-01-30,"daily_all_infections",3229,3229,3229,3781,3543,4571,4571,4571
"Utah","status_quo","Past",2021-01-30,"daily_all_infections",3229,3229,3229,3781,3543,4571,4571,4571
"Utah","linear_increase_sd","Past",2021-01-30,"daily_cases",1586,1586,1586,1804,1865,1961,1961,1961
"Utah","return_normal","Past",2021-01-30,"daily_cases",1586,1586,1586,1804,1865,1961,1961,1961
"Utah","status_quo","Past",2021-01-30,"daily_cases",1586,1586,1586,1804,1865,1961,1961,1961
"Utah","linear_increase_sd","Past",2021-01-30,"daily_deaths",10,10,10,11,10,11,11,11
"Utah","return_normal","Past",2021-01-30,"daily_deaths",10,10,10,11,10,11,11,11
"Utah","status_quo","Past",2021-01-30,"daily_deaths",10,10,10,11,10,11,11,11
"Utah","linear_increase_sd","Past",2021-01-30,"daily_hosps",248,248,248,260,253,277,277,277
"Utah","return_normal","Past",2021-01-30,"daily_hosps",248,248,248,260,253,277,277,277
"Utah","status_quo","Past",2021-01-30,"daily_hosps",248,248,248,260,253,277,277,277
"Utah","linear_increase_sd","Past",2021-01-30,"latent_trend",NA,NA,NA,0.616994981412998,NA,NA,NA,NA
"Utah","return_normal","Past",2021-01-30,"latent_trend",NA,NA,NA,0.616994981412998,NA,NA,NA,NA
"Utah","status_quo","Past",2021-01-30,"latent_trend",NA,NA,NA,0.616994981412998,NA,NA,NA,NA
"Utah","linear_increase_sd","Past",2021-01-30,"mobility_trend",NA,NA,NA,0.628798758095503,NA,NA,NA,NA
"Utah","return_normal","Past",2021-01-30,"mobility_trend",NA,NA,NA,0.628798758095503,NA,NA,NA,NA
"Utah","status_quo","Past",2021-01-30,"mobility_trend",NA,NA,NA,0.628798758095503,NA,NA,NA,NA
"Utah",NA,"Past",2021-01-31,"actual_cumulative_cases",NA,NA,NA,346624,NA,NA,NA,NA
"Utah",NA,"Past",2021-01-31,"actual_cumulative_deaths",NA,NA,NA,1670,NA,NA,NA,NA
"Utah",NA,"Past",2021-01-31,"actual_daily_cases",NA,NA,NA,1194,NA,NA,NA,NA
"Utah",NA,"Past",2021-01-31,"actual_daily_deaths",NA,NA,NA,2,NA,NA,NA,NA
"Utah","linear_increase_sd","Past",2021-01-31,"combined_trend",NA,NA,NA,0.387559298563988,NA,NA,NA,NA
"Utah","return_normal","Past",2021-01-31,"combined_trend",NA,NA,NA,0.387559298563988,NA,NA,NA,NA
"Utah","status_quo","Past",2021-01-31,"combined_trend",NA,NA,NA,0.387559298563988,NA,NA,NA,NA
"Utah","linear_increase_sd","Past",2021-01-31,"cumulative_all_infections",938912,938912,938912,946338,941111,958991,958991,958991
"Utah","return_normal","Past",2021-01-31,"cumulative_all_infections",938912,938912,938912,946338,941111,958991,958991,958991
"Utah","status_quo","Past",2021-01-31,"cumulative_all_infections",938912,938912,938912,946338,941111,958991,958991,958991
"Utah","linear_increase_sd","Past",2021-01-31,"cumulative_cases",342060,342060,342060,345657,344479,350432,350432,350432
"Utah","return_normal","Past",2021-01-31,"cumulative_cases",342060,342060,342060,345657,344479,350432,350432,350432
"Utah","status_quo","Past",2021-01-31,"cumulative_cases",342060,342060,342060,345657,344479,350432,350432,350432
"Utah","linear_increase_sd","Past",2021-01-31,"cumulative_deaths",2092,2092,2092,2124,2130,2150,2150,2150
"Utah","return_normal","Past",2021-01-31,"cumulative_deaths",2092,2092,2092,2124,2130,2150,2150,2150
"Utah","status_quo","Past",2021-01-31,"cumulative_deaths",2092,2092,2092,2124,2130,2150,2150,2150
"Utah","linear_increase_sd","Past",2021-01-31,"cumulative_hosps",39401,39401,39401,39969,39716,40788,40788,40788
"Utah","return_normal","Past",2021-01-31,"cumulative_hosps",39401,39401,39401,39969,39716,40788,40788,40788
"Utah","status_quo","Past",2021-01-31,"cumulative_hosps",39401,39401,39401,39969,39716,40788,40788,40788
"Utah","linear_increase_sd","Past",2021-01-31,"daily_all_infections",3107,3107,3107,3655,3394,4464,4464,4464
"Utah","return_normal","Past",2021-01-31,"daily_all_infections",3107,3107,3107,3655,3394,4464,4464,4464
"Utah","status_quo","Past",2021-01-31,"daily_all_infections",3107,3107,3107,3655,3394,4464,4464,4464
"Utah","linear_increase_sd","Past",2021-01-31,"daily_cases",1627,1627,1627,1706,1689,1801,1801,1801
"Utah","return_normal","Past",2021-01-31,"daily_cases",1627,1627,1627,1706,1689,1801,1801,1801
"Utah","status_quo","Past",2021-01-31,"daily_cases",1627,1627,1627,1706,1689,1801,1801,1801
"Utah","linear_increase_sd","Past",2021-01-31,"daily_deaths",9,9,9,10,10,11,11,11
"Utah","return_normal","Past",2021-01-31,"daily_deaths",9,9,9,10,10,11,11,11
"Utah","status_quo","Past",2021-01-31,"daily_deaths",9,9,9,10,10,11,11,11
"Utah","linear_increase_sd","Past",2021-01-31,"daily_hosps",240,240,240,255,253,270,270,270
"Utah","return_normal","Past",2021-01-31,"daily_hosps",240,240,240,255,253,270,270,270
"Utah","status_quo","Past",2021-01-31,"daily_hosps",240,240,240,255,253,270,270,270
"Utah","linear_increase_sd","Past",2021-01-31,"latent_trend",NA,NA,NA,0.615466148262016,NA,NA,NA,NA
"Utah","return_normal","Past",2021-01-31,"latent_trend",NA,NA,NA,0.615466148262016,NA,NA,NA,NA
"Utah","status_quo","Past",2021-01-31,"latent_trend",NA,NA,NA,0.615466148262016,NA,NA,NA,NA
"Utah","linear_increase_sd","Past",2021-01-31,"mobility_trend",NA,NA,NA,0.629700430573472,NA,NA,NA,NA
"Utah","return_normal","Past",2021-01-31,"mobility_trend",NA,NA,NA,0.629700430573472,NA,NA,NA,NA
"Utah","status_quo","Past",2021-01-31,"mobility_trend",NA,NA,NA,0.629700430573472,NA,NA,NA,NA
"Utah",NA,"Past",2021-02-01,"actual_cumulative_cases",NA,NA,NA,347208,NA,NA,NA,NA
"Utah",NA,"Past",2021-02-01,"actual_cumulative_deaths",NA,NA,NA,1673,NA,NA,NA,NA
"Utah",NA,"Past",2021-02-01,"actual_daily_cases",NA,NA,NA,584,NA,NA,NA,NA
"Utah",NA,"Past",2021-02-01,"actual_daily_deaths",NA,NA,NA,3,NA,NA,NA,NA
"Utah","linear_increase_sd","Past",2021-02-01,"combined_trend",NA,NA,NA,0.387657444637469,NA,NA,NA,NA
"Utah","return_normal","Past",2021-02-01,"combined_trend",NA,NA,NA,0.387657444637469,NA,NA,NA,NA
"Utah","status_quo","Past",2021-02-01,"combined_trend",NA,NA,NA,0.387657444637469,NA,NA,NA,NA
"Utah","linear_increase_sd","Past",2021-02-01,"cumulative_all_infections",943252,943252,943252,949857,944326,961991,961991,961991
"Utah","return_normal","Past",2021-02-01,"cumulative_all_infections",943252,943252,943252,949857,944326,961991,961991,961991
"Utah","status_quo","Past",2021-02-01,"cumulative_all_infections",943252,943252,943252,949857,944326,961991,961991,961991
"Utah","linear_increase_sd","Past",2021-02-01,"cumulative_cases",343918,343918,343918,347335,346157,351930,351930,351930
"Utah","return_normal","Past",2021-02-01,"cumulative_cases",343918,343918,343918,347335,346157,351930,351930,351930
"Utah","status_quo","Past",2021-02-01,"cumulative_cases",343918,343918,343918,347335,346157,351930,351930,351930
"Utah","linear_increase_sd","Past",2021-02-01,"cumulative_deaths",2103,2103,2103,2135,2140,2161,2161,2161
"Utah","return_normal","Past",2021-02-01,"cumulative_deaths",2103,2103,2103,2135,2140,2161,2161,2161
"Utah","status_quo","Past",2021-02-01,"cumulative_deaths",2103,2103,2103,2135,2140,2161,2161,2161
"Utah","linear_increase_sd","Past",2021-02-01,"cumulative_hosps",39644,39644,39644,40213,39974,41019,41019,41019
"Utah","return_normal","Past",2021-02-01,"cumulative_hosps",39644,39644,39644,40213,39974,41019,41019,41019
"Utah","status_quo","Past",2021-02-01,"cumulative_hosps",39644,39644,39644,40213,39974,41019,41019,41019
"Utah","linear_increase_sd","Past",2021-02-01,"daily_all_infections",3000,3000,3000,3519,3215,4340,4340,4340
"Utah","return_normal","Past",2021-02-01,"daily_all_infections",3000,3000,3000,3519,3215,4340,4340,4340
"Utah","status_quo","Past",2021-02-01,"daily_all_infections",3000,3000,3000,3519,3215,4340,4340,4340
"Utah","linear_increase_sd","Past",2021-02-01,"daily_cases",1498,1498,1498,1678,1678,1858,1858,1858
"Utah","return_normal","Past",2021-02-01,"daily_cases",1498,1498,1498,1678,1678,1858,1858,1858
"Utah","status_quo","Past",2021-02-01,"daily_cases",1498,1498,1498,1678,1678,1858,1858,1858
"Utah","linear_increase_sd","Past",2021-02-01,"daily_deaths",10,10,10,11,11,11,11,11
"Utah","return_normal","Past",2021-02-01,"daily_deaths",10,10,10,11,11,11,11,11
"Utah","status_quo","Past",2021-02-01,"daily_deaths",10,10,10,11,11,11,11,11
"Utah","linear_increase_sd","Past",2021-02-01,"daily_hosps",231,231,231,244,243,258,258,258
"Utah","return_normal","Past",2021-02-01,"daily_hosps",231,231,231,244,243,258,258,258
"Utah","status_quo","Past",2021-02-01,"daily_hosps",231,231,231,244,243,258,258,258
"Utah","linear_increase_sd","Past",2021-02-01,"latent_trend",NA,NA,NA,0.614511927392797,NA,NA,NA,NA
"Utah","return_normal","Past",2021-02-01,"latent_trend",NA,NA,NA,0.614511927392797,NA,NA,NA,NA
"Utah","status_quo","Past",2021-02-01,"latent_trend",NA,NA,NA,0.614511927392797,NA,NA,NA,NA
"Utah","linear_increase_sd","Past",2021-02-01,"mobility_trend",NA,NA,NA,0.630837950179733,NA,NA,NA,NA
"Utah","return_normal","Past",2021-02-01,"mobility_trend",NA,NA,NA,0.630837950179733,NA,NA,NA,NA
"Utah","status_quo","Past",2021-02-01,"mobility_trend",NA,NA,NA,0.630837950179733,NA,NA,NA,NA
"Utah",NA,"Past",2021-02-02,"actual_cumulative_cases",NA,NA,NA,348409,NA,NA,NA,NA
"Utah",NA,"Past",2021-02-02,"actual_cumulative_deaths",NA,NA,NA,1690,NA,NA,NA,NA
"Utah",NA,"Past",2021-02-02,"actual_daily_cases",NA,NA,NA,1201,NA,NA,NA,NA
"Utah",NA,"Past",2021-02-02,"actual_daily_deaths",NA,NA,NA,17,NA,NA,NA,NA
"Utah","linear_increase_sd","Past",2021-02-02,"combined_trend",NA,NA,NA,0.388224541794388,NA,NA,NA,NA
"Utah","return_normal","Past",2021-02-02,"combined_trend",NA,NA,NA,0.388224541794388,NA,NA,NA,NA
"Utah","status_quo","Past",2021-02-02,"combined_trend",NA,NA,NA,0.388224541794388,NA,NA,NA,NA
"Utah","linear_increase_sd","Past",2021-02-02,"cumulative_all_infections",947385,947385,947385,953261,947501,964895,964895,964895
"Utah","return_normal","Past",2021-02-02,"cumulative_all_infections",947385,947385,947385,953261,947501,964895,964895,964895
"Utah","status_quo","Past",2021-02-02,"cumulative_all_infections",947385,947385,947385,953261,947501,964895,964895,964895
"Utah","linear_increase_sd","Past",2021-02-02,"cumulative_cases",345805,345805,345805,348999,347812,353380,353380,353380
"Utah","return_normal","Past",2021-02-02,"cumulative_cases",345805,345805,345805,348999,347812,353380,353380,353380
"Utah","status_quo","Past",2021-02-02,"cumulative_cases",345805,345805,345805,348999,347812,353380,353380,353380
"Utah","linear_increase_sd","Past",2021-02-02,"cumulative_deaths",2114,2114,2114,2146,2150,2172,2172,2172
"Utah","return_normal","Past",2021-02-02,"cumulative_deaths",2114,2114,2114,2146,2150,2172,2172,2172
"Utah","status_quo","Past",2021-02-02,"cumulative_deaths",2114,2114,2114,2146,2150,2172,2172,2172
"Utah","linear_increase_sd","Past",2021-02-02,"cumulative_hosps",39888,39888,39888,40451,40223,41240,41240,41240
"Utah","return_normal","Past",2021-02-02,"cumulative_hosps",39888,39888,39888,40451,40223,41240,41240,41240
"Utah","status_quo","Past",2021-02-02,"cumulative_hosps",39888,39888,39888,40451,40223,41240,41240,41240
"Utah","linear_increase_sd","Past",2021-02-02,"daily_all_infections",2904,2904,2904,3404,3059,4249,4249,4249
"Utah","return_normal","Past",2021-02-02,"daily_all_infections",2904,2904,2904,3404,3059,4249,4249,4249
"Utah","status_quo","Past",2021-02-02,"daily_all_infections",2904,2904,2904,3404,3059,4249,4249,4249
"Utah","linear_increase_sd","Past",2021-02-02,"daily_cases",1450,1450,1450,1664,1655,1887,1887,1887
"Utah","return_normal","Past",2021-02-02,"daily_cases",1450,1450,1450,1664,1655,1887,1887,1887
"Utah","status_quo","Past",2021-02-02,"daily_cases",1450,1450,1450,1664,1655,1887,1887,1887
"Utah","linear_increase_sd","Past",2021-02-02,"daily_deaths",10,10,10,11,11,11,11,11
"Utah","return_normal","Past",2021-02-02,"daily_deaths",10,10,10,11,11,11,11,11
"Utah","status_quo","Past",2021-02-02,"daily_deaths",10,10,10,11,11,11,11,11
"Utah","linear_increase_sd","Past",2021-02-02,"daily_hosps",221,221,221,238,244,249,249,249
"Utah","return_normal","Past",2021-02-02,"daily_hosps",221,221,221,238,244,249,249,249
"Utah","status_quo","Past",2021-02-02,"daily_hosps",221,221,221,238,244,249,249,249
"Utah","linear_increase_sd","Past",2021-02-02,"latent_trend",NA,NA,NA,0.61408061505697,NA,NA,NA,NA
"Utah","return_normal","Past",2021-02-02,"latent_trend",NA,NA,NA,0.61408061505697,NA,NA,NA,NA
"Utah","status_quo","Past",2021-02-02,"latent_trend",NA,NA,NA,0.61408061505697,NA,NA,NA,NA
"Utah","linear_increase_sd","Past",2021-02-02,"mobility_trend",NA,NA,NA,0.632204522134885,NA,NA,NA,NA
"Utah","return_normal","Past",2021-02-02,"mobility_trend",NA,NA,NA,0.632204522134885,NA,NA,NA,NA
"Utah","status_quo","Past",2021-02-02,"mobility_trend",NA,NA,NA,0.632204522134885,NA,NA,NA,NA
"Utah",NA,"Past",2021-02-03,"actual_cumulative_cases",NA,NA,NA,350000,NA,NA,NA,NA
"Utah",NA,"Past",2021-02-03,"actual_cumulative_deaths",NA,NA,NA,1702,NA,NA,NA,NA
"Utah",NA,"Past",2021-02-03,"actual_daily_cases",NA,NA,NA,1591,NA,NA,NA,NA
"Utah",NA,"Past",2021-02-03,"actual_daily_deaths",NA,NA,NA,12,NA,NA,NA,NA
"Utah","linear_increase_sd","Past",2021-02-03,"combined_trend",NA,NA,NA,0.389225278177561,NA,NA,NA,NA
"Utah","return_normal","Past",2021-02-03,"combined_trend",NA,NA,NA,0.389225278177561,NA,NA,NA,NA
"Utah","status_quo","Past",2021-02-03,"combined_trend",NA,NA,NA,0.389225278177561,NA,NA,NA,NA
"Utah","linear_increase_sd","Past",2021-02-03,"cumulative_all_infections",950305,950305,950305,956551,951634,967712,967712,967712
"Utah","return_normal","Past",2021-02-03,"cumulative_all_infections",950305,950305,950305,956551,951634,967712,967712,967712
"Utah","status_quo","Past",2021-02-03,"cumulative_all_infections",950305,950305,950305,956551,951634,967712,967712,967712
"Utah","linear_increase_sd","Past",2021-02-03,"cumulative_cases",347702,347702,347702,350546,349244,354691,354691,354691
"Utah","return_normal","Past",2021-02-03,"cumulative_cases",347702,347702,347702,350546,349244,354691,354691,354691
"Utah","status_quo","Past",2021-02-03,"cumulative_cases",347702,347702,347702,350546,349244,354691,354691,354691
"Utah","linear_increase_sd","Past",2021-02-03,"cumulative_deaths",2125,2125,2125,2156,2159,2182,2182,2182
"Utah","return_normal","Past",2021-02-03,"cumulative_deaths",2125,2125,2125,2156,2159,2182,2182,2182
"Utah","status_quo","Past",2021-02-03,"cumulative_deaths",2125,2125,2125,2156,2159,2182,2182,2182
"Utah","linear_increase_sd","Past",2021-02-03,"cumulative_hosps",40132,40132,40132,40683,40464,41453,41453,41453
"Utah","return_normal","Past",2021-02-03,"cumulative_hosps",40132,40132,40132,40683,40464,41453,41453,41453
"Utah","status_quo","Past",2021-02-03,"cumulative_hosps",40132,40132,40132,40683,40464,41453,41453,41453
"Utah","linear_increase_sd","Past",2021-02-03,"daily_all_infections",2817,2817,2817,3290,2920,4133,4133,4133
"Utah","return_normal","Past",2021-02-03,"daily_all_infections",2817,2817,2817,3290,2920,4133,4133,4133
"Utah","status_quo","Past",2021-02-03,"daily_all_infections",2817,2817,2817,3290,2920,4133,4133,4133
"Utah","linear_increase_sd","Past",2021-02-03,"daily_cases",1311,1311,1311,1547,1432,1897,1897,1897
"Utah","return_normal","Past",2021-02-03,"daily_cases",1311,1311,1311,1547,1432,1897,1897,1897
"Utah","status_quo","Past",2021-02-03,"daily_cases",1311,1311,1311,1547,1432,1897,1897,1897
"Utah","linear_increase_sd","Past",2021-02-03,"daily_deaths",9,9,9,10,10,11,11,11
"Utah","return_normal","Past",2021-02-03,"daily_deaths",9,9,9,10,10,11,11,11
"Utah","status_quo","Past",2021-02-03,"daily_deaths",9,9,9,10,10,11,11,11
"Utah","linear_increase_sd","Past",2021-02-03,"daily_hosps",213,213,213,233,241,244,244,244
"Utah","return_normal","Past",2021-02-03,"daily_hosps",213,213,213,233,241,244,244,244
"Utah","status_quo","Past",2021-02-03,"daily_hosps",213,213,213,233,241,244,244,244
"Utah","linear_increase_sd","Past",2021-02-03,"latent_trend",NA,NA,NA,0.614119552103772,NA,NA,NA,NA
"Utah","return_normal","Past",2021-02-03,"latent_trend",NA,NA,NA,0.614119552103772,NA,NA,NA,NA
"Utah","status_quo","Past",2021-02-03,"latent_trend",NA,NA,NA,0.614119552103772,NA,NA,NA,NA
"Utah","linear_increase_sd","Past",2021-02-03,"mobility_trend",NA,NA,NA,0.633793984972801,NA,NA,NA,NA
"Utah","return_normal","Past",2021-02-03,"mobility_trend",NA,NA,NA,0.633793984972801,NA,NA,NA,NA
"Utah","status_quo","Past",2021-02-03,"mobility_trend",NA,NA,NA,0.633793984972801,NA,NA,NA,NA
"Utah",NA,"Past",2021-02-04,"actual_cumulative_cases",NA,NA,NA,351273,NA,NA,NA,NA
"Utah",NA,"Past",2021-02-04,"actual_cumulative_deaths",NA,NA,NA,1716,NA,NA,NA,NA
"Utah",NA,"Past",2021-02-04,"actual_daily_cases",NA,NA,NA,1273,NA,NA,NA,NA
"Utah",NA,"Past",2021-02-04,"actual_daily_deaths",NA,NA,NA,14,NA,NA,NA,NA
"Utah","linear_increase_sd","Past",2021-02-04,"combined_trend",NA,NA,NA,0.390624229552408,NA,NA,NA,NA
"Utah","return_normal","Past",2021-02-04,"combined_trend",NA,NA,NA,0.390624229552408,NA,NA,NA,NA
"Utah","status_quo","Past",2021-02-04,"combined_trend",NA,NA,NA,0.390624229552408,NA,NA,NA,NA
"Utah","linear_increase_sd","Past",2021-02-04,"cumulative_all_infections",953107,953107,953107,959730,955629,970454,970454,970454
"Utah","return_normal","Past",2021-02-04,"cumulative_all_infections",953107,953107,953107,959730,955629,970454,970454,970454
"Utah","status_quo","Past",2021-02-04,"cumulative_all_infections",953107,953107,953107,959730,955629,970454,970454,970454
"Utah","linear_increase_sd","Past",2021-02-04,"cumulative_cases",349406,349406,349406,351979,350599,355930,355930,355930
"Utah","return_normal","Past",2021-02-04,"cumulative_cases",349406,349406,349406,351979,350599,355930,355930,355930
"Utah","status_quo","Past",2021-02-04,"cumulative_cases",349406,349406,349406,351979,350599,355930,355930,355930
"Utah","linear_increase_sd","Past",2021-02-04,"cumulative_deaths",2135,2135,2135,2166,2170,2191,2191,2191
"Utah","return_normal","Past",2021-02-04,"cumulative_deaths",2135,2135,2135,2166,2170,2191,2191,2191
"Utah","status_quo","Past",2021-02-04,"cumulative_deaths",2135,2135,2135,2166,2170,2191,2191,2191
"Utah","linear_increase_sd","Past",2021-02-04,"cumulative_hosps",40369,40369,40369,40907,40695,41655,41655,41655
"Utah","return_normal","Past",2021-02-04,"cumulative_hosps",40369,40369,40369,40907,40695,41655,41655,41655
"Utah","status_quo","Past",2021-02-04,"cumulative_hosps",40369,40369,40369,40907,40695,41655,41655,41655
"Utah","linear_increase_sd","Past",2021-02-04,"daily_all_infections",2742,2742,2742,3180,2802,3995,3995,3995
"Utah","return_normal","Past",2021-02-04,"daily_all_infections",2742,2742,2742,3180,2802,3995,3995,3995
"Utah","status_quo","Past",2021-02-04,"daily_all_infections",2742,2742,2742,3180,2802,3995,3995,3995
"Utah","linear_increase_sd","Past",2021-02-04,"daily_cases",1239,1239,1239,1433,1355,1704,1704,1704
"Utah","return_normal","Past",2021-02-04,"daily_cases",1239,1239,1239,1433,1355,1704,1704,1704
"Utah","status_quo","Past",2021-02-04,"daily_cases",1239,1239,1239,1433,1355,1704,1704,1704
"Utah","linear_increase_sd","Past",2021-02-04,"daily_deaths",9,9,9,10,10,11,11,11
"Utah","return_normal","Past",2021-02-04,"daily_deaths",9,9,9,10,10,11,11,11
"Utah","status_quo","Past",2021-02-04,"daily_deaths",9,9,9,10,10,11,11,11
"Utah","linear_increase_sd","Past",2021-02-04,"daily_hosps",202,202,202,224,231,237,237,237
"Utah","return_normal","Past",2021-02-04,"daily_hosps",202,202,202,224,231,237,237,237
"Utah","status_quo","Past",2021-02-04,"daily_hosps",202,202,202,224,231,237,237,237
"Utah","linear_increase_sd","Past",2021-02-04,"latent_trend",NA,NA,NA,0.61457539432479,NA,NA,NA,NA
"Utah","return_normal","Past",2021-02-04,"latent_trend",NA,NA,NA,0.61457539432479,NA,NA,NA,NA
"Utah","status_quo","Past",2021-02-04,"latent_trend",NA,NA,NA,0.61457539432479,NA,NA,NA,NA
"Utah","linear_increase_sd","Past",2021-02-04,"mobility_trend",NA,NA,NA,0.635600177227356,NA,NA,NA,NA
"Utah","return_normal","Past",2021-02-04,"mobility_trend",NA,NA,NA,0.635600177227356,NA,NA,NA,NA
"Utah","status_quo","Past",2021-02-04,"mobility_trend",NA,NA,NA,0.635600177227356,NA,NA,NA,NA
"Utah",NA,"Past",2021-02-05,"actual_cumulative_cases",NA,NA,NA,352489,NA,NA,NA,NA
"Utah",NA,"Past",2021-02-05,"actual_cumulative_deaths",NA,NA,NA,1733,NA,NA,NA,NA
"Utah",NA,"Past",2021-02-05,"actual_daily_cases",NA,NA,NA,1216,NA,NA,NA,NA
"Utah",NA,"Past",2021-02-05,"actual_daily_deaths",NA,NA,NA,17,NA,NA,NA,NA
"Utah","linear_increase_sd","Past",2021-02-05,"combined_trend",NA,NA,NA,0.392385102812652,NA,NA,NA,NA
"Utah","return_normal","Past",2021-02-05,"combined_trend",NA,NA,NA,0.392385102812652,NA,NA,NA,NA
"Utah","status_quo","Past",2021-02-05,"combined_trend",NA,NA,NA,0.392385102812652,NA,NA,NA,NA
"Utah","linear_increase_sd","Past",2021-02-05,"cumulative_all_infections",955789,955789,955789,962813,959506,973143,973143,973143
"Utah","return_normal","Past",2021-02-05,"cumulative_all_infections",955789,955789,955789,962813,959506,973143,973143,973143
"Utah","status_quo","Past",2021-02-05,"cumulative_all_infections",955789,955789,955789,962813,959506,973143,973143,973143
"Utah","linear_increase_sd","Past",2021-02-05,"cumulative_cases",351053,351053,351053,353357,351897,357119,357119,357119
"Utah","return_normal","Past",2021-02-05,"cumulative_cases",351053,351053,351053,353357,351897,357119,357119,357119
"Utah","status_quo","Past",2021-02-05,"cumulative_cases",351053,351053,351053,353357,351897,357119,357119,357119
"Utah","linear_increase_sd","Past",2021-02-05,"cumulative_deaths",2147,2147,2147,2176,2180,2200,2200,2200
"Utah","return_normal","Past",2021-02-05,"cumulative_deaths",2147,2147,2147,2176,2180,2200,2200,2200
"Utah","status_quo","Past",2021-02-05,"cumulative_deaths",2147,2147,2147,2176,2180,2200,2200,2200
"Utah","linear_increase_sd","Past",2021-02-05,"cumulative_hosps",40604,40604,40604,41124,40916,41850,41850,41850
"Utah","return_normal","Past",2021-02-05,"cumulative_hosps",40604,40604,40604,41124,40916,41850,41850,41850
"Utah","status_quo","Past",2021-02-05,"cumulative_hosps",40604,40604,40604,41124,40916,41850,41850,41850
"Utah","linear_increase_sd","Past",2021-02-05,"daily_all_infections",2682,2682,2682,3083,2689,3877,3877,3877
"Utah","return_normal","Past",2021-02-05,"daily_all_infections",2682,2682,2682,3083,2689,3877,3877,3877
"Utah","status_quo","Past",2021-02-05,"daily_all_infections",2682,2682,2682,3083,2689,3877,3877,3877
"Utah","linear_increase_sd","Past",2021-02-05,"daily_cases",1189,1189,1189,1378,1298,1647,1647,1647
"Utah","return_normal","Past",2021-02-05,"daily_cases",1189,1189,1189,1378,1298,1647,1647,1647
"Utah","status_quo","Past",2021-02-05,"daily_cases",1189,1189,1189,1378,1298,1647,1647,1647
"Utah","linear_increase_sd","Past",2021-02-05,"daily_deaths",9,9,9,11,10,12,12,12
"Utah","return_normal","Past",2021-02-05,"daily_deaths",9,9,9,11,10,12,12,12
"Utah","status_quo","Past",2021-02-05,"daily_deaths",9,9,9,11,10,12,12,12
"Utah","linear_increase_sd","Past",2021-02-05,"daily_hosps",195,195,195,217,221,235,235,235
"Utah","return_normal","Past",2021-02-05,"daily_hosps",195,195,195,217,221,235,235,235
"Utah","status_quo","Past",2021-02-05,"daily_hosps",195,195,195,217,221,235,235,235
"Utah","linear_increase_sd","Past",2021-02-05,"latent_trend",NA,NA,NA,0.615394340954299,NA,NA,NA,NA
"Utah","return_normal","Past",2021-02-05,"latent_trend",NA,NA,NA,0.615394340954299,NA,NA,NA,NA
"Utah","status_quo","Past",2021-02-05,"latent_trend",NA,NA,NA,0.615394340954299,NA,NA,NA,NA
"Utah","linear_increase_sd","Past",2021-02-05,"mobility_trend",NA,NA,NA,0.637615715159448,NA,NA,NA,NA
"Utah","return_normal","Past",2021-02-05,"mobility_trend",NA,NA,NA,0.637615715159448,NA,NA,NA,NA
"Utah","status_quo","Past",2021-02-05,"mobility_trend",NA,NA,NA,0.637615715159448,NA,NA,NA,NA
"Utah",NA,"Past",2021-02-06,"actual_cumulative_cases",NA,NA,NA,353700,NA,NA,NA,NA
"Utah",NA,"Past",2021-02-06,"actual_cumulative_deaths",NA,NA,NA,1738,NA,NA,NA,NA
"Utah",NA,"Past",2021-02-06,"actual_daily_cases",NA,NA,NA,1211,NA,NA,NA,NA
"Utah",NA,"Past",2021-02-06,"actual_daily_deaths",NA,NA,NA,5,NA,NA,NA,NA
"Utah","linear_increase_sd","Past",2021-02-06,"combined_trend",NA,NA,NA,0.394468450047764,NA,NA,NA,NA
"Utah","return_normal","Past",2021-02-06,"combined_trend",NA,NA,NA,0.394468450047764,NA,NA,NA,NA
"Utah","status_quo","Past",2021-02-06,"combined_trend",NA,NA,NA,0.394468450047764,NA,NA,NA,NA
"Utah","linear_increase_sd","Past",2021-02-06,"cumulative_all_infections",958360,958360,958360,965793,963263,975755,975755,975755
"Utah","return_normal","Past",2021-02-06,"cumulative_all_infections",958360,958360,958360,965793,963263,975755,975755,975755
"Utah","status_quo","Past",2021-02-06,"cumulative_all_infections",958360,958360,958360,965793,963263,975755,975755,975755
"Utah","linear_increase_sd","Past",2021-02-06,"cumulative_cases",352757,352757,352757,354769,353223,358325,358325,358325
"Utah","return_normal","Past",2021-02-06,"cumulative_cases",352757,352757,352757,354769,353223,358325,358325,358325
"Utah","status_quo","Past",2021-02-06,"cumulative_cases",352757,352757,352757,354769,353223,358325,358325,358325
"Utah","linear_increase_sd","Past",2021-02-06,"cumulative_deaths",2157,2157,2157,2185,2189,2209,2209,2209
"Utah","return_normal","Past",2021-02-06,"cumulative_deaths",2157,2157,2157,2185,2189,2209,2209,2209
"Utah","status_quo","Past",2021-02-06,"cumulative_deaths",2157,2157,2157,2185,2189,2209,2209,2209
"Utah","linear_increase_sd","Past",2021-02-06,"cumulative_hosps",40830,40830,40830,41331,41127,42036,42036,42036
"Utah","return_normal","Past",2021-02-06,"cumulative_hosps",40830,40830,40830,41331,41127,42036,42036,42036
"Utah","status_quo","Past",2021-02-06,"cumulative_hosps",40830,40830,40830,41331,41127,42036,42036,42036
"Utah","linear_increase_sd","Past",2021-02-06,"daily_all_infections",2571,2571,2571,2980,2612,3757,3757,3757
"Utah","return_normal","Past",2021-02-06,"daily_all_infections",2571,2571,2571,2980,2612,3757,3757,3757
"Utah","status_quo","Past",2021-02-06,"daily_all_infections",2571,2571,2571,2980,2612,3757,3757,3757
"Utah","linear_increase_sd","Past",2021-02-06,"daily_cases",1206,1206,1206,1412,1326,1704,1704,1704
"Utah","return_normal","Past",2021-02-06,"daily_cases",1206,1206,1206,1412,1326,1704,1704,1704
"Utah","status_quo","Past",2021-02-06,"daily_cases",1206,1206,1206,1412,1326,1704,1704,1704
"Utah","linear_increase_sd","Past",2021-02-06,"daily_deaths",9,9,9,10,9,10,10,10
"Utah","return_normal","Past",2021-02-06,"daily_deaths",9,9,9,10,9,10,10,10
"Utah","status_quo","Past",2021-02-06,"daily_deaths",9,9,9,10,9,10,10,10
"Utah","linear_increase_sd","Past",2021-02-06,"daily_hosps",186,186,186,208,211,226,226,226
"Utah","return_normal","Past",2021-02-06,"daily_hosps",186,186,186,208,211,226,226,226
"Utah","status_quo","Past",2021-02-06,"daily_hosps",186,186,186,208,211,226,226,226
"Utah","linear_increase_sd","Past",2021-02-06,"latent_trend",NA,NA,NA,0.61652232959429,NA,NA,NA,NA
"Utah","return_normal","Past",2021-02-06,"latent_trend",NA,NA,NA,0.61652232959429,NA,NA,NA,NA
"Utah","status_quo","Past",2021-02-06,"latent_trend",NA,NA,NA,0.61652232959429,NA,NA,NA,NA
"Utah","linear_increase_sd","Past",2021-02-06,"mobility_trend",NA,NA,NA,0.639828325938087,NA,NA,NA,NA
"Utah","return_normal","Past",2021-02-06,"mobility_trend",NA,NA,NA,0.639828325938087,NA,NA,NA,NA
"Utah","status_quo","Past",2021-02-06,"mobility_trend",NA,NA,NA,0.639828325938087,NA,NA,NA,NA
"Utah",NA,"Past",2021-02-07,"actual_cumulative_cases",NA,NA,NA,354608,NA,NA,NA,NA
"Utah",NA,"Past",2021-02-07,"actual_cumulative_deaths",NA,NA,NA,1741,NA,NA,NA,NA
"Utah",NA,"Past",2021-02-07,"actual_daily_cases",NA,NA,NA,908,NA,NA,NA,NA
"Utah",NA,"Past",2021-02-07,"actual_daily_deaths",NA,NA,NA,3,NA,NA,NA,NA
"Utah","linear_increase_sd","Past",2021-02-07,"combined_trend",NA,NA,NA,0.39683386924283,NA,NA,NA,NA
"Utah","return_normal","Past",2021-02-07,"combined_trend",NA,NA,NA,0.39683386924283,NA,NA,NA,NA
"Utah","status_quo","Past",2021-02-07,"combined_trend",NA,NA,NA,0.39683386924283,NA,NA,NA,NA
"Utah","linear_increase_sd","Past",2021-02-07,"cumulative_all_infections",960828,960828,960828,968678,966894,978311,978311,978311
"Utah","return_normal","Past",2021-02-07,"cumulative_all_infections",960828,960828,960828,968678,966894,978311,978311,978311
"Utah","status_quo","Past",2021-02-07,"cumulative_all_infections",960828,960828,960828,968678,966894,978311,978311,978311
"Utah","linear_increase_sd","Past",2021-02-07,"cumulative_cases",354441,354441,354441,356123,354456,359472,359472,359472
"Utah","return_normal","Past",2021-02-07,"cumulative_cases",354441,354441,354441,356123,354456,359472,359472,359472
"Utah","status_quo","Past",2021-02-07,"cumulative_cases",354441,354441,354441,356123,354456,359472,359472,359472
"Utah","linear_increase_sd","Past",2021-02-07,"cumulative_deaths",2167,2167,2167,2195,2199,2218,2218,2218
"Utah","return_normal","Past",2021-02-07,"cumulative_deaths",2167,2167,2167,2195,2199,2218,2218,2218
"Utah","status_quo","Past",2021-02-07,"cumulative_deaths",2167,2167,2167,2195,2199,2218,2218,2218
"Utah","linear_increase_sd","Past",2021-02-07,"cumulative_hosps",41055,41055,41055,41534,41329,42216,42216,42216
"Utah","return_normal","Past",2021-02-07,"cumulative_hosps",41055,41055,41055,41534,41329,42216,42216,42216
"Utah","status_quo","Past",2021-02-07,"cumulative_hosps",41055,41055,41055,41534,41329,42216,42216,42216
"Utah","linear_increase_sd","Past",2021-02-07,"daily_all_infections",2468,2468,2468,2885,2556,3631,3631,3631
"Utah","return_normal","Past",2021-02-07,"daily_all_infections",2468,2468,2468,2885,2556,3631,3631,3631
"Utah","status_quo","Past",2021-02-07,"daily_all_infections",2468,2468,2468,2885,2556,3631,3631,3631
"Utah","linear_increase_sd","Past",2021-02-07,"daily_cases",1147,1147,1147,1355,1233,1684,1684,1684
"Utah","return_normal","Past",2021-02-07,"daily_cases",1147,1147,1147,1355,1233,1684,1684,1684
"Utah","status_quo","Past",2021-02-07,"daily_cases",1147,1147,1147,1355,1233,1684,1684,1684
"Utah","linear_increase_sd","Past",2021-02-07,"daily_deaths",9,9,9,10,10,10,10,10
"Utah","return_normal","Past",2021-02-07,"daily_deaths",9,9,9,10,10,10,10,10
"Utah","status_quo","Past",2021-02-07,"daily_deaths",9,9,9,10,10,10,10,10
"Utah","linear_increase_sd","Past",2021-02-07,"daily_hosps",180,180,180,203,202,225,225,225
"Utah","return_normal","Past",2021-02-07,"daily_hosps",180,180,180,203,202,225,225,225
"Utah","status_quo","Past",2021-02-07,"daily_hosps",180,180,180,203,202,225,225,225
"Utah","linear_increase_sd","Past",2021-02-07,"latent_trend",NA,NA,NA,0.617905203411499,NA,NA,NA,NA
"Utah","return_normal","Past",2021-02-07,"latent_trend",NA,NA,NA,0.617905203411499,NA,NA,NA,NA
"Utah","status_quo","Past",2021-02-07,"latent_trend",NA,NA,NA,0.617905203411499,NA,NA,NA,NA
"Utah","linear_increase_sd","Past",2021-02-07,"mobility_trend",NA,NA,NA,0.642224514459308,NA,NA,NA,NA
"Utah","return_normal","Past",2021-02-07,"mobility_trend",NA,NA,NA,0.642224514459308,NA,NA,NA,NA
"Utah","status_quo","Past",2021-02-07,"mobility_trend",NA,NA,NA,0.642224514459308,NA,NA,NA,NA
"Utah",NA,"Past",2021-02-08,"actual_cumulative_cases",NA,NA,NA,355122,NA,NA,NA,NA
"Utah",NA,"Past",2021-02-08,"actual_cumulative_deaths",NA,NA,NA,1743,NA,NA,NA,NA
"Utah",NA,"Past",2021-02-08,"actual_daily_cases",NA,NA,NA,514,NA,NA,NA,NA
"Utah",NA,"Past",2021-02-08,"actual_daily_deaths",NA,NA,NA,2,NA,NA,NA,NA
"Utah","linear_increase_sd","Past",2021-02-08,"combined_trend",NA,NA,NA,0.399440705016513,NA,NA,NA,NA
"Utah","return_normal","Past",2021-02-08,"combined_trend",NA,NA,NA,0.399440705016513,NA,NA,NA,NA
"Utah","status_quo","Past",2021-02-08,"combined_trend",NA,NA,NA,0.399440705016513,NA,NA,NA,NA
"Utah","linear_increase_sd","Past",2021-02-08,"cumulative_all_infections",963215,963215,963215,971477,970395,980820,980820,980820
"Utah","return_normal","Past",2021-02-08,"cumulative_all_infections",963215,963215,963215,971477,970395,980820,980820,980820
"Utah","status_quo","Past",2021-02-08,"cumulative_all_infections",963215,963215,963215,971477,970395,980820,980820,980820
"Utah","linear_increase_sd","Past",2021-02-08,"cumulative_cases",355735,355735,355735,357505,356132,360648,360648,360648
"Utah","return_normal","Past",2021-02-08,"cumulative_cases",355735,355735,355735,357505,356132,360648,360648,360648
"Utah","status_quo","Past",2021-02-08,"cumulative_cases",355735,355735,355735,357505,356132,360648,360648,360648
"Utah","linear_increase_sd","Past",2021-02-08,"cumulative_deaths",2176,2176,2176,2203,2207,2226,2226,2226
"Utah","return_normal","Past",2021-02-08,"cumulative_deaths",2176,2176,2176,2203,2207,2226,2226,2226
"Utah","status_quo","Past",2021-02-08,"cumulative_deaths",2176,2176,2176,2203,2207,2226,2226,2226
"Utah","linear_increase_sd","Past",2021-02-08,"cumulative_hosps",41278,41278,41278,41729,41522,42386,42386,42386
"Utah","return_normal","Past",2021-02-08,"cumulative_hosps",41278,41278,41278,41729,41522,42386,42386,42386
"Utah","status_quo","Past",2021-02-08,"cumulative_hosps",41278,41278,41278,41729,41522,42386,42386,42386
"Utah","linear_increase_sd","Past",2021-02-08,"daily_all_infections",2387,2387,2387,2799,2509,3501,3501,3501
"Utah","return_normal","Past",2021-02-08,"daily_all_infections",2387,2387,2387,2799,2509,3501,3501,3501
"Utah","status_quo","Past",2021-02-08,"daily_all_infections",2387,2387,2387,2799,2509,3501,3501,3501
"Utah","linear_increase_sd","Past",2021-02-08,"daily_cases",1176,1176,1176,1382,1279,1691,1691,1691
"Utah","return_normal","Past",2021-02-08,"daily_cases",1176,1176,1176,1382,1279,1691,1691,1691
"Utah","status_quo","Past",2021-02-08,"daily_cases",1176,1176,1176,1382,1279,1691,1691,1691
"Utah","linear_increase_sd","Past",2021-02-08,"daily_deaths",8,8,8,9,8,9,9,9
"Utah","return_normal","Past",2021-02-08,"daily_deaths",8,8,8,9,8,9,9,9
"Utah","status_quo","Past",2021-02-08,"daily_deaths",8,8,8,9,8,9,9,9
"Utah","linear_increase_sd","Past",2021-02-08,"daily_hosps",170,170,170,196,193,223,223,223
"Utah","return_normal","Past",2021-02-08,"daily_hosps",170,170,170,196,193,223,223,223
"Utah","status_quo","Past",2021-02-08,"daily_hosps",170,170,170,196,193,223,223,223
"Utah","linear_increase_sd","Past",2021-02-08,"latent_trend",NA,NA,NA,0.619488854253645,NA,NA,NA,NA
"Utah","return_normal","Past",2021-02-08,"latent_trend",NA,NA,NA,0.619488854253645,NA,NA,NA,NA
"Utah","status_quo","Past",2021-02-08,"latent_trend",NA,NA,NA,0.619488854253645,NA,NA,NA,NA
"Utah","linear_increase_sd","Past",2021-02-08,"mobility_trend",NA,NA,NA,0.644790785619147,NA,NA,NA,NA
"Utah","return_normal","Past",2021-02-08,"mobility_trend",NA,NA,NA,0.644790785619147,NA,NA,NA,NA
"Utah","status_quo","Past",2021-02-08,"mobility_trend",NA,NA,NA,0.644790785619147,NA,NA,NA,NA
"Utah",NA,"Past",2021-02-09,"actual_cumulative_cases",NA,NA,NA,356040,NA,NA,NA,NA
"Utah",NA,"Past",2021-02-09,"actual_cumulative_deaths",NA,NA,NA,1753,NA,NA,NA,NA
"Utah",NA,"Past",2021-02-09,"actual_daily_cases",NA,NA,NA,918,NA,NA,NA,NA
"Utah",NA,"Past",2021-02-09,"actual_daily_deaths",NA,NA,NA,10,NA,NA,NA,NA
"Utah","linear_increase_sd","Past",2021-02-09,"combined_trend",NA,NA,NA,0.402249491583354,NA,NA,NA,NA
"Utah","return_normal","Past",2021-02-09,"combined_trend",NA,NA,NA,0.402249491583354,NA,NA,NA,NA
"Utah","status_quo","Past",2021-02-09,"combined_trend",NA,NA,NA,0.402249491583354,NA,NA,NA,NA
"Utah","linear_increase_sd","Past",2021-02-09,"cumulative_all_infections",965521,965521,965521,974194,973756,983304,983304,983304
"Utah","return_normal","Past",2021-02-09,"cumulative_all_infections",965521,965521,965521,974194,973756,983304,983304,983304
"Utah","status_quo","Past",2021-02-09,"cumulative_all_infections",965521,965521,965521,974194,973756,983304,983304,983304
"Utah","linear_increase_sd","Past",2021-02-09,"cumulative_cases",356799,356799,356799,358718,357598,361757,361757,361757
"Utah","return_normal","Past",2021-02-09,"cumulative_cases",356799,356799,356799,358718,357598,361757,361757,361757
"Utah","status_quo","Past",2021-02-09,"cumulative_cases",356799,356799,356799,358718,357598,361757,361757,361757
"Utah","linear_increase_sd","Past",2021-02-09,"cumulative_deaths",2184,2184,2184,2212,2215,2235,2235,2235
"Utah","return_normal","Past",2021-02-09,"cumulative_deaths",2184,2184,2184,2212,2215,2235,2235,2235
"Utah","status_quo","Past",2021-02-09,"cumulative_deaths",2184,2184,2184,2212,2215,2235,2235,2235
"Utah","linear_increase_sd","Past",2021-02-09,"cumulative_hosps",41494,41494,41494,41917,41706,42551,42551,42551
"Utah","return_normal","Past",2021-02-09,"cumulative_hosps",41494,41494,41494,41917,41706,42551,42551,42551
"Utah","status_quo","Past",2021-02-09,"cumulative_hosps",41494,41494,41494,41917,41706,42551,42551,42551
"Utah","linear_increase_sd","Past",2021-02-09,"daily_all_infections",2306,2306,2306,2717,2484,3361,3361,3361
"Utah","return_normal","Past",2021-02-09,"daily_all_infections",2306,2306,2306,2717,2484,3361,3361,3361
"Utah","status_quo","Past",2021-02-09,"daily_all_infections",2306,2306,2306,2717,2484,3361,3361,3361
"Utah","linear_increase_sd","Past",2021-02-09,"daily_cases",1064,1064,1064,1213,1109,1466,1466,1466
"Utah","return_normal","Past",2021-02-09,"daily_cases",1064,1064,1064,1213,1109,1466,1466,1466
"Utah","status_quo","Past",2021-02-09,"daily_cases",1064,1064,1064,1213,1109,1466,1466,1466
"Utah","linear_increase_sd","Past",2021-02-09,"daily_deaths",8,8,8,9,8,9,9,9
"Utah","return_normal","Past",2021-02-09,"daily_deaths",8,8,8,9,8,9,9,9
"Utah","status_quo","Past",2021-02-09,"daily_deaths",8,8,8,9,8,9,9,9
"Utah","linear_increase_sd","Past",2021-02-09,"daily_hosps",165,165,165,189,184,216,216,216
"Utah","return_normal","Past",2021-02-09,"daily_hosps",165,165,165,189,184,216,216,216
"Utah","status_quo","Past",2021-02-09,"daily_hosps",165,165,165,189,184,216,216,216
"Utah","linear_increase_sd","Past",2021-02-09,"latent_trend",NA,NA,NA,0.621219343421065,NA,NA,NA,NA
"Utah","return_normal","Past",2021-02-09,"latent_trend",NA,NA,NA,0.621219343421065,NA,NA,NA,NA
"Utah","status_quo","Past",2021-02-09,"latent_trend",NA,NA,NA,0.621219343421065,NA,NA,NA,NA
"Utah","linear_increase_sd","Past",2021-02-09,"mobility_trend",NA,NA,NA,0.647516043798893,NA,NA,NA,NA
"Utah","return_normal","Past",2021-02-09,"mobility_trend",NA,NA,NA,0.647516043798893,NA,NA,NA,NA
"Utah","status_quo","Past",2021-02-09,"mobility_trend",NA,NA,NA,0.647516043798893,NA,NA,NA,NA
"Utah",NA,"Past",2021-02-10,"actual_cumulative_cases",NA,NA,NA,357339,NA,NA,NA,NA
"Utah",NA,"Past",2021-02-10,"actual_cumulative_deaths",NA,NA,NA,1770,NA,NA,NA,NA
"Utah",NA,"Past",2021-02-10,"actual_daily_cases",NA,NA,NA,1299,NA,NA,NA,NA
"Utah",NA,"Past",2021-02-10,"actual_daily_deaths",NA,NA,NA,17,NA,NA,NA,NA
"Utah","linear_increase_sd","Past",2021-02-10,"combined_trend",NA,NA,NA,0.405226414303748,NA,NA,NA,NA
"Utah","return_normal","Past",2021-02-10,"combined_trend",NA,NA,NA,0.405226414303748,NA,NA,NA,NA
"Utah","status_quo","Past",2021-02-10,"combined_trend",NA,NA,NA,0.405226414303748,NA,NA,NA,NA
"Utah","linear_increase_sd","Past",2021-02-10,"cumulative_all_infections",967746,967746,967746,976828,976986,985750,985750,985750
"Utah","return_normal","Past",2021-02-10,"cumulative_all_infections",967746,967746,967746,976828,976986,985750,985750,985750
"Utah","status_quo","Past",2021-02-10,"cumulative_all_infections",967746,967746,967746,976828,976986,985750,985750,985750
"Utah","linear_increase_sd","Past",2021-02-10,"cumulative_cases",357807,357807,357807,359891,359114,362752,362752,362752
"Utah","return_normal","Past",2021-02-10,"cumulative_cases",357807,357807,357807,359891,359114,362752,362752,362752
"Utah","status_quo","Past",2021-02-10,"cumulative_cases",357807,357807,357807,359891,359114,362752,362752,362752
"Utah","linear_increase_sd","Past",2021-02-10,"cumulative_deaths",2194,2194,2194,2221,2224,2243,2243,2243
"Utah","return_normal","Past",2021-02-10,"cumulative_deaths",2194,2194,2194,2221,2224,2243,2243,2243
"Utah","status_quo","Past",2021-02-10,"cumulative_deaths",2194,2194,2194,2221,2224,2243,2243,2243
"Utah","linear_increase_sd","Past",2021-02-10,"cumulative_hosps",41709,41709,41709,42099,41879,42709,42709,42709
"Utah","return_normal","Past",2021-02-10,"cumulative_hosps",41709,41709,41709,42099,41879,42709,42709,42709
"Utah","status_quo","Past",2021-02-10,"cumulative_hosps",41709,41709,41709,42099,41879,42709,42709,42709
"Utah","linear_increase_sd","Past",2021-02-10,"daily_all_infections",2225,2225,2225,2634,2446,3230,3230,3230
"Utah","return_normal","Past",2021-02-10,"daily_all_infections",2225,2225,2225,2634,2446,3230,3230,3230
"Utah","status_quo","Past",2021-02-10,"daily_all_infections",2225,2225,2225,2634,2446,3230,3230,3230
"Utah","linear_increase_sd","Past",2021-02-10,"daily_cases",995,995,995,1173,1008,1516,1516,1516
"Utah","return_normal","Past",2021-02-10,"daily_cases",995,995,995,1173,1008,1516,1516,1516
"Utah","status_quo","Past",2021-02-10,"daily_cases",995,995,995,1173,1008,1516,1516,1516
"Utah","linear_increase_sd","Past",2021-02-10,"daily_deaths",8,8,8,9,9,10,10,10
"Utah","return_normal","Past",2021-02-10,"daily_deaths",8,8,8,9,9,10,10,10
"Utah","status_quo","Past",2021-02-10,"daily_deaths",8,8,8,9,9,10,10,10
"Utah","linear_increase_sd","Past",2021-02-10,"daily_hosps",158,158,158,182,173,215,215,215
"Utah","return_normal","Past",2021-02-10,"daily_hosps",158,158,158,182,173,215,215,215
"Utah","status_quo","Past",2021-02-10,"daily_hosps",158,158,158,182,173,215,215,215
"Utah","linear_increase_sd","Past",2021-02-10,"latent_trend",NA,NA,NA,0.623043000250359,NA,NA,NA,NA
"Utah","return_normal","Past",2021-02-10,"latent_trend",NA,NA,NA,0.623043000250359,NA,NA,NA,NA
"Utah","status_quo","Past",2021-02-10,"latent_trend",NA,NA,NA,0.623043000250359,NA,NA,NA,NA
"Utah","linear_increase_sd","Past",2021-02-10,"mobility_trend",NA,NA,NA,0.650398791320849,NA,NA,NA,NA
"Utah","return_normal","Past",2021-02-10,"mobility_trend",NA,NA,NA,0.650398791320849,NA,NA,NA,NA
"Utah","status_quo","Past",2021-02-10,"mobility_trend",NA,NA,NA,0.650398791320849,NA,NA,NA,NA
"Utah",NA,"Past",2021-02-11,"actual_cumulative_cases",NA,NA,NA,358581,NA,NA,NA,NA
"Utah",NA,"Past",2021-02-11,"actual_cumulative_deaths",NA,NA,NA,1779,NA,NA,NA,NA
"Utah",NA,"Past",2021-02-11,"actual_daily_cases",NA,NA,NA,1242,NA,NA,NA,NA
"Utah",NA,"Past",2021-02-11,"actual_daily_deaths",NA,NA,NA,9,NA,NA,NA,NA
"Utah","linear_increase_sd","Past",2021-02-11,"combined_trend",NA,NA,NA,0.40833885793983,NA,NA,NA,NA
"Utah","return_normal","Past",2021-02-11,"combined_trend",NA,NA,NA,0.40833885793983,NA,NA,NA,NA
"Utah","status_quo","Past",2021-02-11,"combined_trend",NA,NA,NA,0.40833885793983,NA,NA,NA,NA
"Utah","linear_increase_sd","Past",2021-02-11,"cumulative_all_infections",969911,969911,969911,979393,980102,988166,988166,988166
"Utah","return_normal","Past",2021-02-11,"cumulative_all_infections",969911,969911,969911,979393,980102,988166,988166,988166
"Utah","status_quo","Past",2021-02-11,"cumulative_all_infections",969911,969911,969911,979393,980102,988166,988166,988166
"Utah","linear_increase_sd","Past",2021-02-11,"cumulative_cases",358710,358710,358710,361019,360585,363762,363762,363762
"Utah","return_normal","Past",2021-02-11,"cumulative_cases",358710,358710,358710,361019,360585,363762,363762,363762
"Utah","status_quo","Past",2021-02-11,"cumulative_cases",358710,358710,358710,361019,360585,363762,363762,363762
"Utah","linear_increase_sd","Past",2021-02-11,"cumulative_deaths",2203,2203,2203,2229,2234,2250,2250,2250
"Utah","return_normal","Past",2021-02-11,"cumulative_deaths",2203,2203,2203,2229,2234,2250,2250,2250
"Utah","status_quo","Past",2021-02-11,"cumulative_deaths",2203,2203,2203,2229,2234,2250,2250,2250
"Utah","linear_increase_sd","Past",2021-02-11,"cumulative_hosps",41916,41916,41916,42274,42044,42860,42860,42860
"Utah","return_normal","Past",2021-02-11,"cumulative_hosps",41916,41916,41916,42274,42044,42860,42860,42860
"Utah","status_quo","Past",2021-02-11,"cumulative_hosps",41916,41916,41916,42274,42044,42860,42860,42860
"Utah","linear_increase_sd","Past",2021-02-11,"daily_all_infections",2165,2165,2165,2566,2416,3116,3116,3116
"Utah","return_normal","Past",2021-02-11,"daily_all_infections",2165,2165,2165,2566,2416,3116,3116,3116
"Utah","status_quo","Past",2021-02-11,"daily_all_infections",2165,2165,2165,2566,2416,3116,3116,3116
"Utah","linear_increase_sd","Past",2021-02-11,"daily_cases",903,903,903,1128,1010,1471,1471,1471
"Utah","return_normal","Past",2021-02-11,"daily_cases",903,903,903,1128,1010,1471,1471,1471
"Utah","status_quo","Past",2021-02-11,"daily_cases",903,903,903,1128,1010,1471,1471,1471
"Utah","linear_increase_sd","Past",2021-02-11,"daily_deaths",7,7,7,9,9,10,10,10
"Utah","return_normal","Past",2021-02-11,"daily_deaths",7,7,7,9,9,10,10,10
"Utah","status_quo","Past",2021-02-11,"daily_deaths",7,7,7,9,9,10,10,10
"Utah","linear_increase_sd","Past",2021-02-11,"daily_hosps",151,151,151,175,165,207,207,207
"Utah","return_normal","Past",2021-02-11,"daily_hosps",151,151,151,175,165,207,207,207
"Utah","status_quo","Past",2021-02-11,"daily_hosps",151,151,151,175,165,207,207,207
"Utah","linear_increase_sd","Past",2021-02-11,"latent_trend",NA,NA,NA,0.624906497441122,NA,NA,NA,NA
"Utah","return_normal","Past",2021-02-11,"latent_trend",NA,NA,NA,0.624906497441122,NA,NA,NA,NA
"Utah","status_quo","Past",2021-02-11,"latent_trend",NA,NA,NA,0.624906497441122,NA,NA,NA,NA
"Utah","linear_increase_sd","Past",2021-02-11,"mobility_trend",NA,NA,NA,0.653439929992571,NA,NA,NA,NA
"Utah","return_normal","Past",2021-02-11,"mobility_trend",NA,NA,NA,0.653439929992571,NA,NA,NA,NA
"Utah","status_quo","Past",2021-02-11,"mobility_trend",NA,NA,NA,0.653439929992571,NA,NA,NA,NA
"Utah",NA,"Past",2021-02-12,"actual_cumulative_cases",NA,NA,NA,359641,NA,NA,NA,NA
"Utah",NA,"Past",2021-02-12,"actual_cumulative_deaths",NA,NA,NA,1790,NA,NA,NA,NA
"Utah",NA,"Past",2021-02-12,"actual_daily_cases",NA,NA,NA,1060,NA,NA,NA,NA
"Utah",NA,"Past",2021-02-12,"actual_daily_deaths",NA,NA,NA,11,NA,NA,NA,NA
"Utah","linear_increase_sd","Past",2021-02-12,"combined_trend",NA,NA,NA,0.411553878247409,NA,NA,NA,NA
"Utah","return_normal","Past",2021-02-12,"combined_trend",NA,NA,NA,0.411553878247409,NA,NA,NA,NA
"Utah","status_quo","Past",2021-02-12,"combined_trend",NA,NA,NA,0.411553878247409,NA,NA,NA,NA
"Utah","linear_increase_sd","Past",2021-02-12,"cumulative_all_infections",972004,972004,972004,981877,983072,990553,990553,990553
"Utah","return_normal","Past",2021-02-12,"cumulative_all_infections",972004,972004,972004,981877,983072,990553,990553,990553
"Utah","status_quo","Past",2021-02-12,"cumulative_all_infections",972004,972004,972004,981877,983072,990553,990553,990553
"Utah","linear_increase_sd","Past",2021-02-12,"cumulative_cases",359750,359750,359750,362181,362020,364771,364771,364771
"Utah","return_normal","Past",2021-02-12,"cumulative_cases",359750,359750,359750,362181,362020,364771,364771,364771
"Utah","status_quo","Past",2021-02-12,"cumulative_cases",359750,359750,359750,362181,362020,364771,364771,364771
"Utah","linear_increase_sd","Past",2021-02-12,"cumulative_deaths",2211,2211,2211,2237,2242,2257,2257,2257
"Utah","return_normal","Past",2021-02-12,"cumulative_deaths",2211,2211,2211,2237,2242,2257,2257,2257
"Utah","status_quo","Past",2021-02-12,"cumulative_deaths",2211,2211,2211,2237,2242,2257,2257,2257
"Utah","linear_increase_sd","Past",2021-02-12,"cumulative_hosps",42121,42121,42121,42443,42201,43005,43005,43005
"Utah","return_normal","Past",2021-02-12,"cumulative_hosps",42121,42121,42121,42443,42201,43005,43005,43005
"Utah","status_quo","Past",2021-02-12,"cumulative_hosps",42121,42121,42121,42443,42201,43005,43005,43005
"Utah","linear_increase_sd","Past",2021-02-12,"daily_all_infections",2093,2093,2093,2484,2387,2970,2970,2970
"Utah","return_normal","Past",2021-02-12,"daily_all_infections",2093,2093,2093,2484,2387,2970,2970,2970
"Utah","status_quo","Past",2021-02-12,"daily_all_infections",2093,2093,2093,2484,2387,2970,2970,2970
"Utah","linear_increase_sd","Past",2021-02-12,"daily_cases",1009,1009,1009,1162,1040,1435,1435,1435
"Utah","return_normal","Past",2021-02-12,"daily_cases",1009,1009,1009,1162,1040,1435,1435,1435
"Utah","status_quo","Past",2021-02-12,"daily_cases",1009,1009,1009,1162,1040,1435,1435,1435
"Utah","linear_increase_sd","Past",2021-02-12,"daily_deaths",7,7,7,8,8,8,8,8
"Utah","return_normal","Past",2021-02-12,"daily_deaths",7,7,7,8,8,8,8,8
"Utah","status_quo","Past",2021-02-12,"daily_deaths",7,7,7,8,8,8,8,8
"Utah","linear_increase_sd","Past",2021-02-12,"daily_hosps",145,145,145,169,157,205,205,205
"Utah","return_normal","Past",2021-02-12,"daily_hosps",145,145,145,169,157,205,205,205
"Utah","status_quo","Past",2021-02-12,"daily_hosps",145,145,145,169,157,205,205,205
"Utah","linear_increase_sd","Past",2021-02-12,"latent_trend",NA,NA,NA,0.62675690119177,NA,NA,NA,NA
"Utah","return_normal","Past",2021-02-12,"latent_trend",NA,NA,NA,0.62675690119177,NA,NA,NA,NA
"Utah","status_quo","Past",2021-02-12,"latent_trend",NA,NA,NA,0.62675690119177,NA,NA,NA,NA
"Utah","linear_increase_sd","Past",2021-02-12,"mobility_trend",NA,NA,NA,0.656640361621618,NA,NA,NA,NA
"Utah","return_normal","Past",2021-02-12,"mobility_trend",NA,NA,NA,0.656640361621618,NA,NA,NA,NA
"Utah","status_quo","Past",2021-02-12,"mobility_trend",NA,NA,NA,0.656640361621618,NA,NA,NA,NA
"Utah",NA,"Past",2021-02-13,"actual_cumulative_cases",NA,NA,NA,360584,NA,NA,NA,NA
"Utah",NA,"Past",2021-02-13,"actual_cumulative_deaths",NA,NA,NA,1795,NA,NA,NA,NA
"Utah",NA,"Past",2021-02-13,"actual_daily_cases",NA,NA,NA,943,NA,NA,NA,NA
"Utah",NA,"Past",2021-02-13,"actual_daily_deaths",NA,NA,NA,5,NA,NA,NA,NA
"Utah","linear_increase_sd","Past",2021-02-13,"combined_trend",NA,NA,NA,0.414841139955918,NA,NA,NA,NA
"Utah","return_normal","Past",2021-02-13,"combined_trend",NA,NA,NA,0.414841139955918,NA,NA,NA,NA
"Utah","status_quo","Past",2021-02-13,"combined_trend",NA,NA,NA,0.414841139955918,NA,NA,NA,NA
"Utah","linear_increase_sd","Past",2021-02-13,"cumulative_all_infections",974046,974046,974046,984292,985906,992922,992922,992922
"Utah","return_normal","Past",2021-02-13,"cumulative_all_infections",974046,974046,974046,984292,985906,992922,992922,992922
"Utah","status_quo","Past",2021-02-13,"cumulative_all_infections",974046,974046,974046,984292,985906,992922,992922,992922
"Utah","linear_increase_sd","Past",2021-02-13,"cumulative_cases",360714,360714,360714,363280,363353,365772,365772,365772
"Utah","return_normal","Past",2021-02-13,"cumulative_cases",360714,360714,360714,363280,363353,365772,365772,365772
"Utah","status_quo","Past",2021-02-13,"cumulative_cases",360714,360714,360714,363280,363353,365772,365772,365772
"Utah","linear_increase_sd","Past",2021-02-13,"cumulative_deaths",2218,2218,2218,2245,2252,2263,2263,2263
"Utah","return_normal","Past",2021-02-13,"cumulative_deaths",2218,2218,2218,2245,2252,2263,2263,2263
"Utah","status_quo","Past",2021-02-13,"cumulative_deaths",2218,2218,2218,2245,2252,2263,2263,2263
"Utah","linear_increase_sd","Past",2021-02-13,"cumulative_hosps",42319,42319,42319,42606,42352,43145,43145,43145
"Utah","return_normal","Past",2021-02-13,"cumulative_hosps",42319,42319,42319,42606,42352,43145,43145,43145
"Utah","status_quo","Past",2021-02-13,"cumulative_hosps",42319,42319,42319,42606,42352,43145,43145,43145
"Utah","linear_increase_sd","Past",2021-02-13,"daily_all_infections",2042,2042,2042,2415,2369,2834,2834,2834
"Utah","return_normal","Past",2021-02-13,"daily_all_infections",2042,2042,2042,2415,2369,2834,2834,2834
"Utah","status_quo","Past",2021-02-13,"daily_all_infections",2042,2042,2042,2415,2369,2834,2834,2834
"Utah","linear_increase_sd","Past",2021-02-13,"daily_cases",964,964,964,1100,1001,1333,1333,1333
"Utah","return_normal","Past",2021-02-13,"daily_cases",964,964,964,1100,1001,1333,1333,1333
"Utah","status_quo","Past",2021-02-13,"daily_cases",964,964,964,1100,1001,1333,1333,1333
"Utah","linear_increase_sd","Past",2021-02-13,"daily_deaths",6,6,6,8,7,10,10,10
"Utah","return_normal","Past",2021-02-13,"daily_deaths",6,6,6,8,7,10,10,10
"Utah","status_quo","Past",2021-02-13,"daily_deaths",6,6,6,8,7,10,10,10
"Utah","linear_increase_sd","Past",2021-02-13,"daily_hosps",140,140,140,163,151,198,198,198
"Utah","return_normal","Past",2021-02-13,"daily_hosps",140,140,140,163,151,198,198,198
"Utah","status_quo","Past",2021-02-13,"daily_hosps",140,140,140,163,151,198,198,198
"Utah","linear_increase_sd","Past",2021-02-13,"latent_trend",NA,NA,NA,0.62854169369923,NA,NA,NA,NA
"Utah","return_normal","Past",2021-02-13,"latent_trend",NA,NA,NA,0.62854169369923,NA,NA,NA,NA
"Utah","status_quo","Past",2021-02-13,"latent_trend",NA,NA,NA,0.62854169369923,NA,NA,NA,NA
"Utah","linear_increase_sd","Past",2021-02-13,"mobility_trend",NA,NA,NA,0.660005762727377,NA,NA,NA,NA
"Utah","return_normal","Past",2021-02-13,"mobility_trend",NA,NA,NA,0.660005762727377,NA,NA,NA,NA
"Utah","status_quo","Past",2021-02-13,"mobility_trend",NA,NA,NA,0.660005762727377,NA,NA,NA,NA
"Utah",NA,"Past",2021-02-14,"actual_cumulative_cases",NA,NA,NA,361294,NA,NA,NA,NA
"Utah",NA,"Past",2021-02-14,"actual_cumulative_deaths",NA,NA,NA,1799,NA,NA,NA,NA
"Utah",NA,"Past",2021-02-14,"actual_daily_cases",NA,NA,NA,710,NA,NA,NA,NA
"Utah",NA,"Past",2021-02-14,"actual_daily_deaths",NA,NA,NA,4,NA,NA,NA,NA
"Utah","linear_increase_sd","Past",2021-02-14,"combined_trend",NA,NA,NA,0.418181901027165,NA,NA,NA,NA
"Utah","return_normal","Past",2021-02-14,"combined_trend",NA,NA,NA,0.418181901027165,NA,NA,NA,NA
"Utah","status_quo","Past",2021-02-14,"combined_trend",NA,NA,NA,0.418181901027165,NA,NA,NA,NA
"Utah","linear_increase_sd","Past",2021-02-14,"cumulative_all_infections",976040,976040,976040,986649,988627,995278,995278,995278
"Utah","return_normal","Past",2021-02-14,"cumulative_all_infections",976040,976040,976040,986649,988627,995278,995278,995278
"Utah","status_quo","Past",2021-02-14,"cumulative_all_infections",976040,976040,976040,986649,988627,995278,995278,995278
"Utah","linear_increase_sd","Past",2021-02-14,"cumulative_cases",361588,361588,361588,364365,364718,366788,366788,366788
"Utah","return_normal","Past",2021-02-14,"cumulative_cases",361588,361588,361588,364365,364718,366788,366788,366788
"Utah","status_quo","Past",2021-02-14,"cumulative_cases",361588,361588,361588,364365,364718,366788,366788,366788
"Utah","linear_increase_sd","Past",2021-02-14,"cumulative_deaths",2226,2226,2226,2252,2259,2269,2269,2269
"Utah","return_normal","Past",2021-02-14,"cumulative_deaths",2226,2226,2226,2252,2259,2269,2269,2269
"Utah","status_quo","Past",2021-02-14,"cumulative_deaths",2226,2226,2226,2252,2259,2269,2269,2269
"Utah","linear_increase_sd","Past",2021-02-14,"cumulative_hosps",42493,42493,42493,42762,42513,43280,43280,43280
"Utah","return_normal","Past",2021-02-14,"cumulative_hosps",42493,42493,42493,42762,42513,43280,43280,43280
"Utah","status_quo","Past",2021-02-14,"cumulative_hosps",42493,42493,42493,42762,42513,43280,43280,43280
"Utah","linear_increase_sd","Past",2021-02-14,"daily_all_infections",1994,1994,1994,2357,2356,2721,2721,2721
"Utah","return_normal","Past",2021-02-14,"daily_all_infections",1994,1994,1994,2357,2356,2721,2721,2721
"Utah","status_quo","Past",2021-02-14,"daily_all_infections",1994,1994,1994,2357,2356,2721,2721,2721
"Utah","linear_increase_sd","Past",2021-02-14,"daily_cases",874,874,874,1085,1016,1365,1365,1365
"Utah","return_normal","Past",2021-02-14,"daily_cases",874,874,874,1085,1016,1365,1365,1365
"Utah","status_quo","Past",2021-02-14,"daily_cases",874,874,874,1085,1016,1365,1365,1365
"Utah","linear_increase_sd","Past",2021-02-14,"daily_deaths",6,6,6,7,7,8,8,8
"Utah","return_normal","Past",2021-02-14,"daily_deaths",6,6,6,7,7,8,8,8
"Utah","status_quo","Past",2021-02-14,"daily_deaths",6,6,6,7,7,8,8,8
"Utah","linear_increase_sd","Past",2021-02-14,"daily_hosps",135,135,135,157,141,194,194,194
"Utah","return_normal","Past",2021-02-14,"daily_hosps",135,135,135,157,141,194,194,194
"Utah","status_quo","Past",2021-02-14,"daily_hosps",135,135,135,157,141,194,194,194
"Utah","linear_increase_sd","Past",2021-02-14,"latent_trend",NA,NA,NA,0.630208765403625,NA,NA,NA,NA
"Utah","return_normal","Past",2021-02-14,"latent_trend",NA,NA,NA,0.630208765403625,NA,NA,NA,NA
"Utah","status_quo","Past",2021-02-14,"latent_trend",NA,NA,NA,0.630208765403625,NA,NA,NA,NA
"Utah","linear_increase_sd","Past",2021-02-14,"mobility_trend",NA,NA,NA,0.663560908676563,NA,NA,NA,NA
"Utah","return_normal","Past",2021-02-14,"mobility_trend",NA,NA,NA,0.663560908676563,NA,NA,NA,NA
"Utah","status_quo","Past",2021-02-14,"mobility_trend",NA,NA,NA,0.663560908676563,NA,NA,NA,NA
"Utah",NA,"Past",2021-02-15,"actual_cumulative_cases",NA,NA,NA,361756,NA,NA,NA,NA
"Utah",NA,"Past",2021-02-15,"actual_cumulative_deaths",NA,NA,NA,1801,NA,NA,NA,NA
"Utah",NA,"Past",2021-02-15,"actual_daily_cases",NA,NA,NA,462,NA,NA,NA,NA
"Utah",NA,"Past",2021-02-15,"actual_daily_deaths",NA,NA,NA,2,NA,NA,NA,NA
"Utah","linear_increase_sd","Past",2021-02-15,"combined_trend",NA,NA,NA,0.421559994238462,NA,NA,NA,NA
"Utah","return_normal","Past",2021-02-15,"combined_trend",NA,NA,NA,0.421559994238462,NA,NA,NA,NA
"Utah","status_quo","Past",2021-02-15,"combined_trend",NA,NA,NA,0.421559994238462,NA,NA,NA,NA
"Utah","linear_increase_sd","Past",2021-02-15,"cumulative_all_infections",977989,977989,977989,988942,991215,997622,997622,997622
"Utah","return_normal","Past",2021-02-15,"cumulative_all_infections",977989,977989,977989,988942,991215,997622,997622,997622
"Utah","status_quo","Past",2021-02-15,"cumulative_all_infections",977989,977989,977989,988942,991215,997622,997622,997622
"Utah","linear_increase_sd","Past",2021-02-15,"cumulative_cases",362474,362474,362474,365364,365876,367742,367742,367742
"Utah","return_normal","Past",2021-02-15,"cumulative_cases",362474,362474,362474,365364,365876,367742,367742,367742
"Utah","status_quo","Past",2021-02-15,"cumulative_cases",362474,362474,362474,365364,365876,367742,367742,367742
"Utah","linear_increase_sd","Past",2021-02-15,"cumulative_deaths",2233,2233,2233,2258,2267,2274,2274,2274
"Utah","return_normal","Past",2021-02-15,"cumulative_deaths",2233,2233,2233,2258,2267,2274,2274,2274
"Utah","status_quo","Past",2021-02-15,"cumulative_deaths",2233,2233,2233,2258,2267,2274,2274,2274
"Utah","linear_increase_sd","Past",2021-02-15,"cumulative_hosps",42631,42631,42631,42915,42701,43411,43411,43411
"Utah","return_normal","Past",2021-02-15,"cumulative_hosps",42631,42631,42631,42915,42701,43411,43411,43411
"Utah","status_quo","Past",2021-02-15,"cumulative_hosps",42631,42631,42631,42915,42701,43411,43411,43411
"Utah","linear_increase_sd","Past",2021-02-15,"daily_all_infections",1949,1949,1949,2294,2344,2588,2588,2588
"Utah","return_normal","Past",2021-02-15,"daily_all_infections",1949,1949,1949,2294,2344,2588,2588,2588
"Utah","status_quo","Past",2021-02-15,"daily_all_infections",1949,1949,1949,2294,2344,2588,2588,2588
"Utah","linear_increase_sd","Past",2021-02-15,"daily_cases",886,886,886,1000,954,1158,1158,1158
"Utah","return_normal","Past",2021-02-15,"daily_cases",886,886,886,1000,954,1158,1158,1158
"Utah","status_quo","Past",2021-02-15,"daily_cases",886,886,886,1000,954,1158,1158,1158
"Utah","linear_increase_sd","Past",2021-02-15,"daily_deaths",5,5,5,7,7,8,8,8
"Utah","return_normal","Past",2021-02-15,"daily_deaths",5,5,5,7,7,8,8,8
"Utah","status_quo","Past",2021-02-15,"daily_deaths",5,5,5,7,7,8,8,8
"Utah","linear_increase_sd","Past",2021-02-15,"daily_hosps",131,131,131,153,138,188,188,188
"Utah","return_normal","Past",2021-02-15,"daily_hosps",131,131,131,153,138,188,188,188
"Utah","status_quo","Past",2021-02-15,"daily_hosps",131,131,131,153,138,188,188,188
"Utah","linear_increase_sd","Past",2021-02-15,"latent_trend",NA,NA,NA,0.631706374499972,NA,NA,NA,NA
"Utah","return_normal","Past",2021-02-15,"latent_trend",NA,NA,NA,0.631706374499972,NA,NA,NA,NA
"Utah","status_quo","Past",2021-02-15,"latent_trend",NA,NA,NA,0.631706374499972,NA,NA,NA,NA
"Utah","linear_increase_sd","Past",2021-02-15,"mobility_trend",NA,NA,NA,0.667335349547721,NA,NA,NA,NA
"Utah","return_normal","Past",2021-02-15,"mobility_trend",NA,NA,NA,0.667335349547721,NA,NA,NA,NA
"Utah","status_quo","Past",2021-02-15,"mobility_trend",NA,NA,NA,0.667335349547721,NA,NA,NA,NA
"Utah",NA,"Past",2021-02-16,"actual_cumulative_cases",NA,NA,NA,362347,NA,NA,NA,NA
"Utah",NA,"Past",2021-02-16,"actual_cumulative_deaths",NA,NA,NA,1802,NA,NA,NA,NA
"Utah",NA,"Past",2021-02-16,"actual_daily_cases",NA,NA,NA,591,NA,NA,NA,NA
"Utah",NA,"Past",2021-02-16,"actual_daily_deaths",NA,NA,NA,1,NA,NA,NA,NA
"Utah","linear_increase_sd","Past",2021-02-16,"combined_trend",NA,NA,NA,0.424958651239347,NA,NA,NA,NA
"Utah","return_normal","Past",2021-02-16,"combined_trend",NA,NA,NA,0.424958651239347,NA,NA,NA,NA
"Utah","status_quo","Past",2021-02-16,"combined_trend",NA,NA,NA,0.424958651239347,NA,NA,NA,NA
"Utah","linear_increase_sd","Past",2021-02-16,"cumulative_all_infections",979900,979900,979900,991175,993682,999941,999941,999941
"Utah","return_normal","Past",2021-02-16,"cumulative_all_infections",979900,979900,979900,991175,993682,999941,999941,999941
"Utah","status_quo","Past",2021-02-16,"cumulative_all_infections",979900,979900,979900,991175,993682,999941,999941,999941
"Utah","linear_increase_sd","Past",2021-02-16,"cumulative_cases",363383,363383,363383,366409,367171,368671,368671,368671
"Utah","return_normal","Past",2021-02-16,"cumulative_cases",363383,363383,363383,366409,367171,368671,368671,368671
"Utah","status_quo","Past",2021-02-16,"cumulative_cases",363383,363383,363383,366409,367171,368671,368671,368671
"Utah","linear_increase_sd","Past",2021-02-16,"cumulative_deaths",2241,2241,2241,2266,2274,2281,2281,2281
"Utah","return_normal","Past",2021-02-16,"cumulative_deaths",2241,2241,2241,2266,2274,2281,2281,2281
"Utah","status_quo","Past",2021-02-16,"cumulative_deaths",2241,2241,2241,2266,2274,2281,2281,2281
"Utah","linear_increase_sd","Past",2021-02-16,"cumulative_hosps",42761,42761,42761,43061,42883,43539,43539,43539
"Utah","return_normal","Past",2021-02-16,"cumulative_hosps",42761,42761,42761,43061,42883,43539,43539,43539
"Utah","status_quo","Past",2021-02-16,"cumulative_hosps",42761,42761,42761,43061,42883,43539,43539,43539
"Utah","linear_increase_sd","Past",2021-02-16,"daily_all_infections",1911,1911,1911,2233,2319,2467,2467,2467
"Utah","return_normal","Past",2021-02-16,"daily_all_infections",1911,1911,1911,2233,2319,2467,2467,2467
"Utah","status_quo","Past",2021-02-16,"daily_all_infections",1911,1911,1911,2233,2319,2467,2467,2467
"Utah","linear_increase_sd","Past",2021-02-16,"daily_cases",909,909,909,1045,929,1295,1295,1295
"Utah","return_normal","Past",2021-02-16,"daily_cases",909,909,909,1045,929,1295,1295,1295
"Utah","status_quo","Past",2021-02-16,"daily_cases",909,909,909,1045,929,1295,1295,1295
"Utah","linear_increase_sd","Past",2021-02-16,"daily_deaths",7,7,7,8,7,8,8,8
"Utah","return_normal","Past",2021-02-16,"daily_deaths",7,7,7,8,7,8,8,8
"Utah","status_quo","Past",2021-02-16,"daily_deaths",7,7,7,8,7,8,8,8
"Utah","linear_increase_sd","Past",2021-02-16,"daily_hosps",128,128,128,147,130,182,182,182
"Utah","return_normal","Past",2021-02-16,"daily_hosps",128,128,128,147,130,182,182,182
"Utah","status_quo","Past",2021-02-16,"daily_hosps",128,128,128,147,130,182,182,182
"Utah","linear_increase_sd","Past",2021-02-16,"latent_trend",NA,NA,NA,0.632983071669104,NA,NA,NA,NA
"Utah","return_normal","Past",2021-02-16,"latent_trend",NA,NA,NA,0.632983071669104,NA,NA,NA,NA
"Utah","status_quo","Past",2021-02-16,"latent_trend",NA,NA,NA,0.632983071669104,NA,NA,NA,NA
"Utah","linear_increase_sd","Past",2021-02-16,"mobility_trend",NA,NA,NA,0.671358635419395,NA,NA,NA,NA
"Utah","return_normal","Past",2021-02-16,"mobility_trend",NA,NA,NA,0.671358635419395,NA,NA,NA,NA
"Utah","status_quo","Past",2021-02-16,"mobility_trend",NA,NA,NA,0.671358635419395,NA,NA,NA,NA
"Utah",NA,"Past",2021-02-17,"actual_cumulative_cases",NA,NA,NA,363248,NA,NA,NA,NA
"Utah",NA,"Past",2021-02-17,"actual_cumulative_deaths",NA,NA,NA,1811,NA,NA,NA,NA
"Utah",NA,"Past",2021-02-17,"actual_daily_cases",NA,NA,NA,901,NA,NA,NA,NA
"Utah",NA,"Past",2021-02-17,"actual_daily_deaths",NA,NA,NA,9,NA,NA,NA,NA
"Utah","linear_increase_sd","Past",2021-02-17,"combined_trend",NA,NA,NA,0.428359284245427,NA,NA,NA,NA
"Utah","return_normal","Past",2021-02-17,"combined_trend",NA,NA,NA,0.428359284245427,NA,NA,NA,NA
"Utah","status_quo","Past",2021-02-17,"combined_trend",NA,NA,NA,0.428359284245427,NA,NA,NA,NA
"Utah","linear_increase_sd","Past",2021-02-17,"cumulative_all_infections",981772,981772,981772,993351,996029,1002251,1002251,1002251
"Utah","return_normal","Past",2021-02-17,"cumulative_all_infections",981772,981772,981772,993351,996029,1002251,1002251,1002251
"Utah","status_quo","Past",2021-02-17,"cumulative_all_infections",981772,981772,981772,993351,996029,1002251,1002251,1002251
"Utah","linear_increase_sd","Past",2021-02-17,"cumulative_cases",364187,364187,364187,367375,368348,369589,369589,369589
"Utah","return_normal","Past",2021-02-17,"cumulative_cases",364187,364187,364187,367375,368348,369589,369589,369589
"Utah","status_quo","Past",2021-02-17,"cumulative_cases",364187,364187,364187,367375,368348,369589,369589,369589
"Utah","linear_increase_sd","Past",2021-02-17,"cumulative_deaths",2248,2248,2248,2273,2283,2286,2286,2286
"Utah","return_normal","Past",2021-02-17,"cumulative_deaths",2248,2248,2248,2273,2283,2286,2286,2286
"Utah","status_quo","Past",2021-02-17,"cumulative_deaths",2248,2248,2248,2273,2283,2286,2286,2286
"Utah","linear_increase_sd","Past",2021-02-17,"cumulative_hosps",42887,42887,42887,43204,43059,43664,43664,43664
"Utah","return_normal","Past",2021-02-17,"cumulative_hosps",42887,42887,42887,43204,43059,43664,43664,43664
"Utah","status_quo","Past",2021-02-17,"cumulative_hosps",42887,42887,42887,43204,43059,43664,43664,43664
"Utah","linear_increase_sd","Past",2021-02-17,"daily_all_infections",1872,1872,1872,2177,2310,2347,2347,2347
"Utah","return_normal","Past",2021-02-17,"daily_all_infections",1872,1872,1872,2177,2310,2347,2347,2347
"Utah","status_quo","Past",2021-02-17,"daily_all_infections",1872,1872,1872,2177,2310,2347,2347,2347
"Utah","linear_increase_sd","Past",2021-02-17,"daily_cases",804,804,804,967,918,1177,1177,1177
"Utah","return_normal","Past",2021-02-17,"daily_cases",804,804,804,967,918,1177,1177,1177
"Utah","status_quo","Past",2021-02-17,"daily_cases",804,804,804,967,918,1177,1177,1177
"Utah","linear_increase_sd","Past",2021-02-17,"daily_deaths",5,5,5,7,7,9,9,9
"Utah","return_normal","Past",2021-02-17,"daily_deaths",5,5,5,7,7,9,9,9
"Utah","status_quo","Past",2021-02-17,"daily_deaths",5,5,5,7,7,9,9,9
"Utah","linear_increase_sd","Past",2021-02-17,"daily_hosps",125,125,125,143,126,176,176,176
"Utah","return_normal","Past",2021-02-17,"daily_hosps",125,125,125,143,126,176,176,176
"Utah","status_quo","Past",2021-02-17,"daily_hosps",125,125,125,143,126,176,176,176
"Utah","linear_increase_sd","Past",2021-02-17,"latent_trend",NA,NA,NA,0.633987588675705,NA,NA,NA,NA
"Utah","return_normal","Past",2021-02-17,"latent_trend",NA,NA,NA,0.633987588675705,NA,NA,NA,NA
"Utah","status_quo","Past",2021-02-17,"latent_trend",NA,NA,NA,0.633987588675705,NA,NA,NA,NA
"Utah","linear_increase_sd","Past",2021-02-17,"mobility_trend",NA,NA,NA,0.67565878559263,NA,NA,NA,NA
"Utah","return_normal","Past",2021-02-17,"mobility_trend",NA,NA,NA,0.67565878559263,NA,NA,NA,NA
"Utah","status_quo","Past",2021-02-17,"mobility_trend",NA,NA,NA,0.67565878559263,NA,NA,NA,NA
"Utah",NA,"Past",2021-02-18,"actual_cumulative_cases",NA,NA,NA,364399,NA,NA,NA,NA
"Utah",NA,"Past",2021-02-18,"actual_cumulative_deaths",NA,NA,NA,1818,NA,NA,NA,NA
"Utah",NA,"Past",2021-02-18,"actual_daily_cases",NA,NA,NA,1151,NA,NA,NA,NA
"Utah",NA,"Past",2021-02-18,"actual_daily_deaths",NA,NA,NA,7,NA,NA,NA,NA
"Utah","linear_increase_sd","Past",2021-02-18,"combined_trend",NA,NA,NA,0.431738261236238,NA,NA,NA,NA
"Utah","return_normal","Past",2021-02-18,"combined_trend",NA,NA,NA,0.431738261236238,NA,NA,NA,NA
"Utah","status_quo","Past",2021-02-18,"combined_trend",NA,NA,NA,0.431738261236238,NA,NA,NA,NA
"Utah","linear_increase_sd","Past",2021-02-18,"cumulative_all_infections",983612,983612,983612,995476,998276,1004538,1004538,1004538
"Utah","return_normal","Past",2021-02-18,"cumulative_all_infections",983612,983612,983612,995476,998276,1004538,1004538,1004538
"Utah","status_quo","Past",2021-02-18,"cumulative_all_infections",983612,983612,983612,995476,998276,1004538,1004538,1004538
"Utah","linear_increase_sd","Past",2021-02-18,"cumulative_cases",365008,365008,365008,368328,369489,370485,370485,370485
"Utah","return_normal","Past",2021-02-18,"cumulative_cases",365008,365008,365008,368328,369489,370485,370485,370485
"Utah","status_quo","Past",2021-02-18,"cumulative_cases",365008,365008,365008,368328,369489,370485,370485,370485
"Utah","linear_increase_sd","Past",2021-02-18,"cumulative_deaths",2254,2254,2254,2279,2290,2292,2292,2292
"Utah","return_normal","Past",2021-02-18,"cumulative_deaths",2254,2254,2254,2279,2290,2292,2292,2292
"Utah","status_quo","Past",2021-02-18,"cumulative_deaths",2254,2254,2254,2279,2290,2292,2292,2292
"Utah","linear_increase_sd","Past",2021-02-18,"cumulative_hosps",43008,43008,43008,43342,43232,43786,43786,43786
"Utah","return_normal","Past",2021-02-18,"cumulative_hosps",43008,43008,43008,43342,43232,43786,43786,43786
"Utah","status_quo","Past",2021-02-18,"cumulative_hosps",43008,43008,43008,43342,43232,43786,43786,43786
"Utah","linear_increase_sd","Past",2021-02-18,"daily_all_infections",1840,1840,1840,2125,2247,2287,2287,2287
"Utah","return_normal","Past",2021-02-18,"daily_all_infections",1840,1840,1840,2125,2247,2287,2287,2287
"Utah","status_quo","Past",2021-02-18,"daily_all_infections",1840,1840,1840,2125,2247,2287,2287,2287
"Utah","linear_increase_sd","Past",2021-02-18,"daily_cases",821,821,821,953,896,1141,1141,1141
"Utah","return_normal","Past",2021-02-18,"daily_cases",821,821,821,953,896,1141,1141,1141
"Utah","status_quo","Past",2021-02-18,"daily_cases",821,821,821,953,896,1141,1141,1141
"Utah","linear_increase_sd","Past",2021-02-18,"daily_deaths",6,6,6,7,6,7,7,7
"Utah","return_normal","Past",2021-02-18,"daily_deaths",6,6,6,7,6,7,7,7
"Utah","status_quo","Past",2021-02-18,"daily_deaths",6,6,6,7,6,7,7,7
"Utah","linear_increase_sd","Past",2021-02-18,"daily_hosps",121,121,121,139,122,173,173,173
"Utah","return_normal","Past",2021-02-18,"daily_hosps",121,121,121,139,122,173,173,173
"Utah","status_quo","Past",2021-02-18,"daily_hosps",121,121,121,139,122,173,173,173
"Utah","linear_increase_sd","Past",2021-02-18,"latent_trend",NA,NA,NA,0.63466869042552,NA,NA,NA,NA
"Utah","return_normal","Past",2021-02-18,"latent_trend",NA,NA,NA,0.63466869042552,NA,NA,NA,NA
"Utah","status_quo","Past",2021-02-18,"latent_trend",NA,NA,NA,0.63466869042552,NA,NA,NA,NA
"Utah","linear_increase_sd","Past",2021-02-18,"mobility_trend",NA,NA,NA,0.68025769625846,NA,NA,NA,NA
"Utah","return_normal","Past",2021-02-18,"mobility_trend",NA,NA,NA,0.68025769625846,NA,NA,NA,NA
"Utah","status_quo","Past",2021-02-18,"mobility_trend",NA,NA,NA,0.68025769625846,NA,NA,NA,NA
"Utah",NA,"Past",2021-02-19,"actual_cumulative_cases",NA,NA,NA,365256,NA,NA,NA,NA
"Utah",NA,"Past",2021-02-19,"actual_cumulative_deaths",NA,NA,NA,1839,NA,NA,NA,NA
"Utah",NA,"Past",2021-02-19,"actual_daily_cases",NA,NA,NA,857,NA,NA,NA,NA
"Utah",NA,"Past",2021-02-19,"actual_daily_deaths",NA,NA,NA,21,NA,NA,NA,NA
"Utah","linear_increase_sd","Past",2021-02-19,"combined_trend",NA,NA,NA,0.435069454966178,NA,NA,NA,NA
"Utah","return_normal","Past",2021-02-19,"combined_trend",NA,NA,NA,0.435069454966178,NA,NA,NA,NA
"Utah","status_quo","Past",2021-02-19,"combined_trend",NA,NA,NA,0.435069454966178,NA,NA,NA,NA
"Utah","linear_increase_sd","Past",2021-02-19,"cumulative_all_infections",985421,985421,985421,997550,1000409,1006818,1006818,1006818
"Utah","return_normal","Past",2021-02-19,"cumulative_all_infections",985421,985421,985421,997550,1000409,1006818,1006818,1006818
"Utah","status_quo","Past",2021-02-19,"cumulative_all_infections",985421,985421,985421,997550,1000409,1006818,1006818,1006818
"Utah","linear_increase_sd","Past",2021-02-19,"cumulative_cases",365836,365836,365836,369288,370646,371382,371382,371382
"Utah","return_normal","Past",2021-02-19,"cumulative_cases",365836,365836,365836,369288,370646,371382,371382,371382
"Utah","status_quo","Past",2021-02-19,"cumulative_cases",365836,365836,365836,369288,370646,371382,371382,371382
"Utah","linear_increase_sd","Past",2021-02-19,"cumulative_deaths",2260,2260,2260,2285,2297,2297,2297,2297
"Utah","return_normal","Past",2021-02-19,"cumulative_deaths",2260,2260,2260,2285,2297,2297,2297,2297
"Utah","status_quo","Past",2021-02-19,"cumulative_deaths",2260,2260,2260,2285,2297,2297,2297,2297
"Utah","linear_increase_sd","Past",2021-02-19,"cumulative_hosps",43124,43124,43124,43477,43398,43909,43909,43909
"Utah","return_normal","Past",2021-02-19,"cumulative_hosps",43124,43124,43124,43477,43398,43909,43909,43909
"Utah","status_quo","Past",2021-02-19,"cumulative_hosps",43124,43124,43124,43477,43398,43909,43909,43909
"Utah","linear_increase_sd","Past",2021-02-19,"daily_all_infections",1809,1809,1809,2074,2133,2280,2280,2280
"Utah","return_normal","Past",2021-02-19,"daily_all_infections",1809,1809,1809,2074,2133,2280,2280,2280
"Utah","status_quo","Past",2021-02-19,"daily_all_infections",1809,1809,1809,2074,2133,2280,2280,2280
"Utah","linear_increase_sd","Past",2021-02-19,"daily_cases",828,828,828,961,897,1157,1157,1157
"Utah","return_normal","Past",2021-02-19,"daily_cases",828,828,828,961,897,1157,1157,1157
"Utah","status_quo","Past",2021-02-19,"daily_cases",828,828,828,961,897,1157,1157,1157
"Utah","linear_increase_sd","Past",2021-02-19,"daily_deaths",5,5,5,6,6,7,7,7
"Utah","return_normal","Past",2021-02-19,"daily_deaths",5,5,5,6,6,7,7,7
"Utah","status_quo","Past",2021-02-19,"daily_deaths",5,5,5,6,6,7,7,7
"Utah","linear_increase_sd","Past",2021-02-19,"daily_hosps",116,116,116,135,123,166,166,166
"Utah","return_normal","Past",2021-02-19,"daily_hosps",116,116,116,135,123,166,166,166
"Utah","status_quo","Past",2021-02-19,"daily_hosps",116,116,116,135,123,166,166,166
"Utah","linear_increase_sd","Past",2021-02-19,"latent_trend",NA,NA,NA,0.634974991260905,NA,NA,NA,NA
"Utah","return_normal","Past",2021-02-19,"latent_trend",NA,NA,NA,0.634974991260905,NA,NA,NA,NA
"Utah","status_quo","Past",2021-02-19,"latent_trend",NA,NA,NA,0.634974991260905,NA,NA,NA,NA
"Utah","linear_increase_sd","Past",2021-02-19,"mobility_trend",NA,NA,NA,0.685175732830417,NA,NA,NA,NA
"Utah","return_normal","Past",2021-02-19,"mobility_trend",NA,NA,NA,0.685175732830417,NA,NA,NA,NA
"Utah","status_quo","Past",2021-02-19,"mobility_trend",NA,NA,NA,0.685175732830417,NA,NA,NA,NA
"Utah",NA,"Past",2021-02-20,"actual_cumulative_cases",NA,NA,NA,366034,NA,NA,NA,NA
"Utah",NA,"Past",2021-02-20,"actual_cumulative_deaths",NA,NA,NA,1847,NA,NA,NA,NA
"Utah",NA,"Past",2021-02-20,"actual_daily_cases",NA,NA,NA,778,NA,NA,NA,NA
"Utah",NA,"Past",2021-02-20,"actual_daily_deaths",NA,NA,NA,8,NA,NA,NA,NA
"Utah","linear_increase_sd","Past",2021-02-20,"combined_trend",NA,NA,NA,0.43832482664542,NA,NA,NA,NA
"Utah","return_normal","Past",2021-02-20,"combined_trend",NA,NA,NA,0.43832482664542,NA,NA,NA,NA
"Utah","status_quo","Past",2021-02-20,"combined_trend",NA,NA,NA,0.43832482664542,NA,NA,NA,NA
"Utah","linear_increase_sd","Past",2021-02-20,"cumulative_all_infections",987213,987213,987213,999590,1002453,1009102,1009102,1009102
"Utah","return_normal","Past",2021-02-20,"cumulative_all_infections",987213,987213,987213,999590,1002453,1009102,1009102,1009102
"Utah","status_quo","Past",2021-02-20,"cumulative_all_infections",987213,987213,987213,999590,1002453,1009102,1009102,1009102
"Utah","linear_increase_sd","Past",2021-02-20,"cumulative_cases",366644,366644,366644,370200,371697,372258,372258,372258
"Utah","return_normal","Past",2021-02-20,"cumulative_cases",366644,366644,366644,370200,371697,372258,372258,372258
"Utah","status_quo","Past",2021-02-20,"cumulative_cases",366644,366644,366644,370200,371697,372258,372258,372258
"Utah","linear_increase_sd","Past",2021-02-20,"cumulative_deaths",2266,2266,2266,2292,2303,2305,2305,2305
"Utah","return_normal","Past",2021-02-20,"cumulative_deaths",2266,2266,2266,2292,2303,2305,2305,2305
"Utah","status_quo","Past",2021-02-20,"cumulative_deaths",2266,2266,2266,2292,2303,2305,2305,2305
"Utah","linear_increase_sd","Past",2021-02-20,"cumulative_hosps",43239,43239,43239,43608,43559,44026,44026,44026
"Utah","return_normal","Past",2021-02-20,"cumulative_hosps",43239,43239,43239,43608,43559,44026,44026,44026
"Utah","status_quo","Past",2021-02-20,"cumulative_hosps",43239,43239,43239,43608,43559,44026,44026,44026
"Utah","linear_increase_sd","Past",2021-02-20,"daily_all_infections",1792,1792,1792,2040,2044,2284,2284,2284
"Utah","return_normal","Past",2021-02-20,"daily_all_infections",1792,1792,1792,2040,2044,2284,2284,2284
"Utah","status_quo","Past",2021-02-20,"daily_all_infections",1792,1792,1792,2040,2044,2284,2284,2284
"Utah","linear_increase_sd","Past",2021-02-20,"daily_cases",808,808,808,912,876,1051,1051,1051
"Utah","return_normal","Past",2021-02-20,"daily_cases",808,808,808,912,876,1051,1051,1051
"Utah","status_quo","Past",2021-02-20,"daily_cases",808,808,808,912,876,1051,1051,1051
"Utah","linear_increase_sd","Past",2021-02-20,"daily_deaths",6,6,6,7,6,8,8,8
"Utah","return_normal","Past",2021-02-20,"daily_deaths",6,6,6,7,6,8,8,8
"Utah","status_quo","Past",2021-02-20,"daily_deaths",6,6,6,7,6,8,8,8
"Utah","linear_increase_sd","Past",2021-02-20,"daily_hosps",115,115,115,131,117,161,161,161
"Utah","return_normal","Past",2021-02-20,"daily_hosps",115,115,115,131,117,161,161,161
"Utah","status_quo","Past",2021-02-20,"daily_hosps",115,115,115,131,117,161,161,161
"Utah","linear_increase_sd","Past",2021-02-20,"latent_trend",NA,NA,NA,0.63485473771503,NA,NA,NA,NA
"Utah","return_normal","Past",2021-02-20,"latent_trend",NA,NA,NA,0.63485473771503,NA,NA,NA,NA
"Utah","status_quo","Past",2021-02-20,"latent_trend",NA,NA,NA,0.63485473771503,NA,NA,NA,NA
"Utah","linear_increase_sd","Past",2021-02-20,"mobility_trend",NA,NA,NA,0.690433260722035,NA,NA,NA,NA
"Utah","return_normal","Past",2021-02-20,"mobility_trend",NA,NA,NA,0.690433260722035,NA,NA,NA,NA
"Utah","status_quo","Past",2021-02-20,"mobility_trend",NA,NA,NA,0.690433260722035,NA,NA,NA,NA
"Utah",NA,"Past",2021-02-21,"actual_cumulative_cases",NA,NA,NA,366735,NA,NA,NA,NA
"Utah",NA,"Past",2021-02-21,"actual_cumulative_deaths",NA,NA,NA,1857,NA,NA,NA,NA
"Utah",NA,"Past",2021-02-21,"actual_daily_cases",NA,NA,NA,701,NA,NA,NA,NA
"Utah",NA,"Past",2021-02-21,"actual_daily_deaths",NA,NA,NA,10,NA,NA,NA,NA
"Utah","linear_increase_sd","Past",2021-02-21,"combined_trend",NA,NA,NA,0.441471803053051,NA,NA,NA,NA
"Utah","return_normal","Past",2021-02-21,"combined_trend",NA,NA,NA,0.441471803053051,NA,NA,NA,NA
"Utah","status_quo","Past",2021-02-21,"combined_trend",NA,NA,NA,0.441471803053051,NA,NA,NA,NA
"Utah","linear_increase_sd","Past",2021-02-21,"cumulative_all_infections",988977,988977,988977,1001582,1004397,1011370,1011370,1011370
"Utah","return_normal","Past",2021-02-21,"cumulative_all_infections",988977,988977,988977,1001582,1004397,1011370,1011370,1011370
"Utah","status_quo","Past",2021-02-21,"cumulative_all_infections",988977,988977,988977,1001582,1004397,1011370,1011370,1011370
"Utah","linear_increase_sd","Past",2021-02-21,"cumulative_cases",367411,367411,367411,371097,372675,373203,373203,373203
"Utah","return_normal","Past",2021-02-21,"cumulative_cases",367411,367411,367411,371097,372675,373203,373203,373203
"Utah","status_quo","Past",2021-02-21,"cumulative_cases",367411,367411,367411,371097,372675,373203,373203,373203
"Utah","linear_increase_sd","Past",2021-02-21,"cumulative_deaths",2271,2271,2271,2298,2308,2313,2313,2313
"Utah","return_normal","Past",2021-02-21,"cumulative_deaths",2271,2271,2271,2298,2308,2313,2313,2313
"Utah","status_quo","Past",2021-02-21,"cumulative_deaths",2271,2271,2271,2298,2308,2313,2313,2313
"Utah","linear_increase_sd","Past",2021-02-21,"cumulative_hosps",43346,43346,43346,43734,43712,44143,44143,44143
"Utah","return_normal","Past",2021-02-21,"cumulative_hosps",43346,43346,43346,43734,43712,44143,44143,44143
"Utah","status_quo","Past",2021-02-21,"cumulative_hosps",43346,43346,43346,43734,43712,44143,44143,44143
"Utah","linear_increase_sd","Past",2021-02-21,"daily_all_infections",1764,1764,1764,1992,1944,2268,2268,2268
"Utah","return_normal","Past",2021-02-21,"daily_all_infections",1764,1764,1764,1992,1944,2268,2268,2268
"Utah","status_quo","Past",2021-02-21,"daily_all_infections",1764,1764,1764,1992,1944,2268,2268,2268
"Utah","linear_increase_sd","Past",2021-02-21,"daily_cases",767,767,767,897,945,978,978,978
"Utah","return_normal","Past",2021-02-21,"daily_cases",767,767,767,897,945,978,978,978
"Utah","status_quo","Past",2021-02-21,"daily_cases",767,767,767,897,945,978,978,978
"Utah","linear_increase_sd","Past",2021-02-21,"daily_deaths",5,5,5,6,5,8,8,8
"Utah","return_normal","Past",2021-02-21,"daily_deaths",5,5,5,6,5,8,8,8
"Utah","status_quo","Past",2021-02-21,"daily_deaths",5,5,5,6,5,8,8,8
"Utah","linear_increase_sd","Past",2021-02-21,"daily_hosps",107,107,107,126,117,153,153,153
"Utah","return_normal","Past",2021-02-21,"daily_hosps",107,107,107,126,117,153,153,153
"Utah","status_quo","Past",2021-02-21,"daily_hosps",107,107,107,126,117,153,153,153
"Utah","linear_increase_sd","Past",2021-02-21,"latent_trend",NA,NA,NA,0.634255561672781,NA,NA,NA,NA
"Utah","return_normal","Past",2021-02-21,"latent_trend",NA,NA,NA,0.634255561672781,NA,NA,NA,NA
"Utah","status_quo","Past",2021-02-21,"latent_trend",NA,NA,NA,0.634255561672781,NA,NA,NA,NA
"Utah","linear_increase_sd","Past",2021-02-21,"mobility_trend",NA,NA,NA,0.69604719253658,NA,NA,NA,NA
"Utah","return_normal","Past",2021-02-21,"mobility_trend",NA,NA,NA,0.69604719253658,NA,NA,NA,NA
"Utah","status_quo","Past",2021-02-21,"mobility_trend",NA,NA,NA,0.69604719253658,NA,NA,NA,NA
"Utah",NA,"Past",2021-02-22,"actual_cumulative_cases",NA,NA,NA,367073,NA,NA,NA,NA
"Utah",NA,"Past",2021-02-22,"actual_cumulative_deaths",NA,NA,NA,1858,NA,NA,NA,NA
"Utah",NA,"Past",2021-02-22,"actual_daily_cases",NA,NA,NA,338,NA,NA,NA,NA
"Utah",NA,"Past",2021-02-22,"actual_daily_deaths",NA,NA,NA,1,NA,NA,NA,NA
"Utah","linear_increase_sd","Past",2021-02-22,"combined_trend",NA,NA,NA,0.444466256513174,NA,NA,NA,NA
"Utah","return_normal","Past",2021-02-22,"combined_trend",NA,NA,NA,0.444466256513174,NA,NA,NA,NA
"Utah","status_quo","Past",2021-02-22,"combined_trend",NA,NA,NA,0.444466256513174,NA,NA,NA,NA
"Utah","linear_increase_sd","Past",2021-02-22,"cumulative_all_infections",990723,990723,990723,1003532,1006248,1013625,1013625,1013625
"Utah","return_normal","Past",2021-02-22,"cumulative_all_infections",990723,990723,990723,1003532,1006248,1013625,1013625,1013625
"Utah","status_quo","Past",2021-02-22,"cumulative_all_infections",990723,990723,990723,1003532,1006248,1013625,1013625,1013625
"Utah","linear_increase_sd","Past",2021-02-22,"cumulative_cases",368161,368161,368161,372008,373712,374151,374151,374151
"Utah","return_normal","Past",2021-02-22,"cumulative_cases",368161,368161,368161,372008,373712,374151,374151,374151
"Utah","status_quo","Past",2021-02-22,"cumulative_cases",368161,368161,368161,372008,373712,374151,374151,374151
"Utah","linear_increase_sd","Past",2021-02-22,"cumulative_deaths",2276,2276,2276,2303,2312,2319,2319,2319
"Utah","return_normal","Past",2021-02-22,"cumulative_deaths",2276,2276,2276,2303,2312,2319,2319,2319
"Utah","status_quo","Past",2021-02-22,"cumulative_deaths",2276,2276,2276,2303,2312,2319,2319,2319
"Utah","linear_increase_sd","Past",2021-02-22,"cumulative_hosps",43449,43449,43449,43856,43862,44257,44257,44257
"Utah","return_normal","Past",2021-02-22,"cumulative_hosps",43449,43449,43449,43856,43862,44257,44257,44257
"Utah","status_quo","Past",2021-02-22,"cumulative_hosps",43449,43449,43449,43856,43862,44257,44257,44257
"Utah","linear_increase_sd","Past",2021-02-22,"daily_all_infections",1746,1746,1746,1951,1851,2255,2255,2255
"Utah","return_normal","Past",2021-02-22,"daily_all_infections",1746,1746,1746,1951,1851,2255,2255,2255
"Utah","status_quo","Past",2021-02-22,"daily_all_infections",1746,1746,1746,1951,1851,2255,2255,2255
"Utah","linear_increase_sd","Past",2021-02-22,"daily_cases",750,750,750,912,948,1037,1037,1037
"Utah","return_normal","Past",2021-02-22,"daily_cases",750,750,750,912,948,1037,1037,1037
"Utah","status_quo","Past",2021-02-22,"daily_cases",750,750,750,912,948,1037,1037,1037
"Utah","linear_increase_sd","Past",2021-02-22,"daily_deaths",4,4,4,5,5,6,6,6
"Utah","return_normal","Past",2021-02-22,"daily_deaths",4,4,4,5,5,6,6,6
"Utah","status_quo","Past",2021-02-22,"daily_deaths",4,4,4,5,5,6,6,6
"Utah","linear_increase_sd","Past",2021-02-22,"daily_hosps",103,103,103,123,114,150,150,150
"Utah","return_normal","Past",2021-02-22,"daily_hosps",103,103,103,123,114,150,150,150
"Utah","status_quo","Past",2021-02-22,"daily_hosps",103,103,103,123,114,150,150,150
"Utah","linear_increase_sd","Past",2021-02-22,"latent_trend",NA,NA,NA,0.633124209958711,NA,NA,NA,NA
"Utah","return_normal","Past",2021-02-22,"latent_trend",NA,NA,NA,0.633124209958711,NA,NA,NA,NA
"Utah","status_quo","Past",2021-02-22,"latent_trend",NA,NA,NA,0.633124209958711,NA,NA,NA,NA
"Utah","linear_increase_sd","Past",2021-02-22,"mobility_trend",NA,NA,NA,0.70202062963626,NA,NA,NA,NA
"Utah","return_normal","Past",2021-02-22,"mobility_trend",NA,NA,NA,0.70202062963626,NA,NA,NA,NA
"Utah","status_quo","Past",2021-02-22,"mobility_trend",NA,NA,NA,0.70202062963626,NA,NA,NA,NA
"Utah",NA,"Past",2021-02-23,"actual_cumulative_cases",NA,NA,NA,367789,NA,NA,NA,NA
"Utah",NA,"Past",2021-02-23,"actual_cumulative_deaths",NA,NA,NA,1870,NA,NA,NA,NA
"Utah",NA,"Past",2021-02-23,"actual_daily_cases",NA,NA,NA,716,NA,NA,NA,NA
"Utah",NA,"Past",2021-02-23,"actual_daily_deaths",NA,NA,NA,12,NA,NA,NA,NA
"Utah","linear_increase_sd","Past",2021-02-23,"combined_trend",NA,NA,NA,0.447258656964939,NA,NA,NA,NA
"Utah","return_normal","Past",2021-02-23,"combined_trend",NA,NA,NA,0.447258656964939,NA,NA,NA,NA
"Utah","status_quo","Past",2021-02-23,"combined_trend",NA,NA,NA,0.447258656964939,NA,NA,NA,NA
"Utah","linear_increase_sd","Past",2021-02-23,"cumulative_all_infections",992455,992455,992455,1005450,1008037,1015858,1015858,1015858
"Utah","return_normal","Past",2021-02-23,"cumulative_all_infections",992455,992455,992455,1005450,1008037,1015858,1015858,1015858
"Utah","status_quo","Past",2021-02-23,"cumulative_all_infections",992455,992455,992455,1005450,1008037,1015858,1015858,1015858
"Utah","linear_increase_sd","Past",2021-02-23,"cumulative_cases",368792,368792,368792,372867,374712,375097,375097,375097
"Utah","return_normal","Past",2021-02-23,"cumulative_cases",368792,368792,368792,372867,374712,375097,375097,375097
"Utah","status_quo","Past",2021-02-23,"cumulative_cases",368792,368792,368792,372867,374712,375097,375097,375097
"Utah","linear_increase_sd","Past",2021-02-23,"cumulative_deaths",2281,2281,2281,2308,2317,2325,2325,2325
"Utah","return_normal","Past",2021-02-23,"cumulative_deaths",2281,2281,2281,2308,2317,2325,2325,2325
"Utah","status_quo","Past",2021-02-23,"cumulative_deaths",2281,2281,2281,2308,2317,2325,2325,2325
"Utah","linear_increase_sd","Past",2021-02-23,"cumulative_hosps",43550,43550,43550,43977,44009,44372,44372,44372
"Utah","return_normal","Past",2021-02-23,"cumulative_hosps",43550,43550,43550,43977,44009,44372,44372,44372
"Utah","status_quo","Past",2021-02-23,"cumulative_hosps",43550,43550,43550,43977,44009,44372,44372,44372
"Utah","linear_increase_sd","Past",2021-02-23,"daily_all_infections",1732,1732,1732,1918,1789,2233,2233,2233
"Utah","return_normal","Past",2021-02-23,"daily_all_infections",1732,1732,1732,1918,1789,2233,2233,2233
"Utah","status_quo","Past",2021-02-23,"daily_all_infections",1732,1732,1732,1918,1789,2233,2233,2233
"Utah","linear_increase_sd","Past",2021-02-23,"daily_cases",631,631,631,859,946,1000,1000,1000
"Utah","return_normal","Past",2021-02-23,"daily_cases",631,631,631,859,946,1000,1000,1000
"Utah","status_quo","Past",2021-02-23,"daily_cases",631,631,631,859,946,1000,1000,1000
"Utah","linear_increase_sd","Past",2021-02-23,"daily_deaths",5,5,5,6,5,6,6,6
"Utah","return_normal","Past",2021-02-23,"daily_deaths",5,5,5,6,5,6,6,6
"Utah","status_quo","Past",2021-02-23,"daily_deaths",5,5,5,6,5,6,6,6
"Utah","linear_increase_sd","Past",2021-02-23,"daily_hosps",101,101,101,121,115,147,147,147
"Utah","return_normal","Past",2021-02-23,"daily_hosps",101,101,101,121,115,147,147,147
"Utah","status_quo","Past",2021-02-23,"daily_hosps",101,101,101,121,115,147,147,147
"Utah","linear_increase_sd","Past",2021-02-23,"latent_trend",NA,NA,NA,0.631406258876234,NA,NA,NA,NA
"Utah","return_normal","Past",2021-02-23,"latent_trend",NA,NA,NA,0.631406258876234,NA,NA,NA,NA
"Utah","status_quo","Past",2021-02-23,"latent_trend",NA,NA,NA,0.631406258876234,NA,NA,NA,NA
"Utah","linear_increase_sd","Past",2021-02-23,"mobility_trend",NA,NA,NA,0.708353220573015,NA,NA,NA,NA
"Utah","return_normal","Past",2021-02-23,"mobility_trend",NA,NA,NA,0.708353220573015,NA,NA,NA,NA
"Utah","status_quo","Past",2021-02-23,"mobility_trend",NA,NA,NA,0.708353220573015,NA,NA,NA,NA
"Utah",NA,"Past",2021-02-24,"actual_cumulative_cases",NA,NA,NA,368601,NA,NA,NA,NA
"Utah",NA,"Past",2021-02-24,"actual_cumulative_deaths",NA,NA,NA,1884,NA,NA,NA,NA
"Utah",NA,"Past",2021-02-24,"actual_daily_cases",NA,NA,NA,812,NA,NA,NA,NA
"Utah",NA,"Past",2021-02-24,"actual_daily_deaths",NA,NA,NA,14,NA,NA,NA,NA
"Utah","linear_increase_sd","Past",2021-02-24,"combined_trend",NA,NA,NA,0.449797879367268,NA,NA,NA,NA
"Utah","return_normal","Past",2021-02-24,"combined_trend",NA,NA,NA,0.449797879367268,NA,NA,NA,NA
"Utah","status_quo","Past",2021-02-24,"combined_trend",NA,NA,NA,0.449797879367268,NA,NA,NA,NA
"Utah","linear_increase_sd","Past",2021-02-24,"cumulative_all_infections",994169,994169,994169,1007331,1009743,1018080,1018080,1018080
"Utah","return_normal","Past",2021-02-24,"cumulative_all_infections",994169,994169,994169,1007331,1009743,1018080,1018080,1018080
"Utah","status_quo","Past",2021-02-24,"cumulative_all_infections",994169,994169,994169,1007331,1009743,1018080,1018080,1018080
"Utah","linear_increase_sd","Past",2021-02-24,"cumulative_cases",369487,369487,369487,373643,375527,375914,375914,375914
"Utah","return_normal","Past",2021-02-24,"cumulative_cases",369487,369487,369487,373643,375527,375914,375914,375914
"Utah","status_quo","Past",2021-02-24,"cumulative_cases",369487,369487,369487,373643,375527,375914,375914,375914
"Utah","linear_increase_sd","Past",2021-02-24,"cumulative_deaths",2285,2285,2285,2313,2321,2331,2331,2331
"Utah","return_normal","Past",2021-02-24,"cumulative_deaths",2285,2285,2285,2313,2321,2331,2331,2331
"Utah","status_quo","Past",2021-02-24,"cumulative_deaths",2285,2285,2285,2313,2321,2331,2331,2331
"Utah","linear_increase_sd","Past",2021-02-24,"cumulative_hosps",43650,43650,43650,44094,44147,44485,44485,44485
"Utah","return_normal","Past",2021-02-24,"cumulative_hosps",43650,43650,43650,44094,44147,44485,44485,44485
"Utah","status_quo","Past",2021-02-24,"cumulative_hosps",43650,43650,43650,44094,44147,44485,44485,44485
"Utah","linear_increase_sd","Past",2021-02-24,"daily_all_infections",1706,1706,1706,1881,1714,2222,2222,2222
"Utah","return_normal","Past",2021-02-24,"daily_all_infections",1706,1706,1706,1881,1714,2222,2222,2222
"Utah","status_quo","Past",2021-02-24,"daily_all_infections",1706,1706,1706,1881,1714,2222,2222,2222
"Utah","linear_increase_sd","Past",2021-02-24,"daily_cases",695,695,695,776,815,817,817,817
"Utah","return_normal","Past",2021-02-24,"daily_cases",695,695,695,776,815,817,817,817
"Utah","status_quo","Past",2021-02-24,"daily_cases",695,695,695,776,815,817,817,817
"Utah","linear_increase_sd","Past",2021-02-24,"daily_deaths",4,4,4,5,4,6,6,6
"Utah","return_normal","Past",2021-02-24,"daily_deaths",4,4,4,5,4,6,6,6
"Utah","status_quo","Past",2021-02-24,"daily_deaths",4,4,4,5,4,6,6,6
"Utah","linear_increase_sd","Past",2021-02-24,"daily_hosps",100,100,100,117,113,138,138,138
"Utah","return_normal","Past",2021-02-24,"daily_hosps",100,100,100,117,113,138,138,138
"Utah","status_quo","Past",2021-02-24,"daily_hosps",100,100,100,117,113,138,138,138
"Utah","linear_increase_sd","Past",2021-02-24,"latent_trend",NA,NA,NA,0.629048692381225,NA,NA,NA,NA
"Utah","return_normal","Past",2021-02-24,"latent_trend",NA,NA,NA,0.629048692381225,NA,NA,NA,NA
"Utah","status_quo","Past",2021-02-24,"latent_trend",NA,NA,NA,0.629048692381225,NA,NA,NA,NA
"Utah","linear_increase_sd","Past",2021-02-24,"mobility_trend",NA,NA,NA,0.715044613898784,NA,NA,NA,NA
"Utah","return_normal","Past",2021-02-24,"mobility_trend",NA,NA,NA,0.715044613898784,NA,NA,NA,NA
"Utah","status_quo","Past",2021-02-24,"mobility_trend",NA,NA,NA,0.715044613898784,NA,NA,NA,NA
"Utah",NA,"Past",2021-02-25,"actual_cumulative_cases",NA,NA,NA,369433,NA,NA,NA,NA
"Utah",NA,"Past",2021-02-25,"actual_cumulative_deaths",NA,NA,NA,1895,NA,NA,NA,NA
"Utah",NA,"Past",2021-02-25,"actual_daily_cases",NA,NA,NA,832,NA,NA,NA,NA
"Utah",NA,"Past",2021-02-25,"actual_daily_deaths",NA,NA,NA,11,NA,NA,NA,NA
"Utah","linear_increase_sd","Past",2021-02-25,"combined_trend",NA,NA,NA,0.452068922639246,NA,NA,NA,NA
"Utah","return_normal","Past",2021-02-25,"combined_trend",NA,NA,NA,0.452068922639246,NA,NA,NA,NA
"Utah","status_quo","Past",2021-02-25,"combined_trend",NA,NA,NA,0.452068922639246,NA,NA,NA,NA
"Utah","linear_increase_sd","Past",2021-02-25,"cumulative_all_infections",995874,995874,995874,1009179,1011383,1020278,1020278,1020278
"Utah","return_normal","Past",2021-02-25,"cumulative_all_infections",995874,995874,995874,1009179,1011383,1020278,1020278,1020278
"Utah","status_quo","Past",2021-02-25,"cumulative_all_infections",995874,995874,995874,1009179,1011383,1020278,1020278,1020278
"Utah","linear_increase_sd","Past",2021-02-25,"cumulative_cases",370219,370219,370219,374496,376349,376919,376919,376919
"Utah","return_normal","Past",2021-02-25,"cumulative_cases",370219,370219,370219,374496,376349,376919,376919,376919
"Utah","status_quo","Past",2021-02-25,"cumulative_cases",370219,370219,370219,374496,376349,376919,376919,376919
"Utah","linear_increase_sd","Past",2021-02-25,"cumulative_deaths",2289,2289,2289,2317,2325,2336,2336,2336
"Utah","return_normal","Past",2021-02-25,"cumulative_deaths",2289,2289,2289,2317,2325,2336,2336,2336
"Utah","status_quo","Past",2021-02-25,"cumulative_deaths",2289,2289,2289,2317,2325,2336,2336,2336
"Utah","linear_increase_sd","Past",2021-02-25,"cumulative_hosps",43747,43747,43747,44206,44276,44595,44595,44595
"Utah","return_normal","Past",2021-02-25,"cumulative_hosps",43747,43747,43747,44206,44276,44595,44595,44595
"Utah","status_quo","Past",2021-02-25,"cumulative_hosps",43747,43747,43747,44206,44276,44595,44595,44595
"Utah","linear_increase_sd","Past",2021-02-25,"daily_all_infections",1640,1640,1640,1848,1705,2198,2198,2198
"Utah","return_normal","Past",2021-02-25,"daily_all_infections",1640,1640,1640,1848,1705,2198,2198,2198
"Utah","status_quo","Past",2021-02-25,"daily_all_infections",1640,1640,1640,1848,1705,2198,2198,2198
"Utah","linear_increase_sd","Past",2021-02-25,"daily_cases",732,732,732,853,822,1005,1005,1005
"Utah","return_normal","Past",2021-02-25,"daily_cases",732,732,732,853,822,1005,1005,1005
"Utah","status_quo","Past",2021-02-25,"daily_cases",732,732,732,853,822,1005,1005,1005
"Utah","linear_increase_sd","Past",2021-02-25,"daily_deaths",4,4,4,5,4,5,5,5
"Utah","return_normal","Past",2021-02-25,"daily_deaths",4,4,4,5,4,5,5,5
"Utah","status_quo","Past",2021-02-25,"daily_deaths",4,4,4,5,4,5,5,5
"Utah","linear_increase_sd","Past",2021-02-25,"daily_hosps",97,97,97,112,110,129,129,129
"Utah","return_normal","Past",2021-02-25,"daily_hosps",97,97,97,112,110,129,129,129
"Utah","status_quo","Past",2021-02-25,"daily_hosps",97,97,97,112,110,129,129,129
"Utah","linear_increase_sd","Past",2021-02-25,"latent_trend",NA,NA,NA,0.626054643402273,NA,NA,NA,NA
"Utah","return_normal","Past",2021-02-25,"latent_trend",NA,NA,NA,0.626054643402273,NA,NA,NA,NA
"Utah","status_quo","Past",2021-02-25,"latent_trend",NA,NA,NA,0.626054643402273,NA,NA,NA,NA
"Utah","linear_increase_sd","Past",2021-02-25,"mobility_trend",NA,NA,NA,0.722091797263083,NA,NA,NA,NA
"Utah","return_normal","Past",2021-02-25,"mobility_trend",NA,NA,NA,0.722091797263083,NA,NA,NA,NA
"Utah","status_quo","Past",2021-02-25,"mobility_trend",NA,NA,NA,0.722091797263083,NA,NA,NA,NA
"Utah",NA,"Past",2021-02-26,"actual_cumulative_cases",NA,NA,NA,370084,NA,NA,NA,NA
"Utah",NA,"Past",2021-02-26,"actual_cumulative_deaths",NA,NA,NA,1912,NA,NA,NA,NA
"Utah",NA,"Past",2021-02-26,"actual_daily_cases",NA,NA,NA,651,NA,NA,NA,NA
"Utah",NA,"Past",2021-02-26,"actual_daily_deaths",NA,NA,NA,17,NA,NA,NA,NA
"Utah","linear_increase_sd","Past",2021-02-26,"combined_trend",NA,NA,NA,0.454087412064465,NA,NA,NA,NA
"Utah","return_normal","Past",2021-02-26,"combined_trend",NA,NA,NA,0.454087412064465,NA,NA,NA,NA
"Utah","status_quo","Past",2021-02-26,"combined_trend",NA,NA,NA,0.454087412064465,NA,NA,NA,NA
"Utah","linear_increase_sd","Past",2021-02-26,"cumulative_all_infections",997568,997568,997568,1010992,1012965,1022442,1022442,1022442
"Utah","return_normal","Past",2021-02-26,"cumulative_all_infections",997568,997568,997568,1010992,1012965,1022442,1022442,1022442
"Utah","status_quo","Past",2021-02-26,"cumulative_all_infections",997568,997568,997568,1010992,1012965,1022442,1022442,1022442
"Utah","linear_increase_sd","Past",2021-02-26,"cumulative_cases",370849,370849,370849,375249,377122,377774,377774,377774
"Utah","return_normal","Past",2021-02-26,"cumulative_cases",370849,370849,370849,375249,377122,377774,377774,377774
"Utah","status_quo","Past",2021-02-26,"cumulative_cases",370849,370849,370849,375249,377122,377774,377774,377774
"Utah","linear_increase_sd","Past",2021-02-26,"cumulative_deaths",2293,2293,2293,2322,2329,2342,2342,2342
"Utah","return_normal","Past",2021-02-26,"cumulative_deaths",2293,2293,2293,2322,2329,2342,2342,2342
"Utah","status_quo","Past",2021-02-26,"cumulative_deaths",2293,2293,2293,2322,2329,2342,2342,2342
"Utah","linear_increase_sd","Past",2021-02-26,"cumulative_hosps",43839,43839,43839,44316,44401,44706,44706,44706
"Utah","return_normal","Past",2021-02-26,"cumulative_hosps",43839,43839,43839,44316,44401,44706,44706,44706
"Utah","status_quo","Past",2021-02-26,"cumulative_hosps",43839,43839,43839,44316,44401,44706,44706,44706
"Utah","linear_increase_sd","Past",2021-02-26,"daily_all_infections",1582,1582,1582,1814,1694,2164,2164,2164
"Utah","return_normal","Past",2021-02-26,"daily_all_infections",1582,1582,1582,1814,1694,2164,2164,2164
"Utah","status_quo","Past",2021-02-26,"daily_all_infections",1582,1582,1582,1814,1694,2164,2164,2164
"Utah","linear_increase_sd","Past",2021-02-26,"daily_cases",630,630,630,753,773,855,855,855
"Utah","return_normal","Past",2021-02-26,"daily_cases",630,630,630,753,773,855,855,855
"Utah","status_quo","Past",2021-02-26,"daily_cases",630,630,630,753,773,855,855,855
"Utah","linear_increase_sd","Past",2021-02-26,"daily_deaths",4,4,4,5,4,6,6,6
"Utah","return_normal","Past",2021-02-26,"daily_deaths",4,4,4,5,4,6,6,6
"Utah","status_quo","Past",2021-02-26,"daily_deaths",4,4,4,5,4,6,6,6
"Utah","linear_increase_sd","Past",2021-02-26,"daily_hosps",92,92,92,110,111,125,125,125
"Utah","return_normal","Past",2021-02-26,"daily_hosps",92,92,92,110,111,125,125,125
"Utah","status_quo","Past",2021-02-26,"daily_hosps",92,92,92,110,111,125,125,125
"Utah","linear_increase_sd","Past",2021-02-26,"latent_trend",NA,NA,NA,0.622480010668482,NA,NA,NA,NA
"Utah","return_normal","Past",2021-02-26,"latent_trend",NA,NA,NA,0.622480010668482,NA,NA,NA,NA
"Utah","status_quo","Past",2021-02-26,"latent_trend",NA,NA,NA,0.622480010668482,NA,NA,NA,NA
"Utah","linear_increase_sd","Past",2021-02-26,"mobility_trend",NA,NA,NA,0.729481114705707,NA,NA,NA,NA
"Utah","return_normal","Past",2021-02-26,"mobility_trend",NA,NA,NA,0.729481114705707,NA,NA,NA,NA
"Utah","status_quo","Past",2021-02-26,"mobility_trend",NA,NA,NA,0.729481114705707,NA,NA,NA,NA
"Utah",NA,"Past",2021-02-27,"actual_cumulative_cases",NA,NA,NA,370770,NA,NA,NA,NA
"Utah",NA,"Past",2021-02-27,"actual_cumulative_deaths",NA,NA,NA,1934,NA,NA,NA,NA
"Utah",NA,"Past",2021-02-27,"actual_daily_cases",NA,NA,NA,686,NA,NA,NA,NA
"Utah",NA,"Past",2021-02-27,"actual_daily_deaths",NA,NA,NA,22,NA,NA,NA,NA
"Utah","linear_increase_sd","Past",2021-02-27,"combined_trend",NA,NA,NA,0.455869498757318,NA,NA,NA,NA
"Utah","return_normal","Past",2021-02-27,"combined_trend",NA,NA,NA,0.455869498757318,NA,NA,NA,NA
"Utah","status_quo","Past",2021-02-27,"combined_trend",NA,NA,NA,0.455869498757318,NA,NA,NA,NA
"Utah","linear_increase_sd","Past",2021-02-27,"cumulative_all_infections",999256,999256,999256,1012777,1014504,1024570,1024570,1024570
"Utah","return_normal","Past",2021-02-27,"cumulative_all_infections",999256,999256,999256,1012777,1014504,1024570,1024570,1024570
"Utah","status_quo","Past",2021-02-27,"cumulative_all_infections",999256,999256,999256,1012777,1014504,1024570,1024570,1024570
"Utah","linear_increase_sd","Past",2021-02-27,"cumulative_cases",371514,371514,371514,376015,377870,378659,378659,378659
"Utah","return_normal","Past",2021-02-27,"cumulative_cases",371514,371514,371514,376015,377870,378659,378659,378659
"Utah","status_quo","Past",2021-02-27,"cumulative_cases",371514,371514,371514,376015,377870,378659,378659,378659
"Utah","linear_increase_sd","Past",2021-02-27,"cumulative_deaths",2297,2297,2297,2326,2334,2347,2347,2347
"Utah","return_normal","Past",2021-02-27,"cumulative_deaths",2297,2297,2297,2326,2334,2347,2347,2347
"Utah","status_quo","Past",2021-02-27,"cumulative_deaths",2297,2297,2297,2326,2334,2347,2347,2347
"Utah","linear_increase_sd","Past",2021-02-27,"cumulative_hosps",43931,43931,43931,44422,44521,44814,44814,44814
"Utah","return_normal","Past",2021-02-27,"cumulative_hosps",43931,43931,43931,44422,44521,44814,44814,44814
"Utah","status_quo","Past",2021-02-27,"cumulative_hosps",43931,43931,43931,44422,44521,44814,44814,44814
"Utah","linear_increase_sd","Past",2021-02-27,"daily_all_infections",1539,1539,1539,1785,1688,2128,2128,2128
"Utah","return_normal","Past",2021-02-27,"daily_all_infections",1539,1539,1539,1785,1688,2128,2128,2128
"Utah","status_quo","Past",2021-02-27,"daily_all_infections",1539,1539,1539,1785,1688,2128,2128,2128
"Utah","linear_increase_sd","Past",2021-02-27,"daily_cases",665,665,665,766,748,885,885,885
"Utah","return_normal","Past",2021-02-27,"daily_cases",665,665,665,766,748,885,885,885
"Utah","status_quo","Past",2021-02-27,"daily_cases",665,665,665,766,748,885,885,885
"Utah","linear_increase_sd","Past",2021-02-27,"daily_deaths",4,4,4,5,5,5,5,5
"Utah","return_normal","Past",2021-02-27,"daily_deaths",4,4,4,5,5,5,5,5
"Utah","status_quo","Past",2021-02-27,"daily_deaths",4,4,4,5,5,5,5,5
"Utah","linear_increase_sd","Past",2021-02-27,"daily_hosps",92,92,92,107,108,120,120,120
"Utah","return_normal","Past",2021-02-27,"daily_hosps",92,92,92,107,108,120,120,120
"Utah","status_quo","Past",2021-02-27,"daily_hosps",92,92,92,107,108,120,120,120
"Utah","linear_increase_sd","Past",2021-02-27,"latent_trend",NA,NA,NA,0.618382824316581,NA,NA,NA,NA
"Utah","return_normal","Past",2021-02-27,"latent_trend",NA,NA,NA,0.618382824316581,NA,NA,NA,NA
"Utah","status_quo","Past",2021-02-27,"latent_trend",NA,NA,NA,0.618382824316581,NA,NA,NA,NA
"Utah","linear_increase_sd","Past",2021-02-27,"mobility_trend",NA,NA,NA,0.737196249364028,NA,NA,NA,NA
"Utah","return_normal","Past",2021-02-27,"mobility_trend",NA,NA,NA,0.737196249364028,NA,NA,NA,NA
"Utah","status_quo","Past",2021-02-27,"mobility_trend",NA,NA,NA,0.737196249364028,NA,NA,NA,NA
"Utah",NA,"Past",2021-02-28,"actual_cumulative_cases",NA,NA,NA,371235,NA,NA,NA,NA
"Utah",NA,"Past",2021-02-28,"actual_cumulative_deaths",NA,NA,NA,1940,NA,NA,NA,NA
"Utah",NA,"Past",2021-02-28,"actual_daily_cases",NA,NA,NA,465,NA,NA,NA,NA
"Utah",NA,"Past",2021-02-28,"actual_daily_deaths",NA,NA,NA,6,NA,NA,NA,NA
"Utah","linear_increase_sd","Past",2021-02-28,"combined_trend",NA,NA,NA,0.457432722310976,NA,NA,NA,NA
"Utah","return_normal","Past",2021-02-28,"combined_trend",NA,NA,NA,0.457432722310976,NA,NA,NA,NA
"Utah","status_quo","Past",2021-02-28,"combined_trend",NA,NA,NA,0.457432722310976,NA,NA,NA,NA
"Utah","linear_increase_sd","Past",2021-02-28,"cumulative_all_infections",1000933,1000933,1000933,1014527,1015989,1026659,1026659,1026659
"Utah","return_normal","Past",2021-02-28,"cumulative_all_infections",1000933,1000933,1000933,1014527,1015989,1026659,1026659,1026659
"Utah","status_quo","Past",2021-02-28,"cumulative_all_infections",1000933,1000933,1000933,1014527,1015989,1026659,1026659,1026659
"Utah","linear_increase_sd","Past",2021-02-28,"cumulative_cases",372227,372227,372227,376765,378609,379457,379457,379457
"Utah","return_normal","Past",2021-02-28,"cumulative_cases",372227,372227,372227,376765,378609,379457,379457,379457
"Utah","status_quo","Past",2021-02-28,"cumulative_cases",372227,372227,372227,376765,378609,379457,379457,379457
"Utah","linear_increase_sd","Past",2021-02-28,"cumulative_deaths",2301,2301,2301,2331,2338,2353,2353,2353
"Utah","return_normal","Past",2021-02-28,"cumulative_deaths",2301,2301,2301,2331,2338,2353,2353,2353
"Utah","status_quo","Past",2021-02-28,"cumulative_deaths",2301,2301,2301,2331,2338,2353,2353,2353
"Utah","linear_increase_sd","Past",2021-02-28,"cumulative_hosps",44021,44021,44021,44527,44636,44924,44924,44924
"Utah","return_normal","Past",2021-02-28,"cumulative_hosps",44021,44021,44021,44527,44636,44924,44924,44924
"Utah","status_quo","Past",2021-02-28,"cumulative_hosps",44021,44021,44021,44527,44636,44924,44924,44924
"Utah","linear_increase_sd","Past",2021-02-28,"daily_all_infections",1485,1485,1485,1751,1677,2089,2089,2089
"Utah","return_normal","Past",2021-02-28,"daily_all_infections",1485,1485,1485,1751,1677,2089,2089,2089
"Utah","status_quo","Past",2021-02-28,"daily_all_infections",1485,1485,1485,1751,1677,2089,2089,2089
"Utah","linear_increase_sd","Past",2021-02-28,"daily_cases",713,713,713,750,739,798,798,798
"Utah","return_normal","Past",2021-02-28,"daily_cases",713,713,713,750,739,798,798,798
"Utah","status_quo","Past",2021-02-28,"daily_cases",713,713,713,750,739,798,798,798
"Utah","linear_increase_sd","Past",2021-02-28,"daily_deaths",4,4,4,5,4,6,6,6
"Utah","return_normal","Past",2021-02-28,"daily_deaths",4,4,4,5,4,6,6,6
"Utah","status_quo","Past",2021-02-28,"daily_deaths",4,4,4,5,4,6,6,6
"Utah","linear_increase_sd","Past",2021-02-28,"daily_hosps",90,90,90,105,110,115,115,115
"Utah","return_normal","Past",2021-02-28,"daily_hosps",90,90,90,105,110,115,115,115
"Utah","status_quo","Past",2021-02-28,"daily_hosps",90,90,90,105,110,115,115,115
"Utah","linear_increase_sd","Past",2021-02-28,"latent_trend",NA,NA,NA,0.613821662679731,NA,NA,NA,NA
"Utah","return_normal","Past",2021-02-28,"latent_trend",NA,NA,NA,0.613821662679731,NA,NA,NA,NA
"Utah","status_quo","Past",2021-02-28,"latent_trend",NA,NA,NA,0.613821662679731,NA,NA,NA,NA
"Utah","linear_increase_sd","Past",2021-02-28,"mobility_trend",NA,NA,NA,0.745220884375413,NA,NA,NA,NA
"Utah","return_normal","Past",2021-02-28,"mobility_trend",NA,NA,NA,0.745220884375413,NA,NA,NA,NA
"Utah","status_quo","Past",2021-02-28,"mobility_trend",NA,NA,NA,0.745220884375413,NA,NA,NA,NA
"Utah",NA,"Past",2021-03-01,"actual_cumulative_cases",NA,NA,NA,371492,NA,NA,NA,NA
"Utah",NA,"Past",2021-03-01,"actual_cumulative_deaths",NA,NA,NA,1945,NA,NA,NA,NA
"Utah",NA,"Past",2021-03-01,"actual_daily_cases",NA,NA,NA,257,NA,NA,NA,NA
"Utah",NA,"Past",2021-03-01,"actual_daily_deaths",NA,NA,NA,5,NA,NA,NA,NA
"Utah","linear_increase_sd","Past",2021-03-01,"combined_trend",NA,NA,NA,0.45879354250142,NA,NA,NA,NA
"Utah","return_normal","Past",2021-03-01,"combined_trend",NA,NA,NA,0.45879354250142,NA,NA,NA,NA
"Utah","status_quo","Past",2021-03-01,"combined_trend",NA,NA,NA,0.45879354250142,NA,NA,NA,NA
"Utah","linear_increase_sd","Past",2021-03-01,"cumulative_all_infections",1002607,1002607,1002607,1016247,1017441,1028693,1028693,1028693
"Utah","return_normal","Past",2021-03-01,"cumulative_all_infections",1002607,1002607,1002607,1016247,1017441,1028693,1028693,1028693
"Utah","status_quo","Past",2021-03-01,"cumulative_all_infections",1002607,1002607,1002607,1016247,1017441,1028693,1028693,1028693
"Utah","linear_increase_sd","Past",2021-03-01,"cumulative_cases",372912,372912,372912,377511,379339,380282,380282,380282
"Utah","return_normal","Past",2021-03-01,"cumulative_cases",372912,372912,372912,377511,379339,380282,380282,380282
"Utah","status_quo","Past",2021-03-01,"cumulative_cases",372912,372912,372912,377511,379339,380282,380282,380282
"Utah","linear_increase_sd","Past",2021-03-01,"cumulative_deaths",2305,2305,2305,2335,2342,2358,2358,2358
"Utah","return_normal","Past",2021-03-01,"cumulative_deaths",2305,2305,2305,2335,2342,2358,2358,2358
"Utah","status_quo","Past",2021-03-01,"cumulative_deaths",2305,2305,2305,2335,2342,2358,2358,2358
"Utah","linear_increase_sd","Past",2021-03-01,"cumulative_hosps",44110,44110,44110,44629,44745,45031,45031,45031
"Utah","return_normal","Past",2021-03-01,"cumulative_hosps",44110,44110,44110,44629,44745,45031,45031,45031
"Utah","status_quo","Past",2021-03-01,"cumulative_hosps",44110,44110,44110,44629,44745,45031,45031,45031
"Utah","linear_increase_sd","Past",2021-03-01,"daily_all_infections",1452,1452,1452,1720,1674,2034,2034,2034
"Utah","return_normal","Past",2021-03-01,"daily_all_infections",1452,1452,1452,1720,1674,2034,2034,2034
"Utah","status_quo","Past",2021-03-01,"daily_all_infections",1452,1452,1452,1720,1674,2034,2034,2034
"Utah","linear_increase_sd","Past",2021-03-01,"daily_cases",685,685,685,747,730,825,825,825
"Utah","return_normal","Past",2021-03-01,"daily_cases",685,685,685,747,730,825,825,825
"Utah","status_quo","Past",2021-03-01,"daily_cases",685,685,685,747,730,825,825,825
"Utah","linear_increase_sd","Past",2021-03-01,"daily_deaths",4,4,4,5,4,5,5,5
"Utah","return_normal","Past",2021-03-01,"daily_deaths",4,4,4,5,4,5,5,5
"Utah","status_quo","Past",2021-03-01,"daily_deaths",4,4,4,5,4,5,5,5
"Utah","linear_increase_sd","Past",2021-03-01,"daily_hosps",89,89,89,102,107,109,109,109
"Utah","return_normal","Past",2021-03-01,"daily_hosps",89,89,89,102,107,109,109,109
"Utah","status_quo","Past",2021-03-01,"daily_hosps",89,89,89,102,107,109,109,109
"Utah","linear_increase_sd","Past",2021-03-01,"latent_trend",NA,NA,NA,0.608855997816312,NA,NA,NA,NA
"Utah","return_normal","Past",2021-03-01,"latent_trend",NA,NA,NA,0.608855997816312,NA,NA,NA,NA
"Utah","status_quo","Past",2021-03-01,"latent_trend",NA,NA,NA,0.608855997816312,NA,NA,NA,NA
"Utah","linear_increase_sd","Past",2021-03-01,"mobility_trend",NA,NA,NA,0.753533748779518,NA,NA,NA,NA
"Utah","return_normal","Past",2021-03-01,"mobility_trend",NA,NA,NA,0.753533748779518,NA,NA,NA,NA
"Utah","status_quo","Past",2021-03-01,"mobility_trend",NA,NA,NA,0.753533748779518,NA,NA,NA,NA
"Utah",NA,"Past",2021-03-02,"actual_cumulative_cases",NA,NA,NA,371979,NA,NA,NA,NA
"Utah",NA,"Past",2021-03-02,"actual_cumulative_deaths",NA,NA,NA,1954,NA,NA,NA,NA
"Utah",NA,"Past",2021-03-02,"actual_daily_cases",NA,NA,NA,487,NA,NA,NA,NA
"Utah",NA,"Past",2021-03-02,"actual_daily_deaths",NA,NA,NA,9,NA,NA,NA,NA
"Utah","linear_increase_sd","Past",2021-03-02,"combined_trend",NA,NA,NA,0.459958985504651,NA,NA,NA,NA
"Utah","return_normal","Past",2021-03-02,"combined_trend",NA,NA,NA,0.459958985504651,NA,NA,NA,NA
"Utah","status_quo","Past",2021-03-02,"combined_trend",NA,NA,NA,0.459958985504651,NA,NA,NA,NA
"Utah","linear_increase_sd","Past",2021-03-02,"cumulative_all_infections",1004277,1004277,1004277,1017935,1018844,1030684,1030684,1030684
"Utah","return_normal","Past",2021-03-02,"cumulative_all_infections",1004277,1004277,1004277,1017935,1018844,1030684,1030684,1030684
"Utah","status_quo","Past",2021-03-02,"cumulative_all_infections",1004277,1004277,1004277,1017935,1018844,1030684,1030684,1030684
"Utah","linear_increase_sd","Past",2021-03-02,"cumulative_cases",373588,373588,373588,378237,380009,381113,381113,381113
"Utah","return_normal","Past",2021-03-02,"cumulative_cases",373588,373588,373588,378237,380009,381113,381113,381113
"Utah","status_quo","Past",2021-03-02,"cumulative_cases",373588,373588,373588,378237,380009,381113,381113,381113
"Utah","linear_increase_sd","Past",2021-03-02,"cumulative_deaths",2309,2309,2309,2340,2346,2363,2363,2363
"Utah","return_normal","Past",2021-03-02,"cumulative_deaths",2309,2309,2309,2340,2346,2363,2363,2363
"Utah","status_quo","Past",2021-03-02,"cumulative_deaths",2309,2309,2309,2340,2346,2363,2363,2363
"Utah","linear_increase_sd","Past",2021-03-02,"cumulative_hosps",44196,44196,44196,44729,44851,45138,45138,45138
"Utah","return_normal","Past",2021-03-02,"cumulative_hosps",44196,44196,44196,44729,44851,45138,45138,45138
"Utah","status_quo","Past",2021-03-02,"cumulative_hosps",44196,44196,44196,44729,44851,45138,45138,45138
"Utah","linear_increase_sd","Past",2021-03-02,"daily_all_infections",1403,1403,1403,1688,1670,1991,1991,1991
"Utah","return_normal","Past",2021-03-02,"daily_all_infections",1403,1403,1403,1688,1670,1991,1991,1991
"Utah","status_quo","Past",2021-03-02,"daily_all_infections",1403,1403,1403,1688,1670,1991,1991,1991
"Utah","linear_increase_sd","Past",2021-03-02,"daily_cases",670,670,670,726,676,831,831,831
"Utah","return_normal","Past",2021-03-02,"daily_cases",670,670,670,726,676,831,831,831
"Utah","status_quo","Past",2021-03-02,"daily_cases",670,670,670,726,676,831,831,831
"Utah","linear_increase_sd","Past",2021-03-02,"daily_deaths",4,4,4,5,4,5,5,5
"Utah","return_normal","Past",2021-03-02,"daily_deaths",4,4,4,5,4,5,5,5
"Utah","status_quo","Past",2021-03-02,"daily_deaths",4,4,4,5,4,5,5,5
"Utah","linear_increase_sd","Past",2021-03-02,"daily_hosps",86,86,86,100,106,107,107,107
"Utah","return_normal","Past",2021-03-02,"daily_hosps",86,86,86,100,106,107,107,107
"Utah","status_quo","Past",2021-03-02,"daily_hosps",86,86,86,100,106,107,107,107
"Utah","linear_increase_sd","Past",2021-03-02,"latent_trend",NA,NA,NA,0.603546456523282,NA,NA,NA,NA
"Utah","return_normal","Past",2021-03-02,"latent_trend",NA,NA,NA,0.603546456523282,NA,NA,NA,NA
"Utah","status_quo","Past",2021-03-02,"latent_trend",NA,NA,NA,0.603546456523282,NA,NA,NA,NA
"Utah","linear_increase_sd","Past",2021-03-02,"mobility_trend",NA,NA,NA,0.762093755225133,NA,NA,NA,NA
"Utah","return_normal","Past",2021-03-02,"mobility_trend",NA,NA,NA,0.762093755225133,NA,NA,NA,NA
"Utah","status_quo","Past",2021-03-02,"mobility_trend",NA,NA,NA,0.762093755225133,NA,NA,NA,NA
"Utah",NA,"Past",2021-03-03,"actual_cumulative_cases",NA,NA,NA,372708,NA,NA,NA,NA
"Utah",NA,"Past",2021-03-03,"actual_cumulative_deaths",NA,NA,NA,1960,NA,NA,NA,NA
"Utah",NA,"Past",2021-03-03,"actual_daily_cases",NA,NA,NA,729,NA,NA,NA,NA
"Utah",NA,"Past",2021-03-03,"actual_daily_deaths",NA,NA,NA,6,NA,NA,NA,NA
"Utah","linear_increase_sd","Past",2021-03-03,"combined_trend",NA,NA,NA,0.460936515472095,NA,NA,NA,NA
"Utah","return_normal","Past",2021-03-03,"combined_trend",NA,NA,NA,0.460936515472095,NA,NA,NA,NA
"Utah","status_quo","Past",2021-03-03,"combined_trend",NA,NA,NA,0.460936515472095,NA,NA,NA,NA
"Utah","linear_increase_sd","Past",2021-03-03,"cumulative_all_infections",1005933,1005933,1005933,1019586,1020227,1032598,1032598,1032598
"Utah","return_normal","Past",2021-03-03,"cumulative_all_infections",1005933,1005933,1005933,1019586,1020227,1032598,1032598,1032598
"Utah","status_quo","Past",2021-03-03,"cumulative_all_infections",1005933,1005933,1005933,1019586,1020227,1032598,1032598,1032598
"Utah","linear_increase_sd","Past",2021-03-03,"cumulative_cases",374201,374201,374201,378943,380646,381980,381980,381980
"Utah","return_normal","Past",2021-03-03,"cumulative_cases",374201,374201,374201,378943,380646,381980,381980,381980
"Utah","status_quo","Past",2021-03-03,"cumulative_cases",374201,374201,374201,378943,380646,381980,381980,381980
"Utah","linear_increase_sd","Past",2021-03-03,"cumulative_deaths",2313,2313,2313,2344,2350,2368,2368,2368
"Utah","return_normal","Past",2021-03-03,"cumulative_deaths",2313,2313,2313,2344,2350,2368,2368,2368
"Utah","status_quo","Past",2021-03-03,"cumulative_deaths",2313,2313,2313,2344,2350,2368,2368,2368
"Utah","linear_increase_sd","Past",2021-03-03,"cumulative_hosps",44281,44281,44281,44826,44951,45245,45245,45245
"Utah","return_normal","Past",2021-03-03,"cumulative_hosps",44281,44281,44281,44826,44951,45245,45245,45245
"Utah","status_quo","Past",2021-03-03,"cumulative_hosps",44281,44281,44281,44826,44951,45245,45245,45245
"Utah","linear_increase_sd","Past",2021-03-03,"daily_all_infections",1383,1383,1383,1651,1656,1914,1914,1914
"Utah","return_normal","Past",2021-03-03,"daily_all_infections",1383,1383,1383,1651,1656,1914,1914,1914
"Utah","status_quo","Past",2021-03-03,"daily_all_infections",1383,1383,1383,1651,1656,1914,1914,1914
"Utah","linear_increase_sd","Past",2021-03-03,"daily_cases",613,613,613,706,637,867,867,867
"Utah","return_normal","Past",2021-03-03,"daily_cases",613,613,613,706,637,867,867,867
"Utah","status_quo","Past",2021-03-03,"daily_cases",613,613,613,706,637,867,867,867
"Utah","linear_increase_sd","Past",2021-03-03,"daily_deaths",4,4,4,5,4,5,5,5
"Utah","return_normal","Past",2021-03-03,"daily_deaths",4,4,4,5,4,5,5,5
"Utah","status_quo","Past",2021-03-03,"daily_deaths",4,4,4,5,4,5,5,5
"Utah","linear_increase_sd","Past",2021-03-03,"daily_hosps",85,85,85,98,100,107,107,107
"Utah","return_normal","Past",2021-03-03,"daily_hosps",85,85,85,98,100,107,107,107
"Utah","status_quo","Past",2021-03-03,"daily_hosps",85,85,85,98,100,107,107,107
"Utah","linear_increase_sd","Past",2021-03-03,"latent_trend",NA,NA,NA,0.597954995209766,NA,NA,NA,NA
"Utah","return_normal","Past",2021-03-03,"latent_trend",NA,NA,NA,0.597954995209766,NA,NA,NA,NA
"Utah","status_quo","Past",2021-03-03,"latent_trend",NA,NA,NA,0.597954995209766,NA,NA,NA,NA
"Utah","linear_increase_sd","Past",2021-03-03,"mobility_trend",NA,NA,NA,0.770854862263331,NA,NA,NA,NA
"Utah","return_normal","Past",2021-03-03,"mobility_trend",NA,NA,NA,0.770854862263331,NA,NA,NA,NA
"Utah","status_quo","Past",2021-03-03,"mobility_trend",NA,NA,NA,0.770854862263331,NA,NA,NA,NA
"Utah",NA,"Past",2021-03-04,"actual_cumulative_cases",NA,NA,NA,373319,NA,NA,NA,NA
"Utah",NA,"Past",2021-03-04,"actual_cumulative_deaths",NA,NA,NA,1971,NA,NA,NA,NA
"Utah",NA,"Past",2021-03-04,"actual_daily_cases",NA,NA,NA,611,NA,NA,NA,NA
"Utah",NA,"Past",2021-03-04,"actual_daily_deaths",NA,NA,NA,11,NA,NA,NA,NA
"Utah","linear_increase_sd","Past",2021-03-04,"combined_trend",NA,NA,NA,0.461737508023726,NA,NA,NA,NA
"Utah","return_normal","Past",2021-03-04,"combined_trend",NA,NA,NA,0.461737508023726,NA,NA,NA,NA
"Utah","status_quo","Past",2021-03-04,"combined_trend",NA,NA,NA,0.461737508023726,NA,NA,NA,NA
"Utah","linear_increase_sd","Past",2021-03-04,"cumulative_all_infections",1007599,1007599,1007599,1021214,1021581,1034461,1034461,1034461
"Utah","return_normal","Past",2021-03-04,"cumulative_all_infections",1007599,1007599,1007599,1021214,1021581,1034461,1034461,1034461
"Utah","status_quo","Past",2021-03-04,"cumulative_all_infections",1007599,1007599,1007599,1021214,1021581,1034461,1034461,1034461
"Utah","linear_increase_sd","Past",2021-03-04,"cumulative_cases",374815,374815,374815,379648,381283,382845,382845,382845
"Utah","return_normal","Past",2021-03-04,"cumulative_cases",374815,374815,374815,379648,381283,382845,382845,382845
"Utah","status_quo","Past",2021-03-04,"cumulative_cases",374815,374815,374815,379648,381283,382845,382845,382845
"Utah","linear_increase_sd","Past",2021-03-04,"cumulative_deaths",2317,2317,2317,2348,2354,2372,2372,2372
"Utah","return_normal","Past",2021-03-04,"cumulative_deaths",2317,2317,2317,2348,2354,2372,2372,2372
"Utah","status_quo","Past",2021-03-04,"cumulative_deaths",2317,2317,2317,2348,2354,2372,2372,2372
"Utah","linear_increase_sd","Past",2021-03-04,"cumulative_hosps",44364,44364,44364,44920,45046,45350,45350,45350
"Utah","return_normal","Past",2021-03-04,"cumulative_hosps",44364,44364,44364,44920,45046,45350,45350,45350
"Utah","status_quo","Past",2021-03-04,"cumulative_hosps",44364,44364,44364,44920,45046,45350,45350,45350
"Utah","linear_increase_sd","Past",2021-03-04,"daily_all_infections",1354,1354,1354,1628,1666,1863,1863,1863
"Utah","return_normal","Past",2021-03-04,"daily_all_infections",1354,1354,1354,1628,1666,1863,1863,1863
"Utah","status_quo","Past",2021-03-04,"daily_all_infections",1354,1354,1354,1628,1666,1863,1863,1863
"Utah","linear_increase_sd","Past",2021-03-04,"daily_cases",614,614,614,706,637,865,865,865
"Utah","return_normal","Past",2021-03-04,"daily_cases",614,614,614,706,637,865,865,865
"Utah","status_quo","Past",2021-03-04,"daily_cases",614,614,614,706,637,865,865,865
"Utah","linear_increase_sd","Past",2021-03-04,"daily_deaths",4,4,4,4,4,4,4,4
"Utah","return_normal","Past",2021-03-04,"daily_deaths",4,4,4,4,4,4,4,4
"Utah","status_quo","Past",2021-03-04,"daily_deaths",4,4,4,4,4,4,4,4
"Utah","linear_increase_sd","Past",2021-03-04,"daily_hosps",83,83,83,95,95,105,105,105
"Utah","return_normal","Past",2021-03-04,"daily_hosps",83,83,83,95,95,105,105,105
"Utah","status_quo","Past",2021-03-04,"daily_hosps",83,83,83,95,95,105,105,105
"Utah","linear_increase_sd","Past",2021-03-04,"latent_trend",NA,NA,NA,0.592144990234377,NA,NA,NA,NA
"Utah","return_normal","Past",2021-03-04,"latent_trend",NA,NA,NA,0.592144990234377,NA,NA,NA,NA
"Utah","status_quo","Past",2021-03-04,"latent_trend",NA,NA,NA,0.592144990234377,NA,NA,NA,NA
"Utah","linear_increase_sd","Past",2021-03-04,"mobility_trend",NA,NA,NA,0.779771028445188,NA,NA,NA,NA
"Utah","return_normal","Past",2021-03-04,"mobility_trend",NA,NA,NA,0.779771028445188,NA,NA,NA,NA
"Utah","status_quo","Past",2021-03-04,"mobility_trend",NA,NA,NA,0.779771028445188,NA,NA,NA,NA
"Utah",NA,"Past",2021-03-05,"actual_cumulative_cases",NA,NA,NA,373868,NA,NA,NA,NA
"Utah",NA,"Past",2021-03-05,"actual_cumulative_deaths",NA,NA,NA,1975,NA,NA,NA,NA
"Utah",NA,"Past",2021-03-05,"actual_daily_cases",NA,NA,NA,549,NA,NA,NA,NA
"Utah",NA,"Past",2021-03-05,"actual_daily_deaths",NA,NA,NA,4,NA,NA,NA,NA
"Utah","linear_increase_sd","Past",2021-03-05,"combined_trend",NA,NA,NA,0.462377548529148,NA,NA,NA,NA
"Utah","return_normal","Past",2021-03-05,"combined_trend",NA,NA,NA,0.462377548529148,NA,NA,NA,NA
"Utah","status_quo","Past",2021-03-05,"combined_trend",NA,NA,NA,0.462377548529148,NA,NA,NA,NA
"Utah","linear_increase_sd","Past",2021-03-05,"cumulative_all_infections",1009258,1009258,1009258,1022812,1022927,1036249,1036249,1036249
"Utah","return_normal","Past",2021-03-05,"cumulative_all_infections",1009258,1009258,1009258,1022812,1022927,1036249,1036249,1036249
"Utah","status_quo","Past",2021-03-05,"cumulative_all_infections",1009258,1009258,1009258,1022812,1022927,1036249,1036249,1036249
"Utah","linear_increase_sd","Past",2021-03-05,"cumulative_cases",375414,375414,375414,380329,381884,383688,383688,383688
"Utah","return_normal","Past",2021-03-05,"cumulative_cases",375414,375414,375414,380329,381884,383688,383688,383688
"Utah","status_quo","Past",2021-03-05,"cumulative_cases",375414,375414,375414,380329,381884,383688,383688,383688
"Utah","linear_increase_sd","Past",2021-03-05,"cumulative_deaths",2321,2321,2321,2352,2358,2376,2376,2376
"Utah","return_normal","Past",2021-03-05,"cumulative_deaths",2321,2321,2321,2352,2358,2376,2376,2376
"Utah","status_quo","Past",2021-03-05,"cumulative_deaths",2321,2321,2321,2352,2358,2376,2376,2376
"Utah","linear_increase_sd","Past",2021-03-05,"cumulative_hosps",44447,44447,44447,45013,45136,45455,45455,45455
"Utah","return_normal","Past",2021-03-05,"cumulative_hosps",44447,44447,44447,45013,45136,45455,45455,45455
"Utah","status_quo","Past",2021-03-05,"cumulative_hosps",44447,44447,44447,45013,45136,45455,45455,45455
"Utah","linear_increase_sd","Past",2021-03-05,"daily_all_infections",1346,1346,1346,1598,1659,1788,1788,1788
"Utah","return_normal","Past",2021-03-05,"daily_all_infections",1346,1346,1346,1598,1659,1788,1788,1788
"Utah","status_quo","Past",2021-03-05,"daily_all_infections",1346,1346,1346,1598,1659,1788,1788,1788
"Utah","linear_increase_sd","Past",2021-03-05,"daily_cases",599,599,599,681,601,843,843,843
"Utah","return_normal","Past",2021-03-05,"daily_cases",599,599,599,681,601,843,843,843
"Utah","status_quo","Past",2021-03-05,"daily_cases",599,599,599,681,601,843,843,843
"Utah","linear_increase_sd","Past",2021-03-05,"daily_deaths",4,4,4,4,4,4,4,4
"Utah","return_normal","Past",2021-03-05,"daily_deaths",4,4,4,4,4,4,4,4
"Utah","status_quo","Past",2021-03-05,"daily_deaths",4,4,4,4,4,4,4,4
"Utah","linear_increase_sd","Past",2021-03-05,"daily_hosps",83,83,83,93,90,105,105,105
"Utah","return_normal","Past",2021-03-05,"daily_hosps",83,83,83,93,90,105,105,105
"Utah","status_quo","Past",2021-03-05,"daily_hosps",83,83,83,93,90,105,105,105
"Utah","linear_increase_sd","Past",2021-03-05,"latent_trend",NA,NA,NA,0.586181248472486,NA,NA,NA,NA
"Utah","return_normal","Past",2021-03-05,"latent_trend",NA,NA,NA,0.586181248472486,NA,NA,NA,NA
"Utah","status_quo","Past",2021-03-05,"latent_trend",NA,NA,NA,0.586181248472486,NA,NA,NA,NA
"Utah","linear_increase_sd","Past",2021-03-05,"mobility_trend",NA,NA,NA,0.788796212321777,NA,NA,NA,NA
"Utah","return_normal","Past",2021-03-05,"mobility_trend",NA,NA,NA,0.788796212321777,NA,NA,NA,NA
"Utah","status_quo","Past",2021-03-05,"mobility_trend",NA,NA,NA,0.788796212321777,NA,NA,NA,NA
"Utah",NA,"Past",2021-03-06,"actual_cumulative_cases",NA,NA,NA,374438,NA,NA,NA,NA
"Utah",NA,"Past",2021-03-06,"actual_cumulative_deaths",NA,NA,NA,1980,NA,NA,NA,NA
"Utah",NA,"Past",2021-03-06,"actual_daily_cases",NA,NA,NA,570,NA,NA,NA,NA
"Utah",NA,"Past",2021-03-06,"actual_daily_deaths",NA,NA,NA,5,NA,NA,NA,NA
"Utah","linear_increase_sd","Past",2021-03-06,"combined_trend",NA,NA,NA,0.462875148072259,NA,NA,NA,NA
"Utah","return_normal","Past",2021-03-06,"combined_trend",NA,NA,NA,0.462875148072259,NA,NA,NA,NA
"Utah","status_quo","Past",2021-03-06,"combined_trend",NA,NA,NA,0.462875148072259,NA,NA,NA,NA
"Utah","linear_increase_sd","Past",2021-03-06,"cumulative_all_infections",1010914,1010914,1010914,1024374,1024246,1037960,1037960,1037960
"Utah","return_normal","Past",2021-03-06,"cumulative_all_infections",1010914,1010914,1010914,1024374,1024246,1037960,1037960,1037960
"Utah","status_quo","Past",2021-03-06,"cumulative_all_infections",1010914,1010914,1010914,1024374,1024246,1037960,1037960,1037960
"Utah","linear_increase_sd","Past",2021-03-06,"cumulative_cases",376090,376090,376090,381029,382510,384486,384486,384486
"Utah","return_normal","Past",2021-03-06,"cumulative_cases",376090,376090,376090,381029,382510,384486,384486,384486
"Utah","status_quo","Past",2021-03-06,"cumulative_cases",376090,376090,376090,381029,382510,384486,384486,384486
"Utah","linear_increase_sd","Past",2021-03-06,"cumulative_deaths",2324,2324,2324,2355,2361,2380,2380,2380
"Utah","return_normal","Past",2021-03-06,"cumulative_deaths",2324,2324,2324,2355,2361,2380,2380,2380
"Utah","status_quo","Past",2021-03-06,"cumulative_deaths",2324,2324,2324,2355,2361,2380,2380,2380
"Utah","linear_increase_sd","Past",2021-03-06,"cumulative_hosps",44528,44528,44528,45104,45224,45559,45559,45559
"Utah","return_normal","Past",2021-03-06,"cumulative_hosps",44528,44528,44528,45104,45224,45559,45559,45559
"Utah","status_quo","Past",2021-03-06,"cumulative_hosps",44528,44528,44528,45104,45224,45559,45559,45559
"Utah","linear_increase_sd","Past",2021-03-06,"daily_all_infections",1319,1319,1319,1562,1656,1711,1711,1711
"Utah","return_normal","Past",2021-03-06,"daily_all_infections",1319,1319,1319,1562,1656,1711,1711,1711
"Utah","status_quo","Past",2021-03-06,"daily_all_infections",1319,1319,1319,1562,1656,1711,1711,1711
"Utah","linear_increase_sd","Past",2021-03-06,"daily_cases",626,626,626,700,676,798,798,798
"Utah","return_normal","Past",2021-03-06,"daily_cases",626,626,626,700,676,798,798,798
"Utah","status_quo","Past",2021-03-06,"daily_cases",626,626,626,700,676,798,798,798
"Utah","linear_increase_sd","Past",2021-03-06,"daily_deaths",3,3,3,4,3,4,4,4
"Utah","return_normal","Past",2021-03-06,"daily_deaths",3,3,3,4,3,4,4,4
"Utah","status_quo","Past",2021-03-06,"daily_deaths",3,3,3,4,3,4,4,4
"Utah","linear_increase_sd","Past",2021-03-06,"daily_hosps",81,81,81,91,88,104,104,104
"Utah","return_normal","Past",2021-03-06,"daily_hosps",81,81,81,91,88,104,104,104
"Utah","status_quo","Past",2021-03-06,"daily_hosps",81,81,81,91,88,104,104,104
"Utah","linear_increase_sd","Past",2021-03-06,"latent_trend",NA,NA,NA,0.580129945890863,NA,NA,NA,NA
"Utah","return_normal","Past",2021-03-06,"latent_trend",NA,NA,NA,0.580129945890863,NA,NA,NA,NA
"Utah","status_quo","Past",2021-03-06,"latent_trend",NA,NA,NA,0.580129945890863,NA,NA,NA,NA
"Utah","linear_increase_sd","Past",2021-03-06,"mobility_trend",NA,NA,NA,0.797881838975673,NA,NA,NA,NA
"Utah","return_normal","Past",2021-03-06,"mobility_trend",NA,NA,NA,0.797881838975673,NA,NA,NA,NA
"Utah","status_quo","Past",2021-03-06,"mobility_trend",NA,NA,NA,0.797881838975673,NA,NA,NA,NA
"Utah",NA,"Past",2021-03-07,"actual_cumulative_cases",NA,NA,NA,374850,NA,NA,NA,NA
"Utah",NA,"Past",2021-03-07,"actual_cumulative_deaths",NA,NA,NA,1981,NA,NA,NA,NA
"Utah",NA,"Past",2021-03-07,"actual_daily_cases",NA,NA,NA,412,NA,NA,NA,NA
"Utah",NA,"Past",2021-03-07,"actual_daily_deaths",NA,NA,NA,1,NA,NA,NA,NA
"Utah","linear_increase_sd","Past",2021-03-07,"combined_trend",NA,NA,NA,0.463247532017108,NA,NA,NA,NA
"Utah","return_normal","Past",2021-03-07,"combined_trend",NA,NA,NA,0.463247532017108,NA,NA,NA,NA
"Utah","status_quo","Past",2021-03-07,"combined_trend",NA,NA,NA,0.463247532017108,NA,NA,NA,NA
"Utah","linear_increase_sd","Past",2021-03-07,"cumulative_all_infections",1012577,1012577,1012577,1025908,1025549,1039598,1039598,1039598
"Utah","return_normal","Past",2021-03-07,"cumulative_all_infections",1012577,1012577,1012577,1025908,1025549,1039598,1039598,1039598
"Utah","status_quo","Past",2021-03-07,"cumulative_all_infections",1012577,1012577,1012577,1025908,1025549,1039598,1039598,1039598
"Utah","linear_increase_sd","Past",2021-03-07,"cumulative_cases",376711,376711,376711,381685,383041,385303,385303,385303
"Utah","return_normal","Past",2021-03-07,"cumulative_cases",376711,376711,376711,381685,383041,385303,385303,385303
"Utah","status_quo","Past",2021-03-07,"cumulative_cases",376711,376711,376711,381685,383041,385303,385303,385303
"Utah","linear_increase_sd","Past",2021-03-07,"cumulative_deaths",2328,2328,2328,2360,2365,2385,2385,2385
"Utah","return_normal","Past",2021-03-07,"cumulative_deaths",2328,2328,2328,2360,2365,2385,2385,2385
"Utah","status_quo","Past",2021-03-07,"cumulative_deaths",2328,2328,2328,2360,2365,2385,2385,2385
"Utah","linear_increase_sd","Past",2021-03-07,"cumulative_hosps",44609,44609,44609,45194,45307,45664,45664,45664
"Utah","return_normal","Past",2021-03-07,"cumulative_hosps",44609,44609,44609,45194,45307,45664,45664,45664
"Utah","status_quo","Past",2021-03-07,"cumulative_hosps",44609,44609,44609,45194,45307,45664,45664,45664
"Utah","linear_increase_sd","Past",2021-03-07,"daily_all_infections",1303,1303,1303,1535,1638,1663,1663,1663
"Utah","return_normal","Past",2021-03-07,"daily_all_infections",1303,1303,1303,1535,1638,1663,1663,1663
"Utah","status_quo","Past",2021-03-07,"daily_all_infections",1303,1303,1303,1535,1638,1663,1663,1663
"Utah","linear_increase_sd","Past",2021-03-07,"daily_cases",531,531,531,657,621,817,817,817
"Utah","return_normal","Past",2021-03-07,"daily_cases",531,531,531,657,621,817,817,817
"Utah","status_quo","Past",2021-03-07,"daily_cases",531,531,531,657,621,817,817,817
"Utah","linear_increase_sd","Past",2021-03-07,"daily_deaths",4,4,4,5,4,5,5,5
"Utah","return_normal","Past",2021-03-07,"daily_deaths",4,4,4,5,4,5,5,5
"Utah","status_quo","Past",2021-03-07,"daily_deaths",4,4,4,5,4,5,5,5
"Utah","linear_increase_sd","Past",2021-03-07,"daily_hosps",81,81,81,90,83,105,105,105
"Utah","return_normal","Past",2021-03-07,"daily_hosps",81,81,81,90,83,105,105,105
"Utah","status_quo","Past",2021-03-07,"daily_hosps",81,81,81,90,83,105,105,105
"Utah","linear_increase_sd","Past",2021-03-07,"latent_trend",NA,NA,NA,0.57405850463421,NA,NA,NA,NA
"Utah","return_normal","Past",2021-03-07,"latent_trend",NA,NA,NA,0.57405850463421,NA,NA,NA,NA
"Utah","status_quo","Past",2021-03-07,"latent_trend",NA,NA,NA,0.57405850463421,NA,NA,NA,NA
"Utah","linear_increase_sd","Past",2021-03-07,"mobility_trend",NA,NA,NA,0.806969199615445,NA,NA,NA,NA
"Utah","return_normal","Past",2021-03-07,"mobility_trend",NA,NA,NA,0.806969199615445,NA,NA,NA,NA
"Utah","status_quo","Past",2021-03-07,"mobility_trend",NA,NA,NA,0.806969199615445,NA,NA,NA,NA
"Utah",NA,"Past",2021-03-08,"actual_cumulative_cases",NA,NA,NA,375110,NA,NA,NA,NA
"Utah",NA,"Past",2021-03-08,"actual_cumulative_deaths",NA,NA,NA,1982,NA,NA,NA,NA
"Utah",NA,"Past",2021-03-08,"actual_daily_cases",NA,NA,NA,260,NA,NA,NA,NA
"Utah",NA,"Past",2021-03-08,"actual_daily_deaths",NA,NA,NA,1,NA,NA,NA,NA
"Utah","linear_increase_sd","Past",2021-03-08,"combined_trend",NA,NA,NA,0.463515229293587,NA,NA,NA,NA
"Utah","return_normal","Past",2021-03-08,"combined_trend",NA,NA,NA,0.463515229293587,NA,NA,NA,NA
"Utah","status_quo","Past",2021-03-08,"combined_trend",NA,NA,NA,0.463515229293587,NA,NA,NA,NA
"Utah","linear_increase_sd","Past",2021-03-08,"cumulative_all_infections",1014230,1014230,1014230,1027409,1026847,1041149,1041149,1041149
"Utah","return_normal","Past",2021-03-08,"cumulative_all_infections",1014230,1014230,1014230,1027409,1026847,1041149,1041149,1041149
"Utah","status_quo","Past",2021-03-08,"cumulative_all_infections",1014230,1014230,1014230,1027409,1026847,1041149,1041149,1041149
"Utah","linear_increase_sd","Past",2021-03-08,"cumulative_cases",377343,377343,377343,382311,383566,386022,386022,386022
"Utah","return_normal","Past",2021-03-08,"cumulative_cases",377343,377343,377343,382311,383566,386022,386022,386022
"Utah","status_quo","Past",2021-03-08,"cumulative_cases",377343,377343,377343,382311,383566,386022,386022,386022
"Utah","linear_increase_sd","Past",2021-03-08,"cumulative_deaths",2331,2331,2331,2363,2369,2389,2389,2389
"Utah","return_normal","Past",2021-03-08,"cumulative_deaths",2331,2331,2331,2363,2369,2389,2389,2389
"Utah","status_quo","Past",2021-03-08,"cumulative_deaths",2331,2331,2331,2363,2369,2389,2389,2389
"Utah","linear_increase_sd","Past",2021-03-08,"cumulative_hosps",44690,44690,44690,45282,45388,45766,45766,45766
"Utah","return_normal","Past",2021-03-08,"cumulative_hosps",44690,44690,44690,45282,45388,45766,45766,45766
"Utah","status_quo","Past",2021-03-08,"cumulative_hosps",44690,44690,44690,45282,45388,45766,45766,45766
"Utah","linear_increase_sd","Past",2021-03-08,"daily_all_infections",1298,1298,1298,1501,1551,1653,1653,1653
"Utah","return_normal","Past",2021-03-08,"daily_all_infections",1298,1298,1298,1501,1551,1653,1653,1653
"Utah","status_quo","Past",2021-03-08,"daily_all_infections",1298,1298,1298,1501,1551,1653,1653,1653
"Utah","linear_increase_sd","Past",2021-03-08,"daily_cases",525,525,525,626,632,719,719,719
"Utah","return_normal","Past",2021-03-08,"daily_cases",525,525,525,626,632,719,719,719
"Utah","status_quo","Past",2021-03-08,"daily_cases",525,525,525,626,632,719,719,719
"Utah","linear_increase_sd","Past",2021-03-08,"daily_deaths",3,3,3,4,4,4,4,4
"Utah","return_normal","Past",2021-03-08,"daily_deaths",3,3,3,4,4,4,4,4
"Utah","status_quo","Past",2021-03-08,"daily_deaths",3,3,3,4,4,4,4,4
"Utah","linear_increase_sd","Past",2021-03-08,"daily_hosps",81,81,81,88,81,102,102,102
"Utah","return_normal","Past",2021-03-08,"daily_hosps",81,81,81,88,81,102,102,102
"Utah","status_quo","Past",2021-03-08,"daily_hosps",81,81,81,88,81,102,102,102
"Utah","linear_increase_sd","Past",2021-03-08,"latent_trend",NA,NA,NA,0.568035421412634,NA,NA,NA,NA
"Utah","return_normal","Past",2021-03-08,"latent_trend",NA,NA,NA,0.568035421412634,NA,NA,NA,NA
"Utah","status_quo","Past",2021-03-08,"latent_trend",NA,NA,NA,0.568035421412634,NA,NA,NA,NA
"Utah","linear_increase_sd","Past",2021-03-08,"mobility_trend",NA,NA,NA,0.815997051981163,NA,NA,NA,NA
"Utah","return_normal","Past",2021-03-08,"mobility_trend",NA,NA,NA,0.815997051981163,NA,NA,NA,NA
"Utah","status_quo","Past",2021-03-08,"mobility_trend",NA,NA,NA,0.815997051981163,NA,NA,NA,NA
"Utah",NA,"Past",2021-03-09,"actual_cumulative_cases",NA,NA,NA,375669,NA,NA,NA,NA
"Utah",NA,"Past",2021-03-09,"actual_cumulative_deaths",NA,NA,NA,1995,NA,NA,NA,NA
"Utah",NA,"Past",2021-03-09,"actual_daily_cases",NA,NA,NA,559,NA,NA,NA,NA
"Utah",NA,"Past",2021-03-09,"actual_daily_deaths",NA,NA,NA,13,NA,NA,NA,NA
"Utah","linear_increase_sd","Past",2021-03-09,"combined_trend",NA,NA,NA,0.463703422844315,NA,NA,NA,NA
"Utah","return_normal","Past",2021-03-09,"combined_trend",NA,NA,NA,0.463703422844315,NA,NA,NA,NA
"Utah","status_quo","Past",2021-03-09,"combined_trend",NA,NA,NA,0.463703422844315,NA,NA,NA,NA
"Utah","linear_increase_sd","Past",2021-03-09,"cumulative_all_infections",1015872,1015872,1015872,1028878,1028140,1042621,1042621,1042621
"Utah","return_normal","Past",2021-03-09,"cumulative_all_infections",1015872,1015872,1015872,1028878,1028140,1042621,1042621,1042621
"Utah","status_quo","Past",2021-03-09,"cumulative_all_infections",1015872,1015872,1015872,1028878,1028140,1042621,1042621,1042621
"Utah","linear_increase_sd","Past",2021-03-09,"cumulative_cases",378002,378002,378002,382962,384076,386806,386806,386806
"Utah","return_normal","Past",2021-03-09,"cumulative_cases",378002,378002,378002,382962,384076,386806,386806,386806
"Utah","status_quo","Past",2021-03-09,"cumulative_cases",378002,378002,378002,382962,384076,386806,386806,386806
"Utah","linear_increase_sd","Past",2021-03-09,"cumulative_deaths",2334,2334,2334,2367,2374,2393,2393,2393
"Utah","return_normal","Past",2021-03-09,"cumulative_deaths",2334,2334,2334,2367,2374,2393,2393,2393
"Utah","status_quo","Past",2021-03-09,"cumulative_deaths",2334,2334,2334,2367,2374,2393,2393,2393
"Utah","linear_increase_sd","Past",2021-03-09,"cumulative_hosps",44770,44770,44770,45368,45466,45867,45867,45867
"Utah","return_normal","Past",2021-03-09,"cumulative_hosps",44770,44770,44770,45368,45466,45867,45867,45867
"Utah","status_quo","Past",2021-03-09,"cumulative_hosps",44770,44770,44770,45368,45466,45867,45867,45867
"Utah","linear_increase_sd","Past",2021-03-09,"daily_all_infections",1293,1293,1293,1469,1472,1642,1642,1642
"Utah","return_normal","Past",2021-03-09,"daily_all_infections",1293,1293,1293,1469,1472,1642,1642,1642
"Utah","status_quo","Past",2021-03-09,"daily_all_infections",1293,1293,1293,1469,1472,1642,1642,1642
"Utah","linear_increase_sd","Past",2021-03-09,"daily_cases",510,510,510,651,659,784,784,784
"Utah","return_normal","Past",2021-03-09,"daily_cases",510,510,510,651,659,784,784,784
"Utah","status_quo","Past",2021-03-09,"daily_cases",510,510,510,651,659,784,784,784
"Utah","linear_increase_sd","Past",2021-03-09,"daily_deaths",3,3,3,4,4,5,5,5
"Utah","return_normal","Past",2021-03-09,"daily_deaths",3,3,3,4,4,5,5,5
"Utah","status_quo","Past",2021-03-09,"daily_deaths",3,3,3,4,4,5,5,5
"Utah","linear_increase_sd","Past",2021-03-09,"daily_hosps",78,78,78,87,80,101,101,101
"Utah","return_normal","Past",2021-03-09,"daily_hosps",78,78,78,87,80,101,101,101
"Utah","status_quo","Past",2021-03-09,"daily_hosps",78,78,78,87,80,101,101,101
"Utah","linear_increase_sd","Past",2021-03-09,"latent_trend",NA,NA,NA,0.562130061657432,NA,NA,NA,NA
"Utah","return_normal","Past",2021-03-09,"latent_trend",NA,NA,NA,0.562130061657432,NA,NA,NA,NA
"Utah","status_quo","Past",2021-03-09,"latent_trend",NA,NA,NA,0.562130061657432,NA,NA,NA,NA
"Utah","linear_increase_sd","Past",2021-03-09,"mobility_trend",NA,NA,NA,0.824904153812896,NA,NA,NA,NA
"Utah","return_normal","Past",2021-03-09,"mobility_trend",NA,NA,NA,0.824904153812896,NA,NA,NA,NA
"Utah","status_quo","Past",2021-03-09,"mobility_trend",NA,NA,NA,0.824904153812896,NA,NA,NA,NA
"Utah",NA,"Past",2021-03-10,"actual_cumulative_cases",NA,NA,NA,376327,NA,NA,NA,NA
"Utah",NA,"Past",2021-03-10,"actual_cumulative_deaths",NA,NA,NA,1997,NA,NA,NA,NA
"Utah",NA,"Past",2021-03-10,"actual_daily_cases",NA,NA,NA,658,NA,NA,NA,NA
"Utah",NA,"Past",2021-03-10,"actual_daily_deaths",NA,NA,NA,2,NA,NA,NA,NA
"Utah","linear_increase_sd","Past",2021-03-10,"combined_trend",NA,NA,NA,0.46384385147046,NA,NA,NA,NA
"Utah","return_normal","Past",2021-03-10,"combined_trend",NA,NA,NA,0.46384385147046,NA,NA,NA,NA
"Utah","status_quo","Past",2021-03-10,"combined_trend",NA,NA,NA,0.46384385147046,NA,NA,NA,NA
"Utah","linear_increase_sd","Past",2021-03-10,"cumulative_all_infections",1017525,1017525,1017525,1030321,1029429,1044008,1044008,1044008
"Utah","return_normal","Past",2021-03-10,"cumulative_all_infections",1017525,1017525,1017525,1030321,1029429,1044008,1044008,1044008
"Utah","status_quo","Past",2021-03-10,"cumulative_all_infections",1017525,1017525,1017525,1030321,1029429,1044008,1044008,1044008
"Utah","linear_increase_sd","Past",2021-03-10,"cumulative_cases",378650,378650,378650,383565,384541,387502,387502,387502
"Utah","return_normal","Past",2021-03-10,"cumulative_cases",378650,378650,378650,383565,384541,387502,387502,387502
"Utah","status_quo","Past",2021-03-10,"cumulative_cases",378650,378650,378650,383565,384541,387502,387502,387502
"Utah","linear_increase_sd","Past",2021-03-10,"cumulative_deaths",2337,2337,2337,2371,2378,2397,2397,2397
"Utah","return_normal","Past",2021-03-10,"cumulative_deaths",2337,2337,2337,2371,2378,2397,2397,2397
"Utah","status_quo","Past",2021-03-10,"cumulative_deaths",2337,2337,2337,2371,2378,2397,2397,2397
"Utah","linear_increase_sd","Past",2021-03-10,"cumulative_hosps",44850,44850,44850,45454,45542,45969,45969,45969
"Utah","return_normal","Past",2021-03-10,"cumulative_hosps",44850,44850,44850,45454,45542,45969,45969,45969
"Utah","status_quo","Past",2021-03-10,"cumulative_hosps",44850,44850,44850,45454,45542,45969,45969,45969
"Utah","linear_increase_sd","Past",2021-03-10,"daily_all_infections",1289,1289,1289,1443,1387,1653,1653,1653
"Utah","return_normal","Past",2021-03-10,"daily_all_infections",1289,1289,1289,1443,1387,1653,1653,1653
"Utah","status_quo","Past",2021-03-10,"daily_all_infections",1289,1289,1289,1443,1387,1653,1653,1653
"Utah","linear_increase_sd","Past",2021-03-10,"daily_cases",465,465,465,603,648,696,696,696
"Utah","return_normal","Past",2021-03-10,"daily_cases",465,465,465,603,648,696,696,696
"Utah","status_quo","Past",2021-03-10,"daily_cases",465,465,465,603,648,696,696,696
"Utah","linear_increase_sd","Past",2021-03-10,"daily_deaths",3,3,3,4,4,4,4,4
"Utah","return_normal","Past",2021-03-10,"daily_deaths",3,3,3,4,4,4,4,4
"Utah","status_quo","Past",2021-03-10,"daily_deaths",3,3,3,4,4,4,4,4
"Utah","linear_increase_sd","Past",2021-03-10,"daily_hosps",76,76,76,86,80,102,102,102
"Utah","return_normal","Past",2021-03-10,"daily_hosps",76,76,76,86,80,102,102,102
"Utah","status_quo","Past",2021-03-10,"daily_hosps",76,76,76,86,80,102,102,102
"Utah","linear_increase_sd","Past",2021-03-10,"latent_trend",NA,NA,NA,0.556412434836264,NA,NA,NA,NA
"Utah","return_normal","Past",2021-03-10,"latent_trend",NA,NA,NA,0.556412434836264,NA,NA,NA,NA
"Utah","status_quo","Past",2021-03-10,"latent_trend",NA,NA,NA,0.556412434836264,NA,NA,NA,NA
"Utah","linear_increase_sd","Past",2021-03-10,"mobility_trend",NA,NA,NA,0.833633151291733,NA,NA,NA,NA
"Utah","return_normal","Past",2021-03-10,"mobility_trend",NA,NA,NA,0.833633151291733,NA,NA,NA,NA
"Utah","status_quo","Past",2021-03-10,"mobility_trend",NA,NA,NA,0.833633151291733,NA,NA,NA,NA
"Utah",NA,"Past",2021-03-11,"actual_cumulative_cases",NA,NA,NA,376973,NA,NA,NA,NA
"Utah",NA,"Past",2021-03-11,"actual_cumulative_deaths",NA,NA,NA,2020,NA,NA,NA,NA
"Utah",NA,"Past",2021-03-11,"actual_daily_cases",NA,NA,NA,646,NA,NA,NA,NA
"Utah",NA,"Past",2021-03-11,"actual_daily_deaths",NA,NA,NA,23,NA,NA,NA,NA
"Utah","linear_increase_sd","Past",2021-03-11,"combined_trend",NA,NA,NA,0.463980767637887,NA,NA,NA,NA
"Utah","return_normal","Past",2021-03-11,"combined_trend",NA,NA,NA,0.463980767637887,NA,NA,NA,NA
"Utah","status_quo","Past",2021-03-11,"combined_trend",NA,NA,NA,0.463980767637887,NA,NA,NA,NA
"Utah","linear_increase_sd","Past",2021-03-11,"cumulative_all_infections",1019165,1019165,1019165,1031733,1030721,1045313,1045313,1045313
"Utah","return_normal","Past",2021-03-11,"cumulative_all_infections",1019165,1019165,1019165,1031733,1030721,1045313,1045313,1045313
"Utah","status_quo","Past",2021-03-11,"cumulative_all_infections",1019165,1019165,1019165,1031733,1030721,1045313,1045313,1045313
"Utah","linear_increase_sd","Past",2021-03-11,"cumulative_cases",379282,379282,379282,384202,385098,388226,388226,388226
"Utah","return_normal","Past",2021-03-11,"cumulative_cases",379282,379282,379282,384202,385098,388226,388226,388226
"Utah","status_quo","Past",2021-03-11,"cumulative_cases",379282,379282,379282,384202,385098,388226,388226,388226
"Utah","linear_increase_sd","Past",2021-03-11,"cumulative_deaths",2340,2340,2340,2374,2382,2400,2400,2400
"Utah","return_normal","Past",2021-03-11,"cumulative_deaths",2340,2340,2340,2374,2382,2400,2400,2400
"Utah","status_quo","Past",2021-03-11,"cumulative_deaths",2340,2340,2340,2374,2382,2400,2400,2400
"Utah","linear_increase_sd","Past",2021-03-11,"cumulative_hosps",44929,44929,44929,45537,45615,46065,46065,46065
"Utah","return_normal","Past",2021-03-11,"cumulative_hosps",44929,44929,44929,45537,45615,46065,46065,46065
"Utah","status_quo","Past",2021-03-11,"cumulative_hosps",44929,44929,44929,45537,45615,46065,46065,46065
"Utah","linear_increase_sd","Past",2021-03-11,"daily_all_infections",1292,1292,1292,1413,1305,1640,1640,1640
"Utah","return_normal","Past",2021-03-11,"daily_all_infections",1292,1292,1292,1413,1305,1640,1640,1640
"Utah","status_quo","Past",2021-03-11,"daily_all_infections",1292,1292,1292,1413,1305,1640,1640,1640
"Utah","linear_increase_sd","Past",2021-03-11,"daily_cases",557,557,557,638,632,724,724,724
"Utah","return_normal","Past",2021-03-11,"daily_cases",557,557,557,638,632,724,724,724
"Utah","status_quo","Past",2021-03-11,"daily_cases",557,557,557,638,632,724,724,724
"Utah","linear_increase_sd","Past",2021-03-11,"daily_deaths",3,3,3,4,3,4,4,4
"Utah","return_normal","Past",2021-03-11,"daily_deaths",3,3,3,4,3,4,4,4
"Utah","status_quo","Past",2021-03-11,"daily_deaths",3,3,3,4,3,4,4,4
"Utah","linear_increase_sd","Past",2021-03-11,"daily_hosps",73,73,73,83,79,96,96,96
"Utah","return_normal","Past",2021-03-11,"daily_hosps",73,73,73,83,79,96,96,96
"Utah","status_quo","Past",2021-03-11,"daily_hosps",73,73,73,83,79,96,96,96
"Utah","linear_increase_sd","Past",2021-03-11,"latent_trend",NA,NA,NA,0.550952966370818,NA,NA,NA,NA
"Utah","return_normal","Past",2021-03-11,"latent_trend",NA,NA,NA,0.550952966370818,NA,NA,NA,NA
"Utah","status_quo","Past",2021-03-11,"latent_trend",NA,NA,NA,0.550952966370818,NA,NA,NA,NA
"Utah","linear_increase_sd","Past",2021-03-11,"mobility_trend",NA,NA,NA,0.842142244362843,NA,NA,NA,NA
"Utah","return_normal","Past",2021-03-11,"mobility_trend",NA,NA,NA,0.842142244362843,NA,NA,NA,NA
"Utah","status_quo","Past",2021-03-11,"mobility_trend",NA,NA,NA,0.842142244362843,NA,NA,NA,NA
"Utah",NA,"Past",2021-03-12,"actual_cumulative_cases",NA,NA,NA,377492,NA,NA,NA,NA
"Utah",NA,"Past",2021-03-12,"actual_cumulative_deaths",NA,NA,NA,2022,NA,NA,NA,NA
"Utah",NA,"Past",2021-03-12,"actual_daily_cases",NA,NA,NA,519,NA,NA,NA,NA
"Utah",NA,"Past",2021-03-12,"actual_daily_deaths",NA,NA,NA,2,NA,NA,NA,NA
"Utah","linear_increase_sd","Past",2021-03-12,"combined_trend",NA,NA,NA,0.464163731355485,NA,NA,NA,NA
"Utah","return_normal","Past",2021-03-12,"combined_trend",NA,NA,NA,0.464163731355485,NA,NA,NA,NA
"Utah","status_quo","Past",2021-03-12,"combined_trend",NA,NA,NA,0.464163731355485,NA,NA,NA,NA
"Utah","linear_increase_sd","Past",2021-03-12,"cumulative_all_infections",1020804,1020804,1020804,1033122,1032014,1046547,1046547,1046547
"Utah","return_normal","Past",2021-03-12,"cumulative_all_infections",1020804,1020804,1020804,1033122,1032014,1046547,1046547,1046547
"Utah","status_quo","Past",2021-03-12,"cumulative_all_infections",1020804,1020804,1020804,1033122,1032014,1046547,1046547,1046547
"Utah","linear_increase_sd","Past",2021-03-12,"cumulative_cases",379949,379949,379949,384820,385619,388891,388891,388891
"Utah","return_normal","Past",2021-03-12,"cumulative_cases",379949,379949,379949,384820,385619,388891,388891,388891
"Utah","status_quo","Past",2021-03-12,"cumulative_cases",379949,379949,379949,384820,385619,388891,388891,388891
"Utah","linear_increase_sd","Past",2021-03-12,"cumulative_deaths",2343,2343,2343,2378,2386,2403,2403,2403
"Utah","return_normal","Past",2021-03-12,"cumulative_deaths",2343,2343,2343,2378,2386,2403,2403,2403
"Utah","status_quo","Past",2021-03-12,"cumulative_deaths",2343,2343,2343,2378,2386,2403,2403,2403
"Utah","linear_increase_sd","Past",2021-03-12,"cumulative_hosps",45009,45009,45009,45619,45685,46161,46161,46161
"Utah","return_normal","Past",2021-03-12,"cumulative_hosps",45009,45009,45009,45619,45685,46161,46161,46161
"Utah","status_quo","Past",2021-03-12,"cumulative_hosps",45009,45009,45009,45619,45685,46161,46161,46161
"Utah","linear_increase_sd","Past",2021-03-12,"daily_all_infections",1234,1234,1234,1389,1293,1639,1639,1639
"Utah","return_normal","Past",2021-03-12,"daily_all_infections",1234,1234,1234,1389,1293,1639,1639,1639
"Utah","status_quo","Past",2021-03-12,"daily_all_infections",1234,1234,1234,1389,1293,1639,1639,1639
"Utah","linear_increase_sd","Past",2021-03-12,"daily_cases",521,521,521,618,665,667,667,667
"Utah","return_normal","Past",2021-03-12,"daily_cases",521,521,521,618,665,667,667,667
"Utah","status_quo","Past",2021-03-12,"daily_cases",521,521,521,618,665,667,667,667
"Utah","linear_increase_sd","Past",2021-03-12,"daily_deaths",3,3,3,4,3,4,4,4
"Utah","return_normal","Past",2021-03-12,"daily_deaths",3,3,3,4,3,4,4,4
"Utah","status_quo","Past",2021-03-12,"daily_deaths",3,3,3,4,3,4,4,4
"Utah","linear_increase_sd","Past",2021-03-12,"daily_hosps",70,70,70,82,80,96,96,96
"Utah","return_normal","Past",2021-03-12,"daily_hosps",70,70,70,82,80,96,96,96
"Utah","status_quo","Past",2021-03-12,"daily_hosps",70,70,70,82,80,96,96,96
"Utah","linear_increase_sd","Past",2021-03-12,"latent_trend",NA,NA,NA,0.545822280706651,NA,NA,NA,NA
"Utah","return_normal","Past",2021-03-12,"latent_trend",NA,NA,NA,0.545822280706651,NA,NA,NA,NA
"Utah","status_quo","Past",2021-03-12,"latent_trend",NA,NA,NA,0.545822280706651,NA,NA,NA,NA
"Utah","linear_increase_sd","Past",2021-03-12,"mobility_trend",NA,NA,NA,0.850393521412416,NA,NA,NA,NA
"Utah","return_normal","Past",2021-03-12,"mobility_trend",NA,NA,NA,0.850393521412416,NA,NA,NA,NA
"Utah","status_quo","Past",2021-03-12,"mobility_trend",NA,NA,NA,0.850393521412416,NA,NA,NA,NA
"Utah",NA,"Past",2021-03-13,"actual_cumulative_cases",NA,NA,NA,377983,NA,NA,NA,NA
"Utah",NA,"Past",2021-03-13,"actual_cumulative_deaths",NA,NA,NA,2026,NA,NA,NA,NA
"Utah",NA,"Past",2021-03-13,"actual_daily_cases",NA,NA,NA,491,NA,NA,NA,NA
"Utah",NA,"Past",2021-03-13,"actual_daily_deaths",NA,NA,NA,4,NA,NA,NA,NA
"Utah","linear_increase_sd","Past",2021-03-13,"combined_trend",NA,NA,NA,0.464444964137842,NA,NA,NA,NA
"Utah","return_normal","Past",2021-03-13,"combined_trend",NA,NA,NA,0.464444964137842,NA,NA,NA,NA
"Utah","status_quo","Past",2021-03-13,"combined_trend",NA,NA,NA,0.464444964137842,NA,NA,NA,NA
"Utah","linear_increase_sd","Past",2021-03-13,"cumulative_all_infections",1022431,1022431,1022431,1034485,1033312,1047711,1047711,1047711
"Utah","return_normal","Past",2021-03-13,"cumulative_all_infections",1022431,1022431,1022431,1034485,1033312,1047711,1047711,1047711
"Utah","status_quo","Past",2021-03-13,"cumulative_all_infections",1022431,1022431,1022431,1034485,1033312,1047711,1047711,1047711
"Utah","linear_increase_sd","Past",2021-03-13,"cumulative_cases",380577,380577,380577,385411,386128,389528,389528,389528
"Utah","return_normal","Past",2021-03-13,"cumulative_cases",380577,380577,380577,385411,386128,389528,389528,389528
"Utah","status_quo","Past",2021-03-13,"cumulative_cases",380577,380577,380577,385411,386128,389528,389528,389528
"Utah","linear_increase_sd","Past",2021-03-13,"cumulative_deaths",2346,2346,2346,2381,2390,2406,2406,2406
"Utah","return_normal","Past",2021-03-13,"cumulative_deaths",2346,2346,2346,2381,2390,2406,2406,2406
"Utah","status_quo","Past",2021-03-13,"cumulative_deaths",2346,2346,2346,2381,2390,2406,2406,2406
"Utah","linear_increase_sd","Past",2021-03-13,"cumulative_hosps",45087,45087,45087,45699,45754,46254,46254,46254
"Utah","return_normal","Past",2021-03-13,"cumulative_hosps",45087,45087,45087,45699,45754,46254,46254,46254
"Utah","status_quo","Past",2021-03-13,"cumulative_hosps",45087,45087,45087,45699,45754,46254,46254,46254
"Utah","linear_increase_sd","Past",2021-03-13,"daily_all_infections",1164,1164,1164,1363,1298,1627,1627,1627
"Utah","return_normal","Past",2021-03-13,"daily_all_infections",1164,1164,1164,1363,1298,1627,1627,1627
"Utah","status_quo","Past",2021-03-13,"daily_all_infections",1164,1164,1164,1363,1298,1627,1627,1627
"Utah","linear_increase_sd","Past",2021-03-13,"daily_cases",509,509,509,592,628,637,637,637
"Utah","return_normal","Past",2021-03-13,"daily_cases",509,509,509,592,628,637,637,637
"Utah","status_quo","Past",2021-03-13,"daily_cases",509,509,509,592,628,637,637,637
"Utah","linear_increase_sd","Past",2021-03-13,"daily_deaths",3,3,3,4,3,4,4,4
"Utah","return_normal","Past",2021-03-13,"daily_deaths",3,3,3,4,3,4,4,4
"Utah","status_quo","Past",2021-03-13,"daily_deaths",3,3,3,4,3,4,4,4
"Utah","linear_increase_sd","Past",2021-03-13,"daily_hosps",69,69,69,80,78,93,93,93
"Utah","return_normal","Past",2021-03-13,"daily_hosps",69,69,69,80,78,93,93,93
"Utah","status_quo","Past",2021-03-13,"daily_hosps",69,69,69,80,78,93,93,93
"Utah","linear_increase_sd","Past",2021-03-13,"latent_trend",NA,NA,NA,0.541091008219481,NA,NA,NA,NA
"Utah","return_normal","Past",2021-03-13,"latent_trend",NA,NA,NA,0.541091008219481,NA,NA,NA,NA
"Utah","status_quo","Past",2021-03-13,"latent_trend",NA,NA,NA,0.541091008219481,NA,NA,NA,NA
"Utah","linear_increase_sd","Past",2021-03-13,"mobility_trend",NA,NA,NA,0.858349070826641,NA,NA,NA,NA
"Utah","return_normal","Past",2021-03-13,"mobility_trend",NA,NA,NA,0.858349070826641,NA,NA,NA,NA
"Utah","status_quo","Past",2021-03-13,"mobility_trend",NA,NA,NA,0.858349070826641,NA,NA,NA,NA
"Utah",NA,"Past",2021-03-14,"actual_cumulative_cases",NA,NA,NA,378379,NA,NA,NA,NA
"Utah",NA,"Past",2021-03-14,"actual_cumulative_deaths",NA,NA,NA,2032,NA,NA,NA,NA
"Utah",NA,"Past",2021-03-14,"actual_daily_cases",NA,NA,NA,396,NA,NA,NA,NA
"Utah",NA,"Past",2021-03-14,"actual_daily_deaths",NA,NA,NA,6,NA,NA,NA,NA
"Utah","linear_increase_sd","Past",2021-03-14,"combined_trend",NA,NA,NA,0.464876493798306,NA,NA,NA,NA
"Utah","return_normal","Past",2021-03-14,"combined_trend",NA,NA,NA,0.464876493798306,NA,NA,NA,NA
"Utah","status_quo","Past",2021-03-14,"combined_trend",NA,NA,NA,0.464876493798306,NA,NA,NA,NA
"Utah","linear_increase_sd","Past",2021-03-14,"cumulative_all_infections",1024050,1024050,1024050,1035823,1034612,1048806,1048806,1048806
"Utah","return_normal","Past",2021-03-14,"cumulative_all_infections",1024050,1024050,1024050,1035823,1034612,1048806,1048806,1048806
"Utah","status_quo","Past",2021-03-14,"cumulative_all_infections",1024050,1024050,1024050,1035823,1034612,1048806,1048806,1048806
"Utah","linear_increase_sd","Past",2021-03-14,"cumulative_cases",381128,381128,381128,385966,386628,390141,390141,390141
"Utah","return_normal","Past",2021-03-14,"cumulative_cases",381128,381128,381128,385966,386628,390141,390141,390141
"Utah","status_quo","Past",2021-03-14,"cumulative_cases",381128,381128,381128,385966,386628,390141,390141,390141
"Utah","linear_increase_sd","Past",2021-03-14,"cumulative_deaths",2349,2349,2349,2384,2394,2409,2409,2409
"Utah","return_normal","Past",2021-03-14,"cumulative_deaths",2349,2349,2349,2384,2394,2409,2409,2409
"Utah","status_quo","Past",2021-03-14,"cumulative_deaths",2349,2349,2349,2384,2394,2409,2409,2409
"Utah","linear_increase_sd","Past",2021-03-14,"cumulative_hosps",45165,45165,45165,45777,45822,46344,46344,46344
"Utah","return_normal","Past",2021-03-14,"cumulative_hosps",45165,45165,45165,45777,45822,46344,46344,46344
"Utah","status_quo","Past",2021-03-14,"cumulative_hosps",45165,45165,45165,45777,45822,46344,46344,46344
"Utah","linear_increase_sd","Past",2021-03-14,"daily_all_infections",1095,1095,1095,1338,1300,1619,1619,1619
"Utah","return_normal","Past",2021-03-14,"daily_all_infections",1095,1095,1095,1338,1300,1619,1619,1619
"Utah","status_quo","Past",2021-03-14,"daily_all_infections",1095,1095,1095,1338,1300,1619,1619,1619
"Utah","linear_increase_sd","Past",2021-03-14,"daily_cases",500,500,500,555,551,613,613,613
"Utah","return_normal","Past",2021-03-14,"daily_cases",500,500,500,555,551,613,613,613
"Utah","status_quo","Past",2021-03-14,"daily_cases",500,500,500,555,551,613,613,613
"Utah","linear_increase_sd","Past",2021-03-14,"daily_deaths",3,3,3,4,3,4,4,4
"Utah","return_normal","Past",2021-03-14,"daily_deaths",3,3,3,4,3,4,4,4
"Utah","status_quo","Past",2021-03-14,"daily_deaths",3,3,3,4,3,4,4,4
"Utah","linear_increase_sd","Past",2021-03-14,"daily_hosps",68,68,68,79,78,90,90,90
"Utah","return_normal","Past",2021-03-14,"daily_hosps",68,68,68,79,78,90,90,90
"Utah","status_quo","Past",2021-03-14,"daily_hosps",68,68,68,79,78,90,90,90
"Utah","linear_increase_sd","Past",2021-03-14,"latent_trend",NA,NA,NA,0.536829625823585,NA,NA,NA,NA
"Utah","return_normal","Past",2021-03-14,"latent_trend",NA,NA,NA,0.536829625823585,NA,NA,NA,NA
"Utah","status_quo","Past",2021-03-14,"latent_trend",NA,NA,NA,0.536829625823585,NA,NA,NA,NA
"Utah","linear_increase_sd","Past",2021-03-14,"mobility_trend",NA,NA,NA,0.865966540287542,NA,NA,NA,NA
"Utah","return_normal","Past",2021-03-14,"mobility_trend",NA,NA,NA,0.865966540287542,NA,NA,NA,NA
"Utah","status_quo","Past",2021-03-14,"mobility_trend",NA,NA,NA,0.865966540287542,NA,NA,NA,NA
"Utah",NA,"Past",2021-03-15,"actual_cumulative_cases",NA,NA,NA,378600,NA,NA,NA,NA
"Utah",NA,"Past",2021-03-15,"actual_cumulative_deaths",NA,NA,NA,2032,NA,NA,NA,NA
"Utah",NA,"Past",2021-03-15,"actual_daily_cases",NA,NA,NA,221,NA,NA,NA,NA
"Utah",NA,"Past",2021-03-15,"actual_daily_deaths",NA,NA,NA,0,NA,NA,NA,NA
"Utah","linear_increase_sd","Past",2021-03-15,"combined_trend",NA,NA,NA,0.465502637921232,NA,NA,NA,NA
"Utah","return_normal","Past",2021-03-15,"combined_trend",NA,NA,NA,0.465502637921232,NA,NA,NA,NA
"Utah","status_quo","Past",2021-03-15,"combined_trend",NA,NA,NA,0.465502637921232,NA,NA,NA,NA
"Utah","linear_increase_sd","Past",2021-03-15,"cumulative_all_infections",1025657,1025657,1025657,1037142,1035927,1049841,1049841,1049841
"Utah","return_normal","Past",2021-03-15,"cumulative_all_infections",1025657,1025657,1025657,1037142,1035927,1049841,1049841,1049841
"Utah","status_quo","Past",2021-03-15,"cumulative_all_infections",1025657,1025657,1025657,1037142,1035927,1049841,1049841,1049841
"Utah","linear_increase_sd","Past",2021-03-15,"cumulative_cases",381791,381791,381791,386537,387148,390671,390671,390671
"Utah","return_normal","Past",2021-03-15,"cumulative_cases",381791,381791,381791,386537,387148,390671,390671,390671
"Utah","status_quo","Past",2021-03-15,"cumulative_cases",381791,381791,381791,386537,387148,390671,390671,390671
"Utah","linear_increase_sd","Past",2021-03-15,"cumulative_deaths",2352,2352,2352,2388,2398,2412,2412,2412
"Utah","return_normal","Past",2021-03-15,"cumulative_deaths",2352,2352,2352,2388,2398,2412,2412,2412
"Utah","status_quo","Past",2021-03-15,"cumulative_deaths",2352,2352,2352,2388,2398,2412,2412,2412
"Utah","linear_increase_sd","Past",2021-03-15,"cumulative_hosps",45244,45244,45244,45855,45888,46433,46433,46433
"Utah","return_normal","Past",2021-03-15,"cumulative_hosps",45244,45244,45244,45855,45888,46433,46433,46433
"Utah","status_quo","Past",2021-03-15,"cumulative_hosps",45244,45244,45244,45855,45888,46433,46433,46433
"Utah","linear_increase_sd","Past",2021-03-15,"daily_all_infections",1035,1035,1035,1319,1315,1607,1607,1607
"Utah","return_normal","Past",2021-03-15,"daily_all_infections",1035,1035,1035,1319,1315,1607,1607,1607
"Utah","status_quo","Past",2021-03-15,"daily_all_infections",1035,1035,1035,1319,1315,1607,1607,1607
"Utah","linear_increase_sd","Past",2021-03-15,"daily_cases",520,520,520,571,530,663,663,663
"Utah","return_normal","Past",2021-03-15,"daily_cases",520,520,520,571,530,663,663,663
"Utah","status_quo","Past",2021-03-15,"daily_cases",520,520,520,571,530,663,663,663
"Utah","linear_increase_sd","Past",2021-03-15,"daily_deaths",3,3,3,4,3,4,4,4
"Utah","return_normal","Past",2021-03-15,"daily_deaths",3,3,3,4,3,4,4,4
"Utah","status_quo","Past",2021-03-15,"daily_deaths",3,3,3,4,3,4,4,4
"Utah","linear_increase_sd","Past",2021-03-15,"daily_hosps",66,66,66,78,79,89,89,89
"Utah","return_normal","Past",2021-03-15,"daily_hosps",66,66,66,78,79,89,89,89
"Utah","status_quo","Past",2021-03-15,"daily_hosps",66,66,66,78,79,89,89,89
"Utah","linear_increase_sd","Past",2021-03-15,"latent_trend",NA,NA,NA,0.533108337430134,NA,NA,NA,NA
"Utah","return_normal","Past",2021-03-15,"latent_trend",NA,NA,NA,0.533108337430134,NA,NA,NA,NA
"Utah","status_quo","Past",2021-03-15,"latent_trend",NA,NA,NA,0.533108337430134,NA,NA,NA,NA
"Utah","linear_increase_sd","Past",2021-03-15,"mobility_trend",NA,NA,NA,0.873185814660491,NA,NA,NA,NA
"Utah","return_normal","Past",2021-03-15,"mobility_trend",NA,NA,NA,0.873185814660491,NA,NA,NA,NA
"Utah","status_quo","Past",2021-03-15,"mobility_trend",NA,NA,NA,0.873185814660491,NA,NA,NA,NA
"Utah",NA,"Past",2021-03-16,"actual_cumulative_cases",NA,NA,NA,379081,NA,NA,NA,NA
"Utah",NA,"Past",2021-03-16,"actual_cumulative_deaths",NA,NA,NA,2037,NA,NA,NA,NA
"Utah",NA,"Past",2021-03-16,"actual_daily_cases",NA,NA,NA,481,NA,NA,NA,NA
"Utah",NA,"Past",2021-03-16,"actual_daily_deaths",NA,NA,NA,5,NA,NA,NA,NA
"Utah","linear_increase_sd","Past",2021-03-16,"combined_trend",NA,NA,NA,0.466366795728541,NA,NA,NA,NA
"Utah","return_normal","Past",2021-03-16,"combined_trend",NA,NA,NA,0.466366795728541,NA,NA,NA,NA
"Utah","status_quo","Past",2021-03-16,"combined_trend",NA,NA,NA,0.466366795728541,NA,NA,NA,NA
"Utah","linear_increase_sd","Past",2021-03-16,"cumulative_all_infections",1027244,1027244,1027244,1038441,1037252,1050826,1050826,1050826
"Utah","return_normal","Past",2021-03-16,"cumulative_all_infections",1027244,1027244,1027244,1038441,1037252,1050826,1050826,1050826
"Utah","status_quo","Past",2021-03-16,"cumulative_all_infections",1027244,1027244,1027244,1038441,1037252,1050826,1050826,1050826
"Utah","linear_increase_sd","Past",2021-03-16,"cumulative_cases",382440,382440,382440,387091,387633,391198,391198,391198
"Utah","return_normal","Past",2021-03-16,"cumulative_cases",382440,382440,382440,387091,387633,391198,391198,391198
"Utah","status_quo","Past",2021-03-16,"cumulative_cases",382440,382440,382440,387091,387633,391198,391198,391198
"Utah","linear_increase_sd","Past",2021-03-16,"cumulative_deaths",2355,2355,2355,2391,2401,2415,2415,2415
"Utah","return_normal","Past",2021-03-16,"cumulative_deaths",2355,2355,2355,2391,2401,2415,2415,2415
"Utah","status_quo","Past",2021-03-16,"cumulative_deaths",2355,2355,2355,2391,2401,2415,2415,2415
"Utah","linear_increase_sd","Past",2021-03-16,"cumulative_hosps",45321,45321,45321,45930,45953,46516,46516,46516
"Utah","return_normal","Past",2021-03-16,"cumulative_hosps",45321,45321,45321,45930,45953,46516,46516,46516
"Utah","status_quo","Past",2021-03-16,"cumulative_hosps",45321,45321,45321,45930,45953,46516,46516,46516
"Utah","linear_increase_sd","Past",2021-03-16,"daily_all_infections",985,985,985,1299,1325,1587,1587,1587
"Utah","return_normal","Past",2021-03-16,"daily_all_infections",985,985,985,1299,1325,1587,1587,1587
"Utah","status_quo","Past",2021-03-16,"daily_all_infections",985,985,985,1299,1325,1587,1587,1587
"Utah","linear_increase_sd","Past",2021-03-16,"daily_cases",485,485,485,554,527,649,649,649
"Utah","return_normal","Past",2021-03-16,"daily_cases",485,485,485,554,527,649,649,649
"Utah","status_quo","Past",2021-03-16,"daily_cases",485,485,485,554,527,649,649,649
"Utah","linear_increase_sd","Past",2021-03-16,"daily_deaths",3,3,3,3,3,3,3,3
"Utah","return_normal","Past",2021-03-16,"daily_deaths",3,3,3,3,3,3,3,3
"Utah","status_quo","Past",2021-03-16,"daily_deaths",3,3,3,3,3,3,3,3
"Utah","linear_increase_sd","Past",2021-03-16,"daily_hosps",65,65,65,75,77,83,83,83
"Utah","return_normal","Past",2021-03-16,"daily_hosps",65,65,65,75,77,83,83,83
"Utah","status_quo","Past",2021-03-16,"daily_hosps",65,65,65,75,77,83,83,83
"Utah","linear_increase_sd","Past",2021-03-16,"latent_trend",NA,NA,NA,0.529996995862237,NA,NA,NA,NA
"Utah","return_normal","Past",2021-03-16,"latent_trend",NA,NA,NA,0.529996995862237,NA,NA,NA,NA
"Utah","status_quo","Past",2021-03-16,"latent_trend",NA,NA,NA,0.529996995862237,NA,NA,NA,NA
"Utah","linear_increase_sd","Past",2021-03-16,"mobility_trend",NA,NA,NA,0.879942338106696,NA,NA,NA,NA
"Utah","return_normal","Past",2021-03-16,"mobility_trend",NA,NA,NA,0.879942338106696,NA,NA,NA,NA
"Utah","status_quo","Past",2021-03-16,"mobility_trend",NA,NA,NA,0.879942338106696,NA,NA,NA,NA
"Utah",NA,"Past",2021-03-17,"actual_cumulative_cases",NA,NA,NA,379780,NA,NA,NA,NA
"Utah",NA,"Past",2021-03-17,"actual_cumulative_deaths",NA,NA,NA,2042,NA,NA,NA,NA
"Utah",NA,"Past",2021-03-17,"actual_daily_cases",NA,NA,NA,699,NA,NA,NA,NA
"Utah",NA,"Past",2021-03-17,"actual_daily_deaths",NA,NA,NA,5,NA,NA,NA,NA
"Utah","linear_increase_sd","Past",2021-03-17,"combined_trend",NA,NA,NA,0.467513151731453,NA,NA,NA,NA
"Utah","return_normal","Past",2021-03-17,"combined_trend",NA,NA,NA,0.467513151731453,NA,NA,NA,NA
"Utah","status_quo","Past",2021-03-17,"combined_trend",NA,NA,NA,0.467513151731453,NA,NA,NA,NA
"Utah","linear_increase_sd","Past",2021-03-17,"cumulative_all_infections",1028817,1028817,1028817,1039720,1038586,1051756,1051756,1051756
"Utah","return_normal","Past",2021-03-17,"cumulative_all_infections",1028817,1028817,1028817,1039720,1038586,1051756,1051756,1051756
"Utah","status_quo","Past",2021-03-17,"cumulative_all_infections",1028817,1028817,1028817,1039720,1038586,1051756,1051756,1051756
"Utah","linear_increase_sd","Past",2021-03-17,"cumulative_cases",383062,383062,383062,387644,388161,391708,391708,391708
"Utah","return_normal","Past",2021-03-17,"cumulative_cases",383062,383062,383062,387644,388161,391708,391708,391708
"Utah","status_quo","Past",2021-03-17,"cumulative_cases",383062,383062,383062,387644,388161,391708,391708,391708
"Utah","linear_increase_sd","Past",2021-03-17,"cumulative_deaths",2358,2358,2358,2394,2404,2418,2418,2418
"Utah","return_normal","Past",2021-03-17,"cumulative_deaths",2358,2358,2358,2394,2404,2418,2418,2418
"Utah","status_quo","Past",2021-03-17,"cumulative_deaths",2358,2358,2358,2394,2404,2418,2418,2418
"Utah","linear_increase_sd","Past",2021-03-17,"cumulative_hosps",45399,45399,45399,46004,46016,46595,46595,46595
"Utah","return_normal","Past",2021-03-17,"cumulative_hosps",45399,45399,45399,46004,46016,46595,46595,46595
"Utah","status_quo","Past",2021-03-17,"cumulative_hosps",45399,45399,45399,46004,46016,46595,46595,46595
"Utah","linear_increase_sd","Past",2021-03-17,"daily_all_infections",930,930,930,1279,1334,1573,1573,1573
"Utah","return_normal","Past",2021-03-17,"daily_all_infections",930,930,930,1279,1334,1573,1573,1573
"Utah","status_quo","Past",2021-03-17,"daily_all_infections",930,930,930,1279,1334,1573,1573,1573
"Utah","linear_increase_sd","Past",2021-03-17,"daily_cases",510,510,510,554,528,622,622,622
"Utah","return_normal","Past",2021-03-17,"daily_cases",510,510,510,554,528,622,622,622
"Utah","status_quo","Past",2021-03-17,"daily_cases",510,510,510,554,528,622,622,622
"Utah","linear_increase_sd","Past",2021-03-17,"daily_deaths",3,3,3,3,3,3,3,3
"Utah","return_normal","Past",2021-03-17,"daily_deaths",3,3,3,3,3,3,3,3
"Utah","status_quo","Past",2021-03-17,"daily_deaths",3,3,3,3,3,3,3,3
"Utah","linear_increase_sd","Past",2021-03-17,"daily_hosps",63,63,63,74,78,79,79,79
"Utah","return_normal","Past",2021-03-17,"daily_hosps",63,63,63,74,78,79,79,79
"Utah","status_quo","Past",2021-03-17,"daily_hosps",63,63,63,74,78,79,79,79
"Utah","linear_increase_sd","Past",2021-03-17,"latent_trend",NA,NA,NA,0.52756506255003,NA,NA,NA,NA
"Utah","return_normal","Past",2021-03-17,"latent_trend",NA,NA,NA,0.52756506255003,NA,NA,NA,NA
"Utah","status_quo","Past",2021-03-17,"latent_trend",NA,NA,NA,0.52756506255003,NA,NA,NA,NA
"Utah","linear_increase_sd","Past",2021-03-17,"mobility_trend",NA,NA,NA,0.886171554787363,NA,NA,NA,NA
"Utah","return_normal","Past",2021-03-17,"mobility_trend",NA,NA,NA,0.886171554787363,NA,NA,NA,NA
"Utah","status_quo","Past",2021-03-17,"mobility_trend",NA,NA,NA,0.886171554787363,NA,NA,NA,NA
"Utah",NA,"Past",2021-03-18,"actual_cumulative_cases",NA,NA,NA,380340,NA,NA,NA,NA
"Utah",NA,"Past",2021-03-18,"actual_cumulative_deaths",NA,NA,NA,2046,NA,NA,NA,NA
"Utah",NA,"Past",2021-03-18,"actual_daily_cases",NA,NA,NA,560,NA,NA,NA,NA
"Utah",NA,"Past",2021-03-18,"actual_daily_deaths",NA,NA,NA,4,NA,NA,NA,NA
"Utah","linear_increase_sd","Past",2021-03-18,"combined_trend",NA,NA,NA,0.468986677956273,NA,NA,NA,NA
"Utah","return_normal","Past",2021-03-18,"combined_trend",NA,NA,NA,0.468986677956273,NA,NA,NA,NA
"Utah","status_quo","Past",2021-03-18,"combined_trend",NA,NA,NA,0.468986677956273,NA,NA,NA,NA
"Utah","linear_increase_sd","Past",2021-03-18,"cumulative_all_infections",1030383,1030383,1030383,1040988,1039932,1052649,1052649,1052649
"Utah","return_normal","Past",2021-03-18,"cumulative_all_infections",1030383,1030383,1030383,1040988,1039932,1052649,1052649,1052649
"Utah","status_quo","Past",2021-03-18,"cumulative_all_infections",1030383,1030383,1030383,1040988,1039932,1052649,1052649,1052649
"Utah","linear_increase_sd","Past",2021-03-18,"cumulative_cases",383695,383695,383695,388178,388652,392185,392185,392185
"Utah","return_normal","Past",2021-03-18,"cumulative_cases",383695,383695,383695,388178,388652,392185,392185,392185
"Utah","status_quo","Past",2021-03-18,"cumulative_cases",383695,383695,383695,388178,388652,392185,392185,392185
"Utah","linear_increase_sd","Past",2021-03-18,"cumulative_deaths",2361,2361,2361,2397,2407,2421,2421,2421
"Utah","return_normal","Past",2021-03-18,"cumulative_deaths",2361,2361,2361,2397,2407,2421,2421,2421
"Utah","status_quo","Past",2021-03-18,"cumulative_deaths",2361,2361,2361,2397,2407,2421,2421,2421
"Utah","linear_increase_sd","Past",2021-03-18,"cumulative_hosps",45477,45477,45477,46077,46079,46674,46674,46674
"Utah","return_normal","Past",2021-03-18,"cumulative_hosps",45477,45477,45477,46077,46079,46674,46674,46674
"Utah","status_quo","Past",2021-03-18,"cumulative_hosps",45477,45477,45477,46077,46079,46674,46674,46674
"Utah","linear_increase_sd","Past",2021-03-18,"daily_all_infections",893,893,893,1269,1346,1566,1566,1566
"Utah","return_normal","Past",2021-03-18,"daily_all_infections",893,893,893,1269,1346,1566,1566,1566
"Utah","status_quo","Past",2021-03-18,"daily_all_infections",893,893,893,1269,1346,1566,1566,1566
"Utah","linear_increase_sd","Past",2021-03-18,"daily_cases",477,477,477,534,491,633,633,633
"Utah","return_normal","Past",2021-03-18,"daily_cases",477,477,477,534,491,633,633,633
"Utah","status_quo","Past",2021-03-18,"daily_cases",477,477,477,534,491,633,633,633
"Utah","linear_increase_sd","Past",2021-03-18,"daily_deaths",3,3,3,3,3,3,3,3
"Utah","return_normal","Past",2021-03-18,"daily_deaths",3,3,3,3,3,3,3,3
"Utah","status_quo","Past",2021-03-18,"daily_deaths",3,3,3,3,3,3,3,3
"Utah","linear_increase_sd","Past",2021-03-18,"daily_hosps",63,63,63,74,78,79,79,79
"Utah","return_normal","Past",2021-03-18,"daily_hosps",63,63,63,74,78,79,79,79
"Utah","status_quo","Past",2021-03-18,"daily_hosps",63,63,63,74,78,79,79,79
"Utah","linear_increase_sd","Past",2021-03-18,"latent_trend",NA,NA,NA,0.525881595374167,NA,NA,NA,NA
"Utah","return_normal","Past",2021-03-18,"latent_trend",NA,NA,NA,0.525881595374167,NA,NA,NA,NA
"Utah","status_quo","Past",2021-03-18,"latent_trend",NA,NA,NA,0.525881595374167,NA,NA,NA,NA
"Utah","linear_increase_sd","Past",2021-03-18,"mobility_trend",NA,NA,NA,0.891810403865887,NA,NA,NA,NA
"Utah","return_normal","Past",2021-03-18,"mobility_trend",NA,NA,NA,0.891810403865887,NA,NA,NA,NA
"Utah","status_quo","Past",2021-03-18,"mobility_trend",NA,NA,NA,0.891810403865887,NA,NA,NA,NA
"Utah",NA,"Past",2021-03-19,"actual_cumulative_cases",NA,NA,NA,380787,NA,NA,NA,NA
"Utah",NA,"Past",2021-03-19,"actual_cumulative_deaths",NA,NA,NA,2063,NA,NA,NA,NA
"Utah",NA,"Past",2021-03-19,"actual_daily_cases",NA,NA,NA,447,NA,NA,NA,NA
"Utah",NA,"Past",2021-03-19,"actual_daily_deaths",NA,NA,NA,17,NA,NA,NA,NA
"Utah","linear_increase_sd","Past",2021-03-19,"combined_trend",NA,NA,NA,0.470834622207463,NA,NA,NA,NA
"Utah","return_normal","Past",2021-03-19,"combined_trend",NA,NA,NA,0.470834622207463,NA,NA,NA,NA
"Utah","status_quo","Past",2021-03-19,"combined_trend",NA,NA,NA,0.470834622207463,NA,NA,NA,NA
"Utah","linear_increase_sd","Past",2021-03-19,"cumulative_all_infections",1031925,1031925,1031925,1042242,1041287,1053512,1053512,1053512
"Utah","return_normal","Past",2021-03-19,"cumulative_all_infections",1031925,1031925,1031925,1042242,1041287,1053512,1053512,1053512
"Utah","status_quo","Past",2021-03-19,"cumulative_all_infections",1031925,1031925,1031925,1042242,1041287,1053512,1053512,1053512
"Utah","linear_increase_sd","Past",2021-03-19,"cumulative_cases",384353,384353,384353,388727,389165,392663,392663,392663
"Utah","return_normal","Past",2021-03-19,"cumulative_cases",384353,384353,384353,388727,389165,392663,392663,392663
"Utah","status_quo","Past",2021-03-19,"cumulative_cases",384353,384353,384353,388727,389165,392663,392663,392663
"Utah","linear_increase_sd","Past",2021-03-19,"cumulative_deaths",2364,2364,2364,2400,2410,2424,2424,2424
"Utah","return_normal","Past",2021-03-19,"cumulative_deaths",2364,2364,2364,2400,2410,2424,2424,2424
"Utah","status_quo","Past",2021-03-19,"cumulative_deaths",2364,2364,2364,2400,2410,2424,2424,2424
"Utah","linear_increase_sd","Past",2021-03-19,"cumulative_hosps",45554,45554,45554,46148,46141,46748,46748,46748
"Utah","return_normal","Past",2021-03-19,"cumulative_hosps",45554,45554,45554,46148,46141,46748,46748,46748
"Utah","status_quo","Past",2021-03-19,"cumulative_hosps",45554,45554,45554,46148,46141,46748,46748,46748
"Utah","linear_increase_sd","Past",2021-03-19,"daily_all_infections",863,863,863,1254,1355,1542,1542,1542
"Utah","return_normal","Past",2021-03-19,"daily_all_infections",863,863,863,1254,1355,1542,1542,1542
"Utah","status_quo","Past",2021-03-19,"daily_all_infections",863,863,863,1254,1355,1542,1542,1542
"Utah","linear_increase_sd","Past",2021-03-19,"daily_cases",478,478,478,550,513,658,658,658
"Utah","return_normal","Past",2021-03-19,"daily_cases",478,478,478,550,513,658,658,658
"Utah","status_quo","Past",2021-03-19,"daily_cases",478,478,478,550,513,658,658,658
"Utah","linear_increase_sd","Past",2021-03-19,"daily_deaths",3,3,3,3,3,3,3,3
"Utah","return_normal","Past",2021-03-19,"daily_deaths",3,3,3,3,3,3,3,3
"Utah","status_quo","Past",2021-03-19,"daily_deaths",3,3,3,3,3,3,3,3
"Utah","linear_increase_sd","Past",2021-03-19,"daily_hosps",62,62,62,71,74,77,77,77
"Utah","return_normal","Past",2021-03-19,"daily_hosps",62,62,62,71,74,77,77,77
"Utah","status_quo","Past",2021-03-19,"daily_hosps",62,62,62,71,74,77,77,77
"Utah","linear_increase_sd","Past",2021-03-19,"latent_trend",NA,NA,NA,0.525015248449916,NA,NA,NA,NA
"Utah","return_normal","Past",2021-03-19,"latent_trend",NA,NA,NA,0.525015248449916,NA,NA,NA,NA
"Utah","status_quo","Past",2021-03-19,"latent_trend",NA,NA,NA,0.525015248449916,NA,NA,NA,NA
"Utah","linear_increase_sd","Past",2021-03-19,"mobility_trend",NA,NA,NA,0.896801804514403,NA,NA,NA,NA
"Utah","return_normal","Past",2021-03-19,"mobility_trend",NA,NA,NA,0.896801804514403,NA,NA,NA,NA
"Utah","status_quo","Past",2021-03-19,"mobility_trend",NA,NA,NA,0.896801804514403,NA,NA,NA,NA
"Utah",NA,"Past",2021-03-20,"actual_cumulative_cases",NA,NA,NA,381254,NA,NA,NA,NA
"Utah",NA,"Past",2021-03-20,"actual_cumulative_deaths",NA,NA,NA,2065,NA,NA,NA,NA
"Utah",NA,"Past",2021-03-20,"actual_daily_cases",NA,NA,NA,467,NA,NA,NA,NA
"Utah",NA,"Past",2021-03-20,"actual_daily_deaths",NA,NA,NA,2,NA,NA,NA,NA
"Utah","linear_increase_sd","Past",2021-03-20,"combined_trend",NA,NA,NA,0.473103211503722,NA,NA,NA,NA
"Utah","return_normal","Past",2021-03-20,"combined_trend",NA,NA,NA,0.473103211503722,NA,NA,NA,NA
"Utah","status_quo","Past",2021-03-20,"combined_trend",NA,NA,NA,0.473103211503722,NA,NA,NA,NA
"Utah","linear_increase_sd","Past",2021-03-20,"cumulative_all_infections",1033437,1033437,1033437,1043482,1042659,1054350,1054350,1054350
"Utah","return_normal","Past",2021-03-20,"cumulative_all_infections",1033437,1033437,1033437,1043482,1042659,1054350,1054350,1054350
"Utah","status_quo","Past",2021-03-20,"cumulative_all_infections",1033437,1033437,1033437,1043482,1042659,1054350,1054350,1054350
"Utah","linear_increase_sd","Past",2021-03-20,"cumulative_cases",384945,384945,384945,389220,389663,393051,393051,393051
"Utah","return_normal","Past",2021-03-20,"cumulative_cases",384945,384945,384945,389220,389663,393051,393051,393051
"Utah","status_quo","Past",2021-03-20,"cumulative_cases",384945,384945,384945,389220,389663,393051,393051,393051
"Utah","linear_increase_sd","Past",2021-03-20,"cumulative_deaths",2367,2367,2367,2403,2413,2427,2427,2427
"Utah","return_normal","Past",2021-03-20,"cumulative_deaths",2367,2367,2367,2403,2413,2427,2427,2427
"Utah","status_quo","Past",2021-03-20,"cumulative_deaths",2367,2367,2367,2403,2413,2427,2427,2427
"Utah","linear_increase_sd","Past",2021-03-20,"cumulative_hosps",45631,45631,45631,46219,46204,46820,46820,46820
"Utah","return_normal","Past",2021-03-20,"cumulative_hosps",45631,45631,45631,46219,46204,46820,46820,46820
"Utah","status_quo","Past",2021-03-20,"cumulative_hosps",45631,45631,45631,46219,46204,46820,46820,46820
"Utah","linear_increase_sd","Past",2021-03-20,"daily_all_infections",838,838,838,1241,1372,1512,1512,1512
"Utah","return_normal","Past",2021-03-20,"daily_all_infections",838,838,838,1241,1372,1512,1512,1512
"Utah","status_quo","Past",2021-03-20,"daily_all_infections",838,838,838,1241,1372,1512,1512,1512
"Utah","linear_increase_sd","Past",2021-03-20,"daily_cases",388,388,388,493,498,592,592,592
"Utah","return_normal","Past",2021-03-20,"daily_cases",388,388,388,493,498,592,592,592
"Utah","status_quo","Past",2021-03-20,"daily_cases",388,388,388,493,498,592,592,592
"Utah","linear_increase_sd","Past",2021-03-20,"daily_deaths",3,3,3,3,3,3,3,3
"Utah","return_normal","Past",2021-03-20,"daily_deaths",3,3,3,3,3,3,3,3
"Utah","status_quo","Past",2021-03-20,"daily_deaths",3,3,3,3,3,3,3,3
"Utah","linear_increase_sd","Past",2021-03-20,"daily_hosps",63,63,63,71,72,77,77,77
"Utah","return_normal","Past",2021-03-20,"daily_hosps",63,63,63,71,72,77,77,77
"Utah","status_quo","Past",2021-03-20,"daily_hosps",63,63,63,71,72,77,77,77
"Utah","linear_increase_sd","Past",2021-03-20,"latent_trend",NA,NA,NA,0.525034260475167,NA,NA,NA,NA
"Utah","return_normal","Past",2021-03-20,"latent_trend",NA,NA,NA,0.525034260475167,NA,NA,NA,NA
"Utah","status_quo","Past",2021-03-20,"latent_trend",NA,NA,NA,0.525034260475167,NA,NA,NA,NA
"Utah","linear_increase_sd","Past",2021-03-20,"mobility_trend",NA,NA,NA,0.901090170907236,NA,NA,NA,NA
"Utah","return_normal","Past",2021-03-20,"mobility_trend",NA,NA,NA,0.901090170907236,NA,NA,NA,NA
"Utah","status_quo","Past",2021-03-20,"mobility_trend",NA,NA,NA,0.901090170907236,NA,NA,NA,NA
"Utah",NA,"Past",2021-03-21,"actual_cumulative_cases",NA,NA,NA,381629,NA,NA,NA,NA
"Utah",NA,"Past",2021-03-21,"actual_cumulative_deaths",NA,NA,NA,2067,NA,NA,NA,NA
"Utah",NA,"Past",2021-03-21,"actual_daily_cases",NA,NA,NA,375,NA,NA,NA,NA
"Utah",NA,"Past",2021-03-21,"actual_daily_deaths",NA,NA,NA,2,NA,NA,NA,NA
"Utah","linear_increase_sd","Past",2021-03-21,"combined_trend",NA,NA,NA,0.475835032842283,NA,NA,NA,NA
"Utah","return_normal","Past",2021-03-21,"combined_trend",NA,NA,NA,0.475835032842283,NA,NA,NA,NA
"Utah","status_quo","Past",2021-03-21,"combined_trend",NA,NA,NA,0.475835032842283,NA,NA,NA,NA
"Utah","linear_increase_sd","Past",2021-03-21,"cumulative_all_infections",1034925,1034925,1034925,1044715,1044043,1055175,1055175,1055175
"Utah","return_normal","Past",2021-03-21,"cumulative_all_infections",1034925,1034925,1034925,1044715,1044043,1055175,1055175,1055175
"Utah","status_quo","Past",2021-03-21,"cumulative_all_infections",1034925,1034925,1034925,1044715,1044043,1055175,1055175,1055175
"Utah","linear_increase_sd","Past",2021-03-21,"cumulative_cases",385622,385622,385622,389755,390186,393457,393457,393457
"Utah","return_normal","Past",2021-03-21,"cumulative_cases",385622,385622,385622,389755,390186,393457,393457,393457
"Utah","status_quo","Past",2021-03-21,"cumulative_cases",385622,385622,385622,389755,390186,393457,393457,393457
"Utah","linear_increase_sd","Past",2021-03-21,"cumulative_deaths",2370,2370,2370,2406,2416,2430,2430,2430
"Utah","return_normal","Past",2021-03-21,"cumulative_deaths",2370,2370,2370,2406,2416,2430,2430,2430
"Utah","status_quo","Past",2021-03-21,"cumulative_deaths",2370,2370,2370,2406,2416,2430,2430,2430
"Utah","linear_increase_sd","Past",2021-03-21,"cumulative_hosps",45707,45707,45707,46288,46267,46888,46888,46888
"Utah","return_normal","Past",2021-03-21,"cumulative_hosps",45707,45707,45707,46288,46267,46888,46888,46888
"Utah","status_quo","Past",2021-03-21,"cumulative_hosps",45707,45707,45707,46288,46267,46888,46888,46888
"Utah","linear_increase_sd","Past",2021-03-21,"daily_all_infections",825,825,825,1233,1384,1488,1488,1488
"Utah","return_normal","Past",2021-03-21,"daily_all_infections",825,825,825,1233,1384,1488,1488,1488
"Utah","status_quo","Past",2021-03-21,"daily_all_infections",825,825,825,1233,1384,1488,1488,1488
"Utah","linear_increase_sd","Past",2021-03-21,"daily_cases",406,406,406,536,523,677,677,677
"Utah","return_normal","Past",2021-03-21,"daily_cases",406,406,406,536,523,677,677,677
"Utah","status_quo","Past",2021-03-21,"daily_cases",406,406,406,536,523,677,677,677
"Utah","linear_increase_sd","Past",2021-03-21,"daily_deaths",3,3,3,3,3,3,3,3
"Utah","return_normal","Past",2021-03-21,"daily_deaths",3,3,3,3,3,3,3,3
"Utah","status_quo","Past",2021-03-21,"daily_deaths",3,3,3,3,3,3,3,3
"Utah","linear_increase_sd","Past",2021-03-21,"daily_hosps",63,63,63,69,68,76,76,76
"Utah","return_normal","Past",2021-03-21,"daily_hosps",63,63,63,69,68,76,76,76
"Utah","status_quo","Past",2021-03-21,"daily_hosps",63,63,63,69,68,76,76,76
"Utah","linear_increase_sd","Past",2021-03-21,"latent_trend",NA,NA,NA,0.526005478969839,NA,NA,NA,NA
"Utah","return_normal","Past",2021-03-21,"latent_trend",NA,NA,NA,0.526005478969839,NA,NA,NA,NA
"Utah","status_quo","Past",2021-03-21,"latent_trend",NA,NA,NA,0.526005478969839,NA,NA,NA,NA
"Utah","linear_increase_sd","Past",2021-03-21,"mobility_trend",NA,NA,NA,0.904619917218708,NA,NA,NA,NA
"Utah","return_normal","Past",2021-03-21,"mobility_trend",NA,NA,NA,0.904619917218708,NA,NA,NA,NA
"Utah","status_quo","Past",2021-03-21,"mobility_trend",NA,NA,NA,0.904619917218708,NA,NA,NA,NA
"Utah",NA,"Past",2021-03-22,"actual_cumulative_cases",NA,NA,NA,381788,NA,NA,NA,NA
"Utah",NA,"Past",2021-03-22,"actual_cumulative_deaths",NA,NA,NA,2067,NA,NA,NA,NA
"Utah",NA,"Past",2021-03-22,"actual_daily_cases",NA,NA,NA,159,NA,NA,NA,NA
"Utah",NA,"Past",2021-03-22,"actual_daily_deaths",NA,NA,NA,0,NA,NA,NA,NA
"Utah","linear_increase_sd","Past",2021-03-22,"combined_trend",NA,NA,NA,0.479031739870424,NA,NA,NA,NA
"Utah","return_normal","Past",2021-03-22,"combined_trend",NA,NA,NA,0.479031739870424,NA,NA,NA,NA
"Utah","status_quo","Past",2021-03-22,"combined_trend",NA,NA,NA,0.479031739870424,NA,NA,NA,NA
"Utah","linear_increase_sd","Past",2021-03-22,"cumulative_all_infections",1036373,1036373,1036373,1045932,1045435,1055986,1055986,1055986
"Utah","return_normal","Past",2021-03-22,"cumulative_all_infections",1036373,1036373,1036373,1045932,1045435,1055986,1055986,1055986
"Utah","status_quo","Past",2021-03-22,"cumulative_all_infections",1036373,1036373,1036373,1045932,1045435,1055986,1055986,1055986
"Utah","linear_increase_sd","Past",2021-03-22,"cumulative_cases",386273,386273,386273,390279,390727,393836,393836,393836
"Utah","return_normal","Past",2021-03-22,"cumulative_cases",386273,386273,386273,390279,390727,393836,393836,393836
"Utah","status_quo","Past",2021-03-22,"cumulative_cases",386273,386273,386273,390279,390727,393836,393836,393836
"Utah","linear_increase_sd","Past",2021-03-22,"cumulative_deaths",2373,2373,2373,2408,2419,2432,2432,2432
"Utah","return_normal","Past",2021-03-22,"cumulative_deaths",2373,2373,2373,2408,2419,2432,2432,2432
"Utah","status_quo","Past",2021-03-22,"cumulative_deaths",2373,2373,2373,2408,2419,2432,2432,2432
"Utah","linear_increase_sd","Past",2021-03-22,"cumulative_hosps",45784,45784,45784,46356,46329,46953,46953,46953
"Utah","return_normal","Past",2021-03-22,"cumulative_hosps",45784,45784,45784,46356,46329,46953,46953,46953
"Utah","status_quo","Past",2021-03-22,"cumulative_hosps",45784,45784,45784,46356,46329,46953,46953,46953
"Utah","linear_increase_sd","Past",2021-03-22,"daily_all_infections",811,811,811,1217,1392,1448,1448,1448
"Utah","return_normal","Past",2021-03-22,"daily_all_infections",811,811,811,1217,1392,1448,1448,1448
"Utah","status_quo","Past",2021-03-22,"daily_all_infections",811,811,811,1217,1392,1448,1448,1448
"Utah","linear_increase_sd","Past",2021-03-22,"daily_cases",379,379,379,524,541,651,651,651
"Utah","return_normal","Past",2021-03-22,"daily_cases",379,379,379,524,541,651,651,651
"Utah","status_quo","Past",2021-03-22,"daily_cases",379,379,379,524,541,651,651,651
"Utah","linear_increase_sd","Past",2021-03-22,"daily_deaths",2,2,2,3,3,3,3,3
"Utah","return_normal","Past",2021-03-22,"daily_deaths",2,2,2,3,3,3,3,3
"Utah","status_quo","Past",2021-03-22,"daily_deaths",2,2,2,3,3,3,3,3
"Utah","linear_increase_sd","Past",2021-03-22,"daily_hosps",62,62,62,68,65,77,77,77
"Utah","return_normal","Past",2021-03-22,"daily_hosps",62,62,62,68,65,77,77,77
"Utah","status_quo","Past",2021-03-22,"daily_hosps",62,62,62,68,65,77,77,77
"Utah","linear_increase_sd","Past",2021-03-22,"latent_trend",NA,NA,NA,0.527946944132389,NA,NA,NA,NA
"Utah","return_normal","Past",2021-03-22,"latent_trend",NA,NA,NA,0.527946944132389,NA,NA,NA,NA
"Utah","status_quo","Past",2021-03-22,"latent_trend",NA,NA,NA,0.527946944132389,NA,NA,NA,NA
"Utah","linear_increase_sd","Past",2021-03-22,"mobility_trend",NA,NA,NA,0.907348257612607,NA,NA,NA,NA
"Utah","return_normal","Past",2021-03-22,"mobility_trend",NA,NA,NA,0.907348257612607,NA,NA,NA,NA
"Utah","status_quo","Past",2021-03-22,"mobility_trend",NA,NA,NA,0.907348257612607,NA,NA,NA,NA
"Utah",NA,"Past",2021-03-23,"actual_cumulative_cases",NA,NA,NA,382171,NA,NA,NA,NA
"Utah",NA,"Past",2021-03-23,"actual_cumulative_deaths",NA,NA,NA,2082,NA,NA,NA,NA
"Utah",NA,"Past",2021-03-23,"actual_daily_cases",NA,NA,NA,383,NA,NA,NA,NA
"Utah",NA,"Past",2021-03-23,"actual_daily_deaths",NA,NA,NA,15,NA,NA,NA,NA
"Utah","linear_increase_sd","Past",2021-03-23,"combined_trend",NA,NA,NA,0.482652376499726,NA,NA,NA,NA
"Utah","return_normal","Past",2021-03-23,"combined_trend",NA,NA,NA,0.482652376499726,NA,NA,NA,NA
"Utah","status_quo","Past",2021-03-23,"combined_trend",NA,NA,NA,0.482652376499726,NA,NA,NA,NA
"Utah","linear_increase_sd","Past",2021-03-23,"cumulative_all_infections",1037795,1037795,1037795,1047141,1046827,1056799,1056799,1056799
"Utah","return_normal","Past",2021-03-23,"cumulative_all_infections",1037795,1037795,1037795,1047141,1046827,1056799,1056799,1056799
"Utah","status_quo","Past",2021-03-23,"cumulative_all_infections",1037795,1037795,1037795,1047141,1046827,1056799,1056799,1056799
"Utah","linear_increase_sd","Past",2021-03-23,"cumulative_cases",386913,386913,386913,390783,391238,394196,394196,394196
"Utah","return_normal","Past",2021-03-23,"cumulative_cases",386913,386913,386913,390783,391238,394196,394196,394196
"Utah","status_quo","Past",2021-03-23,"cumulative_cases",386913,386913,386913,390783,391238,394196,394196,394196
"Utah","linear_increase_sd","Past",2021-03-23,"cumulative_deaths",2376,2376,2376,2411,2422,2434,2434,2434
"Utah","return_normal","Past",2021-03-23,"cumulative_deaths",2376,2376,2376,2411,2422,2434,2434,2434
"Utah","status_quo","Past",2021-03-23,"cumulative_deaths",2376,2376,2376,2411,2422,2434,2434,2434
"Utah","linear_increase_sd","Past",2021-03-23,"cumulative_hosps",45859,45859,45859,46421,46390,47013,47013,47013
"Utah","return_normal","Past",2021-03-23,"cumulative_hosps",45859,45859,45859,46421,46390,47013,47013,47013
"Utah","status_quo","Past",2021-03-23,"cumulative_hosps",45859,45859,45859,46421,46390,47013,47013,47013
"Utah","linear_increase_sd","Past",2021-03-23,"daily_all_infections",813,813,813,1209,1392,1422,1422,1422
"Utah","return_normal","Past",2021-03-23,"daily_all_infections",813,813,813,1209,1392,1422,1422,1422
"Utah","status_quo","Past",2021-03-23,"daily_all_infections",813,813,813,1209,1392,1422,1422,1422
"Utah","linear_increase_sd","Past",2021-03-23,"daily_cases",360,360,360,504,511,640,640,640
"Utah","return_normal","Past",2021-03-23,"daily_cases",360,360,360,504,511,640,640,640
"Utah","status_quo","Past",2021-03-23,"daily_cases",360,360,360,504,511,640,640,640
"Utah","linear_increase_sd","Past",2021-03-23,"daily_deaths",2,2,2,3,3,3,3,3
"Utah","return_normal","Past",2021-03-23,"daily_deaths",2,2,2,3,3,3,3,3
"Utah","status_quo","Past",2021-03-23,"daily_deaths",2,2,2,3,3,3,3,3
"Utah","linear_increase_sd","Past",2021-03-23,"daily_hosps",60,60,60,66,61,75,75,75
"Utah","return_normal","Past",2021-03-23,"daily_hosps",60,60,60,66,61,75,75,75
"Utah","status_quo","Past",2021-03-23,"daily_hosps",60,60,60,66,61,75,75,75
"Utah","linear_increase_sd","Past",2021-03-23,"latent_trend",NA,NA,NA,0.530805101074206,NA,NA,NA,NA
"Utah","return_normal","Past",2021-03-23,"latent_trend",NA,NA,NA,0.530805101074206,NA,NA,NA,NA
"Utah","status_quo","Past",2021-03-23,"latent_trend",NA,NA,NA,0.530805101074206,NA,NA,NA,NA
"Utah","linear_increase_sd","Past",2021-03-23,"mobility_trend",NA,NA,NA,0.909283606210581,NA,NA,NA,NA
"Utah","return_normal","Past",2021-03-23,"mobility_trend",NA,NA,NA,0.909283606210581,NA,NA,NA,NA
"Utah","status_quo","Past",2021-03-23,"mobility_trend",NA,NA,NA,0.909283606210581,NA,NA,NA,NA
"Utah",NA,"Past",2021-03-24,"actual_cumulative_cases",NA,NA,NA,382733,NA,NA,NA,NA
"Utah",NA,"Past",2021-03-24,"actual_cumulative_deaths",NA,NA,NA,2087,NA,NA,NA,NA
"Utah",NA,"Past",2021-03-24,"actual_daily_cases",NA,NA,NA,562,NA,NA,NA,NA
"Utah",NA,"Past",2021-03-24,"actual_daily_deaths",NA,NA,NA,5,NA,NA,NA,NA
"Utah","linear_increase_sd","Past",2021-03-24,"combined_trend",NA,NA,NA,0.486652236276742,NA,NA,NA,NA
"Utah","return_normal","Past",2021-03-24,"combined_trend",NA,NA,NA,0.486652236276742,NA,NA,NA,NA
"Utah","status_quo","Past",2021-03-24,"combined_trend",NA,NA,NA,0.486652236276742,NA,NA,NA,NA
"Utah","linear_increase_sd","Past",2021-03-24,"cumulative_all_infections",1039169,1039169,1039169,1048338,1048226,1057617,1057617,1057617
"Utah","return_normal","Past",2021-03-24,"cumulative_all_infections",1039169,1039169,1039169,1048338,1048226,1057617,1057617,1057617
"Utah","status_quo","Past",2021-03-24,"cumulative_all_infections",1039169,1039169,1039169,1048338,1048226,1057617,1057617,1057617
"Utah","linear_increase_sd","Past",2021-03-24,"cumulative_cases",387546,387546,387546,391289,391786,394534,394534,394534
"Utah","return_normal","Past",2021-03-24,"cumulative_cases",387546,387546,387546,391289,391786,394534,394534,394534
"Utah","status_quo","Past",2021-03-24,"cumulative_cases",387546,387546,387546,391289,391786,394534,394534,394534
"Utah","linear_increase_sd","Past",2021-03-24,"cumulative_deaths",2379,2379,2379,2413,2424,2436,2436,2436
"Utah","return_normal","Past",2021-03-24,"cumulative_deaths",2379,2379,2379,2413,2424,2436,2436,2436
"Utah","status_quo","Past",2021-03-24,"cumulative_deaths",2379,2379,2379,2413,2424,2436,2436,2436
"Utah","linear_increase_sd","Past",2021-03-24,"cumulative_hosps",45934,45934,45934,46486,46451,47071,47071,47071
"Utah","return_normal","Past",2021-03-24,"cumulative_hosps",45934,45934,45934,46486,46451,47071,47071,47071
"Utah","status_quo","Past",2021-03-24,"cumulative_hosps",45934,45934,45934,46486,46451,47071,47071,47071
"Utah","linear_increase_sd","Past",2021-03-24,"daily_all_infections",818,818,818,1197,1374,1399,1399,1399
"Utah","return_normal","Past",2021-03-24,"daily_all_infections",818,818,818,1197,1374,1399,1399,1399
"Utah","status_quo","Past",2021-03-24,"daily_all_infections",818,818,818,1197,1374,1399,1399,1399
"Utah","linear_increase_sd","Past",2021-03-24,"daily_cases",338,338,338,507,548,633,633,633
"Utah","return_normal","Past",2021-03-24,"daily_cases",338,338,338,507,548,633,633,633
"Utah","status_quo","Past",2021-03-24,"daily_cases",338,338,338,507,548,633,633,633
"Utah","linear_increase_sd","Past",2021-03-24,"daily_deaths",2,2,2,3,2,3,3,3
"Utah","return_normal","Past",2021-03-24,"daily_deaths",2,2,2,3,2,3,3,3
"Utah","status_quo","Past",2021-03-24,"daily_deaths",2,2,2,3,2,3,3,3
"Utah","linear_increase_sd","Past",2021-03-24,"daily_hosps",58,58,58,65,61,75,75,75
"Utah","return_normal","Past",2021-03-24,"daily_hosps",58,58,58,65,61,75,75,75
"Utah","status_quo","Past",2021-03-24,"daily_hosps",58,58,58,65,61,75,75,75
"Utah","linear_increase_sd","Past",2021-03-24,"latent_trend",NA,NA,NA,0.534520012258326,NA,NA,NA,NA
"Utah","return_normal","Past",2021-03-24,"latent_trend",NA,NA,NA,0.534520012258326,NA,NA,NA,NA
"Utah","status_quo","Past",2021-03-24,"latent_trend",NA,NA,NA,0.534520012258326,NA,NA,NA,NA
"Utah","linear_increase_sd","Past",2021-03-24,"mobility_trend",NA,NA,NA,0.910447177123743,NA,NA,NA,NA
"Utah","return_normal","Past",2021-03-24,"mobility_trend",NA,NA,NA,0.910447177123743,NA,NA,NA,NA
"Utah","status_quo","Past",2021-03-24,"mobility_trend",NA,NA,NA,0.910447177123743,NA,NA,NA,NA
"Utah",NA,"Past",2021-03-25,"actual_cumulative_cases",NA,NA,NA,383260,NA,NA,NA,NA
"Utah",NA,"Past",2021-03-25,"actual_cumulative_deaths",NA,NA,NA,2093,NA,NA,NA,NA
"Utah",NA,"Past",2021-03-25,"actual_daily_cases",NA,NA,NA,527,NA,NA,NA,NA
"Utah",NA,"Past",2021-03-25,"actual_daily_deaths",NA,NA,NA,6,NA,NA,NA,NA
"Utah","linear_increase_sd","Past",2021-03-25,"combined_trend",NA,NA,NA,0.490981816515431,NA,NA,NA,NA
"Utah","return_normal","Past",2021-03-25,"combined_trend",NA,NA,NA,0.490981816515431,NA,NA,NA,NA
"Utah","status_quo","Past",2021-03-25,"combined_trend",NA,NA,NA,0.490981816515431,NA,NA,NA,NA
"Utah","linear_increase_sd","Past",2021-03-25,"cumulative_all_infections",1040510,1040510,1040510,1049531,1049630,1058451,1058451,1058451
"Utah","return_normal","Past",2021-03-25,"cumulative_all_infections",1040510,1040510,1040510,1049531,1049630,1058451,1058451,1058451
"Utah","status_quo","Past",2021-03-25,"cumulative_all_infections",1040510,1040510,1040510,1049531,1049630,1058451,1058451,1058451
"Utah","linear_increase_sd","Past",2021-03-25,"cumulative_cases",388109,388109,388109,391768,392339,394856,394856,394856
"Utah","return_normal","Past",2021-03-25,"cumulative_cases",388109,388109,388109,391768,392339,394856,394856,394856
"Utah","status_quo","Past",2021-03-25,"cumulative_cases",388109,388109,388109,391768,392339,394856,394856,394856
"Utah","linear_increase_sd","Past",2021-03-25,"cumulative_deaths",2381,2381,2381,2416,2427,2438,2438,2438
"Utah","return_normal","Past",2021-03-25,"cumulative_deaths",2381,2381,2381,2416,2427,2438,2438,2438
"Utah","status_quo","Past",2021-03-25,"cumulative_deaths",2381,2381,2381,2416,2427,2438,2438,2438
"Utah","linear_increase_sd","Past",2021-03-25,"cumulative_hosps",46009,46009,46009,46549,46513,47125,47125,47125
"Utah","return_normal","Past",2021-03-25,"cumulative_hosps",46009,46009,46009,46549,46513,47125,47125,47125
"Utah","status_quo","Past",2021-03-25,"cumulative_hosps",46009,46009,46009,46549,46513,47125,47125,47125
"Utah","linear_increase_sd","Past",2021-03-25,"daily_all_infections",834,834,834,1193,1341,1404,1404,1404
"Utah","return_normal","Past",2021-03-25,"daily_all_infections",834,834,834,1193,1341,1404,1404,1404
"Utah","status_quo","Past",2021-03-25,"daily_all_infections",834,834,834,1193,1341,1404,1404,1404
"Utah","linear_increase_sd","Past",2021-03-25,"daily_cases",322,322,322,480,553,563,563,563
"Utah","return_normal","Past",2021-03-25,"daily_cases",322,322,322,480,553,563,563,563
"Utah","status_quo","Past",2021-03-25,"daily_cases",322,322,322,480,553,563,563,563
"Utah","linear_increase_sd","Past",2021-03-25,"daily_deaths",2,2,2,3,2,3,3,3
"Utah","return_normal","Past",2021-03-25,"daily_deaths",2,2,2,3,2,3,3,3
"Utah","status_quo","Past",2021-03-25,"daily_deaths",2,2,2,3,2,3,3,3
"Utah","linear_increase_sd","Past",2021-03-25,"daily_hosps",54,54,54,64,62,75,75,75
"Utah","return_normal","Past",2021-03-25,"daily_hosps",54,54,54,64,62,75,75,75
"Utah","status_quo","Past",2021-03-25,"daily_hosps",54,54,54,64,62,75,75,75
"Utah","linear_increase_sd","Past",2021-03-25,"latent_trend",NA,NA,NA,0.539030934593743,NA,NA,NA,NA
"Utah","return_normal","Past",2021-03-25,"latent_trend",NA,NA,NA,0.539030934593743,NA,NA,NA,NA
"Utah","status_quo","Past",2021-03-25,"latent_trend",NA,NA,NA,0.539030934593743,NA,NA,NA,NA
"Utah","linear_increase_sd","Past",2021-03-25,"mobility_trend",NA,NA,NA,0.910860184463206,NA,NA,NA,NA
"Utah","return_normal","Past",2021-03-25,"mobility_trend",NA,NA,NA,0.910860184463206,NA,NA,NA,NA
"Utah","status_quo","Past",2021-03-25,"mobility_trend",NA,NA,NA,0.910860184463206,NA,NA,NA,NA
"Utah",NA,"Past",2021-03-26,"actual_cumulative_cases",NA,NA,NA,383713,NA,NA,NA,NA
"Utah",NA,"Past",2021-03-26,"actual_cumulative_deaths",NA,NA,NA,2096,NA,NA,NA,NA
"Utah",NA,"Past",2021-03-26,"actual_daily_cases",NA,NA,NA,453,NA,NA,NA,NA
"Utah",NA,"Past",2021-03-26,"actual_daily_deaths",NA,NA,NA,3,NA,NA,NA,NA
"Utah","linear_increase_sd","Past",2021-03-26,"combined_trend",NA,NA,NA,0.495587853348105,NA,NA,NA,NA
"Utah","return_normal","Past",2021-03-26,"combined_trend",NA,NA,NA,0.495587853348105,NA,NA,NA,NA
"Utah","status_quo","Past",2021-03-26,"combined_trend",NA,NA,NA,0.495587853348105,NA,NA,NA,NA
"Utah","linear_increase_sd","Past",2021-03-26,"cumulative_all_infections",1041819,1041819,1041819,1050717,1051033,1059298,1059298,1059298
"Utah","return_normal","Past",2021-03-26,"cumulative_all_infections",1041819,1041819,1041819,1050717,1051033,1059298,1059298,1059298
"Utah","status_quo","Past",2021-03-26,"cumulative_all_infections",1041819,1041819,1041819,1050717,1051033,1059298,1059298,1059298
"Utah","linear_increase_sd","Past",2021-03-26,"cumulative_cases",388724,388724,388724,392263,392855,395210,395210,395210
"Utah","return_normal","Past",2021-03-26,"cumulative_cases",388724,388724,388724,392263,392855,395210,395210,395210
"Utah","status_quo","Past",2021-03-26,"cumulative_cases",388724,388724,388724,392263,392855,395210,395210,395210
"Utah","linear_increase_sd","Past",2021-03-26,"cumulative_deaths",2384,2384,2384,2418,2430,2440,2440,2440
"Utah","return_normal","Past",2021-03-26,"cumulative_deaths",2384,2384,2384,2418,2430,2440,2440,2440
"Utah","status_quo","Past",2021-03-26,"cumulative_deaths",2384,2384,2384,2418,2430,2440,2440,2440
"Utah","linear_increase_sd","Past",2021-03-26,"cumulative_hosps",46085,46085,46085,46612,46575,47176,47176,47176
"Utah","return_normal","Past",2021-03-26,"cumulative_hosps",46085,46085,46085,46612,46575,47176,47176,47176
"Utah","status_quo","Past",2021-03-26,"cumulative_hosps",46085,46085,46085,46612,46575,47176,47176,47176
"Utah","linear_increase_sd","Past",2021-03-26,"daily_all_infections",847,847,847,1187,1309,1403,1403,1403
"Utah","return_normal","Past",2021-03-26,"daily_all_infections",847,847,847,1187,1309,1403,1403,1403
"Utah","status_quo","Past",2021-03-26,"daily_all_infections",847,847,847,1187,1309,1403,1403,1403
"Utah","linear_increase_sd","Past",2021-03-26,"daily_cases",354,354,354,495,516,615,615,615
"Utah","return_normal","Past",2021-03-26,"daily_cases",354,354,354,495,516,615,615,615
"Utah","status_quo","Past",2021-03-26,"daily_cases",354,354,354,495,516,615,615,615
"Utah","linear_increase_sd","Past",2021-03-26,"daily_deaths",2,2,2,3,3,3,3,3
"Utah","return_normal","Past",2021-03-26,"daily_deaths",2,2,2,3,3,3,3,3
"Utah","status_quo","Past",2021-03-26,"daily_deaths",2,2,2,3,3,3,3,3
"Utah","linear_increase_sd","Past",2021-03-26,"daily_hosps",51,51,51,63,62,76,76,76
"Utah","return_normal","Past",2021-03-26,"daily_hosps",51,51,51,63,62,76,76,76
"Utah","status_quo","Past",2021-03-26,"daily_hosps",51,51,51,63,62,76,76,76
"Utah","linear_increase_sd","Past",2021-03-26,"latent_trend",NA,NA,NA,0.544276212363484,NA,NA,NA,NA
"Utah","return_normal","Past",2021-03-26,"latent_trend",NA,NA,NA,0.544276212363484,NA,NA,NA,NA
"Utah","status_quo","Past",2021-03-26,"latent_trend",NA,NA,NA,0.544276212363484,NA,NA,NA,NA
"Utah","linear_increase_sd","Past",2021-03-26,"mobility_trend",NA,NA,NA,0.910544760345206,NA,NA,NA,NA
"Utah","return_normal","Past",2021-03-26,"mobility_trend",NA,NA,NA,0.910544760345206,NA,NA,NA,NA
"Utah","status_quo","Past",2021-03-26,"mobility_trend",NA,NA,NA,0.910544760345206,NA,NA,NA,NA
"Utah",NA,"Past",2021-03-27,"actual_cumulative_cases",NA,NA,NA,384173,NA,NA,NA,NA
"Utah",NA,"Past",2021-03-27,"actual_cumulative_deaths",NA,NA,NA,2106,NA,NA,NA,NA
"Utah",NA,"Past",2021-03-27,"actual_daily_cases",NA,NA,NA,460,NA,NA,NA,NA
"Utah",NA,"Past",2021-03-27,"actual_daily_deaths",NA,NA,NA,10,NA,NA,NA,NA
"Utah","linear_increase_sd","Past",2021-03-27,"combined_trend",NA,NA,NA,0.500415404798566,NA,NA,NA,NA
"Utah","return_normal","Past",2021-03-27,"combined_trend",NA,NA,NA,0.500415404798566,NA,NA,NA,NA
"Utah","status_quo","Past",2021-03-27,"combined_trend",NA,NA,NA,0.500415404798566,NA,NA,NA,NA
"Utah","linear_increase_sd","Past",2021-03-27,"cumulative_all_infections",1043086,1043086,1043086,1051892,1052430,1060160,1060160,1060160
"Utah","return_normal","Past",2021-03-27,"cumulative_all_infections",1043086,1043086,1043086,1051892,1052430,1060160,1060160,1060160
"Utah","status_quo","Past",2021-03-27,"cumulative_all_infections",1043086,1043086,1043086,1051892,1052430,1060160,1060160,1060160
"Utah","linear_increase_sd","Past",2021-03-27,"cumulative_cases",389285,389285,389285,392719,393359,395513,395513,395513
"Utah","return_normal","Past",2021-03-27,"cumulative_cases",389285,389285,389285,392719,393359,395513,395513,395513
"Utah","status_quo","Past",2021-03-27,"cumulative_cases",389285,389285,389285,392719,393359,395513,395513,395513
"Utah","linear_increase_sd","Past",2021-03-27,"cumulative_deaths",2387,2387,2387,2421,2433,2443,2443,2443
"Utah","return_normal","Past",2021-03-27,"cumulative_deaths",2387,2387,2387,2421,2433,2443,2443,2443
"Utah","status_quo","Past",2021-03-27,"cumulative_deaths",2387,2387,2387,2421,2433,2443,2443,2443
"Utah","linear_increase_sd","Past",2021-03-27,"cumulative_hosps",46161,46161,46161,46675,46637,47226,47226,47226
"Utah","return_normal","Past",2021-03-27,"cumulative_hosps",46161,46161,46161,46675,46637,47226,47226,47226
"Utah","status_quo","Past",2021-03-27,"cumulative_hosps",46161,46161,46161,46675,46637,47226,47226,47226
"Utah","linear_increase_sd","Past",2021-03-27,"daily_all_infections",862,862,862,1176,1267,1397,1397,1397
"Utah","return_normal","Past",2021-03-27,"daily_all_infections",862,862,862,1176,1267,1397,1397,1397
"Utah","status_quo","Past",2021-03-27,"daily_all_infections",862,862,862,1176,1267,1397,1397,1397
"Utah","linear_increase_sd","Past",2021-03-27,"daily_cases",303,303,303,456,504,561,561,561
"Utah","return_normal","Past",2021-03-27,"daily_cases",303,303,303,456,504,561,561,561
"Utah","status_quo","Past",2021-03-27,"daily_cases",303,303,303,456,504,561,561,561
"Utah","linear_increase_sd","Past",2021-03-27,"daily_deaths",3,3,3,3,3,3,3,3
"Utah","return_normal","Past",2021-03-27,"daily_deaths",3,3,3,3,3,3,3,3
"Utah","status_quo","Past",2021-03-27,"daily_deaths",3,3,3,3,3,3,3,3
"Utah","linear_increase_sd","Past",2021-03-27,"daily_hosps",50,50,50,63,62,76,76,76
"Utah","return_normal","Past",2021-03-27,"daily_hosps",50,50,50,63,62,76,76,76
"Utah","status_quo","Past",2021-03-27,"daily_hosps",50,50,50,63,62,76,76,76
"Utah","linear_increase_sd","Past",2021-03-27,"latent_trend",NA,NA,NA,0.550193193776809,NA,NA,NA,NA
"Utah","return_normal","Past",2021-03-27,"latent_trend",NA,NA,NA,0.550193193776809,NA,NA,NA,NA
"Utah","status_quo","Past",2021-03-27,"latent_trend",NA,NA,NA,0.550193193776809,NA,NA,NA,NA
"Utah","linear_increase_sd","Past",2021-03-27,"mobility_trend",NA,NA,NA,0.909526708906481,NA,NA,NA,NA
"Utah","return_normal","Past",2021-03-27,"mobility_trend",NA,NA,NA,0.909526708906481,NA,NA,NA,NA
"Utah","status_quo","Past",2021-03-27,"mobility_trend",NA,NA,NA,0.909526708906481,NA,NA,NA,NA
"Utah",NA,"Past",2021-03-28,"actual_cumulative_cases",NA,NA,NA,384562,NA,NA,NA,NA
"Utah",NA,"Past",2021-03-28,"actual_cumulative_deaths",NA,NA,NA,2119,NA,NA,NA,NA
"Utah",NA,"Past",2021-03-28,"actual_daily_cases",NA,NA,NA,389,NA,NA,NA,NA
"Utah",NA,"Past",2021-03-28,"actual_daily_deaths",NA,NA,NA,13,NA,NA,NA,NA
"Utah","linear_increase_sd","Past",2021-03-28,"combined_trend",NA,NA,NA,0.505407009395694,NA,NA,NA,NA
"Utah","return_normal","Past",2021-03-28,"combined_trend",NA,NA,NA,0.505407009395694,NA,NA,NA,NA
"Utah","status_quo","Past",2021-03-28,"combined_trend",NA,NA,NA,0.505407009395694,NA,NA,NA,NA
"Utah","linear_increase_sd","Past",2021-03-28,"cumulative_all_infections",1044309,1044309,1044309,1053063,1053829,1061050,1061050,1061050
"Utah","return_normal","Past",2021-03-28,"cumulative_all_infections",1044309,1044309,1044309,1053063,1053829,1061050,1061050,1061050
"Utah","status_quo","Past",2021-03-28,"cumulative_all_infections",1044309,1044309,1044309,1053063,1053829,1061050,1061050,1061050
"Utah","linear_increase_sd","Past",2021-03-28,"cumulative_cases",389894,389894,389894,393192,393867,395815,395815,395815
"Utah","return_normal","Past",2021-03-28,"cumulative_cases",389894,389894,389894,393192,393867,395815,395815,395815
"Utah","status_quo","Past",2021-03-28,"cumulative_cases",389894,389894,389894,393192,393867,395815,395815,395815
"Utah","linear_increase_sd","Past",2021-03-28,"cumulative_deaths",2390,2390,2390,2424,2435,2445,2445,2445
"Utah","return_normal","Past",2021-03-28,"cumulative_deaths",2390,2390,2390,2424,2435,2445,2445,2445
"Utah","status_quo","Past",2021-03-28,"cumulative_deaths",2390,2390,2390,2424,2435,2445,2445,2445
"Utah","linear_increase_sd","Past",2021-03-28,"cumulative_hosps",46235,46235,46235,46735,46698,47272,47272,47272
"Utah","return_normal","Past",2021-03-28,"cumulative_hosps",46235,46235,46235,46735,46698,47272,47272,47272
"Utah","status_quo","Past",2021-03-28,"cumulative_hosps",46235,46235,46235,46735,46698,47272,47272,47272
"Utah","linear_increase_sd","Past",2021-03-28,"daily_all_infections",890,890,890,1171,1223,1399,1399,1399
"Utah","return_normal","Past",2021-03-28,"daily_all_infections",890,890,890,1171,1223,1399,1399,1399
"Utah","status_quo","Past",2021-03-28,"daily_all_infections",890,890,890,1171,1223,1399,1399,1399
"Utah","linear_increase_sd","Past",2021-03-28,"daily_cases",302,302,302,473,508,609,609,609
"Utah","return_normal","Past",2021-03-28,"daily_cases",302,302,302,473,508,609,609,609
"Utah","status_quo","Past",2021-03-28,"daily_cases",302,302,302,473,508,609,609,609
"Utah","linear_increase_sd","Past",2021-03-28,"daily_deaths",2,2,2,3,2,3,3,3
"Utah","return_normal","Past",2021-03-28,"daily_deaths",2,2,2,3,2,3,3,3
"Utah","status_quo","Past",2021-03-28,"daily_deaths",2,2,2,3,2,3,3,3
"Utah","linear_increase_sd","Past",2021-03-28,"daily_hosps",46,46,46,61,61,74,74,74
"Utah","return_normal","Past",2021-03-28,"daily_hosps",46,46,46,61,61,74,74,74
"Utah","status_quo","Past",2021-03-28,"daily_hosps",46,46,46,61,61,74,74,74
"Utah","linear_increase_sd","Past",2021-03-28,"latent_trend",NA,NA,NA,0.55671819299472,NA,NA,NA,NA
"Utah","return_normal","Past",2021-03-28,"latent_trend",NA,NA,NA,0.55671819299472,NA,NA,NA,NA
"Utah","status_quo","Past",2021-03-28,"latent_trend",NA,NA,NA,0.55671819299472,NA,NA,NA,NA
"Utah","linear_increase_sd","Past",2021-03-28,"mobility_trend",NA,NA,NA,0.907832752288889,NA,NA,NA,NA
"Utah","return_normal","Past",2021-03-28,"mobility_trend",NA,NA,NA,0.907832752288889,NA,NA,NA,NA
"Utah","status_quo","Past",2021-03-28,"mobility_trend",NA,NA,NA,0.907832752288889,NA,NA,NA,NA
"Utah",NA,"Past",2021-03-29,"actual_cumulative_cases",NA,NA,NA,384756,NA,NA,NA,NA
"Utah",NA,"Past",2021-03-29,"actual_cumulative_deaths",NA,NA,NA,2119,NA,NA,NA,NA
"Utah",NA,"Past",2021-03-29,"actual_daily_cases",NA,NA,NA,194,NA,NA,NA,NA
"Utah",NA,"Past",2021-03-29,"actual_daily_deaths",NA,NA,NA,0,NA,NA,NA,NA
"Utah","linear_increase_sd","Past",2021-03-29,"combined_trend",NA,NA,NA,0.510502831681992,NA,NA,NA,NA
"Utah","return_normal","Past",2021-03-29,"combined_trend",NA,NA,NA,0.510502831681992,NA,NA,NA,NA
"Utah","status_quo","Past",2021-03-29,"combined_trend",NA,NA,NA,0.510502831681992,NA,NA,NA,NA
"Utah","linear_increase_sd","Past",2021-03-29,"cumulative_all_infections",1045489,1045489,1045489,1054225,1055212,1061974,1061974,1061974
"Utah","return_normal","Past",2021-03-29,"cumulative_all_infections",1045489,1045489,1045489,1054225,1055212,1061974,1061974,1061974
"Utah","status_quo","Past",2021-03-29,"cumulative_all_infections",1045489,1045489,1045489,1054225,1055212,1061974,1061974,1061974
"Utah","linear_increase_sd","Past",2021-03-29,"cumulative_cases",390439,390439,390439,393659,394416,396122,396122,396122
"Utah","return_normal","Past",2021-03-29,"cumulative_cases",390439,390439,390439,393659,394416,396122,396122,396122
"Utah","status_quo","Past",2021-03-29,"cumulative_cases",390439,390439,390439,393659,394416,396122,396122,396122
"Utah","linear_increase_sd","Past",2021-03-29,"cumulative_deaths",2393,2393,2393,2426,2438,2447,2447,2447
"Utah","return_normal","Past",2021-03-29,"cumulative_deaths",2393,2393,2393,2426,2438,2447,2447,2447
"Utah","status_quo","Past",2021-03-29,"cumulative_deaths",2393,2393,2393,2426,2438,2447,2447,2447
"Utah","linear_increase_sd","Past",2021-03-29,"cumulative_hosps",46309,46309,46309,46796,46762,47317,47317,47317
"Utah","return_normal","Past",2021-03-29,"cumulative_hosps",46309,46309,46309,46796,46762,47317,47317,47317
"Utah","status_quo","Past",2021-03-29,"cumulative_hosps",46309,46309,46309,46796,46762,47317,47317,47317
"Utah","linear_increase_sd","Past",2021-03-29,"daily_all_infections",924,924,924,1163,1180,1383,1383,1383
"Utah","return_normal","Past",2021-03-29,"daily_all_infections",924,924,924,1163,1180,1383,1383,1383
"Utah","status_quo","Past",2021-03-29,"daily_all_infections",924,924,924,1163,1180,1383,1383,1383
"Utah","linear_increase_sd","Past",2021-03-29,"daily_cases",307,307,307,467,545,549,549,549
"Utah","return_normal","Past",2021-03-29,"daily_cases",307,307,307,467,545,549,549,549
"Utah","status_quo","Past",2021-03-29,"daily_cases",307,307,307,467,545,549,549,549
"Utah","linear_increase_sd","Past",2021-03-29,"daily_deaths",2,2,2,3,3,3,3,3
"Utah","return_normal","Past",2021-03-29,"daily_deaths",2,2,2,3,3,3,3,3
"Utah","status_quo","Past",2021-03-29,"daily_deaths",2,2,2,3,3,3,3,3
"Utah","linear_increase_sd","Past",2021-03-29,"daily_hosps",45,45,45,61,64,74,74,74
"Utah","return_normal","Past",2021-03-29,"daily_hosps",45,45,45,61,64,74,74,74
"Utah","status_quo","Past",2021-03-29,"daily_hosps",45,45,45,61,64,74,74,74
"Utah","linear_increase_sd","Past",2021-03-29,"latent_trend",NA,NA,NA,0.563786513460727,NA,NA,NA,NA
"Utah","return_normal","Past",2021-03-29,"latent_trend",NA,NA,NA,0.563786513460727,NA,NA,NA,NA
"Utah","status_quo","Past",2021-03-29,"latent_trend",NA,NA,NA,0.563786513460727,NA,NA,NA,NA
"Utah","linear_increase_sd","Past",2021-03-29,"mobility_trend",NA,NA,NA,0.905489612634293,NA,NA,NA,NA
"Utah","return_normal","Past",2021-03-29,"mobility_trend",NA,NA,NA,0.905489612634293,NA,NA,NA,NA
"Utah","status_quo","Past",2021-03-29,"mobility_trend",NA,NA,NA,0.905489612634293,NA,NA,NA,NA
"Utah",NA,"Past",2021-03-30,"actual_cumulative_cases",NA,NA,NA,385127,NA,NA,NA,NA
"Utah",NA,"Past",2021-03-30,"actual_cumulative_deaths",NA,NA,NA,2123,NA,NA,NA,NA
"Utah",NA,"Past",2021-03-30,"actual_daily_cases",NA,NA,NA,371,NA,NA,NA,NA
"Utah",NA,"Past",2021-03-30,"actual_daily_deaths",NA,NA,NA,4,NA,NA,NA,NA
"Utah","linear_increase_sd","Past",2021-03-30,"combined_trend",NA,NA,NA,0.51564197842807,NA,NA,NA,NA
"Utah","return_normal","Past",2021-03-30,"combined_trend",NA,NA,NA,0.51564197842807,NA,NA,NA,NA
"Utah","status_quo","Past",2021-03-30,"combined_trend",NA,NA,NA,0.51564197842807,NA,NA,NA,NA
"Utah","linear_increase_sd","Past",2021-03-30,"cumulative_all_infections",1046629,1046629,1046629,1055380,1056574,1062937,1062937,1062937
"Utah","return_normal","Past",2021-03-30,"cumulative_all_infections",1046629,1046629,1046629,1055380,1056574,1062937,1062937,1062937
"Utah","status_quo","Past",2021-03-30,"cumulative_all_infections",1046629,1046629,1046629,1055380,1056574,1062937,1062937,1062937
"Utah","linear_increase_sd","Past",2021-03-30,"cumulative_cases",390949,390949,390949,394130,394968,396471,396471,396471
"Utah","return_normal","Past",2021-03-30,"cumulative_cases",390949,390949,390949,394130,394968,396471,396471,396471
"Utah","status_quo","Past",2021-03-30,"cumulative_cases",390949,390949,390949,394130,394968,396471,396471,396471
"Utah","linear_increase_sd","Past",2021-03-30,"cumulative_deaths",2396,2396,2396,2429,2440,2449,2449,2449
"Utah","return_normal","Past",2021-03-30,"cumulative_deaths",2396,2396,2396,2429,2440,2449,2449,2449
"Utah","status_quo","Past",2021-03-30,"cumulative_deaths",2396,2396,2396,2429,2440,2449,2449,2449
"Utah","linear_increase_sd","Past",2021-03-30,"cumulative_hosps",46379,46379,46379,46855,46825,47360,47360,47360
"Utah","return_normal","Past",2021-03-30,"cumulative_hosps",46379,46379,46379,46855,46825,47360,47360,47360
"Utah","status_quo","Past",2021-03-30,"cumulative_hosps",46379,46379,46379,46855,46825,47360,47360,47360
"Utah","linear_increase_sd","Past",2021-03-30,"daily_all_infections",963,963,963,1155,1140,1362,1362,1362
"Utah","return_normal","Past",2021-03-30,"daily_all_infections",963,963,963,1155,1140,1362,1362,1362
"Utah","status_quo","Past",2021-03-30,"daily_all_infections",963,963,963,1155,1140,1362,1362,1362
"Utah","linear_increase_sd","Past",2021-03-30,"daily_cases",349,349,349,471,510,552,552,552
"Utah","return_normal","Past",2021-03-30,"daily_cases",349,349,349,471,510,552,552,552
"Utah","status_quo","Past",2021-03-30,"daily_cases",349,349,349,471,510,552,552,552
"Utah","linear_increase_sd","Past",2021-03-30,"daily_deaths",2,2,2,3,2,3,3,3
"Utah","return_normal","Past",2021-03-30,"daily_deaths",2,2,2,3,2,3,3,3
"Utah","status_quo","Past",2021-03-30,"daily_deaths",2,2,2,3,2,3,3,3
"Utah","linear_increase_sd","Past",2021-03-30,"daily_hosps",43,43,43,59,63,70,70,70
"Utah","return_normal","Past",2021-03-30,"daily_hosps",43,43,43,59,63,70,70,70
"Utah","status_quo","Past",2021-03-30,"daily_hosps",43,43,43,59,63,70,70,70
"Utah","linear_increase_sd","Past",2021-03-30,"latent_trend",NA,NA,NA,0.571332542483689,NA,NA,NA,NA
"Utah","return_normal","Past",2021-03-30,"latent_trend",NA,NA,NA,0.571332542483689,NA,NA,NA,NA
"Utah","status_quo","Past",2021-03-30,"latent_trend",NA,NA,NA,0.571332542483689,NA,NA,NA,NA
"Utah","linear_increase_sd","Past",2021-03-30,"mobility_trend",NA,NA,NA,0.902525132187427,NA,NA,NA,NA
"Utah","return_normal","Past",2021-03-30,"mobility_trend",NA,NA,NA,0.902525132187427,NA,NA,NA,NA
"Utah","status_quo","Past",2021-03-30,"mobility_trend",NA,NA,NA,0.902525132187427,NA,NA,NA,NA
"Utah",NA,"Past",2021-03-31,"actual_cumulative_cases",NA,NA,NA,385641,NA,NA,NA,NA
"Utah",NA,"Past",2021-03-31,"actual_cumulative_deaths",NA,NA,NA,2127,NA,NA,NA,NA
"Utah",NA,"Past",2021-03-31,"actual_daily_cases",NA,NA,NA,514,NA,NA,NA,NA
"Utah",NA,"Past",2021-03-31,"actual_daily_deaths",NA,NA,NA,4,NA,NA,NA,NA
"Utah","linear_increase_sd","Past",2021-03-31,"combined_trend",NA,NA,NA,0.520765206874527,NA,NA,NA,NA
"Utah","return_normal","Past",2021-03-31,"combined_trend",NA,NA,NA,0.520765206874527,NA,NA,NA,NA
"Utah","status_quo","Past",2021-03-31,"combined_trend",NA,NA,NA,0.520765206874527,NA,NA,NA,NA
"Utah","linear_increase_sd","Past",2021-03-31,"cumulative_all_infections",1047738,1047738,1047738,1056537,1057928,1063943,1063943,1063943
"Utah","return_normal","Past",2021-03-31,"cumulative_all_infections",1047738,1047738,1047738,1056537,1057928,1063943,1063943,1063943
"Utah","status_quo","Past",2021-03-31,"cumulative_all_infections",1047738,1047738,1047738,1056537,1057928,1063943,1063943,1063943
"Utah","linear_increase_sd","Past",2021-03-31,"cumulative_cases",391481,391481,391481,394596,395507,396799,396799,396799
"Utah","return_normal","Past",2021-03-31,"cumulative_cases",391481,391481,391481,394596,395507,396799,396799,396799
"Utah","status_quo","Past",2021-03-31,"cumulative_cases",391481,391481,391481,394596,395507,396799,396799,396799
"Utah","linear_increase_sd","Past",2021-03-31,"cumulative_deaths",2398,2398,2398,2431,2442,2451,2451,2451
"Utah","return_normal","Past",2021-03-31,"cumulative_deaths",2398,2398,2398,2431,2442,2451,2451,2451
"Utah","status_quo","Past",2021-03-31,"cumulative_deaths",2398,2398,2398,2431,2442,2451,2451,2451
"Utah","linear_increase_sd","Past",2021-03-31,"cumulative_hosps",46449,46449,46449,46914,46889,47402,47402,47402
"Utah","return_normal","Past",2021-03-31,"cumulative_hosps",46449,46449,46449,46914,46889,47402,47402,47402
"Utah","status_quo","Past",2021-03-31,"cumulative_hosps",46449,46449,46449,46914,46889,47402,47402,47402
"Utah","linear_increase_sd","Past",2021-03-31,"daily_all_infections",1006,1006,1006,1157,1109,1354,1354,1354
"Utah","return_normal","Past",2021-03-31,"daily_all_infections",1006,1006,1006,1157,1109,1354,1354,1354
"Utah","status_quo","Past",2021-03-31,"daily_all_infections",1006,1006,1006,1157,1109,1354,1354,1354
"Utah","linear_increase_sd","Past",2021-03-31,"daily_cases",328,328,328,467,532,539,539,539
"Utah","return_normal","Past",2021-03-31,"daily_cases",328,328,328,467,532,539,539,539
"Utah","status_quo","Past",2021-03-31,"daily_cases",328,328,328,467,532,539,539,539
"Utah","linear_increase_sd","Past",2021-03-31,"daily_deaths",2,2,2,2,2,2,2,2
"Utah","return_normal","Past",2021-03-31,"daily_deaths",2,2,2,2,2,2,2,2
"Utah","status_quo","Past",2021-03-31,"daily_deaths",2,2,2,2,2,2,2,2
"Utah","linear_increase_sd","Past",2021-03-31,"daily_hosps",42,42,42,59,64,70,70,70
"Utah","return_normal","Past",2021-03-31,"daily_hosps",42,42,42,59,64,70,70,70
"Utah","status_quo","Past",2021-03-31,"daily_hosps",42,42,42,59,64,70,70,70
"Utah","linear_increase_sd","Past",2021-03-31,"latent_trend",NA,NA,NA,0.579289921292026,NA,NA,NA,NA
"Utah","return_normal","Past",2021-03-31,"latent_trend",NA,NA,NA,0.579289921292026,NA,NA,NA,NA
"Utah","status_quo","Past",2021-03-31,"latent_trend",NA,NA,NA,0.579289921292026,NA,NA,NA,NA
"Utah","linear_increase_sd","Past",2021-03-31,"mobility_trend",NA,NA,NA,0.89897163360452,NA,NA,NA,NA
"Utah","return_normal","Past",2021-03-31,"mobility_trend",NA,NA,NA,0.89897163360452,NA,NA,NA,NA
"Utah","status_quo","Past",2021-03-31,"mobility_trend",NA,NA,NA,0.89897163360452,NA,NA,NA,NA
"Utah",NA,"Past",2021-04-01,"actual_cumulative_cases",NA,NA,NA,386128,NA,NA,NA,NA
"Utah",NA,"Past",2021-04-01,"actual_cumulative_deaths",NA,NA,NA,2130,NA,NA,NA,NA
"Utah",NA,"Past",2021-04-01,"actual_daily_cases",NA,NA,NA,487,NA,NA,NA,NA
"Utah",NA,"Past",2021-04-01,"actual_daily_deaths",NA,NA,NA,3,NA,NA,NA,NA
"Utah","linear_increase_sd","Past",2021-04-01,"combined_trend",NA,NA,NA,0.525813892592534,NA,NA,NA,NA
"Utah","return_normal","Past",2021-04-01,"combined_trend",NA,NA,NA,0.525813892592534,NA,NA,NA,NA
"Utah","status_quo","Past",2021-04-01,"combined_trend",NA,NA,NA,0.525813892592534,NA,NA,NA,NA
"Utah","linear_increase_sd","Past",2021-04-01,"cumulative_all_infections",1048813,1048813,1048813,1057686,1059254,1064990,1064990,1064990
"Utah","return_normal","Past",2021-04-01,"cumulative_all_infections",1048813,1048813,1048813,1057686,1059254,1064990,1064990,1064990
"Utah","status_quo","Past",2021-04-01,"cumulative_all_infections",1048813,1048813,1048813,1057686,1059254,1064990,1064990,1064990
"Utah","linear_increase_sd","Past",2021-04-01,"cumulative_cases",392006,392006,392006,395071,396063,397144,397144,397144
"Utah","return_normal","Past",2021-04-01,"cumulative_cases",392006,392006,392006,395071,396063,397144,397144,397144
"Utah","status_quo","Past",2021-04-01,"cumulative_cases",392006,392006,392006,395071,396063,397144,397144,397144
"Utah","linear_increase_sd","Past",2021-04-01,"cumulative_deaths",2401,2401,2401,2433,2444,2453,2453,2453
"Utah","return_normal","Past",2021-04-01,"cumulative_deaths",2401,2401,2401,2433,2444,2453,2453,2453
"Utah","status_quo","Past",2021-04-01,"cumulative_deaths",2401,2401,2401,2433,2444,2453,2453,2453
"Utah","linear_increase_sd","Past",2021-04-01,"cumulative_hosps",46517,46517,46517,46972,46954,47444,47444,47444
"Utah","return_normal","Past",2021-04-01,"cumulative_hosps",46517,46517,46517,46972,46954,47444,47444,47444
"Utah","status_quo","Past",2021-04-01,"cumulative_hosps",46517,46517,46517,46972,46954,47444,47444,47444
"Utah","linear_increase_sd","Past",2021-04-01,"daily_all_infections",1047,1047,1047,1150,1075,1326,1326,1326
"Utah","return_normal","Past",2021-04-01,"daily_all_infections",1047,1047,1047,1150,1075,1326,1326,1326
"Utah","status_quo","Past",2021-04-01,"daily_all_infections",1047,1047,1047,1150,1075,1326,1326,1326
"Utah","linear_increase_sd","Past",2021-04-01,"daily_cases",345,345,345,476,525,556,556,556
"Utah","return_normal","Past",2021-04-01,"daily_cases",345,345,345,476,525,556,556,556
"Utah","status_quo","Past",2021-04-01,"daily_cases",345,345,345,476,525,556,556,556
"Utah","linear_increase_sd","Past",2021-04-01,"daily_deaths",2,2,2,3,2,3,3,3
"Utah","return_normal","Past",2021-04-01,"daily_deaths",2,2,2,3,2,3,3,3
"Utah","status_quo","Past",2021-04-01,"daily_deaths",2,2,2,3,2,3,3,3
"Utah","linear_increase_sd","Past",2021-04-01,"daily_hosps",42,42,42,59,65,68,68,68
"Utah","return_normal","Past",2021-04-01,"daily_hosps",42,42,42,59,65,68,68,68
"Utah","status_quo","Past",2021-04-01,"daily_hosps",42,42,42,59,65,68,68,68
"Utah","linear_increase_sd","Past",2021-04-01,"latent_trend",NA,NA,NA,0.587591789292558,NA,NA,NA,NA
"Utah","return_normal","Past",2021-04-01,"latent_trend",NA,NA,NA,0.587591789292558,NA,NA,NA,NA
"Utah","status_quo","Past",2021-04-01,"latent_trend",NA,NA,NA,0.587591789292558,NA,NA,NA,NA
"Utah","linear_increase_sd","Past",2021-04-01,"mobility_trend",NA,NA,NA,0.894862559644677,NA,NA,NA,NA
"Utah","return_normal","Past",2021-04-01,"mobility_trend",NA,NA,NA,0.894862559644677,NA,NA,NA,NA
"Utah","status_quo","Past",2021-04-01,"mobility_trend",NA,NA,NA,0.894862559644677,NA,NA,NA,NA
"Utah",NA,"Past",2021-04-02,"actual_cumulative_cases",NA,NA,NA,386550,NA,NA,NA,NA
"Utah",NA,"Past",2021-04-02,"actual_cumulative_deaths",NA,NA,NA,2136,NA,NA,NA,NA
"Utah",NA,"Past",2021-04-02,"actual_daily_cases",NA,NA,NA,422,NA,NA,NA,NA
"Utah",NA,"Past",2021-04-02,"actual_daily_deaths",NA,NA,NA,6,NA,NA,NA,NA
"Utah","linear_increase_sd","Past",2021-04-02,"combined_trend",NA,NA,NA,0.530730201593921,NA,NA,NA,NA
"Utah","return_normal","Past",2021-04-02,"combined_trend",NA,NA,NA,0.530730201593921,NA,NA,NA,NA
"Utah","status_quo","Past",2021-04-02,"combined_trend",NA,NA,NA,0.530730201593921,NA,NA,NA,NA
"Utah","linear_increase_sd","Past",2021-04-02,"cumulative_all_infections",1049845,1049845,1049845,1058830,1060560,1066085,1066085,1066085
"Utah","return_normal","Past",2021-04-02,"cumulative_all_infections",1049845,1049845,1049845,1058830,1060560,1066085,1066085,1066085
"Utah","status_quo","Past",2021-04-02,"cumulative_all_infections",1049845,1049845,1049845,1058830,1060560,1066085,1066085,1066085
"Utah","linear_increase_sd","Past",2021-04-02,"cumulative_cases",392479,392479,392479,395533,396647,397473,397473,397473
"Utah","return_normal","Past",2021-04-02,"cumulative_cases",392479,392479,392479,395533,396647,397473,397473,397473
"Utah","status_quo","Past",2021-04-02,"cumulative_cases",392479,392479,392479,395533,396647,397473,397473,397473
"Utah","linear_increase_sd","Past",2021-04-02,"cumulative_deaths",2404,2404,2404,2435,2446,2455,2455,2455
"Utah","return_normal","Past",2021-04-02,"cumulative_deaths",2404,2404,2404,2435,2446,2455,2455,2455
"Utah","status_quo","Past",2021-04-02,"cumulative_deaths",2404,2404,2404,2435,2446,2455,2455,2455
"Utah","linear_increase_sd","Past",2021-04-02,"cumulative_hosps",46587,46587,46587,47031,47019,47486,47486,47486
"Utah","return_normal","Past",2021-04-02,"cumulative_hosps",46587,46587,46587,47031,47019,47486,47486,47486
"Utah","status_quo","Past",2021-04-02,"cumulative_hosps",46587,46587,46587,47031,47019,47486,47486,47486
"Utah","linear_increase_sd","Past",2021-04-02,"daily_all_infections",1032,1032,1032,1145,1095,1306,1306,1306
"Utah","return_normal","Past",2021-04-02,"daily_all_infections",1032,1032,1032,1145,1095,1306,1306,1306
"Utah","status_quo","Past",2021-04-02,"daily_all_infections",1032,1032,1032,1145,1095,1306,1306,1306
"Utah","linear_increase_sd","Past",2021-04-02,"daily_cases",329,329,329,462,473,584,584,584
"Utah","return_normal","Past",2021-04-02,"daily_cases",329,329,329,462,473,584,584,584
"Utah","status_quo","Past",2021-04-02,"daily_cases",329,329,329,462,473,584,584,584
"Utah","linear_increase_sd","Past",2021-04-02,"daily_deaths",2,2,2,3,2,3,3,3
"Utah","return_normal","Past",2021-04-02,"daily_deaths",2,2,2,3,2,3,3,3
"Utah","status_quo","Past",2021-04-02,"daily_deaths",2,2,2,3,2,3,3,3
"Utah","linear_increase_sd","Past",2021-04-02,"daily_hosps",42,42,42,59,65,70,70,70
"Utah","return_normal","Past",2021-04-02,"daily_hosps",42,42,42,59,65,70,70,70
"Utah","status_quo","Past",2021-04-02,"daily_hosps",42,42,42,59,65,70,70,70
"Utah","linear_increase_sd","Past",2021-04-02,"latent_trend",NA,NA,NA,0.596171096159963,NA,NA,NA,NA
"Utah","return_normal","Past",2021-04-02,"latent_trend",NA,NA,NA,0.596171096159963,NA,NA,NA,NA
"Utah","status_quo","Past",2021-04-02,"latent_trend",NA,NA,NA,0.596171096159963,NA,NA,NA,NA
"Utah","linear_increase_sd","Past",2021-04-02,"mobility_trend",NA,NA,NA,0.890231353067,NA,NA,NA,NA
"Utah","return_normal","Past",2021-04-02,"mobility_trend",NA,NA,NA,0.890231353067,NA,NA,NA,NA
"Utah","status_quo","Past",2021-04-02,"mobility_trend",NA,NA,NA,0.890231353067,NA,NA,NA,NA
"Utah",NA,"Past",2021-04-03,"actual_cumulative_cases",NA,NA,NA,386997,NA,NA,NA,NA
"Utah",NA,"Past",2021-04-03,"actual_cumulative_deaths",NA,NA,NA,2137,NA,NA,NA,NA
"Utah",NA,"Past",2021-04-03,"actual_daily_cases",NA,NA,NA,447,NA,NA,NA,NA
"Utah",NA,"Past",2021-04-03,"actual_daily_deaths",NA,NA,NA,1,NA,NA,NA,NA
"Utah","linear_increase_sd","Past",2021-04-03,"combined_trend",NA,NA,NA,0.535456923386594,NA,NA,NA,NA
"Utah","return_normal","Past",2021-04-03,"combined_trend",NA,NA,NA,0.535456923386594,NA,NA,NA,NA
"Utah","status_quo","Past",2021-04-03,"combined_trend",NA,NA,NA,0.535456923386594,NA,NA,NA,NA
"Utah","linear_increase_sd","Past",2021-04-03,"cumulative_all_infections",1050843,1050843,1050843,1059975,1061847,1067235,1067235,1067235
"Utah","return_normal","Past",2021-04-03,"cumulative_all_infections",1050843,1050843,1050843,1059975,1061847,1067235,1067235,1067235
"Utah","status_quo","Past",2021-04-03,"cumulative_all_infections",1050843,1050843,1050843,1059975,1061847,1067235,1067235,1067235
"Utah","linear_increase_sd","Past",2021-04-03,"cumulative_cases",392953,392953,392953,396005,397208,397852,397852,397852
"Utah","return_normal","Past",2021-04-03,"cumulative_cases",392953,392953,392953,396005,397208,397852,397852,397852
"Utah","status_quo","Past",2021-04-03,"cumulative_cases",392953,392953,392953,396005,397208,397852,397852,397852
"Utah","linear_increase_sd","Past",2021-04-03,"cumulative_deaths",2407,2407,2407,2438,2448,2457,2457,2457
"Utah","return_normal","Past",2021-04-03,"cumulative_deaths",2407,2407,2407,2438,2448,2457,2457,2457
"Utah","status_quo","Past",2021-04-03,"cumulative_deaths",2407,2407,2407,2438,2448,2457,2457,2457
"Utah","linear_increase_sd","Past",2021-04-03,"cumulative_hosps",46655,46655,46655,47089,47085,47527,47527,47527
"Utah","return_normal","Past",2021-04-03,"cumulative_hosps",46655,46655,46655,47089,47085,47527,47527,47527
"Utah","status_quo","Past",2021-04-03,"cumulative_hosps",46655,46655,46655,47089,47085,47527,47527,47527
"Utah","linear_increase_sd","Past",2021-04-03,"daily_all_infections",998,998,998,1145,1150,1287,1287,1287
"Utah","return_normal","Past",2021-04-03,"daily_all_infections",998,998,998,1145,1150,1287,1287,1287
"Utah","status_quo","Past",2021-04-03,"daily_all_infections",998,998,998,1145,1150,1287,1287,1287
"Utah","linear_increase_sd","Past",2021-04-03,"daily_cases",379,379,379,472,474,561,561,561
"Utah","return_normal","Past",2021-04-03,"daily_cases",379,379,379,472,474,561,561,561
"Utah","status_quo","Past",2021-04-03,"daily_cases",379,379,379,472,474,561,561,561
"Utah","linear_increase_sd","Past",2021-04-03,"daily_deaths",2,2,2,3,2,3,3,3
"Utah","return_normal","Past",2021-04-03,"daily_deaths",2,2,2,3,2,3,3,3
"Utah","status_quo","Past",2021-04-03,"daily_deaths",2,2,2,3,2,3,3,3
"Utah","linear_increase_sd","Past",2021-04-03,"daily_hosps",41,41,41,59,66,68,68,68
"Utah","return_normal","Past",2021-04-03,"daily_hosps",41,41,41,59,66,68,68,68
"Utah","status_quo","Past",2021-04-03,"daily_hosps",41,41,41,59,66,68,68,68
"Utah","linear_increase_sd","Past",2021-04-03,"latent_trend",NA,NA,NA,0.604960970829278,NA,NA,NA,NA
"Utah","return_normal","Past",2021-04-03,"latent_trend",NA,NA,NA,0.604960970829278,NA,NA,NA,NA
"Utah","status_quo","Past",2021-04-03,"latent_trend",NA,NA,NA,0.604960970829278,NA,NA,NA,NA
"Utah","linear_increase_sd","Past",2021-04-03,"mobility_trend",NA,NA,NA,0.885109865273774,NA,NA,NA,NA
"Utah","return_normal","Past",2021-04-03,"mobility_trend",NA,NA,NA,0.885109865273774,NA,NA,NA,NA
"Utah","status_quo","Past",2021-04-03,"mobility_trend",NA,NA,NA,0.885109865273774,NA,NA,NA,NA
"Utah",NA,"Past",2021-04-04,"actual_cumulative_cases",NA,NA,NA,387341,NA,NA,NA,NA
"Utah",NA,"Past",2021-04-04,"actual_cumulative_deaths",NA,NA,NA,2137,NA,NA,NA,NA
"Utah",NA,"Past",2021-04-04,"actual_daily_cases",NA,NA,NA,344,NA,NA,NA,NA
"Utah",NA,"Past",2021-04-04,"actual_daily_deaths",NA,NA,NA,0,NA,NA,NA,NA
"Utah","linear_increase_sd","Past",2021-04-04,"combined_trend",NA,NA,NA,0.539935246191303,NA,NA,NA,NA
"Utah","return_normal","Past",2021-04-04,"combined_trend",NA,NA,NA,0.539935246191303,NA,NA,NA,NA
"Utah","status_quo","Past",2021-04-04,"combined_trend",NA,NA,NA,0.539935246191303,NA,NA,NA,NA
"Utah","linear_increase_sd","Past",2021-04-04,"cumulative_all_infections",1051819,1051819,1051819,1061122,1063109,1068436,1068436,1068436
"Utah","return_normal","Past",2021-04-04,"cumulative_all_infections",1051819,1051819,1051819,1061122,1063109,1068436,1068436,1068436
"Utah","status_quo","Past",2021-04-04,"cumulative_all_infections",1051819,1051819,1051819,1061122,1063109,1068436,1068436,1068436
"Utah","linear_increase_sd","Past",2021-04-04,"cumulative_cases",393359,393359,393359,396431,397720,398212,398212,398212
"Utah","return_normal","Past",2021-04-04,"cumulative_cases",393359,393359,393359,396431,397720,398212,398212,398212
"Utah","status_quo","Past",2021-04-04,"cumulative_cases",393359,393359,393359,396431,397720,398212,398212,398212
"Utah","linear_increase_sd","Past",2021-04-04,"cumulative_deaths",2410,2410,2410,2440,2450,2460,2460,2460
"Utah","return_normal","Past",2021-04-04,"cumulative_deaths",2410,2410,2410,2440,2450,2460,2460,2460
"Utah","status_quo","Past",2021-04-04,"cumulative_deaths",2410,2410,2410,2440,2450,2460,2460,2460
"Utah","linear_increase_sd","Past",2021-04-04,"cumulative_hosps",46719,46719,46719,47146,47150,47567,47567,47567
"Utah","return_normal","Past",2021-04-04,"cumulative_hosps",46719,46719,46719,47146,47150,47567,47567,47567
"Utah","status_quo","Past",2021-04-04,"cumulative_hosps",46719,46719,46719,47146,47150,47567,47567,47567
"Utah","linear_increase_sd","Past",2021-04-04,"daily_all_infections",976,976,976,1147,1201,1262,1262,1262
"Utah","return_normal","Past",2021-04-04,"daily_all_infections",976,976,976,1147,1201,1262,1262,1262
"Utah","status_quo","Past",2021-04-04,"daily_all_infections",976,976,976,1147,1201,1262,1262,1262
"Utah","linear_increase_sd","Past",2021-04-04,"daily_cases",360,360,360,426,406,512,512,512
"Utah","return_normal","Past",2021-04-04,"daily_cases",360,360,360,426,406,512,512,512
"Utah","status_quo","Past",2021-04-04,"daily_cases",360,360,360,426,406,512,512,512
"Utah","linear_increase_sd","Past",2021-04-04,"daily_deaths",2,2,2,3,3,3,3,3
"Utah","return_normal","Past",2021-04-04,"daily_deaths",2,2,2,3,3,3,3,3
"Utah","status_quo","Past",2021-04-04,"daily_deaths",2,2,2,3,3,3,3,3
"Utah","linear_increase_sd","Past",2021-04-04,"daily_hosps",40,40,40,57,64,65,65,65
"Utah","return_normal","Past",2021-04-04,"daily_hosps",40,40,40,57,64,65,65,65
"Utah","status_quo","Past",2021-04-04,"daily_hosps",40,40,40,57,64,65,65,65
"Utah","linear_increase_sd","Past",2021-04-04,"latent_trend",NA,NA,NA,0.613895132653721,NA,NA,NA,NA
"Utah","return_normal","Past",2021-04-04,"latent_trend",NA,NA,NA,0.613895132653721,NA,NA,NA,NA
"Utah","status_quo","Past",2021-04-04,"latent_trend",NA,NA,NA,0.613895132653721,NA,NA,NA,NA
"Utah","linear_increase_sd","Past",2021-04-04,"mobility_trend",NA,NA,NA,0.879523582240004,NA,NA,NA,NA
"Utah","return_normal","Past",2021-04-04,"mobility_trend",NA,NA,NA,0.879523582240004,NA,NA,NA,NA
"Utah","status_quo","Past",2021-04-04,"mobility_trend",NA,NA,NA,0.879523582240004,NA,NA,NA,NA
"Utah",NA,"Past",2021-04-05,"actual_cumulative_cases",NA,NA,NA,387514,NA,NA,NA,NA
"Utah",NA,"Past",2021-04-05,"actual_cumulative_deaths",NA,NA,NA,2138,NA,NA,NA,NA
"Utah",NA,"Past",2021-04-05,"actual_daily_cases",NA,NA,NA,173,NA,NA,NA,NA
"Utah",NA,"Past",2021-04-05,"actual_daily_deaths",NA,NA,NA,1,NA,NA,NA,NA
"Utah","linear_increase_sd","Past",2021-04-05,"combined_trend",NA,NA,NA,0.544108180370908,NA,NA,NA,NA
"Utah","return_normal","Past",2021-04-05,"combined_trend",NA,NA,NA,0.544108180370908,NA,NA,NA,NA
"Utah","status_quo","Past",2021-04-05,"combined_trend",NA,NA,NA,0.544108180370908,NA,NA,NA,NA
"Utah","linear_increase_sd","Past",2021-04-05,"cumulative_all_infections",1052769,1052769,1052769,1062272,1064344,1069701,1069701,1069701
"Utah","return_normal","Past",2021-04-05,"cumulative_all_infections",1052769,1052769,1052769,1062272,1064344,1069701,1069701,1069701
"Utah","status_quo","Past",2021-04-05,"cumulative_all_infections",1052769,1052769,1052769,1062272,1064344,1069701,1069701,1069701
"Utah","linear_increase_sd","Past",2021-04-05,"cumulative_cases",393788,393788,393788,396863,398243,398556,398556,398556
"Utah","return_normal","Past",2021-04-05,"cumulative_cases",393788,393788,393788,396863,398243,398556,398556,398556
"Utah","status_quo","Past",2021-04-05,"cumulative_cases",393788,393788,393788,396863,398243,398556,398556,398556
"Utah","linear_increase_sd","Past",2021-04-05,"cumulative_deaths",2413,2413,2413,2443,2452,2462,2462,2462
"Utah","return_normal","Past",2021-04-05,"cumulative_deaths",2413,2413,2413,2443,2452,2462,2462,2462
"Utah","status_quo","Past",2021-04-05,"cumulative_deaths",2413,2413,2413,2443,2452,2462,2462,2462
"Utah","linear_increase_sd","Past",2021-04-05,"cumulative_hosps",46782,46782,46782,47202,47216,47607,47607,47607
"Utah","return_normal","Past",2021-04-05,"cumulative_hosps",46782,46782,46782,47202,47216,47607,47607,47607
"Utah","status_quo","Past",2021-04-05,"cumulative_hosps",46782,46782,46782,47202,47216,47607,47607,47607
"Utah","linear_increase_sd","Past",2021-04-05,"daily_all_infections",950,950,950,1150,1235,1265,1265,1265
"Utah","return_normal","Past",2021-04-05,"daily_all_infections",950,950,950,1150,1235,1265,1265,1265
"Utah","status_quo","Past",2021-04-05,"daily_all_infections",950,950,950,1150,1235,1265,1265,1265
"Utah","linear_increase_sd","Past",2021-04-05,"daily_cases",344,344,344,432,429,523,523,523
"Utah","return_normal","Past",2021-04-05,"daily_cases",344,344,344,432,429,523,523,523
"Utah","status_quo","Past",2021-04-05,"daily_cases",344,344,344,432,429,523,523,523
"Utah","linear_increase_sd","Past",2021-04-05,"daily_deaths",2,2,2,3,2,3,3,3
"Utah","return_normal","Past",2021-04-05,"daily_deaths",2,2,2,3,2,3,3,3
"Utah","status_quo","Past",2021-04-05,"daily_deaths",2,2,2,3,2,3,3,3
"Utah","linear_increase_sd","Past",2021-04-05,"daily_hosps",40,40,40,57,63,66,66,66
"Utah","return_normal","Past",2021-04-05,"daily_hosps",40,40,40,57,63,66,66,66
"Utah","status_quo","Past",2021-04-05,"daily_hosps",40,40,40,57,63,66,66,66
"Utah","linear_increase_sd","Past",2021-04-05,"latent_trend",NA,NA,NA,0.622908327101319,NA,NA,NA,NA
"Utah","return_normal","Past",2021-04-05,"latent_trend",NA,NA,NA,0.622908327101319,NA,NA,NA,NA
"Utah","status_quo","Past",2021-04-05,"latent_trend",NA,NA,NA,0.622908327101319,NA,NA,NA,NA
"Utah","linear_increase_sd","Past",2021-04-05,"mobility_trend",NA,NA,NA,0.873496398583874,NA,NA,NA,NA
"Utah","return_normal","Past",2021-04-05,"mobility_trend",NA,NA,NA,0.873496398583874,NA,NA,NA,NA
"Utah","status_quo","Past",2021-04-05,"mobility_trend",NA,NA,NA,0.873496398583874,NA,NA,NA,NA
"Utah",NA,"Past",2021-04-06,"actual_cumulative_cases",NA,NA,NA,387814,NA,NA,NA,NA
"Utah",NA,"Past",2021-04-06,"actual_cumulative_deaths",NA,NA,NA,2142,NA,NA,NA,NA
"Utah",NA,"Past",2021-04-06,"actual_daily_cases",NA,NA,NA,300,NA,NA,NA,NA
"Utah",NA,"Past",2021-04-06,"actual_daily_deaths",NA,NA,NA,4,NA,NA,NA,NA
"Utah","linear_increase_sd","Past",2021-04-06,"combined_trend",NA,NA,NA,0.547922169324473,NA,NA,NA,NA
"Utah","return_normal","Past",2021-04-06,"combined_trend",NA,NA,NA,0.547922169324473,NA,NA,NA,NA
"Utah","status_quo","Past",2021-04-06,"combined_trend",NA,NA,NA,0.547922169324473,NA,NA,NA,NA
"Utah","linear_increase_sd","Past",2021-04-06,"cumulative_all_infections",1053693,1053693,1053693,1063428,1065562,1071027,1071027,1071027
"Utah","return_normal","Past",2021-04-06,"cumulative_all_infections",1053693,1053693,1053693,1063428,1065562,1071027,1071027,1071027
"Utah","status_quo","Past",2021-04-06,"cumulative_all_infections",1053693,1053693,1053693,1063428,1065562,1071027,1071027,1071027
"Utah","linear_increase_sd","Past",2021-04-06,"cumulative_cases",394216,394216,394216,397306,398734,398967,398967,398967
"Utah","return_normal","Past",2021-04-06,"cumulative_cases",394216,394216,394216,397306,398734,398967,398967,398967
"Utah","status_quo","Past",2021-04-06,"cumulative_cases",394216,394216,394216,397306,398734,398967,398967,398967
"Utah","linear_increase_sd","Past",2021-04-06,"cumulative_deaths",2416,2416,2416,2445,2454,2465,2465,2465
"Utah","return_normal","Past",2021-04-06,"cumulative_deaths",2416,2416,2416,2445,2454,2465,2465,2465
"Utah","status_quo","Past",2021-04-06,"cumulative_deaths",2416,2416,2416,2445,2454,2465,2465,2465
"Utah","linear_increase_sd","Past",2021-04-06,"cumulative_hosps",46844,46844,46844,47257,47278,47648,47648,47648
"Utah","return_normal","Past",2021-04-06,"cumulative_hosps",46844,46844,46844,47257,47278,47648,47648,47648
"Utah","status_quo","Past",2021-04-06,"cumulative_hosps",46844,46844,46844,47257,47278,47648,47648,47648
"Utah","linear_increase_sd","Past",2021-04-06,"daily_all_infections",924,924,924,1156,1218,1326,1326,1326
"Utah","return_normal","Past",2021-04-06,"daily_all_infections",924,924,924,1156,1218,1326,1326,1326
"Utah","status_quo","Past",2021-04-06,"daily_all_infections",924,924,924,1156,1218,1326,1326,1326
"Utah","linear_increase_sd","Past",2021-04-06,"daily_cases",411,411,411,444,428,491,491,491
"Utah","return_normal","Past",2021-04-06,"daily_cases",411,411,411,444,428,491,491,491
"Utah","status_quo","Past",2021-04-06,"daily_cases",411,411,411,444,428,491,491,491
"Utah","linear_increase_sd","Past",2021-04-06,"daily_deaths",2,2,2,3,3,3,3,3
"Utah","return_normal","Past",2021-04-06,"daily_deaths",2,2,2,3,3,3,3,3
"Utah","status_quo","Past",2021-04-06,"daily_deaths",2,2,2,3,3,3,3,3
"Utah","linear_increase_sd","Past",2021-04-06,"daily_hosps",41,41,41,55,62,62,62,62
"Utah","return_normal","Past",2021-04-06,"daily_hosps",41,41,41,55,62,62,62,62
"Utah","status_quo","Past",2021-04-06,"daily_hosps",41,41,41,55,62,62,62,62
"Utah","linear_increase_sd","Past",2021-04-06,"latent_trend",NA,NA,NA,0.631936766535326,NA,NA,NA,NA
"Utah","return_normal","Past",2021-04-06,"latent_trend",NA,NA,NA,0.631936766535326,NA,NA,NA,NA
"Utah","status_quo","Past",2021-04-06,"latent_trend",NA,NA,NA,0.631936766535326,NA,NA,NA,NA
"Utah","linear_increase_sd","Past",2021-04-06,"mobility_trend",NA,NA,NA,0.867052208923569,NA,NA,NA,NA
"Utah","return_normal","Past",2021-04-06,"mobility_trend",NA,NA,NA,0.867052208923569,NA,NA,NA,NA
"Utah","status_quo","Past",2021-04-06,"mobility_trend",NA,NA,NA,0.867052208923569,NA,NA,NA,NA
"Utah",NA,"Past",2021-04-07,"actual_cumulative_cases",NA,NA,NA,388426,NA,NA,NA,NA
"Utah",NA,"Past",2021-04-07,"actual_cumulative_deaths",NA,NA,NA,2144,NA,NA,NA,NA
"Utah",NA,"Past",2021-04-07,"actual_daily_cases",NA,NA,NA,612,NA,NA,NA,NA
"Utah",NA,"Past",2021-04-07,"actual_daily_deaths",NA,NA,NA,2,NA,NA,NA,NA
"Utah","linear_increase_sd","Past",2021-04-07,"combined_trend",NA,NA,NA,0.551326553090691,NA,NA,NA,NA
"Utah","return_normal","Past",2021-04-07,"combined_trend",NA,NA,NA,0.551326553090691,NA,NA,NA,NA
"Utah","status_quo","Past",2021-04-07,"combined_trend",NA,NA,NA,0.551326553090691,NA,NA,NA,NA
"Utah","linear_increase_sd","Past",2021-04-07,"cumulative_all_infections",1054595,1054595,1054595,1064586,1066745,1072416,1072416,1072416
"Utah","return_normal","Past",2021-04-07,"cumulative_all_infections",1054595,1054595,1054595,1064586,1066745,1072416,1072416,1072416
"Utah","status_quo","Past",2021-04-07,"cumulative_all_infections",1054595,1054595,1054595,1064586,1066745,1072416,1072416,1072416
"Utah","linear_increase_sd","Past",2021-04-07,"cumulative_cases",394653,394653,394653,397761,399240,399390,399390,399390
"Utah","return_normal","Past",2021-04-07,"cumulative_cases",394653,394653,394653,397761,399240,399390,399390,399390
"Utah","status_quo","Past",2021-04-07,"cumulative_cases",394653,394653,394653,397761,399240,399390,399390,399390
"Utah","linear_increase_sd","Past",2021-04-07,"cumulative_deaths",2419,2419,2419,2448,2456,2467,2467,2467
"Utah","return_normal","Past",2021-04-07,"cumulative_deaths",2419,2419,2419,2448,2456,2467,2467,2467
"Utah","status_quo","Past",2021-04-07,"cumulative_deaths",2419,2419,2419,2448,2456,2467,2467,2467
"Utah","linear_increase_sd","Past",2021-04-07,"cumulative_hosps",46905,46905,46905,47312,47343,47688,47688,47688
"Utah","return_normal","Past",2021-04-07,"cumulative_hosps",46905,46905,46905,47312,47343,47688,47688,47688
"Utah","status_quo","Past",2021-04-07,"cumulative_hosps",46905,46905,46905,47312,47343,47688,47688,47688
"Utah","linear_increase_sd","Past",2021-04-07,"daily_all_infections",902,902,902,1158,1183,1389,1389,1389
"Utah","return_normal","Past",2021-04-07,"daily_all_infections",902,902,902,1158,1183,1389,1389,1389
"Utah","status_quo","Past",2021-04-07,"daily_all_infections",902,902,902,1158,1183,1389,1389,1389
"Utah","linear_increase_sd","Past",2021-04-07,"daily_cases",423,423,423,456,437,506,506,506
"Utah","return_normal","Past",2021-04-07,"daily_cases",423,423,423,456,437,506,506,506
"Utah","status_quo","Past",2021-04-07,"daily_cases",423,423,423,456,437,506,506,506
"Utah","linear_increase_sd","Past",2021-04-07,"daily_deaths",2,2,2,3,2,3,3,3
"Utah","return_normal","Past",2021-04-07,"daily_deaths",2,2,2,3,2,3,3,3
"Utah","status_quo","Past",2021-04-07,"daily_deaths",2,2,2,3,2,3,3,3
"Utah","linear_increase_sd","Past",2021-04-07,"daily_hosps",40,40,40,56,61,65,65,65
"Utah","return_normal","Past",2021-04-07,"daily_hosps",40,40,40,56,61,65,65,65
"Utah","status_quo","Past",2021-04-07,"daily_hosps",40,40,40,56,61,65,65,65
"Utah","linear_increase_sd","Past",2021-04-07,"latent_trend",NA,NA,NA,0.640918555932973,NA,NA,NA,NA
"Utah","return_normal","Past",2021-04-07,"latent_trend",NA,NA,NA,0.640918555932973,NA,NA,NA,NA
"Utah","status_quo","Past",2021-04-07,"latent_trend",NA,NA,NA,0.640918555932973,NA,NA,NA,NA
"Utah","linear_increase_sd","Past",2021-04-07,"mobility_trend",NA,NA,NA,0.860213123784715,NA,NA,NA,NA
"Utah","return_normal","Past",2021-04-07,"mobility_trend",NA,NA,NA,0.860213123784715,NA,NA,NA,NA
"Utah","status_quo","Past",2021-04-07,"mobility_trend",NA,NA,NA,0.860213123784715,NA,NA,NA,NA
"Utah",NA,"Past",2021-04-08,"actual_cumulative_cases",NA,NA,NA,388909,NA,NA,NA,NA
"Utah",NA,"Past",2021-04-08,"actual_cumulative_deaths",NA,NA,NA,2154,NA,NA,NA,NA
"Utah",NA,"Past",2021-04-08,"actual_daily_cases",NA,NA,NA,483,NA,NA,NA,NA
"Utah",NA,"Past",2021-04-08,"actual_daily_deaths",NA,NA,NA,10,NA,NA,NA,NA
"Utah","linear_increase_sd","Past",2021-04-08,"combined_trend",NA,NA,NA,0.554270530991035,NA,NA,NA,NA
"Utah","return_normal","Past",2021-04-08,"combined_trend",NA,NA,NA,0.554270530991035,NA,NA,NA,NA
"Utah","status_quo","Past",2021-04-08,"combined_trend",NA,NA,NA,0.554270530991035,NA,NA,NA,NA
"Utah","linear_increase_sd","Past",2021-04-08,"cumulative_all_infections",1055489,1055489,1055489,1065755,1067912,1073863,1073863,1073863
"Utah","return_normal","Past",2021-04-08,"cumulative_all_infections",1055489,1055489,1055489,1065755,1067912,1073863,1073863,1073863
"Utah","status_quo","Past",2021-04-08,"cumulative_all_infections",1055489,1055489,1055489,1065755,1067912,1073863,1073863,1073863
"Utah","linear_increase_sd","Past",2021-04-08,"cumulative_cases",395054,395054,395054,398196,399717,399815,399815,399815
"Utah","return_normal","Past",2021-04-08,"cumulative_cases",395054,395054,395054,398196,399717,399815,399815,399815
"Utah","status_quo","Past",2021-04-08,"cumulative_cases",395054,395054,395054,398196,399717,399815,399815,399815
"Utah","linear_increase_sd","Past",2021-04-08,"cumulative_deaths",2421,2421,2421,2450,2458,2470,2470,2470
"Utah","return_normal","Past",2021-04-08,"cumulative_deaths",2421,2421,2421,2450,2458,2470,2470,2470
"Utah","status_quo","Past",2021-04-08,"cumulative_deaths",2421,2421,2421,2450,2458,2470,2470,2470
"Utah","linear_increase_sd","Past",2021-04-08,"cumulative_hosps",46964,46964,46964,47368,47408,47731,47731,47731
"Utah","return_normal","Past",2021-04-08,"cumulative_hosps",46964,46964,46964,47368,47408,47731,47731,47731
"Utah","status_quo","Past",2021-04-08,"cumulative_hosps",46964,46964,46964,47368,47408,47731,47731,47731
"Utah","linear_increase_sd","Past",2021-04-08,"daily_all_infections",894,894,894,1170,1167,1447,1447,1447
"Utah","return_normal","Past",2021-04-08,"daily_all_infections",894,894,894,1170,1167,1447,1447,1447
"Utah","status_quo","Past",2021-04-08,"daily_all_infections",894,894,894,1170,1167,1447,1447,1447
"Utah","linear_increase_sd","Past",2021-04-08,"daily_cases",401,401,401,435,425,477,477,477
"Utah","return_normal","Past",2021-04-08,"daily_cases",401,401,401,435,425,477,477,477
"Utah","status_quo","Past",2021-04-08,"daily_cases",401,401,401,435,425,477,477,477
"Utah","linear_increase_sd","Past",2021-04-08,"daily_deaths",2,2,2,3,2,3,3,3
"Utah","return_normal","Past",2021-04-08,"daily_deaths",2,2,2,3,2,3,3,3
"Utah","status_quo","Past",2021-04-08,"daily_deaths",2,2,2,3,2,3,3,3
"Utah","linear_increase_sd","Past",2021-04-08,"daily_hosps",43,43,43,56,59,65,65,65
"Utah","return_normal","Past",2021-04-08,"daily_hosps",43,43,43,56,59,65,65,65
"Utah","status_quo","Past",2021-04-08,"daily_hosps",43,43,43,56,59,65,65,65
"Utah","linear_increase_sd","Past",2021-04-08,"latent_trend",NA,NA,NA,0.64979408384519,NA,NA,NA,NA
"Utah","return_normal","Past",2021-04-08,"latent_trend",NA,NA,NA,0.64979408384519,NA,NA,NA,NA
"Utah","status_quo","Past",2021-04-08,"latent_trend",NA,NA,NA,0.64979408384519,NA,NA,NA,NA
"Utah","linear_increase_sd","Past",2021-04-08,"mobility_trend",NA,NA,NA,0.852994117322692,NA,NA,NA,NA
"Utah","return_normal","Past",2021-04-08,"mobility_trend",NA,NA,NA,0.852994117322692,NA,NA,NA,NA
"Utah","status_quo","Past",2021-04-08,"mobility_trend",NA,NA,NA,0.852994117322692,NA,NA,NA,NA
"Utah",NA,"Past",2021-04-09,"actual_cumulative_cases",NA,NA,NA,389353,NA,NA,NA,NA
"Utah",NA,"Past",2021-04-09,"actual_cumulative_deaths",NA,NA,NA,2162,NA,NA,NA,NA
"Utah",NA,"Past",2021-04-09,"actual_daily_cases",NA,NA,NA,444,NA,NA,NA,NA
"Utah",NA,"Past",2021-04-09,"actual_daily_deaths",NA,NA,NA,8,NA,NA,NA,NA
"Utah","linear_increase_sd","Past",2021-04-09,"combined_trend",NA,NA,NA,0.556706795106597,NA,NA,NA,NA
"Utah","return_normal","Past",2021-04-09,"combined_trend",NA,NA,NA,0.556706795106597,NA,NA,NA,NA
"Utah","status_quo","Past",2021-04-09,"combined_trend",NA,NA,NA,0.556706795106597,NA,NA,NA,NA
"Utah","linear_increase_sd","Past",2021-04-09,"cumulative_all_infections",1056365,1056365,1056365,1066930,1069043,1075380,1075380,1075380
"Utah","return_normal","Past",2021-04-09,"cumulative_all_infections",1056365,1056365,1056365,1066930,1069043,1075380,1075380,1075380
"Utah","status_quo","Past",2021-04-09,"cumulative_all_infections",1056365,1056365,1056365,1066930,1069043,1075380,1075380,1075380
"Utah","linear_increase_sd","Past",2021-04-09,"cumulative_cases",395441,395441,395441,398636,400193,400272,400272,400272
"Utah","return_normal","Past",2021-04-09,"cumulative_cases",395441,395441,395441,398636,400193,400272,400272,400272
"Utah","status_quo","Past",2021-04-09,"cumulative_cases",395441,395441,395441,398636,400193,400272,400272,400272
"Utah","linear_increase_sd","Past",2021-04-09,"cumulative_deaths",2424,2424,2424,2452,2459,2473,2473,2473
"Utah","return_normal","Past",2021-04-09,"cumulative_deaths",2424,2424,2424,2452,2459,2473,2473,2473
"Utah","status_quo","Past",2021-04-09,"cumulative_deaths",2424,2424,2424,2452,2459,2473,2473,2473
"Utah","linear_increase_sd","Past",2021-04-09,"cumulative_hosps",47021,47021,47021,47423,47472,47774,47774,47774
"Utah","return_normal","Past",2021-04-09,"cumulative_hosps",47021,47021,47021,47423,47472,47774,47774,47774
"Utah","status_quo","Past",2021-04-09,"cumulative_hosps",47021,47021,47021,47423,47472,47774,47774,47774
"Utah","linear_increase_sd","Past",2021-04-09,"daily_all_infections",876,876,876,1175,1131,1517,1517,1517
"Utah","return_normal","Past",2021-04-09,"daily_all_infections",876,876,876,1175,1131,1517,1517,1517
"Utah","status_quo","Past",2021-04-09,"daily_all_infections",876,876,876,1175,1131,1517,1517,1517
"Utah","linear_increase_sd","Past",2021-04-09,"daily_cases",387,387,387,440,457,476,476,476
"Utah","return_normal","Past",2021-04-09,"daily_cases",387,387,387,440,457,476,476,476
"Utah","status_quo","Past",2021-04-09,"daily_cases",387,387,387,440,457,476,476,476
"Utah","linear_increase_sd","Past",2021-04-09,"daily_deaths",1,1,1,3,3,3,3,3
"Utah","return_normal","Past",2021-04-09,"daily_deaths",1,1,1,3,3,3,3,3
"Utah","status_quo","Past",2021-04-09,"daily_deaths",1,1,1,3,3,3,3,3
"Utah","linear_increase_sd","Past",2021-04-09,"daily_hosps",43,43,43,55,57,64,64,64
"Utah","return_normal","Past",2021-04-09,"daily_hosps",43,43,43,55,57,64,64,64
"Utah","status_quo","Past",2021-04-09,"daily_hosps",43,43,43,55,57,64,64,64
"Utah","linear_increase_sd","Past",2021-04-09,"latent_trend",NA,NA,NA,0.658506360405121,NA,NA,NA,NA
"Utah","return_normal","Past",2021-04-09,"latent_trend",NA,NA,NA,0.658506360405121,NA,NA,NA,NA
"Utah","status_quo","Past",2021-04-09,"latent_trend",NA,NA,NA,0.658506360405121,NA,NA,NA,NA
"Utah","linear_increase_sd","Past",2021-04-09,"mobility_trend",NA,NA,NA,0.845408379600319,NA,NA,NA,NA
"Utah","return_normal","Past",2021-04-09,"mobility_trend",NA,NA,NA,0.845408379600319,NA,NA,NA,NA
"Utah","status_quo","Past",2021-04-09,"mobility_trend",NA,NA,NA,0.845408379600319,NA,NA,NA,NA
"Utah",NA,"Past",2021-04-10,"actual_cumulative_cases",NA,NA,NA,389760,NA,NA,NA,NA
"Utah",NA,"Past",2021-04-10,"actual_cumulative_deaths",NA,NA,NA,2164,NA,NA,NA,NA
"Utah",NA,"Past",2021-04-10,"actual_daily_cases",NA,NA,NA,407,NA,NA,NA,NA
"Utah",NA,"Past",2021-04-10,"actual_daily_deaths",NA,NA,NA,2,NA,NA,NA,NA
"Utah","linear_increase_sd","Past",2021-04-10,"combined_trend",NA,NA,NA,0.558592967638244,NA,NA,NA,NA
"Utah","return_normal","Past",2021-04-10,"combined_trend",NA,NA,NA,0.558592967638244,NA,NA,NA,NA
"Utah","status_quo","Past",2021-04-10,"combined_trend",NA,NA,NA,0.558592967638244,NA,NA,NA,NA
"Utah","linear_increase_sd","Past",2021-04-10,"cumulative_all_infections",1057235,1057235,1057235,1068113,1070146,1076958,1076958,1076958
"Utah","return_normal","Past",2021-04-10,"cumulative_all_infections",1057235,1057235,1057235,1068113,1070146,1076958,1076958,1076958
"Utah","status_quo","Past",2021-04-10,"cumulative_all_infections",1057235,1057235,1057235,1068113,1070146,1076958,1076958,1076958
"Utah","linear_increase_sd","Past",2021-04-10,"cumulative_cases",395824,395824,395824,399088,400687,400752,400752,400752
"Utah","return_normal","Past",2021-04-10,"cumulative_cases",395824,395824,395824,399088,400687,400752,400752,400752
"Utah","status_quo","Past",2021-04-10,"cumulative_cases",395824,395824,395824,399088,400687,400752,400752,400752
"Utah","linear_increase_sd","Past",2021-04-10,"cumulative_deaths",2426,2426,2426,2454,2461,2475,2475,2475
"Utah","return_normal","Past",2021-04-10,"cumulative_deaths",2426,2426,2426,2454,2461,2475,2475,2475
"Utah","status_quo","Past",2021-04-10,"cumulative_deaths",2426,2426,2426,2454,2461,2475,2475,2475
"Utah","linear_increase_sd","Past",2021-04-10,"cumulative_hosps",47076,47076,47076,47478,47537,47821,47821,47821
"Utah","return_normal","Past",2021-04-10,"cumulative_hosps",47076,47076,47076,47478,47537,47821,47821,47821
"Utah","status_quo","Past",2021-04-10,"cumulative_hosps",47076,47076,47076,47478,47537,47821,47821,47821
"Utah","linear_increase_sd","Past",2021-04-10,"daily_all_infections",870,870,870,1184,1103,1578,1578,1578
"Utah","return_normal","Past",2021-04-10,"daily_all_infections",870,870,870,1184,1103,1578,1578,1578
"Utah","status_quo","Past",2021-04-10,"daily_all_infections",870,870,870,1184,1103,1578,1578,1578
"Utah","linear_increase_sd","Past",2021-04-10,"daily_cases",383,383,383,453,480,494,494,494
"Utah","return_normal","Past",2021-04-10,"daily_cases",383,383,383,453,480,494,494,494
"Utah","status_quo","Past",2021-04-10,"daily_cases",383,383,383,453,480,494,494,494
"Utah","linear_increase_sd","Past",2021-04-10,"daily_deaths",2,2,2,2,2,2,2,2
"Utah","return_normal","Past",2021-04-10,"daily_deaths",2,2,2,2,2,2,2,2
"Utah","status_quo","Past",2021-04-10,"daily_deaths",2,2,2,2,2,2,2,2
"Utah","linear_increase_sd","Past",2021-04-10,"daily_hosps",47,47,47,56,55,65,65,65
"Utah","return_normal","Past",2021-04-10,"daily_hosps",47,47,47,56,55,65,65,65
"Utah","status_quo","Past",2021-04-10,"daily_hosps",47,47,47,56,55,65,65,65
"Utah","linear_increase_sd","Past",2021-04-10,"latent_trend",NA,NA,NA,0.667001286596012,NA,NA,NA,NA
"Utah","return_normal","Past",2021-04-10,"latent_trend",NA,NA,NA,0.667001286596012,NA,NA,NA,NA
"Utah","status_quo","Past",2021-04-10,"latent_trend",NA,NA,NA,0.667001286596012,NA,NA,NA,NA
"Utah","linear_increase_sd","Past",2021-04-10,"mobility_trend",NA,NA,NA,0.837469100680418,NA,NA,NA,NA
"Utah","return_normal","Past",2021-04-10,"mobility_trend",NA,NA,NA,0.837469100680418,NA,NA,NA,NA
"Utah","status_quo","Past",2021-04-10,"mobility_trend",NA,NA,NA,0.837469100680418,NA,NA,NA,NA
"Utah",NA,"Past",2021-04-11,"actual_cumulative_cases",NA,NA,NA,390104,NA,NA,NA,NA
"Utah",NA,"Past",2021-04-11,"actual_cumulative_deaths",NA,NA,NA,2164,NA,NA,NA,NA
"Utah",NA,"Past",2021-04-11,"actual_daily_cases",NA,NA,NA,344,NA,NA,NA,NA
"Utah",NA,"Past",2021-04-11,"actual_daily_deaths",NA,NA,NA,0,NA,NA,NA,NA
"Utah","linear_increase_sd","Past",2021-04-11,"combined_trend",NA,NA,NA,0.559899558688599,NA,NA,NA,NA
"Utah","return_normal","Past",2021-04-11,"combined_trend",NA,NA,NA,0.559899558688599,NA,NA,NA,NA
"Utah","status_quo","Past",2021-04-11,"combined_trend",NA,NA,NA,0.559899558688599,NA,NA,NA,NA
"Utah","linear_increase_sd","Past",2021-04-11,"cumulative_all_infections",1058110,1058110,1058110,1069307,1071223,1078586,1078586,1078586
"Utah","return_normal","Past",2021-04-11,"cumulative_all_infections",1058110,1058110,1058110,1069307,1071223,1078586,1078586,1078586
"Utah","status_quo","Past",2021-04-11,"cumulative_all_infections",1058110,1058110,1058110,1069307,1071223,1078586,1078586,1078586
"Utah","linear_increase_sd","Past",2021-04-11,"cumulative_cases",396225,396225,396225,399541,401177,401221,401221,401221
"Utah","return_normal","Past",2021-04-11,"cumulative_cases",396225,396225,396225,399541,401177,401221,401221,401221
"Utah","status_quo","Past",2021-04-11,"cumulative_cases",396225,396225,396225,399541,401177,401221,401221,401221
"Utah","linear_increase_sd","Past",2021-04-11,"cumulative_deaths",2428,2428,2428,2456,2463,2477,2477,2477
"Utah","return_normal","Past",2021-04-11,"cumulative_deaths",2428,2428,2428,2456,2463,2477,2477,2477
"Utah","status_quo","Past",2021-04-11,"cumulative_deaths",2428,2428,2428,2456,2463,2477,2477,2477
"Utah","linear_increase_sd","Past",2021-04-11,"cumulative_hosps",47130,47130,47130,47533,47601,47867,47867,47867
"Utah","return_normal","Past",2021-04-11,"cumulative_hosps",47130,47130,47130,47533,47601,47867,47867,47867
"Utah","status_quo","Past",2021-04-11,"cumulative_hosps",47130,47130,47130,47533,47601,47867,47867,47867
"Utah","linear_increase_sd","Past",2021-04-11,"daily_all_infections",875,875,875,1194,1077,1628,1628,1628
"Utah","return_normal","Past",2021-04-11,"daily_all_infections",875,875,875,1194,1077,1628,1628,1628
"Utah","status_quo","Past",2021-04-11,"daily_all_infections",875,875,875,1194,1077,1628,1628,1628
"Utah","linear_increase_sd","Past",2021-04-11,"daily_cases",401,401,401,454,469,490,490,490
"Utah","return_normal","Past",2021-04-11,"daily_cases",401,401,401,454,469,490,490,490
"Utah","status_quo","Past",2021-04-11,"daily_cases",401,401,401,454,469,490,490,490
"Utah","linear_increase_sd","Past",2021-04-11,"daily_deaths",2,2,2,2,2,2,2,2
"Utah","return_normal","Past",2021-04-11,"daily_deaths",2,2,2,2,2,2,2,2
"Utah","status_quo","Past",2021-04-11,"daily_deaths",2,2,2,2,2,2,2,2
"Utah","linear_increase_sd","Past",2021-04-11,"daily_hosps",46,46,46,55,54,64,64,64
"Utah","return_normal","Past",2021-04-11,"daily_hosps",46,46,46,55,54,64,64,64
"Utah","status_quo","Past",2021-04-11,"daily_hosps",46,46,46,55,54,64,64,64
"Utah","linear_increase_sd","Past",2021-04-11,"latent_trend",NA,NA,NA,0.675227842067646,NA,NA,NA,NA
"Utah","return_normal","Past",2021-04-11,"latent_trend",NA,NA,NA,0.675227842067646,NA,NA,NA,NA
"Utah","status_quo","Past",2021-04-11,"latent_trend",NA,NA,NA,0.675227842067646,NA,NA,NA,NA
"Utah","linear_increase_sd","Past",2021-04-11,"mobility_trend",NA,NA,NA,0.829200936048646,NA,NA,NA,NA
"Utah","return_normal","Past",2021-04-11,"mobility_trend",NA,NA,NA,0.829200936048646,NA,NA,NA,NA
"Utah","status_quo","Past",2021-04-11,"mobility_trend",NA,NA,NA,0.829200936048646,NA,NA,NA,NA
"Utah",NA,"Past",2021-04-12,"actual_cumulative_cases",NA,NA,NA,390289,NA,NA,NA,NA
"Utah",NA,"Past",2021-04-12,"actual_cumulative_deaths",NA,NA,NA,2164,NA,NA,NA,NA
"Utah",NA,"Past",2021-04-12,"actual_daily_cases",NA,NA,NA,185,NA,NA,NA,NA
"Utah",NA,"Past",2021-04-12,"actual_daily_deaths",NA,NA,NA,0,NA,NA,NA,NA
"Utah","linear_increase_sd","Past",2021-04-12,"combined_trend",NA,NA,NA,0.560634019830215,NA,NA,NA,NA
"Utah","return_normal","Past",2021-04-12,"combined_trend",NA,NA,NA,0.560634019830215,NA,NA,NA,NA
"Utah","status_quo","Past",2021-04-12,"combined_trend",NA,NA,NA,0.560634019830215,NA,NA,NA,NA
"Utah","linear_increase_sd","Past",2021-04-12,"cumulative_all_infections",1058984,1058984,1058984,1070514,1072279,1080278,1080278,1080278
"Utah","return_normal","Past",2021-04-12,"cumulative_all_infections",1058984,1058984,1058984,1070514,1072279,1080278,1080278,1080278
"Utah","status_quo","Past",2021-04-12,"cumulative_all_infections",1058984,1058984,1058984,1070514,1072279,1080278,1080278,1080278
"Utah","linear_increase_sd","Past",2021-04-12,"cumulative_cases",396594,396594,396594,399993,401643,401740,401740,401740
"Utah","return_normal","Past",2021-04-12,"cumulative_cases",396594,396594,396594,399993,401643,401740,401740,401740
"Utah","status_quo","Past",2021-04-12,"cumulative_cases",396594,396594,396594,399993,401643,401740,401740,401740
"Utah","linear_increase_sd","Past",2021-04-12,"cumulative_deaths",2430,2430,2430,2458,2464,2480,2480,2480
"Utah","return_normal","Past",2021-04-12,"cumulative_deaths",2430,2430,2430,2458,2464,2480,2480,2480
"Utah","status_quo","Past",2021-04-12,"cumulative_deaths",2430,2430,2430,2458,2464,2480,2480,2480
"Utah","linear_increase_sd","Past",2021-04-12,"cumulative_hosps",47181,47181,47181,47587,47662,47916,47916,47916
"Utah","return_normal","Past",2021-04-12,"cumulative_hosps",47181,47181,47181,47587,47662,47916,47916,47916
"Utah","status_quo","Past",2021-04-12,"cumulative_hosps",47181,47181,47181,47587,47662,47916,47916,47916
"Utah","linear_increase_sd","Past",2021-04-12,"daily_all_infections",874,874,874,1208,1056,1692,1692,1692
"Utah","return_normal","Past",2021-04-12,"daily_all_infections",874,874,874,1208,1056,1692,1692,1692
"Utah","status_quo","Past",2021-04-12,"daily_all_infections",874,874,874,1208,1056,1692,1692,1692
"Utah","linear_increase_sd","Past",2021-04-12,"daily_cases",369,369,369,452,466,519,519,519
"Utah","return_normal","Past",2021-04-12,"daily_cases",369,369,369,452,466,519,519,519
"Utah","status_quo","Past",2021-04-12,"daily_cases",369,369,369,452,466,519,519,519
"Utah","linear_increase_sd","Past",2021-04-12,"daily_deaths",1,1,1,2,2,3,3,3
"Utah","return_normal","Past",2021-04-12,"daily_deaths",1,1,1,2,2,3,3,3
"Utah","status_quo","Past",2021-04-12,"daily_deaths",1,1,1,2,2,3,3,3
"Utah","linear_increase_sd","Past",2021-04-12,"daily_hosps",49,49,49,54,51,61,61,61
"Utah","return_normal","Past",2021-04-12,"daily_hosps",49,49,49,54,51,61,61,61
"Utah","status_quo","Past",2021-04-12,"daily_hosps",49,49,49,54,51,61,61,61
"Utah","linear_increase_sd","Past",2021-04-12,"latent_trend",NA,NA,NA,0.68313818228203,NA,NA,NA,NA
"Utah","return_normal","Past",2021-04-12,"latent_trend",NA,NA,NA,0.68313818228203,NA,NA,NA,NA
"Utah","status_quo","Past",2021-04-12,"latent_trend",NA,NA,NA,0.68313818228203,NA,NA,NA,NA
"Utah","linear_increase_sd","Past",2021-04-12,"mobility_trend",NA,NA,NA,0.820674402882023,NA,NA,NA,NA
"Utah","return_normal","Past",2021-04-12,"mobility_trend",NA,NA,NA,0.820674402882023,NA,NA,NA,NA
"Utah","status_quo","Past",2021-04-12,"mobility_trend",NA,NA,NA,0.820674402882023,NA,NA,NA,NA
"Utah",NA,"Past",2021-04-13,"actual_cumulative_cases",NA,NA,NA,390647,NA,NA,NA,NA
"Utah",NA,"Past",2021-04-13,"actual_cumulative_deaths",NA,NA,NA,2166,NA,NA,NA,NA
"Utah",NA,"Past",2021-04-13,"actual_daily_cases",NA,NA,NA,358,NA,NA,NA,NA
"Utah",NA,"Past",2021-04-13,"actual_daily_deaths",NA,NA,NA,2,NA,NA,NA,NA
"Utah","linear_increase_sd","Past",2021-04-13,"combined_trend",NA,NA,NA,0.560818667389473,NA,NA,NA,NA
"Utah","return_normal","Past",2021-04-13,"combined_trend",NA,NA,NA,0.560818667389473,NA,NA,NA,NA
"Utah","status_quo","Past",2021-04-13,"combined_trend",NA,NA,NA,0.560818667389473,NA,NA,NA,NA
"Utah","linear_increase_sd","Past",2021-04-13,"cumulative_all_infections",1059860,1059860,1059860,1071734,1073323,1082019,1082019,1082019
"Utah","return_normal","Past",2021-04-13,"cumulative_all_infections",1059860,1059860,1059860,1071734,1073323,1082019,1082019,1082019
"Utah","status_quo","Past",2021-04-13,"cumulative_all_infections",1059860,1059860,1059860,1071734,1073323,1082019,1082019,1082019
"Utah","linear_increase_sd","Past",2021-04-13,"cumulative_cases",396981,396981,396981,400467,402096,402324,402324,402324
"Utah","return_normal","Past",2021-04-13,"cumulative_cases",396981,396981,396981,400467,402096,402324,402324,402324
"Utah","status_quo","Past",2021-04-13,"cumulative_cases",396981,396981,396981,400467,402096,402324,402324,402324
"Utah","linear_increase_sd","Past",2021-04-13,"cumulative_deaths",2433,2433,2433,2461,2466,2483,2483,2483
"Utah","return_normal","Past",2021-04-13,"cumulative_deaths",2433,2433,2433,2461,2466,2483,2483,2483
"Utah","status_quo","Past",2021-04-13,"cumulative_deaths",2433,2433,2433,2461,2466,2483,2483,2483
"Utah","linear_increase_sd","Past",2021-04-13,"cumulative_hosps",47233,47233,47233,47642,47724,47968,47968,47968
"Utah","return_normal","Past",2021-04-13,"cumulative_hosps",47233,47233,47233,47642,47724,47968,47968,47968
"Utah","status_quo","Past",2021-04-13,"cumulative_hosps",47233,47233,47233,47642,47724,47968,47968,47968
"Utah","linear_increase_sd","Past",2021-04-13,"daily_all_infections",876,876,876,1221,1044,1741,1741,1741
"Utah","return_normal","Past",2021-04-13,"daily_all_infections",876,876,876,1221,1044,1741,1741,1741
"Utah","status_quo","Past",2021-04-13,"daily_all_infections",876,876,876,1221,1044,1741,1741,1741
"Utah","linear_increase_sd","Past",2021-04-13,"daily_cases",387,387,387,475,453,584,584,584
"Utah","return_normal","Past",2021-04-13,"daily_cases",387,387,387,475,453,584,584,584
"Utah","status_quo","Past",2021-04-13,"daily_cases",387,387,387,475,453,584,584,584
"Utah","linear_increase_sd","Past",2021-04-13,"daily_deaths",2,2,2,3,3,3,3,3
"Utah","return_normal","Past",2021-04-13,"daily_deaths",2,2,2,3,3,3,3,3
"Utah","status_quo","Past",2021-04-13,"daily_deaths",2,2,2,3,3,3,3,3
"Utah","linear_increase_sd","Past",2021-04-13,"daily_hosps",52,52,52,56,52,62,62,62
"Utah","return_normal","Past",2021-04-13,"daily_hosps",52,52,52,56,52,62,62,62
"Utah","status_quo","Past",2021-04-13,"daily_hosps",52,52,52,56,52,62,62,62
"Utah","linear_increase_sd","Past",2021-04-13,"latent_trend",NA,NA,NA,0.69068763939639,NA,NA,NA,NA
"Utah","return_normal","Past",2021-04-13,"latent_trend",NA,NA,NA,0.69068763939639,NA,NA,NA,NA
"Utah","status_quo","Past",2021-04-13,"latent_trend",NA,NA,NA,0.69068763939639,NA,NA,NA,NA
"Utah","linear_increase_sd","Past",2021-04-13,"mobility_trend",NA,NA,NA,0.811971483780406,NA,NA,NA,NA
"Utah","return_normal","Past",2021-04-13,"mobility_trend",NA,NA,NA,0.811971483780406,NA,NA,NA,NA
"Utah","status_quo","Past",2021-04-13,"mobility_trend",NA,NA,NA,0.811971483780406,NA,NA,NA,NA
"Utah",NA,"Past",2021-04-14,"actual_cumulative_cases",NA,NA,NA,391177,NA,NA,NA,NA
"Utah",NA,"Past",2021-04-14,"actual_cumulative_deaths",NA,NA,NA,2166,NA,NA,NA,NA
"Utah",NA,"Past",2021-04-14,"actual_daily_cases",NA,NA,NA,530,NA,NA,NA,NA
"Utah",NA,"Past",2021-04-14,"actual_daily_deaths",NA,NA,NA,0,NA,NA,NA,NA
"Utah","linear_increase_sd","Past",2021-04-14,"combined_trend",NA,NA,NA,0.56048273952175,NA,NA,NA,NA
"Utah","return_normal","Past",2021-04-14,"combined_trend",NA,NA,NA,0.56048273952175,NA,NA,NA,NA
"Utah","status_quo","Past",2021-04-14,"combined_trend",NA,NA,NA,0.56048273952175,NA,NA,NA,NA
"Utah","linear_increase_sd","Past",2021-04-14,"cumulative_all_infections",1060748,1060748,1060748,1072966,1074344,1083806,1083806,1083806
"Utah","return_normal","Past",2021-04-14,"cumulative_all_infections",1060748,1060748,1060748,1072966,1074344,1083806,1083806,1083806
"Utah","status_quo","Past",2021-04-14,"cumulative_all_infections",1060748,1060748,1060748,1072966,1074344,1083806,1083806,1083806
"Utah","linear_increase_sd","Past",2021-04-14,"cumulative_cases",397327,397327,397327,400917,402559,402864,402864,402864
"Utah","return_normal","Past",2021-04-14,"cumulative_cases",397327,397327,397327,400917,402559,402864,402864,402864
"Utah","status_quo","Past",2021-04-14,"cumulative_cases",397327,397327,397327,400917,402559,402864,402864,402864
"Utah","linear_increase_sd","Past",2021-04-14,"cumulative_deaths",2435,2435,2435,2463,2468,2485,2485,2485
"Utah","return_normal","Past",2021-04-14,"cumulative_deaths",2435,2435,2435,2463,2468,2485,2485,2485
"Utah","status_quo","Past",2021-04-14,"cumulative_deaths",2435,2435,2435,2463,2468,2485,2485,2485
"Utah","linear_increase_sd","Past",2021-04-14,"cumulative_hosps",47282,47282,47282,47697,47786,48021,48021,48021
"Utah","return_normal","Past",2021-04-14,"cumulative_hosps",47282,47282,47282,47697,47786,48021,48021,48021
"Utah","status_quo","Past",2021-04-14,"cumulative_hosps",47282,47282,47282,47697,47786,48021,48021,48021
"Utah","linear_increase_sd","Past",2021-04-14,"daily_all_infections",888,888,888,1232,1021,1787,1787,1787
"Utah","return_normal","Past",2021-04-14,"daily_all_infections",888,888,888,1232,1021,1787,1787,1787
"Utah","status_quo","Past",2021-04-14,"daily_all_infections",888,888,888,1232,1021,1787,1787,1787
"Utah","linear_increase_sd","Past",2021-04-14,"daily_cases",346,346,346,450,463,540,540,540
"Utah","return_normal","Past",2021-04-14,"daily_cases",346,346,346,450,463,540,540,540
"Utah","status_quo","Past",2021-04-14,"daily_cases",346,346,346,450,463,540,540,540
"Utah","linear_increase_sd","Past",2021-04-14,"daily_deaths",2,2,2,2,2,2,2,2
"Utah","return_normal","Past",2021-04-14,"daily_deaths",2,2,2,2,2,2,2,2
"Utah","status_quo","Past",2021-04-14,"daily_deaths",2,2,2,2,2,2,2,2
"Utah","linear_increase_sd","Past",2021-04-14,"daily_hosps",49,49,49,55,53,62,62,62
"Utah","return_normal","Past",2021-04-14,"daily_hosps",49,49,49,55,53,62,62,62
"Utah","status_quo","Past",2021-04-14,"daily_hosps",49,49,49,55,53,62,62,62
"Utah","linear_increase_sd","Past",2021-04-14,"latent_trend",NA,NA,NA,0.697834624789354,NA,NA,NA,NA
"Utah","return_normal","Past",2021-04-14,"latent_trend",NA,NA,NA,0.697834624789354,NA,NA,NA,NA
"Utah","status_quo","Past",2021-04-14,"latent_trend",NA,NA,NA,0.697834624789354,NA,NA,NA,NA
"Utah","linear_increase_sd","Past",2021-04-14,"mobility_trend",NA,NA,NA,0.80317416134365,NA,NA,NA,NA
"Utah","return_normal","Past",2021-04-14,"mobility_trend",NA,NA,NA,0.80317416134365,NA,NA,NA,NA
"Utah","status_quo","Past",2021-04-14,"mobility_trend",NA,NA,NA,0.80317416134365,NA,NA,NA,NA
"Utah",NA,"Past",2021-04-15,"actual_cumulative_cases",NA,NA,NA,391633,NA,NA,NA,NA
"Utah",NA,"Past",2021-04-15,"actual_cumulative_deaths",NA,NA,NA,2167,NA,NA,NA,NA
"Utah",NA,"Past",2021-04-15,"actual_daily_cases",NA,NA,NA,456,NA,NA,NA,NA
"Utah",NA,"Past",2021-04-15,"actual_daily_deaths",NA,NA,NA,1,NA,NA,NA,NA
"Utah","linear_increase_sd","Past",2021-04-15,"combined_trend",NA,NA,NA,0.559657959499856,NA,NA,NA,NA
"Utah","return_normal","Past",2021-04-15,"combined_trend",NA,NA,NA,0.559657959499856,NA,NA,NA,NA
"Utah","status_quo","Past",2021-04-15,"combined_trend",NA,NA,NA,0.559657959499856,NA,NA,NA,NA
"Utah","linear_increase_sd","Past",2021-04-15,"cumulative_all_infections",1061658,1061658,1061658,1074214,1075351,1085631,1085631,1085631
"Utah","return_normal","Past",2021-04-15,"cumulative_all_infections",1061658,1061658,1061658,1074214,1075351,1085631,1085631,1085631
"Utah","status_quo","Past",2021-04-15,"cumulative_all_infections",1061658,1061658,1061658,1074214,1075351,1085631,1085631,1085631
"Utah","linear_increase_sd","Past",2021-04-15,"cumulative_cases",397674,397674,397674,401390,403033,403461,403461,403461
"Utah","return_normal","Past",2021-04-15,"cumulative_cases",397674,397674,397674,401390,403033,403461,403461,403461
"Utah","status_quo","Past",2021-04-15,"cumulative_cases",397674,397674,397674,401390,403033,403461,403461,403461
"Utah","linear_increase_sd","Past",2021-04-15,"cumulative_deaths",2437,2437,2437,2465,2470,2488,2488,2488
"Utah","return_normal","Past",2021-04-15,"cumulative_deaths",2437,2437,2437,2465,2470,2488,2488,2488
"Utah","status_quo","Past",2021-04-15,"cumulative_deaths",2437,2437,2437,2465,2470,2488,2488,2488
"Utah","linear_increase_sd","Past",2021-04-15,"cumulative_hosps",47329,47329,47329,47751,47846,48076,48076,48076
"Utah","return_normal","Past",2021-04-15,"cumulative_hosps",47329,47329,47329,47751,47846,48076,48076,48076
"Utah","status_quo","Past",2021-04-15,"cumulative_hosps",47329,47329,47329,47751,47846,48076,48076,48076
"Utah","linear_increase_sd","Past",2021-04-15,"daily_all_infections",910,910,910,1248,1007,1825,1825,1825
"Utah","return_normal","Past",2021-04-15,"daily_all_infections",910,910,910,1248,1007,1825,1825,1825
"Utah","status_quo","Past",2021-04-15,"daily_all_infections",910,910,910,1248,1007,1825,1825,1825
"Utah","linear_increase_sd","Past",2021-04-15,"daily_cases",347,347,347,473,474,597,597,597
"Utah","return_normal","Past",2021-04-15,"daily_cases",347,347,347,473,474,597,597,597
"Utah","status_quo","Past",2021-04-15,"daily_cases",347,347,347,473,474,597,597,597
"Utah","linear_increase_sd","Past",2021-04-15,"daily_deaths",2,2,2,3,2,3,3,3
"Utah","return_normal","Past",2021-04-15,"daily_deaths",2,2,2,3,2,3,3,3
"Utah","status_quo","Past",2021-04-15,"daily_deaths",2,2,2,3,2,3,3,3
"Utah","linear_increase_sd","Past",2021-04-15,"daily_hosps",47,47,47,54,55,60,60,60
"Utah","return_normal","Past",2021-04-15,"daily_hosps",47,47,47,54,55,60,60,60
"Utah","status_quo","Past",2021-04-15,"daily_hosps",47,47,47,54,55,60,60,60
"Utah","linear_increase_sd","Past",2021-04-15,"latent_trend",NA,NA,NA,0.70454051728484,NA,NA,NA,NA
"Utah","return_normal","Past",2021-04-15,"latent_trend",NA,NA,NA,0.70454051728484,NA,NA,NA,NA
"Utah","status_quo","Past",2021-04-15,"latent_trend",NA,NA,NA,0.70454051728484,NA,NA,NA,NA
"Utah","linear_increase_sd","Past",2021-04-15,"mobility_trend",NA,NA,NA,0.79435879948632,NA,NA,NA,NA
"Utah","return_normal","Past",2021-04-15,"mobility_trend",NA,NA,NA,0.79435879948632,NA,NA,NA,NA
"Utah","status_quo","Past",2021-04-15,"mobility_trend",NA,NA,NA,0.79435879948632,NA,NA,NA,NA
"Utah",NA,"Past",2021-04-16,"actual_cumulative_cases",NA,NA,NA,392096,NA,NA,NA,NA
"Utah",NA,"Past",2021-04-16,"actual_cumulative_deaths",NA,NA,NA,2169,NA,NA,NA,NA
"Utah",NA,"Past",2021-04-16,"actual_daily_cases",NA,NA,NA,463,NA,NA,NA,NA
"Utah",NA,"Past",2021-04-16,"actual_daily_deaths",NA,NA,NA,2,NA,NA,NA,NA
"Utah","linear_increase_sd","Past",2021-04-16,"combined_trend",NA,NA,NA,0.558384454025961,NA,NA,NA,NA
"Utah","return_normal","Past",2021-04-16,"combined_trend",NA,NA,NA,0.558384454025961,NA,NA,NA,NA
"Utah","status_quo","Past",2021-04-16,"combined_trend",NA,NA,NA,0.558384454025961,NA,NA,NA,NA
"Utah","linear_increase_sd","Past",2021-04-16,"cumulative_all_infections",1062583,1062583,1062583,1075465,1076342,1087469,1087469,1087469
"Utah","return_normal","Past",2021-04-16,"cumulative_all_infections",1062583,1062583,1062583,1075465,1076342,1087469,1087469,1087469
"Utah","status_quo","Past",2021-04-16,"cumulative_all_infections",1062583,1062583,1062583,1075465,1076342,1087469,1087469,1087469
"Utah","linear_increase_sd","Past",2021-04-16,"cumulative_cases",398001,398001,398001,401828,403417,404064,404064,404064
"Utah","return_normal","Past",2021-04-16,"cumulative_cases",398001,398001,398001,401828,403417,404064,404064,404064
"Utah","status_quo","Past",2021-04-16,"cumulative_cases",398001,398001,398001,401828,403417,404064,404064,404064
"Utah","linear_increase_sd","Past",2021-04-16,"cumulative_deaths",2439,2439,2439,2467,2472,2490,2490,2490
"Utah","return_normal","Past",2021-04-16,"cumulative_deaths",2439,2439,2439,2467,2472,2490,2490,2490
"Utah","status_quo","Past",2021-04-16,"cumulative_deaths",2439,2439,2439,2467,2472,2490,2490,2490
"Utah","linear_increase_sd","Past",2021-04-16,"cumulative_hosps",47375,47375,47375,47805,47904,48134,48134,48134
"Utah","return_normal","Past",2021-04-16,"cumulative_hosps",47375,47375,47375,47805,47904,48134,48134,48134
"Utah","status_quo","Past",2021-04-16,"cumulative_hosps",47375,47375,47375,47805,47904,48134,48134,48134
"Utah","linear_increase_sd","Past",2021-04-16,"daily_all_infections",925,925,925,1252,991,1838,1838,1838
"Utah","return_normal","Past",2021-04-16,"daily_all_infections",925,925,925,1252,991,1838,1838,1838
"Utah","status_quo","Past",2021-04-16,"daily_all_infections",925,925,925,1252,991,1838,1838,1838
"Utah","linear_increase_sd","Past",2021-04-16,"daily_cases",327,327,327,438,384,603,603,603
"Utah","return_normal","Past",2021-04-16,"daily_cases",327,327,327,438,384,603,603,603
"Utah","status_quo","Past",2021-04-16,"daily_cases",327,327,327,438,384,603,603,603
"Utah","linear_increase_sd","Past",2021-04-16,"daily_deaths",2,2,2,2,2,2,2,2
"Utah","return_normal","Past",2021-04-16,"daily_deaths",2,2,2,2,2,2,2,2
"Utah","status_quo","Past",2021-04-16,"daily_deaths",2,2,2,2,2,2,2,2
"Utah","linear_increase_sd","Past",2021-04-16,"daily_hosps",46,46,46,54,58,58,58,58
"Utah","return_normal","Past",2021-04-16,"daily_hosps",46,46,46,54,58,58,58,58
"Utah","status_quo","Past",2021-04-16,"daily_hosps",46,46,46,54,58,58,58,58
"Utah","linear_increase_sd","Past",2021-04-16,"latent_trend",NA,NA,NA,0.710793249000953,NA,NA,NA,NA
"Utah","return_normal","Past",2021-04-16,"latent_trend",NA,NA,NA,0.710793249000953,NA,NA,NA,NA
"Utah","status_quo","Past",2021-04-16,"latent_trend",NA,NA,NA,0.710793249000953,NA,NA,NA,NA
"Utah","linear_increase_sd","Past",2021-04-16,"mobility_trend",NA,NA,NA,0.785579287381797,NA,NA,NA,NA
"Utah","return_normal","Past",2021-04-16,"mobility_trend",NA,NA,NA,0.785579287381797,NA,NA,NA,NA
"Utah","status_quo","Past",2021-04-16,"mobility_trend",NA,NA,NA,0.785579287381797,NA,NA,NA,NA
"Utah",NA,"Past",2021-04-17,"actual_cumulative_cases",NA,NA,NA,392509,NA,NA,NA,NA
"Utah",NA,"Past",2021-04-17,"actual_cumulative_deaths",NA,NA,NA,2169,NA,NA,NA,NA
"Utah",NA,"Past",2021-04-17,"actual_daily_cases",NA,NA,NA,413,NA,NA,NA,NA
"Utah",NA,"Past",2021-04-17,"actual_daily_deaths",NA,NA,NA,0,NA,NA,NA,NA
"Utah","linear_increase_sd","Past",2021-04-17,"combined_trend",NA,NA,NA,0.556744719209712,NA,NA,NA,NA
"Utah","return_normal","Past",2021-04-17,"combined_trend",NA,NA,NA,0.556744719209712,NA,NA,NA,NA
"Utah","status_quo","Past",2021-04-17,"combined_trend",NA,NA,NA,0.556744719209712,NA,NA,NA,NA
"Utah","linear_increase_sd","Past",2021-04-17,"cumulative_all_infections",1063531,1063531,1063531,1076722,1077323,1089310,1089310,1089310
"Utah","return_normal","Past",2021-04-17,"cumulative_all_infections",1063531,1063531,1063531,1076722,1077323,1089310,1089310,1089310
"Utah","status_quo","Past",2021-04-17,"cumulative_all_infections",1063531,1063531,1063531,1076722,1077323,1089310,1089310,1089310
"Utah","linear_increase_sd","Past",2021-04-17,"cumulative_cases",398342,398342,398342,402308,403874,404706,404706,404706
"Utah","return_normal","Past",2021-04-17,"cumulative_cases",398342,398342,398342,402308,403874,404706,404706,404706
"Utah","status_quo","Past",2021-04-17,"cumulative_cases",398342,398342,398342,402308,403874,404706,404706,404706
"Utah","linear_increase_sd","Past",2021-04-17,"cumulative_deaths",2441,2441,2441,2470,2474,2493,2493,2493
"Utah","return_normal","Past",2021-04-17,"cumulative_deaths",2441,2441,2441,2470,2474,2493,2493,2493
"Utah","status_quo","Past",2021-04-17,"cumulative_deaths",2441,2441,2441,2470,2474,2493,2493,2493
"Utah","linear_increase_sd","Past",2021-04-17,"cumulative_hosps",47420,47420,47420,47859,47961,48196,48196,48196
"Utah","return_normal","Past",2021-04-17,"cumulative_hosps",47420,47420,47420,47859,47961,48196,48196,48196
"Utah","status_quo","Past",2021-04-17,"cumulative_hosps",47420,47420,47420,47859,47961,48196,48196,48196
"Utah","linear_increase_sd","Past",2021-04-17,"daily_all_infections",948,948,948,1257,981,1841,1841,1841
"Utah","return_normal","Past",2021-04-17,"daily_all_infections",948,948,948,1257,981,1841,1841,1841
"Utah","status_quo","Past",2021-04-17,"daily_all_infections",948,948,948,1257,981,1841,1841,1841
"Utah","linear_increase_sd","Past",2021-04-17,"daily_cases",341,341,341,480,457,642,642,642
"Utah","return_normal","Past",2021-04-17,"daily_cases",341,341,341,480,457,642,642,642
"Utah","status_quo","Past",2021-04-17,"daily_cases",341,341,341,480,457,642,642,642
"Utah","linear_increase_sd","Past",2021-04-17,"daily_deaths",2,2,2,3,2,3,3,3
"Utah","return_normal","Past",2021-04-17,"daily_deaths",2,2,2,3,2,3,3,3
"Utah","status_quo","Past",2021-04-17,"daily_deaths",2,2,2,3,2,3,3,3
"Utah","linear_increase_sd","Past",2021-04-17,"daily_hosps",45,45,45,55,57,62,62,62
"Utah","return_normal","Past",2021-04-17,"daily_hosps",45,45,45,55,57,62,62,62
"Utah","status_quo","Past",2021-04-17,"daily_hosps",45,45,45,55,57,62,62,62
"Utah","linear_increase_sd","Past",2021-04-17,"latent_trend",NA,NA,NA,0.716638254984515,NA,NA,NA,NA
"Utah","return_normal","Past",2021-04-17,"latent_trend",NA,NA,NA,0.716638254984515,NA,NA,NA,NA
"Utah","status_quo","Past",2021-04-17,"latent_trend",NA,NA,NA,0.716638254984515,NA,NA,NA,NA
"Utah","linear_increase_sd","Past",2021-04-17,"mobility_trend",NA,NA,NA,0.776883895518168,NA,NA,NA,NA
"Utah","return_normal","Past",2021-04-17,"mobility_trend",NA,NA,NA,0.776883895518168,NA,NA,NA,NA
"Utah","status_quo","Past",2021-04-17,"mobility_trend",NA,NA,NA,0.776883895518168,NA,NA,NA,NA
"Utah",NA,"Past",2021-04-18,"actual_cumulative_cases",NA,NA,NA,392757,NA,NA,NA,NA
"Utah",NA,"Past",2021-04-18,"actual_cumulative_deaths",NA,NA,NA,2169,NA,NA,NA,NA
"Utah",NA,"Past",2021-04-18,"actual_daily_cases",NA,NA,NA,248,NA,NA,NA,NA
"Utah",NA,"Past",2021-04-18,"actual_daily_deaths",NA,NA,NA,0,NA,NA,NA,NA
"Utah","linear_increase_sd","Past",2021-04-18,"combined_trend",NA,NA,NA,0.554825469878627,NA,NA,NA,NA
"Utah","return_normal","Past",2021-04-18,"combined_trend",NA,NA,NA,0.554825469878627,NA,NA,NA,NA
"Utah","status_quo","Past",2021-04-18,"combined_trend",NA,NA,NA,0.554825469878627,NA,NA,NA,NA
"Utah","linear_increase_sd","Past",2021-04-18,"cumulative_all_infections",1064515,1064515,1064515,1077986,1078299,1091143,1091143,1091143
"Utah","return_normal","Past",2021-04-18,"cumulative_all_infections",1064515,1064515,1064515,1077986,1078299,1091143,1091143,1091143
"Utah","status_quo","Past",2021-04-18,"cumulative_all_infections",1064515,1064515,1064515,1077986,1078299,1091143,1091143,1091143
"Utah","linear_increase_sd","Past",2021-04-18,"cumulative_cases",398667,398667,398667,402785,404296,405390,405390,405390
"Utah","return_normal","Past",2021-04-18,"cumulative_cases",398667,398667,398667,402785,404296,405390,405390,405390
"Utah","status_quo","Past",2021-04-18,"cumulative_cases",398667,398667,398667,402785,404296,405390,405390,405390
"Utah","linear_increase_sd","Past",2021-04-18,"cumulative_deaths",2443,2443,2443,2472,2476,2495,2495,2495
"Utah","return_normal","Past",2021-04-18,"cumulative_deaths",2443,2443,2443,2472,2476,2495,2495,2495
"Utah","status_quo","Past",2021-04-18,"cumulative_deaths",2443,2443,2443,2472,2476,2495,2495,2495
"Utah","linear_increase_sd","Past",2021-04-18,"cumulative_hosps",47463,47463,47463,47914,48018,48259,48259,48259
"Utah","return_normal","Past",2021-04-18,"cumulative_hosps",47463,47463,47463,47914,48018,48259,48259,48259
"Utah","status_quo","Past",2021-04-18,"cumulative_hosps",47463,47463,47463,47914,48018,48259,48259,48259
"Utah","linear_increase_sd","Past",2021-04-18,"daily_all_infections",976,976,976,1265,984,1833,1833,1833
"Utah","return_normal","Past",2021-04-18,"daily_all_infections",976,976,976,1265,984,1833,1833,1833
"Utah","status_quo","Past",2021-04-18,"daily_all_infections",976,976,976,1265,984,1833,1833,1833
"Utah","linear_increase_sd","Past",2021-04-18,"daily_cases",325,325,325,477,422,684,684,684
"Utah","return_normal","Past",2021-04-18,"daily_cases",325,325,325,477,422,684,684,684
"Utah","status_quo","Past",2021-04-18,"daily_cases",325,325,325,477,422,684,684,684
"Utah","linear_increase_sd","Past",2021-04-18,"daily_deaths",2,2,2,2,2,2,2,2
"Utah","return_normal","Past",2021-04-18,"daily_deaths",2,2,2,2,2,2,2,2
"Utah","status_quo","Past",2021-04-18,"daily_deaths",2,2,2,2,2,2,2,2
"Utah","linear_increase_sd","Past",2021-04-18,"daily_hosps",43,43,43,55,57,63,63,63
"Utah","return_normal","Past",2021-04-18,"daily_hosps",43,43,43,55,57,63,63,63
"Utah","status_quo","Past",2021-04-18,"daily_hosps",43,43,43,55,57,63,63,63
"Utah","linear_increase_sd","Past",2021-04-18,"latent_trend",NA,NA,NA,0.722127269913443,NA,NA,NA,NA
"Utah","return_normal","Past",2021-04-18,"latent_trend",NA,NA,NA,0.722127269913443,NA,NA,NA,NA
"Utah","status_quo","Past",2021-04-18,"latent_trend",NA,NA,NA,0.722127269913443,NA,NA,NA,NA
"Utah","linear_increase_sd","Past",2021-04-18,"mobility_trend",NA,NA,NA,0.768320894383521,NA,NA,NA,NA
"Utah","return_normal","Past",2021-04-18,"mobility_trend",NA,NA,NA,0.768320894383521,NA,NA,NA,NA
"Utah","status_quo","Past",2021-04-18,"mobility_trend",NA,NA,NA,0.768320894383521,NA,NA,NA,NA
"Utah",NA,"Past",2021-04-19,"actual_cumulative_cases",NA,NA,NA,392957,NA,NA,NA,NA
"Utah",NA,"Past",2021-04-19,"actual_cumulative_deaths",NA,NA,NA,2171,NA,NA,NA,NA
"Utah",NA,"Past",2021-04-19,"actual_daily_cases",NA,NA,NA,200,NA,NA,NA,NA
"Utah",NA,"Past",2021-04-19,"actual_daily_deaths",NA,NA,NA,2,NA,NA,NA,NA
"Utah","linear_increase_sd","Past",2021-04-19,"combined_trend",NA,NA,NA,0.552711825030167,NA,NA,NA,NA
"Utah","return_normal","Past",2021-04-19,"combined_trend",NA,NA,NA,0.552711825030167,NA,NA,NA,NA
"Utah","status_quo","Past",2021-04-19,"combined_trend",NA,NA,NA,0.552711825030167,NA,NA,NA,NA
"Utah","linear_increase_sd","Past",2021-04-19,"cumulative_all_infections",1065524,1065524,1065524,1079248,1079272,1092948,1092948,1092948
"Utah","return_normal","Past",2021-04-19,"cumulative_all_infections",1065524,1065524,1065524,1079248,1079272,1092948,1092948,1092948
"Utah","status_quo","Past",2021-04-19,"cumulative_all_infections",1065524,1065524,1065524,1079248,1079272,1092948,1092948,1092948
"Utah","linear_increase_sd","Past",2021-04-19,"cumulative_cases",399003,399003,399003,403241,404675,406044,406044,406044
"Utah","return_normal","Past",2021-04-19,"cumulative_cases",399003,399003,399003,403241,404675,406044,406044,406044
"Utah","status_quo","Past",2021-04-19,"cumulative_cases",399003,399003,399003,403241,404675,406044,406044,406044
"Utah","linear_increase_sd","Past",2021-04-19,"cumulative_deaths",2445,2445,2445,2474,2478,2497,2497,2497
"Utah","return_normal","Past",2021-04-19,"cumulative_deaths",2445,2445,2445,2474,2478,2497,2497,2497
"Utah","status_quo","Past",2021-04-19,"cumulative_deaths",2445,2445,2445,2474,2478,2497,2497,2497
"Utah","linear_increase_sd","Past",2021-04-19,"cumulative_hosps",47506,47506,47506,47968,48073,48325,48325,48325
"Utah","return_normal","Past",2021-04-19,"cumulative_hosps",47506,47506,47506,47968,48073,48325,48325,48325
"Utah","status_quo","Past",2021-04-19,"cumulative_hosps",47506,47506,47506,47968,48073,48325,48325,48325
"Utah","linear_increase_sd","Past",2021-04-19,"daily_all_infections",973,973,973,1263,1009,1805,1805,1805
"Utah","return_normal","Past",2021-04-19,"daily_all_infections",973,973,973,1263,1009,1805,1805,1805
"Utah","status_quo","Past",2021-04-19,"daily_all_infections",973,973,973,1263,1009,1805,1805,1805
"Utah","linear_increase_sd","Past",2021-04-19,"daily_cases",336,336,336,457,379,654,654,654
"Utah","return_normal","Past",2021-04-19,"daily_cases",336,336,336,457,379,654,654,654
"Utah","status_quo","Past",2021-04-19,"daily_cases",336,336,336,457,379,654,654,654
"Utah","linear_increase_sd","Past",2021-04-19,"daily_deaths",2,2,2,2,2,2,2,2
"Utah","return_normal","Past",2021-04-19,"daily_deaths",2,2,2,2,2,2,2,2
"Utah","status_quo","Past",2021-04-19,"daily_deaths",2,2,2,2,2,2,2,2
"Utah","linear_increase_sd","Past",2021-04-19,"daily_hosps",43,43,43,55,55,66,66,66
"Utah","return_normal","Past",2021-04-19,"daily_hosps",43,43,43,55,55,66,66,66
"Utah","status_quo","Past",2021-04-19,"daily_hosps",43,43,43,55,55,66,66,66
"Utah","linear_increase_sd","Past",2021-04-19,"latent_trend",NA,NA,NA,0.727309880613581,NA,NA,NA,NA
"Utah","return_normal","Past",2021-04-19,"latent_trend",NA,NA,NA,0.727309880613581,NA,NA,NA,NA
"Utah","status_quo","Past",2021-04-19,"latent_trend",NA,NA,NA,0.727309880613581,NA,NA,NA,NA
"Utah","linear_increase_sd","Past",2021-04-19,"mobility_trend",NA,NA,NA,0.759939937243644,NA,NA,NA,NA
"Utah","return_normal","Past",2021-04-19,"mobility_trend",NA,NA,NA,0.759939937243644,NA,NA,NA,NA
"Utah","status_quo","Past",2021-04-19,"mobility_trend",NA,NA,NA,0.759939937243644,NA,NA,NA,NA
"Utah",NA,"Past",2021-04-20,"actual_cumulative_cases",NA,NA,NA,393272,NA,NA,NA,NA
"Utah",NA,"Past",2021-04-20,"actual_cumulative_deaths",NA,NA,NA,2179,NA,NA,NA,NA
"Utah",NA,"Past",2021-04-20,"actual_daily_cases",NA,NA,NA,315,NA,NA,NA,NA
"Utah",NA,"Past",2021-04-20,"actual_daily_deaths",NA,NA,NA,8,NA,NA,NA,NA
"Utah","linear_increase_sd","Past",2021-04-20,"combined_trend",NA,NA,NA,0.550490468424392,NA,NA,NA,NA
"Utah","return_normal","Past",2021-04-20,"combined_trend",NA,NA,NA,0.550490468424392,NA,NA,NA,NA
"Utah","status_quo","Past",2021-04-20,"combined_trend",NA,NA,NA,0.550490468424392,NA,NA,NA,NA
"Utah","linear_increase_sd","Past",2021-04-20,"cumulative_all_infections",1066566,1066566,1066566,1080502,1080235,1094704,1094704,1094704
"Utah","return_normal","Past",2021-04-20,"cumulative_all_infections",1066566,1066566,1066566,1080502,1080235,1094704,1094704,1094704
"Utah","status_quo","Past",2021-04-20,"cumulative_all_infections",1066566,1066566,1066566,1080502,1080235,1094704,1094704,1094704
"Utah","linear_increase_sd","Past",2021-04-20,"cumulative_cases",399344,399344,399344,403698,405067,406683,406683,406683
"Utah","return_normal","Past",2021-04-20,"cumulative_cases",399344,399344,399344,403698,405067,406683,406683,406683
"Utah","status_quo","Past",2021-04-20,"cumulative_cases",399344,399344,399344,403698,405067,406683,406683,406683
"Utah","linear_increase_sd","Past",2021-04-20,"cumulative_deaths",2447,2447,2447,2476,2480,2500,2500,2500
"Utah","return_normal","Past",2021-04-20,"cumulative_deaths",2447,2447,2447,2476,2480,2500,2500,2500
"Utah","status_quo","Past",2021-04-20,"cumulative_deaths",2447,2447,2447,2476,2480,2500,2500,2500
"Utah","linear_increase_sd","Past",2021-04-20,"cumulative_hosps",47548,47548,47548,48023,48127,48394,48394,48394
"Utah","return_normal","Past",2021-04-20,"cumulative_hosps",47548,47548,47548,48023,48127,48394,48394,48394
"Utah","status_quo","Past",2021-04-20,"cumulative_hosps",47548,47548,47548,48023,48127,48394,48394,48394
"Utah","linear_increase_sd","Past",2021-04-20,"daily_all_infections",963,963,963,1254,1042,1756,1756,1756
"Utah","return_normal","Past",2021-04-20,"daily_all_infections",963,963,963,1254,1042,1756,1756,1756
"Utah","status_quo","Past",2021-04-20,"daily_all_infections",963,963,963,1254,1042,1756,1756,1756
"Utah","linear_increase_sd","Past",2021-04-20,"daily_cases",341,341,341,458,392,639,639,639
"Utah","return_normal","Past",2021-04-20,"daily_cases",341,341,341,458,392,639,639,639
"Utah","status_quo","Past",2021-04-20,"daily_cases",341,341,341,458,392,639,639,639
"Utah","linear_increase_sd","Past",2021-04-20,"daily_deaths",2,2,2,3,2,3,3,3
"Utah","return_normal","Past",2021-04-20,"daily_deaths",2,2,2,3,2,3,3,3
"Utah","status_quo","Past",2021-04-20,"daily_deaths",2,2,2,3,2,3,3,3
"Utah","linear_increase_sd","Past",2021-04-20,"daily_hosps",42,42,42,55,54,69,69,69
"Utah","return_normal","Past",2021-04-20,"daily_hosps",42,42,42,55,54,69,69,69
"Utah","status_quo","Past",2021-04-20,"daily_hosps",42,42,42,55,54,69,69,69
"Utah","linear_increase_sd","Past",2021-04-20,"latent_trend",NA,NA,NA,0.732233632224547,NA,NA,NA,NA
"Utah","return_normal","Past",2021-04-20,"latent_trend",NA,NA,NA,0.732233632224547,NA,NA,NA,NA
"Utah","status_quo","Past",2021-04-20,"latent_trend",NA,NA,NA,0.732233632224547,NA,NA,NA,NA
"Utah","linear_increase_sd","Past",2021-04-20,"mobility_trend",NA,NA,NA,0.751796208475136,NA,NA,NA,NA
"Utah","return_normal","Past",2021-04-20,"mobility_trend",NA,NA,NA,0.751796208475136,NA,NA,NA,NA
"Utah","status_quo","Past",2021-04-20,"mobility_trend",NA,NA,NA,0.751796208475136,NA,NA,NA,NA
"Utah",NA,"Past",2021-04-21,"actual_cumulative_cases",NA,NA,NA,393862,NA,NA,NA,NA
"Utah",NA,"Past",2021-04-21,"actual_cumulative_deaths",NA,NA,NA,2182,NA,NA,NA,NA
"Utah",NA,"Past",2021-04-21,"actual_daily_cases",NA,NA,NA,590,NA,NA,NA,NA
"Utah",NA,"Past",2021-04-21,"actual_daily_deaths",NA,NA,NA,3,NA,NA,NA,NA
"Utah","linear_increase_sd","Past",2021-04-21,"combined_trend",NA,NA,NA,0.548246841369522,NA,NA,NA,NA
"Utah","return_normal","Past",2021-04-21,"combined_trend",NA,NA,NA,0.548246841369522,NA,NA,NA,NA
"Utah","status_quo","Past",2021-04-21,"combined_trend",NA,NA,NA,0.548246841369522,NA,NA,NA,NA
"Utah","linear_increase_sd","Past",2021-04-21,"cumulative_all_infections",1067641,1067641,1067641,1081741,1081198,1096384,1096384,1096384
"Utah","return_normal","Past",2021-04-21,"cumulative_all_infections",1067641,1067641,1067641,1081741,1081198,1096384,1096384,1096384
"Utah","status_quo","Past",2021-04-21,"cumulative_all_infections",1067641,1067641,1067641,1081741,1081198,1096384,1096384,1096384
"Utah","linear_increase_sd","Past",2021-04-21,"cumulative_cases",399713,399713,399713,404165,405470,407312,407312,407312
"Utah","return_normal","Past",2021-04-21,"cumulative_cases",399713,399713,399713,404165,405470,407312,407312,407312
"Utah","status_quo","Past",2021-04-21,"cumulative_cases",399713,399713,399713,404165,405470,407312,407312,407312
"Utah","linear_increase_sd","Past",2021-04-21,"cumulative_deaths",2449,2449,2449,2478,2482,2502,2502,2502
"Utah","return_normal","Past",2021-04-21,"cumulative_deaths",2449,2449,2449,2478,2482,2502,2502,2502
"Utah","status_quo","Past",2021-04-21,"cumulative_deaths",2449,2449,2449,2478,2482,2502,2502,2502
"Utah","linear_increase_sd","Past",2021-04-21,"cumulative_hosps",47591,47591,47591,48080,48182,48465,48465,48465
"Utah","return_normal","Past",2021-04-21,"cumulative_hosps",47591,47591,47591,48080,48182,48465,48465,48465
"Utah","status_quo","Past",2021-04-21,"cumulative_hosps",47591,47591,47591,48080,48182,48465,48465,48465
"Utah","linear_increase_sd","Past",2021-04-21,"daily_all_infections",963,963,963,1240,1075,1680,1680,1680
"Utah","return_normal","Past",2021-04-21,"daily_all_infections",963,963,963,1240,1075,1680,1680,1680
"Utah","status_quo","Past",2021-04-21,"daily_all_infections",963,963,963,1240,1075,1680,1680,1680
"Utah","linear_increase_sd","Past",2021-04-21,"daily_cases",369,369,369,467,403,629,629,629
"Utah","return_normal","Past",2021-04-21,"daily_cases",369,369,369,467,403,629,629,629
"Utah","status_quo","Past",2021-04-21,"daily_cases",369,369,369,467,403,629,629,629
"Utah","linear_increase_sd","Past",2021-04-21,"daily_deaths",2,2,2,2,2,2,2,2
"Utah","return_normal","Past",2021-04-21,"daily_deaths",2,2,2,2,2,2,2,2
"Utah","status_quo","Past",2021-04-21,"daily_deaths",2,2,2,2,2,2,2,2
"Utah","linear_increase_sd","Past",2021-04-21,"daily_hosps",43,43,43,57,55,71,71,71
"Utah","return_normal","Past",2021-04-21,"daily_hosps",43,43,43,57,55,71,71,71
"Utah","status_quo","Past",2021-04-21,"daily_hosps",43,43,43,57,55,71,71,71
"Utah","linear_increase_sd","Past",2021-04-21,"latent_trend",NA,NA,NA,0.736944131077653,NA,NA,NA,NA
"Utah","return_normal","Past",2021-04-21,"latent_trend",NA,NA,NA,0.736944131077653,NA,NA,NA,NA
"Utah","status_quo","Past",2021-04-21,"latent_trend",NA,NA,NA,0.736944131077653,NA,NA,NA,NA
"Utah","linear_increase_sd","Past",2021-04-21,"mobility_trend",NA,NA,NA,0.743946275232297,NA,NA,NA,NA
"Utah","return_normal","Past",2021-04-21,"mobility_trend",NA,NA,NA,0.743946275232297,NA,NA,NA,NA
"Utah","status_quo","Past",2021-04-21,"mobility_trend",NA,NA,NA,0.743946275232297,NA,NA,NA,NA
"Utah",NA,"Past",2021-04-22,"actual_cumulative_cases",NA,NA,NA,394334,NA,NA,NA,NA
"Utah",NA,"Past",2021-04-22,"actual_cumulative_deaths",NA,NA,NA,2183,NA,NA,NA,NA
"Utah",NA,"Past",2021-04-22,"actual_daily_cases",NA,NA,NA,472,NA,NA,NA,NA
"Utah",NA,"Past",2021-04-22,"actual_daily_deaths",NA,NA,NA,1,NA,NA,NA,NA
"Utah","linear_increase_sd","Past",2021-04-22,"combined_trend",NA,NA,NA,0.546064284649015,NA,NA,NA,NA
"Utah","return_normal","Past",2021-04-22,"combined_trend",NA,NA,NA,0.546064284649015,NA,NA,NA,NA
"Utah","status_quo","Past",2021-04-22,"combined_trend",NA,NA,NA,0.546064284649015,NA,NA,NA,NA
"Utah","linear_increase_sd","Past",2021-04-22,"cumulative_all_infections",1068749,1068749,1068749,1082967,1082165,1097985,1097985,1097985
"Utah","return_normal","Past",2021-04-22,"cumulative_all_infections",1068749,1068749,1068749,1082967,1082165,1097985,1097985,1097985
"Utah","status_quo","Past",2021-04-22,"cumulative_all_infections",1068749,1068749,1068749,1082967,1082165,1097985,1097985,1097985
"Utah","linear_increase_sd","Past",2021-04-22,"cumulative_cases",400090,400090,400090,404653,405841,408027,408027,408027
"Utah","return_normal","Past",2021-04-22,"cumulative_cases",400090,400090,400090,404653,405841,408027,408027,408027
"Utah","status_quo","Past",2021-04-22,"cumulative_cases",400090,400090,400090,404653,405841,408027,408027,408027
"Utah","linear_increase_sd","Past",2021-04-22,"cumulative_deaths",2451,2451,2451,2480,2484,2504,2504,2504
"Utah","return_normal","Past",2021-04-22,"cumulative_deaths",2451,2451,2451,2480,2484,2504,2504,2504
"Utah","status_quo","Past",2021-04-22,"cumulative_deaths",2451,2451,2451,2480,2484,2504,2504,2504
"Utah","linear_increase_sd","Past",2021-04-22,"cumulative_hosps",47634,47634,47634,48136,48234,48539,48539,48539
"Utah","return_normal","Past",2021-04-22,"cumulative_hosps",47634,47634,47634,48136,48234,48539,48539,48539
"Utah","status_quo","Past",2021-04-22,"cumulative_hosps",47634,47634,47634,48136,48234,48539,48539,48539
"Utah","linear_increase_sd","Past",2021-04-22,"daily_all_infections",967,967,967,1226,1108,1601,1601,1601
"Utah","return_normal","Past",2021-04-22,"daily_all_infections",967,967,967,1226,1108,1601,1601,1601
"Utah","status_quo","Past",2021-04-22,"daily_all_infections",967,967,967,1226,1108,1601,1601,1601
"Utah","linear_increase_sd","Past",2021-04-22,"daily_cases",371,371,371,488,377,715,715,715
"Utah","return_normal","Past",2021-04-22,"daily_cases",371,371,371,488,377,715,715,715
"Utah","status_quo","Past",2021-04-22,"daily_cases",371,371,371,488,377,715,715,715
"Utah","linear_increase_sd","Past",2021-04-22,"daily_deaths",2,2,2,2,2,2,2,2
"Utah","return_normal","Past",2021-04-22,"daily_deaths",2,2,2,2,2,2,2,2
"Utah","status_quo","Past",2021-04-22,"daily_deaths",2,2,2,2,2,2,2,2
"Utah","linear_increase_sd","Past",2021-04-22,"daily_hosps",43,43,43,57,52,74,74,74
"Utah","return_normal","Past",2021-04-22,"daily_hosps",43,43,43,57,52,74,74,74
"Utah","status_quo","Past",2021-04-22,"daily_hosps",43,43,43,57,52,74,74,74
"Utah","linear_increase_sd","Past",2021-04-22,"latent_trend",NA,NA,NA,0.741485135566096,NA,NA,NA,NA
"Utah","return_normal","Past",2021-04-22,"latent_trend",NA,NA,NA,0.741485135566096,NA,NA,NA,NA
"Utah","status_quo","Past",2021-04-22,"latent_trend",NA,NA,NA,0.741485135566096,NA,NA,NA,NA
"Utah","linear_increase_sd","Past",2021-04-22,"mobility_trend",NA,NA,NA,0.736446704669427,NA,NA,NA,NA
"Utah","return_normal","Past",2021-04-22,"mobility_trend",NA,NA,NA,0.736446704669427,NA,NA,NA,NA
"Utah","status_quo","Past",2021-04-22,"mobility_trend",NA,NA,NA,0.736446704669427,NA,NA,NA,NA
"Utah",NA,"Past",2021-04-23,"actual_cumulative_cases",NA,NA,NA,394678,NA,NA,NA,NA
"Utah",NA,"Past",2021-04-23,"actual_cumulative_deaths",NA,NA,NA,2184,NA,NA,NA,NA
"Utah",NA,"Past",2021-04-23,"actual_daily_cases",NA,NA,NA,344,NA,NA,NA,NA
"Utah",NA,"Past",2021-04-23,"actual_daily_deaths",NA,NA,NA,1,NA,NA,NA,NA
"Utah","linear_increase_sd","Past",2021-04-23,"combined_trend",NA,NA,NA,0.544017064613617,NA,NA,NA,NA
"Utah","return_normal","Past",2021-04-23,"combined_trend",NA,NA,NA,0.544017064613617,NA,NA,NA,NA
"Utah","status_quo","Past",2021-04-23,"combined_trend",NA,NA,NA,0.544017064613617,NA,NA,NA,NA
"Utah","linear_increase_sd","Past",2021-04-23,"cumulative_all_infections",1069891,1069891,1069891,1084163,1083126,1099470,1099470,1099470
"Utah","return_normal","Past",2021-04-23,"cumulative_all_infections",1069891,1069891,1069891,1084163,1083126,1099470,1099470,1099470
"Utah","status_quo","Past",2021-04-23,"cumulative_all_infections",1069891,1069891,1069891,1084163,1083126,1099470,1099470,1099470
"Utah","linear_increase_sd","Past",2021-04-23,"cumulative_cases",400457,400457,400457,405149,406208,408780,408780,408780
"Utah","return_normal","Past",2021-04-23,"cumulative_cases",400457,400457,400457,405149,406208,408780,408780,408780
"Utah","status_quo","Past",2021-04-23,"cumulative_cases",400457,400457,400457,405149,406208,408780,408780,408780
"Utah","linear_increase_sd","Past",2021-04-23,"cumulative_deaths",2453,2453,2453,2482,2486,2506,2506,2506
"Utah","return_normal","Past",2021-04-23,"cumulative_deaths",2453,2453,2453,2482,2486,2506,2506,2506
"Utah","status_quo","Past",2021-04-23,"cumulative_deaths",2453,2453,2453,2482,2486,2506,2506,2506
"Utah","linear_increase_sd","Past",2021-04-23,"cumulative_hosps",47677,47677,47677,48193,48284,48618,48618,48618
"Utah","return_normal","Past",2021-04-23,"cumulative_hosps",47677,47677,47677,48193,48284,48618,48618,48618
"Utah","status_quo","Past",2021-04-23,"cumulative_hosps",47677,47677,47677,48193,48284,48618,48618,48618
"Utah","linear_increase_sd","Past",2021-04-23,"daily_all_infections",961,961,961,1196,1142,1485,1485,1485
"Utah","return_normal","Past",2021-04-23,"daily_all_infections",961,961,961,1196,1142,1485,1485,1485
"Utah","status_quo","Past",2021-04-23,"daily_all_infections",961,961,961,1196,1142,1485,1485,1485
"Utah","linear_increase_sd","Past",2021-04-23,"daily_cases",367,367,367,496,367,753,753,753
"Utah","return_normal","Past",2021-04-23,"daily_cases",367,367,367,496,367,753,753,753
"Utah","status_quo","Past",2021-04-23,"daily_cases",367,367,367,496,367,753,753,753
"Utah","linear_increase_sd","Past",2021-04-23,"daily_deaths",2,2,2,2,2,2,2,2
"Utah","return_normal","Past",2021-04-23,"daily_deaths",2,2,2,2,2,2,2,2
"Utah","status_quo","Past",2021-04-23,"daily_deaths",2,2,2,2,2,2,2,2
"Utah","linear_increase_sd","Past",2021-04-23,"daily_hosps",43,43,43,58,50,79,79,79
"Utah","return_normal","Past",2021-04-23,"daily_hosps",43,43,43,58,50,79,79,79
"Utah","status_quo","Past",2021-04-23,"daily_hosps",43,43,43,58,50,79,79,79
"Utah","linear_increase_sd","Past",2021-04-23,"latent_trend",NA,NA,NA,0.745898628282178,NA,NA,NA,NA
"Utah","return_normal","Past",2021-04-23,"latent_trend",NA,NA,NA,0.745898628282178,NA,NA,NA,NA
"Utah","status_quo","Past",2021-04-23,"latent_trend",NA,NA,NA,0.745898628282178,NA,NA,NA,NA
"Utah","linear_increase_sd","Past",2021-04-23,"mobility_trend",NA,NA,NA,0.729344503376419,NA,NA,NA,NA
"Utah","return_normal","Past",2021-04-23,"mobility_trend",NA,NA,NA,0.729344503376419,NA,NA,NA,NA
"Utah","status_quo","Past",2021-04-23,"mobility_trend",NA,NA,NA,0.729344503376419,NA,NA,NA,NA
"Utah",NA,"Past",2021-04-24,"actual_cumulative_cases",NA,NA,NA,395150,NA,NA,NA,NA
"Utah",NA,"Past",2021-04-24,"actual_cumulative_deaths",NA,NA,NA,2185,NA,NA,NA,NA
"Utah",NA,"Past",2021-04-24,"actual_daily_cases",NA,NA,NA,472,NA,NA,NA,NA
"Utah",NA,"Past",2021-04-24,"actual_daily_deaths",NA,NA,NA,1,NA,NA,NA,NA
"Utah","linear_increase_sd","Past",2021-04-24,"combined_trend",NA,NA,NA,0.542148824581088,NA,NA,NA,NA
"Utah","return_normal","Past",2021-04-24,"combined_trend",NA,NA,NA,0.542148824581088,NA,NA,NA,NA
"Utah","status_quo","Past",2021-04-24,"combined_trend",NA,NA,NA,0.542148824581088,NA,NA,NA,NA
"Utah","linear_increase_sd","Past",2021-04-24,"cumulative_all_infections",1071065,1071065,1071065,1085332,1084092,1100837,1100837,1100837
"Utah","return_normal","Past",2021-04-24,"cumulative_all_infections",1071065,1071065,1071065,1085332,1084092,1100837,1100837,1100837
"Utah","status_quo","Past",2021-04-24,"cumulative_all_infections",1071065,1071065,1071065,1085332,1084092,1100837,1100837,1100837
"Utah","linear_increase_sd","Past",2021-04-24,"cumulative_cases",400854,400854,400854,405631,406597,409440,409440,409440
"Utah","return_normal","Past",2021-04-24,"cumulative_cases",400854,400854,400854,405631,406597,409440,409440,409440
"Utah","status_quo","Past",2021-04-24,"cumulative_cases",400854,400854,400854,405631,406597,409440,409440,409440
"Utah","linear_increase_sd","Past",2021-04-24,"cumulative_deaths",2455,2455,2455,2484,2488,2508,2508,2508
"Utah","return_normal","Past",2021-04-24,"cumulative_deaths",2455,2455,2455,2484,2488,2508,2508,2508
"Utah","status_quo","Past",2021-04-24,"cumulative_deaths",2455,2455,2455,2484,2488,2508,2508,2508
"Utah","linear_increase_sd","Past",2021-04-24,"cumulative_hosps",47720,47720,47720,48251,48334,48697,48697,48697
"Utah","return_normal","Past",2021-04-24,"cumulative_hosps",47720,47720,47720,48251,48334,48697,48697,48697
"Utah","status_quo","Past",2021-04-24,"cumulative_hosps",47720,47720,47720,48251,48334,48697,48697,48697
"Utah","linear_increase_sd","Past",2021-04-24,"daily_all_infections",966,966,966,1169,1174,1367,1367,1367
"Utah","return_normal","Past",2021-04-24,"daily_all_infections",966,966,966,1169,1174,1367,1367,1367
"Utah","status_quo","Past",2021-04-24,"daily_all_infections",966,966,966,1169,1174,1367,1367,1367
"Utah","linear_increase_sd","Past",2021-04-24,"daily_cases",389,389,389,482,397,660,660,660
"Utah","return_normal","Past",2021-04-24,"daily_cases",389,389,389,482,397,660,660,660
"Utah","status_quo","Past",2021-04-24,"daily_cases",389,389,389,482,397,660,660,660
"Utah","linear_increase_sd","Past",2021-04-24,"daily_deaths",2,2,2,2,2,2,2,2
"Utah","return_normal","Past",2021-04-24,"daily_deaths",2,2,2,2,2,2,2,2
"Utah","status_quo","Past",2021-04-24,"daily_deaths",2,2,2,2,2,2,2,2
"Utah","linear_increase_sd","Past",2021-04-24,"daily_hosps",43,43,43,58,50,79,79,79
"Utah","return_normal","Past",2021-04-24,"daily_hosps",43,43,43,58,50,79,79,79
"Utah","status_quo","Past",2021-04-24,"daily_hosps",43,43,43,58,50,79,79,79
"Utah","linear_increase_sd","Past",2021-04-24,"latent_trend",NA,NA,NA,0.750224864275497,NA,NA,NA,NA
"Utah","return_normal","Past",2021-04-24,"latent_trend",NA,NA,NA,0.750224864275497,NA,NA,NA,NA
"Utah","status_quo","Past",2021-04-24,"latent_trend",NA,NA,NA,0.750224864275497,NA,NA,NA,NA
"Utah","linear_increase_sd","Past",2021-04-24,"mobility_trend",NA,NA,NA,0.722648435685545,NA,NA,NA,NA
"Utah","return_normal","Past",2021-04-24,"mobility_trend",NA,NA,NA,0.722648435685545,NA,NA,NA,NA
"Utah","status_quo","Past",2021-04-24,"mobility_trend",NA,NA,NA,0.722648435685545,NA,NA,NA,NA
"Utah",NA,"Past",2021-04-25,"actual_cumulative_cases",NA,NA,NA,395431,NA,NA,NA,NA
"Utah",NA,"Past",2021-04-25,"actual_cumulative_deaths",NA,NA,NA,2187,NA,NA,NA,NA
"Utah",NA,"Past",2021-04-25,"actual_daily_cases",NA,NA,NA,281,NA,NA,NA,NA
"Utah",NA,"Past",2021-04-25,"actual_daily_deaths",NA,NA,NA,2,NA,NA,NA,NA
"Utah","linear_increase_sd","Past",2021-04-25,"combined_trend",NA,NA,NA,0.540493601894274,NA,NA,NA,NA
"Utah","return_normal","Past",2021-04-25,"combined_trend",NA,NA,NA,0.540493601894274,NA,NA,NA,NA
"Utah","status_quo","Past",2021-04-25,"combined_trend",NA,NA,NA,0.540493601894274,NA,NA,NA,NA
"Utah","linear_increase_sd","Past",2021-04-25,"cumulative_all_infections",1072286,1072286,1072286,1086477,1085064,1102079,1102079,1102079
"Utah","return_normal","Past",2021-04-25,"cumulative_all_infections",1072286,1072286,1072286,1086477,1085064,1102079,1102079,1102079
"Utah","status_quo","Past",2021-04-25,"cumulative_all_infections",1072286,1072286,1072286,1086477,1085064,1102079,1102079,1102079
"Utah","linear_increase_sd","Past",2021-04-25,"cumulative_cases",401252,401252,401252,406131,406997,410142,410142,410142
"Utah","return_normal","Past",2021-04-25,"cumulative_cases",401252,401252,401252,406131,406997,410142,410142,410142
"Utah","status_quo","Past",2021-04-25,"cumulative_cases",401252,401252,401252,406131,406997,410142,410142,410142
"Utah","linear_increase_sd","Past",2021-04-25,"cumulative_deaths",2457,2457,2457,2486,2490,2510,2510,2510
"Utah","return_normal","Past",2021-04-25,"cumulative_deaths",2457,2457,2457,2486,2490,2510,2510,2510
"Utah","status_quo","Past",2021-04-25,"cumulative_deaths",2457,2457,2457,2486,2490,2510,2510,2510
"Utah","linear_increase_sd","Past",2021-04-25,"cumulative_hosps",47763,47763,47763,48308,48382,48777,48777,48777
"Utah","return_normal","Past",2021-04-25,"cumulative_hosps",47763,47763,47763,48308,48382,48777,48777,48777
"Utah","status_quo","Past",2021-04-25,"cumulative_hosps",47763,47763,47763,48308,48382,48777,48777,48777
"Utah","linear_increase_sd","Past",2021-04-25,"daily_all_infections",972,972,972,1145,1221,1242,1242,1242
"Utah","return_normal","Past",2021-04-25,"daily_all_infections",972,972,972,1145,1221,1242,1242,1242
"Utah","status_quo","Past",2021-04-25,"daily_all_infections",972,972,972,1145,1221,1242,1242,1242
"Utah","linear_increase_sd","Past",2021-04-25,"daily_cases",398,398,398,500,400,702,702,702
"Utah","return_normal","Past",2021-04-25,"daily_cases",398,398,398,500,400,702,702,702
"Utah","status_quo","Past",2021-04-25,"daily_cases",398,398,398,500,400,702,702,702
"Utah","linear_increase_sd","Past",2021-04-25,"daily_deaths",2,2,2,2,2,2,2,2
"Utah","return_normal","Past",2021-04-25,"daily_deaths",2,2,2,2,2,2,2,2
"Utah","status_quo","Past",2021-04-25,"daily_deaths",2,2,2,2,2,2,2,2
"Utah","linear_increase_sd","Past",2021-04-25,"daily_hosps",43,43,43,57,48,80,80,80
"Utah","return_normal","Past",2021-04-25,"daily_hosps",43,43,43,57,48,80,80,80
"Utah","status_quo","Past",2021-04-25,"daily_hosps",43,43,43,57,48,80,80,80
"Utah","linear_increase_sd","Past",2021-04-25,"latent_trend",NA,NA,NA,0.754502391537939,NA,NA,NA,NA
"Utah","return_normal","Past",2021-04-25,"latent_trend",NA,NA,NA,0.754502391537939,NA,NA,NA,NA
"Utah","status_quo","Past",2021-04-25,"latent_trend",NA,NA,NA,0.754502391537939,NA,NA,NA,NA
"Utah","linear_increase_sd","Past",2021-04-25,"mobility_trend",NA,NA,NA,0.71635770536467,NA,NA,NA,NA
"Utah","return_normal","Past",2021-04-25,"mobility_trend",NA,NA,NA,0.71635770536467,NA,NA,NA,NA
"Utah","status_quo","Past",2021-04-25,"mobility_trend",NA,NA,NA,0.71635770536467,NA,NA,NA,NA
"Utah",NA,"Past",2021-04-26,"actual_cumulative_cases",NA,NA,NA,395677,NA,NA,NA,NA
"Utah",NA,"Past",2021-04-26,"actual_cumulative_deaths",NA,NA,NA,2188,NA,NA,NA,NA
"Utah",NA,"Past",2021-04-26,"actual_daily_cases",NA,NA,NA,246,NA,NA,NA,NA
"Utah",NA,"Past",2021-04-26,"actual_daily_deaths",NA,NA,NA,1,NA,NA,NA,NA
"Utah","linear_increase_sd","Past",2021-04-26,"combined_trend",NA,NA,NA,0.539083080394865,NA,NA,NA,NA
"Utah","return_normal","Past",2021-04-26,"combined_trend",NA,NA,NA,0.539083080394865,NA,NA,NA,NA
"Utah","status_quo","Past",2021-04-26,"combined_trend",NA,NA,NA,0.539083080394865,NA,NA,NA,NA
"Utah","linear_increase_sd","Past",2021-04-26,"cumulative_all_infections",1073538,1073538,1073538,1087596,1086041,1103207,1103207,1103207
"Utah","return_normal","Past",2021-04-26,"cumulative_all_infections",1073538,1073538,1073538,1087596,1086041,1103207,1103207,1103207
"Utah","status_quo","Past",2021-04-26,"cumulative_all_infections",1073538,1073538,1073538,1087596,1086041,1103207,1103207,1103207
"Utah","linear_increase_sd","Past",2021-04-26,"cumulative_cases",401669,401669,401669,406611,407369,410794,410794,410794
"Utah","return_normal","Past",2021-04-26,"cumulative_cases",401669,401669,401669,406611,407369,410794,410794,410794
"Utah","status_quo","Past",2021-04-26,"cumulative_cases",401669,401669,401669,406611,407369,410794,410794,410794
"Utah","linear_increase_sd","Past",2021-04-26,"cumulative_deaths",2459,2459,2459,2488,2492,2512,2512,2512
"Utah","return_normal","Past",2021-04-26,"cumulative_deaths",2459,2459,2459,2488,2492,2512,2512,2512
"Utah","status_quo","Past",2021-04-26,"cumulative_deaths",2459,2459,2459,2488,2492,2512,2512,2512
"Utah","linear_increase_sd","Past",2021-04-26,"cumulative_hosps",47806,47806,47806,48364,48429,48857,48857,48857
"Utah","return_normal","Past",2021-04-26,"cumulative_hosps",47806,47806,47806,48364,48429,48857,48857,48857
"Utah","status_quo","Past",2021-04-26,"cumulative_hosps",47806,47806,47806,48364,48429,48857,48857,48857
"Utah","linear_increase_sd","Past",2021-04-26,"daily_all_infections",977,977,977,1119,1128,1252,1252,1252
"Utah","return_normal","Past",2021-04-26,"daily_all_infections",977,977,977,1119,1128,1252,1252,1252
"Utah","status_quo","Past",2021-04-26,"daily_all_infections",977,977,977,1119,1128,1252,1252,1252
"Utah","linear_increase_sd","Past",2021-04-26,"daily_cases",372,372,372,481,417,652,652,652
"Utah","return_normal","Past",2021-04-26,"daily_cases",372,372,372,481,417,652,652,652
"Utah","status_quo","Past",2021-04-26,"daily_cases",372,372,372,481,417,652,652,652
"Utah","linear_increase_sd","Past",2021-04-26,"daily_deaths",2,2,2,2,2,2,2,2
"Utah","return_normal","Past",2021-04-26,"daily_deaths",2,2,2,2,2,2,2,2
"Utah","status_quo","Past",2021-04-26,"daily_deaths",2,2,2,2,2,2,2,2
"Utah","linear_increase_sd","Past",2021-04-26,"daily_hosps",43,43,43,57,47,80,80,80
"Utah","return_normal","Past",2021-04-26,"daily_hosps",43,43,43,57,47,80,80,80
"Utah","status_quo","Past",2021-04-26,"daily_hosps",43,43,43,57,47,80,80,80
"Utah","linear_increase_sd","Past",2021-04-26,"latent_trend",NA,NA,NA,0.758768040824635,NA,NA,NA,NA
"Utah","return_normal","Past",2021-04-26,"latent_trend",NA,NA,NA,0.758768040824635,NA,NA,NA,NA
"Utah","status_quo","Past",2021-04-26,"latent_trend",NA,NA,NA,0.758768040824635,NA,NA,NA,NA
"Utah","linear_increase_sd","Past",2021-04-26,"mobility_trend",NA,NA,NA,0.710471516181658,NA,NA,NA,NA
"Utah","return_normal","Past",2021-04-26,"mobility_trend",NA,NA,NA,0.710471516181658,NA,NA,NA,NA
"Utah","status_quo","Past",2021-04-26,"mobility_trend",NA,NA,NA,0.710471516181658,NA,NA,NA,NA
"Utah",NA,"Past",2021-04-27,"actual_cumulative_cases",NA,NA,NA,396004,NA,NA,NA,NA
"Utah",NA,"Past",2021-04-27,"actual_cumulative_deaths",NA,NA,NA,2191,NA,NA,NA,NA
"Utah",NA,"Past",2021-04-27,"actual_daily_cases",NA,NA,NA,327,NA,NA,NA,NA
"Utah",NA,"Past",2021-04-27,"actual_daily_deaths",NA,NA,NA,3,NA,NA,NA,NA
"Utah","linear_increase_sd","Past",2021-04-27,"combined_trend",NA,NA,NA,0.537939739162718,NA,NA,NA,NA
"Utah","return_normal","Past",2021-04-27,"combined_trend",NA,NA,NA,0.537939739162718,NA,NA,NA,NA
"Utah","status_quo","Past",2021-04-27,"combined_trend",NA,NA,NA,0.537939739162718,NA,NA,NA,NA
"Utah","linear_increase_sd","Past",2021-04-27,"cumulative_all_infections",1074836,1074836,1074836,1088688,1087014,1104214,1104214,1104214
"Utah","return_normal","Past",2021-04-27,"cumulative_all_infections",1074836,1074836,1074836,1088688,1087014,1104214,1104214,1104214
"Utah","status_quo","Past",2021-04-27,"cumulative_all_infections",1074836,1074836,1074836,1088688,1087014,1104214,1104214,1104214
"Utah","linear_increase_sd","Past",2021-04-27,"cumulative_cases",402065,402065,402065,407079,407755,411417,411417,411417
"Utah","return_normal","Past",2021-04-27,"cumulative_cases",402065,402065,402065,407079,407755,411417,411417,411417
"Utah","status_quo","Past",2021-04-27,"cumulative_cases",402065,402065,402065,407079,407755,411417,411417,411417
"Utah","linear_increase_sd","Past",2021-04-27,"cumulative_deaths",2461,2461,2461,2490,2494,2514,2514,2514
"Utah","return_normal","Past",2021-04-27,"cumulative_deaths",2461,2461,2461,2490,2494,2514,2514,2514
"Utah","status_quo","Past",2021-04-27,"cumulative_deaths",2461,2461,2461,2490,2494,2514,2514,2514
"Utah","linear_increase_sd","Past",2021-04-27,"cumulative_hosps",47851,47851,47851,48423,48477,48939,48939,48939
"Utah","return_normal","Past",2021-04-27,"cumulative_hosps",47851,47851,47851,48423,48477,48939,48939,48939
"Utah","status_quo","Past",2021-04-27,"cumulative_hosps",47851,47851,47851,48423,48477,48939,48939,48939
"Utah","linear_increase_sd","Past",2021-04-27,"daily_all_infections",973,973,973,1093,1007,1298,1298,1298
"Utah","return_normal","Past",2021-04-27,"daily_all_infections",973,973,973,1093,1007,1298,1298,1298
"Utah","status_quo","Past",2021-04-27,"daily_all_infections",973,973,973,1093,1007,1298,1298,1298
"Utah","linear_increase_sd","Past",2021-04-27,"daily_cases",386,386,386,469,396,623,623,623
"Utah","return_normal","Past",2021-04-27,"daily_cases",386,386,386,469,396,623,623,623
"Utah","status_quo","Past",2021-04-27,"daily_cases",386,386,386,469,396,623,623,623
"Utah","linear_increase_sd","Past",2021-04-27,"daily_deaths",2,2,2,2,2,2,2,2
"Utah","return_normal","Past",2021-04-27,"daily_deaths",2,2,2,2,2,2,2,2
"Utah","status_quo","Past",2021-04-27,"daily_deaths",2,2,2,2,2,2,2,2
"Utah","linear_increase_sd","Past",2021-04-27,"daily_hosps",45,45,45,59,48,82,82,82
"Utah","return_normal","Past",2021-04-27,"daily_hosps",45,45,45,59,48,82,82,82
"Utah","status_quo","Past",2021-04-27,"daily_hosps",45,45,45,59,48,82,82,82
"Utah","linear_increase_sd","Past",2021-04-27,"latent_trend",NA,NA,NA,0.763056882745174,NA,NA,NA,NA
"Utah","return_normal","Past",2021-04-27,"latent_trend",NA,NA,NA,0.763056882745174,NA,NA,NA,NA
"Utah","status_quo","Past",2021-04-27,"latent_trend",NA,NA,NA,0.763056882745174,NA,NA,NA,NA
"Utah","linear_increase_sd","Past",2021-04-27,"mobility_trend",NA,NA,NA,0.704979866281299,NA,NA,NA,NA
"Utah","return_normal","Past",2021-04-27,"mobility_trend",NA,NA,NA,0.704979866281299,NA,NA,NA,NA
"Utah","status_quo","Past",2021-04-27,"mobility_trend",NA,NA,NA,0.704979866281299,NA,NA,NA,NA
"Utah",NA,"Past",2021-04-28,"actual_cumulative_cases",NA,NA,NA,396522,NA,NA,NA,NA
"Utah",NA,"Past",2021-04-28,"actual_cumulative_deaths",NA,NA,NA,2195,NA,NA,NA,NA
"Utah",NA,"Past",2021-04-28,"actual_daily_cases",NA,NA,NA,518,NA,NA,NA,NA
"Utah",NA,"Past",2021-04-28,"actual_daily_deaths",NA,NA,NA,4,NA,NA,NA,NA
"Utah","linear_increase_sd","Past",2021-04-28,"combined_trend",NA,NA,NA,0.537055598877766,NA,NA,NA,NA
"Utah","return_normal","Past",2021-04-28,"combined_trend",NA,NA,NA,0.537055598877766,NA,NA,NA,NA
"Utah","status_quo","Past",2021-04-28,"combined_trend",NA,NA,NA,0.537055598877766,NA,NA,NA,NA
"Utah","linear_increase_sd","Past",2021-04-28,"cumulative_all_infections",1076167,1076167,1076167,1089758,1087993,1105114,1105114,1105114
"Utah","return_normal","Past",2021-04-28,"cumulative_all_infections",1076167,1076167,1076167,1089758,1087993,1105114,1105114,1105114
"Utah","status_quo","Past",2021-04-28,"cumulative_all_infections",1076167,1076167,1076167,1089758,1087993,1105114,1105114,1105114
"Utah","linear_increase_sd","Past",2021-04-28,"cumulative_cases",402507,402507,402507,407556,408130,412031,412031,412031
"Utah","return_normal","Past",2021-04-28,"cumulative_cases",402507,402507,402507,407556,408130,412031,412031,412031
"Utah","status_quo","Past",2021-04-28,"cumulative_cases",402507,402507,402507,407556,408130,412031,412031,412031
"Utah","linear_increase_sd","Past",2021-04-28,"cumulative_deaths",2463,2463,2463,2492,2496,2516,2516,2516
"Utah","return_normal","Past",2021-04-28,"cumulative_deaths",2463,2463,2463,2492,2496,2516,2516,2516
"Utah","status_quo","Past",2021-04-28,"cumulative_deaths",2463,2463,2463,2492,2496,2516,2516,2516
"Utah","linear_increase_sd","Past",2021-04-28,"cumulative_hosps",47896,47896,47896,48481,48523,49022,49022,49022
"Utah","return_normal","Past",2021-04-28,"cumulative_hosps",47896,47896,47896,48481,48523,49022,49022,49022
"Utah","status_quo","Past",2021-04-28,"cumulative_hosps",47896,47896,47896,48481,48523,49022,49022,49022
"Utah","linear_increase_sd","Past",2021-04-28,"daily_all_infections",900,900,900,1070,979,1331,1331,1331
"Utah","return_normal","Past",2021-04-28,"daily_all_infections",900,900,900,1070,979,1331,1331,1331
"Utah","status_quo","Past",2021-04-28,"daily_all_infections",900,900,900,1070,979,1331,1331,1331
"Utah","linear_increase_sd","Past",2021-04-28,"daily_cases",375,375,375,477,442,614,614,614
"Utah","return_normal","Past",2021-04-28,"daily_cases",375,375,375,477,442,614,614,614
"Utah","status_quo","Past",2021-04-28,"daily_cases",375,375,375,477,442,614,614,614
"Utah","linear_increase_sd","Past",2021-04-28,"daily_deaths",2,2,2,2,2,2,2,2
"Utah","return_normal","Past",2021-04-28,"daily_deaths",2,2,2,2,2,2,2,2
"Utah","status_quo","Past",2021-04-28,"daily_deaths",2,2,2,2,2,2,2,2
"Utah","linear_increase_sd","Past",2021-04-28,"daily_hosps",45,45,45,58,46,83,83,83
"Utah","return_normal","Past",2021-04-28,"daily_hosps",45,45,45,58,46,83,83,83
"Utah","status_quo","Past",2021-04-28,"daily_hosps",45,45,45,58,46,83,83,83
"Utah","linear_increase_sd","Past",2021-04-28,"latent_trend",NA,NA,NA,0.767402150769542,NA,NA,NA,NA
"Utah","return_normal","Past",2021-04-28,"latent_trend",NA,NA,NA,0.767402150769542,NA,NA,NA,NA
"Utah","status_quo","Past",2021-04-28,"latent_trend",NA,NA,NA,0.767402150769542,NA,NA,NA,NA
"Utah","linear_increase_sd","Past",2021-04-28,"mobility_trend",NA,NA,NA,0.699835931316081,NA,NA,NA,NA
"Utah","return_normal","Past",2021-04-28,"mobility_trend",NA,NA,NA,0.699835931316081,NA,NA,NA,NA
"Utah","status_quo","Past",2021-04-28,"mobility_trend",NA,NA,NA,0.699835931316081,NA,NA,NA,NA
"Utah",NA,"Past",2021-04-29,"actual_cumulative_cases",NA,NA,NA,396985,NA,NA,NA,NA
"Utah",NA,"Past",2021-04-29,"actual_cumulative_deaths",NA,NA,NA,2202,NA,NA,NA,NA
"Utah",NA,"Past",2021-04-29,"actual_daily_cases",NA,NA,NA,463,NA,NA,NA,NA
"Utah",NA,"Past",2021-04-29,"actual_daily_deaths",NA,NA,NA,7,NA,NA,NA,NA
"Utah","linear_increase_sd","Past",2021-04-29,"combined_trend",NA,NA,NA,0.536412819631235,NA,NA,NA,NA
"Utah","return_normal","Past",2021-04-29,"combined_trend",NA,NA,NA,0.536412819631235,NA,NA,NA,NA
"Utah","status_quo","Past",2021-04-29,"combined_trend",NA,NA,NA,0.536412819631235,NA,NA,NA,NA
"Utah","linear_increase_sd","Past",2021-04-29,"cumulative_all_infections",1077537,1077537,1077537,1090814,1088987,1105917,1105917,1105917
"Utah","return_normal","Past",2021-04-29,"cumulative_all_infections",1077537,1077537,1077537,1090814,1088987,1105917,1105917,1105917
"Utah","status_quo","Past",2021-04-29,"cumulative_all_infections",1077537,1077537,1077537,1090814,1088987,1105917,1105917,1105917
"Utah","linear_increase_sd","Past",2021-04-29,"cumulative_cases",402988,402988,402988,408033,408511,412598,412598,412598
"Utah","return_normal","Past",2021-04-29,"cumulative_cases",402988,402988,402988,408033,408511,412598,412598,412598
"Utah","status_quo","Past",2021-04-29,"cumulative_cases",402988,402988,402988,408033,408511,412598,412598,412598
"Utah","linear_increase_sd","Past",2021-04-29,"cumulative_deaths",2465,2465,2465,2494,2499,2518,2518,2518
"Utah","return_normal","Past",2021-04-29,"cumulative_deaths",2465,2465,2465,2494,2499,2518,2518,2518
"Utah","status_quo","Past",2021-04-29,"cumulative_deaths",2465,2465,2465,2494,2499,2518,2518,2518
"Utah","linear_increase_sd","Past",2021-04-29,"cumulative_hosps",47942,47942,47942,48539,48571,49104,49104,49104
"Utah","return_normal","Past",2021-04-29,"cumulative_hosps",47942,47942,47942,48539,48571,49104,49104,49104
"Utah","status_quo","Past",2021-04-29,"cumulative_hosps",47942,47942,47942,48539,48571,49104,49104,49104
"Utah","linear_increase_sd","Past",2021-04-29,"daily_all_infections",803,803,803,1056,994,1370,1370,1370
"Utah","return_normal","Past",2021-04-29,"daily_all_infections",803,803,803,1056,994,1370,1370,1370
"Utah","status_quo","Past",2021-04-29,"daily_all_infections",803,803,803,1056,994,1370,1370,1370
"Utah","linear_increase_sd","Past",2021-04-29,"daily_cases",381,381,381,477,481,567,567,567
"Utah","return_normal","Past",2021-04-29,"daily_cases",381,381,381,477,481,567,567,567
"Utah","status_quo","Past",2021-04-29,"daily_cases",381,381,381,477,481,567,567,567
"Utah","linear_increase_sd","Past",2021-04-29,"daily_deaths",2,2,2,3,2,3,3,3
"Utah","return_normal","Past",2021-04-29,"daily_deaths",2,2,2,3,2,3,3,3
"Utah","status_quo","Past",2021-04-29,"daily_deaths",2,2,2,3,2,3,3,3
"Utah","linear_increase_sd","Past",2021-04-29,"daily_hosps",46,46,46,59,48,82,82,82
"Utah","return_normal","Past",2021-04-29,"daily_hosps",46,46,46,59,48,82,82,82
"Utah","status_quo","Past",2021-04-29,"daily_hosps",46,46,46,59,48,82,82,82
"Utah","linear_increase_sd","Past",2021-04-29,"latent_trend",NA,NA,NA,0.771835129446422,NA,NA,NA,NA
"Utah","return_normal","Past",2021-04-29,"latent_trend",NA,NA,NA,0.771835129446422,NA,NA,NA,NA
"Utah","status_quo","Past",2021-04-29,"latent_trend",NA,NA,NA,0.771835129446422,NA,NA,NA,NA
"Utah","linear_increase_sd","Past",2021-04-29,"mobility_trend",NA,NA,NA,0.694983681315416,NA,NA,NA,NA
"Utah","return_normal","Past",2021-04-29,"mobility_trend",NA,NA,NA,0.694983681315416,NA,NA,NA,NA
"Utah","status_quo","Past",2021-04-29,"mobility_trend",NA,NA,NA,0.694983681315416,NA,NA,NA,NA
"Utah",NA,"Past",2021-04-30,"actual_cumulative_cases",NA,NA,NA,397323,NA,NA,NA,NA
"Utah",NA,"Past",2021-04-30,"actual_cumulative_deaths",NA,NA,NA,2207,NA,NA,NA,NA
"Utah",NA,"Past",2021-04-30,"actual_daily_cases",NA,NA,NA,338,NA,NA,NA,NA
"Utah",NA,"Past",2021-04-30,"actual_daily_deaths",NA,NA,NA,5,NA,NA,NA,NA
"Utah","linear_increase_sd","Past",2021-04-30,"combined_trend",NA,NA,NA,0.535990655676074,NA,NA,NA,NA
"Utah","return_normal","Past",2021-04-30,"combined_trend",NA,NA,NA,0.535990655676074,NA,NA,NA,NA
"Utah","status_quo","Past",2021-04-30,"combined_trend",NA,NA,NA,0.535990655676074,NA,NA,NA,NA
"Utah","linear_increase_sd","Past",2021-04-30,"cumulative_all_infections",1078946,1078946,1078946,1091853,1089980,1106633,1106633,1106633
"Utah","return_normal","Past",2021-04-30,"cumulative_all_infections",1078946,1078946,1078946,1091853,1089980,1106633,1106633,1106633
"Utah","status_quo","Past",2021-04-30,"cumulative_all_infections",1078946,1078946,1078946,1091853,1089980,1106633,1106633,1106633
"Utah","linear_increase_sd","Past",2021-04-30,"cumulative_cases",403436,403436,403436,408482,408889,413121,413121,413121
"Utah","return_normal","Past",2021-04-30,"cumulative_cases",403436,403436,403436,408482,408889,413121,413121,413121
"Utah","status_quo","Past",2021-04-30,"cumulative_cases",403436,403436,403436,408482,408889,413121,413121,413121
"Utah","linear_increase_sd","Past",2021-04-30,"cumulative_deaths",2467,2467,2467,2497,2502,2520,2520,2520
"Utah","return_normal","Past",2021-04-30,"cumulative_deaths",2467,2467,2467,2497,2502,2520,2520,2520
"Utah","status_quo","Past",2021-04-30,"cumulative_deaths",2467,2467,2467,2497,2502,2520,2520,2520
"Utah","linear_increase_sd","Past",2021-04-30,"cumulative_hosps",47990,47990,47990,48598,48617,49185,49185,49185
"Utah","return_normal","Past",2021-04-30,"cumulative_hosps",47990,47990,47990,48598,48617,49185,49185,49185
"Utah","status_quo","Past",2021-04-30,"cumulative_hosps",47990,47990,47990,48598,48617,49185,49185,49185
"Utah","linear_increase_sd","Past",2021-04-30,"daily_all_infections",716,716,716,1040,993,1409,1409,1409
"Utah","return_normal","Past",2021-04-30,"daily_all_infections",716,716,716,1040,993,1409,1409,1409
"Utah","status_quo","Past",2021-04-30,"daily_all_infections",716,716,716,1040,993,1409,1409,1409
"Utah","linear_increase_sd","Past",2021-04-30,"daily_cases",378,378,378,450,448,523,523,523
"Utah","return_normal","Past",2021-04-30,"daily_cases",378,378,378,450,448,523,523,523
"Utah","status_quo","Past",2021-04-30,"daily_cases",378,378,378,450,448,523,523,523
"Utah","linear_increase_sd","Past",2021-04-30,"daily_deaths",2,2,2,3,2,3,3,3
"Utah","return_normal","Past",2021-04-30,"daily_deaths",2,2,2,3,2,3,3,3
"Utah","status_quo","Past",2021-04-30,"daily_deaths",2,2,2,3,2,3,3,3
"Utah","linear_increase_sd","Past",2021-04-30,"daily_hosps",46,46,46,59,48,81,81,81
"Utah","return_normal","Past",2021-04-30,"daily_hosps",46,46,46,59,48,81,81,81
"Utah","status_quo","Past",2021-04-30,"daily_hosps",46,46,46,59,48,81,81,81
"Utah","linear_increase_sd","Past",2021-04-30,"latent_trend",NA,NA,NA,0.776385007781777,NA,NA,NA,NA
"Utah","return_normal","Past",2021-04-30,"latent_trend",NA,NA,NA,0.776385007781777,NA,NA,NA,NA
"Utah","status_quo","Past",2021-04-30,"latent_trend",NA,NA,NA,0.776385007781777,NA,NA,NA,NA
"Utah","linear_increase_sd","Past",2021-04-30,"mobility_trend",NA,NA,NA,0.690367086308715,NA,NA,NA,NA
"Utah","return_normal","Past",2021-04-30,"mobility_trend",NA,NA,NA,0.690367086308715,NA,NA,NA,NA
"Utah","status_quo","Past",2021-04-30,"mobility_trend",NA,NA,NA,0.690367086308715,NA,NA,NA,NA
"Utah",NA,"Past",2021-05-01,"actual_cumulative_cases",NA,NA,NA,397733,NA,NA,NA,NA
"Utah",NA,"Past",2021-05-01,"actual_cumulative_deaths",NA,NA,NA,2208,NA,NA,NA,NA
"Utah",NA,"Past",2021-05-01,"actual_daily_cases",NA,NA,NA,410,NA,NA,NA,NA
"Utah",NA,"Past",2021-05-01,"actual_daily_deaths",NA,NA,NA,1,NA,NA,NA,NA
"Utah","linear_increase_sd","Past",2021-05-01,"combined_trend",NA,NA,NA,0.535769000735519,NA,NA,NA,NA
"Utah","return_normal","Past",2021-05-01,"combined_trend",NA,NA,NA,0.535769000735519,NA,NA,NA,NA
"Utah","status_quo","Past",2021-05-01,"combined_trend",NA,NA,NA,0.535769000735519,NA,NA,NA,NA
"Utah","linear_increase_sd","Past",2021-05-01,"cumulative_all_infections",1080384,1080384,1080384,1092882,1090986,1107275,1107275,1107275
"Utah","return_normal","Past",2021-05-01,"cumulative_all_infections",1080384,1080384,1080384,1092882,1090986,1107275,1107275,1107275
"Utah","status_quo","Past",2021-05-01,"cumulative_all_infections",1080384,1080384,1080384,1092882,1090986,1107275,1107275,1107275
"Utah","linear_increase_sd","Past",2021-05-01,"cumulative_cases",403923,403923,403923,408936,409291,413593,413593,413593
"Utah","return_normal","Past",2021-05-01,"cumulative_cases",403923,403923,403923,408936,409291,413593,413593,413593
"Utah","status_quo","Past",2021-05-01,"cumulative_cases",403923,403923,403923,408936,409291,413593,413593,413593
"Utah","linear_increase_sd","Past",2021-05-01,"cumulative_deaths",2469,2469,2469,2499,2505,2522,2522,2522
"Utah","return_normal","Past",2021-05-01,"cumulative_deaths",2469,2469,2469,2499,2505,2522,2522,2522
"Utah","status_quo","Past",2021-05-01,"cumulative_deaths",2469,2469,2469,2499,2505,2522,2522,2522
"Utah","linear_increase_sd","Past",2021-05-01,"cumulative_hosps",48040,48040,48040,48657,48664,49265,49265,49265
"Utah","return_normal","Past",2021-05-01,"cumulative_hosps",48040,48040,48040,48657,48664,49265,49265,49265
"Utah","status_quo","Past",2021-05-01,"cumulative_hosps",48040,48040,48040,48657,48664,49265,49265,49265
"Utah","linear_increase_sd","Past",2021-05-01,"daily_all_infections",642,642,642,1029,1006,1438,1438,1438
"Utah","return_normal","Past",2021-05-01,"daily_all_infections",642,642,642,1029,1006,1438,1438,1438
"Utah","status_quo","Past",2021-05-01,"daily_all_infections",642,642,642,1029,1006,1438,1438,1438
"Utah","linear_increase_sd","Past",2021-05-01,"daily_cases",402,402,402,454,472,487,487,487
"Utah","return_normal","Past",2021-05-01,"daily_cases",402,402,402,454,472,487,487,487
"Utah","status_quo","Past",2021-05-01,"daily_cases",402,402,402,454,472,487,487,487
"Utah","linear_increase_sd","Past",2021-05-01,"daily_deaths",2,2,2,3,2,3,3,3
"Utah","return_normal","Past",2021-05-01,"daily_deaths",2,2,2,3,2,3,3,3
"Utah","status_quo","Past",2021-05-01,"daily_deaths",2,2,2,3,2,3,3,3
"Utah","linear_increase_sd","Past",2021-05-01,"daily_hosps",47,47,47,59,50,80,80,80
"Utah","return_normal","Past",2021-05-01,"daily_hosps",47,47,47,59,50,80,80,80
"Utah","status_quo","Past",2021-05-01,"daily_hosps",47,47,47,59,50,80,80,80
"Utah","linear_increase_sd","Past",2021-05-01,"latent_trend",NA,NA,NA,0.781078698424307,NA,NA,NA,NA
"Utah","return_normal","Past",2021-05-01,"latent_trend",NA,NA,NA,0.781078698424307,NA,NA,NA,NA
"Utah","status_quo","Past",2021-05-01,"latent_trend",NA,NA,NA,0.781078698424307,NA,NA,NA,NA
"Utah","linear_increase_sd","Past",2021-05-01,"mobility_trend",NA,NA,NA,0.685934723116046,NA,NA,NA,NA
"Utah","return_normal","Past",2021-05-01,"mobility_trend",NA,NA,NA,0.685934723116046,NA,NA,NA,NA
"Utah","status_quo","Past",2021-05-01,"mobility_trend",NA,NA,NA,0.685934723116046,NA,NA,NA,NA
"Utah",NA,"Past",2021-05-02,"actual_cumulative_cases",NA,NA,NA,398012,NA,NA,NA,NA
"Utah",NA,"Past",2021-05-02,"actual_cumulative_deaths",NA,NA,NA,2209,NA,NA,NA,NA
"Utah",NA,"Past",2021-05-02,"actual_daily_cases",NA,NA,NA,279,NA,NA,NA,NA
"Utah",NA,"Past",2021-05-02,"actual_daily_deaths",NA,NA,NA,1,NA,NA,NA,NA
"Utah","linear_increase_sd","Past",2021-05-02,"combined_trend",NA,NA,NA,0.535739252440609,NA,NA,NA,NA
"Utah","return_normal","Past",2021-05-02,"combined_trend",NA,NA,NA,0.535739252440609,NA,NA,NA,NA
"Utah","status_quo","Past",2021-05-02,"combined_trend",NA,NA,NA,0.535739252440609,NA,NA,NA,NA
"Utah","linear_increase_sd","Past",2021-05-02,"cumulative_all_infections",1081863,1081863,1081863,1093912,1092002,1107870,1107870,1107870
"Utah","return_normal","Past",2021-05-02,"cumulative_all_infections",1081863,1081863,1081863,1093912,1092002,1107870,1107870,1107870
"Utah","status_quo","Past",2021-05-02,"cumulative_all_infections",1081863,1081863,1081863,1093912,1092002,1107870,1107870,1107870
"Utah","linear_increase_sd","Past",2021-05-02,"cumulative_cases",404429,404429,404429,409377,409687,414015,414015,414015
"Utah","return_normal","Past",2021-05-02,"cumulative_cases",404429,404429,404429,409377,409687,414015,414015,414015
"Utah","status_quo","Past",2021-05-02,"cumulative_cases",404429,404429,404429,409377,409687,414015,414015,414015
"Utah","linear_increase_sd","Past",2021-05-02,"cumulative_deaths",2471,2471,2471,2501,2508,2524,2524,2524
"Utah","return_normal","Past",2021-05-02,"cumulative_deaths",2471,2471,2471,2501,2508,2524,2524,2524
"Utah","status_quo","Past",2021-05-02,"cumulative_deaths",2471,2471,2471,2501,2508,2524,2524,2524
"Utah","linear_increase_sd","Past",2021-05-02,"cumulative_hosps",48091,48091,48091,48714,48710,49341,49341,49341
"Utah","return_normal","Past",2021-05-02,"cumulative_hosps",48091,48091,48091,48714,48710,49341,49341,49341
"Utah","status_quo","Past",2021-05-02,"cumulative_hosps",48091,48091,48091,48714,48710,49341,49341,49341
"Utah","linear_increase_sd","Past",2021-05-02,"daily_all_infections",595,595,595,1030,1016,1479,1479,1479
"Utah","return_normal","Past",2021-05-02,"daily_all_infections",595,595,595,1030,1016,1479,1479,1479
"Utah","status_quo","Past",2021-05-02,"daily_all_infections",595,595,595,1030,1016,1479,1479,1479
"Utah","linear_increase_sd","Past",2021-05-02,"daily_cases",396,396,396,442,422,506,506,506
"Utah","return_normal","Past",2021-05-02,"daily_cases",396,396,396,442,422,506,506,506
"Utah","status_quo","Past",2021-05-02,"daily_cases",396,396,396,442,422,506,506,506
"Utah","linear_increase_sd","Past",2021-05-02,"daily_deaths",2,2,2,3,2,3,3,3
"Utah","return_normal","Past",2021-05-02,"daily_deaths",2,2,2,3,2,3,3,3
"Utah","status_quo","Past",2021-05-02,"daily_deaths",2,2,2,3,2,3,3,3
"Utah","linear_increase_sd","Past",2021-05-02,"daily_hosps",46,46,46,58,51,76,76,76
"Utah","return_normal","Past",2021-05-02,"daily_hosps",46,46,46,58,51,76,76,76
"Utah","status_quo","Past",2021-05-02,"daily_hosps",46,46,46,58,51,76,76,76
"Utah","linear_increase_sd","Past",2021-05-02,"latent_trend",NA,NA,NA,0.785940624100515,NA,NA,NA,NA
"Utah","return_normal","Past",2021-05-02,"latent_trend",NA,NA,NA,0.785940624100515,NA,NA,NA,NA
"Utah","status_quo","Past",2021-05-02,"latent_trend",NA,NA,NA,0.785940624100515,NA,NA,NA,NA
"Utah","linear_increase_sd","Past",2021-05-02,"mobility_trend",NA,NA,NA,0.681653595720091,NA,NA,NA,NA
"Utah","return_normal","Past",2021-05-02,"mobility_trend",NA,NA,NA,0.681653595720091,NA,NA,NA,NA
"Utah","status_quo","Past",2021-05-02,"mobility_trend",NA,NA,NA,0.681653595720091,NA,NA,NA,NA
"Utah",NA,"Past",2021-05-03,"actual_cumulative_cases",NA,NA,NA,398240,NA,NA,NA,NA
"Utah",NA,"Past",2021-05-03,"actual_cumulative_deaths",NA,NA,NA,2209,NA,NA,NA,NA
"Utah",NA,"Past",2021-05-03,"actual_daily_cases",NA,NA,NA,228,NA,NA,NA,NA
"Utah",NA,"Past",2021-05-03,"actual_daily_deaths",NA,NA,NA,0,NA,NA,NA,NA
"Utah","linear_increase_sd","Past",2021-05-03,"combined_trend",NA,NA,NA,0.535893695035813,NA,NA,NA,NA
"Utah","return_normal","Past",2021-05-03,"combined_trend",NA,NA,NA,0.535893695035813,NA,NA,NA,NA
"Utah","status_quo","Past",2021-05-03,"combined_trend",NA,NA,NA,0.535893695035813,NA,NA,NA,NA
"Utah","linear_increase_sd","Past",2021-05-03,"cumulative_all_infections",1083368,1083368,1083368,1094933,1093020,1108411,1108411,1108411
"Utah","return_normal","Past",2021-05-03,"cumulative_all_infections",1083368,1083368,1083368,1094933,1093020,1108411,1108411,1108411
"Utah","status_quo","Past",2021-05-03,"cumulative_all_infections",1083368,1083368,1083368,1094933,1093020,1108411,1108411,1108411
"Utah","linear_increase_sd","Past",2021-05-03,"cumulative_cases",404922,404922,404922,409796,410083,414382,414382,414382
"Utah","return_normal","Past",2021-05-03,"cumulative_cases",404922,404922,404922,409796,410083,414382,414382,414382
"Utah","status_quo","Past",2021-05-03,"cumulative_cases",404922,404922,404922,409796,410083,414382,414382,414382
"Utah","linear_increase_sd","Past",2021-05-03,"cumulative_deaths",2473,2473,2473,2504,2511,2526,2526,2526
"Utah","return_normal","Past",2021-05-03,"cumulative_deaths",2473,2473,2473,2504,2511,2526,2526,2526
"Utah","status_quo","Past",2021-05-03,"cumulative_deaths",2473,2473,2473,2504,2511,2526,2526,2526
"Utah","linear_increase_sd","Past",2021-05-03,"cumulative_hosps",48143,48143,48143,48771,48756,49414,49414,49414
"Utah","return_normal","Past",2021-05-03,"cumulative_hosps",48143,48143,48143,48771,48756,49414,49414,49414
"Utah","status_quo","Past",2021-05-03,"cumulative_hosps",48143,48143,48143,48771,48756,49414,49414,49414
"Utah","linear_increase_sd","Past",2021-05-03,"daily_all_infections",541,541,541,1022,1018,1505,1505,1505
"Utah","return_normal","Past",2021-05-03,"daily_all_infections",541,541,541,1022,1018,1505,1505,1505
"Utah","status_quo","Past",2021-05-03,"daily_all_infections",541,541,541,1022,1018,1505,1505,1505
"Utah","linear_increase_sd","Past",2021-05-03,"daily_cases",367,367,367,419,396,493,493,493
"Utah","return_normal","Past",2021-05-03,"daily_cases",367,367,367,419,396,493,493,493
"Utah","status_quo","Past",2021-05-03,"daily_cases",367,367,367,419,396,493,493,493
"Utah","linear_increase_sd","Past",2021-05-03,"daily_deaths",2,2,2,3,2,3,3,3
"Utah","return_normal","Past",2021-05-03,"daily_deaths",2,2,2,3,2,3,3,3
"Utah","status_quo","Past",2021-05-03,"daily_deaths",2,2,2,3,2,3,3,3
"Utah","linear_increase_sd","Past",2021-05-03,"daily_hosps",46,46,46,57,52,73,73,73
"Utah","return_normal","Past",2021-05-03,"daily_hosps",46,46,46,57,52,73,73,73
"Utah","status_quo","Past",2021-05-03,"daily_hosps",46,46,46,57,52,73,73,73
"Utah","linear_increase_sd","Past",2021-05-03,"latent_trend",NA,NA,NA,0.790992473681547,NA,NA,NA,NA
"Utah","return_normal","Past",2021-05-03,"latent_trend",NA,NA,NA,0.790992473681547,NA,NA,NA,NA
"Utah","status_quo","Past",2021-05-03,"latent_trend",NA,NA,NA,0.790992473681547,NA,NA,NA,NA
"Utah","linear_increase_sd","Past",2021-05-03,"mobility_trend",NA,NA,NA,0.677495314894188,NA,NA,NA,NA
"Utah","return_normal","Past",2021-05-03,"mobility_trend",NA,NA,NA,0.677495314894188,NA,NA,NA,NA
"Utah","status_quo","Past",2021-05-03,"mobility_trend",NA,NA,NA,0.677495314894188,NA,NA,NA,NA
"Utah",NA,"Past",2021-05-04,"actual_cumulative_cases",NA,NA,NA,398499,NA,NA,NA,NA
"Utah",NA,"Past",2021-05-04,"actual_cumulative_deaths",NA,NA,NA,2222,NA,NA,NA,NA
"Utah",NA,"Past",2021-05-04,"actual_daily_cases",NA,NA,NA,259,NA,NA,NA,NA
"Utah",NA,"Past",2021-05-04,"actual_daily_deaths",NA,NA,NA,13,NA,NA,NA,NA
"Utah","linear_increase_sd","Past",2021-05-04,"combined_trend",NA,NA,NA,0.536221799125626,NA,NA,NA,NA
"Utah","return_normal","Past",2021-05-04,"combined_trend",NA,NA,NA,0.536221799125626,NA,NA,NA,NA
"Utah","status_quo","Past",2021-05-04,"combined_trend",NA,NA,NA,0.536221799125626,NA,NA,NA,NA
"Utah","linear_increase_sd","Past",2021-05-04,"cumulative_all_infections",1084917,1084917,1084917,1095960,1094041,1108921,1108921,1108921
"Utah","return_normal","Past",2021-05-04,"cumulative_all_infections",1084917,1084917,1084917,1095960,1094041,1108921,1108921,1108921
"Utah","status_quo","Past",2021-05-04,"cumulative_all_infections",1084917,1084917,1084917,1095960,1094041,1108921,1108921,1108921
"Utah","linear_increase_sd","Past",2021-05-04,"cumulative_cases",405413,405413,405413,410204,410468,414730,414730,414730
"Utah","return_normal","Past",2021-05-04,"cumulative_cases",405413,405413,405413,410204,410468,414730,414730,414730
"Utah","status_quo","Past",2021-05-04,"cumulative_cases",405413,405413,405413,410204,410468,414730,414730,414730
"Utah","linear_increase_sd","Past",2021-05-04,"cumulative_deaths",2475,2475,2475,2506,2514,2528,2528,2528
"Utah","return_normal","Past",2021-05-04,"cumulative_deaths",2475,2475,2475,2506,2514,2528,2528,2528
"Utah","status_quo","Past",2021-05-04,"cumulative_deaths",2475,2475,2475,2506,2514,2528,2528,2528
"Utah","linear_increase_sd","Past",2021-05-04,"cumulative_hosps",48196,48196,48196,48828,48804,49483,49483,49483
"Utah","return_normal","Past",2021-05-04,"cumulative_hosps",48196,48196,48196,48828,48804,49483,49483,49483
"Utah","status_quo","Past",2021-05-04,"cumulative_hosps",48196,48196,48196,48828,48804,49483,49483,49483
"Utah","linear_increase_sd","Past",2021-05-04,"daily_all_infections",510,510,510,1027,1021,1549,1549,1549
"Utah","return_normal","Past",2021-05-04,"daily_all_infections",510,510,510,1027,1021,1549,1549,1549
"Utah","status_quo","Past",2021-05-04,"daily_all_infections",510,510,510,1027,1021,1549,1549,1549
"Utah","linear_increase_sd","Past",2021-05-04,"daily_cases",348,348,348,408,385,491,491,491
"Utah","return_normal","Past",2021-05-04,"daily_cases",348,348,348,408,385,491,491,491
"Utah","status_quo","Past",2021-05-04,"daily_cases",348,348,348,408,385,491,491,491
"Utah","linear_increase_sd","Past",2021-05-04,"daily_deaths",2,2,2,3,2,3,3,3
"Utah","return_normal","Past",2021-05-04,"daily_deaths",2,2,2,3,2,3,3,3
"Utah","status_quo","Past",2021-05-04,"daily_deaths",2,2,2,3,2,3,3,3
"Utah","linear_increase_sd","Past",2021-05-04,"daily_hosps",48,48,48,57,53,69,69,69
"Utah","return_normal","Past",2021-05-04,"daily_hosps",48,48,48,57,53,69,69,69
"Utah","status_quo","Past",2021-05-04,"daily_hosps",48,48,48,57,53,69,69,69
"Utah","linear_increase_sd","Past",2021-05-04,"latent_trend",NA,NA,NA,0.796252931388129,NA,NA,NA,NA
"Utah","return_normal","Past",2021-05-04,"latent_trend",NA,NA,NA,0.796252931388129,NA,NA,NA,NA
"Utah","status_quo","Past",2021-05-04,"latent_trend",NA,NA,NA,0.796252931388129,NA,NA,NA,NA
"Utah","linear_increase_sd","Past",2021-05-04,"mobility_trend",NA,NA,NA,0.673431491411675,NA,NA,NA,NA
"Utah","return_normal","Past",2021-05-04,"mobility_trend",NA,NA,NA,0.673431491411675,NA,NA,NA,NA
"Utah","status_quo","Past",2021-05-04,"mobility_trend",NA,NA,NA,0.673431491411675,NA,NA,NA,NA
"Utah",NA,"Past",2021-05-05,"actual_cumulative_cases",NA,NA,NA,398979,NA,NA,NA,NA
"Utah",NA,"Past",2021-05-05,"actual_cumulative_deaths",NA,NA,NA,2224,NA,NA,NA,NA
"Utah",NA,"Past",2021-05-05,"actual_daily_cases",NA,NA,NA,480,NA,NA,NA,NA
"Utah",NA,"Past",2021-05-05,"actual_daily_deaths",NA,NA,NA,2,NA,NA,NA,NA
"Utah","linear_increase_sd","Past",2021-05-05,"combined_trend",NA,NA,NA,0.536711869486448,NA,NA,NA,NA
"Utah","return_normal","Past",2021-05-05,"combined_trend",NA,NA,NA,0.536711869486448,NA,NA,NA,NA
"Utah","status_quo","Past",2021-05-05,"combined_trend",NA,NA,NA,0.536711869486448,NA,NA,NA,NA
"Utah","linear_increase_sd","Past",2021-05-05,"cumulative_all_infections",1086498,1086498,1086498,1096993,1095065,1109414,1109414,1109414
"Utah","return_normal","Past",2021-05-05,"cumulative_all_infections",1086498,1086498,1086498,1096993,1095065,1109414,1109414,1109414
"Utah","status_quo","Past",2021-05-05,"cumulative_all_infections",1086498,1086498,1086498,1096993,1095065,1109414,1109414,1109414
"Utah","linear_increase_sd","Past",2021-05-05,"cumulative_cases",405907,405907,405907,410614,410882,415052,415052,415052
"Utah","return_normal","Past",2021-05-05,"cumulative_cases",405907,405907,405907,410614,410882,415052,415052,415052
"Utah","status_quo","Past",2021-05-05,"cumulative_cases",405907,405907,405907,410614,410882,415052,415052,415052
"Utah","linear_increase_sd","Past",2021-05-05,"cumulative_deaths",2477,2477,2477,2508,2516,2530,2530,2530
"Utah","return_normal","Past",2021-05-05,"cumulative_deaths",2477,2477,2477,2508,2516,2530,2530,2530
"Utah","status_quo","Past",2021-05-05,"cumulative_deaths",2477,2477,2477,2508,2516,2530,2530,2530
"Utah","linear_increase_sd","Past",2021-05-05,"cumulative_hosps",48250,48250,48250,48883,48850,49548,49548,49548
"Utah","return_normal","Past",2021-05-05,"cumulative_hosps",48250,48250,48250,48883,48850,49548,49548,49548
"Utah","status_quo","Past",2021-05-05,"cumulative_hosps",48250,48250,48250,48883,48850,49548,49548,49548
"Utah","linear_increase_sd","Past",2021-05-05,"daily_all_infections",493,493,493,1033,1024,1581,1581,1581
"Utah","return_normal","Past",2021-05-05,"daily_all_infections",493,493,493,1033,1024,1581,1581,1581
"Utah","status_quo","Past",2021-05-05,"daily_all_infections",493,493,493,1033,1024,1581,1581,1581
"Utah","linear_increase_sd","Past",2021-05-05,"daily_cases",322,322,322,410,414,494,494,494
"Utah","return_normal","Past",2021-05-05,"daily_cases",322,322,322,410,414,494,494,494
"Utah","status_quo","Past",2021-05-05,"daily_cases",322,322,322,410,414,494,494,494
"Utah","linear_increase_sd","Past",2021-05-05,"daily_deaths",2,2,2,2,2,2,2,2
"Utah","return_normal","Past",2021-05-05,"daily_deaths",2,2,2,2,2,2,2,2
"Utah","status_quo","Past",2021-05-05,"daily_deaths",2,2,2,2,2,2,2,2
"Utah","linear_increase_sd","Past",2021-05-05,"daily_hosps",46,46,46,55,54,65,65,65
"Utah","return_normal","Past",2021-05-05,"daily_hosps",46,46,46,55,54,65,65,65
"Utah","status_quo","Past",2021-05-05,"daily_hosps",46,46,46,55,54,65,65,65
"Utah","linear_increase_sd","Past",2021-05-05,"latent_trend",NA,NA,NA,0.801737383982009,NA,NA,NA,NA
"Utah","return_normal","Past",2021-05-05,"latent_trend",NA,NA,NA,0.801737383982009,NA,NA,NA,NA
"Utah","status_quo","Past",2021-05-05,"latent_trend",NA,NA,NA,0.801737383982009,NA,NA,NA,NA
"Utah","linear_increase_sd","Past",2021-05-05,"mobility_trend",NA,NA,NA,0.669436002623139,NA,NA,NA,NA
"Utah","return_normal","Past",2021-05-05,"mobility_trend",NA,NA,NA,0.669436002623139,NA,NA,NA,NA
"Utah","status_quo","Past",2021-05-05,"mobility_trend",NA,NA,NA,0.669436002623139,NA,NA,NA,NA
"Utah",NA,"Past",2021-05-06,"actual_cumulative_cases",NA,NA,NA,399374,NA,NA,NA,NA
"Utah",NA,"Past",2021-05-06,"actual_cumulative_deaths",NA,NA,NA,2224,NA,NA,NA,NA
"Utah",NA,"Past",2021-05-06,"actual_daily_cases",NA,NA,NA,395,NA,NA,NA,NA
"Utah",NA,"Past",2021-05-06,"actual_daily_deaths",NA,NA,NA,0,NA,NA,NA,NA
"Utah","linear_increase_sd","Past",2021-05-06,"combined_trend",NA,NA,NA,0.537356413574247,NA,NA,NA,NA
"Utah","return_normal","Past",2021-05-06,"combined_trend",NA,NA,NA,0.537356413574247,NA,NA,NA,NA
"Utah","status_quo","Past",2021-05-06,"combined_trend",NA,NA,NA,0.537356413574247,NA,NA,NA,NA
"Utah","linear_increase_sd","Past",2021-05-06,"cumulative_all_infections",1088104,1088104,1088104,1098032,1096091,1109899,1109899,1109899
"Utah","return_normal","Past",2021-05-06,"cumulative_all_infections",1088104,1088104,1088104,1098032,1096091,1109899,1109899,1109899
"Utah","status_quo","Past",2021-05-06,"cumulative_all_infections",1088104,1088104,1088104,1098032,1096091,1109899,1109899,1109899
"Utah","linear_increase_sd","Past",2021-05-06,"cumulative_cases",406471,406471,406471,411027,411266,415343,415343,415343
"Utah","return_normal","Past",2021-05-06,"cumulative_cases",406471,406471,406471,411027,411266,415343,415343,415343
"Utah","status_quo","Past",2021-05-06,"cumulative_cases",406471,406471,406471,411027,411266,415343,415343,415343
"Utah","linear_increase_sd","Past",2021-05-06,"cumulative_deaths",2479,2479,2479,2510,2519,2532,2532,2532
"Utah","return_normal","Past",2021-05-06,"cumulative_deaths",2479,2479,2479,2510,2519,2532,2532,2532
"Utah","status_quo","Past",2021-05-06,"cumulative_deaths",2479,2479,2479,2510,2519,2532,2532,2532
"Utah","linear_increase_sd","Past",2021-05-06,"cumulative_hosps",48307,48307,48307,48937,48896,49608,49608,49608
"Utah","return_normal","Past",2021-05-06,"cumulative_hosps",48307,48307,48307,48937,48896,49608,49608,49608
"Utah","status_quo","Past",2021-05-06,"cumulative_hosps",48307,48307,48307,48937,48896,49608,49608,49608
"Utah","linear_increase_sd","Past",2021-05-06,"daily_all_infections",485,485,485,1039,1026,1606,1606,1606
"Utah","return_normal","Past",2021-05-06,"daily_all_infections",485,485,485,1039,1026,1606,1606,1606
"Utah","status_quo","Past",2021-05-06,"daily_all_infections",485,485,485,1039,1026,1606,1606,1606
"Utah","linear_increase_sd","Past",2021-05-06,"daily_cases",291,291,291,413,384,564,564,564
"Utah","return_normal","Past",2021-05-06,"daily_cases",291,291,291,413,384,564,564,564
"Utah","status_quo","Past",2021-05-06,"daily_cases",291,291,291,413,384,564,564,564
"Utah","linear_increase_sd","Past",2021-05-06,"daily_deaths",2,2,2,3,2,3,3,3
"Utah","return_normal","Past",2021-05-06,"daily_deaths",2,2,2,3,2,3,3,3
"Utah","status_quo","Past",2021-05-06,"daily_deaths",2,2,2,3,2,3,3,3
"Utah","linear_increase_sd","Past",2021-05-06,"daily_hosps",46,46,46,55,57,60,60,60
"Utah","return_normal","Past",2021-05-06,"daily_hosps",46,46,46,55,57,60,60,60
"Utah","status_quo","Past",2021-05-06,"daily_hosps",46,46,46,55,57,60,60,60
"Utah","linear_increase_sd","Past",2021-05-06,"latent_trend",NA,NA,NA,0.807457612373239,NA,NA,NA,NA
"Utah","return_normal","Past",2021-05-06,"latent_trend",NA,NA,NA,0.807457612373239,NA,NA,NA,NA
"Utah","status_quo","Past",2021-05-06,"latent_trend",NA,NA,NA,0.807457612373239,NA,NA,NA,NA
"Utah","linear_increase_sd","Past",2021-05-06,"mobility_trend",NA,NA,NA,0.665491792188169,NA,NA,NA,NA
"Utah","return_normal","Past",2021-05-06,"mobility_trend",NA,NA,NA,0.665491792188169,NA,NA,NA,NA
"Utah","status_quo","Past",2021-05-06,"mobility_trend",NA,NA,NA,0.665491792188169,NA,NA,NA,NA
"Utah",NA,"Past",2021-05-07,"actual_cumulative_cases",NA,NA,NA,399760,NA,NA,NA,NA
"Utah",NA,"Past",2021-05-07,"actual_cumulative_deaths",NA,NA,NA,2228,NA,NA,NA,NA
"Utah",NA,"Past",2021-05-07,"actual_daily_cases",NA,NA,NA,386,NA,NA,NA,NA
"Utah",NA,"Past",2021-05-07,"actual_daily_deaths",NA,NA,NA,4,NA,NA,NA,NA
"Utah","linear_increase_sd","Past",2021-05-07,"combined_trend",NA,NA,NA,0.538146690927083,NA,NA,NA,NA
"Utah","return_normal","Past",2021-05-07,"combined_trend",NA,NA,NA,0.538146690927083,NA,NA,NA,NA
"Utah","status_quo","Past",2021-05-07,"combined_trend",NA,NA,NA,0.538146690927083,NA,NA,NA,NA
"Utah","linear_increase_sd","Past",2021-05-07,"cumulative_all_infections",1089741,1089741,1089741,1099082,1097115,1110389,1110389,1110389
"Utah","return_normal","Past",2021-05-07,"cumulative_all_infections",1089741,1089741,1089741,1099082,1097115,1110389,1110389,1110389
"Utah","status_quo","Past",2021-05-07,"cumulative_all_infections",1089741,1089741,1089741,1099082,1097115,1110389,1110389,1110389
"Utah","linear_increase_sd","Past",2021-05-07,"cumulative_cases",406999,406999,406999,411424,411662,415611,415611,415611
"Utah","return_normal","Past",2021-05-07,"cumulative_cases",406999,406999,406999,411424,411662,415611,415611,415611
"Utah","status_quo","Past",2021-05-07,"cumulative_cases",406999,406999,406999,411424,411662,415611,415611,415611
"Utah","linear_increase_sd","Past",2021-05-07,"cumulative_deaths",2481,2481,2481,2513,2522,2534,2534,2534
"Utah","return_normal","Past",2021-05-07,"cumulative_deaths",2481,2481,2481,2513,2522,2534,2534,2534
"Utah","status_quo","Past",2021-05-07,"cumulative_deaths",2481,2481,2481,2513,2522,2534,2534,2534
"Utah","linear_increase_sd","Past",2021-05-07,"cumulative_hosps",48364,48364,48364,48990,48942,49664,49664,49664
"Utah","return_normal","Past",2021-05-07,"cumulative_hosps",48364,48364,48364,48990,48942,49664,49664,49664
"Utah","status_quo","Past",2021-05-07,"cumulative_hosps",48364,48364,48364,48990,48942,49664,49664,49664
"Utah","linear_increase_sd","Past",2021-05-07,"daily_all_infections",490,490,490,1051,1024,1637,1637,1637
"Utah","return_normal","Past",2021-05-07,"daily_all_infections",490,490,490,1051,1024,1637,1637,1637
"Utah","status_quo","Past",2021-05-07,"daily_all_infections",490,490,490,1051,1024,1637,1637,1637
"Utah","linear_increase_sd","Past",2021-05-07,"daily_cases",268,268,268,398,396,528,528,528
"Utah","return_normal","Past",2021-05-07,"daily_cases",268,268,268,398,396,528,528,528
"Utah","status_quo","Past",2021-05-07,"daily_cases",268,268,268,398,396,528,528,528
"Utah","linear_increase_sd","Past",2021-05-07,"daily_deaths",2,2,2,3,2,3,3,3
"Utah","return_normal","Past",2021-05-07,"daily_deaths",2,2,2,3,2,3,3,3
"Utah","status_quo","Past",2021-05-07,"daily_deaths",2,2,2,3,2,3,3,3
"Utah","linear_increase_sd","Past",2021-05-07,"daily_hosps",46,46,46,53,56,57,57,57
"Utah","return_normal","Past",2021-05-07,"daily_hosps",46,46,46,53,56,57,57,57
"Utah","status_quo","Past",2021-05-07,"daily_hosps",46,46,46,53,56,57,57,57
"Utah","linear_increase_sd","Past",2021-05-07,"latent_trend",NA,NA,NA,0.813421475894342,NA,NA,NA,NA
"Utah","return_normal","Past",2021-05-07,"latent_trend",NA,NA,NA,0.813421475894342,NA,NA,NA,NA
"Utah","status_quo","Past",2021-05-07,"latent_trend",NA,NA,NA,0.813421475894342,NA,NA,NA,NA
"Utah","linear_increase_sd","Past",2021-05-07,"mobility_trend",NA,NA,NA,0.661584070343607,NA,NA,NA,NA
"Utah","return_normal","Past",2021-05-07,"mobility_trend",NA,NA,NA,0.661584070343607,NA,NA,NA,NA
"Utah","status_quo","Past",2021-05-07,"mobility_trend",NA,NA,NA,0.661584070343607,NA,NA,NA,NA
"Utah",NA,"Past",2021-05-08,"actual_cumulative_cases",NA,NA,NA,400120,NA,NA,NA,NA
"Utah",NA,"Past",2021-05-08,"actual_cumulative_deaths",NA,NA,NA,2228,NA,NA,NA,NA
"Utah",NA,"Past",2021-05-08,"actual_daily_cases",NA,NA,NA,360,NA,NA,NA,NA
"Utah",NA,"Past",2021-05-08,"actual_daily_deaths",NA,NA,NA,0,NA,NA,NA,NA
"Utah","linear_increase_sd","Past",2021-05-08,"combined_trend",NA,NA,NA,0.539070760236077,NA,NA,NA,NA
"Utah","return_normal","Past",2021-05-08,"combined_trend",NA,NA,NA,0.539070760236077,NA,NA,NA,NA
"Utah","status_quo","Past",2021-05-08,"combined_trend",NA,NA,NA,0.539070760236077,NA,NA,NA,NA
"Utah","linear_increase_sd","Past",2021-05-08,"cumulative_all_infections",1091385,1091385,1091385,1100139,1098141,1110891,1110891,1110891
"Utah","return_normal","Past",2021-05-08,"cumulative_all_infections",1091385,1091385,1091385,1100139,1098141,1110891,1110891,1110891
"Utah","status_quo","Past",2021-05-08,"cumulative_all_infections",1091385,1091385,1091385,1100139,1098141,1110891,1110891,1110891
"Utah","linear_increase_sd","Past",2021-05-08,"cumulative_cases",407564,407564,407564,411827,412060,415857,415857,415857
"Utah","return_normal","Past",2021-05-08,"cumulative_cases",407564,407564,407564,411827,412060,415857,415857,415857
"Utah","status_quo","Past",2021-05-08,"cumulative_cases",407564,407564,407564,411827,412060,415857,415857,415857
"Utah","linear_increase_sd","Past",2021-05-08,"cumulative_deaths",2483,2483,2483,2515,2525,2536,2536,2536
"Utah","return_normal","Past",2021-05-08,"cumulative_deaths",2483,2483,2483,2515,2525,2536,2536,2536
"Utah","status_quo","Past",2021-05-08,"cumulative_deaths",2483,2483,2483,2515,2525,2536,2536,2536
"Utah","linear_increase_sd","Past",2021-05-08,"cumulative_hosps",48425,48425,48425,49044,48989,49716,49716,49716
"Utah","return_normal","Past",2021-05-08,"cumulative_hosps",48425,48425,48425,49044,48989,49716,49716,49716
"Utah","status_quo","Past",2021-05-08,"cumulative_hosps",48425,48425,48425,49044,48989,49716,49716,49716
"Utah","linear_increase_sd","Past",2021-05-08,"daily_all_infections",502,502,502,1058,1026,1644,1644,1644
"Utah","return_normal","Past",2021-05-08,"daily_all_infections",502,502,502,1058,1026,1644,1644,1644
"Utah","status_quo","Past",2021-05-08,"daily_all_infections",502,502,502,1058,1026,1644,1644,1644
"Utah","linear_increase_sd","Past",2021-05-08,"daily_cases",246,246,246,403,398,565,565,565
"Utah","return_normal","Past",2021-05-08,"daily_cases",246,246,246,403,398,565,565,565
"Utah","status_quo","Past",2021-05-08,"daily_cases",246,246,246,403,398,565,565,565
"Utah","linear_increase_sd","Past",2021-05-08,"daily_deaths",2,2,2,3,2,3,3,3
"Utah","return_normal","Past",2021-05-08,"daily_deaths",2,2,2,3,2,3,3,3
"Utah","status_quo","Past",2021-05-08,"daily_deaths",2,2,2,3,2,3,3,3
"Utah","linear_increase_sd","Past",2021-05-08,"daily_hosps",47,47,47,54,52,61,61,61
"Utah","return_normal","Past",2021-05-08,"daily_hosps",47,47,47,54,52,61,61,61
"Utah","status_quo","Past",2021-05-08,"daily_hosps",47,47,47,54,52,61,61,61
"Utah","linear_increase_sd","Past",2021-05-08,"latent_trend",NA,NA,NA,0.819632599530339,NA,NA,NA,NA
"Utah","return_normal","Past",2021-05-08,"latent_trend",NA,NA,NA,0.819632599530339,NA,NA,NA,NA
"Utah","status_quo","Past",2021-05-08,"latent_trend",NA,NA,NA,0.819632599530339,NA,NA,NA,NA
"Utah","linear_increase_sd","Past",2021-05-08,"mobility_trend",NA,NA,NA,0.657698047326292,NA,NA,NA,NA
"Utah","return_normal","Past",2021-05-08,"mobility_trend",NA,NA,NA,0.657698047326292,NA,NA,NA,NA
"Utah","status_quo","Past",2021-05-08,"mobility_trend",NA,NA,NA,0.657698047326292,NA,NA,NA,NA
"Utah",NA,"Past",2021-05-09,"actual_cumulative_cases",NA,NA,NA,400352,NA,NA,NA,NA
"Utah",NA,"Past",2021-05-09,"actual_cumulative_deaths",NA,NA,NA,2229,NA,NA,NA,NA
"Utah",NA,"Past",2021-05-09,"actual_daily_cases",NA,NA,NA,232,NA,NA,NA,NA
"Utah",NA,"Past",2021-05-09,"actual_daily_deaths",NA,NA,NA,1,NA,NA,NA,NA
"Utah","linear_increase_sd","Past",2021-05-09,"combined_trend",NA,NA,NA,0.540113332745123,NA,NA,NA,NA
"Utah","return_normal","Past",2021-05-09,"combined_trend",NA,NA,NA,0.540113332745123,NA,NA,NA,NA
"Utah","status_quo","Past",2021-05-09,"combined_trend",NA,NA,NA,0.540113332745123,NA,NA,NA,NA
"Utah","linear_increase_sd","Past",2021-05-09,"cumulative_all_infections",1093036,1093036,1093036,1101200,1099159,1111405,1111405,1111405
"Utah","return_normal","Past",2021-05-09,"cumulative_all_infections",1093036,1093036,1093036,1101200,1099159,1111405,1111405,1111405
"Utah","status_quo","Past",2021-05-09,"cumulative_all_infections",1093036,1093036,1093036,1101200,1099159,1111405,1111405,1111405
"Utah","linear_increase_sd","Past",2021-05-09,"cumulative_cases",408142,408142,408142,412227,412459,416078,416078,416078
"Utah","return_normal","Past",2021-05-09,"cumulative_cases",408142,408142,408142,412227,412459,416078,416078,416078
"Utah","status_quo","Past",2021-05-09,"cumulative_cases",408142,408142,408142,412227,412459,416078,416078,416078
"Utah","linear_increase_sd","Past",2021-05-09,"cumulative_deaths",2485,2485,2485,2517,2528,2538,2538,2538
"Utah","return_normal","Past",2021-05-09,"cumulative_deaths",2485,2485,2485,2517,2528,2538,2538,2538
"Utah","status_quo","Past",2021-05-09,"cumulative_deaths",2485,2485,2485,2517,2528,2538,2538,2538
"Utah","linear_increase_sd","Past",2021-05-09,"cumulative_hosps",48486,48486,48486,49095,49035,49762,49762,49762
"Utah","return_normal","Past",2021-05-09,"cumulative_hosps",48486,48486,48486,49095,49035,49762,49762,49762
"Utah","status_quo","Past",2021-05-09,"cumulative_hosps",48486,48486,48486,49095,49035,49762,49762,49762
"Utah","linear_increase_sd","Past",2021-05-09,"daily_all_infections",514,514,514,1061,1018,1651,1651,1651
"Utah","return_normal","Past",2021-05-09,"daily_all_infections",514,514,514,1061,1018,1651,1651,1651
"Utah","status_quo","Past",2021-05-09,"daily_all_infections",514,514,514,1061,1018,1651,1651,1651
"Utah","linear_increase_sd","Past",2021-05-09,"daily_cases",221,221,221,400,399,578,578,578
"Utah","return_normal","Past",2021-05-09,"daily_cases",221,221,221,400,399,578,578,578
"Utah","status_quo","Past",2021-05-09,"daily_cases",221,221,221,400,399,578,578,578
"Utah","linear_increase_sd","Past",2021-05-09,"daily_deaths",2,2,2,3,2,3,3,3
"Utah","return_normal","Past",2021-05-09,"daily_deaths",2,2,2,3,2,3,3,3
"Utah","status_quo","Past",2021-05-09,"daily_deaths",2,2,2,3,2,3,3,3
"Utah","linear_increase_sd","Past",2021-05-09,"daily_hosps",46,46,46,51,46,61,61,61
"Utah","return_normal","Past",2021-05-09,"daily_hosps",46,46,46,51,46,61,61,61
"Utah","status_quo","Past",2021-05-09,"daily_hosps",46,46,46,51,46,61,61,61
"Utah","linear_increase_sd","Past",2021-05-09,"latent_trend",NA,NA,NA,0.826090076588434,NA,NA,NA,NA
"Utah","return_normal","Past",2021-05-09,"latent_trend",NA,NA,NA,0.826090076588434,NA,NA,NA,NA
"Utah","status_quo","Past",2021-05-09,"latent_trend",NA,NA,NA,0.826090076588434,NA,NA,NA,NA
"Utah","linear_increase_sd","Past",2021-05-09,"mobility_trend",NA,NA,NA,0.653818933373065,NA,NA,NA,NA
"Utah","return_normal","Past",2021-05-09,"mobility_trend",NA,NA,NA,0.653818933373065,NA,NA,NA,NA
"Utah","status_quo","Past",2021-05-09,"mobility_trend",NA,NA,NA,0.653818933373065,NA,NA,NA,NA
"Utah","linear_increase_sd","Future",2021-05-10,"combined_trend",NA,NA,NA,0.540113332745123,NA,NA,NA,NA
"Utah","return_normal","Future",2021-05-10,"combined_trend",NA,NA,NA,0.540113332745123,NA,NA,NA,NA
"Utah","status_quo","Future",2021-05-10,"combined_trend",NA,NA,NA,0.540113332745123,NA,NA,NA,NA
"Utah","linear_increase_sd","Future",2021-05-10,"cumulative_all_infections",1096685,1096659,1096644,1108077,1112860,1114677,1114697,1114702
"Utah","return_normal","Future",2021-05-10,"cumulative_all_infections",1096684,1096664,1096646,1108078,1112863,1114679,1114689,1114701
"Utah","status_quo","Future",2021-05-10,"cumulative_all_infections",1096683,1096662,1096652,1108079,1112860,1114677,1114690,1114701
"Utah","linear_increase_sd","Future",2021-05-10,"cumulative_cases",408562,408490,408403,412674,412893,416360,416424,416498
"Utah","return_normal","Future",2021-05-10,"cumulative_cases",408642,408508,408454,412658,412816,416328,416408,416496
"Utah","status_quo","Future",2021-05-10,"cumulative_cases",408658,408483,408392,412667,412869,416366,416427,416498
"Utah","linear_increase_sd","Future",2021-05-10,"cumulative_deaths",2485,2485,2485,2519,2529,2540,2542,2543
"Utah","return_normal","Future",2021-05-10,"cumulative_deaths",2485,2485,2485,2519,2528,2540,2540,2541
"Utah","status_quo","Future",2021-05-10,"cumulative_deaths",2485,2485,2485,2519,2529,2539,2541,2543
"Utah","linear_increase_sd","Future",2021-05-10,"cumulative_hosps",48557,48553,48551,49149,49088,49800,49803,49807
"Utah","return_normal","Future",2021-05-10,"cumulative_hosps",48556,48552,48548,49149,49087,49801,49806,49809
"Utah","status_quo","Future",2021-05-10,"cumulative_hosps",48553,48550,48547,49148,49087,49801,49804,49806
"Utah","linear_increase_sd","Future",2021-05-10,"daily_all_infections",0,0,0,0,0,0,0,0
"Utah","return_normal","Future",2021-05-10,"daily_all_infections",0,0,0,0,0,0,0,0
"Utah","status_quo","Future",2021-05-10,"daily_all_infections",0,0,0,0,0,0,0,0
"Utah","linear_increase_sd","Future",2021-05-10,"daily_cases",171,143,112,447,374,816,937,1130
"Utah","return_normal","Future",2021-05-10,"daily_cases",145,122,85,431,355,814,943,1096
"Utah","status_quo","Future",2021-05-10,"daily_cases",167,122,94,441,382,781,899,1009
"Utah","linear_increase_sd","Future",2021-05-10,"daily_deaths",0,0,0,2,1,5,6,7
"Utah","return_normal","Future",2021-05-10,"daily_deaths",0,0,0,2,1,4,6,7
"Utah","status_quo","Future",2021-05-10,"daily_deaths",0,0,0,2,1,4,6,7
"Utah","linear_increase_sd","Future",2021-05-10,"daily_hosps",32,29,27,55,53,77,82,84
"Utah","return_normal","Future",2021-05-10,"daily_hosps",33,31,30,55,52,79,82,85
"Utah","status_quo","Future",2021-05-10,"daily_hosps",33,30,28,54,52,76,82,85
"Utah","linear_increase_sd","Future",2021-05-10,"latent_trend",NA,NA,NA,0.826090076588434,NA,NA,NA,NA
"Utah","return_normal","Future",2021-05-10,"latent_trend",NA,NA,NA,0.826090076588434,NA,NA,NA,NA
"Utah","status_quo","Future",2021-05-10,"latent_trend",NA,NA,NA,0.826090076588434,NA,NA,NA,NA
"Utah","linear_increase_sd","Future",2021-05-10,"mobility_trend",NA,NA,NA,0.653818933373065,NA,NA,NA,NA
"Utah","return_normal","Future",2021-05-10,"mobility_trend",NA,NA,NA,0.653818933373065,NA,NA,NA,NA
"Utah","status_quo","Future",2021-05-10,"mobility_trend",NA,NA,NA,0.653818933373065,NA,NA,NA,NA
"Utah","linear_increase_sd","Future",2021-05-11,"combined_trend",NA,NA,NA,0.512844359736007,NA,NA,NA,NA
"Utah","return_normal","Future",2021-05-11,"combined_trend",NA,NA,NA,0.556914905670764,NA,NA,NA,NA
"Utah","status_quo","Future",2021-05-11,"combined_trend",NA,NA,NA,0.535120064815727,NA,NA,NA,NA
"Utah","linear_increase_sd","Future",2021-05-11,"cumulative_all_infections",1098558,1098523,1098508,1109254,1113991,1115195,1115208,1115225
"Utah","return_normal","Future",2021-05-11,"cumulative_all_infections",1098558,1098535,1098512,1109257,1113999,1115199,1115210,1115224
"Utah","status_quo","Future",2021-05-11,"cumulative_all_infections",1098569,1098540,1098513,1109257,1114000,1115184,1115204,1115222
"Utah","linear_increase_sd","Future",2021-05-11,"cumulative_cases",409214,409021,408874,413108,413312,416654,416757,416848
"Utah","return_normal","Future",2021-05-11,"cumulative_cases",409258,409070,408950,413088,413205,416612,416713,416798
"Utah","status_quo","Future",2021-05-11,"cumulative_cases",409220,409111,409001,413122,413289,416625,416713,416808
"Utah","linear_increase_sd","Future",2021-05-11,"cumulative_deaths",2486,2486,2485,2521,2531,2542,2544,2545
"Utah","return_normal","Future",2021-05-11,"cumulative_deaths",2486,2486,2485,2520,2530,2542,2543,2545
"Utah","status_quo","Future",2021-05-11,"cumulative_deaths",2487,2486,2485,2521,2530,2542,2544,2546
"Utah","linear_increase_sd","Future",2021-05-11,"cumulative_hosps",48628,48622,48618,49203,49141,49838,49841,49845
"Utah","return_normal","Future",2021-05-11,"cumulative_hosps",48629,48622,48619,49203,49140,49839,49843,49846
"Utah","status_quo","Future",2021-05-11,"cumulative_hosps",48626,48620,48614,49202,49141,49838,49841,49845
"Utah","linear_increase_sd","Future",2021-05-11,"daily_all_infections",497,491,478,1177,1134,1912,1933,1948
"Utah","return_normal","Future",2021-05-11,"daily_all_infections",495,488,482,1179,1143,1918,1935,1947
"Utah","status_quo","Future",2021-05-11,"daily_all_infections",492,480,475,1179,1138,1909,1935,1959
"Utah","linear_increase_sd","Future",2021-05-11,"daily_cases",152,106,95,435,388,778,934,1092
"Utah","return_normal","Future",2021-05-11,"daily_cases",145,116,97,431,361,807,989,1101
"Utah","status_quo","Future",2021-05-11,"daily_cases",161,133,117,455,377,892,986,1068
"Utah","linear_increase_sd","Future",2021-05-11,"daily_deaths",0,0,0,2,1,4,7,9
"Utah","return_normal","Future",2021-05-11,"daily_deaths",0,0,0,2,1,4,5,7
"Utah","status_quo","Future",2021-05-11,"daily_deaths",0,0,0,2,1,5,7,9
"Utah","linear_increase_sd","Future",2021-05-11,"daily_hosps",32,29,28,55,53,79,84,88
"Utah","return_normal","Future",2021-05-11,"daily_hosps",32,29,27,54,52,78,82,84
"Utah","status_quo","Future",2021-05-11,"daily_hosps",32,29,27,54,52,78,81,84
"Utah","linear_increase_sd","Future",2021-05-11,"latent_trend",NA,NA,NA,0.818452995931201,NA,NA,NA,NA
"Utah","return_normal","Future",2021-05-11,"latent_trend",NA,NA,NA,0.818452995931201,NA,NA,NA,NA
"Utah","status_quo","Future",2021-05-11,"latent_trend",NA,NA,NA,0.818452995931201,NA,NA,NA,NA
"Utah","linear_increase_sd","Future",2021-05-11,"mobility_trend",NA,NA,NA,0.626602092344367,NA,NA,NA,NA
"Utah","return_normal","Future",2021-05-11,"mobility_trend",NA,NA,NA,0.680448246190521,NA,NA,NA,NA
"Utah","status_quo","Future",2021-05-11,"mobility_trend",NA,NA,NA,0.653818933373065,NA,NA,NA,NA
"Utah","linear_increase_sd","Future",2021-05-12,"combined_trend",NA,NA,NA,0.485836180931119,NA,NA,NA,NA
"Utah","return_normal","Future",2021-05-12,"combined_trend",NA,NA,NA,0.573126983249067,NA,NA,NA,NA
"Utah","status_quo","Future",2021-05-12,"combined_trend",NA,NA,NA,0.529957807458855,NA,NA,NA,NA
"Utah","linear_increase_sd","Future",2021-05-12,"cumulative_all_infections",1100367,1100332,1100294,1110377,1115061,1115675,1115702,1115712
"Utah","return_normal","Future",2021-05-12,"cumulative_all_infections",1100518,1100476,1100457,1110476,1115169,1115719,1115735,1115747
"Utah","status_quo","Future",2021-05-12,"cumulative_all_infections",1100455,1100425,1100369,1110431,1115131,1115680,1115720,1115726
"Utah","linear_increase_sd","Future",2021-05-12,"cumulative_cases",409819,409599,409462,413567,413782,416891,417034,417094
"Utah","return_normal","Future",2021-05-12,"cumulative_cases",409866,409690,409519,413544,413658,416853,416997,417120
"Utah","status_quo","Future",2021-05-12,"cumulative_cases",409868,409652,409533,413582,413698,416912,417013,417111
"Utah","linear_increase_sd","Future",2021-05-12,"cumulative_deaths",2488,2487,2486,2522,2532,2543,2545,2547
"Utah","return_normal","Future",2021-05-12,"cumulative_deaths",2488,2486,2486,2522,2532,2543,2545,2547
"Utah","status_quo","Future",2021-05-12,"cumulative_deaths",2488,2487,2486,2522,2532,2543,2546,2548
"Utah","linear_increase_sd","Future",2021-05-12,"cumulative_hosps",48700,48692,48685,49257,49195,49874,49879,49883
"Utah","return_normal","Future",2021-05-12,"cumulative_hosps",48698,48693,48689,49257,49193,49875,49882,49886
"Utah","status_quo","Future",2021-05-12,"cumulative_hosps",48700,48693,48685,49256,49194,49873,49878,49881
"Utah","linear_increase_sd","Future",2021-05-12,"daily_all_infections",472,458,448,1123,1069,1835,1862,1875
"Utah","return_normal","Future",2021-05-12,"daily_all_infections",507,494,487,1219,1170,1995,2025,2040
"Utah","status_quo","Future",2021-05-12,"daily_all_infections",483,475,465,1175,1125,1931,1951,1967
"Utah","linear_increase_sd","Future",2021-05-12,"daily_cases",155,101,87,459,388,827,962,1233
"Utah","return_normal","Future",2021-05-12,"daily_cases",160,122,117,456,414,825,1029,1144
"Utah","status_quo","Future",2021-05-12,"daily_cases",153,127,115,460,388,840,1003,1202
"Utah","linear_increase_sd","Future",2021-05-12,"daily_deaths",0,0,0,2,1,5,6,8
"Utah","return_normal","Future",2021-05-12,"daily_deaths",0,0,0,2,1,4,6,8
"Utah","status_quo","Future",2021-05-12,"daily_deaths",0,0,0,2,1,4,6,7
"Utah","linear_increase_sd","Future",2021-05-12,"daily_hosps",33,29,28,55,54,80,83,85
"Utah","return_normal","Future",2021-05-12,"daily_hosps",33,29,28,54,53,77,81,85
"Utah","status_quo","Future",2021-05-12,"daily_hosps",30,28,26,54,53,80,83,86
"Utah","linear_increase_sd","Future",2021-05-12,"latent_trend",NA,NA,NA,0.810557450095232,NA,NA,NA,NA
"Utah","return_normal","Future",2021-05-12,"latent_trend",NA,NA,NA,0.810557450095232,NA,NA,NA,NA
"Utah","status_quo","Future",2021-05-12,"latent_trend",NA,NA,NA,0.810557450095232,NA,NA,NA,NA
"Utah","linear_increase_sd","Future",2021-05-12,"mobility_trend",NA,NA,NA,0.59938525131567,NA,NA,NA,NA
"Utah","return_normal","Future",2021-05-12,"mobility_trend",NA,NA,NA,0.707077559007978,NA,NA,NA,NA
"Utah","status_quo","Future",2021-05-12,"mobility_trend",NA,NA,NA,0.653818933373065,NA,NA,NA,NA
"Utah","linear_increase_sd","Future",2021-05-13,"combined_trend",NA,NA,NA,0.459108748399589,NA,NA,NA,NA
"Utah","return_normal","Future",2021-05-13,"combined_trend",NA,NA,NA,0.588727440312554,NA,NA,NA,NA
"Utah","status_quo","Future",2021-05-13,"combined_trend",NA,NA,NA,0.524625244567956,NA,NA,NA,NA
"Utah","linear_increase_sd","Future",2021-05-13,"cumulative_all_infections",1102101,1102061,1101991,1111444,1116052,1116159,1116183,1116203
"Utah","return_normal","Future",2021-05-13,"cumulative_all_infections",1102571,1102537,1102498,1111743,1116233,1116407,1116446,1116471
"Utah","status_quo","Future",2021-05-13,"cumulative_all_infections",1102344,1102304,1102262,1111595,1116147,1116266,1116291,1116309
"Utah","linear_increase_sd","Future",2021-05-13,"cumulative_cases",410427,410148,410038,414015,414250,417172,417298,417373
"Utah","return_normal","Future",2021-05-13,"cumulative_cases",410495,410208,410058,414001,414097,417133,417266,417364
"Utah","status_quo","Future",2021-05-13,"cumulative_cases",410485,410298,410131,414042,414198,417195,417308,417411
"Utah","linear_increase_sd","Future",2021-05-13,"cumulative_deaths",2489,2488,2487,2524,2533,2545,2547,2550
"Utah","return_normal","Future",2021-05-13,"cumulative_deaths",2489,2488,2487,2523,2534,2544,2547,2549
"Utah","status_quo","Future",2021-05-13,"cumulative_deaths",2490,2488,2487,2524,2533,2545,2548,2550
"Utah","linear_increase_sd","Future",2021-05-13,"cumulative_hosps",48773,48764,48755,49311,49248,49909,49914,49919
"Utah","return_normal","Future",2021-05-13,"cumulative_hosps",48772,48764,48761,49311,49249,49911,49919,49922
"Utah","status_quo","Future",2021-05-13,"cumulative_hosps",48773,48767,48763,49311,49247,49909,49914,49919
"Utah","linear_increase_sd","Future",2021-05-13,"daily_all_infections",444,432,427,1068,1010,1766,1787,1802
"Utah","return_normal","Future",2021-05-13,"daily_all_infections",529,515,506,1268,1204,2090,2114,2141
"Utah","status_quo","Future",2021-05-13,"daily_all_infections",480,465,459,1164,1101,1922,1943,1963
"Utah","linear_increase_sd","Future",2021-05-13,"daily_cases",169,123,106,448,381,796,1021,1112
"Utah","return_normal","Future",2021-05-13,"daily_cases",153,127,109,457,389,862,987,1127
"Utah","status_quo","Future",2021-05-13,"daily_cases",164,125,94,460,393,796,1109,1258
"Utah","linear_increase_sd","Future",2021-05-13,"daily_deaths",0,0,0,2,1,4,5,8
"Utah","return_normal","Future",2021-05-13,"daily_deaths",0,0,0,2,1,4,6,7
"Utah","status_quo","Future",2021-05-13,"daily_deaths",0,0,0,2,1,3,5,8
"Utah","linear_increase_sd","Future",2021-05-13,"daily_hosps",31,28,26,54,53,78,83,88
"Utah","return_normal","Future",2021-05-13,"daily_hosps",30,28,26,55,54,78,82,86
"Utah","status_quo","Future",2021-05-13,"daily_hosps",31,28,26,55,53,80,84,87
"Utah","linear_increase_sd","Future",2021-05-13,"latent_trend",NA,NA,NA,0.80240142612788,NA,NA,NA,NA
"Utah","return_normal","Future",2021-05-13,"latent_trend",NA,NA,NA,0.80240142612788,NA,NA,NA,NA
"Utah","status_quo","Future",2021-05-13,"latent_trend",NA,NA,NA,0.80240142612788,NA,NA,NA,NA
"Utah","linear_increase_sd","Future",2021-05-13,"mobility_trend",NA,NA,NA,0.572168410286973,NA,NA,NA,NA
"Utah","return_normal","Future",2021-05-13,"mobility_trend",NA,NA,NA,0.733706871825434,NA,NA,NA,NA
"Utah","status_quo","Future",2021-05-13,"mobility_trend",NA,NA,NA,0.653818933373065,NA,NA,NA,NA
"Utah","linear_increase_sd","Future",2021-05-14,"combined_trend",NA,NA,NA,0.432682560105287,NA,NA,NA,NA
"Utah","return_normal","Future",2021-05-14,"combined_trend",NA,NA,NA,0.60369439317286,NA,NA,NA,NA
"Utah","status_quo","Future",2021-05-14,"combined_trend",NA,NA,NA,0.519121452062631,NA,NA,NA,NA
"Utah","linear_increase_sd","Future",2021-05-14,"cumulative_all_infections",1103762,1103690,1103632,1112451,1116529,1117061,1117115,1117148
"Utah","return_normal","Future",2021-05-14,"cumulative_all_infections",1104718,1104664,1104609,1113052,1116773,1117635,1117677,1117706
"Utah","status_quo","Future",2021-05-14,"cumulative_all_infections",1104267,1104209,1104159,1112753,1116636,1117341,1117383,1117430
"Utah","linear_increase_sd","Future",2021-05-14,"cumulative_cases",411069,410846,410627,414486,414718,417402,417527,417713
"Utah","return_normal","Future",2021-05-14,"cumulative_cases",411137,410831,410558,414465,414523,417357,417500,417645
"Utah","status_quo","Future",2021-05-14,"cumulative_cases",411160,410929,410640,414506,414700,417431,417577,417660
"Utah","linear_increase_sd","Future",2021-05-14,"cumulative_deaths",2491,2489,2489,2525,2535,2547,2550,2553
"Utah","return_normal","Future",2021-05-14,"cumulative_deaths",2491,2489,2488,2525,2535,2547,2550,2552
"Utah","status_quo","Future",2021-05-14,"cumulative_deaths",2491,2489,2488,2525,2535,2546,2549,2553
"Utah","linear_increase_sd","Future",2021-05-14,"cumulative_hosps",48847,48836,48828,49365,49300,49944,49950,49954
"Utah","return_normal","Future",2021-05-14,"cumulative_hosps",48846,48837,48833,49365,49302,49946,49953,49956
"Utah","status_quo","Future",2021-05-14,"cumulative_hosps",48847,48840,48831,49364,49298,49942,49950,49954
"Utah","linear_increase_sd","Future",2021-05-14,"daily_all_infections",405,396,390,1008,938,1688,1711,1724
"Utah","return_normal","Future",2021-05-14,"daily_all_infections",522,508,506,1309,1231,2192,2206,2222
"Utah","status_quo","Future",2021-05-14,"daily_all_infections",465,455,448,1158,1077,1941,1964,1983
"Utah","linear_increase_sd","Future",2021-05-14,"daily_cases",158,130,111,472,377,925,1079,1284
"Utah","return_normal","Future",2021-05-14,"daily_cases",160,131,103,465,384,858,1026,1175
"Utah","status_quo","Future",2021-05-14,"daily_cases",169,133,118,465,385,887,1002,1115
"Utah","linear_increase_sd","Future",2021-05-14,"daily_deaths",0,0,0,2,1,5,6,7
"Utah","return_normal","Future",2021-05-14,"daily_deaths",0,0,0,2,1,5,6,8
"Utah","status_quo","Future",2021-05-14,"daily_deaths",0,0,0,2,1,4,6,7
"Utah","linear_increase_sd","Future",2021-05-14,"daily_hosps",31,28,25,55,53,80,85,86
"Utah","return_normal","Future",2021-05-14,"daily_hosps",31,28,26,55,52,80,85,86
"Utah","status_quo","Future",2021-05-14,"daily_hosps",30,28,26,54,51,80,84,87
"Utah","linear_increase_sd","Future",2021-05-14,"latent_trend",NA,NA,NA,0.793983510670873,NA,NA,NA,NA
"Utah","return_normal","Future",2021-05-14,"latent_trend",NA,NA,NA,0.793983510670873,NA,NA,NA,NA
"Utah","status_quo","Future",2021-05-14,"latent_trend",NA,NA,NA,0.793983510670873,NA,NA,NA,NA
"Utah","linear_increase_sd","Future",2021-05-14,"mobility_trend",NA,NA,NA,0.544951569258275,NA,NA,NA,NA
"Utah","return_normal","Future",2021-05-14,"mobility_trend",NA,NA,NA,0.760336184642891,NA,NA,NA,NA
"Utah","status_quo","Future",2021-05-14,"mobility_trend",NA,NA,NA,0.653818933373065,NA,NA,NA,NA
"Utah","linear_increase_sd","Future",2021-05-15,"combined_trend",NA,NA,NA,0.406578602180458,NA,NA,NA,NA
"Utah","return_normal","Future",2021-05-15,"combined_trend",NA,NA,NA,0.618006315735877,NA,NA,NA,NA
"Utah","status_quo","Future",2021-05-15,"combined_trend",NA,NA,NA,0.513445928031436,NA,NA,NA,NA
"Utah","linear_increase_sd","Future",2021-05-15,"cumulative_all_infections",1105329,1105249,1105197,1113398,1116915,1117940,1118002,1118031
"Utah","return_normal","Future",2021-05-15,"cumulative_all_infections",1106955,1106888,1106818,1114399,1117320,1118896,1118956,1118979
"Utah","status_quo","Future",2021-05-15,"cumulative_all_infections",1106186,1106136,1106050,1113904,1117107,1118414,1118439,1118489
"Utah","linear_increase_sd","Future",2021-05-15,"cumulative_cases",411693,411383,411199,414950,415167,417625,417834,417965
"Utah","return_normal","Future",2021-05-15,"cumulative_cases",411842,411518,411215,414945,415013,417632,417739,417921
"Utah","status_quo","Future",2021-05-15,"cumulative_cases",411818,411464,411293,414954,415122,417650,417782,417832
"Utah","linear_increase_sd","Future",2021-05-15,"cumulative_deaths",2492,2491,2489,2527,2536,2549,2552,2555
"Utah","return_normal","Future",2021-05-15,"cumulative_deaths",2492,2490,2489,2527,2536,2549,2553,2555
"Utah","status_quo","Future",2021-05-15,"cumulative_deaths",2492,2489,2488,2526,2535,2547,2551,2555
"Utah","linear_increase_sd","Future",2021-05-15,"cumulative_hosps",48921,48912,48901,49419,49353,49976,49984,49988
"Utah","return_normal","Future",2021-05-15,"cumulative_hosps",48921,48912,48907,49418,49352,49978,49986,49991
"Utah","status_quo","Future",2021-05-15,"cumulative_hosps",48923,48913,48906,49417,49349,49975,49983,49990
"Utah","linear_increase_sd","Future",2021-05-15,"daily_all_infections",378,370,361,947,881,1604,1617,1639
"Utah","return_normal","Future",2021-05-15,"daily_all_infections",536,517,511,1348,1250,2275,2300,2315
"Utah","status_quo","Future",2021-05-15,"daily_all_infections",453,436,429,1152,1060,1952,1974,1987
"Utah","linear_increase_sd","Future",2021-05-15,"daily_cases",151,123,90,464,378,886,1032,1159
"Utah","return_normal","Future",2021-05-15,"daily_cases",147,120,101,480,378,954,1159,1381
"Utah","status_quo","Future",2021-05-15,"daily_cases",149,113,86,449,373,889,1023,1393
"Utah","linear_increase_sd","Future",2021-05-15,"daily_deaths",0,0,0,2,0,4,6,7
"Utah","return_normal","Future",2021-05-15,"daily_deaths",0,0,0,2,1,5,6,8
"Utah","status_quo","Future",2021-05-15,"daily_deaths",0,0,0,2,0,4,7,9
"Utah","linear_increase_sd","Future",2021-05-15,"daily_hosps",29,26,24,54,53,82,87,90
"Utah","return_normal","Future",2021-05-15,"daily_hosps",28,26,24,54,52,81,85,89
"Utah","status_quo","Future",2021-05-15,"daily_hosps",30,27,25,54,52,82,86,88
"Utah","linear_increase_sd","Future",2021-05-15,"latent_trend",NA,NA,NA,0.785302936062983,NA,NA,NA,NA
"Utah","return_normal","Future",2021-05-15,"latent_trend",NA,NA,NA,0.785302936062983,NA,NA,NA,NA
"Utah","status_quo","Future",2021-05-15,"latent_trend",NA,NA,NA,0.785302936062983,NA,NA,NA,NA
"Utah","linear_increase_sd","Future",2021-05-15,"mobility_trend",NA,NA,NA,0.517734728229578,NA,NA,NA,NA
"Utah","return_normal","Future",2021-05-15,"mobility_trend",NA,NA,NA,0.786965497460347,NA,NA,NA,NA
"Utah","status_quo","Future",2021-05-15,"mobility_trend",NA,NA,NA,0.653818933373065,NA,NA,NA,NA
"Utah","linear_increase_sd","Future",2021-05-16,"combined_trend",NA,NA,NA,0.380818283151165,NA,NA,NA,NA
"Utah","return_normal","Future",2021-05-16,"combined_trend",NA,NA,NA,0.631642162121208,NA,NA,NA,NA
"Utah","status_quo","Future",2021-05-16,"combined_trend",NA,NA,NA,0.50759862218213,NA,NA,NA,NA
"Utah","linear_increase_sd","Future",2021-05-16,"cumulative_all_infections",1106801,1106705,1106641,1114276,1117272,1118750,1118796,1118862
"Utah","return_normal","Future",2021-05-16,"cumulative_all_infections",1109322,1109219,1109141,1115795,1117874,1120168,1120223,1120296
"Utah","status_quo","Future",2021-05-16,"cumulative_all_infections",1108085,1108028,1107953,1115039,1117560,1119453,1119495,1119518
"Utah","linear_increase_sd","Future",2021-05-16,"cumulative_cases",412448,412003,411811,415391,415524,417921,418093,418216
"Utah","return_normal","Future",2021-05-16,"cumulative_cases",412648,412241,411769,415392,415452,417846,417980,418107
"Utah","status_quo","Future",2021-05-16,"cumulative_cases",412529,412163,411856,415422,415525,417831,418069,418152
"Utah","linear_increase_sd","Future",2021-05-16,"cumulative_deaths",2494,2492,2490,2529,2537,2550,2553,2559
"Utah","return_normal","Future",2021-05-16,"cumulative_deaths",2494,2491,2490,2528,2537,2551,2554,2555
"Utah","status_quo","Future",2021-05-16,"cumulative_deaths",2493,2491,2490,2528,2536,2549,2554,2556
"Utah","linear_increase_sd","Future",2021-05-16,"cumulative_hosps",48998,48989,48981,49473,49404,50006,50016,50023
"Utah","return_normal","Future",2021-05-16,"cumulative_hosps",48999,48992,48985,49472,49402,50009,50016,50022
"Utah","status_quo","Future",2021-05-16,"cumulative_hosps",49001,48989,48983,49472,49402,50008,50016,50023
"Utah","linear_increase_sd","Future",2021-05-16,"daily_all_infections",340,332,325,879,805,1501,1519,1530
"Utah","return_normal","Future",2021-05-16,"daily_all_infections",536,527,517,1396,1274,2386,2418,2438
"Utah","status_quo","Future",2021-05-16,"daily_all_infections",439,425,416,1135,1036,1945,1976,1983
"Utah","linear_increase_sd","Future",2021-05-16,"daily_cases",140,106,83,441,368,852,1048,1178
"Utah","return_normal","Future",2021-05-16,"daily_cases",132,109,89,448,366,831,1006,1298
"Utah","status_quo","Future",2021-05-16,"daily_cases",144,108,86,469,403,856,1111,1196
"Utah","linear_increase_sd","Future",2021-05-16,"daily_deaths",0,0,0,2,1,5,7,8
"Utah","return_normal","Future",2021-05-16,"daily_deaths",0,0,0,2,1,4,5,7
"Utah","status_quo","Future",2021-05-16,"daily_deaths",0,0,0,2,1,4,6,8
"Utah","linear_increase_sd","Future",2021-05-16,"daily_hosps",28,26,24,54,52,83,88,90
"Utah","return_normal","Future",2021-05-16,"daily_hosps",29,25,24,54,51,82,86,89
"Utah","status_quo","Future",2021-05-16,"daily_hosps",29,26,24,55,52,85,90,94
"Utah","linear_increase_sd","Future",2021-05-16,"latent_trend",NA,NA,NA,0.776359625383466,NA,NA,NA,NA
"Utah","return_normal","Future",2021-05-16,"latent_trend",NA,NA,NA,0.776359625383466,NA,NA,NA,NA
"Utah","status_quo","Future",2021-05-16,"latent_trend",NA,NA,NA,0.776359625383466,NA,NA,NA,NA
"Utah","linear_increase_sd","Future",2021-05-16,"mobility_trend",NA,NA,NA,0.490517887200881,NA,NA,NA,NA
"Utah","return_normal","Future",2021-05-16,"mobility_trend",NA,NA,NA,0.813594810277804,NA,NA,NA,NA
"Utah","status_quo","Future",2021-05-16,"mobility_trend",NA,NA,NA,0.653818933373065,NA,NA,NA,NA
"Utah","linear_increase_sd","Future",2021-05-17,"combined_trend",NA,NA,NA,0.355423360060332,NA,NA,NA,NA
"Utah","return_normal","Future",2021-05-17,"combined_trend",NA,NA,NA,0.644581495124182,NA,NA,NA,NA
"Utah","status_quo","Future",2021-05-17,"combined_trend",NA,NA,NA,0.501579964238098,NA,NA,NA,NA
"Utah","linear_increase_sd","Future",2021-05-17,"cumulative_all_infections",1108151,1108072,1108000,1115086,1117595,1119489,1119545,1119618
"Utah","return_normal","Future",2021-05-17,"cumulative_all_infections",1111775,1111698,1111551,1117246,1118449,1121487,1121563,1121608
"Utah","status_quo","Future",2021-05-17,"cumulative_all_infections",1109971,1109909,1109830,1116162,1117990,1120469,1120538,1120570
"Utah","linear_increase_sd","Future",2021-05-17,"cumulative_cases",413091,412503,412138,415821,415952,418123,418291,418463
"Utah","return_normal","Future",2021-05-17,"cumulative_cases",413330,413032,412519,415885,415885,418065,418208,418274
"Utah","status_quo","Future",2021-05-17,"cumulative_cases",413220,412764,412614,415879,415988,418073,418267,418366
"Utah","linear_increase_sd","Future",2021-05-17,"cumulative_deaths",2496,2493,2492,2530,2538,2552,2556,2561
"Utah","return_normal","Future",2021-05-17,"cumulative_deaths",2495,2492,2491,2530,2538,2553,2556,2558
"Utah","status_quo","Future",2021-05-17,"cumulative_deaths",2495,2493,2491,2529,2537,2550,2555,2558
"Utah","linear_increase_sd","Future",2021-05-17,"cumulative_hosps",49077,49066,49054,49526,49456,50038,50048,50054
"Utah","return_normal","Future",2021-05-17,"cumulative_hosps",49078,49070,49063,49526,49454,50041,50048,50052
"Utah","status_quo","Future",2021-05-17,"cumulative_hosps",49081,49068,49060,49526,49455,50037,50047,50051
"Utah","linear_increase_sd","Future",2021-05-17,"daily_all_infections",311,303,296,810,731,1394,1415,1430
"Utah","return_normal","Future",2021-05-17,"daily_all_infections",553,543,535,1452,1315,2504,2532,2561
"Utah","status_quo","Future",2021-05-17,"daily_all_infections",426,413,403,1124,1023,1939,1960,1985
"Utah","linear_increase_sd","Future",2021-05-17,"daily_cases",137,117,88,431,365,806,954,1166
"Utah","return_normal","Future",2021-05-17,"daily_cases",142,113,101,493,379,958,1284,1536
"Utah","status_quo","Future",2021-05-17,"daily_cases",149,125,108,458,379,858,1060,1181
"Utah","linear_increase_sd","Future",2021-05-17,"daily_deaths",0,0,0,2,1,4,6,8
"Utah","return_normal","Future",2021-05-17,"daily_deaths",0,0,0,2,1,4,6,9
"Utah","status_quo","Future",2021-05-17,"daily_deaths",0,0,0,2,0,4,6,8
"Utah","linear_increase_sd","Future",2021-05-17,"daily_hosps",27,24,23,54,53,83,87,92
"Utah","return_normal","Future",2021-05-17,"daily_hosps",28,25,23,55,52,84,89,91
"Utah","status_quo","Future",2021-05-17,"daily_hosps",27,25,23,55,53,85,89,91
"Utah","linear_increase_sd","Future",2021-05-17,"latent_trend",NA,NA,NA,0.767154235883682,NA,NA,NA,NA
"Utah","return_normal","Future",2021-05-17,"latent_trend",NA,NA,NA,0.767154235883682,NA,NA,NA,NA
"Utah","status_quo","Future",2021-05-17,"latent_trend",NA,NA,NA,0.767154235883682,NA,NA,NA,NA
"Utah","linear_increase_sd","Future",2021-05-17,"mobility_trend",NA,NA,NA,0.463301046172184,NA,NA,NA,NA
"Utah","return_normal","Future",2021-05-17,"mobility_trend",NA,NA,NA,0.840224123095261,NA,NA,NA,NA
"Utah","status_quo","Future",2021-05-17,"mobility_trend",NA,NA,NA,0.653818933373065,NA,NA,NA,NA
"Utah","linear_increase_sd","Future",2021-05-18,"combined_trend",NA,NA,NA,0.330415856539773,NA,NA,NA,NA
"Utah","return_normal","Future",2021-05-18,"combined_trend",NA,NA,NA,0.656804619711697,NA,NA,NA,NA
"Utah","status_quo","Future",2021-05-18,"combined_trend",NA,NA,NA,0.49539089089755,NA,NA,NA,NA
"Utah","linear_increase_sd","Future",2021-05-18,"cumulative_all_infections",1109420,1109327,1109244,1115819,1117881,1120147,1120192,1120291
"Utah","return_normal","Future",2021-05-18,"cumulative_all_infections",1114398,1114275,1114162,1118760,1119018,1122843,1122930,1122995
"Utah","status_quo","Future",2021-05-18,"cumulative_all_infections",1111888,1111835,1111710,1117272,1118417,1121479,1121528,1121591
"Utah","linear_increase_sd","Future",2021-05-18,"cumulative_cases",413874,413187,412804,416262,416318,418291,418463,418619
"Utah","return_normal","Future",2021-05-18,"cumulative_cases",413968,413576,413019,416352,416319,418303,418462,418589
"Utah","status_quo","Future",2021-05-18,"cumulative_cases",413862,413555,413104,416335,416435,418299,418517,418568
"Utah","linear_increase_sd","Future",2021-05-18,"cumulative_deaths",2498,2494,2493,2532,2540,2554,2558,2562
"Utah","return_normal","Future",2021-05-18,"cumulative_deaths",2497,2494,2492,2531,2539,2554,2557,2560
"Utah","status_quo","Future",2021-05-18,"cumulative_deaths",2498,2495,2493,2531,2538,2552,2555,2560
"Utah","linear_increase_sd","Future",2021-05-18,"cumulative_hosps",49156,49147,49137,49581,49511,50068,50081,50086
"Utah","return_normal","Future",2021-05-18,"cumulative_hosps",49160,49152,49137,49581,49506,50070,50075,50086
"Utah","status_quo","Future",2021-05-18,"cumulative_hosps",49158,49152,49142,49580,49505,50065,50077,50083
"Utah","linear_increase_sd","Future",2021-05-18,"daily_all_infections",278,268,265,734,657,1278,1299,1319
"Utah","return_normal","Future",2021-05-18,"daily_all_infections",566,554,550,1514,1351,2644,2660,2691
"Utah","status_quo","Future",2021-05-18,"daily_all_infections",418,410,396,1110,987,1941,1969,1990
"Utah","linear_increase_sd","Future",2021-05-18,"daily_cases",131,93,67,442,349,885,1055,1132
"Utah","return_normal","Future",2021-05-18,"daily_cases",143,110,83,467,384,884,1045,1141
"Utah","status_quo","Future",2021-05-18,"daily_cases",150,119,94,457,374,876,1062,1231
"Utah","linear_increase_sd","Future",2021-05-18,"daily_deaths",0,0,0,2,1,4,6,7
"Utah","return_normal","Future",2021-05-18,"daily_deaths",0,0,0,2,1,4,6,7
"Utah","status_quo","Future",2021-05-18,"daily_deaths",0,0,0,2,1,5,5,8
"Utah","linear_increase_sd","Future",2021-05-18,"daily_hosps",27,24,23,55,53,86,90,94
"Utah","return_normal","Future",2021-05-18,"daily_hosps",28,26,23,56,53,87,91,95
"Utah","status_quo","Future",2021-05-18,"daily_hosps",26,24,22,55,51,87,91,95
"Utah","linear_increase_sd","Future",2021-05-18,"latent_trend",NA,NA,NA,0.75768820022054,NA,NA,NA,NA
"Utah","return_normal","Future",2021-05-18,"latent_trend",NA,NA,NA,0.75768820022054,NA,NA,NA,NA
"Utah","status_quo","Future",2021-05-18,"latent_trend",NA,NA,NA,0.75768820022054,NA,NA,NA,NA
"Utah","linear_increase_sd","Future",2021-05-18,"mobility_trend",NA,NA,NA,0.436084205143486,NA,NA,NA,NA
"Utah","return_normal","Future",2021-05-18,"mobility_trend",NA,NA,NA,0.866853435912717,NA,NA,NA,NA
"Utah","status_quo","Future",2021-05-18,"mobility_trend",NA,NA,NA,0.653818933373065,NA,NA,NA,NA
"Utah","linear_increase_sd","Future",2021-05-19,"combined_trend",NA,NA,NA,0.305817972999136,NA,NA,NA,NA
"Utah","return_normal","Future",2021-05-19,"combined_trend",NA,NA,NA,0.668292720593971,NA,NA,NA,NA
"Utah","status_quo","Future",2021-05-19,"combined_trend",NA,NA,NA,0.489032870954387,NA,NA,NA,NA
"Utah","linear_increase_sd","Future",2021-05-19,"cumulative_all_infections",1110541,1110456,1110362,1116480,1118141,1120733,1120786,1120873
"Utah","return_normal","Future",2021-05-19,"cumulative_all_infections",1117073,1116943,1116846,1120327,1119616,1124249,1124314,1124385
"Utah","status_quo","Future",2021-05-19,"cumulative_all_infections",1113778,1113674,1113552,1118358,1118839,1122431,1122502,1122565
"Utah","linear_increase_sd","Future",2021-05-19,"cumulative_cases",414482,413711,413457,416654,416732,418490,418647,418800
"Utah","return_normal","Future",2021-05-19,"cumulative_cases",414763,414252,413973,416880,416963,418528,418697,418768
"Utah","status_quo","Future",2021-05-19,"cumulative_cases",414531,414188,413939,416786,416914,418533,418678,418794
"Utah","linear_increase_sd","Future",2021-05-19,"cumulative_deaths",2500,2496,2495,2533,2540,2555,2559,2563
"Utah","return_normal","Future",2021-05-19,"cumulative_deaths",2499,2496,2494,2532,2540,2555,2558,2562
"Utah","status_quo","Future",2021-05-19,"cumulative_deaths",2499,2495,2494,2532,2539,2553,2558,2561
"Utah","linear_increase_sd","Future",2021-05-19,"cumulative_hosps",49239,49223,49217,49635,49563,50096,50107,50117
"Utah","return_normal","Future",2021-05-19,"cumulative_hosps",49240,49227,49217,49636,49564,50100,50104,50117
"Utah","status_quo","Future",2021-05-19,"cumulative_hosps",49242,49232,49224,49635,49558,50095,50105,50108
"Utah","linear_increase_sd","Future",2021-05-19,"daily_all_infections",248,243,235,661,579,1159,1181,1197
"Utah","return_normal","Future",2021-05-19,"daily_all_infections",584,573,560,1567,1377,2770,2793,2823
"Utah","status_quo","Future",2021-05-19,"daily_all_infections",407,399,388,1087,952,1912,1934,1949
"Utah","linear_increase_sd","Future",2021-05-19,"daily_cases",117,97,76,392,343,741,810,982
"Utah","return_normal","Future",2021-05-19,"daily_cases",161,128,103,528,399,1098,1275,1524
"Utah","status_quo","Future",2021-05-19,"daily_cases",132,92,73,451,405,888,1050,1153
"Utah","linear_increase_sd","Future",2021-05-19,"daily_deaths",0,0,0,2,1,4,5,6
"Utah","return_normal","Future",2021-05-19,"daily_deaths",0,0,0,2,1,4,5,7
"Utah","status_quo","Future",2021-05-19,"daily_deaths",0,0,0,2,1,4,7,9
"Utah","linear_increase_sd","Future",2021-05-19,"daily_hosps",25,22,19,54,52,86,90,94
"Utah","return_normal","Future",2021-05-19,"daily_hosps",26,25,22,56,53,85,91,94
"Utah","status_quo","Future",2021-05-19,"daily_hosps",26,23,21,55,52,88,93,94
"Utah","linear_increase_sd","Future",2021-05-19,"latent_trend",NA,NA,NA,0.747963764878231,NA,NA,NA,NA
"Utah","return_normal","Future",2021-05-19,"latent_trend",NA,NA,NA,0.747963764878231,NA,NA,NA,NA
"Utah","status_quo","Future",2021-05-19,"latent_trend",NA,NA,NA,0.747963764878231,NA,NA,NA,NA
"Utah","linear_increase_sd","Future",2021-05-19,"mobility_trend",NA,NA,NA,0.408867364114789,NA,NA,NA,NA
"Utah","return_normal","Future",2021-05-19,"mobility_trend",NA,NA,NA,0.893482748730174,NA,NA,NA,NA
"Utah","status_quo","Future",2021-05-19,"mobility_trend",NA,NA,NA,0.653818933373065,NA,NA,NA,NA
"Utah","linear_increase_sd","Future",2021-05-20,"combined_trend",NA,NA,NA,0.281651989226017,NA,NA,NA,NA
"Utah","return_normal","Future",2021-05-20,"combined_trend",NA,NA,NA,0.679028002765983,NA,NA,NA,NA
"Utah","status_quo","Future",2021-05-20,"combined_trend",NA,NA,NA,0.48250792816709,NA,NA,NA,NA
"Utah","linear_increase_sd","Future",2021-05-20,"cumulative_all_infections",1111557,1111479,1111361,1117066,1118373,1121241,1121302,1121402
"Utah","return_normal","Future",2021-05-20,"cumulative_all_infections",1119908,1119809,1119679,1121963,1120302,1125676,1125767,1125846
"Utah","status_quo","Future",2021-05-20,"cumulative_all_infections",1115651,1115550,1115401,1119428,1119251,1123382,1123465,1123508
"Utah","linear_increase_sd","Future",2021-05-20,"cumulative_cases",415078,414381,413981,417028,417208,418681,418812,418993
"Utah","return_normal","Future",2021-05-20,"cumulative_cases",415819,415047,414910,417413,417604,418769,418957,419111
"Utah","status_quo","Future",2021-05-20,"cumulative_cases",415291,414796,414602,417230,417378,418781,418944,419034
"Utah","linear_increase_sd","Future",2021-05-20,"cumulative_deaths",2502,2498,2497,2535,2542,2557,2560,2565
"Utah","return_normal","Future",2021-05-20,"cumulative_deaths",2500,2497,2495,2534,2541,2556,2559,2563
"Utah","status_quo","Future",2021-05-20,"cumulative_deaths",2501,2496,2495,2534,2540,2555,2559,2564
"Utah","linear_increase_sd","Future",2021-05-20,"cumulative_hosps",49324,49307,49299,49689,49617,50124,50133,50149
"Utah","return_normal","Future",2021-05-20,"cumulative_hosps",49327,49310,49300,49691,49614,50124,50132,50145
"Utah","status_quo","Future",2021-05-20,"cumulative_hosps",49330,49311,49300,49690,49611,50123,50132,50137
"Utah","linear_increase_sd","Future",2021-05-20,"daily_all_infections",224,213,206,586,513,1035,1059,1066
"Utah","return_normal","Future",2021-05-20,"daily_all_infections",609,587,579,1637,1420,2898,2934,2955
"Utah","status_quo","Future",2021-05-20,"daily_all_infections",393,382,377,1071,928,1899,1928,1942
"Utah","linear_increase_sd","Future",2021-05-20,"daily_cases",122,98,71,375,303,755,859,993
"Utah","return_normal","Future",2021-05-20,"daily_cases",150,117,94,534,405,1115,1251,1464
"Utah","status_quo","Future",2021-05-20,"daily_cases",134,110,91,444,348,899,1141,1280
"Utah","linear_increase_sd","Future",2021-05-20,"daily_deaths",0,0,0,2,1,4,6,8
"Utah","return_normal","Future",2021-05-20,"daily_deaths",0,0,0,2,1,4,6,7
"Utah","status_quo","Future",2021-05-20,"daily_deaths",0,0,0,2,1,4,6,9
"Utah","linear_increase_sd","Future",2021-05-20,"daily_hosps",24,23,21,55,53,88,93,97
"Utah","return_normal","Future",2021-05-20,"daily_hosps",24,22,20,56,54,91,96,101
"Utah","status_quo","Future",2021-05-20,"daily_hosps",25,21,20,55,53,90,95,98
"Utah","linear_increase_sd","Future",2021-05-20,"latent_trend",NA,NA,NA,0.737984025145651,NA,NA,NA,NA
"Utah","return_normal","Future",2021-05-20,"latent_trend",NA,NA,NA,0.737984025145651,NA,NA,NA,NA
"Utah","status_quo","Future",2021-05-20,"latent_trend",NA,NA,NA,0.737984025145651,NA,NA,NA,NA
"Utah","linear_increase_sd","Future",2021-05-20,"mobility_trend",NA,NA,NA,0.381650523086092,NA,NA,NA,NA
"Utah","return_normal","Future",2021-05-20,"mobility_trend",NA,NA,NA,0.92011206154763,NA,NA,NA,NA
"Utah","status_quo","Future",2021-05-20,"mobility_trend",NA,NA,NA,0.653818933373065,NA,NA,NA,NA
"Utah","linear_increase_sd","Future",2021-05-21,"combined_trend",NA,NA,NA,0.257940159825797,NA,NA,NA,NA
"Utah","return_normal","Future",2021-05-21,"combined_trend",NA,NA,NA,0.688993833768544,NA,NA,NA,NA
"Utah","status_quo","Future",2021-05-21,"combined_trend",NA,NA,NA,0.475818661455745,NA,NA,NA,NA
"Utah","linear_increase_sd","Future",2021-05-21,"cumulative_all_infections",1112451,1112354,1112245,1117579,1118578,1121688,1121760,1121848
"Utah","return_normal","Future",2021-05-21,"cumulative_all_infections",1120800,1120744,1120673,1123673,1123125,1127123,1127242,1127314
"Utah","status_quo","Future",2021-05-21,"cumulative_all_infections",1117476,1117352,1117204,1120474,1119638,1124266,1124345,1124433
"Utah","linear_increase_sd","Future",2021-05-21,"cumulative_cases",415509,414906,414514,417377,417605,418816,419030,419143
"Utah","return_normal","Future",2021-05-21,"cumulative_cases",416414,416134,415735,417945,418197,419050,419333,419578
"Utah","status_quo","Future",2021-05-21,"cumulative_cases",416075,415611,415221,417675,417894,418951,419070,419234
"Utah","linear_increase_sd","Future",2021-05-21,"cumulative_deaths",2504,2500,2497,2536,2543,2559,2563,2567
"Utah","return_normal","Future",2021-05-21,"cumulative_deaths",2502,2498,2497,2535,2542,2558,2560,2565
"Utah","status_quo","Future",2021-05-21,"cumulative_deaths",2503,2500,2495,2535,2541,2557,2563,2566
"Utah","linear_increase_sd","Future",2021-05-21,"cumulative_hosps",49410,49391,49372,49742,49666,50151,50161,50177
"Utah","return_normal","Future",2021-05-21,"cumulative_hosps",49415,49398,49389,49748,49670,50152,50160,50170
"Utah","status_quo","Future",2021-05-21,"cumulative_hosps",49414,49400,49381,49744,49663,50150,50161,50165
"Utah","linear_increase_sd","Future",2021-05-21,"daily_all_infections",195,188,180,514,444,915,928,938
"Utah","return_normal","Future",2021-05-21,"daily_all_infections",629,618,605,1710,1448,3055,3105,3125
"Utah","status_quo","Future",2021-05-21,"daily_all_infections",385,376,370,1046,889,1874,1901,1927
"Utah","linear_increase_sd","Future",2021-05-21,"daily_cases",98,73,58,350,257,684,762,1013
"Utah","return_normal","Future",2021-05-21,"daily_cases",142,120,100,533,408,1105,1355,1534
"Utah","status_quo","Future",2021-05-21,"daily_cases",104,80,69,446,342,927,1186,1387
"Utah","linear_increase_sd","Future",2021-05-21,"daily_deaths",0,0,0,2,1,5,6,8
"Utah","return_normal","Future",2021-05-21,"daily_deaths",0,0,0,2,1,4,6,9
"Utah","status_quo","Future",2021-05-21,"daily_deaths",0,0,0,2,1,4,6,8
"Utah","linear_increase_sd","Future",2021-05-21,"daily_hosps",23,21,19,53,50,87,91,96
"Utah","return_normal","Future",2021-05-21,"daily_hosps",24,21,19,57,55,92,99,102
"Utah","status_quo","Future",2021-05-21,"daily_hosps",24,21,20,55,52,90,94,98
"Utah","linear_increase_sd","Future",2021-05-21,"latent_trend",NA,NA,NA,0.727752956007235,NA,NA,NA,NA
"Utah","return_normal","Future",2021-05-21,"latent_trend",NA,NA,NA,0.727752956007235,NA,NA,NA,NA
"Utah","status_quo","Future",2021-05-21,"latent_trend",NA,NA,NA,0.727752956007235,NA,NA,NA,NA
"Utah","linear_increase_sd","Future",2021-05-21,"mobility_trend",NA,NA,NA,0.354433682057395,NA,NA,NA,NA
"Utah","return_normal","Future",2021-05-21,"mobility_trend",NA,NA,NA,0.946741374365087,NA,NA,NA,NA
"Utah","status_quo","Future",2021-05-21,"mobility_trend",NA,NA,NA,0.653818933373065,NA,NA,NA,NA
"Utah","linear_increase_sd","Future",2021-05-22,"combined_trend",NA,NA,NA,0.234704603070003,NA,NA,NA,NA
"Utah","return_normal","Future",2021-05-22,"combined_trend",NA,NA,NA,0.698174886283187,NA,NA,NA,NA
"Utah","status_quo","Future",2021-05-22,"combined_trend",NA,NA,NA,0.468968262008004,NA,NA,NA,NA
"Utah","linear_increase_sd","Future",2021-05-22,"cumulative_all_infections",1113197,1113124,1113040,1118020,1118739,1122061,1122148,1122224
"Utah","return_normal","Future",2021-05-22,"cumulative_all_infections",1121470,1121403,1121346,1125457,1126327,1128617,1128728,1128816
"Utah","status_quo","Future",2021-05-22,"cumulative_all_infections",1119259,1119141,1118986,1121490,1120034,1125125,1125209,1125307
"Utah","linear_increase_sd","Future",2021-05-22,"cumulative_cases",416013,415307,415002,417714,417966,419008,419211,419337
"Utah","return_normal","Future",2021-05-22,"cumulative_cases",417248,416882,416648,418498,418660,419514,419851,420261
"Utah","status_quo","Future",2021-05-22,"cumulative_cases",416701,416268,415843,418105,418321,419169,419425,419522
"Utah","linear_increase_sd","Future",2021-05-22,"cumulative_deaths",2505,2502,2500,2538,2544,2561,2565,2568
"Utah","return_normal","Future",2021-05-22,"cumulative_deaths",2503,2501,2498,2537,2544,2559,2561,2565
"Utah","status_quo","Future",2021-05-22,"cumulative_deaths",2505,2502,2498,2537,2542,2559,2564,2569
"Utah","linear_increase_sd","Future",2021-05-22,"cumulative_hosps",49492,49468,49452,49794,49718,50173,50189,50200
"Utah","return_normal","Future",2021-05-22,"cumulative_hosps",49503,49491,49479,49805,49727,50180,50188,50196
"Utah","status_quo","Future",2021-05-22,"cumulative_hosps",49499,49486,49468,49799,49715,50175,50185,50188
"Utah","linear_increase_sd","Future",2021-05-22,"daily_all_infections",165,158,152,441,373,793,809,820
"Utah","return_normal","Future",2021-05-22,"daily_all_infections",656,645,635,1785,1487,3227,3264,3276
"Utah","status_quo","Future",2021-05-22,"daily_all_infections",380,369,359,1017,852,1828,1859,1873
"Utah","linear_increase_sd","Future",2021-05-22,"daily_cases",90,71,62,337,271,691,822,958
"Utah","return_normal","Future",2021-05-22,"daily_cases",151,117,91,553,409,1151,1409,1626
"Utah","status_quo","Future",2021-05-22,"daily_cases",113,79,59,431,344,843,997,1196
"Utah","linear_increase_sd","Future",2021-05-22,"daily_deaths",0,0,0,2,1,4,6,7
"Utah","return_normal","Future",2021-05-22,"daily_deaths",0,0,0,2,1,5,7,8
"Utah","status_quo","Future",2021-05-22,"daily_deaths",0,0,0,2,1,5,6,8
"Utah","linear_increase_sd","Future",2021-05-22,"daily_hosps",21,20,18,53,51,88,91,96
"Utah","return_normal","Future",2021-05-22,"daily_hosps",24,22,20,57,54,95,100,103
"Utah","status_quo","Future",2021-05-22,"daily_hosps",22,19,18,55,52,91,96,99
"Utah","linear_increase_sd","Future",2021-05-22,"latent_trend",NA,NA,NA,0.717275438306119,NA,NA,NA,NA
"Utah","return_normal","Future",2021-05-22,"latent_trend",NA,NA,NA,0.717275438306119,NA,NA,NA,NA
"Utah","status_quo","Future",2021-05-22,"latent_trend",NA,NA,NA,0.717275438306119,NA,NA,NA,NA
"Utah","linear_increase_sd","Future",2021-05-22,"mobility_trend",NA,NA,NA,0.327216841028697,NA,NA,NA,NA
"Utah","return_normal","Future",2021-05-22,"mobility_trend",NA,NA,NA,0.973370687182543,NA,NA,NA,NA
"Utah","status_quo","Future",2021-05-22,"mobility_trend",NA,NA,NA,0.653818933373065,NA,NA,NA,NA
"Utah","linear_increase_sd","Future",2021-05-23,"combined_trend",NA,NA,NA,0.211967183865486,NA,NA,NA,NA
"Utah","return_normal","Future",2021-05-23,"combined_trend",NA,NA,NA,0.706557279551619,NA,NA,NA,NA
"Utah","status_quo","Future",2021-05-23,"combined_trend",NA,NA,NA,0.461960526883414,NA,NA,NA,NA
"Utah","linear_increase_sd","Future",2021-05-23,"cumulative_all_infections",1113876,1113776,1113684,1118393,1118888,1122380,1122438,1122547
"Utah","return_normal","Future",2021-05-23,"cumulative_all_infections",1122158,1122110,1122025,1127322,1129596,1130193,1130309,1130419
"Utah","status_quo","Future",2021-05-23,"cumulative_all_infections",1120348,1120260,1120207,1122480,1121175,1125940,1126021,1126155
"Utah","linear_increase_sd","Future",2021-05-23,"cumulative_cases",416468,415745,415380,418006,418271,419175,419426,419493
"Utah","return_normal","Future",2021-05-23,"cumulative_cases",417862,417520,417326,419074,419082,420133,420524,421058
"Utah","status_quo","Future",2021-05-23,"cumulative_cases",417221,416853,416616,418543,418703,419535,419777,420191
"Utah","linear_increase_sd","Future",2021-05-23,"cumulative_deaths",2507,2504,2501,2539,2545,2563,2568,2572
"Utah","return_normal","Future",2021-05-23,"cumulative_deaths",2505,2502,2501,2539,2544,2561,2564,2567
"Utah","status_quo","Future",2021-05-23,"cumulative_deaths",2506,2502,2498,2538,2542,2561,2566,2569
"Utah","linear_increase_sd","Future",2021-05-23,"cumulative_hosps",49568,49553,49539,49844,49762,50197,50212,50224
"Utah","return_normal","Future",2021-05-23,"cumulative_hosps",49596,49580,49565,49864,49780,50207,50217,50222
"Utah","status_quo","Future",2021-05-23,"cumulative_hosps",49587,49571,49556,49853,49767,50199,50209,50213
"Utah","linear_increase_sd","Future",2021-05-23,"daily_all_infections",140,135,131,374,309,679,699,705
"Utah","return_normal","Future",2021-05-23,"daily_all_infections",697,685,669,1865,1532,3387,3451,3462
"Utah","status_quo","Future",2021-05-23,"daily_all_infections",368,350,346,990,815,1811,1824,1841
"Utah","linear_increase_sd","Future",2021-05-23,"daily_cases",78,64,57,293,236,564,693,785
"Utah","return_normal","Future",2021-05-23,"daily_cases",154,119,106,577,462,1111,1534,1796
"Utah","status_quo","Future",2021-05-23,"daily_cases",114,88,72,439,334,920,1241,1368
"Utah","linear_increase_sd","Future",2021-05-23,"daily_deaths",0,0,0,2,0,4,6,9
"Utah","return_normal","Future",2021-05-23,"daily_deaths",0,0,0,2,1,5,7,9
"Utah","status_quo","Future",2021-05-23,"daily_deaths",0,0,0,2,1,4,5,7
"Utah","linear_increase_sd","Future",2021-05-23,"daily_hosps",21,18,16,50,47,84,89,92
"Utah","return_normal","Future",2021-05-23,"daily_hosps",23,20,20,59,56,98,102,109
"Utah","status_quo","Future",2021-05-23,"daily_hosps",21,19,18,55,51,92,96,100
"Utah","linear_increase_sd","Future",2021-05-23,"latent_trend",NA,NA,NA,0.706557279551619,NA,NA,NA,NA
"Utah","return_normal","Future",2021-05-23,"latent_trend",NA,NA,NA,0.706557279551619,NA,NA,NA,NA
"Utah","status_quo","Future",2021-05-23,"latent_trend",NA,NA,NA,0.706557279551619,NA,NA,NA,NA
"Utah","linear_increase_sd","Future",2021-05-23,"mobility_trend",NA,NA,NA,0.3,NA,NA,NA,NA
"Utah","return_normal","Future",2021-05-23,"mobility_trend",NA,NA,NA,1,NA,NA,NA,NA
"Utah","status_quo","Future",2021-05-23,"mobility_trend",NA,NA,NA,0.653818933373065,NA,NA,NA,NA
"Utah","linear_increase_sd","Future",2021-05-24,"combined_trend",NA,NA,NA,0.211967183865486,NA,NA,NA,NA
"Utah","return_normal","Future",2021-05-24,"combined_trend",NA,NA,NA,0.706557279551619,NA,NA,NA,NA
"Utah","status_quo","Future",2021-05-24,"combined_trend",NA,NA,NA,0.461960526883414,NA,NA,NA,NA
"Utah","linear_increase_sd","Future",2021-05-24,"cumulative_all_infections",1114422,1114319,1114243,1118705,1119012,1122635,1122692,1122806
"Utah","return_normal","Future",2021-05-24,"cumulative_all_infections",1122896,1122826,1122748,1129265,1131613,1133457,1133688,1133818
"Utah","status_quo","Future",2021-05-24,"cumulative_all_infections",1120723,1120617,1120574,1123433,1122899,1126723,1126796,1126899
"Utah","linear_increase_sd","Future",2021-05-24,"cumulative_cases",416932,416121,415781,418282,418506,419359,419583,419801
"Utah","return_normal","Future",2021-05-24,"cumulative_cases",418456,418198,417771,419656,419531,420899,421520,422089
"Utah","status_quo","Future",2021-05-24,"cumulative_cases",417752,417417,417169,418970,419017,419930,420385,420856
"Utah","linear_increase_sd","Future",2021-05-24,"cumulative_deaths",2508,2504,2502,2541,2546,2564,2569,2575
"Utah","return_normal","Future",2021-05-24,"cumulative_deaths",2508,2504,2502,2540,2545,2563,2566,2570
"Utah","status_quo","Future",2021-05-24,"cumulative_deaths",2508,2504,2501,2539,2543,2563,2567,2570
"Utah","linear_increase_sd","Future",2021-05-24,"cumulative_hosps",49645,49628,49620,49893,49810,50219,50233,50245
"Utah","return_normal","Future",2021-05-24,"cumulative_hosps",49689,49672,49664,49923,49837,50235,50243,50253
"Utah","status_quo","Future",2021-05-24,"cumulative_hosps",49671,49659,49636,49907,49818,50224,50232,50240
"Utah","linear_increase_sd","Future",2021-05-24,"daily_all_infections",121,115,112,313,255,571,581,589
"Utah","return_normal","Future",2021-05-24,"daily_all_infections",726,706,694,1944,1564,3561,3605,3653
"Utah","status_quo","Future",2021-05-24,"daily_all_infections",365,351,341,954,770,1737,1769,1782
"Utah","linear_increase_sd","Future",2021-05-24,"daily_cases",77,55,50,276,230,573,713,796
"Utah","return_normal","Future",2021-05-24,"daily_cases",141,111,98,583,457,1176,1473,1616
"Utah","status_quo","Future",2021-05-24,"daily_cases",125,92,69,427,320,861,1029,1319
"Utah","linear_increase_sd","Future",2021-05-24,"daily_deaths",0,0,0,2,1,4,6,7
"Utah","return_normal","Future",2021-05-24,"daily_deaths",0,0,0,2,1,4,6,10
"Utah","status_quo","Future",2021-05-24,"daily_deaths",0,0,0,2,1,4,5,7
"Utah","linear_increase_sd","Future",2021-05-24,"daily_hosps",19,17,16,49,47,83,88,91
"Utah","return_normal","Future",2021-05-24,"daily_hosps",24,22,20,60,55,101,106,111
"Utah","status_quo","Future",2021-05-24,"daily_hosps",21,19,17,55,51,93,100,102
"Utah","linear_increase_sd","Future",2021-05-24,"latent_trend",NA,NA,NA,0.706557279551619,NA,NA,NA,NA
"Utah","return_normal","Future",2021-05-24,"latent_trend",NA,NA,NA,0.706557279551619,NA,NA,NA,NA
"Utah","status_quo","Future",2021-05-24,"latent_trend",NA,NA,NA,0.706557279551619,NA,NA,NA,NA
"Utah","linear_increase_sd","Future",2021-05-24,"mobility_trend",NA,NA,NA,0.3,NA,NA,NA,NA
"Utah","return_normal","Future",2021-05-24,"mobility_trend",NA,NA,NA,1,NA,NA,NA,NA
"Utah","status_quo","Future",2021-05-24,"mobility_trend",NA,NA,NA,0.653818933373065,NA,NA,NA,NA
"Utah","linear_increase_sd","Future",2021-05-25,"combined_trend",NA,NA,NA,0.211967183865486,NA,NA,NA,NA
"Utah","return_normal","Future",2021-05-25,"combined_trend",NA,NA,NA,0.706557279551619,NA,NA,NA,NA
"Utah","status_quo","Future",2021-05-25,"combined_trend",NA,NA,NA,0.461960526883414,NA,NA,NA,NA
"Utah","linear_increase_sd","Future",2021-05-25,"cumulative_all_infections",1114930,1114830,1114749,1118991,1119125,1122869,1122941,1123035
"Utah","return_normal","Future",2021-05-25,"cumulative_all_infections",1123659,1123562,1123470,1131276,1133204,1137119,1137420,1137587
"Utah","status_quo","Future",2021-05-25,"cumulative_all_infections",1121083,1120964,1120915,1124375,1124596,1127477,1127570,1127699
"Utah","linear_increase_sd","Future",2021-05-25,"cumulative_cases",417244,416516,416254,418531,418720,419490,419740,420076
"Utah","return_normal","Future",2021-05-25,"cumulative_cases",419021,418807,418447,420284,419982,422036,422823,423189
"Utah","status_quo","Future",2021-05-25,"cumulative_cases",418328,418026,417712,419408,419408,420649,421135,421439
"Utah","linear_increase_sd","Future",2021-05-25,"cumulative_deaths",2509,2506,2504,2542,2547,2565,2570,2576
"Utah","return_normal","Future",2021-05-25,"cumulative_deaths",2509,2506,2503,2542,2545,2565,2568,2572
"Utah","status_quo","Future",2021-05-25,"cumulative_deaths",2510,2505,2503,2541,2545,2563,2569,2571
"Utah","linear_increase_sd","Future",2021-05-25,"cumulative_hosps",49723,49706,49687,49939,49851,50239,50251,50268
"Utah","return_normal","Future",2021-05-25,"cumulative_hosps",49792,49774,49759,49985,49896,50262,50274,50279
"Utah","status_quo","Future",2021-05-25,"cumulative_hosps",49763,49745,49723,49961,49868,50247,50256,50261
"Utah","linear_increase_sd","Future",2021-05-25,"daily_all_infections",107,103,100,287,232,525,543,550
"Utah","return_normal","Future",2021-05-25,"daily_all_infections",751,733,723,2011,1596,3723,3761,3796
"Utah","status_quo","Future",2021-05-25,"daily_all_infections",345,335,331,942,748,1741,1774,1787
"Utah","linear_increase_sd","Future",2021-05-25,"daily_cases",68,54,47,249,186,492,606,676
"Utah","return_normal","Future",2021-05-25,"daily_cases",155,120,83,629,464,1392,1640,1818
"Utah","status_quo","Future",2021-05-25,"daily_cases",111,84,66,438,376,845,1073,1314
"Utah","linear_increase_sd","Future",2021-05-25,"daily_deaths",0,0,0,2,1,4,5,6
"Utah","return_normal","Future",2021-05-25,"daily_deaths",0,0,0,2,0,4,6,8
"Utah","status_quo","Future",2021-05-25,"daily_deaths",0,0,0,2,0,4,5,6
"Utah","linear_increase_sd","Future",2021-05-25,"daily_hosps",17,15,14,47,43,83,86,90
"Utah","return_normal","Future",2021-05-25,"daily_hosps",23,21,20,63,58,108,113,118
"Utah","status_quo","Future",2021-05-25,"daily_hosps",19,17,16,55,50,95,98,101
"Utah","linear_increase_sd","Future",2021-05-25,"latent_trend",NA,NA,NA,0.706557279551619,NA,NA,NA,NA
"Utah","return_normal","Future",2021-05-25,"latent_trend",NA,NA,NA,0.706557279551619,NA,NA,NA,NA
"Utah","status_quo","Future",2021-05-25,"latent_trend",NA,NA,NA,0.706557279551619,NA,NA,NA,NA
"Utah","linear_increase_sd","Future",2021-05-25,"mobility_trend",NA,NA,NA,0.3,NA,NA,NA,NA
"Utah","return_normal","Future",2021-05-25,"mobility_trend",NA,NA,NA,1,NA,NA,NA,NA
"Utah","status_quo","Future",2021-05-25,"mobility_trend",NA,NA,NA,0.653818933373065,NA,NA,NA,NA
"Utah","linear_increase_sd","Future",2021-05-26,"combined_trend",NA,NA,NA,0.211967183865486,NA,NA,NA,NA
"Utah","return_normal","Future",2021-05-26,"combined_trend",NA,NA,NA,0.706557279551619,NA,NA,NA,NA
"Utah","status_quo","Future",2021-05-26,"combined_trend",NA,NA,NA,0.461960526883414,NA,NA,NA,NA
"Utah","linear_increase_sd","Future",2021-05-26,"cumulative_all_infections",1115408,1115301,1115214,1119252,1119229,1123079,1123158,1123232
"Utah","return_normal","Future",2021-05-26,"cumulative_all_infections",1124444,1124311,1124245,1133368,1134848,1141031,1141342,1141494
"Utah","status_quo","Future",2021-05-26,"cumulative_all_infections",1121424,1121301,1121256,1125301,1126305,1128230,1128299,1128440
"Utah","linear_increase_sd","Future",2021-05-26,"cumulative_cases",417676,417019,416571,418752,418904,419706,419972,420330
"Utah","return_normal","Future",2021-05-26,"cumulative_cases",419484,419271,418947,420958,420464,423333,424154,424498
"Utah","status_quo","Future",2021-05-26,"cumulative_cases",418817,418377,418200,419819,419640,421226,421825,422407
"Utah","linear_increase_sd","Future",2021-05-26,"cumulative_deaths",2513,2507,2504,2544,2548,2566,2572,2577
"Utah","return_normal","Future",2021-05-26,"cumulative_deaths",2512,2507,2505,2543,2547,2567,2571,2573
"Utah","status_quo","Future",2021-05-26,"cumulative_deaths",2511,2506,2504,2542,2545,2565,2571,2572
"Utah","linear_increase_sd","Future",2021-05-26,"cumulative_hosps",49794,49774,49766,49983,49890,50259,50273,50285
"Utah","return_normal","Future",2021-05-26,"cumulative_hosps",49894,49884,49865,50049,49965,50289,50302,50307
"Utah","status_quo","Future",2021-05-26,"cumulative_hosps",49852,49832,49813,50014,49921,50268,50278,50287
"Utah","linear_increase_sd","Future",2021-05-26,"daily_all_infections",97,92,87,261,208,484,498,510
"Utah","return_normal","Future",2021-05-26,"daily_all_infections",769,756,744,2093,1637,3896,3934,3964
"Utah","status_quo","Future",2021-05-26,"daily_all_infections",341,333,322,926,724,1721,1746,1762
"Utah","linear_increase_sd","Future",2021-05-26,"daily_cases",61,48,43,222,161,470,553,706
"Utah","return_normal","Future",2021-05-26,"daily_cases",168,139,109,674,518,1397,1689,1967
"Utah","status_quo","Future",2021-05-26,"daily_cases",108,85,62,411,294,869,1037,1193
"Utah","linear_increase_sd","Future",2021-05-26,"daily_deaths",0,0,0,2,1,4,6,8
"Utah","return_normal","Future",2021-05-26,"daily_deaths",0,0,0,2,1,5,7,8
"Utah","status_quo","Future",2021-05-26,"daily_deaths",0,0,0,2,1,4,5,6
"Utah","linear_increase_sd","Future",2021-05-26,"daily_hosps",17,15,14,45,42,75,82,87
"Utah","return_normal","Future",2021-05-26,"daily_hosps",24,22,19,64,60,111,118,121
"Utah","status_quo","Future",2021-05-26,"daily_hosps",20,18,16,54,48,95,99,103
"Utah","linear_increase_sd","Future",2021-05-26,"latent_trend",NA,NA,NA,0.706557279551619,NA,NA,NA,NA
"Utah","return_normal","Future",2021-05-26,"latent_trend",NA,NA,NA,0.706557279551619,NA,NA,NA,NA
"Utah","status_quo","Future",2021-05-26,"latent_trend",NA,NA,NA,0.706557279551619,NA,NA,NA,NA
"Utah","linear_increase_sd","Future",2021-05-26,"mobility_trend",NA,NA,NA,0.3,NA,NA,NA,NA
"Utah","return_normal","Future",2021-05-26,"mobility_trend",NA,NA,NA,1,NA,NA,NA,NA
"Utah","status_quo","Future",2021-05-26,"mobility_trend",NA,NA,NA,0.653818933373065,NA,NA,NA,NA
"Utah","linear_increase_sd","Future",2021-05-27,"combined_trend",NA,NA,NA,0.211967183865486,NA,NA,NA,NA
"Utah","return_normal","Future",2021-05-27,"combined_trend",NA,NA,NA,0.706557279551619,NA,NA,NA,NA
"Utah","status_quo","Future",2021-05-27,"combined_trend",NA,NA,NA,0.461960526883414,NA,NA,NA,NA
"Utah","linear_increase_sd","Future",2021-05-27,"cumulative_all_infections",1115834,1115728,1115654,1119488,1119320,1123270,1123374,1123422
"Utah","return_normal","Future",2021-05-27,"cumulative_all_infections",1125248,1125106,1125024,1135545,1136517,1145082,1145465,1145612
"Utah","status_quo","Future",2021-05-27,"cumulative_all_infections",1121760,1121625,1121591,1126206,1127974,1128938,1129044,1129163
"Utah","linear_increase_sd","Future",2021-05-27,"cumulative_cases",417922,417258,416858,418945,419027,419832,420183,420439
"Utah","return_normal","Future",2021-05-27,"cumulative_cases",419811,419608,419246,421620,421074,424606,425309,425602
"Utah","status_quo","Future",2021-05-27,"cumulative_cases",419093,418880,418547,420230,419941,421803,422840,423133
"Utah","linear_increase_sd","Future",2021-05-27,"cumulative_deaths",2514,2508,2505,2545,2548,2568,2574,2579
"Utah","return_normal","Future",2021-05-27,"cumulative_deaths",2514,2510,2506,2545,2547,2569,2573,2575
"Utah","status_quo","Future",2021-05-27,"cumulative_deaths",2514,2509,2505,2543,2546,2565,2572,2573
"Utah","linear_increase_sd","Future",2021-05-27,"cumulative_hosps",49860,49846,49831,50025,49933,50279,50291,50304
"Utah","return_normal","Future",2021-05-27,"cumulative_hosps",49980,49969,49959,50114,50046,50315,50327,50334
"Utah","status_quo","Future",2021-05-27,"cumulative_hosps",49924,49913,49901,50067,49982,50290,50301,50309
"Utah","linear_increase_sd","Future",2021-05-27,"daily_all_infections",88,82,79,236,184,444,452,459
"Utah","return_normal","Future",2021-05-27,"daily_all_infections",795,770,762,2177,1674,4085,4124,4165
"Utah","status_quo","Future",2021-05-27,"daily_all_infections",327,319,311,906,711,1692,1716,1737
"Utah","linear_increase_sd","Future",2021-05-27,"daily_cases",49,34,27,193,140,405,520,589
"Utah","return_normal","Future",2021-05-27,"daily_cases",174,134,118,663,484,1361,1602,1987
"Utah","status_quo","Future",2021-05-27,"daily_cases",126,84,78,412,313,874,1010,1213
"Utah","linear_increase_sd","Future",2021-05-27,"daily_deaths",0,0,0,2,0,4,5,7
"Utah","return_normal","Future",2021-05-27,"daily_deaths",0,0,0,2,1,5,6,7
"Utah","status_quo","Future",2021-05-27,"daily_deaths",0,0,0,2,0,4,6,7
"Utah","linear_increase_sd","Future",2021-05-27,"daily_hosps",16,14,13,42,39,73,78,81
"Utah","return_normal","Future",2021-05-27,"daily_hosps",23,20,18,65,59,113,120,125
"Utah","status_quo","Future",2021-05-27,"daily_hosps",20,19,17,53,49,92,99,101
"Utah","linear_increase_sd","Future",2021-05-27,"latent_trend",NA,NA,NA,0.706557279551619,NA,NA,NA,NA
"Utah","return_normal","Future",2021-05-27,"latent_trend",NA,NA,NA,0.706557279551619,NA,NA,NA,NA
"Utah","status_quo","Future",2021-05-27,"latent_trend",NA,NA,NA,0.706557279551619,NA,NA,NA,NA
"Utah","linear_increase_sd","Future",2021-05-27,"mobility_trend",NA,NA,NA,0.3,NA,NA,NA,NA
"Utah","return_normal","Future",2021-05-27,"mobility_trend",NA,NA,NA,1,NA,NA,NA,NA
"Utah","status_quo","Future",2021-05-27,"mobility_trend",NA,NA,NA,0.653818933373065,NA,NA,NA,NA
"Utah","linear_increase_sd","Future",2021-05-28,"combined_trend",NA,NA,NA,0.211967183865486,NA,NA,NA,NA
"Utah","return_normal","Future",2021-05-28,"combined_trend",NA,NA,NA,0.706557279551619,NA,NA,NA,NA
"Utah","status_quo","Future",2021-05-28,"combined_trend",NA,NA,NA,0.461960526883414,NA,NA,NA,NA
"Utah","linear_increase_sd","Future",2021-05-28,"cumulative_all_infections",1116206,1116108,1116041,1119699,1119399,1123432,1123545,1123605
"Utah","return_normal","Future",2021-05-28,"cumulative_all_infections",1126085,1125911,1125813,1137804,1138222,1149393,1149757,1149930
"Utah","status_quo","Future",2021-05-28,"cumulative_all_infections",1122082,1121956,1121908,1127097,1129327,1129961,1130100,1130214
"Utah","linear_increase_sd","Future",2021-05-28,"cumulative_cases",418070,417483,417108,419104,419179,420000,420292,420672
"Utah","return_normal","Future",2021-05-28,"cumulative_cases",420103,419932,419694,422352,421657,425838,426983,427171
"Utah","status_quo","Future",2021-05-28,"cumulative_cases",419349,419100,418783,420619,420295,422385,423345,423994
"Utah","linear_increase_sd","Future",2021-05-28,"cumulative_deaths",2516,2511,2508,2546,2548,2570,2576,2581
"Utah","return_normal","Future",2021-05-28,"cumulative_deaths",2517,2512,2508,2547,2548,2571,2574,2579
"Utah","status_quo","Future",2021-05-28,"cumulative_deaths",2516,2510,2505,2545,2546,2566,2573,2575
"Utah","linear_increase_sd","Future",2021-05-28,"cumulative_hosps",49921,49903,49892,50063,49976,50296,50308,50322
"Utah","return_normal","Future",2021-05-28,"cumulative_hosps",50052,50033,50025,50181,50139,50343,50356,50363
"Utah","status_quo","Future",2021-05-28,"cumulative_hosps",49988,49972,49963,50117,50050,50310,50321,50328
"Utah","linear_increase_sd","Future",2021-05-28,"daily_all_infections",75,70,67,211,163,394,407,426
"Utah","return_normal","Future",2021-05-28,"daily_all_infections",822,798,779,2259,1699,4275,4329,4362
"Utah","status_quo","Future",2021-05-28,"daily_all_infections",324,312,302,892,681,1685,1713,1734
"Utah","linear_increase_sd","Future",2021-05-28,"daily_cases",41,33,29,159,121,331,423,486
"Utah","return_normal","Future",2021-05-28,"daily_cases",199,175,128,732,508,1670,1947,2204
"Utah","status_quo","Future",2021-05-28,"daily_cases",105,80,69,389,296,796,979,1315
"Utah","linear_increase_sd","Future",2021-05-28,"daily_deaths",0,0,0,2,1,4,5,7
"Utah","return_normal","Future",2021-05-28,"daily_deaths",0,0,0,2,1,5,7,10
"Utah","status_quo","Future",2021-05-28,"daily_deaths",0,0,0,2,0,4,5,6
"Utah","linear_increase_sd","Future",2021-05-28,"daily_hosps",14,13,11,39,35,68,73,75
"Utah","return_normal","Future",2021-05-28,"daily_hosps",24,22,21,68,62,120,126,128
"Utah","status_quo","Future",2021-05-28,"daily_hosps",18,16,14,51,46,91,94,97
"Utah","linear_increase_sd","Future",2021-05-28,"latent_trend",NA,NA,NA,0.706557279551619,NA,NA,NA,NA
"Utah","return_normal","Future",2021-05-28,"latent_trend",NA,NA,NA,0.706557279551619,NA,NA,NA,NA
"Utah","status_quo","Future",2021-05-28,"latent_trend",NA,NA,NA,0.706557279551619,NA,NA,NA,NA
"Utah","linear_increase_sd","Future",2021-05-28,"mobility_trend",NA,NA,NA,0.3,NA,NA,NA,NA
"Utah","return_normal","Future",2021-05-28,"mobility_trend",NA,NA,NA,1,NA,NA,NA,NA
"Utah","status_quo","Future",2021-05-28,"mobility_trend",NA,NA,NA,0.653818933373065,NA,NA,NA,NA
"Utah","linear_increase_sd","Future",2021-05-29,"combined_trend",NA,NA,NA,0.211967183865486,NA,NA,NA,NA
"Utah","return_normal","Future",2021-05-29,"combined_trend",NA,NA,NA,0.706557279551619,NA,NA,NA,NA
"Utah","status_quo","Future",2021-05-29,"combined_trend",NA,NA,NA,0.461960526883414,NA,NA,NA,NA
"Utah","linear_increase_sd","Future",2021-05-29,"cumulative_all_infections",1116560,1116461,1116398,1119888,1119473,1123585,1123698,1123752
"Utah","return_normal","Future",2021-05-29,"cumulative_all_infections",1126934,1126795,1126635,1140160,1139967,1153852,1154245,1154432
"Utah","status_quo","Future",2021-05-29,"cumulative_all_infections",1122408,1122299,1122195,1127970,1130130,1131505,1131682,1131910
"Utah","linear_increase_sd","Future",2021-05-29,"cumulative_cases",418238,417682,417333,419258,419294,420275,420550,420928
"Utah","return_normal","Future",2021-05-29,"cumulative_cases",420376,420229,419969,423095,422249,427283,428278,429067
"Utah","status_quo","Future",2021-05-29,"cumulative_cases",419566,419318,419152,421003,420557,423136,424125,424731
"Utah","linear_increase_sd","Future",2021-05-29,"cumulative_deaths",2518,2512,2509,2547,2549,2570,2577,2582
"Utah","return_normal","Future",2021-05-29,"cumulative_deaths",2519,2515,2508,2549,2550,2572,2577,2582
"Utah","status_quo","Future",2021-05-29,"cumulative_deaths",2518,2513,2508,2546,2547,2568,2575,2577
"Utah","linear_increase_sd","Future",2021-05-29,"cumulative_hosps",49967,49956,49942,50099,50019,50309,50324,50334
"Utah","return_normal","Future",2021-05-29,"cumulative_hosps",50115,50099,50086,50251,50262,50371,50383,50390
"Utah","status_quo","Future",2021-05-29,"cumulative_hosps",50042,50021,50012,50170,50129,50332,50341,50350
"Utah","linear_increase_sd","Future",2021-05-29,"daily_all_infections",67,63,61,190,144,363,373,383
"Utah","return_normal","Future",2021-05-29,"daily_all_infections",862,837,830,2357,1747,4487,4512,4562
"Utah","status_quo","Future",2021-05-29,"daily_all_infections",318,309,295,874,662,1661,1688,1704
"Utah","linear_increase_sd","Future",2021-05-29,"daily_cases",44,34,25,155,116,345,432,505
"Utah","return_normal","Future",2021-05-29,"daily_cases",199,162,140,744,513,1539,1924,2238
"Utah","status_quo","Future",2021-05-29,"daily_cases",113,79,63,385,313,810,984,1149
"Utah","linear_increase_sd","Future",2021-05-29,"daily_deaths",0,0,0,2,0,3,5,7
"Utah","return_normal","Future",2021-05-29,"daily_deaths",0,0,0,2,1,5,8,9
"Utah","status_quo","Future",2021-05-29,"daily_deaths",0,0,0,2,1,4,5,7
"Utah","linear_increase_sd","Future",2021-05-29,"daily_hosps",13,10,9,36,33,63,67,69
"Utah","return_normal","Future",2021-05-29,"daily_hosps",24,22,21,70,61,126,131,135
"Utah","status_quo","Future",2021-05-29,"daily_hosps",19,17,16,53,47,95,102,105
"Utah","linear_increase_sd","Future",2021-05-29,"latent_trend",NA,NA,NA,0.706557279551619,NA,NA,NA,NA
"Utah","return_normal","Future",2021-05-29,"latent_trend",NA,NA,NA,0.706557279551619,NA,NA,NA,NA
"Utah","status_quo","Future",2021-05-29,"latent_trend",NA,NA,NA,0.706557279551619,NA,NA,NA,NA
"Utah","linear_increase_sd","Future",2021-05-29,"mobility_trend",NA,NA,NA,0.3,NA,NA,NA,NA
"Utah","return_normal","Future",2021-05-29,"mobility_trend",NA,NA,NA,1,NA,NA,NA,NA
"Utah","status_quo","Future",2021-05-29,"mobility_trend",NA,NA,NA,0.653818933373065,NA,NA,NA,NA
"Utah","linear_increase_sd","Future",2021-05-30,"combined_trend",NA,NA,NA,0.211967183865486,NA,NA,NA,NA
"Utah","return_normal","Future",2021-05-30,"combined_trend",NA,NA,NA,0.706557279551619,NA,NA,NA,NA
"Utah","status_quo","Future",2021-05-30,"combined_trend",NA,NA,NA,0.461960526883414,NA,NA,NA,NA
"Utah","linear_increase_sd","Future",2021-05-30,"cumulative_all_infections",1116869,1116759,1116706,1120057,1119541,1123717,1123808,1123877
"Utah","return_normal","Future",2021-05-30,"cumulative_all_infections",1127832,1127689,1127490,1142605,1141770,1158512,1158984,1159200
"Utah","status_quo","Future",2021-05-30,"cumulative_all_infections",1122729,1122596,1122493,1128826,1130781,1133122,1133359,1133553
"Utah","linear_increase_sd","Future",2021-05-30,"cumulative_cases",418452,417833,417527,419388,419375,420409,420740,421116
"Utah","return_normal","Future",2021-05-30,"cumulative_cases",420682,420536,420325,423889,422899,428886,430017,430484
"Utah","status_quo","Future",2021-05-30,"cumulative_cases",419706,419548,419312,421369,420857,423820,424713,425589
"Utah","linear_increase_sd","Future",2021-05-30,"cumulative_deaths",2520,2513,2510,2549,2550,2572,2578,2583
"Utah","return_normal","Future",2021-05-30,"cumulative_deaths",2521,2516,2512,2550,2550,2575,2579,2583
"Utah","status_quo","Future",2021-05-30,"cumulative_deaths",2520,2514,2509,2548,2548,2569,2576,2580
"Utah","linear_increase_sd","Future",2021-05-30,"cumulative_hosps",50003,49993,49979,50132,50066,50321,50337,50350
"Utah","return_normal","Future",2021-05-30,"cumulative_hosps",50180,50162,50148,50324,50365,50418,50437,50452
"Utah","status_quo","Future",2021-05-30,"cumulative_hosps",50086,50067,50059,50221,50218,50353,50362,50372
"Utah","linear_increase_sd","Future",2021-05-30,"daily_all_infections",60,55,53,169,127,320,330,335
"Utah","return_normal","Future",2021-05-30,"daily_all_infections",887,872,857,2446,1783,4677,4721,4767
"Utah","status_quo","Future",2021-05-30,"daily_all_infections",310,301,291,856,642,1634,1657,1677
"Utah","linear_increase_sd","Future",2021-05-30,"daily_cases",33,28,22,130,98,270,338,392
"Utah","return_normal","Future",2021-05-30,"daily_cases",201,165,144,794,565,1661,2121,2331
"Utah","status_quo","Future",2021-05-30,"daily_cases",104,86,65,367,265,787,921,1015
"Utah","linear_increase_sd","Future",2021-05-30,"daily_deaths",0,0,0,2,0,4,5,8
"Utah","return_normal","Future",2021-05-30,"daily_deaths",0,0,0,2,1,4,6,8
"Utah","status_quo","Future",2021-05-30,"daily_deaths",0,0,0,2,1,4,7,9
"Utah","linear_increase_sd","Future",2021-05-30,"daily_hosps",11,10,9,33,29,59,62,67
"Utah","return_normal","Future",2021-05-30,"daily_hosps",26,23,22,73,63,133,138,142
"Utah","status_quo","Future",2021-05-30,"daily_hosps",17,15,14,51,45,92,95,102
"Utah","linear_increase_sd","Future",2021-05-30,"latent_trend",NA,NA,NA,0.706557279551619,NA,NA,NA,NA
"Utah","return_normal","Future",2021-05-30,"latent_trend",NA,NA,NA,0.706557279551619,NA,NA,NA,NA
"Utah","status_quo","Future",2021-05-30,"latent_trend",NA,NA,NA,0.706557279551619,NA,NA,NA,NA
"Utah","linear_increase_sd","Future",2021-05-30,"mobility_trend",NA,NA,NA,0.3,NA,NA,NA,NA
"Utah","return_normal","Future",2021-05-30,"mobility_trend",NA,NA,NA,1,NA,NA,NA,NA
"Utah","status_quo","Future",2021-05-30,"mobility_trend",NA,NA,NA,0.653818933373065,NA,NA,NA,NA
"Utah","linear_increase_sd","Future",2021-05-31,"combined_trend",NA,NA,NA,0.211967183865486,NA,NA,NA,NA
"Utah","return_normal","Future",2021-05-31,"combined_trend",NA,NA,NA,0.706557279551619,NA,NA,NA,NA
"Utah","status_quo","Future",2021-05-31,"combined_trend",NA,NA,NA,0.461960526883414,NA,NA,NA,NA
"Utah","linear_increase_sd","Future",2021-05-31,"cumulative_all_infections",1117139,1117037,1116998,1120208,1119594,1123832,1123924,1124003
"Utah","return_normal","Future",2021-05-31,"cumulative_all_infections",1128764,1128593,1128408,1145145,1143576,1163378,1163846,1164210
"Utah","status_quo","Future",2021-05-31,"cumulative_all_infections",1123029,1122898,1122788,1129662,1131396,1134723,1134957,1135169
"Utah","linear_increase_sd","Future",2021-05-31,"cumulative_cases",418557,418010,417696,419506,419482,420564,420888,421370
"Utah","return_normal","Future",2021-05-31,"cumulative_cases",420997,420830,420631,424681,423496,430322,431236,431886
"Utah","status_quo","Future",2021-05-31,"cumulative_cases",419886,419737,419555,421735,421062,424520,425385,426040
"Utah","linear_increase_sd","Future",2021-05-31,"cumulative_deaths",2522,2514,2510,2550,2552,2573,2580,2583
"Utah","return_normal","Future",2021-05-31,"cumulative_deaths",2525,2518,2514,2552,2552,2576,2581,2586
"Utah","status_quo","Future",2021-05-31,"cumulative_deaths",2523,2517,2511,2549,2550,2571,2576,2580
"Utah","linear_increase_sd","Future",2021-05-31,"cumulative_hosps",50037,50022,50013,50161,50114,50334,50353,50362
"Utah","return_normal","Future",2021-05-31,"cumulative_hosps",50248,50227,50212,50399,50414,50542,50565,50585
"Utah","status_quo","Future",2021-05-31,"cumulative_hosps",50131,50110,50099,50271,50304,50374,50386,50391
"Utah","linear_increase_sd","Future",2021-05-31,"daily_all_infections",53,50,48,152,114,294,302,308
"Utah","return_normal","Future",2021-05-31,"daily_all_infections",913,898,884,2540,1826,4904,4962,5003
"Utah","status_quo","Future",2021-05-31,"daily_all_infections",295,286,281,837,618,1619,1641,1653
"Utah","linear_increase_sd","Future",2021-05-31,"daily_cases",30,21,16,118,95,259,303,356
"Utah","return_normal","Future",2021-05-31,"daily_cases",193,155,126,792,580,1658,2134,2695
"Utah","status_quo","Future",2021-05-31,"daily_cases",98,72,57,366,264,733,905,1042
"Utah","linear_increase_sd","Future",2021-05-31,"daily_deaths",0,0,0,2,1,4,6,7
"Utah","return_normal","Future",2021-05-31,"daily_deaths",0,0,0,2,1,5,7,8
"Utah","status_quo","Future",2021-05-31,"daily_deaths",0,0,0,2,0,4,5,7
"Utah","linear_increase_sd","Future",2021-05-31,"daily_hosps",10,8,7,30,26,54,58,59
"Utah","return_normal","Future",2021-05-31,"daily_hosps",27,24,22,76,64,138,143,147
"Utah","status_quo","Future",2021-05-31,"daily_hosps",17,16,13,51,43,92,96,100
"Utah","linear_increase_sd","Future",2021-05-31,"latent_trend",NA,NA,NA,0.706557279551619,NA,NA,NA,NA
"Utah","return_normal","Future",2021-05-31,"latent_trend",NA,NA,NA,0.706557279551619,NA,NA,NA,NA
"Utah","status_quo","Future",2021-05-31,"latent_trend",NA,NA,NA,0.706557279551619,NA,NA,NA,NA
"Utah","linear_increase_sd","Future",2021-05-31,"mobility_trend",NA,NA,NA,0.3,NA,NA,NA,NA
"Utah","return_normal","Future",2021-05-31,"mobility_trend",NA,NA,NA,1,NA,NA,NA,NA
"Utah","status_quo","Future",2021-05-31,"mobility_trend",NA,NA,NA,0.653818933373065,NA,NA,NA,NA
"Utah","linear_increase_sd","Future",2021-06-01,"combined_trend",NA,NA,NA,0.211967183865486,NA,NA,NA,NA
"Utah","return_normal","Future",2021-06-01,"combined_trend",NA,NA,NA,0.706557279551619,NA,NA,NA,NA
"Utah","status_quo","Future",2021-06-01,"combined_trend",NA,NA,NA,0.461960526883414,NA,NA,NA,NA
"Utah","linear_increase_sd","Future",2021-06-01,"cumulative_all_infections",1117400,1117279,1117231,1120342,1119649,1123944,1124014,1124118
"Utah","return_normal","Future",2021-06-01,"cumulative_all_infections",1129739,1129532,1129329,1147787,1145470,1168448,1168974,1169454
"Utah","status_quo","Future",2021-06-01,"cumulative_all_infections",1123310,1123188,1123085,1130482,1131983,1136309,1136547,1136769
"Utah","linear_increase_sd","Future",2021-06-01,"cumulative_cases",418669,418152,417850,419604,419543,420743,421051,421556
"Utah","return_normal","Future",2021-06-01,"cumulative_cases",421284,421139,421002,425469,424076,431963,432726,433536
"Utah","status_quo","Future",2021-06-01,"cumulative_cases",420047,419871,419717,422094,421321,425286,426145,426873
"Utah","linear_increase_sd","Future",2021-06-01,"cumulative_deaths",2524,2517,2512,2551,2552,2575,2582,2586
"Utah","return_normal","Future",2021-06-01,"cumulative_deaths",2527,2520,2517,2553,2553,2577,2583,2587
"Utah","status_quo","Future",2021-06-01,"cumulative_deaths",2525,2520,2514,2550,2550,2571,2577,2582
"Utah","linear_increase_sd","Future",2021-06-01,"cumulative_hosps",50063,50048,50041,50188,50158,50345,50364,50372
"Utah","return_normal","Future",2021-06-01,"cumulative_hosps",50319,50300,50274,50478,50445,50680,50706,50734
"Utah","status_quo","Future",2021-06-01,"cumulative_hosps",50170,50152,50140,50320,50364,50424,50442,50457
"Utah","linear_increase_sd","Future",2021-06-01,"daily_all_infections",47,43,41,135,100,262,274,281
"Utah","return_normal","Future",2021-06-01,"daily_all_infections",941,917,904,2643,1881,5129,5185,5217
"Utah","status_quo","Future",2021-06-01,"daily_all_infections",290,281,272,820,592,1590,1617,1635
"Utah","linear_increase_sd","Future",2021-06-01,"daily_cases",26,19,15,99,73,210,273,299
"Utah","return_normal","Future",2021-06-01,"daily_cases",227,175,139,789,571,1676,2119,2440
"Utah","status_quo","Future",2021-06-01,"daily_cases",88,67,49,360,269,795,947,1084
"Utah","linear_increase_sd","Future",2021-06-01,"daily_deaths",0,0,0,2,0,4,5,7
"Utah","return_normal","Future",2021-06-01,"daily_deaths",0,0,0,2,1,4,6,8
"Utah","status_quo","Future",2021-06-01,"daily_deaths",0,0,0,2,0,4,6,7
"Utah","linear_increase_sd","Future",2021-06-01,"daily_hosps",9,8,7,27,23,48,53,56
"Utah","return_normal","Future",2021-06-01,"daily_hosps",28,26,24,79,67,145,150,154
"Utah","status_quo","Future",2021-06-01,"daily_hosps",16,14,13,50,42,91,95,99
"Utah","linear_increase_sd","Future",2021-06-01,"latent_trend",NA,NA,NA,0.706557279551619,NA,NA,NA,NA
"Utah","return_normal","Future",2021-06-01,"latent_trend",NA,NA,NA,0.706557279551619,NA,NA,NA,NA
"Utah","status_quo","Future",2021-06-01,"latent_trend",NA,NA,NA,0.706557279551619,NA,NA,NA,NA
"Utah","linear_increase_sd","Future",2021-06-01,"mobility_trend",NA,NA,NA,0.3,NA,NA,NA,NA
"Utah","return_normal","Future",2021-06-01,"mobility_trend",NA,NA,NA,1,NA,NA,NA,NA
"Utah","status_quo","Future",2021-06-01,"mobility_trend",NA,NA,NA,0.653818933373065,NA,NA,NA,NA
"Utah","linear_increase_sd","Future",2021-06-02,"combined_trend",NA,NA,NA,0.211967183865486,NA,NA,NA,NA
"Utah","return_normal","Future",2021-06-02,"combined_trend",NA,NA,NA,0.706557279551619,NA,NA,NA,NA
"Utah","status_quo","Future",2021-06-02,"combined_trend",NA,NA,NA,0.461960526883414,NA,NA,NA,NA
"Utah","linear_increase_sd","Future",2021-06-02,"cumulative_all_infections",1117622,1117493,1117459,1120461,1119694,1124033,1124090,1124218
"Utah","return_normal","Future",2021-06-02,"cumulative_all_infections",1130710,1130478,1130329,1150533,1147374,1173828,1174399,1174915
"Utah","status_quo","Future",2021-06-02,"cumulative_all_infections",1123615,1123460,1123366,1131288,1132550,1137848,1138147,1138347
"Utah","linear_increase_sd","Future",2021-06-02,"cumulative_cases",418786,418302,418009,419700,419633,420840,421288,421831
"Utah","return_normal","Future",2021-06-02,"cumulative_cases",421657,421467,421348,426304,424675,433347,434649,435775
"Utah","status_quo","Future",2021-06-02,"cumulative_cases",420204,420029,419945,422430,421576,425964,426638,427455
"Utah","linear_increase_sd","Future",2021-06-02,"cumulative_deaths",2525,2518,2514,2552,2553,2576,2583,2586
"Utah","return_normal","Future",2021-06-02,"cumulative_deaths",2529,2522,2518,2555,2555,2579,2586,2587
"Utah","status_quo","Future",2021-06-02,"cumulative_deaths",2527,2522,2518,2552,2551,2572,2578,2583
"Utah","linear_increase_sd","Future",2021-06-02,"cumulative_hosps",50083,50069,50060,50212,50199,50354,50372,50383
"Utah","return_normal","Future",2021-06-02,"cumulative_hosps",50389,50365,50343,50560,50477,50824,50853,50878
"Utah","status_quo","Future",2021-06-02,"cumulative_hosps",50211,50193,50179,50369,50400,50500,50532,50543
"Utah","linear_increase_sd","Future",2021-06-02,"daily_all_infections",44,39,36,119,86,229,240,249
"Utah","return_normal","Future",2021-06-02,"daily_all_infections",985,956,948,2746,1913,5381,5422,5476
"Utah","status_quo","Future",2021-06-02,"daily_all_infections",288,275,271,806,572,1572,1599,1618
"Utah","linear_increase_sd","Future",2021-06-02,"daily_cases",27,19,14,96,66,207,238,287
"Utah","return_normal","Future",2021-06-02,"daily_cases",218,162,147,835,608,1771,2258,2654
"Utah","status_quo","Future",2021-06-02,"daily_cases",90,74,51,337,254,708,873,1057
"Utah","linear_increase_sd","Future",2021-06-02,"daily_deaths",0,0,0,2,0,3,5,6
"Utah","return_normal","Future",2021-06-02,"daily_deaths",0,0,0,2,1,4,7,10
"Utah","status_quo","Future",2021-06-02,"daily_deaths",0,0,0,2,0,4,6,7
"Utah","linear_increase_sd","Future",2021-06-02,"daily_hosps",8,7,6,24,20,45,49,51
"Utah","return_normal","Future",2021-06-02,"daily_hosps",29,25,23,83,69,155,160,164
"Utah","status_quo","Future",2021-06-02,"daily_hosps",18,15,13,49,41,91,95,99
"Utah","linear_increase_sd","Future",2021-06-02,"latent_trend",NA,NA,NA,0.706557279551619,NA,NA,NA,NA
"Utah","return_normal","Future",2021-06-02,"latent_trend",NA,NA,NA,0.706557279551619,NA,NA,NA,NA
"Utah","status_quo","Future",2021-06-02,"latent_trend",NA,NA,NA,0.706557279551619,NA,NA,NA,NA
"Utah","linear_increase_sd","Future",2021-06-02,"mobility_trend",NA,NA,NA,0.3,NA,NA,NA,NA
"Utah","return_normal","Future",2021-06-02,"mobility_trend",NA,NA,NA,1,NA,NA,NA,NA
"Utah","status_quo","Future",2021-06-02,"mobility_trend",NA,NA,NA,0.653818933373065,NA,NA,NA,NA
"Utah","linear_increase_sd","Future",2021-06-03,"combined_trend",NA,NA,NA,0.211967183865486,NA,NA,NA,NA
"Utah","return_normal","Future",2021-06-03,"combined_trend",NA,NA,NA,0.706557279551619,NA,NA,NA,NA
"Utah","status_quo","Future",2021-06-03,"combined_trend",NA,NA,NA,0.461960526883414,NA,NA,NA,NA
"Utah","linear_increase_sd","Future",2021-06-03,"cumulative_all_infections",1117818,1117691,1117652,1120567,1119738,1124100,1124168,1124300
"Utah","return_normal","Future",2021-06-03,"cumulative_all_infections",1131743,1131503,1131316,1153385,1149331,1179357,1180023,1180598
"Utah","status_quo","Future",2021-06-03,"cumulative_all_infections",1123905,1123743,1123645,1132070,1133093,1139388,1139652,1139904
"Utah","linear_increase_sd","Future",2021-06-03,"cumulative_cases",418853,418493,418093,419785,419696,420960,421456,421936
"Utah","return_normal","Future",2021-06-03,"cumulative_cases",421996,421814,421622,427238,425196,435386,436856,437707
"Utah","status_quo","Future",2021-06-03,"cumulative_cases",420351,420127,420029,422768,421883,426612,427262,428120
"Utah","linear_increase_sd","Future",2021-06-03,"cumulative_deaths",2529,2520,2516,2553,2554,2576,2584,2588
"Utah","return_normal","Future",2021-06-03,"cumulative_deaths",2531,2528,2520,2557,2556,2580,2587,2593
"Utah","status_quo","Future",2021-06-03,"cumulative_deaths",2528,2524,2521,2553,2552,2575,2579,2584
"Utah","linear_increase_sd","Future",2021-06-03,"cumulative_hosps",50100,50088,50081,50233,50236,50361,50383,50394
"Utah","return_normal","Future",2021-06-03,"cumulative_hosps",50453,50433,50409,50646,50516,50987,51011,51031
"Utah","status_quo","Future",2021-06-03,"cumulative_hosps",50249,50236,50221,50415,50420,50579,50618,50623
"Utah","linear_increase_sd","Future",2021-06-03,"daily_all_infections",37,33,29,107,78,210,219,227
"Utah","return_normal","Future",2021-06-03,"daily_all_infections",1028,1000,985,2853,1963,5620,5672,5721
"Utah","status_quo","Future",2021-06-03,"daily_all_infections",278,270,261,783,546,1534,1562,1579
"Utah","linear_increase_sd","Future",2021-06-03,"daily_cases",21,15,11,86,61,192,247,282
"Utah","return_normal","Future",2021-06-03,"daily_cases",257,222,155,935,612,2053,2708,3097
"Utah","status_quo","Future",2021-06-03,"daily_cases",75,64,52,338,234,783,943,1140
"Utah","linear_increase_sd","Future",2021-06-03,"daily_deaths",0,0,0,1,0,3,5,6
"Utah","return_normal","Future",2021-06-03,"daily_deaths",0,0,0,2,1,6,7,10
"Utah","status_quo","Future",2021-06-03,"daily_deaths",0,0,0,2,0,4,6,8
"Utah","linear_increase_sd","Future",2021-06-03,"daily_hosps",7,5,5,22,18,40,44,45
"Utah","return_normal","Future",2021-06-03,"daily_hosps",28,27,24,86,69,162,169,174
"Utah","status_quo","Future",2021-06-03,"daily_hosps",16,13,12,47,40,87,93,96
"Utah","linear_increase_sd","Future",2021-06-03,"latent_trend",NA,NA,NA,0.706557279551619,NA,NA,NA,NA
"Utah","return_normal","Future",2021-06-03,"latent_trend",NA,NA,NA,0.706557279551619,NA,NA,NA,NA
"Utah","status_quo","Future",2021-06-03,"latent_trend",NA,NA,NA,0.706557279551619,NA,NA,NA,NA
"Utah","linear_increase_sd","Future",2021-06-03,"mobility_trend",NA,NA,NA,0.3,NA,NA,NA,NA
"Utah","return_normal","Future",2021-06-03,"mobility_trend",NA,NA,NA,1,NA,NA,NA,NA
"Utah","status_quo","Future",2021-06-03,"mobility_trend",NA,NA,NA,0.653818933373065,NA,NA,NA,NA
"Utah","linear_increase_sd","Future",2021-06-04,"combined_trend",NA,NA,NA,0.211967183865486,NA,NA,NA,NA
"Utah","return_normal","Future",2021-06-04,"combined_trend",NA,NA,NA,0.706557279551619,NA,NA,NA,NA
"Utah","status_quo","Future",2021-06-04,"combined_trend",NA,NA,NA,0.461960526883414,NA,NA,NA,NA
"Utah","linear_increase_sd","Future",2021-06-04,"cumulative_all_infections",1117991,1117862,1117819,1120662,1119772,1124173,1124244,1124375
"Utah","return_normal","Future",2021-06-04,"cumulative_all_infections",1132777,1132534,1132349,1156343,1151339,1185252,1185941,1186489
"Utah","status_quo","Future",2021-06-04,"cumulative_all_infections",1124160,1124000,1123884,1132842,1133620,1140890,1141171,1141447
"Utah","linear_increase_sd","Future",2021-06-04,"cumulative_cases",418909,418569,418177,419860,419745,421105,421654,422051
"Utah","return_normal","Future",2021-06-04,"cumulative_cases",422360,422148,421823,428181,425931,437180,438461,439712
"Utah","status_quo","Future",2021-06-04,"cumulative_cases",420453,420257,420188,423103,422167,427248,427734,428974
"Utah","linear_increase_sd","Future",2021-06-04,"cumulative_deaths",2529,2523,2517,2554,2554,2577,2585,2589
"Utah","return_normal","Future",2021-06-04,"cumulative_deaths",2534,2530,2523,2559,2558,2583,2590,2595
"Utah","status_quo","Future",2021-06-04,"cumulative_deaths",2529,2525,2522,2554,2553,2576,2581,2586
"Utah","linear_increase_sd","Future",2021-06-04,"cumulative_hosps",50115,50105,50093,50252,50264,50369,50391,50401
"Utah","return_normal","Future",2021-06-04,"cumulative_hosps",50516,50486,50471,50736,50565,51146,51174,51202
"Utah","status_quo","Future",2021-06-04,"cumulative_hosps",50286,50270,50260,50461,50437,50665,50698,50714
"Utah","linear_increase_sd","Future",2021-06-04,"daily_all_infections",32,28,26,95,69,187,192,197
"Utah","return_normal","Future",2021-06-04,"daily_all_infections",1052,1023,1002,2958,1995,5875,5925,5962
"Utah","status_quo","Future",2021-06-04,"daily_all_infections",267,256,248,773,536,1524,1550,1569
"Utah","linear_increase_sd","Future",2021-06-04,"daily_cases",19,15,12,76,53,164,220,234
"Utah","return_normal","Future",2021-06-04,"daily_cases",248,187,142,943,649,2146,2525,2901
"Utah","status_quo","Future",2021-06-04,"daily_cases",86,63,52,336,229,784,911,1021
"Utah","linear_increase_sd","Future",2021-06-04,"daily_deaths",0,0,0,1,0,3,4,5
"Utah","return_normal","Future",2021-06-04,"daily_deaths",0,0,0,2,1,5,8,9
"Utah","status_quo","Future",2021-06-04,"daily_deaths",0,0,0,2,1,4,5,7
"Utah","linear_increase_sd","Future",2021-06-04,"daily_hosps",6,5,3,19,16,35,39,41
"Utah","return_normal","Future",2021-06-04,"daily_hosps",31,29,27,90,71,167,176,181
"Utah","status_quo","Future",2021-06-04,"daily_hosps",15,13,12,47,38,86,92,95
"Utah","linear_increase_sd","Future",2021-06-04,"latent_trend",NA,NA,NA,0.706557279551619,NA,NA,NA,NA
"Utah","return_normal","Future",2021-06-04,"latent_trend",NA,NA,NA,0.706557279551619,NA,NA,NA,NA
"Utah","status_quo","Future",2021-06-04,"latent_trend",NA,NA,NA,0.706557279551619,NA,NA,NA,NA
"Utah","linear_increase_sd","Future",2021-06-04,"mobility_trend",NA,NA,NA,0.3,NA,NA,NA,NA
"Utah","return_normal","Future",2021-06-04,"mobility_trend",NA,NA,NA,1,NA,NA,NA,NA
"Utah","status_quo","Future",2021-06-04,"mobility_trend",NA,NA,NA,0.653818933373065,NA,NA,NA,NA
"Utah","linear_increase_sd","Future",2021-06-05,"combined_trend",NA,NA,NA,0.211967183865486,NA,NA,NA,NA
"Utah","return_normal","Future",2021-06-05,"combined_trend",NA,NA,NA,0.706557279551619,NA,NA,NA,NA
"Utah","status_quo","Future",2021-06-05,"combined_trend",NA,NA,NA,0.461960526883414,NA,NA,NA,NA
"Utah","linear_increase_sd","Future",2021-06-05,"cumulative_all_infections",1118155,1118026,1117968,1120747,1119804,1124241,1124302,1124439
"Utah","return_normal","Future",2021-06-05,"cumulative_all_infections",1133864,1133586,1133446,1159418,1153354,1191393,1192145,1192743
"Utah","status_quo","Future",2021-06-05,"cumulative_all_infections",1124414,1124229,1124158,1133596,1134142,1142388,1142682,1142968
"Utah","linear_increase_sd","Future",2021-06-05,"cumulative_cases",418965,418702,418235,419928,419783,421199,421825,422143
"Utah","return_normal","Future",2021-06-05,"cumulative_cases",422701,422439,422241,429090,426608,438426,440467,441794
"Utah","status_quo","Future",2021-06-05,"cumulative_cases",420566,420373,420261,423431,422442,427800,428612,429381
"Utah","linear_increase_sd","Future",2021-06-05,"cumulative_deaths",2529,2524,2520,2555,2554,2577,2586,2591
"Utah","return_normal","Future",2021-06-05,"cumulative_deaths",2537,2532,2529,2561,2560,2587,2592,2597
"Utah","status_quo","Future",2021-06-05,"cumulative_deaths",2533,2526,2523,2556,2554,2577,2584,2586
"Utah","linear_increase_sd","Future",2021-06-05,"cumulative_hosps",50130,50119,50104,50268,50293,50379,50397,50407
"Utah","return_normal","Future",2021-06-05,"cumulative_hosps",50555,50542,50528,50828,50623,51312,51343,51376
"Utah","status_quo","Future",2021-06-05,"cumulative_hosps",50321,50304,50293,50506,50456,50746,50775,50788
"Utah","linear_increase_sd","Future",2021-06-05,"daily_all_infections",29,26,25,86,60,171,178,180
"Utah","return_normal","Future",2021-06-05,"daily_all_infections",1092,1073,1060,3075,2032,6141,6211,6233
"Utah","status_quo","Future",2021-06-05,"daily_all_infections",262,247,243,754,510,1499,1529,1545
"Utah","linear_increase_sd","Future",2021-06-05,"daily_cases",16,11,10,68,45,157,192,218
"Utah","return_normal","Future",2021-06-05,"daily_cases",251,187,143,909,650,1875,2642,3079
"Utah","status_quo","Future",2021-06-05,"daily_cases",72,59,44,329,213,762,960,1044
"Utah","linear_increase_sd","Future",2021-06-05,"daily_deaths",0,0,0,1,0,3,5,6
"Utah","return_normal","Future",2021-06-05,"daily_deaths",0,0,0,2,1,5,7,10
"Utah","status_quo","Future",2021-06-05,"daily_deaths",0,0,0,2,0,4,6,7
"Utah","linear_increase_sd","Future",2021-06-05,"daily_hosps",5,4,4,17,13,32,34,36
"Utah","return_normal","Future",2021-06-05,"daily_hosps",32,29,28,93,73,174,180,185
"Utah","status_quo","Future",2021-06-05,"daily_hosps",16,14,12,45,37,85,91,94
"Utah","linear_increase_sd","Future",2021-06-05,"latent_trend",NA,NA,NA,0.706557279551619,NA,NA,NA,NA
"Utah","return_normal","Future",2021-06-05,"latent_trend",NA,NA,NA,0.706557279551619,NA,NA,NA,NA
"Utah","status_quo","Future",2021-06-05,"latent_trend",NA,NA,NA,0.706557279551619,NA,NA,NA,NA
"Utah","linear_increase_sd","Future",2021-06-05,"mobility_trend",NA,NA,NA,0.3,NA,NA,NA,NA
"Utah","return_normal","Future",2021-06-05,"mobility_trend",NA,NA,NA,1,NA,NA,NA,NA
"Utah","status_quo","Future",2021-06-05,"mobility_trend",NA,NA,NA,0.653818933373065,NA,NA,NA,NA
"Utah","linear_increase_sd","Future",2021-06-06,"combined_trend",NA,NA,NA,0.211967183865486,NA,NA,NA,NA
"Utah","return_normal","Future",2021-06-06,"combined_trend",NA,NA,NA,0.706557279551619,NA,NA,NA,NA
"Utah","status_quo","Future",2021-06-06,"combined_trend",NA,NA,NA,0.461960526883414,NA,NA,NA,NA
"Utah","linear_increase_sd","Future",2021-06-06,"cumulative_all_infections",1118295,1118176,1118107,1120822,1119828,1124286,1124356,1124496
"Utah","return_normal","Future",2021-06-06,"cumulative_all_infections",1135003,1134711,1134554,1162599,1155445,1197779,1198542,1199066
"Utah","status_quo","Future",2021-06-06,"cumulative_all_infections",1124669,1124494,1124401,1134335,1134631,1143828,1144187,1144494
"Utah","linear_increase_sd","Future",2021-06-06,"cumulative_cases",419019,418766,418326,419990,419837,421335,421919,422218
"Utah","return_normal","Future",2021-06-06,"cumulative_cases",423063,422776,422576,430069,427349,440409,442273,444425
"Utah","status_quo","Future",2021-06-06,"cumulative_cases",420693,420478,420387,423764,422659,428442,429361,429878
"Utah","linear_increase_sd","Future",2021-06-06,"cumulative_deaths",2531,2525,2520,2556,2554,2579,2586,2591
"Utah","return_normal","Future",2021-06-06,"cumulative_deaths",2540,2535,2532,2563,2561,2587,2594,2598
"Utah","status_quo","Future",2021-06-06,"cumulative_deaths",2536,2528,2524,2557,2555,2578,2584,2587
"Utah","linear_increase_sd","Future",2021-06-06,"cumulative_hosps",50143,50133,50119,50283,50315,50388,50405,50414
"Utah","return_normal","Future",2021-06-06,"cumulative_hosps",50595,50584,50575,50923,50690,51496,51527,51548
"Utah","status_quo","Future",2021-06-06,"cumulative_hosps",50356,50339,50334,50552,50472,50838,50859,50874
"Utah","linear_increase_sd","Future",2021-06-06,"daily_all_infections",24,22,20,75,53,150,159,163
"Utah","return_normal","Future",2021-06-06,"daily_all_infections",1128,1109,1084,3182,2086,6363,6417,6476
"Utah","status_quo","Future",2021-06-06,"daily_all_infections",258,242,237,740,496,1478,1497,1517
"Utah","linear_increase_sd","Future",2021-06-06,"daily_cases",15,11,8,62,42,140,187,205
"Utah","return_normal","Future",2021-06-06,"daily_cases",249,190,172,980,657,2074,2698,3186
"Utah","status_quo","Future",2021-06-06,"daily_cases",81,69,56,333,228,752,1001,1093
"Utah","linear_increase_sd","Future",2021-06-06,"daily_deaths",0,0,0,1,0,2,4,5
"Utah","return_normal","Future",2021-06-06,"daily_deaths",0,0,0,2,1,6,7,9
"Utah","status_quo","Future",2021-06-06,"daily_deaths",0,0,0,2,0,4,5,6
"Utah","linear_increase_sd","Future",2021-06-06,"daily_hosps",4,3,3,16,13,29,30,32
"Utah","return_normal","Future",2021-06-06,"daily_hosps",33,29,27,96,75,184,193,198
"Utah","status_quo","Future",2021-06-06,"daily_hosps",14,13,12,46,36,88,93,97
"Utah","linear_increase_sd","Future",2021-06-06,"latent_trend",NA,NA,NA,0.706557279551619,NA,NA,NA,NA
"Utah","return_normal","Future",2021-06-06,"latent_trend",NA,NA,NA,0.706557279551619,NA,NA,NA,NA
"Utah","status_quo","Future",2021-06-06,"latent_trend",NA,NA,NA,0.706557279551619,NA,NA,NA,NA
"Utah","linear_increase_sd","Future",2021-06-06,"mobility_trend",NA,NA,NA,0.3,NA,NA,NA,NA
"Utah","return_normal","Future",2021-06-06,"mobility_trend",NA,NA,NA,1,NA,NA,NA,NA
"Utah","status_quo","Future",2021-06-06,"mobility_trend",NA,NA,NA,0.653818933373065,NA,NA,NA,NA
"Utah","linear_increase_sd","Future",2021-06-07,"combined_trend",NA,NA,NA,0.211967183865486,NA,NA,NA,NA
"Utah","return_normal","Future",2021-06-07,"combined_trend",NA,NA,NA,0.706557279551619,NA,NA,NA,NA
"Utah","status_quo","Future",2021-06-07,"combined_trend",NA,NA,NA,0.461960526883414,NA,NA,NA,NA
"Utah","linear_increase_sd","Future",2021-06-07,"cumulative_all_infections",1118420,1118312,1118233,1120889,1119854,1124330,1124409,1124545
"Utah","return_normal","Future",2021-06-07,"cumulative_all_infections",1136179,1135872,1135689,1165902,1157584,1204376,1205192,1205768
"Utah","status_quo","Future",2021-06-07,"cumulative_all_infections",1124930,1124775,1124643,1135060,1135114,1145286,1145676,1146009
"Utah","linear_increase_sd","Future",2021-06-07,"cumulative_cases",419043,418854,418400,420041,419866,421404,421991,422288
"Utah","return_normal","Future",2021-06-07,"cumulative_cases",423496,423049,422889,431112,427943,442391,445080,446558
"Utah","status_quo","Future",2021-06-07,"cumulative_cases",420807,420643,420524,424074,422851,428983,429839,430447
"Utah","linear_increase_sd","Future",2021-06-07,"cumulative_deaths",2532,2525,2522,2556,2555,2581,2587,2591
"Utah","return_normal","Future",2021-06-07,"cumulative_deaths",2543,2538,2536,2565,2563,2590,2596,2600
"Utah","status_quo","Future",2021-06-07,"cumulative_deaths",2538,2532,2526,2559,2556,2580,2585,2587
"Utah","linear_increase_sd","Future",2021-06-07,"cumulative_hosps",50153,50143,50129,50296,50337,50396,50412,50424
"Utah","return_normal","Future",2021-06-07,"cumulative_hosps",50636,50619,50611,51023,50770,51687,51716,51736
"Utah","status_quo","Future",2021-06-07,"cumulative_hosps",50389,50374,50367,50595,50486,50915,50939,50955
"Utah","linear_increase_sd","Future",2021-06-07,"daily_all_infections",23,20,17,68,46,135,142,151
"Utah","return_normal","Future",2021-06-07,"daily_all_infections",1176,1148,1125,3303,2128,6647,6703,6750
"Utah","status_quo","Future",2021-06-07,"daily_all_infections",248,240,230,726,475,1455,1484,1515
"Utah","linear_increase_sd","Future",2021-06-07,"daily_cases",13,9,7,51,38,107,129,156
"Utah","return_normal","Future",2021-06-07,"daily_cases",254,185,139,1043,709,2259,2835,3187
"Utah","status_quo","Future",2021-06-07,"daily_cases",69,58,50,311,206,704,816,1030
"Utah","linear_increase_sd","Future",2021-06-07,"daily_deaths",0,0,0,1,0,2,3,4
"Utah","return_normal","Future",2021-06-07,"daily_deaths",0,0,0,3,1,5,7,10
"Utah","status_quo","Future",2021-06-07,"daily_deaths",0,0,0,2,1,4,5,7
"Utah","linear_increase_sd","Future",2021-06-07,"daily_hosps",4,3,3,14,11,27,29,32
"Utah","return_normal","Future",2021-06-07,"daily_hosps",35,31,30,101,78,194,199,204
"Utah","status_quo","Future",2021-06-07,"daily_hosps",14,12,11,43,35,82,88,92
"Utah","linear_increase_sd","Future",2021-06-07,"latent_trend",NA,NA,NA,0.706557279551619,NA,NA,NA,NA
"Utah","return_normal","Future",2021-06-07,"latent_trend",NA,NA,NA,0.706557279551619,NA,NA,NA,NA
"Utah","status_quo","Future",2021-06-07,"latent_trend",NA,NA,NA,0.706557279551619,NA,NA,NA,NA
"Utah","linear_increase_sd","Future",2021-06-07,"mobility_trend",NA,NA,NA,0.3,NA,NA,NA,NA
"Utah","return_normal","Future",2021-06-07,"mobility_trend",NA,NA,NA,1,NA,NA,NA,NA
"Utah","status_quo","Future",2021-06-07,"mobility_trend",NA,NA,NA,0.653818933373065,NA,NA,NA,NA
"Utah","linear_increase_sd","Future",2021-06-08,"combined_trend",NA,NA,NA,0.211967183865486,NA,NA,NA,NA
"Utah","return_normal","Future",2021-06-08,"combined_trend",NA,NA,NA,0.706557279551619,NA,NA,NA,NA
"Utah","status_quo","Future",2021-06-08,"combined_trend",NA,NA,NA,0.461960526883414,NA,NA,NA,NA
"Utah","linear_increase_sd","Future",2021-06-08,"cumulative_all_infections",1118534,1118419,1118347,1120948,1119874,1124380,1124454,1124586
"Utah","return_normal","Future",2021-06-08,"cumulative_all_infections",1137389,1137098,1136898,1169322,1159764,1211280,1212217,1212827
"Utah","status_quo","Future",2021-06-08,"cumulative_all_infections",1125172,1125007,1124880,1135767,1135571,1146699,1147062,1147435
"Utah","linear_increase_sd","Future",2021-06-08,"cumulative_cases",419106,418885,418461,420088,419890,421482,422058,422353
"Utah","return_normal","Future",2021-06-08,"cumulative_cases",423820,423464,423252,432186,428724,444650,447283,448807
"Utah","status_quo","Future",2021-06-08,"cumulative_cases",420980,420761,420660,424399,423122,429643,430536,431398
"Utah","linear_increase_sd","Future",2021-06-08,"cumulative_deaths",2532,2527,2523,2557,2555,2581,2588,2592
"Utah","return_normal","Future",2021-06-08,"cumulative_deaths",2545,2541,2538,2567,2565,2593,2598,2603
"Utah","status_quo","Future",2021-06-08,"cumulative_deaths",2540,2532,2528,2560,2558,2581,2586,2589
"Utah","linear_increase_sd","Future",2021-06-08,"cumulative_hosps",50162,50153,50137,50308,50354,50407,50420,50432
"Utah","return_normal","Future",2021-06-08,"cumulative_hosps",50670,50655,50646,51126,50847,51881,51906,51930
"Utah","status_quo","Future",2021-06-08,"cumulative_hosps",50421,50405,50396,50636,50507,50995,51020,51030
"Utah","linear_increase_sd","Future",2021-06-08,"daily_all_infections",20,18,17,59,40,121,126,131
"Utah","return_normal","Future",2021-06-08,"daily_all_infections",1202,1179,1153,3421,2187,6930,6997,7035
"Utah","status_quo","Future",2021-06-08,"daily_all_infections",243,233,226,708,459,1432,1463,1475
"Utah","linear_increase_sd","Future",2021-06-08,"daily_cases",12,8,6,48,38,99,123,151
"Utah","return_normal","Future",2021-06-08,"daily_cases",271,218,196,1075,716,2381,2833,3671
"Utah","status_quo","Future",2021-06-08,"daily_cases",77,60,51,325,200,722,883,1048
"Utah","linear_increase_sd","Future",2021-06-08,"daily_deaths",0,0,0,1,0,2,3,4
"Utah","return_normal","Future",2021-06-08,"daily_deaths",0,0,0,3,1,6,9,11
"Utah","status_quo","Future",2021-06-08,"daily_deaths",0,0,0,2,0,4,5,6
"Utah","linear_increase_sd","Future",2021-06-08,"daily_hosps",3,3,2,12,10,24,26,28
"Utah","return_normal","Future",2021-06-08,"daily_hosps",34,30,29,103,77,202,209,215
"Utah","status_quo","Future",2021-06-08,"daily_hosps",13,12,10,42,33,81,88,90
"Utah","linear_increase_sd","Future",2021-06-08,"latent_trend",NA,NA,NA,0.706557279551619,NA,NA,NA,NA
"Utah","return_normal","Future",2021-06-08,"latent_trend",NA,NA,NA,0.706557279551619,NA,NA,NA,NA
"Utah","status_quo","Future",2021-06-08,"latent_trend",NA,NA,NA,0.706557279551619,NA,NA,NA,NA
"Utah","linear_increase_sd","Future",2021-06-08,"mobility_trend",NA,NA,NA,0.3,NA,NA,NA,NA
"Utah","return_normal","Future",2021-06-08,"mobility_trend",NA,NA,NA,1,NA,NA,NA,NA
"Utah","status_quo","Future",2021-06-08,"mobility_trend",NA,NA,NA,0.653818933373065,NA,NA,NA,NA
"Utah","linear_increase_sd","Future",2021-06-09,"combined_trend",NA,NA,NA,0.211967183865486,NA,NA,NA,NA
"Utah","return_normal","Future",2021-06-09,"combined_trend",NA,NA,NA,0.706557279551619,NA,NA,NA,NA
"Utah","status_quo","Future",2021-06-09,"combined_trend",NA,NA,NA,0.461960526883414,NA,NA,NA,NA
"Utah","linear_increase_sd","Future",2021-06-09,"cumulative_all_infections",1118628,1118519,1118438,1121001,1119894,1124417,1124487,1124623
"Utah","return_normal","Future",2021-06-09,"cumulative_all_infections",1138699,1138321,1138104,1172862,1162005,1218414,1219418,1220060
"Utah","status_quo","Future",2021-06-09,"cumulative_all_infections",1125410,1125240,1125105,1136463,1136026,1148130,1148476,1148869
"Utah","linear_increase_sd","Future",2021-06-09,"cumulative_cases",419124,418924,418486,420130,419918,421558,422187,422463
"Utah","return_normal","Future",2021-06-09,"cumulative_cases",424233,423913,423623,433347,429643,447369,448990,451270
"Utah","status_quo","Future",2021-06-09,"cumulative_cases",421069,420874,420736,424721,423276,430278,431046,432208
"Utah","linear_increase_sd","Future",2021-06-09,"cumulative_deaths",2534,2529,2524,2558,2556,2582,2588,2593
"Utah","return_normal","Future",2021-06-09,"cumulative_deaths",2547,2544,2541,2569,2566,2597,2602,2607
"Utah","status_quo","Future",2021-06-09,"cumulative_deaths",2541,2535,2530,2561,2559,2582,2587,2592
"Utah","linear_increase_sd","Future",2021-06-09,"cumulative_hosps",50170,50161,50146,50319,50364,50420,50435,50440
"Utah","return_normal","Future",2021-06-09,"cumulative_hosps",50709,50699,50684,51235,50932,52088,52121,52139
"Utah","status_quo","Future",2021-06-09,"cumulative_hosps",50451,50436,50423,50678,50527,51072,51097,51112
"Utah","linear_increase_sd","Future",2021-06-09,"daily_all_infections",16,15,13,53,35,110,116,125
"Utah","return_normal","Future",2021-06-09,"daily_all_infections",1256,1220,1194,3540,2213,7187,7247,7300
"Utah","status_quo","Future",2021-06-09,"daily_all_infections",235,228,223,696,444,1421,1445,1468
"Utah","linear_increase_sd","Future",2021-06-09,"daily_cases",9,8,6,42,31,96,109,121
"Utah","return_normal","Future",2021-06-09,"daily_cases",301,213,164,1161,728,2665,3500,3792
"Utah","status_quo","Future",2021-06-09,"daily_cases",76,52,48,322,202,780,935,1087
"Utah","linear_increase_sd","Future",2021-06-09,"daily_deaths",0,0,0,1,0,2,3,4
"Utah","return_normal","Future",2021-06-09,"daily_deaths",0,0,0,3,1,6,9,12
"Utah","status_quo","Future",2021-06-09,"daily_deaths",0,0,0,2,0,4,5,6
"Utah","linear_increase_sd","Future",2021-06-09,"daily_hosps",3,2,1,11,7,21,25,25
"Utah","return_normal","Future",2021-06-09,"daily_hosps",38,36,34,110,80,213,221,226
"Utah","status_quo","Future",2021-06-09,"daily_hosps",15,12,11,42,32,81,87,89
"Utah","linear_increase_sd","Future",2021-06-09,"latent_trend",NA,NA,NA,0.706557279551619,NA,NA,NA,NA
"Utah","return_normal","Future",2021-06-09,"latent_trend",NA,NA,NA,0.706557279551619,NA,NA,NA,NA
"Utah","status_quo","Future",2021-06-09,"latent_trend",NA,NA,NA,0.706557279551619,NA,NA,NA,NA
"Utah","linear_increase_sd","Future",2021-06-09,"mobility_trend",NA,NA,NA,0.3,NA,NA,NA,NA
"Utah","return_normal","Future",2021-06-09,"mobility_trend",NA,NA,NA,1,NA,NA,NA,NA
"Utah","status_quo","Future",2021-06-09,"mobility_trend",NA,NA,NA,0.653818933373065,NA,NA,NA,NA
"Utah","linear_increase_sd","Future",2021-06-10,"combined_trend",NA,NA,NA,0.211967183865486,NA,NA,NA,NA
"Utah","return_normal","Future",2021-06-10,"combined_trend",NA,NA,NA,0.706557279551619,NA,NA,NA,NA
"Utah","status_quo","Future",2021-06-10,"combined_trend",NA,NA,NA,0.461960526883414,NA,NA,NA,NA
"Utah","linear_increase_sd","Future",2021-06-10,"cumulative_all_infections",1118716,1118602,1118519,1121048,1119907,1124448,1124524,1124657
"Utah","return_normal","Future",2021-06-10,"cumulative_all_infections",1139970,1139618,1139391,1176533,1164273,1225860,1227056,1227540
"Utah","status_quo","Future",2021-06-10,"cumulative_all_infections",1125644,1125465,1125331,1137143,1136446,1149507,1149876,1150291
"Utah","linear_increase_sd","Future",2021-06-10,"cumulative_cases",419159,418951,418510,420169,419946,421648,422308,422540
"Utah","return_normal","Future",2021-06-10,"cumulative_cases",424648,424339,423904,434561,430472,449464,452310,454073
"Utah","status_quo","Future",2021-06-10,"cumulative_cases",421182,420970,420855,425035,423571,430932,431729,432784
"Utah","linear_increase_sd","Future",2021-06-10,"cumulative_deaths",2534,2529,2525,2558,2556,2583,2588,2593
"Utah","return_normal","Future",2021-06-10,"cumulative_deaths",2550,2546,2542,2572,2568,2599,2605,2611
"Utah","status_quo","Future",2021-06-10,"cumulative_deaths",2542,2537,2532,2562,2560,2583,2588,2593
"Utah","linear_increase_sd","Future",2021-06-10,"cumulative_hosps",50179,50168,50152,50328,50372,50427,50443,50459
"Utah","return_normal","Future",2021-06-10,"cumulative_hosps",50751,50738,50728,51349,51014,52298,52340,52364
"Utah","status_quo","Future",2021-06-10,"cumulative_hosps",50477,50463,50452,50718,50545,51145,51169,51190
"Utah","linear_increase_sd","Future",2021-06-10,"daily_all_infections",15,13,12,48,32,98,104,107
"Utah","return_normal","Future",2021-06-10,"daily_all_infections",1301,1276,1260,3672,2267,7476,7581,7640
"Utah","status_quo","Future",2021-06-10,"daily_all_infections",229,224,217,681,434,1388,1417,1444
"Utah","linear_increase_sd","Future",2021-06-10,"daily_cases",9,7,5,40,28,84,105,132
"Utah","return_normal","Future",2021-06-10,"daily_cases",309,252,166,1214,807,2804,3620,4056
"Utah","status_quo","Future",2021-06-10,"daily_cases",77,62,51,315,194,698,886,1047
"Utah","linear_increase_sd","Future",2021-06-10,"daily_deaths",0,0,0,1,0,2,3,4
"Utah","return_normal","Future",2021-06-10,"daily_deaths",0,0,0,3,1,6,9,13
"Utah","status_quo","Future",2021-06-10,"daily_deaths",0,0,0,2,0,4,6,7
"Utah","linear_increase_sd","Future",2021-06-10,"daily_hosps",2,2,1,10,7,19,21,24
"Utah","return_normal","Future",2021-06-10,"daily_hosps",38,35,33,114,84,224,231,235
"Utah","status_quo","Future",2021-06-10,"daily_hosps",13,11,9,41,29,80,86,90
"Utah","linear_increase_sd","Future",2021-06-10,"latent_trend",NA,NA,NA,0.706557279551619,NA,NA,NA,NA
"Utah","return_normal","Future",2021-06-10,"latent_trend",NA,NA,NA,0.706557279551619,NA,NA,NA,NA
"Utah","status_quo","Future",2021-06-10,"latent_trend",NA,NA,NA,0.706557279551619,NA,NA,NA,NA
"Utah","linear_increase_sd","Future",2021-06-10,"mobility_trend",NA,NA,NA,0.3,NA,NA,NA,NA
"Utah","return_normal","Future",2021-06-10,"mobility_trend",NA,NA,NA,1,NA,NA,NA,NA
"Utah","status_quo","Future",2021-06-10,"mobility_trend",NA,NA,NA,0.653818933373065,NA,NA,NA,NA
"Utah","linear_increase_sd","Future",2021-06-11,"combined_trend",NA,NA,NA,0.211967183865486,NA,NA,NA,NA
"Utah","return_normal","Future",2021-06-11,"combined_trend",NA,NA,NA,0.706557279551619,NA,NA,NA,NA
"Utah","status_quo","Future",2021-06-11,"combined_trend",NA,NA,NA,0.461960526883414,NA,NA,NA,NA
"Utah","linear_increase_sd","Future",2021-06-11,"cumulative_all_infections",1118790,1118680,1118588,1121090,1119926,1124473,1124547,1124686
"Utah","return_normal","Future",2021-06-11,"cumulative_all_infections",1141362,1140886,1140695,1180334,1166567,1233601,1234920,1235494
"Utah","status_quo","Future",2021-06-11,"cumulative_all_infections",1125893,1125689,1125572,1137810,1136870,1150861,1151334,1151679
"Utah","linear_increase_sd","Future",2021-06-11,"cumulative_cases",419196,418973,418530,420201,419962,421679,422360,422596
"Utah","return_normal","Future",2021-06-11,"cumulative_cases",425055,424773,424289,435733,431285,452010,454582,456422
"Utah","status_quo","Future",2021-06-11,"cumulative_cases",421291,421097,420999,425336,423745,431567,432157,433278
"Utah","linear_increase_sd","Future",2021-06-11,"cumulative_deaths",2535,2529,2526,2559,2556,2583,2588,2593
"Utah","return_normal","Future",2021-06-11,"cumulative_deaths",2551,2548,2546,2574,2571,2602,2610,2615
"Utah","status_quo","Future",2021-06-11,"cumulative_deaths",2545,2539,2532,2563,2562,2585,2590,2594
"Utah","linear_increase_sd","Future",2021-06-11,"cumulative_hosps",50185,50176,50158,50336,50379,50441,50458,50475
"Utah","return_normal","Future",2021-06-11,"cumulative_hosps",50790,50777,50767,51465,51093,52523,52565,52591
"Utah","status_quo","Future",2021-06-11,"cumulative_hosps",50503,50493,50481,50758,50571,51228,51247,51272
"Utah","linear_increase_sd","Future",2021-06-11,"daily_all_infections",13,11,10,42,27,88,95,99
"Utah","return_normal","Future",2021-06-11,"daily_all_infections",1326,1306,1294,3802,2296,7794,7847,7907
"Utah","status_quo","Future",2021-06-11,"daily_all_infections",221,216,204,667,411,1376,1397,1410
"Utah","linear_increase_sd","Future",2021-06-11,"daily_cases",6,4,3,33,21,74,96,115
"Utah","return_normal","Future",2021-06-11,"daily_cases",302,258,239,1173,788,2612,3240,4385
"Utah","status_quo","Future",2021-06-11,"daily_cases",71,49,37,301,200,656,823,989
"Utah","linear_increase_sd","Future",2021-06-11,"daily_deaths",0,0,0,1,0,2,3,4
"Utah","return_normal","Future",2021-06-11,"daily_deaths",0,0,0,3,1,6,9,12
"Utah","status_quo","Future",2021-06-11,"daily_deaths",0,0,0,2,0,4,6,8
"Utah","linear_increase_sd","Future",2021-06-11,"daily_hosps",2,1,1,9,7,17,20,22
"Utah","return_normal","Future",2021-06-11,"daily_hosps",39,37,35,117,85,230,238,243
"Utah","status_quo","Future",2021-06-11,"daily_hosps",12,10,9,41,31,80,86,90
"Utah","linear_increase_sd","Future",2021-06-11,"latent_trend",NA,NA,NA,0.706557279551619,NA,NA,NA,NA
"Utah","return_normal","Future",2021-06-11,"latent_trend",NA,NA,NA,0.706557279551619,NA,NA,NA,NA
"Utah","status_quo","Future",2021-06-11,"latent_trend",NA,NA,NA,0.706557279551619,NA,NA,NA,NA
"Utah","linear_increase_sd","Future",2021-06-11,"mobility_trend",NA,NA,NA,0.3,NA,NA,NA,NA
"Utah","return_normal","Future",2021-06-11,"mobility_trend",NA,NA,NA,1,NA,NA,NA,NA
"Utah","status_quo","Future",2021-06-11,"mobility_trend",NA,NA,NA,0.653818933373065,NA,NA,NA,NA
"Utah","linear_increase_sd","Future",2021-06-12,"combined_trend",NA,NA,NA,0.211967183865486,NA,NA,NA,NA
"Utah","return_normal","Future",2021-06-12,"combined_trend",NA,NA,NA,0.706557279551619,NA,NA,NA,NA
"Utah","status_quo","Future",2021-06-12,"combined_trend",NA,NA,NA,0.461960526883414,NA,NA,NA,NA
"Utah","linear_increase_sd","Future",2021-06-12,"cumulative_all_infections",1118864,1118738,1118651,1121127,1119941,1124498,1124578,1124707
"Utah","return_normal","Future",2021-06-12,"cumulative_all_infections",1142750,1142225,1142014,1184265,1168933,1241602,1243082,1243693
"Utah","status_quo","Future",2021-06-12,"cumulative_all_infections",1126124,1125903,1125791,1138463,1137283,1152219,1152675,1153072
"Utah","linear_increase_sd","Future",2021-06-12,"cumulative_cases",419214,418986,418551,420230,419982,421722,422412,422665
"Utah","return_normal","Future",2021-06-12,"cumulative_cases",425475,425218,424887,437005,432172,454569,457224,459359
"Utah","status_quo","Future",2021-06-12,"cumulative_cases",421397,421208,421074,425613,423939,432125,432692,433791
"Utah","linear_increase_sd","Future",2021-06-12,"cumulative_deaths",2536,2531,2527,2559,2557,2583,2589,2593
"Utah","return_normal","Future",2021-06-12,"cumulative_deaths",2553,2550,2547,2577,2574,2604,2613,2616
"Utah","status_quo","Future",2021-06-12,"cumulative_deaths",2546,2541,2535,2564,2563,2585,2590,2597
"Utah","linear_increase_sd","Future",2021-06-12,"cumulative_hosps",50191,50182,50162,50344,50385,50451,50472,50489
"Utah","return_normal","Future",2021-06-12,"cumulative_hosps",50838,50819,50807,51587,51179,52758,52803,52823
"Utah","status_quo","Future",2021-06-12,"cumulative_hosps",50526,50515,50507,50798,50589,51304,51324,51344
"Utah","linear_increase_sd","Future",2021-06-12,"daily_all_infections",11,9,8,38,24,81,85,90
"Utah","return_normal","Future",2021-06-12,"daily_all_infections",1380,1351,1333,3931,2352,8093,8193,8232
"Utah","status_quo","Future",2021-06-12,"daily_all_infections",217,209,207,654,400,1348,1388,1416
"Utah","linear_increase_sd","Future",2021-06-12,"daily_cases",5,4,3,30,20,66,87,104
"Utah","return_normal","Future",2021-06-12,"daily_cases",340,276,250,1273,826,2741,3594,4239
"Utah","status_quo","Future",2021-06-12,"daily_cases",70,55,47,278,189,572,771,898
"Utah","linear_increase_sd","Future",2021-06-12,"daily_deaths",0,0,0,1,0,2,3,5
"Utah","return_normal","Future",2021-06-12,"daily_deaths",0,0,0,3,1,6,8,12
"Utah","status_quo","Future",2021-06-12,"daily_deaths",0,0,0,2,0,4,5,6
"Utah","linear_increase_sd","Future",2021-06-12,"daily_hosps",2,1,1,8,6,16,18,19
"Utah","return_normal","Future",2021-06-12,"daily_hosps",42,39,36,122,85,242,249,252
"Utah","status_quo","Future",2021-06-12,"daily_hosps",13,11,10,40,28,78,83,85
"Utah","linear_increase_sd","Future",2021-06-12,"latent_trend",NA,NA,NA,0.706557279551619,NA,NA,NA,NA
"Utah","return_normal","Future",2021-06-12,"latent_trend",NA,NA,NA,0.706557279551619,NA,NA,NA,NA
"Utah","status_quo","Future",2021-06-12,"latent_trend",NA,NA,NA,0.706557279551619,NA,NA,NA,NA
"Utah","linear_increase_sd","Future",2021-06-12,"mobility_trend",NA,NA,NA,0.3,NA,NA,NA,NA
"Utah","return_normal","Future",2021-06-12,"mobility_trend",NA,NA,NA,1,NA,NA,NA,NA
"Utah","status_quo","Future",2021-06-12,"mobility_trend",NA,NA,NA,0.653818933373065,NA,NA,NA,NA
"Utah","linear_increase_sd","Future",2021-06-13,"combined_trend",NA,NA,NA,0.211967183865486,NA,NA,NA,NA
"Utah","return_normal","Future",2021-06-13,"combined_trend",NA,NA,NA,0.706557279551619,NA,NA,NA,NA
"Utah","status_quo","Future",2021-06-13,"combined_trend",NA,NA,NA,0.461960526883414,NA,NA,NA,NA
"Utah","linear_increase_sd","Future",2021-06-13,"cumulative_all_infections",1118930,1118813,1118711,1121161,1119952,1124517,1124597,1124728
"Utah","return_normal","Future",2021-06-13,"cumulative_all_infections",1144195,1143600,1143372,1188333,1171314,1250068,1251368,1252188
"Utah","status_quo","Future",2021-06-13,"cumulative_all_infections",1126319,1126150,1126002,1139104,1137665,1153565,1153973,1154370
"Utah","linear_increase_sd","Future",2021-06-13,"cumulative_cases",419226,418997,418588,420258,420019,421759,422458,422712
"Utah","return_normal","Future",2021-06-13,"cumulative_cases",425979,425632,425301,438332,433057,457352,459930,462827
"Utah","status_quo","Future",2021-06-13,"cumulative_cases",421489,421302,421142,425912,424184,432684,433522,434426
"Utah","linear_increase_sd","Future",2021-06-13,"cumulative_deaths",2537,2531,2528,2559,2557,2583,2589,2593
"Utah","return_normal","Future",2021-06-13,"cumulative_deaths",2554,2551,2548,2579,2575,2607,2615,2621
"Utah","status_quo","Future",2021-06-13,"cumulative_deaths",2546,2542,2538,2566,2565,2588,2591,2598
"Utah","linear_increase_sd","Future",2021-06-13,"cumulative_hosps",50197,50186,50166,50351,50389,50466,50486,50503
"Utah","return_normal","Future",2021-06-13,"cumulative_hosps",50881,50868,50856,51713,51273,53011,53046,53075
"Utah","status_quo","Future",2021-06-13,"cumulative_hosps",50549,50537,50529,50836,50610,51372,51391,51413
"Utah","linear_increase_sd","Future",2021-06-13,"daily_all_infections",10,8,7,34,20,74,78,83
"Utah","return_normal","Future",2021-06-13,"daily_all_infections",1433,1398,1378,4068,2413,8394,8477,8563
"Utah","status_quo","Future",2021-06-13,"daily_all_infections",216,209,201,641,386,1333,1359,1375
"Utah","linear_increase_sd","Future",2021-06-13,"daily_cases",5,4,2,28,19,66,81,101
"Utah","return_normal","Future",2021-06-13,"daily_cases",342,272,203,1327,847,3174,3893,4611
"Utah","status_quo","Future",2021-06-13,"daily_cases",66,51,38,299,181,711,819,998
"Utah","linear_increase_sd","Future",2021-06-13,"daily_deaths",0,0,0,1,0,1,3,4
"Utah","return_normal","Future",2021-06-13,"daily_deaths",0,0,0,3,1,7,10,13
"Utah","status_quo","Future",2021-06-13,"daily_deaths",0,0,0,2,0,4,6,6
"Utah","linear_increase_sd","Future",2021-06-13,"daily_hosps",1,1,1,7,5,15,17,19
"Utah","return_normal","Future",2021-06-13,"daily_hosps",43,39,38,127,89,251,259,266
"Utah","status_quo","Future",2021-06-13,"daily_hosps",12,10,9,38,27,77,80,85
"Utah","linear_increase_sd","Future",2021-06-13,"latent_trend",NA,NA,NA,0.706557279551619,NA,NA,NA,NA
"Utah","return_normal","Future",2021-06-13,"latent_trend",NA,NA,NA,0.706557279551619,NA,NA,NA,NA
"Utah","status_quo","Future",2021-06-13,"latent_trend",NA,NA,NA,0.706557279551619,NA,NA,NA,NA
"Utah","linear_increase_sd","Future",2021-06-13,"mobility_trend",NA,NA,NA,0.3,NA,NA,NA,NA
"Utah","return_normal","Future",2021-06-13,"mobility_trend",NA,NA,NA,1,NA,NA,NA,NA
"Utah","status_quo","Future",2021-06-13,"mobility_trend",NA,NA,NA,0.653818933373065,NA,NA,NA,NA
"Utah","linear_increase_sd","Future",2021-06-14,"combined_trend",NA,NA,NA,0.211967183865486,NA,NA,NA,NA
"Utah","return_normal","Future",2021-06-14,"combined_trend",NA,NA,NA,0.706557279551619,NA,NA,NA,NA
"Utah","status_quo","Future",2021-06-14,"combined_trend",NA,NA,NA,0.461960526883414,NA,NA,NA,NA
"Utah","linear_increase_sd","Future",2021-06-14,"cumulative_all_infections",1118998,1118868,1118757,1121191,1119966,1124534,1124615,1124745
"Utah","return_normal","Future",2021-06-14,"cumulative_all_infections",1145661,1145094,1144839,1192542,1173829,1258801,1260160,1260922
"Utah","status_quo","Future",2021-06-14,"cumulative_all_infections",1126542,1126359,1126215,1139732,1138027,1154882,1155259,1155705
"Utah","linear_increase_sd","Future",2021-06-14,"cumulative_cases",419244,419031,418613,420281,420040,421796,422506,422779
"Utah","return_normal","Future",2021-06-14,"cumulative_cases",426392,426063,425644,439680,433951,460391,463049,465723
"Utah","status_quo","Future",2021-06-14,"cumulative_cases",421590,421347,421254,426196,424358,433287,434131,435310
"Utah","linear_increase_sd","Future",2021-06-14,"cumulative_deaths",2537,2532,2528,2560,2557,2584,2590,2593
"Utah","return_normal","Future",2021-06-14,"cumulative_deaths",2556,2553,2550,2582,2579,2611,2618,2624
"Utah","status_quo","Future",2021-06-14,"cumulative_deaths",2547,2542,2539,2567,2565,2589,2593,2598
"Utah","linear_increase_sd","Future",2021-06-14,"cumulative_hosps",50199,50189,50173,50357,50392,50477,50498,50513
"Utah","return_normal","Future",2021-06-14,"cumulative_hosps",50933,50916,50901,51844,51363,53263,53307,53334
"Utah","status_quo","Future",2021-06-14,"cumulative_hosps",50565,50557,50545,50874,50631,51439,51466,51492
"Utah","linear_increase_sd","Future",2021-06-14,"daily_all_infections",9,8,7,30,18,65,69,72
"Utah","return_normal","Future",2021-06-14,"daily_all_infections",1481,1440,1419,4210,2473,8732,8816,8863
"Utah","status_quo","Future",2021-06-14,"daily_all_infections",204,198,190,628,376,1316,1334,1360
"Utah","linear_increase_sd","Future",2021-06-14,"daily_cases",4,2,2,23,15,52,72,82
"Utah","return_normal","Future",2021-06-14,"daily_cases",293,247,188,1348,883,3101,3942,4772
"Utah","status_quo","Future",2021-06-14,"daily_cases",59,44,35,285,157,710,847,951
"Utah","linear_increase_sd","Future",2021-06-14,"daily_deaths",0,0,0,1,0,1,2,3
"Utah","return_normal","Future",2021-06-14,"daily_deaths",0,0,0,3,2,6,9,12
"Utah","status_quo","Future",2021-06-14,"daily_deaths",0,0,0,2,0,4,5,7
"Utah","linear_increase_sd","Future",2021-06-14,"daily_hosps",2,1,1,6,5,13,15,16
"Utah","return_normal","Future",2021-06-14,"daily_hosps",46,43,41,131,88,266,273,281
"Utah","status_quo","Future",2021-06-14,"daily_hosps",12,10,8,38,27,77,80,85
"Utah","linear_increase_sd","Future",2021-06-14,"latent_trend",NA,NA,NA,0.706557279551619,NA,NA,NA,NA
"Utah","return_normal","Future",2021-06-14,"latent_trend",NA,NA,NA,0.706557279551619,NA,NA,NA,NA
"Utah","status_quo","Future",2021-06-14,"latent_trend",NA,NA,NA,0.706557279551619,NA,NA,NA,NA
"Utah","linear_increase_sd","Future",2021-06-14,"mobility_trend",NA,NA,NA,0.3,NA,NA,NA,NA
"Utah","return_normal","Future",2021-06-14,"mobility_trend",NA,NA,NA,1,NA,NA,NA,NA
"Utah","status_quo","Future",2021-06-14,"mobility_trend",NA,NA,NA,0.653818933373065,NA,NA,NA,NA
"Utah","linear_increase_sd","Future",2021-06-15,"combined_trend",NA,NA,NA,0.211967183865486,NA,NA,NA,NA
"Utah","return_normal","Future",2021-06-15,"combined_trend",NA,NA,NA,0.706557279551619,NA,NA,NA,NA
"Utah","status_quo","Future",2021-06-15,"combined_trend",NA,NA,NA,0.461960526883414,NA,NA,NA,NA
"Utah","linear_increase_sd","Future",2021-06-15,"cumulative_all_infections",1119045,1118918,1118808,1121217,1119980,1124551,1124633,1124761
"Utah","return_normal","Future",2021-06-15,"cumulative_all_infections",1147194,1146629,1146316,1196879,1176330,1267818,1269134,1270169
"Utah","status_quo","Future",2021-06-15,"cumulative_all_infections",1126753,1126549,1126414,1140345,1138396,1156134,1156584,1157007
"Utah","linear_increase_sd","Future",2021-06-15,"cumulative_cases",419261,419067,418653,420302,420054,421826,422534,422801
"Utah","return_normal","Future",2021-06-15,"cumulative_cases",426880,426464,426191,441069,434854,463270,465624,468932
"Utah","status_quo","Future",2021-06-15,"cumulative_cases",421664,421485,421322,426469,424521,433898,434692,435945
"Utah","linear_increase_sd","Future",2021-06-15,"cumulative_deaths",2537,2532,2529,2560,2558,2584,2590,2593
"Utah","return_normal","Future",2021-06-15,"cumulative_deaths",2557,2553,2550,2584,2581,2613,2620,2630
"Utah","status_quo","Future",2021-06-15,"cumulative_deaths",2548,2544,2541,2568,2566,2589,2594,2599
"Utah","linear_increase_sd","Future",2021-06-15,"cumulative_hosps",50205,50192,50177,50362,50394,50484,50505,50522
"Utah","return_normal","Future",2021-06-15,"cumulative_hosps",50985,50964,50953,51981,51454,53537,53581,53609
"Utah","status_quo","Future",2021-06-15,"cumulative_hosps",50581,50572,50561,50910,50653,51514,51539,51565
"Utah","linear_increase_sd","Future",2021-06-15,"daily_all_infections",8,6,5,27,17,56,61,67
"Utah","return_normal","Future",2021-06-15,"daily_all_infections",1531,1505,1494,4338,2504,9025,9097,9171
"Utah","status_quo","Future",2021-06-15,"daily_all_infections",204,195,190,614,358,1288,1313,1342
"Utah","linear_increase_sd","Future",2021-06-15,"daily_cases",4,2,2,22,15,48,60,73
"Utah","return_normal","Future",2021-06-15,"daily_cases",299,240,190,1390,860,3443,4281,4703
"Utah","status_quo","Future",2021-06-15,"daily_cases",61,48,39,274,167,625,814,883
"Utah","linear_increase_sd","Future",2021-06-15,"daily_deaths",0,0,0,1,0,1,2,3
"Utah","return_normal","Future",2021-06-15,"daily_deaths",0,0,0,3,1,7,9,12
"Utah","status_quo","Future",2021-06-15,"daily_deaths",0,0,0,2,0,3,5,7
"Utah","linear_increase_sd","Future",2021-06-15,"daily_hosps",1,0,0,6,4,11,12,14
"Utah","return_normal","Future",2021-06-15,"daily_hosps",48,43,42,137,91,275,285,290
"Utah","status_quo","Future",2021-06-15,"daily_hosps",12,10,9,37,25,76,80,84
"Utah","linear_increase_sd","Future",2021-06-15,"latent_trend",NA,NA,NA,0.706557279551619,NA,NA,NA,NA
"Utah","return_normal","Future",2021-06-15,"latent_trend",NA,NA,NA,0.706557279551619,NA,NA,NA,NA
"Utah","status_quo","Future",2021-06-15,"latent_trend",NA,NA,NA,0.706557279551619,NA,NA,NA,NA
"Utah","linear_increase_sd","Future",2021-06-15,"mobility_trend",NA,NA,NA,0.3,NA,NA,NA,NA
"Utah","return_normal","Future",2021-06-15,"mobility_trend",NA,NA,NA,1,NA,NA,NA,NA
"Utah","status_quo","Future",2021-06-15,"mobility_trend",NA,NA,NA,0.653818933373065,NA,NA,NA,NA
"Utah","linear_increase_sd","Future",2021-06-16,"combined_trend",NA,NA,NA,0.211967183865486,NA,NA,NA,NA
"Utah","return_normal","Future",2021-06-16,"combined_trend",NA,NA,NA,0.706557279551619,NA,NA,NA,NA
"Utah","status_quo","Future",2021-06-16,"combined_trend",NA,NA,NA,0.461960526883414,NA,NA,NA,NA
"Utah","linear_increase_sd","Future",2021-06-16,"cumulative_all_infections",1119097,1118964,1118857,1121241,1119990,1124567,1124654,1124778
"Utah","return_normal","Future",2021-06-16,"cumulative_all_infections",1148818,1148206,1147895,1201369,1178900,1277056,1278632,1279661
"Utah","status_quo","Future",2021-06-16,"cumulative_all_infections",1126943,1126749,1126603,1140945,1138745,1157385,1157857,1158335
"Utah","linear_increase_sd","Future",2021-06-16,"cumulative_cases",419269,419080,418669,420321,420065,421868,422576,422845
"Utah","return_normal","Future",2021-06-16,"cumulative_cases",427430,427020,426636,442449,435622,465356,469233,471301
"Utah","status_quo","Future",2021-06-16,"cumulative_cases",421779,421561,421415,426729,424808,434467,435326,436188
"Utah","linear_increase_sd","Future",2021-06-16,"cumulative_deaths",2537,2532,2530,2560,2558,2584,2590,2594
"Utah","return_normal","Future",2021-06-16,"cumulative_deaths",2558,2555,2551,2587,2585,2617,2622,2632
"Utah","status_quo","Future",2021-06-16,"cumulative_deaths",2548,2545,2541,2569,2566,2591,2596,2601
"Utah","linear_increase_sd","Future",2021-06-16,"cumulative_hosps",50209,50196,50179,50367,50397,50493,50518,50533
"Utah","return_normal","Future",2021-06-16,"cumulative_hosps",51036,51014,51005,52122,51549,53814,53869,53886
"Utah","status_quo","Future",2021-06-16,"cumulative_hosps",50599,50587,50578,50946,50673,51578,51608,51632
"Utah","linear_increase_sd","Future",2021-06-16,"daily_all_infections",7,6,5,24,14,52,55,58
"Utah","return_normal","Future",2021-06-16,"daily_all_infections",1591,1554,1533,4490,2559,9398,9495,9581
"Utah","status_quo","Future",2021-06-16,"daily_all_infections",194,188,184,601,346,1278,1305,1316
"Utah","linear_increase_sd","Future",2021-06-16,"daily_cases",3,2,2,19,12,45,60,66
"Utah","return_normal","Future",2021-06-16,"daily_cases",344,289,212,1381,870,3184,3844,4576
"Utah","status_quo","Future",2021-06-16,"daily_cases",63,51,44,260,169,579,693,844
"Utah","linear_increase_sd","Future",2021-06-16,"daily_deaths",0,0,0,1,0,1,2,3
"Utah","return_normal","Future",2021-06-16,"daily_deaths",0,0,0,3,2,7,9,11
"Utah","status_quo","Future",2021-06-16,"daily_deaths",0,0,0,2,0,4,6,8
"Utah","linear_increase_sd","Future",2021-06-16,"daily_hosps",1,0,0,5,3,11,13,13
"Utah","return_normal","Future",2021-06-16,"daily_hosps",48,45,44,142,96,287,298,303
"Utah","status_quo","Future",2021-06-16,"daily_hosps",11,10,9,36,25,73,78,81
"Utah","linear_increase_sd","Future",2021-06-16,"latent_trend",NA,NA,NA,0.706557279551619,NA,NA,NA,NA
"Utah","return_normal","Future",2021-06-16,"latent_trend",NA,NA,NA,0.706557279551619,NA,NA,NA,NA
"Utah","status_quo","Future",2021-06-16,"latent_trend",NA,NA,NA,0.706557279551619,NA,NA,NA,NA
"Utah","linear_increase_sd","Future",2021-06-16,"mobility_trend",NA,NA,NA,0.3,NA,NA,NA,NA
"Utah","return_normal","Future",2021-06-16,"mobility_trend",NA,NA,NA,1,NA,NA,NA,NA
"Utah","status_quo","Future",2021-06-16,"mobility_trend",NA,NA,NA,0.653818933373065,NA,NA,NA,NA
"Utah","linear_increase_sd","Future",2021-06-17,"combined_trend",NA,NA,NA,0.211967183865486,NA,NA,NA,NA
"Utah","return_normal","Future",2021-06-17,"combined_trend",NA,NA,NA,0.706557279551619,NA,NA,NA,NA
"Utah","status_quo","Future",2021-06-17,"combined_trend",NA,NA,NA,0.461960526883414,NA,NA,NA,NA
"Utah","linear_increase_sd","Future",2021-06-17,"cumulative_all_infections",1119141,1119021,1118898,1121262,1119996,1124580,1124668,1124792
"Utah","return_normal","Future",2021-06-17,"cumulative_all_infections",1150417,1149778,1149476,1206004,1181519,1286764,1288325,1289537
"Utah","status_quo","Future",2021-06-17,"cumulative_all_infections",1127149,1126946,1126791,1141534,1139076,1158636,1159126,1159586
"Utah","linear_increase_sd","Future",2021-06-17,"cumulative_cases",419276,419093,418679,420338,420069,421892,422600,422889
"Utah","return_normal","Future",2021-06-17,"cumulative_cases",427922,427431,427140,444025,436615,469303,472271,474412
"Utah","status_quo","Future",2021-06-17,"cumulative_cases",421869,421672,421507,426987,424927,434931,435872,437033
"Utah","linear_increase_sd","Future",2021-06-17,"cumulative_deaths",2538,2532,2530,2561,2558,2584,2591,2594
"Utah","return_normal","Future",2021-06-17,"cumulative_deaths",2560,2556,2554,2591,2589,2621,2630,2639
"Utah","status_quo","Future",2021-06-17,"cumulative_deaths",2549,2546,2542,2570,2568,2591,2598,2604
"Utah","linear_increase_sd","Future",2021-06-17,"cumulative_hosps",50211,50197,50182,50371,50399,50501,50525,50541
"Utah","return_normal","Future",2021-06-17,"cumulative_hosps",51086,51067,51053,52268,51644,54105,54154,54171
"Utah","status_quo","Future",2021-06-17,"cumulative_hosps",50612,50599,50590,50981,50695,51642,51681,51705
"Utah","linear_increase_sd","Future",2021-06-17,"daily_all_infections",6,5,4,22,13,48,53,55
"Utah","return_normal","Future",2021-06-17,"daily_all_infections",1633,1595,1558,4636,2610,9710,9827,9871
"Utah","status_quo","Future",2021-06-17,"daily_all_infections",193,183,175,589,334,1262,1273,1289
"Utah","linear_increase_sd","Future",2021-06-17,"daily_cases",3,1,0,17,10,43,58,63
"Utah","return_normal","Future",2021-06-17,"daily_cases",339,254,204,1577,859,3757,5102,5904
"Utah","status_quo","Future",2021-06-17,"daily_cases",57,47,42,258,164,606,740,863
"Utah","linear_increase_sd","Future",2021-06-17,"daily_deaths",0,0,0,1,0,1,2,3
"Utah","return_normal","Future",2021-06-17,"daily_deaths",0,0,0,4,2,8,11,18
"Utah","status_quo","Future",2021-06-17,"daily_deaths",0,0,0,2,0,3,4,7
"Utah","linear_increase_sd","Future",2021-06-17,"daily_hosps",1,0,0,5,3,10,12,13
"Utah","return_normal","Future",2021-06-17,"daily_hosps",49,45,42,147,97,299,309,315
"Utah","status_quo","Future",2021-06-17,"daily_hosps",11,10,9,36,24,73,78,81
"Utah","linear_increase_sd","Future",2021-06-17,"latent_trend",NA,NA,NA,0.706557279551619,NA,NA,NA,NA
"Utah","return_normal","Future",2021-06-17,"latent_trend",NA,NA,NA,0.706557279551619,NA,NA,NA,NA
"Utah","status_quo","Future",2021-06-17,"latent_trend",NA,NA,NA,0.706557279551619,NA,NA,NA,NA
"Utah","linear_increase_sd","Future",2021-06-17,"mobility_trend",NA,NA,NA,0.3,NA,NA,NA,NA
"Utah","return_normal","Future",2021-06-17,"mobility_trend",NA,NA,NA,1,NA,NA,NA,NA
"Utah","status_quo","Future",2021-06-17,"mobility_trend",NA,NA,NA,0.653818933373065,NA,NA,NA,NA
"Utah","linear_increase_sd","Future",2021-06-18,"combined_trend",NA,NA,NA,0.211967183865486,NA,NA,NA,NA
"Utah","return_normal","Future",2021-06-18,"combined_trend",NA,NA,NA,0.706557279551619,NA,NA,NA,NA
"Utah","status_quo","Future",2021-06-18,"combined_trend",NA,NA,NA,0.461960526883414,NA,NA,NA,NA
"Utah","linear_increase_sd","Future",2021-06-18,"cumulative_all_infections",1119175,1119059,1118930,1121281,1120008,1124588,1124681,1124808
"Utah","return_normal","Future",2021-06-18,"cumulative_all_infections",1152127,1151448,1151118,1210785,1184193,1296643,1298401,1299653
"Utah","status_quo","Future",2021-06-18,"cumulative_all_infections",1127328,1127131,1126978,1142111,1139396,1159889,1160332,1160802
"Utah","linear_increase_sd","Future",2021-06-18,"cumulative_cases",419281,419115,418696,420354,420083,421936,422615,422927
"Utah","return_normal","Future",2021-06-18,"cumulative_cases",428516,427888,427566,445544,437612,472560,474494,477431
"Utah","status_quo","Future",2021-06-18,"cumulative_cases",421970,421781,421600,427241,425084,435515,436541,437390
"Utah","linear_increase_sd","Future",2021-06-18,"cumulative_deaths",2538,2533,2530,2561,2558,2584,2591,2594
"Utah","return_normal","Future",2021-06-18,"cumulative_deaths",2562,2557,2555,2594,2593,2627,2636,2642
"Utah","status_quo","Future",2021-06-18,"cumulative_deaths",2550,2546,2542,2571,2568,2592,2599,2606
"Utah","linear_increase_sd","Future",2021-06-18,"cumulative_hosps",50213,50199,50183,50375,50401,50510,50535,50550
"Utah","return_normal","Future",2021-06-18,"cumulative_hosps",51139,51122,51105,52419,51741,54410,54459,54482
"Utah","status_quo","Future",2021-06-18,"cumulative_hosps",50624,50613,50602,51016,50715,51704,51752,51771
"Utah","linear_increase_sd","Future",2021-06-18,"daily_all_infections",6,5,4,19,11,41,46,47
"Utah","return_normal","Future",2021-06-18,"daily_all_infections",1688,1642,1626,4782,2658,10039,10100,10179
"Utah","status_quo","Future",2021-06-18,"daily_all_infections",189,180,174,577,317,1236,1257,1281
"Utah","linear_increase_sd","Future",2021-06-18,"daily_cases",3,2,0,17,10,42,50,58
"Utah","return_normal","Future",2021-06-18,"daily_cases",386,312,264,1519,1000,3297,4696,5300
"Utah","status_quo","Future",2021-06-18,"daily_cases",56,43,32,255,162,648,744,842
"Utah","linear_increase_sd","Future",2021-06-18,"daily_deaths",0,0,0,1,0,1,1,2
"Utah","return_normal","Future",2021-06-18,"daily_deaths",0,0,0,4,2,9,13,15
"Utah","status_quo","Future",2021-06-18,"daily_deaths",0,0,0,1,0,3,4,5
"Utah","linear_increase_sd","Future",2021-06-18,"daily_hosps",0,0,0,4,3,9,11,11
"Utah","return_normal","Future",2021-06-18,"daily_hosps",50,46,44,152,98,306,318,326
"Utah","status_quo","Future",2021-06-18,"daily_hosps",10,9,8,35,23,73,76,80
"Utah","linear_increase_sd","Future",2021-06-18,"latent_trend",NA,NA,NA,0.706557279551619,NA,NA,NA,NA
"Utah","return_normal","Future",2021-06-18,"latent_trend",NA,NA,NA,0.706557279551619,NA,NA,NA,NA
"Utah","status_quo","Future",2021-06-18,"latent_trend",NA,NA,NA,0.706557279551619,NA,NA,NA,NA
"Utah","linear_increase_sd","Future",2021-06-18,"mobility_trend",NA,NA,NA,0.3,NA,NA,NA,NA
"Utah","return_normal","Future",2021-06-18,"mobility_trend",NA,NA,NA,1,NA,NA,NA,NA
"Utah","status_quo","Future",2021-06-18,"mobility_trend",NA,NA,NA,0.653818933373065,NA,NA,NA,NA
"Utah","linear_increase_sd","Future",2021-06-19,"combined_trend",NA,NA,NA,0.211967183865486,NA,NA,NA,NA
"Utah","return_normal","Future",2021-06-19,"combined_trend",NA,NA,NA,0.706557279551619,NA,NA,NA,NA
"Utah","status_quo","Future",2021-06-19,"combined_trend",NA,NA,NA,0.461960526883414,NA,NA,NA,NA
"Utah","linear_increase_sd","Future",2021-06-19,"cumulative_all_infections",1119205,1119105,1118957,1121298,1120016,1124602,1124692,1124818
"Utah","return_normal","Future",2021-06-19,"cumulative_all_infections",1153879,1153137,1152843,1215711,1186919,1306989,1308753,1310212
"Utah","status_quo","Future",2021-06-19,"cumulative_all_infections",1127516,1127294,1127159,1142676,1139692,1161056,1161597,1162063
"Utah","linear_increase_sd","Future",2021-06-19,"cumulative_cases",419290,419133,418716,420366,420091,421958,422649,422945
"Utah","return_normal","Future",2021-06-19,"cumulative_cases",429112,428579,428089,447279,438621,475987,478709,481536
"Utah","status_quo","Future",2021-06-19,"cumulative_cases",422024,421892,421646,427492,425270,436045,437004,437777
"Utah","linear_increase_sd","Future",2021-06-19,"cumulative_deaths",2539,2533,2530,2561,2558,2584,2592,2594
"Utah","return_normal","Future",2021-06-19,"cumulative_deaths",2562,2558,2556,2597,2597,2632,2640,2652
"Utah","status_quo","Future",2021-06-19,"cumulative_deaths",2551,2547,2543,2572,2569,2593,2599,2608
"Utah","linear_increase_sd","Future",2021-06-19,"cumulative_hosps",50217,50200,50186,50378,50402,50517,50542,50555
"Utah","return_normal","Future",2021-06-19,"cumulative_hosps",51198,51178,51158,52577,51844,54721,54768,54810
"Utah","status_quo","Future",2021-06-19,"cumulative_hosps",50636,50625,50615,51050,50736,51773,51819,51846
"Utah","linear_increase_sd","Future",2021-06-19,"daily_all_infections",4,3,2,17,10,39,41,43
"Utah","return_normal","Future",2021-06-19,"daily_all_infections",1760,1724,1681,4926,2713,10341,10428,10619
"Utah","status_quo","Future",2021-06-19,"daily_all_infections",184,177,172,566,307,1222,1239,1258
"Utah","linear_increase_sd","Future",2021-06-19,"daily_cases",2,1,0,13,8,31,42,49
"Utah","return_normal","Future",2021-06-19,"daily_cases",428,316,241,1735,1013,4199,5078,5755
"Utah","status_quo","Future",2021-06-19,"daily_cases",48,35,31,251,146,605,737,838
"Utah","linear_increase_sd","Future",2021-06-19,"daily_deaths",0,0,0,1,0,0,2,2
"Utah","return_normal","Future",2021-06-19,"daily_deaths",0,0,0,4,2,9,11,14
"Utah","status_quo","Future",2021-06-19,"daily_deaths",0,0,0,2,0,3,5,7
"Utah","linear_increase_sd","Future",2021-06-19,"daily_hosps",0,0,0,4,3,8,10,11
"Utah","return_normal","Future",2021-06-19,"daily_hosps",54,50,47,158,102,321,331,337
"Utah","status_quo","Future",2021-06-19,"daily_hosps",11,9,8,35,22,74,78,82
"Utah","linear_increase_sd","Future",2021-06-19,"latent_trend",NA,NA,NA,0.706557279551619,NA,NA,NA,NA
"Utah","return_normal","Future",2021-06-19,"latent_trend",NA,NA,NA,0.706557279551619,NA,NA,NA,NA
"Utah","status_quo","Future",2021-06-19,"latent_trend",NA,NA,NA,0.706557279551619,NA,NA,NA,NA
"Utah","linear_increase_sd","Future",2021-06-19,"mobility_trend",NA,NA,NA,0.3,NA,NA,NA,NA
"Utah","return_normal","Future",2021-06-19,"mobility_trend",NA,NA,NA,1,NA,NA,NA,NA
"Utah","status_quo","Future",2021-06-19,"mobility_trend",NA,NA,NA,0.653818933373065,NA,NA,NA,NA
"Utah","linear_increase_sd","Future",2021-06-20,"combined_trend",NA,NA,NA,0.211967183865486,NA,NA,NA,NA
"Utah","return_normal","Future",2021-06-20,"combined_trend",NA,NA,NA,0.706557279551619,NA,NA,NA,NA
"Utah","status_quo","Future",2021-06-20,"combined_trend",NA,NA,NA,0.461960526883414,NA,NA,NA,NA
"Utah","linear_increase_sd","Future",2021-06-20,"cumulative_all_infections",1119235,1119132,1118987,1121313,1120022,1124610,1124698,1124828
"Utah","return_normal","Future",2021-06-20,"cumulative_all_infections",1155764,1154938,1154567,1220787,1189687,1317587,1319557,1321048
"Utah","status_quo","Future",2021-06-20,"cumulative_all_infections",1127673,1127473,1127333,1143229,1139981,1162266,1162790,1163275
"Utah","linear_increase_sd","Future",2021-06-20,"cumulative_cases",419291,419137,418719,420378,420095,421988,422682,422974
"Utah","return_normal","Future",2021-06-20,"cumulative_cases",429451,429110,428499,448940,439482,479294,482733,486243
"Utah","status_quo","Future",2021-06-20,"cumulative_cases",422116,421938,421718,427731,425412,436554,437471,438304
"Utah","linear_increase_sd","Future",2021-06-20,"cumulative_deaths",2539,2533,2530,2561,2558,2584,2592,2594
"Utah","return_normal","Future",2021-06-20,"cumulative_deaths",2564,2559,2557,2601,2601,2636,2646,2658
"Utah","status_quo","Future",2021-06-20,"cumulative_deaths",2552,2548,2545,2573,2571,2595,2600,2610
"Utah","linear_increase_sd","Future",2021-06-20,"cumulative_hosps",50219,50201,50188,50381,50405,50523,50549,50563
"Utah","return_normal","Future",2021-06-20,"cumulative_hosps",51256,51233,51218,52741,51948,55047,55097,55130
"Utah","status_quo","Future",2021-06-20,"cumulative_hosps",50648,50637,50625,51083,50761,51841,51885,51911
"Utah","linear_increase_sd","Future",2021-06-20,"daily_all_infections",4,3,2,16,9,36,39,42
"Utah","return_normal","Future",2021-06-20,"daily_all_infections",1803,1760,1733,5077,2770,10672,10769,10829
"Utah","status_quo","Future",2021-06-20,"daily_all_infections",178,169,162,554,298,1195,1225,1248
"Utah","linear_increase_sd","Future",2021-06-20,"daily_cases",1,1,0,12,8,28,32,38
"Utah","return_normal","Future",2021-06-20,"daily_cases",362,262,214,1661,929,4175,5226,5860
"Utah","status_quo","Future",2021-06-20,"daily_cases",56,48,36,239,142,577,732,771
"Utah","linear_increase_sd","Future",2021-06-20,"daily_deaths",0,0,0,1,0,0,1,2
"Utah","return_normal","Future",2021-06-20,"daily_deaths",0,0,0,4,2,9,13,16
"Utah","status_quo","Future",2021-06-20,"daily_deaths",0,0,0,1,0,3,5,6
"Utah","linear_increase_sd","Future",2021-06-20,"daily_hosps",0,0,0,3,2,7,8,9
"Utah","return_normal","Future",2021-06-20,"daily_hosps",55,51,48,165,106,340,350,361
"Utah","status_quo","Future",2021-06-20,"daily_hosps",9,8,7,34,20,71,75,80
"Utah","linear_increase_sd","Future",2021-06-20,"latent_trend",NA,NA,NA,0.706557279551619,NA,NA,NA,NA
"Utah","return_normal","Future",2021-06-20,"latent_trend",NA,NA,NA,0.706557279551619,NA,NA,NA,NA
"Utah","status_quo","Future",2021-06-20,"latent_trend",NA,NA,NA,0.706557279551619,NA,NA,NA,NA
"Utah","linear_increase_sd","Future",2021-06-20,"mobility_trend",NA,NA,NA,0.3,NA,NA,NA,NA
"Utah","return_normal","Future",2021-06-20,"mobility_trend",NA,NA,NA,1,NA,NA,NA,NA
"Utah","status_quo","Future",2021-06-20,"mobility_trend",NA,NA,NA,0.653818933373065,NA,NA,NA,NA
