"location","sim_type","period","date","variable","lower_80","lower_90","lower_95","mean_value","median_value","upper_80","upper_90","upper_95"
"New Mexico",NA,"Past",2020-03-06,"actual_cumulative_cases",NA,NA,NA,0,NA,NA,NA,NA
"New Mexico",NA,"Past",2020-03-06,"actual_cumulative_deaths",NA,NA,NA,0,NA,NA,NA,NA
"New Mexico",NA,"Past",2020-03-06,"actual_daily_cases",NA,NA,NA,0,NA,NA,NA,NA
"New Mexico",NA,"Past",2020-03-06,"actual_daily_deaths",NA,NA,NA,NA,NA,NA,NA,NA
"New Mexico","linear_increase_sd","Past",2020-03-06,"combined_trend",NA,NA,NA,1,NA,NA,NA,NA
"New Mexico","return_normal","Past",2020-03-06,"combined_trend",NA,NA,NA,1,NA,NA,NA,NA
"New Mexico","status_quo","Past",2020-03-06,"combined_trend",NA,NA,NA,1,NA,NA,NA,NA
"New Mexico","linear_increase_sd","Past",2020-03-06,"cumulative_all_infections",0,0,0,0,0,0,0,0
"New Mexico","return_normal","Past",2020-03-06,"cumulative_all_infections",0,0,0,0,0,0,0,0
"New Mexico","status_quo","Past",2020-03-06,"cumulative_all_infections",0,0,0,0,0,0,0,0
"New Mexico","linear_increase_sd","Past",2020-03-06,"cumulative_cases",0,0,0,0,0,0,0,0
"New Mexico","return_normal","Past",2020-03-06,"cumulative_cases",0,0,0,0,0,0,0,0
"New Mexico","status_quo","Past",2020-03-06,"cumulative_cases",0,0,0,0,0,0,0,0
"New Mexico","linear_increase_sd","Past",2020-03-06,"cumulative_deaths",0,0,0,0,0,0,0,0
"New Mexico","return_normal","Past",2020-03-06,"cumulative_deaths",0,0,0,0,0,0,0,0
"New Mexico","status_quo","Past",2020-03-06,"cumulative_deaths",0,0,0,0,0,0,0,0
"New Mexico","linear_increase_sd","Past",2020-03-06,"cumulative_hosps",0,0,0,0,0,0,0,0
"New Mexico","return_normal","Past",2020-03-06,"cumulative_hosps",0,0,0,0,0,0,0,0
"New Mexico","status_quo","Past",2020-03-06,"cumulative_hosps",0,0,0,0,0,0,0,0
"New Mexico","linear_increase_sd","Past",2020-03-06,"daily_all_infections",0,0,0,0,0,0,0,0
"New Mexico","return_normal","Past",2020-03-06,"daily_all_infections",0,0,0,0,0,0,0,0
"New Mexico","status_quo","Past",2020-03-06,"daily_all_infections",0,0,0,0,0,0,0,0
"New Mexico","linear_increase_sd","Past",2020-03-06,"daily_cases",0,0,0,0,0,0,0,0
"New Mexico","return_normal","Past",2020-03-06,"daily_cases",0,0,0,0,0,0,0,0
"New Mexico","status_quo","Past",2020-03-06,"daily_cases",0,0,0,0,0,0,0,0
"New Mexico","linear_increase_sd","Past",2020-03-06,"daily_deaths",0,0,0,0,0,0,0,0
"New Mexico","return_normal","Past",2020-03-06,"daily_deaths",0,0,0,0,0,0,0,0
"New Mexico","status_quo","Past",2020-03-06,"daily_deaths",0,0,0,0,0,0,0,0
"New Mexico","linear_increase_sd","Past",2020-03-06,"daily_hosps",0,0,0,0,0,0,0,0
"New Mexico","return_normal","Past",2020-03-06,"daily_hosps",0,0,0,0,0,0,0,0
"New Mexico","status_quo","Past",2020-03-06,"daily_hosps",0,0,0,0,0,0,0,0
"New Mexico","linear_increase_sd","Past",2020-03-06,"latent_trend",NA,NA,NA,1,NA,NA,NA,NA
"New Mexico","return_normal","Past",2020-03-06,"latent_trend",NA,NA,NA,1,NA,NA,NA,NA
"New Mexico","status_quo","Past",2020-03-06,"latent_trend",NA,NA,NA,1,NA,NA,NA,NA
"New Mexico","linear_increase_sd","Past",2020-03-06,"mobility_trend",NA,NA,NA,1,NA,NA,NA,NA
"New Mexico","return_normal","Past",2020-03-06,"mobility_trend",NA,NA,NA,1,NA,NA,NA,NA
"New Mexico","status_quo","Past",2020-03-06,"mobility_trend",NA,NA,NA,1,NA,NA,NA,NA
"New Mexico",NA,"Past",2020-03-07,"actual_cumulative_cases",NA,NA,NA,0,NA,NA,NA,NA
"New Mexico",NA,"Past",2020-03-07,"actual_cumulative_deaths",NA,NA,NA,0,NA,NA,NA,NA
"New Mexico",NA,"Past",2020-03-07,"actual_daily_cases",NA,NA,NA,0,NA,NA,NA,NA
"New Mexico",NA,"Past",2020-03-07,"actual_daily_deaths",NA,NA,NA,NA,NA,NA,NA,NA
"New Mexico","linear_increase_sd","Past",2020-03-07,"combined_trend",NA,NA,NA,0.999926809456161,NA,NA,NA,NA
"New Mexico","return_normal","Past",2020-03-07,"combined_trend",NA,NA,NA,0.999926809456161,NA,NA,NA,NA
"New Mexico","status_quo","Past",2020-03-07,"combined_trend",NA,NA,NA,0.999926809456161,NA,NA,NA,NA
"New Mexico","linear_increase_sd","Past",2020-03-07,"cumulative_all_infections",12,12,12,17,18,20,20,20
"New Mexico","return_normal","Past",2020-03-07,"cumulative_all_infections",12,12,12,17,18,20,20,20
"New Mexico","status_quo","Past",2020-03-07,"cumulative_all_infections",12,12,12,17,18,20,20,20
"New Mexico","linear_increase_sd","Past",2020-03-07,"cumulative_cases",0,0,0,0,0,0,0,0
"New Mexico","return_normal","Past",2020-03-07,"cumulative_cases",0,0,0,0,0,0,0,0
"New Mexico","status_quo","Past",2020-03-07,"cumulative_cases",0,0,0,0,0,0,0,0
"New Mexico","linear_increase_sd","Past",2020-03-07,"cumulative_deaths",0,0,0,0,0,0,0,0
"New Mexico","return_normal","Past",2020-03-07,"cumulative_deaths",0,0,0,0,0,0,0,0
"New Mexico","status_quo","Past",2020-03-07,"cumulative_deaths",0,0,0,0,0,0,0,0
"New Mexico","linear_increase_sd","Past",2020-03-07,"cumulative_hosps",1,1,1,1,1,1,1,1
"New Mexico","return_normal","Past",2020-03-07,"cumulative_hosps",1,1,1,1,1,1,1,1
"New Mexico","status_quo","Past",2020-03-07,"cumulative_hosps",1,1,1,1,1,1,1,1
"New Mexico","linear_increase_sd","Past",2020-03-07,"daily_all_infections",12,12,12,17,18,20,20,20
"New Mexico","return_normal","Past",2020-03-07,"daily_all_infections",12,12,12,17,18,20,20,20
"New Mexico","status_quo","Past",2020-03-07,"daily_all_infections",12,12,12,17,18,20,20,20
"New Mexico","linear_increase_sd","Past",2020-03-07,"daily_cases",0,0,0,0,0,0,0,0
"New Mexico","return_normal","Past",2020-03-07,"daily_cases",0,0,0,0,0,0,0,0
"New Mexico","status_quo","Past",2020-03-07,"daily_cases",0,0,0,0,0,0,0,0
"New Mexico","linear_increase_sd","Past",2020-03-07,"daily_deaths",0,0,0,0,0,0,0,0
"New Mexico","return_normal","Past",2020-03-07,"daily_deaths",0,0,0,0,0,0,0,0
"New Mexico","status_quo","Past",2020-03-07,"daily_deaths",0,0,0,0,0,0,0,0
"New Mexico","linear_increase_sd","Past",2020-03-07,"daily_hosps",1,1,1,1,1,1,1,1
"New Mexico","return_normal","Past",2020-03-07,"daily_hosps",1,1,1,1,1,1,1,1
"New Mexico","status_quo","Past",2020-03-07,"daily_hosps",1,1,1,1,1,1,1,1
"New Mexico","linear_increase_sd","Past",2020-03-07,"latent_trend",NA,NA,NA,0.999926809456161,NA,NA,NA,NA
"New Mexico","return_normal","Past",2020-03-07,"latent_trend",NA,NA,NA,0.999926809456161,NA,NA,NA,NA
"New Mexico","status_quo","Past",2020-03-07,"latent_trend",NA,NA,NA,0.999926809456161,NA,NA,NA,NA
"New Mexico","linear_increase_sd","Past",2020-03-07,"mobility_trend",NA,NA,NA,1,NA,NA,NA,NA
"New Mexico","return_normal","Past",2020-03-07,"mobility_trend",NA,NA,NA,1,NA,NA,NA,NA
"New Mexico","status_quo","Past",2020-03-07,"mobility_trend",NA,NA,NA,1,NA,NA,NA,NA
"New Mexico",NA,"Past",2020-03-08,"actual_cumulative_cases",NA,NA,NA,0,NA,NA,NA,NA
"New Mexico",NA,"Past",2020-03-08,"actual_cumulative_deaths",NA,NA,NA,0,NA,NA,NA,NA
"New Mexico",NA,"Past",2020-03-08,"actual_daily_cases",NA,NA,NA,0,NA,NA,NA,NA
"New Mexico",NA,"Past",2020-03-08,"actual_daily_deaths",NA,NA,NA,NA,NA,NA,NA,NA
"New Mexico","linear_increase_sd","Past",2020-03-08,"combined_trend",NA,NA,NA,0.999932970922073,NA,NA,NA,NA
"New Mexico","return_normal","Past",2020-03-08,"combined_trend",NA,NA,NA,0.999932970922073,NA,NA,NA,NA
"New Mexico","status_quo","Past",2020-03-08,"combined_trend",NA,NA,NA,0.999932970922073,NA,NA,NA,NA
"New Mexico","linear_increase_sd","Past",2020-03-08,"cumulative_all_infections",29,29,29,35,38,38,38,38
"New Mexico","return_normal","Past",2020-03-08,"cumulative_all_infections",29,29,29,35,38,38,38,38
"New Mexico","status_quo","Past",2020-03-08,"cumulative_all_infections",29,29,29,35,38,38,38,38
"New Mexico","linear_increase_sd","Past",2020-03-08,"cumulative_cases",1,1,1,1,1,1,1,1
"New Mexico","return_normal","Past",2020-03-08,"cumulative_cases",1,1,1,1,1,1,1,1
"New Mexico","status_quo","Past",2020-03-08,"cumulative_cases",1,1,1,1,1,1,1,1
"New Mexico","linear_increase_sd","Past",2020-03-08,"cumulative_deaths",0,0,0,0,0,0,0,0
"New Mexico","return_normal","Past",2020-03-08,"cumulative_deaths",0,0,0,0,0,0,0,0
"New Mexico","status_quo","Past",2020-03-08,"cumulative_deaths",0,0,0,0,0,0,0,0
"New Mexico","linear_increase_sd","Past",2020-03-08,"cumulative_hosps",2,2,2,2,2,2,2,2
"New Mexico","return_normal","Past",2020-03-08,"cumulative_hosps",2,2,2,2,2,2,2,2
"New Mexico","status_quo","Past",2020-03-08,"cumulative_hosps",2,2,2,2,2,2,2,2
"New Mexico","linear_increase_sd","Past",2020-03-08,"daily_all_infections",17,17,17,19,18,20,20,20
"New Mexico","return_normal","Past",2020-03-08,"daily_all_infections",17,17,17,19,18,20,20,20
"New Mexico","status_quo","Past",2020-03-08,"daily_all_infections",17,17,17,19,18,20,20,20
"New Mexico","linear_increase_sd","Past",2020-03-08,"daily_cases",1,1,1,1,1,1,1,1
"New Mexico","return_normal","Past",2020-03-08,"daily_cases",1,1,1,1,1,1,1,1
"New Mexico","status_quo","Past",2020-03-08,"daily_cases",1,1,1,1,1,1,1,1
"New Mexico","linear_increase_sd","Past",2020-03-08,"daily_deaths",0,0,0,0,0,0,0,0
"New Mexico","return_normal","Past",2020-03-08,"daily_deaths",0,0,0,0,0,0,0,0
"New Mexico","status_quo","Past",2020-03-08,"daily_deaths",0,0,0,0,0,0,0,0
"New Mexico","linear_increase_sd","Past",2020-03-08,"daily_hosps",1,1,1,1,1,1,1,1
"New Mexico","return_normal","Past",2020-03-08,"daily_hosps",1,1,1,1,1,1,1,1
"New Mexico","status_quo","Past",2020-03-08,"daily_hosps",1,1,1,1,1,1,1,1
"New Mexico","linear_increase_sd","Past",2020-03-08,"latent_trend",NA,NA,NA,0.999932970922073,NA,NA,NA,NA
"New Mexico","return_normal","Past",2020-03-08,"latent_trend",NA,NA,NA,0.999932970922073,NA,NA,NA,NA
"New Mexico","status_quo","Past",2020-03-08,"latent_trend",NA,NA,NA,0.999932970922073,NA,NA,NA,NA
"New Mexico","linear_increase_sd","Past",2020-03-08,"mobility_trend",NA,NA,NA,1,NA,NA,NA,NA
"New Mexico","return_normal","Past",2020-03-08,"mobility_trend",NA,NA,NA,1,NA,NA,NA,NA
"New Mexico","status_quo","Past",2020-03-08,"mobility_trend",NA,NA,NA,1,NA,NA,NA,NA
"New Mexico",NA,"Past",2020-03-09,"actual_cumulative_cases",NA,NA,NA,0,NA,NA,NA,NA
"New Mexico",NA,"Past",2020-03-09,"actual_cumulative_deaths",NA,NA,NA,0,NA,NA,NA,NA
"New Mexico",NA,"Past",2020-03-09,"actual_daily_cases",NA,NA,NA,0,NA,NA,NA,NA
"New Mexico",NA,"Past",2020-03-09,"actual_daily_deaths",NA,NA,NA,NA,NA,NA,NA,NA
"New Mexico","linear_increase_sd","Past",2020-03-09,"combined_trend",NA,NA,NA,0.99993426369625,NA,NA,NA,NA
"New Mexico","return_normal","Past",2020-03-09,"combined_trend",NA,NA,NA,0.99993426369625,NA,NA,NA,NA
"New Mexico","status_quo","Past",2020-03-09,"combined_trend",NA,NA,NA,0.99993426369625,NA,NA,NA,NA
"New Mexico","linear_increase_sd","Past",2020-03-09,"cumulative_all_infections",49,49,49,55,54,60,60,60
"New Mexico","return_normal","Past",2020-03-09,"cumulative_all_infections",49,49,49,55,54,60,60,60
"New Mexico","status_quo","Past",2020-03-09,"cumulative_all_infections",49,49,49,55,54,60,60,60
"New Mexico","linear_increase_sd","Past",2020-03-09,"cumulative_cases",2,2,2,2,2,2,2,2
"New Mexico","return_normal","Past",2020-03-09,"cumulative_cases",2,2,2,2,2,2,2,2
"New Mexico","status_quo","Past",2020-03-09,"cumulative_cases",2,2,2,2,2,2,2,2
"New Mexico","linear_increase_sd","Past",2020-03-09,"cumulative_deaths",0,0,0,1,0,1,1,1
"New Mexico","return_normal","Past",2020-03-09,"cumulative_deaths",0,0,0,1,0,1,1,1
"New Mexico","status_quo","Past",2020-03-09,"cumulative_deaths",0,0,0,1,0,1,1,1
"New Mexico","linear_increase_sd","Past",2020-03-09,"cumulative_hosps",3,3,3,3,3,3,3,3
"New Mexico","return_normal","Past",2020-03-09,"cumulative_hosps",3,3,3,3,3,3,3,3
"New Mexico","status_quo","Past",2020-03-09,"cumulative_hosps",3,3,3,3,3,3,3,3
"New Mexico","linear_increase_sd","Past",2020-03-09,"daily_all_infections",16,16,16,20,20,22,22,22
"New Mexico","return_normal","Past",2020-03-09,"daily_all_infections",16,16,16,20,20,22,22,22
"New Mexico","status_quo","Past",2020-03-09,"daily_all_infections",16,16,16,20,20,22,22,22
"New Mexico","linear_increase_sd","Past",2020-03-09,"daily_cases",1,1,1,1,1,1,1,1
"New Mexico","return_normal","Past",2020-03-09,"daily_cases",1,1,1,1,1,1,1,1
"New Mexico","status_quo","Past",2020-03-09,"daily_cases",1,1,1,1,1,1,1,1
"New Mexico","linear_increase_sd","Past",2020-03-09,"daily_deaths",0,0,0,1,0,1,1,1
"New Mexico","return_normal","Past",2020-03-09,"daily_deaths",0,0,0,1,0,1,1,1
"New Mexico","status_quo","Past",2020-03-09,"daily_deaths",0,0,0,1,0,1,1,1
"New Mexico","linear_increase_sd","Past",2020-03-09,"daily_hosps",1,1,1,1,1,1,1,1
"New Mexico","return_normal","Past",2020-03-09,"daily_hosps",1,1,1,1,1,1,1,1
"New Mexico","status_quo","Past",2020-03-09,"daily_hosps",1,1,1,1,1,1,1,1
"New Mexico","linear_increase_sd","Past",2020-03-09,"latent_trend",NA,NA,NA,0.99993426369625,NA,NA,NA,NA
"New Mexico","return_normal","Past",2020-03-09,"latent_trend",NA,NA,NA,0.99993426369625,NA,NA,NA,NA
"New Mexico","status_quo","Past",2020-03-09,"latent_trend",NA,NA,NA,0.99993426369625,NA,NA,NA,NA
"New Mexico","linear_increase_sd","Past",2020-03-09,"mobility_trend",NA,NA,NA,1,NA,NA,NA,NA
"New Mexico","return_normal","Past",2020-03-09,"mobility_trend",NA,NA,NA,1,NA,NA,NA,NA
"New Mexico","status_quo","Past",2020-03-09,"mobility_trend",NA,NA,NA,1,NA,NA,NA,NA
"New Mexico",NA,"Past",2020-03-10,"actual_cumulative_cases",NA,NA,NA,0,NA,NA,NA,NA
"New Mexico",NA,"Past",2020-03-10,"actual_cumulative_deaths",NA,NA,NA,0,NA,NA,NA,NA
"New Mexico",NA,"Past",2020-03-10,"actual_daily_cases",NA,NA,NA,0,NA,NA,NA,NA
"New Mexico",NA,"Past",2020-03-10,"actual_daily_deaths",NA,NA,NA,NA,NA,NA,NA,NA
"New Mexico","linear_increase_sd","Past",2020-03-10,"combined_trend",NA,NA,NA,0.994947850657774,NA,NA,NA,NA
"New Mexico","return_normal","Past",2020-03-10,"combined_trend",NA,NA,NA,0.994947850657774,NA,NA,NA,NA
"New Mexico","status_quo","Past",2020-03-10,"combined_trend",NA,NA,NA,0.994947850657774,NA,NA,NA,NA
"New Mexico","linear_increase_sd","Past",2020-03-10,"cumulative_all_infections",72,72,72,78,73,87,87,87
"New Mexico","return_normal","Past",2020-03-10,"cumulative_all_infections",72,72,72,78,73,87,87,87
"New Mexico","status_quo","Past",2020-03-10,"cumulative_all_infections",72,72,72,78,73,87,87,87
"New Mexico","linear_increase_sd","Past",2020-03-10,"cumulative_cases",3,3,3,3,3,3,3,3
"New Mexico","return_normal","Past",2020-03-10,"cumulative_cases",3,3,3,3,3,3,3,3
"New Mexico","status_quo","Past",2020-03-10,"cumulative_cases",3,3,3,3,3,3,3,3
"New Mexico","linear_increase_sd","Past",2020-03-10,"cumulative_deaths",1,1,1,2,1,2,2,2
"New Mexico","return_normal","Past",2020-03-10,"cumulative_deaths",1,1,1,2,1,2,2,2
"New Mexico","status_quo","Past",2020-03-10,"cumulative_deaths",1,1,1,2,1,2,2,2
"New Mexico","linear_increase_sd","Past",2020-03-10,"cumulative_hosps",4,4,4,4,4,4,4,4
"New Mexico","return_normal","Past",2020-03-10,"cumulative_hosps",4,4,4,4,4,4,4,4
"New Mexico","status_quo","Past",2020-03-10,"cumulative_hosps",4,4,4,4,4,4,4,4
"New Mexico","linear_increase_sd","Past",2020-03-10,"daily_all_infections",19,19,19,23,23,27,27,27
"New Mexico","return_normal","Past",2020-03-10,"daily_all_infections",19,19,19,23,23,27,27,27
"New Mexico","status_quo","Past",2020-03-10,"daily_all_infections",19,19,19,23,23,27,27,27
"New Mexico","linear_increase_sd","Past",2020-03-10,"daily_cases",1,1,1,1,1,1,1,1
"New Mexico","return_normal","Past",2020-03-10,"daily_cases",1,1,1,1,1,1,1,1
"New Mexico","status_quo","Past",2020-03-10,"daily_cases",1,1,1,1,1,1,1,1
"New Mexico","linear_increase_sd","Past",2020-03-10,"daily_deaths",1,1,1,1,1,1,1,1
"New Mexico","return_normal","Past",2020-03-10,"daily_deaths",1,1,1,1,1,1,1,1
"New Mexico","status_quo","Past",2020-03-10,"daily_deaths",1,1,1,1,1,1,1,1
"New Mexico","linear_increase_sd","Past",2020-03-10,"daily_hosps",1,1,1,1,1,1,1,1
"New Mexico","return_normal","Past",2020-03-10,"daily_hosps",1,1,1,1,1,1,1,1
"New Mexico","status_quo","Past",2020-03-10,"daily_hosps",1,1,1,1,1,1,1,1
"New Mexico","linear_increase_sd","Past",2020-03-10,"latent_trend",NA,NA,NA,0.99993127054382,NA,NA,NA,NA
"New Mexico","return_normal","Past",2020-03-10,"latent_trend",NA,NA,NA,0.99993127054382,NA,NA,NA,NA
"New Mexico","status_quo","Past",2020-03-10,"latent_trend",NA,NA,NA,0.99993127054382,NA,NA,NA,NA
"New Mexico","linear_increase_sd","Past",2020-03-10,"mobility_trend",NA,NA,NA,0.995016237582674,NA,NA,NA,NA
"New Mexico","return_normal","Past",2020-03-10,"mobility_trend",NA,NA,NA,0.995016237582674,NA,NA,NA,NA
"New Mexico","status_quo","Past",2020-03-10,"mobility_trend",NA,NA,NA,0.995016237582674,NA,NA,NA,NA
"New Mexico",NA,"Past",2020-03-11,"actual_cumulative_cases",NA,NA,NA,3,NA,NA,NA,NA
"New Mexico",NA,"Past",2020-03-11,"actual_cumulative_deaths",NA,NA,NA,0,NA,NA,NA,NA
"New Mexico",NA,"Past",2020-03-11,"actual_daily_cases",NA,NA,NA,3,NA,NA,NA,NA
"New Mexico",NA,"Past",2020-03-11,"actual_daily_deaths",NA,NA,NA,NA,NA,NA,NA,NA
"New Mexico","linear_increase_sd","Past",2020-03-11,"combined_trend",NA,NA,NA,0.984552475585655,NA,NA,NA,NA
"New Mexico","return_normal","Past",2020-03-11,"combined_trend",NA,NA,NA,0.984552475585655,NA,NA,NA,NA
"New Mexico","status_quo","Past",2020-03-11,"combined_trend",NA,NA,NA,0.984552475585655,NA,NA,NA,NA
"New Mexico","linear_increase_sd","Past",2020-03-11,"cumulative_all_infections",95,95,95,105,100,118,118,118
"New Mexico","return_normal","Past",2020-03-11,"cumulative_all_infections",95,95,95,105,100,118,118,118
"New Mexico","status_quo","Past",2020-03-11,"cumulative_all_infections",95,95,95,105,100,118,118,118
"New Mexico","linear_increase_sd","Past",2020-03-11,"cumulative_cases",4,4,4,4,4,4,4,4
"New Mexico","return_normal","Past",2020-03-11,"cumulative_cases",4,4,4,4,4,4,4,4
"New Mexico","status_quo","Past",2020-03-11,"cumulative_cases",4,4,4,4,4,4,4,4
"New Mexico","linear_increase_sd","Past",2020-03-11,"cumulative_deaths",1,1,1,2,2,2,2,2
"New Mexico","return_normal","Past",2020-03-11,"cumulative_deaths",1,1,1,2,2,2,2,2
"New Mexico","status_quo","Past",2020-03-11,"cumulative_deaths",1,1,1,2,2,2,2,2
"New Mexico","linear_increase_sd","Past",2020-03-11,"cumulative_hosps",5,5,5,5,5,5,5,5
"New Mexico","return_normal","Past",2020-03-11,"cumulative_hosps",5,5,5,5,5,5,5,5
"New Mexico","status_quo","Past",2020-03-11,"cumulative_hosps",5,5,5,5,5,5,5,5
"New Mexico","linear_increase_sd","Past",2020-03-11,"daily_all_infections",22,22,22,27,28,31,31,31
"New Mexico","return_normal","Past",2020-03-11,"daily_all_infections",22,22,22,27,28,31,31,31
"New Mexico","status_quo","Past",2020-03-11,"daily_all_infections",22,22,22,27,28,31,31,31
"New Mexico","linear_increase_sd","Past",2020-03-11,"daily_cases",1,1,1,1,1,1,1,1
"New Mexico","return_normal","Past",2020-03-11,"daily_cases",1,1,1,1,1,1,1,1
"New Mexico","status_quo","Past",2020-03-11,"daily_cases",1,1,1,1,1,1,1,1
"New Mexico","linear_increase_sd","Past",2020-03-11,"daily_deaths",0,0,0,1,0,1,1,1
"New Mexico","return_normal","Past",2020-03-11,"daily_deaths",0,0,0,1,0,1,1,1
"New Mexico","status_quo","Past",2020-03-11,"daily_deaths",0,0,0,1,0,1,1,1
"New Mexico","linear_increase_sd","Past",2020-03-11,"daily_hosps",1,1,1,1,1,1,1,1
"New Mexico","return_normal","Past",2020-03-11,"daily_hosps",1,1,1,1,1,1,1,1
"New Mexico","status_quo","Past",2020-03-11,"daily_hosps",1,1,1,1,1,1,1,1
"New Mexico","linear_increase_sd","Past",2020-03-11,"latent_trend",NA,NA,NA,0.999923732837853,NA,NA,NA,NA
"New Mexico","return_normal","Past",2020-03-11,"latent_trend",NA,NA,NA,0.999923732837853,NA,NA,NA,NA
"New Mexico","status_quo","Past",2020-03-11,"latent_trend",NA,NA,NA,0.999923732837853,NA,NA,NA,NA
"New Mexico","linear_increase_sd","Past",2020-03-11,"mobility_trend",NA,NA,NA,0.984627570336216,NA,NA,NA,NA
"New Mexico","return_normal","Past",2020-03-11,"mobility_trend",NA,NA,NA,0.984627570336216,NA,NA,NA,NA
"New Mexico","status_quo","Past",2020-03-11,"mobility_trend",NA,NA,NA,0.984627570336216,NA,NA,NA,NA
"New Mexico",NA,"Past",2020-03-12,"actual_cumulative_cases",NA,NA,NA,5,NA,NA,NA,NA
"New Mexico",NA,"Past",2020-03-12,"actual_cumulative_deaths",NA,NA,NA,0,NA,NA,NA,NA
"New Mexico",NA,"Past",2020-03-12,"actual_daily_cases",NA,NA,NA,2,NA,NA,NA,NA
"New Mexico",NA,"Past",2020-03-12,"actual_daily_deaths",NA,NA,NA,NA,NA,NA,NA,NA
"New Mexico","linear_increase_sd","Past",2020-03-12,"combined_trend",NA,NA,NA,0.972688276059105,NA,NA,NA,NA
"New Mexico","return_normal","Past",2020-03-12,"combined_trend",NA,NA,NA,0.972688276059105,NA,NA,NA,NA
"New Mexico","status_quo","Past",2020-03-12,"combined_trend",NA,NA,NA,0.972688276059105,NA,NA,NA,NA
"New Mexico","linear_increase_sd","Past",2020-03-12,"cumulative_all_infections",122,122,122,139,135,158,158,158
"New Mexico","return_normal","Past",2020-03-12,"cumulative_all_infections",122,122,122,139,135,158,158,158
"New Mexico","status_quo","Past",2020-03-12,"cumulative_all_infections",122,122,122,139,135,158,158,158
"New Mexico","linear_increase_sd","Past",2020-03-12,"cumulative_cases",5,5,5,6,6,6,6,6
"New Mexico","return_normal","Past",2020-03-12,"cumulative_cases",5,5,5,6,6,6,6,6
"New Mexico","status_quo","Past",2020-03-12,"cumulative_cases",5,5,5,6,6,6,6,6
"New Mexico","linear_increase_sd","Past",2020-03-12,"cumulative_deaths",2,2,2,3,3,3,3,3
"New Mexico","return_normal","Past",2020-03-12,"cumulative_deaths",2,2,2,3,3,3,3,3
"New Mexico","status_quo","Past",2020-03-12,"cumulative_deaths",2,2,2,3,3,3,3,3
"New Mexico","linear_increase_sd","Past",2020-03-12,"cumulative_hosps",6,6,6,6,6,6,6,6
"New Mexico","return_normal","Past",2020-03-12,"cumulative_hosps",6,6,6,6,6,6,6,6
"New Mexico","status_quo","Past",2020-03-12,"cumulative_hosps",6,6,6,6,6,6,6,6
"New Mexico","linear_increase_sd","Past",2020-03-12,"daily_all_infections",27,27,27,34,35,40,40,40
"New Mexico","return_normal","Past",2020-03-12,"daily_all_infections",27,27,27,34,35,40,40,40
"New Mexico","status_quo","Past",2020-03-12,"daily_all_infections",27,27,27,34,35,40,40,40
"New Mexico","linear_increase_sd","Past",2020-03-12,"daily_cases",1,1,1,2,2,2,2,2
"New Mexico","return_normal","Past",2020-03-12,"daily_cases",1,1,1,2,2,2,2,2
"New Mexico","status_quo","Past",2020-03-12,"daily_cases",1,1,1,2,2,2,2,2
"New Mexico","linear_increase_sd","Past",2020-03-12,"daily_deaths",1,1,1,1,1,1,1,1
"New Mexico","return_normal","Past",2020-03-12,"daily_deaths",1,1,1,1,1,1,1,1
"New Mexico","status_quo","Past",2020-03-12,"daily_deaths",1,1,1,1,1,1,1,1
"New Mexico","linear_increase_sd","Past",2020-03-12,"daily_hosps",1,1,1,1,1,1,1,1
"New Mexico","return_normal","Past",2020-03-12,"daily_hosps",1,1,1,1,1,1,1,1
"New Mexico","status_quo","Past",2020-03-12,"daily_hosps",1,1,1,1,1,1,1,1
"New Mexico","linear_increase_sd","Past",2020-03-12,"latent_trend",NA,NA,NA,0.999910576754971,NA,NA,NA,NA
"New Mexico","return_normal","Past",2020-03-12,"latent_trend",NA,NA,NA,0.999910576754971,NA,NA,NA,NA
"New Mexico","status_quo","Past",2020-03-12,"latent_trend",NA,NA,NA,0.999910576754971,NA,NA,NA,NA
"New Mexico","linear_increase_sd","Past",2020-03-12,"mobility_trend",NA,NA,NA,0.972775264779965,NA,NA,NA,NA
"New Mexico","return_normal","Past",2020-03-12,"mobility_trend",NA,NA,NA,0.972775264779965,NA,NA,NA,NA
"New Mexico","status_quo","Past",2020-03-12,"mobility_trend",NA,NA,NA,0.972775264779965,NA,NA,NA,NA
"New Mexico",NA,"Past",2020-03-13,"actual_cumulative_cases",NA,NA,NA,10,NA,NA,NA,NA
"New Mexico",NA,"Past",2020-03-13,"actual_cumulative_deaths",NA,NA,NA,0,NA,NA,NA,NA
"New Mexico",NA,"Past",2020-03-13,"actual_daily_cases",NA,NA,NA,5,NA,NA,NA,NA
"New Mexico",NA,"Past",2020-03-13,"actual_daily_deaths",NA,NA,NA,NA,NA,NA,NA,NA
"New Mexico","linear_increase_sd","Past",2020-03-13,"combined_trend",NA,NA,NA,0.9597335940944,NA,NA,NA,NA
"New Mexico","return_normal","Past",2020-03-13,"combined_trend",NA,NA,NA,0.9597335940944,NA,NA,NA,NA
"New Mexico","status_quo","Past",2020-03-13,"combined_trend",NA,NA,NA,0.9597335940944,NA,NA,NA,NA
"New Mexico","linear_increase_sd","Past",2020-03-13,"cumulative_all_infections",154,154,154,179,177,205,205,205
"New Mexico","return_normal","Past",2020-03-13,"cumulative_all_infections",154,154,154,179,177,205,205,205
"New Mexico","status_quo","Past",2020-03-13,"cumulative_all_infections",154,154,154,179,177,205,205,205
"New Mexico","linear_increase_sd","Past",2020-03-13,"cumulative_cases",6,6,6,8,8,8,8,8
"New Mexico","return_normal","Past",2020-03-13,"cumulative_cases",6,6,6,8,8,8,8,8
"New Mexico","status_quo","Past",2020-03-13,"cumulative_cases",6,6,6,8,8,8,8,8
"New Mexico","linear_increase_sd","Past",2020-03-13,"cumulative_deaths",3,3,3,4,3,4,4,4
"New Mexico","return_normal","Past",2020-03-13,"cumulative_deaths",3,3,3,4,3,4,4,4
"New Mexico","status_quo","Past",2020-03-13,"cumulative_deaths",3,3,3,4,3,4,4,4
"New Mexico","linear_increase_sd","Past",2020-03-13,"cumulative_hosps",7,7,7,7,7,7,7,7
"New Mexico","return_normal","Past",2020-03-13,"cumulative_hosps",7,7,7,7,7,7,7,7
"New Mexico","status_quo","Past",2020-03-13,"cumulative_hosps",7,7,7,7,7,7,7,7
"New Mexico","linear_increase_sd","Past",2020-03-13,"daily_all_infections",32,32,32,41,42,47,47,47
"New Mexico","return_normal","Past",2020-03-13,"daily_all_infections",32,32,32,41,42,47,47,47
"New Mexico","status_quo","Past",2020-03-13,"daily_all_infections",32,32,32,41,42,47,47,47
"New Mexico","linear_increase_sd","Past",2020-03-13,"daily_cases",1,1,1,2,2,2,2,2
"New Mexico","return_normal","Past",2020-03-13,"daily_cases",1,1,1,2,2,2,2,2
"New Mexico","status_quo","Past",2020-03-13,"daily_cases",1,1,1,2,2,2,2,2
"New Mexico","linear_increase_sd","Past",2020-03-13,"daily_deaths",0,0,0,1,1,1,1,1
"New Mexico","return_normal","Past",2020-03-13,"daily_deaths",0,0,0,1,1,1,1,1
"New Mexico","status_quo","Past",2020-03-13,"daily_deaths",0,0,0,1,1,1,1,1
"New Mexico","linear_increase_sd","Past",2020-03-13,"daily_hosps",1,1,1,1,1,1,1,1
"New Mexico","return_normal","Past",2020-03-13,"daily_hosps",1,1,1,1,1,1,1,1
"New Mexico","status_quo","Past",2020-03-13,"daily_hosps",1,1,1,1,1,1,1,1
"New Mexico","linear_increase_sd","Past",2020-03-13,"latent_trend",NA,NA,NA,0.999889708488644,NA,NA,NA,NA
"New Mexico","return_normal","Past",2020-03-13,"latent_trend",NA,NA,NA,0.999889708488644,NA,NA,NA,NA
"New Mexico","status_quo","Past",2020-03-13,"latent_trend",NA,NA,NA,0.999889708488644,NA,NA,NA,NA
"New Mexico","linear_increase_sd","Past",2020-03-13,"mobility_trend",NA,NA,NA,0.959839456238688,NA,NA,NA,NA
"New Mexico","return_normal","Past",2020-03-13,"mobility_trend",NA,NA,NA,0.959839456238688,NA,NA,NA,NA
"New Mexico","status_quo","Past",2020-03-13,"mobility_trend",NA,NA,NA,0.959839456238688,NA,NA,NA,NA
"New Mexico",NA,"Past",2020-03-14,"actual_cumulative_cases",NA,NA,NA,10,NA,NA,NA,NA
"New Mexico",NA,"Past",2020-03-14,"actual_cumulative_deaths",NA,NA,NA,0,NA,NA,NA,NA
"New Mexico",NA,"Past",2020-03-14,"actual_daily_cases",NA,NA,NA,0,NA,NA,NA,NA
"New Mexico",NA,"Past",2020-03-14,"actual_daily_deaths",NA,NA,NA,NA,NA,NA,NA,NA
"New Mexico","linear_increase_sd","Past",2020-03-14,"combined_trend",NA,NA,NA,0.945898105113282,NA,NA,NA,NA
"New Mexico","return_normal","Past",2020-03-14,"combined_trend",NA,NA,NA,0.945898105113282,NA,NA,NA,NA
"New Mexico","status_quo","Past",2020-03-14,"combined_trend",NA,NA,NA,0.945898105113282,NA,NA,NA,NA
"New Mexico","linear_increase_sd","Past",2020-03-14,"cumulative_all_infections",194,194,194,227,226,259,259,259
"New Mexico","return_normal","Past",2020-03-14,"cumulative_all_infections",194,194,194,227,226,259,259,259
"New Mexico","status_quo","Past",2020-03-14,"cumulative_all_infections",194,194,194,227,226,259,259,259
"New Mexico","linear_increase_sd","Past",2020-03-14,"cumulative_cases",8,8,8,10,10,11,11,11
"New Mexico","return_normal","Past",2020-03-14,"cumulative_cases",8,8,8,10,10,11,11,11
"New Mexico","status_quo","Past",2020-03-14,"cumulative_cases",8,8,8,10,10,11,11,11
"New Mexico","linear_increase_sd","Past",2020-03-14,"cumulative_deaths",4,4,4,5,4,5,5,5
"New Mexico","return_normal","Past",2020-03-14,"cumulative_deaths",4,4,4,5,4,5,5,5
"New Mexico","status_quo","Past",2020-03-14,"cumulative_deaths",4,4,4,5,4,5,5,5
"New Mexico","linear_increase_sd","Past",2020-03-14,"cumulative_hosps",8,8,8,8,8,8,8,8
"New Mexico","return_normal","Past",2020-03-14,"cumulative_hosps",8,8,8,8,8,8,8,8
"New Mexico","status_quo","Past",2020-03-14,"cumulative_hosps",8,8,8,8,8,8,8,8
"New Mexico","linear_increase_sd","Past",2020-03-14,"daily_all_infections",40,40,40,48,49,54,54,54
"New Mexico","return_normal","Past",2020-03-14,"daily_all_infections",40,40,40,48,49,54,54,54
"New Mexico","status_quo","Past",2020-03-14,"daily_all_infections",40,40,40,48,49,54,54,54
"New Mexico","linear_increase_sd","Past",2020-03-14,"daily_cases",2,2,2,3,2,3,3,3
"New Mexico","return_normal","Past",2020-03-14,"daily_cases",2,2,2,3,2,3,3,3
"New Mexico","status_quo","Past",2020-03-14,"daily_cases",2,2,2,3,2,3,3,3
"New Mexico","linear_increase_sd","Past",2020-03-14,"daily_deaths",1,1,1,1,1,1,1,1
"New Mexico","return_normal","Past",2020-03-14,"daily_deaths",1,1,1,1,1,1,1,1
"New Mexico","status_quo","Past",2020-03-14,"daily_deaths",1,1,1,1,1,1,1,1
"New Mexico","linear_increase_sd","Past",2020-03-14,"daily_hosps",1,1,1,1,1,1,1,1
"New Mexico","return_normal","Past",2020-03-14,"daily_hosps",1,1,1,1,1,1,1,1
"New Mexico","status_quo","Past",2020-03-14,"daily_hosps",1,1,1,1,1,1,1,1
"New Mexico","linear_increase_sd","Past",2020-03-14,"latent_trend",NA,NA,NA,0.999857546674646,NA,NA,NA,NA
"New Mexico","return_normal","Past",2020-03-14,"latent_trend",NA,NA,NA,0.999857546674646,NA,NA,NA,NA
"New Mexico","status_quo","Past",2020-03-14,"latent_trend",NA,NA,NA,0.999857546674646,NA,NA,NA,NA
"New Mexico","linear_increase_sd","Past",2020-03-14,"mobility_trend",NA,NA,NA,0.946032870641599,NA,NA,NA,NA
"New Mexico","return_normal","Past",2020-03-14,"mobility_trend",NA,NA,NA,0.946032870641599,NA,NA,NA,NA
"New Mexico","status_quo","Past",2020-03-14,"mobility_trend",NA,NA,NA,0.946032870641599,NA,NA,NA,NA
"New Mexico",NA,"Past",2020-03-15,"actual_cumulative_cases",NA,NA,NA,13,NA,NA,NA,NA
"New Mexico",NA,"Past",2020-03-15,"actual_cumulative_deaths",NA,NA,NA,0,NA,NA,NA,NA
"New Mexico",NA,"Past",2020-03-15,"actual_daily_cases",NA,NA,NA,3,NA,NA,NA,NA
"New Mexico",NA,"Past",2020-03-15,"actual_daily_deaths",NA,NA,NA,NA,NA,NA,NA,NA
"New Mexico","linear_increase_sd","Past",2020-03-15,"combined_trend",NA,NA,NA,0.931230095755095,NA,NA,NA,NA
"New Mexico","return_normal","Past",2020-03-15,"combined_trend",NA,NA,NA,0.931230095755095,NA,NA,NA,NA
"New Mexico","status_quo","Past",2020-03-15,"combined_trend",NA,NA,NA,0.931230095755095,NA,NA,NA,NA
"New Mexico","linear_increase_sd","Past",2020-03-15,"cumulative_all_infections",242,242,242,284,286,324,324,324
"New Mexico","return_normal","Past",2020-03-15,"cumulative_all_infections",242,242,242,284,286,324,324,324
"New Mexico","status_quo","Past",2020-03-15,"cumulative_all_infections",242,242,242,284,286,324,324,324
"New Mexico","linear_increase_sd","Past",2020-03-15,"cumulative_cases",11,11,11,13,13,14,14,14
"New Mexico","return_normal","Past",2020-03-15,"cumulative_cases",11,11,11,13,13,14,14,14
"New Mexico","status_quo","Past",2020-03-15,"cumulative_cases",11,11,11,13,13,14,14,14
"New Mexico","linear_increase_sd","Past",2020-03-15,"cumulative_deaths",5,5,5,6,5,6,6,6
"New Mexico","return_normal","Past",2020-03-15,"cumulative_deaths",5,5,5,6,5,6,6,6
"New Mexico","status_quo","Past",2020-03-15,"cumulative_deaths",5,5,5,6,5,6,6,6
"New Mexico","linear_increase_sd","Past",2020-03-15,"cumulative_hosps",9,9,9,9,9,9,9,9
"New Mexico","return_normal","Past",2020-03-15,"cumulative_hosps",9,9,9,9,9,9,9,9
"New Mexico","status_quo","Past",2020-03-15,"cumulative_hosps",9,9,9,9,9,9,9,9
"New Mexico","linear_increase_sd","Past",2020-03-15,"daily_all_infections",48,48,48,58,60,65,65,65
"New Mexico","return_normal","Past",2020-03-15,"daily_all_infections",48,48,48,58,60,65,65,65
"New Mexico","status_quo","Past",2020-03-15,"daily_all_infections",48,48,48,58,60,65,65,65
"New Mexico","linear_increase_sd","Past",2020-03-15,"daily_cases",3,3,3,3,3,3,3,3
"New Mexico","return_normal","Past",2020-03-15,"daily_cases",3,3,3,3,3,3,3,3
"New Mexico","status_quo","Past",2020-03-15,"daily_cases",3,3,3,3,3,3,3,3
"New Mexico","linear_increase_sd","Past",2020-03-15,"daily_deaths",1,1,1,1,1,1,1,1
"New Mexico","return_normal","Past",2020-03-15,"daily_deaths",1,1,1,1,1,1,1,1
"New Mexico","status_quo","Past",2020-03-15,"daily_deaths",1,1,1,1,1,1,1,1
"New Mexico","linear_increase_sd","Past",2020-03-15,"daily_hosps",1,1,1,1,1,1,1,1
"New Mexico","return_normal","Past",2020-03-15,"daily_hosps",1,1,1,1,1,1,1,1
"New Mexico","status_quo","Past",2020-03-15,"daily_hosps",1,1,1,1,1,1,1,1
"New Mexico","linear_increase_sd","Past",2020-03-15,"latent_trend",NA,NA,NA,0.999808176884437,NA,NA,NA,NA
"New Mexico","return_normal","Past",2020-03-15,"latent_trend",NA,NA,NA,0.999808176884437,NA,NA,NA,NA
"New Mexico","status_quo","Past",2020-03-15,"latent_trend",NA,NA,NA,0.999808176884437,NA,NA,NA,NA
"New Mexico","linear_increase_sd","Past",2020-03-15,"mobility_trend",NA,NA,NA,0.931408761485585,NA,NA,NA,NA
"New Mexico","return_normal","Past",2020-03-15,"mobility_trend",NA,NA,NA,0.931408761485585,NA,NA,NA,NA
"New Mexico","status_quo","Past",2020-03-15,"mobility_trend",NA,NA,NA,0.931408761485585,NA,NA,NA,NA
"New Mexico",NA,"Past",2020-03-16,"actual_cumulative_cases",NA,NA,NA,17,NA,NA,NA,NA
"New Mexico",NA,"Past",2020-03-16,"actual_cumulative_deaths",NA,NA,NA,0,NA,NA,NA,NA
"New Mexico",NA,"Past",2020-03-16,"actual_daily_cases",NA,NA,NA,4,NA,NA,NA,NA
"New Mexico",NA,"Past",2020-03-16,"actual_daily_deaths",NA,NA,NA,NA,NA,NA,NA,NA
"New Mexico","linear_increase_sd","Past",2020-03-16,"combined_trend",NA,NA,NA,0.915304449966484,NA,NA,NA,NA
"New Mexico","return_normal","Past",2020-03-16,"combined_trend",NA,NA,NA,0.915304449966484,NA,NA,NA,NA
"New Mexico","status_quo","Past",2020-03-16,"combined_trend",NA,NA,NA,0.915304449966484,NA,NA,NA,NA
"New Mexico","linear_increase_sd","Past",2020-03-16,"cumulative_all_infections",298,298,298,352,357,400,400,400
"New Mexico","return_normal","Past",2020-03-16,"cumulative_all_infections",298,298,298,352,357,400,400,400
"New Mexico","status_quo","Past",2020-03-16,"cumulative_all_infections",298,298,298,352,357,400,400,400
"New Mexico","linear_increase_sd","Past",2020-03-16,"cumulative_cases",14,14,14,17,17,19,19,19
"New Mexico","return_normal","Past",2020-03-16,"cumulative_cases",14,14,14,17,17,19,19,19
"New Mexico","status_quo","Past",2020-03-16,"cumulative_cases",14,14,14,17,17,19,19,19
"New Mexico","linear_increase_sd","Past",2020-03-16,"cumulative_deaths",6,6,6,7,6,7,7,7
"New Mexico","return_normal","Past",2020-03-16,"cumulative_deaths",6,6,6,7,6,7,7,7
"New Mexico","status_quo","Past",2020-03-16,"cumulative_deaths",6,6,6,7,6,7,7,7
"New Mexico","linear_increase_sd","Past",2020-03-16,"cumulative_hosps",10,10,10,10,10,10,10,10
"New Mexico","return_normal","Past",2020-03-16,"cumulative_hosps",10,10,10,10,10,10,10,10
"New Mexico","status_quo","Past",2020-03-16,"cumulative_hosps",10,10,10,10,10,10,10,10
"New Mexico","linear_increase_sd","Past",2020-03-16,"daily_all_infections",56,56,56,68,71,76,76,76
"New Mexico","return_normal","Past",2020-03-16,"daily_all_infections",56,56,56,68,71,76,76,76
"New Mexico","status_quo","Past",2020-03-16,"daily_all_infections",56,56,56,68,71,76,76,76
"New Mexico","linear_increase_sd","Past",2020-03-16,"daily_cases",3,3,3,4,4,5,5,5
"New Mexico","return_normal","Past",2020-03-16,"daily_cases",3,3,3,4,4,5,5,5
"New Mexico","status_quo","Past",2020-03-16,"daily_cases",3,3,3,4,4,5,5,5
"New Mexico","linear_increase_sd","Past",2020-03-16,"daily_deaths",1,1,1,1,1,1,1,1
"New Mexico","return_normal","Past",2020-03-16,"daily_deaths",1,1,1,1,1,1,1,1
"New Mexico","status_quo","Past",2020-03-16,"daily_deaths",1,1,1,1,1,1,1,1
"New Mexico","linear_increase_sd","Past",2020-03-16,"daily_hosps",1,1,1,1,1,1,1,1
"New Mexico","return_normal","Past",2020-03-16,"daily_hosps",1,1,1,1,1,1,1,1
"New Mexico","status_quo","Past",2020-03-16,"daily_hosps",1,1,1,1,1,1,1,1
"New Mexico","linear_increase_sd","Past",2020-03-16,"latent_trend",NA,NA,NA,0.999731907603539,NA,NA,NA,NA
"New Mexico","return_normal","Past",2020-03-16,"latent_trend",NA,NA,NA,0.999731907603539,NA,NA,NA,NA
"New Mexico","status_quo","Past",2020-03-16,"latent_trend",NA,NA,NA,0.999731907603539,NA,NA,NA,NA
"New Mexico","linear_increase_sd","Past",2020-03-16,"mobility_trend",NA,NA,NA,0.915549901933773,NA,NA,NA,NA
"New Mexico","return_normal","Past",2020-03-16,"mobility_trend",NA,NA,NA,0.915549901933773,NA,NA,NA,NA
"New Mexico","status_quo","Past",2020-03-16,"mobility_trend",NA,NA,NA,0.915549901933773,NA,NA,NA,NA
"New Mexico",NA,"Past",2020-03-17,"actual_cumulative_cases",NA,NA,NA,23,NA,NA,NA,NA
"New Mexico",NA,"Past",2020-03-17,"actual_cumulative_deaths",NA,NA,NA,0,NA,NA,NA,NA
"New Mexico",NA,"Past",2020-03-17,"actual_daily_cases",NA,NA,NA,6,NA,NA,NA,NA
"New Mexico",NA,"Past",2020-03-17,"actual_daily_deaths",NA,NA,NA,NA,NA,NA,NA,NA
"New Mexico","linear_increase_sd","Past",2020-03-17,"combined_trend",NA,NA,NA,0.897673742929152,NA,NA,NA,NA
"New Mexico","return_normal","Past",2020-03-17,"combined_trend",NA,NA,NA,0.897673742929152,NA,NA,NA,NA
"New Mexico","status_quo","Past",2020-03-17,"combined_trend",NA,NA,NA,0.897673742929152,NA,NA,NA,NA
"New Mexico","linear_increase_sd","Past",2020-03-17,"cumulative_all_infections",365,365,365,433,440,493,493,493
"New Mexico","return_normal","Past",2020-03-17,"cumulative_all_infections",365,365,365,433,440,493,493,493
"New Mexico","status_quo","Past",2020-03-17,"cumulative_all_infections",365,365,365,433,440,493,493,493
"New Mexico","linear_increase_sd","Past",2020-03-17,"cumulative_cases",18,18,18,22,22,25,25,25
"New Mexico","return_normal","Past",2020-03-17,"cumulative_cases",18,18,18,22,22,25,25,25
"New Mexico","status_quo","Past",2020-03-17,"cumulative_cases",18,18,18,22,22,25,25,25
"New Mexico","linear_increase_sd","Past",2020-03-17,"cumulative_deaths",6,6,6,7,7,8,8,8
"New Mexico","return_normal","Past",2020-03-17,"cumulative_deaths",6,6,6,7,7,8,8,8
"New Mexico","status_quo","Past",2020-03-17,"cumulative_deaths",6,6,6,7,7,8,8,8
"New Mexico","linear_increase_sd","Past",2020-03-17,"cumulative_hosps",11,11,11,11,11,11,11,11
"New Mexico","return_normal","Past",2020-03-17,"cumulative_hosps",11,11,11,11,11,11,11,11
"New Mexico","status_quo","Past",2020-03-17,"cumulative_hosps",11,11,11,11,11,11,11,11
"New Mexico","linear_increase_sd","Past",2020-03-17,"daily_all_infections",67,67,67,81,83,93,93,93
"New Mexico","return_normal","Past",2020-03-17,"daily_all_infections",67,67,67,81,83,93,93,93
"New Mexico","status_quo","Past",2020-03-17,"daily_all_infections",67,67,67,81,83,93,93,93
"New Mexico","linear_increase_sd","Past",2020-03-17,"daily_cases",4,4,4,5,5,6,6,6
"New Mexico","return_normal","Past",2020-03-17,"daily_cases",4,4,4,5,5,6,6,6
"New Mexico","status_quo","Past",2020-03-17,"daily_cases",4,4,4,5,5,6,6,6
"New Mexico","linear_increase_sd","Past",2020-03-17,"daily_deaths",0,0,0,1,1,1,1,1
"New Mexico","return_normal","Past",2020-03-17,"daily_deaths",0,0,0,1,1,1,1,1
"New Mexico","status_quo","Past",2020-03-17,"daily_deaths",0,0,0,1,1,1,1,1
"New Mexico","linear_increase_sd","Past",2020-03-17,"daily_hosps",1,1,1,1,1,1,1,1
"New Mexico","return_normal","Past",2020-03-17,"daily_hosps",1,1,1,1,1,1,1,1
"New Mexico","status_quo","Past",2020-03-17,"daily_hosps",1,1,1,1,1,1,1,1
"New Mexico","linear_increase_sd","Past",2020-03-17,"latent_trend",NA,NA,NA,0.999612851189602,NA,NA,NA,NA
"New Mexico","return_normal","Past",2020-03-17,"latent_trend",NA,NA,NA,0.999612851189602,NA,NA,NA,NA
"New Mexico","status_quo","Past",2020-03-17,"latent_trend",NA,NA,NA,0.999612851189602,NA,NA,NA,NA
"New Mexico","linear_increase_sd","Past",2020-03-17,"mobility_trend",NA,NA,NA,0.898021410850075,NA,NA,NA,NA
"New Mexico","return_normal","Past",2020-03-17,"mobility_trend",NA,NA,NA,0.898021410850075,NA,NA,NA,NA
"New Mexico","status_quo","Past",2020-03-17,"mobility_trend",NA,NA,NA,0.898021410850075,NA,NA,NA,NA
"New Mexico",NA,"Past",2020-03-18,"actual_cumulative_cases",NA,NA,NA,28,NA,NA,NA,NA
"New Mexico",NA,"Past",2020-03-18,"actual_cumulative_deaths",NA,NA,NA,0,NA,NA,NA,NA
"New Mexico",NA,"Past",2020-03-18,"actual_daily_cases",NA,NA,NA,5,NA,NA,NA,NA
"New Mexico",NA,"Past",2020-03-18,"actual_daily_deaths",NA,NA,NA,NA,NA,NA,NA,NA
"New Mexico","linear_increase_sd","Past",2020-03-18,"combined_trend",NA,NA,NA,0.87828289295058,NA,NA,NA,NA
"New Mexico","return_normal","Past",2020-03-18,"combined_trend",NA,NA,NA,0.87828289295058,NA,NA,NA,NA
"New Mexico","status_quo","Past",2020-03-18,"combined_trend",NA,NA,NA,0.87828289295058,NA,NA,NA,NA
"New Mexico","linear_increase_sd","Past",2020-03-18,"cumulative_all_infections",445,445,445,527,536,600,600,600
"New Mexico","return_normal","Past",2020-03-18,"cumulative_all_infections",445,445,445,527,536,600,600,600
"New Mexico","status_quo","Past",2020-03-18,"cumulative_all_infections",445,445,445,527,536,600,600,600
"New Mexico","linear_increase_sd","Past",2020-03-18,"cumulative_cases",23,23,23,28,27,32,32,32
"New Mexico","return_normal","Past",2020-03-18,"cumulative_cases",23,23,23,28,27,32,32,32
"New Mexico","status_quo","Past",2020-03-18,"cumulative_cases",23,23,23,28,27,32,32,32
"New Mexico","linear_increase_sd","Past",2020-03-18,"cumulative_deaths",6,6,6,8,7,9,9,9
"New Mexico","return_normal","Past",2020-03-18,"cumulative_deaths",6,6,6,8,7,9,9,9
"New Mexico","status_quo","Past",2020-03-18,"cumulative_deaths",6,6,6,8,7,9,9,9
"New Mexico","linear_increase_sd","Past",2020-03-18,"cumulative_hosps",12,12,12,12,12,12,12,12
"New Mexico","return_normal","Past",2020-03-18,"cumulative_hosps",12,12,12,12,12,12,12,12
"New Mexico","status_quo","Past",2020-03-18,"cumulative_hosps",12,12,12,12,12,12,12,12
"New Mexico","linear_increase_sd","Past",2020-03-18,"daily_all_infections",80,80,80,95,96,107,107,107
"New Mexico","return_normal","Past",2020-03-18,"daily_all_infections",80,80,80,95,96,107,107,107
"New Mexico","status_quo","Past",2020-03-18,"daily_all_infections",80,80,80,95,96,107,107,107
"New Mexico","linear_increase_sd","Past",2020-03-18,"daily_cases",5,5,5,6,5,7,7,7
"New Mexico","return_normal","Past",2020-03-18,"daily_cases",5,5,5,6,5,7,7,7
"New Mexico","status_quo","Past",2020-03-18,"daily_cases",5,5,5,6,5,7,7,7
"New Mexico","linear_increase_sd","Past",2020-03-18,"daily_deaths",0,0,0,1,0,1,1,1
"New Mexico","return_normal","Past",2020-03-18,"daily_deaths",0,0,0,1,0,1,1,1
"New Mexico","status_quo","Past",2020-03-18,"daily_deaths",0,0,0,1,0,1,1,1
"New Mexico","linear_increase_sd","Past",2020-03-18,"daily_hosps",1,1,1,1,1,1,1,1
"New Mexico","return_normal","Past",2020-03-18,"daily_hosps",1,1,1,1,1,1,1,1
"New Mexico","status_quo","Past",2020-03-18,"daily_hosps",1,1,1,1,1,1,1,1
"New Mexico","linear_increase_sd","Past",2020-03-18,"latent_trend",NA,NA,NA,0.999424915759749,NA,NA,NA,NA
"New Mexico","return_normal","Past",2020-03-18,"latent_trend",NA,NA,NA,0.999424915759749,NA,NA,NA,NA
"New Mexico","status_quo","Past",2020-03-18,"latent_trend",NA,NA,NA,0.999424915759749,NA,NA,NA,NA
"New Mexico","linear_increase_sd","Past",2020-03-18,"mobility_trend",NA,NA,NA,0.87878827023531,NA,NA,NA,NA
"New Mexico","return_normal","Past",2020-03-18,"mobility_trend",NA,NA,NA,0.87878827023531,NA,NA,NA,NA
"New Mexico","status_quo","Past",2020-03-18,"mobility_trend",NA,NA,NA,0.87878827023531,NA,NA,NA,NA
"New Mexico",NA,"Past",2020-03-19,"actual_cumulative_cases",NA,NA,NA,35,NA,NA,NA,NA
"New Mexico",NA,"Past",2020-03-19,"actual_cumulative_deaths",NA,NA,NA,0,NA,NA,NA,NA
"New Mexico",NA,"Past",2020-03-19,"actual_daily_cases",NA,NA,NA,7,NA,NA,NA,NA
"New Mexico",NA,"Past",2020-03-19,"actual_daily_deaths",NA,NA,NA,NA,NA,NA,NA,NA
"New Mexico","linear_increase_sd","Past",2020-03-19,"combined_trend",NA,NA,NA,0.857289779418019,NA,NA,NA,NA
"New Mexico","return_normal","Past",2020-03-19,"combined_trend",NA,NA,NA,0.857289779418019,NA,NA,NA,NA
"New Mexico","status_quo","Past",2020-03-19,"combined_trend",NA,NA,NA,0.857289779418019,NA,NA,NA,NA
"New Mexico","linear_increase_sd","Past",2020-03-19,"cumulative_all_infections",536,536,536,638,651,725,725,725
"New Mexico","return_normal","Past",2020-03-19,"cumulative_all_infections",536,536,536,638,651,725,725,725
"New Mexico","status_quo","Past",2020-03-19,"cumulative_all_infections",536,536,536,638,651,725,725,725
"New Mexico","linear_increase_sd","Past",2020-03-19,"cumulative_cases",29,29,29,35,34,40,40,40
"New Mexico","return_normal","Past",2020-03-19,"cumulative_cases",29,29,29,35,34,40,40,40
"New Mexico","status_quo","Past",2020-03-19,"cumulative_cases",29,29,29,35,34,40,40,40
"New Mexico","linear_increase_sd","Past",2020-03-19,"cumulative_deaths",7,7,7,9,8,10,10,10
"New Mexico","return_normal","Past",2020-03-19,"cumulative_deaths",7,7,7,9,8,10,10,10
"New Mexico","status_quo","Past",2020-03-19,"cumulative_deaths",7,7,7,9,8,10,10,10
"New Mexico","linear_increase_sd","Past",2020-03-19,"cumulative_hosps",13,13,13,13,13,13,13,13
"New Mexico","return_normal","Past",2020-03-19,"cumulative_hosps",13,13,13,13,13,13,13,13
"New Mexico","status_quo","Past",2020-03-19,"cumulative_hosps",13,13,13,13,13,13,13,13
"New Mexico","linear_increase_sd","Past",2020-03-19,"daily_all_infections",91,91,91,111,115,125,125,125
"New Mexico","return_normal","Past",2020-03-19,"daily_all_infections",91,91,91,111,115,125,125,125
"New Mexico","status_quo","Past",2020-03-19,"daily_all_infections",91,91,91,111,115,125,125,125
"New Mexico","linear_increase_sd","Past",2020-03-19,"daily_cases",6,6,6,7,7,8,8,8
"New Mexico","return_normal","Past",2020-03-19,"daily_cases",6,6,6,7,7,8,8,8
"New Mexico","status_quo","Past",2020-03-19,"daily_cases",6,6,6,7,7,8,8,8
"New Mexico","linear_increase_sd","Past",2020-03-19,"daily_deaths",1,1,1,1,1,1,1,1
"New Mexico","return_normal","Past",2020-03-19,"daily_deaths",1,1,1,1,1,1,1,1
"New Mexico","status_quo","Past",2020-03-19,"daily_deaths",1,1,1,1,1,1,1,1
"New Mexico","linear_increase_sd","Past",2020-03-19,"daily_hosps",1,1,1,1,1,1,1,1
"New Mexico","return_normal","Past",2020-03-19,"daily_hosps",1,1,1,1,1,1,1,1
"New Mexico","status_quo","Past",2020-03-19,"daily_hosps",1,1,1,1,1,1,1,1
"New Mexico","linear_increase_sd","Past",2020-03-19,"latent_trend",NA,NA,NA,0.99912524177378,NA,NA,NA,NA
"New Mexico","return_normal","Past",2020-03-19,"latent_trend",NA,NA,NA,0.99912524177378,NA,NA,NA,NA
"New Mexico","status_quo","Past",2020-03-19,"latent_trend",NA,NA,NA,0.99912524177378,NA,NA,NA,NA
"New Mexico","linear_increase_sd","Past",2020-03-19,"mobility_trend",NA,NA,NA,0.858040357278977,NA,NA,NA,NA
"New Mexico","return_normal","Past",2020-03-19,"mobility_trend",NA,NA,NA,0.858040357278977,NA,NA,NA,NA
"New Mexico","status_quo","Past",2020-03-19,"mobility_trend",NA,NA,NA,0.858040357278977,NA,NA,NA,NA
"New Mexico",NA,"Past",2020-03-20,"actual_cumulative_cases",NA,NA,NA,43,NA,NA,NA,NA
"New Mexico",NA,"Past",2020-03-20,"actual_cumulative_deaths",NA,NA,NA,0,NA,NA,NA,NA
"New Mexico",NA,"Past",2020-03-20,"actual_daily_cases",NA,NA,NA,8,NA,NA,NA,NA
"New Mexico",NA,"Past",2020-03-20,"actual_daily_deaths",NA,NA,NA,NA,NA,NA,NA,NA
"New Mexico","linear_increase_sd","Past",2020-03-20,"combined_trend",NA,NA,NA,0.835332706473824,NA,NA,NA,NA
"New Mexico","return_normal","Past",2020-03-20,"combined_trend",NA,NA,NA,0.835332706473824,NA,NA,NA,NA
"New Mexico","status_quo","Past",2020-03-20,"combined_trend",NA,NA,NA,0.835332706473824,NA,NA,NA,NA
"New Mexico","linear_increase_sd","Past",2020-03-20,"cumulative_all_infections",638,638,638,763,782,869,869,869
"New Mexico","return_normal","Past",2020-03-20,"cumulative_all_infections",638,638,638,763,782,869,869,869
"New Mexico","status_quo","Past",2020-03-20,"cumulative_all_infections",638,638,638,763,782,869,869,869
"New Mexico","linear_increase_sd","Past",2020-03-20,"cumulative_cases",36,36,36,43,43,50,50,50
"New Mexico","return_normal","Past",2020-03-20,"cumulative_cases",36,36,36,43,43,50,50,50
"New Mexico","status_quo","Past",2020-03-20,"cumulative_cases",36,36,36,43,43,50,50,50
"New Mexico","linear_increase_sd","Past",2020-03-20,"cumulative_deaths",8,8,8,10,9,11,11,11
"New Mexico","return_normal","Past",2020-03-20,"cumulative_deaths",8,8,8,10,9,11,11,11
"New Mexico","status_quo","Past",2020-03-20,"cumulative_deaths",8,8,8,10,9,11,11,11
"New Mexico","linear_increase_sd","Past",2020-03-20,"cumulative_hosps",14,14,14,14,14,14,14,14
"New Mexico","return_normal","Past",2020-03-20,"cumulative_hosps",14,14,14,14,14,14,14,14
"New Mexico","status_quo","Past",2020-03-20,"cumulative_hosps",14,14,14,14,14,14,14,14
"New Mexico","linear_increase_sd","Past",2020-03-20,"daily_all_infections",102,102,102,126,131,144,144,144
"New Mexico","return_normal","Past",2020-03-20,"daily_all_infections",102,102,102,126,131,144,144,144
"New Mexico","status_quo","Past",2020-03-20,"daily_all_infections",102,102,102,126,131,144,144,144
"New Mexico","linear_increase_sd","Past",2020-03-20,"daily_cases",7,7,7,9,9,10,10,10
"New Mexico","return_normal","Past",2020-03-20,"daily_cases",7,7,7,9,9,10,10,10
"New Mexico","status_quo","Past",2020-03-20,"daily_cases",7,7,7,9,9,10,10,10
"New Mexico","linear_increase_sd","Past",2020-03-20,"daily_deaths",1,1,1,1,1,1,1,1
"New Mexico","return_normal","Past",2020-03-20,"daily_deaths",1,1,1,1,1,1,1,1
"New Mexico","status_quo","Past",2020-03-20,"daily_deaths",1,1,1,1,1,1,1,1
"New Mexico","linear_increase_sd","Past",2020-03-20,"daily_hosps",1,1,1,1,1,1,1,1
"New Mexico","return_normal","Past",2020-03-20,"daily_hosps",1,1,1,1,1,1,1,1
"New Mexico","status_quo","Past",2020-03-20,"daily_hosps",1,1,1,1,1,1,1,1
"New Mexico","linear_increase_sd","Past",2020-03-20,"latent_trend",NA,NA,NA,0.998643628555928,NA,NA,NA,NA
"New Mexico","return_normal","Past",2020-03-20,"latent_trend",NA,NA,NA,0.998643628555928,NA,NA,NA,NA
"New Mexico","status_quo","Past",2020-03-20,"latent_trend",NA,NA,NA,0.998643628555928,NA,NA,NA,NA
"New Mexico","linear_increase_sd","Past",2020-03-20,"mobility_trend",NA,NA,NA,0.836467266788396,NA,NA,NA,NA
"New Mexico","return_normal","Past",2020-03-20,"mobility_trend",NA,NA,NA,0.836467266788396,NA,NA,NA,NA
"New Mexico","status_quo","Past",2020-03-20,"mobility_trend",NA,NA,NA,0.836467266788396,NA,NA,NA,NA
"New Mexico",NA,"Past",2020-03-21,"actual_cumulative_cases",NA,NA,NA,57,NA,NA,NA,NA
"New Mexico",NA,"Past",2020-03-21,"actual_cumulative_deaths",NA,NA,NA,0,NA,NA,NA,NA
"New Mexico",NA,"Past",2020-03-21,"actual_daily_cases",NA,NA,NA,14,NA,NA,NA,NA
"New Mexico",NA,"Past",2020-03-21,"actual_daily_deaths",NA,NA,NA,NA,NA,NA,NA,NA
"New Mexico","linear_increase_sd","Past",2020-03-21,"combined_trend",NA,NA,NA,0.813097437204889,NA,NA,NA,NA
"New Mexico","return_normal","Past",2020-03-21,"combined_trend",NA,NA,NA,0.813097437204889,NA,NA,NA,NA
"New Mexico","status_quo","Past",2020-03-21,"combined_trend",NA,NA,NA,0.813097437204889,NA,NA,NA,NA
"New Mexico","linear_increase_sd","Past",2020-03-21,"cumulative_all_infections",761,761,761,910,935,1033,1033,1033
"New Mexico","return_normal","Past",2020-03-21,"cumulative_all_infections",761,761,761,910,935,1033,1033,1033
"New Mexico","status_quo","Past",2020-03-21,"cumulative_all_infections",761,761,761,910,935,1033,1033,1033
"New Mexico","linear_increase_sd","Past",2020-03-21,"cumulative_cases",45,45,45,54,54,61,61,61
"New Mexico","return_normal","Past",2020-03-21,"cumulative_cases",45,45,45,54,54,61,61,61
"New Mexico","status_quo","Past",2020-03-21,"cumulative_cases",45,45,45,54,54,61,61,61
"New Mexico","linear_increase_sd","Past",2020-03-21,"cumulative_deaths",9,9,9,11,10,12,12,12
"New Mexico","return_normal","Past",2020-03-21,"cumulative_deaths",9,9,9,11,10,12,12,12
"New Mexico","status_quo","Past",2020-03-21,"cumulative_deaths",9,9,9,11,10,12,12,12
"New Mexico","linear_increase_sd","Past",2020-03-21,"cumulative_hosps",15,15,15,15,15,15,15,15
"New Mexico","return_normal","Past",2020-03-21,"cumulative_hosps",15,15,15,15,15,15,15,15
"New Mexico","status_quo","Past",2020-03-21,"cumulative_hosps",15,15,15,15,15,15,15,15
"New Mexico","linear_increase_sd","Past",2020-03-21,"daily_all_infections",123,123,123,147,153,164,164,164
"New Mexico","return_normal","Past",2020-03-21,"daily_all_infections",123,123,123,147,153,164,164,164
"New Mexico","status_quo","Past",2020-03-21,"daily_all_infections",123,123,123,147,153,164,164,164
"New Mexico","linear_increase_sd","Past",2020-03-21,"daily_cases",9,9,9,11,11,11,11,11
"New Mexico","return_normal","Past",2020-03-21,"daily_cases",9,9,9,11,11,11,11,11
"New Mexico","status_quo","Past",2020-03-21,"daily_cases",9,9,9,11,11,11,11,11
"New Mexico","linear_increase_sd","Past",2020-03-21,"daily_deaths",1,1,1,1,1,1,1,1
"New Mexico","return_normal","Past",2020-03-21,"daily_deaths",1,1,1,1,1,1,1,1
"New Mexico","status_quo","Past",2020-03-21,"daily_deaths",1,1,1,1,1,1,1,1
"New Mexico","linear_increase_sd","Past",2020-03-21,"daily_hosps",1,1,1,1,1,1,1,1
"New Mexico","return_normal","Past",2020-03-21,"daily_hosps",1,1,1,1,1,1,1,1
"New Mexico","status_quo","Past",2020-03-21,"daily_hosps",1,1,1,1,1,1,1,1
"New Mexico","linear_increase_sd","Past",2020-03-21,"latent_trend",NA,NA,NA,0.997865895735913,NA,NA,NA,NA
"New Mexico","return_normal","Past",2020-03-21,"latent_trend",NA,NA,NA,0.997865895735913,NA,NA,NA,NA
"New Mexico","status_quo","Past",2020-03-21,"latent_trend",NA,NA,NA,0.997865895735913,NA,NA,NA,NA
"New Mexico","linear_increase_sd","Past",2020-03-21,"mobility_trend",NA,NA,NA,0.814836383004392,NA,NA,NA,NA
"New Mexico","return_normal","Past",2020-03-21,"mobility_trend",NA,NA,NA,0.814836383004392,NA,NA,NA,NA
"New Mexico","status_quo","Past",2020-03-21,"mobility_trend",NA,NA,NA,0.814836383004392,NA,NA,NA,NA
"New Mexico",NA,"Past",2020-03-22,"actual_cumulative_cases",NA,NA,NA,57,NA,NA,NA,NA
"New Mexico",NA,"Past",2020-03-22,"actual_cumulative_deaths",NA,NA,NA,0,NA,NA,NA,NA
"New Mexico",NA,"Past",2020-03-22,"actual_daily_cases",NA,NA,NA,0,NA,NA,NA,NA
"New Mexico",NA,"Past",2020-03-22,"actual_daily_deaths",NA,NA,NA,NA,NA,NA,NA,NA
"New Mexico","linear_increase_sd","Past",2020-03-22,"combined_trend",NA,NA,NA,0.791034654937832,NA,NA,NA,NA
"New Mexico","return_normal","Past",2020-03-22,"combined_trend",NA,NA,NA,0.791034654937832,NA,NA,NA,NA
"New Mexico","status_quo","Past",2020-03-22,"combined_trend",NA,NA,NA,0.791034654937832,NA,NA,NA,NA
"New Mexico","linear_increase_sd","Past",2020-03-22,"cumulative_all_infections",902,902,902,1078,1110,1221,1221,1221
"New Mexico","return_normal","Past",2020-03-22,"cumulative_all_infections",902,902,902,1078,1110,1221,1221,1221
"New Mexico","status_quo","Past",2020-03-22,"cumulative_all_infections",902,902,902,1078,1110,1221,1221,1221
"New Mexico","linear_increase_sd","Past",2020-03-22,"cumulative_cases",56,56,56,66,66,74,74,74
"New Mexico","return_normal","Past",2020-03-22,"cumulative_cases",56,56,56,66,66,74,74,74
"New Mexico","status_quo","Past",2020-03-22,"cumulative_cases",56,56,56,66,66,74,74,74
"New Mexico","linear_increase_sd","Past",2020-03-22,"cumulative_deaths",10,10,10,12,11,13,13,13
"New Mexico","return_normal","Past",2020-03-22,"cumulative_deaths",10,10,10,12,11,13,13,13
"New Mexico","status_quo","Past",2020-03-22,"cumulative_deaths",10,10,10,12,11,13,13,13
"New Mexico","linear_increase_sd","Past",2020-03-22,"cumulative_hosps",16,16,16,16,16,16,16,16
"New Mexico","return_normal","Past",2020-03-22,"cumulative_hosps",16,16,16,16,16,16,16,16
"New Mexico","status_quo","Past",2020-03-22,"cumulative_hosps",16,16,16,16,16,16,16,16
"New Mexico","linear_increase_sd","Past",2020-03-22,"daily_all_infections",141,141,141,168,175,188,188,188
"New Mexico","return_normal","Past",2020-03-22,"daily_all_infections",141,141,141,168,175,188,188,188
"New Mexico","status_quo","Past",2020-03-22,"daily_all_infections",141,141,141,168,175,188,188,188
"New Mexico","linear_increase_sd","Past",2020-03-22,"daily_cases",11,11,11,12,12,13,13,13
"New Mexico","return_normal","Past",2020-03-22,"daily_cases",11,11,11,12,12,13,13,13
"New Mexico","status_quo","Past",2020-03-22,"daily_cases",11,11,11,12,12,13,13,13
"New Mexico","linear_increase_sd","Past",2020-03-22,"daily_deaths",1,1,1,1,1,1,1,1
"New Mexico","return_normal","Past",2020-03-22,"daily_deaths",1,1,1,1,1,1,1,1
"New Mexico","status_quo","Past",2020-03-22,"daily_deaths",1,1,1,1,1,1,1,1
"New Mexico","linear_increase_sd","Past",2020-03-22,"daily_hosps",1,1,1,1,1,1,1,1
"New Mexico","return_normal","Past",2020-03-22,"daily_hosps",1,1,1,1,1,1,1,1
"New Mexico","status_quo","Past",2020-03-22,"daily_hosps",1,1,1,1,1,1,1,1
"New Mexico","linear_increase_sd","Past",2020-03-22,"latent_trend",NA,NA,NA,0.996608560702652,NA,NA,NA,NA
"New Mexico","return_normal","Past",2020-03-22,"latent_trend",NA,NA,NA,0.996608560702652,NA,NA,NA,NA
"New Mexico","status_quo","Past",2020-03-22,"latent_trend",NA,NA,NA,0.996608560702652,NA,NA,NA,NA
"New Mexico","linear_increase_sd","Past",2020-03-22,"mobility_trend",NA,NA,NA,0.793726530283984,NA,NA,NA,NA
"New Mexico","return_normal","Past",2020-03-22,"mobility_trend",NA,NA,NA,0.793726530283984,NA,NA,NA,NA
"New Mexico","status_quo","Past",2020-03-22,"mobility_trend",NA,NA,NA,0.793726530283984,NA,NA,NA,NA
"New Mexico",NA,"Past",2020-03-23,"actual_cumulative_cases",NA,NA,NA,65,NA,NA,NA,NA
"New Mexico",NA,"Past",2020-03-23,"actual_cumulative_deaths",NA,NA,NA,0,NA,NA,NA,NA
"New Mexico",NA,"Past",2020-03-23,"actual_daily_cases",NA,NA,NA,8,NA,NA,NA,NA
"New Mexico",NA,"Past",2020-03-23,"actual_daily_deaths",NA,NA,NA,NA,NA,NA,NA,NA
"New Mexico","linear_increase_sd","Past",2020-03-23,"combined_trend",NA,NA,NA,0.769400771009933,NA,NA,NA,NA
"New Mexico","return_normal","Past",2020-03-23,"combined_trend",NA,NA,NA,0.769400771009933,NA,NA,NA,NA
"New Mexico","status_quo","Past",2020-03-23,"combined_trend",NA,NA,NA,0.769400771009933,NA,NA,NA,NA
"New Mexico","linear_increase_sd","Past",2020-03-23,"cumulative_all_infections",1061,1061,1061,1267,1305,1433,1433,1433
"New Mexico","return_normal","Past",2020-03-23,"cumulative_all_infections",1061,1061,1061,1267,1305,1433,1433,1433
"New Mexico","status_quo","Past",2020-03-23,"cumulative_all_infections",1061,1061,1061,1267,1305,1433,1433,1433
"New Mexico","linear_increase_sd","Past",2020-03-23,"cumulative_cases",68,68,68,81,83,91,91,91
"New Mexico","return_normal","Past",2020-03-23,"cumulative_cases",68,68,68,81,83,91,91,91
"New Mexico","status_quo","Past",2020-03-23,"cumulative_cases",68,68,68,81,83,91,91,91
"New Mexico","linear_increase_sd","Past",2020-03-23,"cumulative_deaths",11,11,11,13,12,14,14,14
"New Mexico","return_normal","Past",2020-03-23,"cumulative_deaths",11,11,11,13,12,14,14,14
"New Mexico","status_quo","Past",2020-03-23,"cumulative_deaths",11,11,11,13,12,14,14,14
"New Mexico","linear_increase_sd","Past",2020-03-23,"cumulative_hosps",17,17,17,17,17,17,17,17
"New Mexico","return_normal","Past",2020-03-23,"cumulative_hosps",17,17,17,17,17,17,17,17
"New Mexico","status_quo","Past",2020-03-23,"cumulative_hosps",17,17,17,17,17,17,17,17
"New Mexico","linear_increase_sd","Past",2020-03-23,"daily_all_infections",159,159,159,189,195,212,212,212
"New Mexico","return_normal","Past",2020-03-23,"daily_all_infections",159,159,159,189,195,212,212,212
"New Mexico","status_quo","Past",2020-03-23,"daily_all_infections",159,159,159,189,195,212,212,212
"New Mexico","linear_increase_sd","Past",2020-03-23,"daily_cases",12,12,12,16,17,17,17,17
"New Mexico","return_normal","Past",2020-03-23,"daily_cases",12,12,12,16,17,17,17,17
"New Mexico","status_quo","Past",2020-03-23,"daily_cases",12,12,12,16,17,17,17,17
"New Mexico","linear_increase_sd","Past",2020-03-23,"daily_deaths",1,1,1,1,1,1,1,1
"New Mexico","return_normal","Past",2020-03-23,"daily_deaths",1,1,1,1,1,1,1,1
"New Mexico","status_quo","Past",2020-03-23,"daily_deaths",1,1,1,1,1,1,1,1
"New Mexico","linear_increase_sd","Past",2020-03-23,"daily_hosps",1,1,1,1,1,1,1,1
"New Mexico","return_normal","Past",2020-03-23,"daily_hosps",1,1,1,1,1,1,1,1
"New Mexico","status_quo","Past",2020-03-23,"daily_hosps",1,1,1,1,1,1,1,1
"New Mexico","linear_increase_sd","Past",2020-03-23,"latent_trend",NA,NA,NA,0.99458219930668,NA,NA,NA,NA
"New Mexico","return_normal","Past",2020-03-23,"latent_trend",NA,NA,NA,0.99458219930668,NA,NA,NA,NA
"New Mexico","status_quo","Past",2020-03-23,"latent_trend",NA,NA,NA,0.99458219930668,NA,NA,NA,NA
"New Mexico","linear_increase_sd","Past",2020-03-23,"mobility_trend",NA,NA,NA,0.773591937947693,NA,NA,NA,NA
"New Mexico","return_normal","Past",2020-03-23,"mobility_trend",NA,NA,NA,0.773591937947693,NA,NA,NA,NA
"New Mexico","status_quo","Past",2020-03-23,"mobility_trend",NA,NA,NA,0.773591937947693,NA,NA,NA,NA
"New Mexico",NA,"Past",2020-03-24,"actual_cumulative_cases",NA,NA,NA,83,NA,NA,NA,NA
"New Mexico",NA,"Past",2020-03-24,"actual_cumulative_deaths",NA,NA,NA,0,NA,NA,NA,NA
"New Mexico",NA,"Past",2020-03-24,"actual_daily_cases",NA,NA,NA,18,NA,NA,NA,NA
"New Mexico",NA,"Past",2020-03-24,"actual_daily_deaths",NA,NA,NA,NA,NA,NA,NA,NA
"New Mexico","linear_increase_sd","Past",2020-03-24,"combined_trend",NA,NA,NA,0.748068614124039,NA,NA,NA,NA
"New Mexico","return_normal","Past",2020-03-24,"combined_trend",NA,NA,NA,0.748068614124039,NA,NA,NA,NA
"New Mexico","status_quo","Past",2020-03-24,"combined_trend",NA,NA,NA,0.748068614124039,NA,NA,NA,NA
"New Mexico","linear_increase_sd","Past",2020-03-24,"cumulative_all_infections",1241,1241,1241,1480,1530,1669,1669,1669
"New Mexico","return_normal","Past",2020-03-24,"cumulative_all_infections",1241,1241,1241,1480,1530,1669,1669,1669
"New Mexico","status_quo","Past",2020-03-24,"cumulative_all_infections",1241,1241,1241,1480,1530,1669,1669,1669
"New Mexico","linear_increase_sd","Past",2020-03-24,"cumulative_cases",85,85,85,101,104,113,113,113
"New Mexico","return_normal","Past",2020-03-24,"cumulative_cases",85,85,85,101,104,113,113,113
"New Mexico","status_quo","Past",2020-03-24,"cumulative_cases",85,85,85,101,104,113,113,113
"New Mexico","linear_increase_sd","Past",2020-03-24,"cumulative_deaths",12,12,12,14,13,15,15,15
"New Mexico","return_normal","Past",2020-03-24,"cumulative_deaths",12,12,12,14,13,15,15,15
"New Mexico","status_quo","Past",2020-03-24,"cumulative_deaths",12,12,12,14,13,15,15,15
"New Mexico","linear_increase_sd","Past",2020-03-24,"cumulative_hosps",19,19,19,19,19,19,19,19
"New Mexico","return_normal","Past",2020-03-24,"cumulative_hosps",19,19,19,19,19,19,19,19
"New Mexico","status_quo","Past",2020-03-24,"cumulative_hosps",19,19,19,19,19,19,19,19
"New Mexico","linear_increase_sd","Past",2020-03-24,"daily_all_infections",180,180,180,214,225,236,236,236
"New Mexico","return_normal","Past",2020-03-24,"daily_all_infections",180,180,180,214,225,236,236,236
"New Mexico","status_quo","Past",2020-03-24,"daily_all_infections",180,180,180,214,225,236,236,236
"New Mexico","linear_increase_sd","Past",2020-03-24,"daily_cases",17,17,17,20,21,22,22,22
"New Mexico","return_normal","Past",2020-03-24,"daily_cases",17,17,17,20,21,22,22,22
"New Mexico","status_quo","Past",2020-03-24,"daily_cases",17,17,17,20,21,22,22,22
"New Mexico","linear_increase_sd","Past",2020-03-24,"daily_deaths",1,1,1,1,1,1,1,1
"New Mexico","return_normal","Past",2020-03-24,"daily_deaths",1,1,1,1,1,1,1,1
"New Mexico","status_quo","Past",2020-03-24,"daily_deaths",1,1,1,1,1,1,1,1
"New Mexico","linear_increase_sd","Past",2020-03-24,"daily_hosps",2,2,2,2,2,2,2,2
"New Mexico","return_normal","Past",2020-03-24,"daily_hosps",2,2,2,2,2,2,2,2
"New Mexico","status_quo","Past",2020-03-24,"daily_hosps",2,2,2,2,2,2,2,2
"New Mexico","linear_increase_sd","Past",2020-03-24,"latent_trend",NA,NA,NA,0.991342308333972,NA,NA,NA,NA
"New Mexico","return_normal","Past",2020-03-24,"latent_trend",NA,NA,NA,0.991342308333972,NA,NA,NA,NA
"New Mexico","status_quo","Past",2020-03-24,"latent_trend",NA,NA,NA,0.991342308333972,NA,NA,NA,NA
"New Mexico","linear_increase_sd","Past",2020-03-24,"mobility_trend",NA,NA,NA,0.754601723173932,NA,NA,NA,NA
"New Mexico","return_normal","Past",2020-03-24,"mobility_trend",NA,NA,NA,0.754601723173932,NA,NA,NA,NA
"New Mexico","status_quo","Past",2020-03-24,"mobility_trend",NA,NA,NA,0.754601723173932,NA,NA,NA,NA
"New Mexico",NA,"Past",2020-03-25,"actual_cumulative_cases",NA,NA,NA,100,NA,NA,NA,NA
"New Mexico",NA,"Past",2020-03-25,"actual_cumulative_deaths",NA,NA,NA,0,NA,NA,NA,NA
"New Mexico",NA,"Past",2020-03-25,"actual_daily_cases",NA,NA,NA,17,NA,NA,NA,NA
"New Mexico",NA,"Past",2020-03-25,"actual_daily_deaths",NA,NA,NA,NA,NA,NA,NA,NA
"New Mexico","linear_increase_sd","Past",2020-03-25,"combined_trend",NA,NA,NA,0.726799587623136,NA,NA,NA,NA
"New Mexico","return_normal","Past",2020-03-25,"combined_trend",NA,NA,NA,0.726799587623136,NA,NA,NA,NA
"New Mexico","status_quo","Past",2020-03-25,"combined_trend",NA,NA,NA,0.726799587623136,NA,NA,NA,NA
"New Mexico","linear_increase_sd","Past",2020-03-25,"cumulative_all_infections",1446,1446,1446,1720,1781,1931,1931,1931
"New Mexico","return_normal","Past",2020-03-25,"cumulative_all_infections",1446,1446,1446,1720,1781,1931,1931,1931
"New Mexico","status_quo","Past",2020-03-25,"cumulative_all_infections",1446,1446,1446,1720,1781,1931,1931,1931
"New Mexico","linear_increase_sd","Past",2020-03-25,"cumulative_cases",104,104,104,123,128,135,135,135
"New Mexico","return_normal","Past",2020-03-25,"cumulative_cases",104,104,104,123,128,135,135,135
"New Mexico","status_quo","Past",2020-03-25,"cumulative_cases",104,104,104,123,128,135,135,135
"New Mexico","linear_increase_sd","Past",2020-03-25,"cumulative_deaths",13,13,13,15,14,16,16,16
"New Mexico","return_normal","Past",2020-03-25,"cumulative_deaths",13,13,13,15,14,16,16,16
"New Mexico","status_quo","Past",2020-03-25,"cumulative_deaths",13,13,13,15,14,16,16,16
"New Mexico","linear_increase_sd","Past",2020-03-25,"cumulative_hosps",20,20,20,21,21,21,21,21
"New Mexico","return_normal","Past",2020-03-25,"cumulative_hosps",20,20,20,21,21,21,21,21
"New Mexico","status_quo","Past",2020-03-25,"cumulative_hosps",20,20,20,21,21,21,21,21
"New Mexico","linear_increase_sd","Past",2020-03-25,"daily_all_infections",205,205,205,240,251,262,262,262
"New Mexico","return_normal","Past",2020-03-25,"daily_all_infections",205,205,205,240,251,262,262,262
"New Mexico","status_quo","Past",2020-03-25,"daily_all_infections",205,205,205,240,251,262,262,262
"New Mexico","linear_increase_sd","Past",2020-03-25,"daily_cases",19,19,19,22,22,24,24,24
"New Mexico","return_normal","Past",2020-03-25,"daily_cases",19,19,19,22,22,24,24,24
"New Mexico","status_quo","Past",2020-03-25,"daily_cases",19,19,19,22,22,24,24,24
"New Mexico","linear_increase_sd","Past",2020-03-25,"daily_deaths",1,1,1,1,1,1,1,1
"New Mexico","return_normal","Past",2020-03-25,"daily_deaths",1,1,1,1,1,1,1,1
"New Mexico","status_quo","Past",2020-03-25,"daily_deaths",1,1,1,1,1,1,1,1
"New Mexico","linear_increase_sd","Past",2020-03-25,"daily_hosps",1,1,1,2,2,2,2,2
"New Mexico","return_normal","Past",2020-03-25,"daily_hosps",1,1,1,2,2,2,2,2
"New Mexico","status_quo","Past",2020-03-25,"daily_hosps",1,1,1,2,2,2,2,2
"New Mexico","linear_increase_sd","Past",2020-03-25,"latent_trend",NA,NA,NA,0.986231300945951,NA,NA,NA,NA
"New Mexico","return_normal","Past",2020-03-25,"latent_trend",NA,NA,NA,0.986231300945951,NA,NA,NA,NA
"New Mexico","status_quo","Past",2020-03-25,"latent_trend",NA,NA,NA,0.986231300945951,NA,NA,NA,NA
"New Mexico","linear_increase_sd","Past",2020-03-25,"mobility_trend",NA,NA,NA,0.736946380555982,NA,NA,NA,NA
"New Mexico","return_normal","Past",2020-03-25,"mobility_trend",NA,NA,NA,0.736946380555982,NA,NA,NA,NA
"New Mexico","status_quo","Past",2020-03-25,"mobility_trend",NA,NA,NA,0.736946380555982,NA,NA,NA,NA
"New Mexico",NA,"Past",2020-03-26,"actual_cumulative_cases",NA,NA,NA,112,NA,NA,NA,NA
"New Mexico",NA,"Past",2020-03-26,"actual_cumulative_deaths",NA,NA,NA,0,NA,NA,NA,NA
"New Mexico",NA,"Past",2020-03-26,"actual_daily_cases",NA,NA,NA,12,NA,NA,NA,NA
"New Mexico",NA,"Past",2020-03-26,"actual_daily_deaths",NA,NA,NA,0,NA,NA,NA,NA
"New Mexico","linear_increase_sd","Past",2020-03-26,"combined_trend",NA,NA,NA,0.705246822225326,NA,NA,NA,NA
"New Mexico","return_normal","Past",2020-03-26,"combined_trend",NA,NA,NA,0.705246822225326,NA,NA,NA,NA
"New Mexico","status_quo","Past",2020-03-26,"combined_trend",NA,NA,NA,0.705246822225326,NA,NA,NA,NA
"New Mexico","linear_increase_sd","Past",2020-03-26,"cumulative_all_infections",1674,1674,1674,1986,2060,2224,2224,2224
"New Mexico","return_normal","Past",2020-03-26,"cumulative_all_infections",1674,1674,1674,1986,2060,2224,2224,2224
"New Mexico","status_quo","Past",2020-03-26,"cumulative_all_infections",1674,1674,1674,1986,2060,2224,2224,2224
"New Mexico","linear_increase_sd","Past",2020-03-26,"cumulative_cases",126,126,126,149,156,165,165,165
"New Mexico","return_normal","Past",2020-03-26,"cumulative_cases",126,126,126,149,156,165,165,165
"New Mexico","status_quo","Past",2020-03-26,"cumulative_cases",126,126,126,149,156,165,165,165
"New Mexico","linear_increase_sd","Past",2020-03-26,"cumulative_deaths",14,14,14,16,15,17,17,17
"New Mexico","return_normal","Past",2020-03-26,"cumulative_deaths",14,14,14,16,15,17,17,17
"New Mexico","status_quo","Past",2020-03-26,"cumulative_deaths",14,14,14,16,15,17,17,17
"New Mexico","linear_increase_sd","Past",2020-03-26,"cumulative_hosps",21,21,21,23,23,23,23,23
"New Mexico","return_normal","Past",2020-03-26,"cumulative_hosps",21,21,21,23,23,23,23,23
"New Mexico","status_quo","Past",2020-03-26,"cumulative_hosps",21,21,21,23,23,23,23,23
"New Mexico","linear_increase_sd","Past",2020-03-26,"daily_all_infections",228,228,228,267,279,293,293,293
"New Mexico","return_normal","Past",2020-03-26,"daily_all_infections",228,228,228,267,279,293,293,293
"New Mexico","status_quo","Past",2020-03-26,"daily_all_infections",228,228,228,267,279,293,293,293
"New Mexico","linear_increase_sd","Past",2020-03-26,"daily_cases",22,22,22,27,28,30,30,30
"New Mexico","return_normal","Past",2020-03-26,"daily_cases",22,22,22,27,28,30,30,30
"New Mexico","status_quo","Past",2020-03-26,"daily_cases",22,22,22,27,28,30,30,30
"New Mexico","linear_increase_sd","Past",2020-03-26,"daily_deaths",1,1,1,1,1,1,1,1
"New Mexico","return_normal","Past",2020-03-26,"daily_deaths",1,1,1,1,1,1,1,1
"New Mexico","status_quo","Past",2020-03-26,"daily_deaths",1,1,1,1,1,1,1,1
"New Mexico","linear_increase_sd","Past",2020-03-26,"daily_hosps",1,1,1,2,2,2,2,2
"New Mexico","return_normal","Past",2020-03-26,"daily_hosps",1,1,1,2,2,2,2,2
"New Mexico","status_quo","Past",2020-03-26,"daily_hosps",1,1,1,2,2,2,2,2
"New Mexico","linear_increase_sd","Past",2020-03-26,"latent_trend",NA,NA,NA,0.978325994044782,NA,NA,NA,NA
"New Mexico","return_normal","Past",2020-03-26,"latent_trend",NA,NA,NA,0.978325994044782,NA,NA,NA,NA
"New Mexico","status_quo","Past",2020-03-26,"latent_trend",NA,NA,NA,0.978325994044782,NA,NA,NA,NA
"New Mexico","linear_increase_sd","Past",2020-03-26,"mobility_trend",NA,NA,NA,0.720870984230481,NA,NA,NA,NA
"New Mexico","return_normal","Past",2020-03-26,"mobility_trend",NA,NA,NA,0.720870984230481,NA,NA,NA,NA
"New Mexico","status_quo","Past",2020-03-26,"mobility_trend",NA,NA,NA,0.720870984230481,NA,NA,NA,NA
"New Mexico",NA,"Past",2020-03-27,"actual_cumulative_cases",NA,NA,NA,136,NA,NA,NA,NA
"New Mexico",NA,"Past",2020-03-27,"actual_cumulative_deaths",NA,NA,NA,0,NA,NA,NA,NA
"New Mexico",NA,"Past",2020-03-27,"actual_daily_cases",NA,NA,NA,24,NA,NA,NA,NA
"New Mexico",NA,"Past",2020-03-27,"actual_daily_deaths",NA,NA,NA,0,NA,NA,NA,NA
"New Mexico","linear_increase_sd","Past",2020-03-27,"combined_trend",NA,NA,NA,0.683010169830562,NA,NA,NA,NA
"New Mexico","return_normal","Past",2020-03-27,"combined_trend",NA,NA,NA,0.683010169830562,NA,NA,NA,NA
"New Mexico","status_quo","Past",2020-03-27,"combined_trend",NA,NA,NA,0.683010169830562,NA,NA,NA,NA
"New Mexico","linear_increase_sd","Past",2020-03-27,"cumulative_all_infections",1931,1931,1931,2278,2367,2536,2536,2536
"New Mexico","return_normal","Past",2020-03-27,"cumulative_all_infections",1931,1931,1931,2278,2367,2536,2536,2536
"New Mexico","status_quo","Past",2020-03-27,"cumulative_all_infections",1931,1931,1931,2278,2367,2536,2536,2536
"New Mexico","linear_increase_sd","Past",2020-03-27,"cumulative_cases",151,151,151,180,189,200,200,200
"New Mexico","return_normal","Past",2020-03-27,"cumulative_cases",151,151,151,180,189,200,200,200
"New Mexico","status_quo","Past",2020-03-27,"cumulative_cases",151,151,151,180,189,200,200,200
"New Mexico","linear_increase_sd","Past",2020-03-27,"cumulative_deaths",15,15,15,17,16,18,18,18
"New Mexico","return_normal","Past",2020-03-27,"cumulative_deaths",15,15,15,17,16,18,18,18
"New Mexico","status_quo","Past",2020-03-27,"cumulative_deaths",15,15,15,17,16,18,18,18
"New Mexico","linear_increase_sd","Past",2020-03-27,"cumulative_hosps",23,23,23,25,25,25,25,25
"New Mexico","return_normal","Past",2020-03-27,"cumulative_hosps",23,23,23,25,25,25,25,25
"New Mexico","status_quo","Past",2020-03-27,"cumulative_hosps",23,23,23,25,25,25,25,25
"New Mexico","linear_increase_sd","Past",2020-03-27,"daily_all_infections",257,257,257,292,307,312,312,312
"New Mexico","return_normal","Past",2020-03-27,"daily_all_infections",257,257,257,292,307,312,312,312
"New Mexico","status_quo","Past",2020-03-27,"daily_all_infections",257,257,257,292,307,312,312,312
"New Mexico","linear_increase_sd","Past",2020-03-27,"daily_cases",25,25,25,31,33,35,35,35
"New Mexico","return_normal","Past",2020-03-27,"daily_cases",25,25,25,31,33,35,35,35
"New Mexico","status_quo","Past",2020-03-27,"daily_cases",25,25,25,31,33,35,35,35
"New Mexico","linear_increase_sd","Past",2020-03-27,"daily_deaths",1,1,1,1,1,1,1,1
"New Mexico","return_normal","Past",2020-03-27,"daily_deaths",1,1,1,1,1,1,1,1
"New Mexico","status_quo","Past",2020-03-27,"daily_deaths",1,1,1,1,1,1,1,1
"New Mexico","linear_increase_sd","Past",2020-03-27,"daily_hosps",2,2,2,2,2,2,2,2
"New Mexico","return_normal","Past",2020-03-27,"daily_hosps",2,2,2,2,2,2,2,2
"New Mexico","status_quo","Past",2020-03-27,"daily_hosps",2,2,2,2,2,2,2,2
"New Mexico","linear_increase_sd","Past",2020-03-27,"latent_trend",NA,NA,NA,0.966423407420826,NA,NA,NA,NA
"New Mexico","return_normal","Past",2020-03-27,"latent_trend",NA,NA,NA,0.966423407420826,NA,NA,NA,NA
"New Mexico","status_quo","Past",2020-03-27,"latent_trend",NA,NA,NA,0.966423407420826,NA,NA,NA,NA
"New Mexico","linear_increase_sd","Past",2020-03-27,"mobility_trend",NA,NA,NA,0.706740094027076,NA,NA,NA,NA
"New Mexico","return_normal","Past",2020-03-27,"mobility_trend",NA,NA,NA,0.706740094027076,NA,NA,NA,NA
"New Mexico","status_quo","Past",2020-03-27,"mobility_trend",NA,NA,NA,0.706740094027076,NA,NA,NA,NA
"New Mexico",NA,"Past",2020-03-28,"actual_cumulative_cases",NA,NA,NA,191,NA,NA,NA,NA
"New Mexico",NA,"Past",2020-03-28,"actual_cumulative_deaths",NA,NA,NA,0,NA,NA,NA,NA
"New Mexico",NA,"Past",2020-03-28,"actual_daily_cases",NA,NA,NA,55,NA,NA,NA,NA
"New Mexico",NA,"Past",2020-03-28,"actual_daily_deaths",NA,NA,NA,0,NA,NA,NA,NA
"New Mexico","linear_increase_sd","Past",2020-03-28,"combined_trend",NA,NA,NA,0.659493359536745,NA,NA,NA,NA
"New Mexico","return_normal","Past",2020-03-28,"combined_trend",NA,NA,NA,0.659493359536745,NA,NA,NA,NA
"New Mexico","status_quo","Past",2020-03-28,"combined_trend",NA,NA,NA,0.659493359536745,NA,NA,NA,NA
"New Mexico","linear_increase_sd","Past",2020-03-28,"cumulative_all_infections",2211,2211,2211,2599,2706,2879,2879,2879
"New Mexico","return_normal","Past",2020-03-28,"cumulative_all_infections",2211,2211,2211,2599,2706,2879,2879,2879
"New Mexico","status_quo","Past",2020-03-28,"cumulative_all_infections",2211,2211,2211,2599,2706,2879,2879,2879
"New Mexico","linear_increase_sd","Past",2020-03-28,"cumulative_cases",181,181,181,218,231,242,242,242
"New Mexico","return_normal","Past",2020-03-28,"cumulative_cases",181,181,181,218,231,242,242,242
"New Mexico","status_quo","Past",2020-03-28,"cumulative_cases",181,181,181,218,231,242,242,242
"New Mexico","linear_increase_sd","Past",2020-03-28,"cumulative_deaths",16,16,16,18,17,19,19,19
"New Mexico","return_normal","Past",2020-03-28,"cumulative_deaths",16,16,16,18,17,19,19,19
"New Mexico","status_quo","Past",2020-03-28,"cumulative_deaths",16,16,16,18,17,19,19,19
"New Mexico","linear_increase_sd","Past",2020-03-28,"cumulative_hosps",25,25,25,27,28,28,28,28
"New Mexico","return_normal","Past",2020-03-28,"cumulative_hosps",25,25,25,27,28,28,28,28
"New Mexico","status_quo","Past",2020-03-28,"cumulative_hosps",25,25,25,27,28,28,28,28
"New Mexico","linear_increase_sd","Past",2020-03-28,"daily_all_infections",280,280,280,321,339,343,343,343
"New Mexico","return_normal","Past",2020-03-28,"daily_all_infections",280,280,280,321,339,343,343,343
"New Mexico","status_quo","Past",2020-03-28,"daily_all_infections",280,280,280,321,339,343,343,343
"New Mexico","linear_increase_sd","Past",2020-03-28,"daily_cases",30,30,30,38,42,42,42,42
"New Mexico","return_normal","Past",2020-03-28,"daily_cases",30,30,30,38,42,42,42,42
"New Mexico","status_quo","Past",2020-03-28,"daily_cases",30,30,30,38,42,42,42,42
"New Mexico","linear_increase_sd","Past",2020-03-28,"daily_deaths",1,1,1,1,1,1,1,1
"New Mexico","return_normal","Past",2020-03-28,"daily_deaths",1,1,1,1,1,1,1,1
"New Mexico","status_quo","Past",2020-03-28,"daily_deaths",1,1,1,1,1,1,1,1
"New Mexico","linear_increase_sd","Past",2020-03-28,"daily_hosps",2,2,2,3,3,3,3,3
"New Mexico","return_normal","Past",2020-03-28,"daily_hosps",2,2,2,3,3,3,3,3
"New Mexico","status_quo","Past",2020-03-28,"daily_hosps",2,2,2,3,3,3,3,3
"New Mexico","linear_increase_sd","Past",2020-03-28,"latent_trend",NA,NA,NA,0.949120533678769,NA,NA,NA,NA
"New Mexico","return_normal","Past",2020-03-28,"latent_trend",NA,NA,NA,0.949120533678769,NA,NA,NA,NA
"New Mexico","status_quo","Past",2020-03-28,"latent_trend",NA,NA,NA,0.949120533678769,NA,NA,NA,NA
"New Mexico","linear_increase_sd","Past",2020-03-28,"mobility_trend",NA,NA,NA,0.694846793568531,NA,NA,NA,NA
"New Mexico","return_normal","Past",2020-03-28,"mobility_trend",NA,NA,NA,0.694846793568531,NA,NA,NA,NA
"New Mexico","status_quo","Past",2020-03-28,"mobility_trend",NA,NA,NA,0.694846793568531,NA,NA,NA,NA
"New Mexico",NA,"Past",2020-03-29,"actual_cumulative_cases",NA,NA,NA,237,NA,NA,NA,NA
"New Mexico",NA,"Past",2020-03-29,"actual_cumulative_deaths",NA,NA,NA,1,NA,NA,NA,NA
"New Mexico",NA,"Past",2020-03-29,"actual_daily_cases",NA,NA,NA,46,NA,NA,NA,NA
"New Mexico",NA,"Past",2020-03-29,"actual_daily_deaths",NA,NA,NA,1,NA,NA,NA,NA
"New Mexico","linear_increase_sd","Past",2020-03-29,"combined_trend",NA,NA,NA,0.633735243502054,NA,NA,NA,NA
"New Mexico","return_normal","Past",2020-03-29,"combined_trend",NA,NA,NA,0.633735243502054,NA,NA,NA,NA
"New Mexico","status_quo","Past",2020-03-29,"combined_trend",NA,NA,NA,0.633735243502054,NA,NA,NA,NA
"New Mexico","linear_increase_sd","Past",2020-03-29,"cumulative_all_infections",2522,2522,2522,2947,3072,3245,3245,3245
"New Mexico","return_normal","Past",2020-03-29,"cumulative_all_infections",2522,2522,2522,2947,3072,3245,3245,3245
"New Mexico","status_quo","Past",2020-03-29,"cumulative_all_infections",2522,2522,2522,2947,3072,3245,3245,3245
"New Mexico","linear_increase_sd","Past",2020-03-29,"cumulative_cases",214,214,214,258,273,286,286,286
"New Mexico","return_normal","Past",2020-03-29,"cumulative_cases",214,214,214,258,273,286,286,286
"New Mexico","status_quo","Past",2020-03-29,"cumulative_cases",214,214,214,258,273,286,286,286
"New Mexico","linear_increase_sd","Past",2020-03-29,"cumulative_deaths",17,17,17,19,18,20,20,20
"New Mexico","return_normal","Past",2020-03-29,"cumulative_deaths",17,17,17,19,18,20,20,20
"New Mexico","status_quo","Past",2020-03-29,"cumulative_deaths",17,17,17,19,18,20,20,20
"New Mexico","linear_increase_sd","Past",2020-03-29,"cumulative_hosps",28,28,28,30,31,31,31,31
"New Mexico","return_normal","Past",2020-03-29,"cumulative_hosps",28,28,28,30,31,31,31,31
"New Mexico","status_quo","Past",2020-03-29,"cumulative_hosps",28,28,28,30,31,31,31,31
"New Mexico","linear_increase_sd","Past",2020-03-29,"daily_all_infections",311,311,311,348,366,366,366,366
"New Mexico","return_normal","Past",2020-03-29,"daily_all_infections",311,311,311,348,366,366,366,366
"New Mexico","status_quo","Past",2020-03-29,"daily_all_infections",311,311,311,348,366,366,366,366
"New Mexico","linear_increase_sd","Past",2020-03-29,"daily_cases",33,33,33,40,42,44,44,44
"New Mexico","return_normal","Past",2020-03-29,"daily_cases",33,33,33,40,42,44,44,44
"New Mexico","status_quo","Past",2020-03-29,"daily_cases",33,33,33,40,42,44,44,44
"New Mexico","linear_increase_sd","Past",2020-03-29,"daily_deaths",1,1,1,1,1,1,1,1
"New Mexico","return_normal","Past",2020-03-29,"daily_deaths",1,1,1,1,1,1,1,1
"New Mexico","status_quo","Past",2020-03-29,"daily_deaths",1,1,1,1,1,1,1,1
"New Mexico","linear_increase_sd","Past",2020-03-29,"daily_hosps",3,3,3,3,3,3,3,3
"New Mexico","return_normal","Past",2020-03-29,"daily_hosps",3,3,3,3,3,3,3,3
"New Mexico","status_quo","Past",2020-03-29,"daily_hosps",3,3,3,3,3,3,3,3
"New Mexico","linear_increase_sd","Past",2020-03-29,"latent_trend",NA,NA,NA,0.925054556852561,NA,NA,NA,NA
"New Mexico","return_normal","Past",2020-03-29,"latent_trend",NA,NA,NA,0.925054556852561,NA,NA,NA,NA
"New Mexico","status_quo","Past",2020-03-29,"latent_trend",NA,NA,NA,0.925054556852561,NA,NA,NA,NA
"New Mexico","linear_increase_sd","Past",2020-03-29,"mobility_trend",NA,NA,NA,0.685078775957062,NA,NA,NA,NA
"New Mexico","return_normal","Past",2020-03-29,"mobility_trend",NA,NA,NA,0.685078775957062,NA,NA,NA,NA
"New Mexico","status_quo","Past",2020-03-29,"mobility_trend",NA,NA,NA,0.685078775957062,NA,NA,NA,NA
"New Mexico",NA,"Past",2020-03-30,"actual_cumulative_cases",NA,NA,NA,237,NA,NA,NA,NA
"New Mexico",NA,"Past",2020-03-30,"actual_cumulative_deaths",NA,NA,NA,1,NA,NA,NA,NA
"New Mexico",NA,"Past",2020-03-30,"actual_daily_cases",NA,NA,NA,0,NA,NA,NA,NA
"New Mexico",NA,"Past",2020-03-30,"actual_daily_deaths",NA,NA,NA,0,NA,NA,NA,NA
"New Mexico","linear_increase_sd","Past",2020-03-30,"combined_trend",NA,NA,NA,0.604908804099377,NA,NA,NA,NA
"New Mexico","return_normal","Past",2020-03-30,"combined_trend",NA,NA,NA,0.604908804099377,NA,NA,NA,NA
"New Mexico","status_quo","Past",2020-03-30,"combined_trend",NA,NA,NA,0.604908804099377,NA,NA,NA,NA
"New Mexico","linear_increase_sd","Past",2020-03-30,"cumulative_all_infections",2859,2859,2859,3318,3463,3630,3630,3630
"New Mexico","return_normal","Past",2020-03-30,"cumulative_all_infections",2859,2859,2859,3318,3463,3630,3630,3630
"New Mexico","status_quo","Past",2020-03-30,"cumulative_all_infections",2859,2859,2859,3318,3463,3630,3630,3630
"New Mexico","linear_increase_sd","Past",2020-03-30,"cumulative_cases",252,252,252,305,321,341,341,341
"New Mexico","return_normal","Past",2020-03-30,"cumulative_cases",252,252,252,305,321,341,341,341
"New Mexico","status_quo","Past",2020-03-30,"cumulative_cases",252,252,252,305,321,341,341,341
"New Mexico","linear_increase_sd","Past",2020-03-30,"cumulative_deaths",18,18,18,20,19,21,21,21
"New Mexico","return_normal","Past",2020-03-30,"cumulative_deaths",18,18,18,20,19,21,21,21
"New Mexico","status_quo","Past",2020-03-30,"cumulative_deaths",18,18,18,20,19,21,21,21
"New Mexico","linear_increase_sd","Past",2020-03-30,"cumulative_hosps",31,31,31,34,34,35,35,35
"New Mexico","return_normal","Past",2020-03-30,"cumulative_hosps",31,31,31,34,34,35,35,35
"New Mexico","status_quo","Past",2020-03-30,"cumulative_hosps",31,31,31,34,34,35,35,35
"New Mexico","linear_increase_sd","Past",2020-03-30,"daily_all_infections",337,337,337,371,385,391,391,391
"New Mexico","return_normal","Past",2020-03-30,"daily_all_infections",337,337,337,371,385,391,391,391
"New Mexico","status_quo","Past",2020-03-30,"daily_all_infections",337,337,337,371,385,391,391,391
"New Mexico","linear_increase_sd","Past",2020-03-30,"daily_cases",38,38,38,47,48,55,55,55
"New Mexico","return_normal","Past",2020-03-30,"daily_cases",38,38,38,47,48,55,55,55
"New Mexico","status_quo","Past",2020-03-30,"daily_cases",38,38,38,47,48,55,55,55
"New Mexico","linear_increase_sd","Past",2020-03-30,"daily_deaths",1,1,1,1,1,1,1,1
"New Mexico","return_normal","Past",2020-03-30,"daily_deaths",1,1,1,1,1,1,1,1
"New Mexico","status_quo","Past",2020-03-30,"daily_deaths",1,1,1,1,1,1,1,1
"New Mexico","linear_increase_sd","Past",2020-03-30,"daily_hosps",3,3,3,4,3,4,4,4
"New Mexico","return_normal","Past",2020-03-30,"daily_hosps",3,3,3,4,3,4,4,4
"New Mexico","status_quo","Past",2020-03-30,"daily_hosps",3,3,3,4,3,4,4,4
"New Mexico","linear_increase_sd","Past",2020-03-30,"latent_trend",NA,NA,NA,0.893335436498899,NA,NA,NA,NA
"New Mexico","return_normal","Past",2020-03-30,"latent_trend",NA,NA,NA,0.893335436498899,NA,NA,NA,NA
"New Mexico","status_quo","Past",2020-03-30,"latent_trend",NA,NA,NA,0.893335436498899,NA,NA,NA,NA
"New Mexico","linear_increase_sd","Past",2020-03-30,"mobility_trend",NA,NA,NA,0.677135126834435,NA,NA,NA,NA
"New Mexico","return_normal","Past",2020-03-30,"mobility_trend",NA,NA,NA,0.677135126834435,NA,NA,NA,NA
"New Mexico","status_quo","Past",2020-03-30,"mobility_trend",NA,NA,NA,0.677135126834435,NA,NA,NA,NA
"New Mexico",NA,"Past",2020-03-31,"actual_cumulative_cases",NA,NA,NA,281,NA,NA,NA,NA
"New Mexico",NA,"Past",2020-03-31,"actual_cumulative_deaths",NA,NA,NA,3,NA,NA,NA,NA
"New Mexico",NA,"Past",2020-03-31,"actual_daily_cases",NA,NA,NA,44,NA,NA,NA,NA
"New Mexico",NA,"Past",2020-03-31,"actual_daily_deaths",NA,NA,NA,2,NA,NA,NA,NA
"New Mexico","linear_increase_sd","Past",2020-03-31,"combined_trend",NA,NA,NA,0.572554883442806,NA,NA,NA,NA
"New Mexico","return_normal","Past",2020-03-31,"combined_trend",NA,NA,NA,0.572554883442806,NA,NA,NA,NA
"New Mexico","status_quo","Past",2020-03-31,"combined_trend",NA,NA,NA,0.572554883442806,NA,NA,NA,NA
"New Mexico","linear_increase_sd","Past",2020-03-31,"cumulative_all_infections",3216,3216,3216,3709,3870,4041,4041,4041
"New Mexico","return_normal","Past",2020-03-31,"cumulative_all_infections",3216,3216,3216,3709,3870,4041,4041,4041
"New Mexico","status_quo","Past",2020-03-31,"cumulative_all_infections",3216,3216,3216,3709,3870,4041,4041,4041
"New Mexico","linear_increase_sd","Past",2020-03-31,"cumulative_cases",295,295,295,360,380,403,403,403
"New Mexico","return_normal","Past",2020-03-31,"cumulative_cases",295,295,295,360,380,403,403,403
"New Mexico","status_quo","Past",2020-03-31,"cumulative_cases",295,295,295,360,380,403,403,403
"New Mexico","linear_increase_sd","Past",2020-03-31,"cumulative_deaths",19,19,19,21,20,22,22,22
"New Mexico","return_normal","Past",2020-03-31,"cumulative_deaths",19,19,19,21,20,22,22,22
"New Mexico","status_quo","Past",2020-03-31,"cumulative_deaths",19,19,19,21,20,22,22,22
"New Mexico","linear_increase_sd","Past",2020-03-31,"cumulative_hosps",34,34,34,38,39,39,39,39
"New Mexico","return_normal","Past",2020-03-31,"cumulative_hosps",34,34,34,38,39,39,39,39
"New Mexico","status_quo","Past",2020-03-31,"cumulative_hosps",34,34,34,38,39,39,39,39
"New Mexico","linear_increase_sd","Past",2020-03-31,"daily_all_infections",357,357,357,392,407,411,411,411
"New Mexico","return_normal","Past",2020-03-31,"daily_all_infections",357,357,357,392,407,411,411,411
"New Mexico","status_quo","Past",2020-03-31,"daily_all_infections",357,357,357,392,407,411,411,411
"New Mexico","linear_increase_sd","Past",2020-03-31,"daily_cases",43,43,43,55,59,62,62,62
"New Mexico","return_normal","Past",2020-03-31,"daily_cases",43,43,43,55,59,62,62,62
"New Mexico","status_quo","Past",2020-03-31,"daily_cases",43,43,43,55,59,62,62,62
"New Mexico","linear_increase_sd","Past",2020-03-31,"daily_deaths",1,1,1,1,1,1,1,1
"New Mexico","return_normal","Past",2020-03-31,"daily_deaths",1,1,1,1,1,1,1,1
"New Mexico","status_quo","Past",2020-03-31,"daily_deaths",1,1,1,1,1,1,1,1
"New Mexico","linear_increase_sd","Past",2020-03-31,"daily_hosps",3,3,3,4,4,5,5,5
"New Mexico","return_normal","Past",2020-03-31,"daily_hosps",3,3,3,4,4,5,5,5
"New Mexico","status_quo","Past",2020-03-31,"daily_hosps",3,3,3,4,4,5,5,5
"New Mexico","linear_increase_sd","Past",2020-03-31,"latent_trend",NA,NA,NA,0.854093100246369,NA,NA,NA,NA
"New Mexico","return_normal","Past",2020-03-31,"latent_trend",NA,NA,NA,0.854093100246369,NA,NA,NA,NA
"New Mexico","status_quo","Past",2020-03-31,"latent_trend",NA,NA,NA,0.854093100246369,NA,NA,NA,NA
"New Mexico","linear_increase_sd","Past",2020-03-31,"mobility_trend",NA,NA,NA,0.670365892521142,NA,NA,NA,NA
"New Mexico","return_normal","Past",2020-03-31,"mobility_trend",NA,NA,NA,0.670365892521142,NA,NA,NA,NA
"New Mexico","status_quo","Past",2020-03-31,"mobility_trend",NA,NA,NA,0.670365892521142,NA,NA,NA,NA
"New Mexico",NA,"Past",2020-04-01,"actual_cumulative_cases",NA,NA,NA,315,NA,NA,NA,NA
"New Mexico",NA,"Past",2020-04-01,"actual_cumulative_deaths",NA,NA,NA,4,NA,NA,NA,NA
"New Mexico",NA,"Past",2020-04-01,"actual_daily_cases",NA,NA,NA,34,NA,NA,NA,NA
"New Mexico",NA,"Past",2020-04-01,"actual_daily_deaths",NA,NA,NA,1,NA,NA,NA,NA
"New Mexico","linear_increase_sd","Past",2020-04-01,"combined_trend",NA,NA,NA,0.53723221984616,NA,NA,NA,NA
"New Mexico","return_normal","Past",2020-04-01,"combined_trend",NA,NA,NA,0.53723221984616,NA,NA,NA,NA
"New Mexico","status_quo","Past",2020-04-01,"combined_trend",NA,NA,NA,0.53723221984616,NA,NA,NA,NA
"New Mexico","linear_increase_sd","Past",2020-04-01,"cumulative_all_infections",3587,3587,3587,4115,4287,4471,4471,4471
"New Mexico","return_normal","Past",2020-04-01,"cumulative_all_infections",3587,3587,3587,4115,4287,4471,4471,4471
"New Mexico","status_quo","Past",2020-04-01,"cumulative_all_infections",3587,3587,3587,4115,4287,4471,4471,4471
"New Mexico","linear_increase_sd","Past",2020-04-01,"cumulative_cases",346,346,346,419,442,467,467,467
"New Mexico","return_normal","Past",2020-04-01,"cumulative_cases",346,346,346,419,442,467,467,467
"New Mexico","status_quo","Past",2020-04-01,"cumulative_cases",346,346,346,419,442,467,467,467
"New Mexico","linear_increase_sd","Past",2020-04-01,"cumulative_deaths",20,20,20,22,21,23,23,23
"New Mexico","return_normal","Past",2020-04-01,"cumulative_deaths",20,20,20,22,21,23,23,23
"New Mexico","status_quo","Past",2020-04-01,"cumulative_deaths",20,20,20,22,21,23,23,23
"New Mexico","linear_increase_sd","Past",2020-04-01,"cumulative_hosps",38,38,38,42,44,44,44,44
"New Mexico","return_normal","Past",2020-04-01,"cumulative_hosps",38,38,38,42,44,44,44,44
"New Mexico","status_quo","Past",2020-04-01,"cumulative_hosps",38,38,38,42,44,44,44,44
"New Mexico","linear_increase_sd","Past",2020-04-01,"daily_all_infections",371,371,371,406,417,430,430,430
"New Mexico","return_normal","Past",2020-04-01,"daily_all_infections",371,371,371,406,417,430,430,430
"New Mexico","status_quo","Past",2020-04-01,"daily_all_infections",371,371,371,406,417,430,430,430
"New Mexico","linear_increase_sd","Past",2020-04-01,"daily_cases",51,51,51,59,62,64,64,64
"New Mexico","return_normal","Past",2020-04-01,"daily_cases",51,51,51,59,62,64,64,64
"New Mexico","status_quo","Past",2020-04-01,"daily_cases",51,51,51,59,62,64,64,64
"New Mexico","linear_increase_sd","Past",2020-04-01,"daily_deaths",1,1,1,1,1,1,1,1
"New Mexico","return_normal","Past",2020-04-01,"daily_deaths",1,1,1,1,1,1,1,1
"New Mexico","status_quo","Past",2020-04-01,"daily_deaths",1,1,1,1,1,1,1,1
"New Mexico","linear_increase_sd","Past",2020-04-01,"daily_hosps",4,4,4,5,5,5,5,5
"New Mexico","return_normal","Past",2020-04-01,"daily_hosps",4,4,4,5,5,5,5,5
"New Mexico","status_quo","Past",2020-04-01,"daily_hosps",4,4,4,5,5,5,5,5
"New Mexico","linear_increase_sd","Past",2020-04-01,"latent_trend",NA,NA,NA,0.808909473746123,NA,NA,NA,NA
"New Mexico","return_normal","Past",2020-04-01,"latent_trend",NA,NA,NA,0.808909473746123,NA,NA,NA,NA
"New Mexico","status_quo","Past",2020-04-01,"latent_trend",NA,NA,NA,0.808909473746123,NA,NA,NA,NA
"New Mexico","linear_increase_sd","Past",2020-04-01,"mobility_trend",NA,NA,NA,0.664143810009044,NA,NA,NA,NA
"New Mexico","return_normal","Past",2020-04-01,"mobility_trend",NA,NA,NA,0.664143810009044,NA,NA,NA,NA
"New Mexico","status_quo","Past",2020-04-01,"mobility_trend",NA,NA,NA,0.664143810009044,NA,NA,NA,NA
"New Mexico",NA,"Past",2020-04-02,"actual_cumulative_cases",NA,NA,NA,363,NA,NA,NA,NA
"New Mexico",NA,"Past",2020-04-02,"actual_cumulative_deaths",NA,NA,NA,5,NA,NA,NA,NA
"New Mexico",NA,"Past",2020-04-02,"actual_daily_cases",NA,NA,NA,48,NA,NA,NA,NA
"New Mexico",NA,"Past",2020-04-02,"actual_daily_deaths",NA,NA,NA,1,NA,NA,NA,NA
"New Mexico","linear_increase_sd","Past",2020-04-02,"combined_trend",NA,NA,NA,0.500851648915434,NA,NA,NA,NA
"New Mexico","return_normal","Past",2020-04-02,"combined_trend",NA,NA,NA,0.500851648915434,NA,NA,NA,NA
"New Mexico","status_quo","Past",2020-04-02,"combined_trend",NA,NA,NA,0.500851648915434,NA,NA,NA,NA
"New Mexico","linear_increase_sd","Past",2020-04-02,"cumulative_all_infections",3969,3969,3969,4531,4707,4917,4917,4917
"New Mexico","return_normal","Past",2020-04-02,"cumulative_all_infections",3969,3969,3969,4531,4707,4917,4917,4917
"New Mexico","status_quo","Past",2020-04-02,"cumulative_all_infections",3969,3969,3969,4531,4707,4917,4917,4917
"New Mexico","linear_increase_sd","Past",2020-04-02,"cumulative_cases",408,408,408,488,512,543,543,543
"New Mexico","return_normal","Past",2020-04-02,"cumulative_cases",408,408,408,488,512,543,543,543
"New Mexico","status_quo","Past",2020-04-02,"cumulative_cases",408,408,408,488,512,543,543,543
"New Mexico","linear_increase_sd","Past",2020-04-02,"cumulative_deaths",21,21,21,23,23,24,24,24
"New Mexico","return_normal","Past",2020-04-02,"cumulative_deaths",21,21,21,23,23,24,24,24
"New Mexico","status_quo","Past",2020-04-02,"cumulative_deaths",21,21,21,23,23,24,24,24
"New Mexico","linear_increase_sd","Past",2020-04-02,"cumulative_hosps",42,42,42,47,49,50,50,50
"New Mexico","return_normal","Past",2020-04-02,"cumulative_hosps",42,42,42,47,49,50,50,50
"New Mexico","status_quo","Past",2020-04-02,"cumulative_hosps",42,42,42,47,49,50,50,50
"New Mexico","linear_increase_sd","Past",2020-04-02,"daily_all_infections",382,382,382,416,420,446,446,446
"New Mexico","return_normal","Past",2020-04-02,"daily_all_infections",382,382,382,416,420,446,446,446
"New Mexico","status_quo","Past",2020-04-02,"daily_all_infections",382,382,382,416,420,446,446,446
"New Mexico","linear_increase_sd","Past",2020-04-02,"daily_cases",62,62,62,70,70,76,76,76
"New Mexico","return_normal","Past",2020-04-02,"daily_cases",62,62,62,70,70,76,76,76
"New Mexico","status_quo","Past",2020-04-02,"daily_cases",62,62,62,70,70,76,76,76
"New Mexico","linear_increase_sd","Past",2020-04-02,"daily_deaths",1,1,1,2,1,2,2,2
"New Mexico","return_normal","Past",2020-04-02,"daily_deaths",1,1,1,2,1,2,2,2
"New Mexico","status_quo","Past",2020-04-02,"daily_deaths",1,1,1,2,1,2,2,2
"New Mexico","linear_increase_sd","Past",2020-04-02,"daily_hosps",4,4,4,5,5,6,6,6
"New Mexico","return_normal","Past",2020-04-02,"daily_hosps",4,4,4,5,5,6,6,6
"New Mexico","status_quo","Past",2020-04-02,"daily_hosps",4,4,4,5,5,6,6,6
"New Mexico","linear_increase_sd","Past",2020-04-02,"latent_trend",NA,NA,NA,0.760847313921382,NA,NA,NA,NA
"New Mexico","return_normal","Past",2020-04-02,"latent_trend",NA,NA,NA,0.760847313921382,NA,NA,NA,NA
"New Mexico","status_quo","Past",2020-04-02,"latent_trend",NA,NA,NA,0.760847313921382,NA,NA,NA,NA
"New Mexico","linear_increase_sd","Past",2020-04-02,"mobility_trend",NA,NA,NA,0.658281418296742,NA,NA,NA,NA
"New Mexico","return_normal","Past",2020-04-02,"mobility_trend",NA,NA,NA,0.658281418296742,NA,NA,NA,NA
"New Mexico","status_quo","Past",2020-04-02,"mobility_trend",NA,NA,NA,0.658281418296742,NA,NA,NA,NA
"New Mexico",NA,"Past",2020-04-03,"actual_cumulative_cases",NA,NA,NA,403,NA,NA,NA,NA
"New Mexico",NA,"Past",2020-04-03,"actual_cumulative_deaths",NA,NA,NA,6,NA,NA,NA,NA
"New Mexico",NA,"Past",2020-04-03,"actual_daily_cases",NA,NA,NA,40,NA,NA,NA,NA
"New Mexico",NA,"Past",2020-04-03,"actual_daily_deaths",NA,NA,NA,1,NA,NA,NA,NA
"New Mexico","linear_increase_sd","Past",2020-04-03,"combined_trend",NA,NA,NA,0.465940025475567,NA,NA,NA,NA
"New Mexico","return_normal","Past",2020-04-03,"combined_trend",NA,NA,NA,0.465940025475567,NA,NA,NA,NA
"New Mexico","status_quo","Past",2020-04-03,"combined_trend",NA,NA,NA,0.465940025475567,NA,NA,NA,NA
"New Mexico","linear_increase_sd","Past",2020-04-03,"cumulative_all_infections",4348,4348,4348,4951,5128,5376,5376,5376
"New Mexico","return_normal","Past",2020-04-03,"cumulative_all_infections",4348,4348,4348,4951,5128,5376,5376,5376
"New Mexico","status_quo","Past",2020-04-03,"cumulative_all_infections",4348,4348,4348,4951,5128,5376,5376,5376
"New Mexico","linear_increase_sd","Past",2020-04-03,"cumulative_cases",473,473,473,559,592,611,611,611
"New Mexico","return_normal","Past",2020-04-03,"cumulative_cases",473,473,473,559,592,611,611,611
"New Mexico","status_quo","Past",2020-04-03,"cumulative_cases",473,473,473,559,592,611,611,611
"New Mexico","linear_increase_sd","Past",2020-04-03,"cumulative_deaths",22,22,22,25,25,26,26,26
"New Mexico","return_normal","Past",2020-04-03,"cumulative_deaths",22,22,22,25,25,26,26,26
"New Mexico","status_quo","Past",2020-04-03,"cumulative_deaths",22,22,22,25,25,26,26,26
"New Mexico","linear_increase_sd","Past",2020-04-03,"cumulative_hosps",47,47,47,53,55,56,56,56
"New Mexico","return_normal","Past",2020-04-03,"cumulative_hosps",47,47,47,53,55,56,56,56
"New Mexico","status_quo","Past",2020-04-03,"cumulative_hosps",47,47,47,53,55,56,56,56
"New Mexico","linear_increase_sd","Past",2020-04-03,"daily_all_infections",379,379,379,420,421,459,459,459
"New Mexico","return_normal","Past",2020-04-03,"daily_all_infections",379,379,379,420,421,459,459,459
"New Mexico","status_quo","Past",2020-04-03,"daily_all_infections",379,379,379,420,421,459,459,459
"New Mexico","linear_increase_sd","Past",2020-04-03,"daily_cases",65,65,65,71,68,80,80,80
"New Mexico","return_normal","Past",2020-04-03,"daily_cases",65,65,65,71,68,80,80,80
"New Mexico","status_quo","Past",2020-04-03,"daily_cases",65,65,65,71,68,80,80,80
"New Mexico","linear_increase_sd","Past",2020-04-03,"daily_deaths",1,1,1,2,2,2,2,2
"New Mexico","return_normal","Past",2020-04-03,"daily_deaths",1,1,1,2,2,2,2,2
"New Mexico","status_quo","Past",2020-04-03,"daily_deaths",1,1,1,2,2,2,2,2
"New Mexico","linear_increase_sd","Past",2020-04-03,"daily_hosps",5,5,5,6,6,6,6,6
"New Mexico","return_normal","Past",2020-04-03,"daily_hosps",5,5,5,6,6,6,6,6
"New Mexico","status_quo","Past",2020-04-03,"daily_hosps",5,5,5,6,6,6,6,6
"New Mexico","linear_increase_sd","Past",2020-04-03,"latent_trend",NA,NA,NA,0.713816943171527,NA,NA,NA,NA
"New Mexico","return_normal","Past",2020-04-03,"latent_trend",NA,NA,NA,0.713816943171527,NA,NA,NA,NA
"New Mexico","status_quo","Past",2020-04-03,"latent_trend",NA,NA,NA,0.713816943171527,NA,NA,NA,NA
"New Mexico","linear_increase_sd","Past",2020-04-03,"mobility_trend",NA,NA,NA,0.65274441848546,NA,NA,NA,NA
"New Mexico","return_normal","Past",2020-04-03,"mobility_trend",NA,NA,NA,0.65274441848546,NA,NA,NA,NA
"New Mexico","status_quo","Past",2020-04-03,"mobility_trend",NA,NA,NA,0.65274441848546,NA,NA,NA,NA
"New Mexico",NA,"Past",2020-04-04,"actual_cumulative_cases",NA,NA,NA,495,NA,NA,NA,NA
"New Mexico",NA,"Past",2020-04-04,"actual_cumulative_deaths",NA,NA,NA,9,NA,NA,NA,NA
"New Mexico",NA,"Past",2020-04-04,"actual_daily_cases",NA,NA,NA,92,NA,NA,NA,NA
"New Mexico",NA,"Past",2020-04-04,"actual_daily_deaths",NA,NA,NA,3,NA,NA,NA,NA
"New Mexico","linear_increase_sd","Past",2020-04-04,"combined_trend",NA,NA,NA,0.434456107442188,NA,NA,NA,NA
"New Mexico","return_normal","Past",2020-04-04,"combined_trend",NA,NA,NA,0.434456107442188,NA,NA,NA,NA
"New Mexico","status_quo","Past",2020-04-04,"combined_trend",NA,NA,NA,0.434456107442188,NA,NA,NA,NA
"New Mexico","linear_increase_sd","Past",2020-04-04,"cumulative_all_infections",4722,4722,4722,5374,5544,5854,5854,5854
"New Mexico","return_normal","Past",2020-04-04,"cumulative_all_infections",4722,4722,4722,5374,5544,5854,5854,5854
"New Mexico","status_quo","Past",2020-04-04,"cumulative_all_infections",4722,4722,4722,5374,5544,5854,5854,5854
"New Mexico","linear_increase_sd","Past",2020-04-04,"cumulative_cases",541,541,541,641,682,698,698,698
"New Mexico","return_normal","Past",2020-04-04,"cumulative_cases",541,541,541,641,682,698,698,698
"New Mexico","status_quo","Past",2020-04-04,"cumulative_cases",541,541,541,641,682,698,698,698
"New Mexico","linear_increase_sd","Past",2020-04-04,"cumulative_deaths",24,24,24,27,27,28,28,28
"New Mexico","return_normal","Past",2020-04-04,"cumulative_deaths",24,24,24,27,27,28,28,28
"New Mexico","status_quo","Past",2020-04-04,"cumulative_deaths",24,24,24,27,27,28,28,28
"New Mexico","linear_increase_sd","Past",2020-04-04,"cumulative_hosps",53,53,53,60,62,63,63,63
"New Mexico","return_normal","Past",2020-04-04,"cumulative_hosps",53,53,53,60,62,63,63,63
"New Mexico","status_quo","Past",2020-04-04,"cumulative_hosps",53,53,53,60,62,63,63,63
"New Mexico","linear_increase_sd","Past",2020-04-04,"daily_all_infections",374,374,374,423,416,478,478,478
"New Mexico","return_normal","Past",2020-04-04,"daily_all_infections",374,374,374,423,416,478,478,478
"New Mexico","status_quo","Past",2020-04-04,"daily_all_infections",374,374,374,423,416,478,478,478
"New Mexico","linear_increase_sd","Past",2020-04-04,"daily_cases",68,68,68,82,87,90,90,90
"New Mexico","return_normal","Past",2020-04-04,"daily_cases",68,68,68,82,87,90,90,90
"New Mexico","status_quo","Past",2020-04-04,"daily_cases",68,68,68,82,87,90,90,90
"New Mexico","linear_increase_sd","Past",2020-04-04,"daily_deaths",2,2,2,2,2,2,2,2
"New Mexico","return_normal","Past",2020-04-04,"daily_deaths",2,2,2,2,2,2,2,2
"New Mexico","status_quo","Past",2020-04-04,"daily_deaths",2,2,2,2,2,2,2,2
"New Mexico","linear_increase_sd","Past",2020-04-04,"daily_hosps",6,6,6,7,7,7,7,7
"New Mexico","return_normal","Past",2020-04-04,"daily_hosps",6,6,6,7,7,7,7,7
"New Mexico","status_quo","Past",2020-04-04,"daily_hosps",6,6,6,7,7,7,7,7
"New Mexico","linear_increase_sd","Past",2020-04-04,"latent_trend",NA,NA,NA,0.670797159735469,NA,NA,NA,NA
"New Mexico","return_normal","Past",2020-04-04,"latent_trend",NA,NA,NA,0.670797159735469,NA,NA,NA,NA
"New Mexico","status_quo","Past",2020-04-04,"latent_trend",NA,NA,NA,0.670797159735469,NA,NA,NA,NA
"New Mexico","linear_increase_sd","Past",2020-04-04,"mobility_trend",NA,NA,NA,0.647671358080165,NA,NA,NA,NA
"New Mexico","return_normal","Past",2020-04-04,"mobility_trend",NA,NA,NA,0.647671358080165,NA,NA,NA,NA
"New Mexico","status_quo","Past",2020-04-04,"mobility_trend",NA,NA,NA,0.647671358080165,NA,NA,NA,NA
"New Mexico",NA,"Past",2020-04-05,"actual_cumulative_cases",NA,NA,NA,543,NA,NA,NA,NA
"New Mexico",NA,"Past",2020-04-05,"actual_cumulative_deaths",NA,NA,NA,10,NA,NA,NA,NA
"New Mexico",NA,"Past",2020-04-05,"actual_daily_cases",NA,NA,NA,48,NA,NA,NA,NA
"New Mexico",NA,"Past",2020-04-05,"actual_daily_deaths",NA,NA,NA,1,NA,NA,NA,NA
"New Mexico","linear_increase_sd","Past",2020-04-05,"combined_trend",NA,NA,NA,0.407483607689463,NA,NA,NA,NA
"New Mexico","return_normal","Past",2020-04-05,"combined_trend",NA,NA,NA,0.407483607689463,NA,NA,NA,NA
"New Mexico","status_quo","Past",2020-04-05,"combined_trend",NA,NA,NA,0.407483607689463,NA,NA,NA,NA
"New Mexico","linear_increase_sd","Past",2020-04-05,"cumulative_all_infections",5095,5095,5095,5798,5961,6337,6337,6337
"New Mexico","return_normal","Past",2020-04-05,"cumulative_all_infections",5095,5095,5095,5798,5961,6337,6337,6337
"New Mexico","status_quo","Past",2020-04-05,"cumulative_all_infections",5095,5095,5095,5798,5961,6337,6337,6337
"New Mexico","linear_increase_sd","Past",2020-04-05,"cumulative_cases",625,625,625,732,777,793,793,793
"New Mexico","return_normal","Past",2020-04-05,"cumulative_cases",625,625,625,732,777,793,793,793
"New Mexico","status_quo","Past",2020-04-05,"cumulative_cases",625,625,625,732,777,793,793,793
"New Mexico","linear_increase_sd","Past",2020-04-05,"cumulative_deaths",25,25,25,28,29,30,30,30
"New Mexico","return_normal","Past",2020-04-05,"cumulative_deaths",25,25,25,28,29,30,30,30
"New Mexico","status_quo","Past",2020-04-05,"cumulative_deaths",25,25,25,28,29,30,30,30
"New Mexico","linear_increase_sd","Past",2020-04-05,"cumulative_hosps",59,59,59,67,70,70,70,70
"New Mexico","return_normal","Past",2020-04-05,"cumulative_hosps",59,59,59,67,70,70,70,70
"New Mexico","status_quo","Past",2020-04-05,"cumulative_hosps",59,59,59,67,70,70,70,70
"New Mexico","linear_increase_sd","Past",2020-04-05,"daily_all_infections",373,373,373,425,417,483,483,483
"New Mexico","return_normal","Past",2020-04-05,"daily_all_infections",373,373,373,425,417,483,483,483
"New Mexico","status_quo","Past",2020-04-05,"daily_all_infections",373,373,373,425,417,483,483,483
"New Mexico","linear_increase_sd","Past",2020-04-05,"daily_cases",84,84,84,92,95,95,95,95
"New Mexico","return_normal","Past",2020-04-05,"daily_cases",84,84,84,92,95,95,95,95
"New Mexico","status_quo","Past",2020-04-05,"daily_cases",84,84,84,92,95,95,95,95
"New Mexico","linear_increase_sd","Past",2020-04-05,"daily_deaths",1,1,1,2,2,2,2,2
"New Mexico","return_normal","Past",2020-04-05,"daily_deaths",1,1,1,2,2,2,2,2
"New Mexico","status_quo","Past",2020-04-05,"daily_deaths",1,1,1,2,2,2,2,2
"New Mexico","linear_increase_sd","Past",2020-04-05,"daily_hosps",6,6,6,7,7,8,8,8
"New Mexico","return_normal","Past",2020-04-05,"daily_hosps",6,6,6,7,7,8,8,8
"New Mexico","status_quo","Past",2020-04-05,"daily_hosps",6,6,6,7,7,8,8,8
"New Mexico","linear_increase_sd","Past",2020-04-05,"latent_trend",NA,NA,NA,0.633555563347691,NA,NA,NA,NA
"New Mexico","return_normal","Past",2020-04-05,"latent_trend",NA,NA,NA,0.633555563347691,NA,NA,NA,NA
"New Mexico","status_quo","Past",2020-04-05,"latent_trend",NA,NA,NA,0.633555563347691,NA,NA,NA,NA
"New Mexico","linear_increase_sd","Past",2020-04-05,"mobility_trend",NA,NA,NA,0.643169488618063,NA,NA,NA,NA
"New Mexico","return_normal","Past",2020-04-05,"mobility_trend",NA,NA,NA,0.643169488618063,NA,NA,NA,NA
"New Mexico","status_quo","Past",2020-04-05,"mobility_trend",NA,NA,NA,0.643169488618063,NA,NA,NA,NA
"New Mexico",NA,"Past",2020-04-06,"actual_cumulative_cases",NA,NA,NA,624,NA,NA,NA,NA
"New Mexico",NA,"Past",2020-04-06,"actual_cumulative_deaths",NA,NA,NA,11,NA,NA,NA,NA
"New Mexico",NA,"Past",2020-04-06,"actual_daily_cases",NA,NA,NA,81,NA,NA,NA,NA
"New Mexico",NA,"Past",2020-04-06,"actual_daily_deaths",NA,NA,NA,1,NA,NA,NA,NA
"New Mexico","linear_increase_sd","Past",2020-04-06,"combined_trend",NA,NA,NA,0.385331800268558,NA,NA,NA,NA
"New Mexico","return_normal","Past",2020-04-06,"combined_trend",NA,NA,NA,0.385331800268558,NA,NA,NA,NA
"New Mexico","status_quo","Past",2020-04-06,"combined_trend",NA,NA,NA,0.385331800268558,NA,NA,NA,NA
"New Mexico","linear_increase_sd","Past",2020-04-06,"cumulative_all_infections",5461,5461,5461,6222,6377,6826,6826,6826
"New Mexico","return_normal","Past",2020-04-06,"cumulative_all_infections",5461,5461,5461,6222,6377,6826,6826,6826
"New Mexico","status_quo","Past",2020-04-06,"cumulative_all_infections",5461,5461,5461,6222,6377,6826,6826,6826
"New Mexico","linear_increase_sd","Past",2020-04-06,"cumulative_cases",704,704,704,825,874,895,895,895
"New Mexico","return_normal","Past",2020-04-06,"cumulative_cases",704,704,704,825,874,895,895,895
"New Mexico","status_quo","Past",2020-04-06,"cumulative_cases",704,704,704,825,874,895,895,895
"New Mexico","linear_increase_sd","Past",2020-04-06,"cumulative_deaths",27,27,27,30,31,32,32,32
"New Mexico","return_normal","Past",2020-04-06,"cumulative_deaths",27,27,27,30,31,32,32,32
"New Mexico","status_quo","Past",2020-04-06,"cumulative_deaths",27,27,27,30,31,32,32,32
"New Mexico","linear_increase_sd","Past",2020-04-06,"cumulative_hosps",66,66,66,75,79,79,79,79
"New Mexico","return_normal","Past",2020-04-06,"cumulative_hosps",66,66,66,75,79,79,79,79
"New Mexico","status_quo","Past",2020-04-06,"cumulative_hosps",66,66,66,75,79,79,79,79
"New Mexico","linear_increase_sd","Past",2020-04-06,"daily_all_infections",366,366,366,424,416,489,489,489
"New Mexico","return_normal","Past",2020-04-06,"daily_all_infections",366,366,366,424,416,489,489,489
"New Mexico","status_quo","Past",2020-04-06,"daily_all_infections",366,366,366,424,416,489,489,489
"New Mexico","linear_increase_sd","Past",2020-04-06,"daily_cases",79,79,79,93,97,102,102,102
"New Mexico","return_normal","Past",2020-04-06,"daily_cases",79,79,79,93,97,102,102,102
"New Mexico","status_quo","Past",2020-04-06,"daily_cases",79,79,79,93,97,102,102,102
"New Mexico","linear_increase_sd","Past",2020-04-06,"daily_deaths",2,2,2,2,2,2,2,2
"New Mexico","return_normal","Past",2020-04-06,"daily_deaths",2,2,2,2,2,2,2,2
"New Mexico","status_quo","Past",2020-04-06,"daily_deaths",2,2,2,2,2,2,2,2
"New Mexico","linear_increase_sd","Past",2020-04-06,"daily_hosps",7,7,7,9,9,9,9,9
"New Mexico","return_normal","Past",2020-04-06,"daily_hosps",7,7,7,9,9,9,9,9
"New Mexico","status_quo","Past",2020-04-06,"daily_hosps",7,7,7,9,9,9,9,9
"New Mexico","linear_increase_sd","Past",2020-04-06,"latent_trend",NA,NA,NA,0.6029778379061,NA,NA,NA,NA
"New Mexico","return_normal","Past",2020-04-06,"latent_trend",NA,NA,NA,0.6029778379061,NA,NA,NA,NA
"New Mexico","status_quo","Past",2020-04-06,"latent_trend",NA,NA,NA,0.6029778379061,NA,NA,NA,NA
"New Mexico","linear_increase_sd","Past",2020-04-06,"mobility_trend",NA,NA,NA,0.639048031361585,NA,NA,NA,NA
"New Mexico","return_normal","Past",2020-04-06,"mobility_trend",NA,NA,NA,0.639048031361585,NA,NA,NA,NA
"New Mexico","status_quo","Past",2020-04-06,"mobility_trend",NA,NA,NA,0.639048031361585,NA,NA,NA,NA
"New Mexico",NA,"Past",2020-04-07,"actual_cumulative_cases",NA,NA,NA,686,NA,NA,NA,NA
"New Mexico",NA,"Past",2020-04-07,"actual_cumulative_deaths",NA,NA,NA,11,NA,NA,NA,NA
"New Mexico",NA,"Past",2020-04-07,"actual_daily_cases",NA,NA,NA,62,NA,NA,NA,NA
"New Mexico",NA,"Past",2020-04-07,"actual_daily_deaths",NA,NA,NA,0,NA,NA,NA,NA
"New Mexico","linear_increase_sd","Past",2020-04-07,"combined_trend",NA,NA,NA,0.367864889565016,NA,NA,NA,NA
"New Mexico","return_normal","Past",2020-04-07,"combined_trend",NA,NA,NA,0.367864889565016,NA,NA,NA,NA
"New Mexico","status_quo","Past",2020-04-07,"combined_trend",NA,NA,NA,0.367864889565016,NA,NA,NA,NA
"New Mexico","linear_increase_sd","Past",2020-04-07,"cumulative_all_infections",5820,5820,5820,6642,6791,7313,7313,7313
"New Mexico","return_normal","Past",2020-04-07,"cumulative_all_infections",5820,5820,5820,6642,6791,7313,7313,7313
"New Mexico","status_quo","Past",2020-04-07,"cumulative_all_infections",5820,5820,5820,6642,6791,7313,7313,7313
"New Mexico","linear_increase_sd","Past",2020-04-07,"cumulative_cases",788,788,788,917,972,991,991,991
"New Mexico","return_normal","Past",2020-04-07,"cumulative_cases",788,788,788,917,972,991,991,991
"New Mexico","status_quo","Past",2020-04-07,"cumulative_cases",788,788,788,917,972,991,991,991
"New Mexico","linear_increase_sd","Past",2020-04-07,"cumulative_deaths",29,29,29,33,33,35,35,35
"New Mexico","return_normal","Past",2020-04-07,"cumulative_deaths",29,29,29,33,33,35,35,35
"New Mexico","status_quo","Past",2020-04-07,"cumulative_deaths",29,29,29,33,33,35,35,35
"New Mexico","linear_increase_sd","Past",2020-04-07,"cumulative_hosps",75,75,75,84,88,88,88,88
"New Mexico","return_normal","Past",2020-04-07,"cumulative_hosps",75,75,75,84,88,88,88,88
"New Mexico","status_quo","Past",2020-04-07,"cumulative_hosps",75,75,75,84,88,88,88,88
"New Mexico","linear_increase_sd","Past",2020-04-07,"daily_all_infections",359,359,359,420,414,487,487,487
"New Mexico","return_normal","Past",2020-04-07,"daily_all_infections",359,359,359,420,414,487,487,487
"New Mexico","status_quo","Past",2020-04-07,"daily_all_infections",359,359,359,420,414,487,487,487
"New Mexico","linear_increase_sd","Past",2020-04-07,"daily_cases",84,84,84,93,96,98,98,98
"New Mexico","return_normal","Past",2020-04-07,"daily_cases",84,84,84,93,96,98,98,98
"New Mexico","status_quo","Past",2020-04-07,"daily_cases",84,84,84,93,96,98,98,98
"New Mexico","linear_increase_sd","Past",2020-04-07,"daily_deaths",2,2,2,3,2,3,3,3
"New Mexico","return_normal","Past",2020-04-07,"daily_deaths",2,2,2,3,2,3,3,3
"New Mexico","status_quo","Past",2020-04-07,"daily_deaths",2,2,2,3,2,3,3,3
"New Mexico","linear_increase_sd","Past",2020-04-07,"daily_hosps",9,9,9,9,9,9,9,9
"New Mexico","return_normal","Past",2020-04-07,"daily_hosps",9,9,9,9,9,9,9,9
"New Mexico","status_quo","Past",2020-04-07,"daily_hosps",9,9,9,9,9,9,9,9
"New Mexico","linear_increase_sd","Past",2020-04-07,"latent_trend",NA,NA,NA,0.579257103094832,NA,NA,NA,NA
"New Mexico","return_normal","Past",2020-04-07,"latent_trend",NA,NA,NA,0.579257103094832,NA,NA,NA,NA
"New Mexico","status_quo","Past",2020-04-07,"latent_trend",NA,NA,NA,0.579257103094832,NA,NA,NA,NA
"New Mexico","linear_increase_sd","Past",2020-04-07,"mobility_trend",NA,NA,NA,0.635063234614822,NA,NA,NA,NA
"New Mexico","return_normal","Past",2020-04-07,"mobility_trend",NA,NA,NA,0.635063234614822,NA,NA,NA,NA
"New Mexico","status_quo","Past",2020-04-07,"mobility_trend",NA,NA,NA,0.635063234614822,NA,NA,NA,NA
"New Mexico",NA,"Past",2020-04-08,"actual_cumulative_cases",NA,NA,NA,794,NA,NA,NA,NA
"New Mexico",NA,"Past",2020-04-08,"actual_cumulative_deaths",NA,NA,NA,12,NA,NA,NA,NA
"New Mexico",NA,"Past",2020-04-08,"actual_daily_cases",NA,NA,NA,108,NA,NA,NA,NA
"New Mexico",NA,"Past",2020-04-08,"actual_daily_deaths",NA,NA,NA,1,NA,NA,NA,NA
"New Mexico","linear_increase_sd","Past",2020-04-08,"combined_trend",NA,NA,NA,0.35473126221775,NA,NA,NA,NA
"New Mexico","return_normal","Past",2020-04-08,"combined_trend",NA,NA,NA,0.35473126221775,NA,NA,NA,NA
"New Mexico","status_quo","Past",2020-04-08,"combined_trend",NA,NA,NA,0.35473126221775,NA,NA,NA,NA
"New Mexico","linear_increase_sd","Past",2020-04-08,"cumulative_all_infections",6177,6177,6177,7063,7211,7799,7799,7799
"New Mexico","return_normal","Past",2020-04-08,"cumulative_all_infections",6177,6177,6177,7063,7211,7799,7799,7799
"New Mexico","status_quo","Past",2020-04-08,"cumulative_all_infections",6177,6177,6177,7063,7211,7799,7799,7799
"New Mexico","linear_increase_sd","Past",2020-04-08,"cumulative_cases",880,880,880,1016,1069,1098,1098,1098
"New Mexico","return_normal","Past",2020-04-08,"cumulative_cases",880,880,880,1016,1069,1098,1098,1098
"New Mexico","status_quo","Past",2020-04-08,"cumulative_cases",880,880,880,1016,1069,1098,1098,1098
"New Mexico","linear_increase_sd","Past",2020-04-08,"cumulative_deaths",31,31,31,35,35,38,38,38
"New Mexico","return_normal","Past",2020-04-08,"cumulative_deaths",31,31,31,35,35,38,38,38
"New Mexico","status_quo","Past",2020-04-08,"cumulative_deaths",31,31,31,35,35,38,38,38
"New Mexico","linear_increase_sd","Past",2020-04-08,"cumulative_hosps",84,84,84,94,98,98,98,98
"New Mexico","return_normal","Past",2020-04-08,"cumulative_hosps",84,84,84,94,98,98,98,98
"New Mexico","status_quo","Past",2020-04-08,"cumulative_hosps",84,84,84,94,98,98,98,98
"New Mexico","linear_increase_sd","Past",2020-04-08,"daily_all_infections",357,357,357,421,420,486,486,486
"New Mexico","return_normal","Past",2020-04-08,"daily_all_infections",357,357,357,421,420,486,486,486
"New Mexico","status_quo","Past",2020-04-08,"daily_all_infections",357,357,357,421,420,486,486,486
"New Mexico","linear_increase_sd","Past",2020-04-08,"daily_cases",92,92,92,99,97,107,107,107
"New Mexico","return_normal","Past",2020-04-08,"daily_cases",92,92,92,99,97,107,107,107
"New Mexico","status_quo","Past",2020-04-08,"daily_cases",92,92,92,99,97,107,107,107
"New Mexico","linear_increase_sd","Past",2020-04-08,"daily_deaths",2,2,2,3,2,3,3,3
"New Mexico","return_normal","Past",2020-04-08,"daily_deaths",2,2,2,3,2,3,3,3
"New Mexico","status_quo","Past",2020-04-08,"daily_deaths",2,2,2,3,2,3,3,3
"New Mexico","linear_increase_sd","Past",2020-04-08,"daily_hosps",9,9,9,10,10,10,10,10
"New Mexico","return_normal","Past",2020-04-08,"daily_hosps",9,9,9,10,10,10,10,10
"New Mexico","status_quo","Past",2020-04-08,"daily_hosps",9,9,9,10,10,10,10,10
"New Mexico","linear_increase_sd","Past",2020-04-08,"latent_trend",NA,NA,NA,0.562121947017948,NA,NA,NA,NA
"New Mexico","return_normal","Past",2020-04-08,"latent_trend",NA,NA,NA,0.562121947017948,NA,NA,NA,NA
"New Mexico","status_quo","Past",2020-04-08,"latent_trend",NA,NA,NA,0.562121947017948,NA,NA,NA,NA
"New Mexico","linear_increase_sd","Past",2020-04-08,"mobility_trend",NA,NA,NA,0.631057485123283,NA,NA,NA,NA
"New Mexico","return_normal","Past",2020-04-08,"mobility_trend",NA,NA,NA,0.631057485123283,NA,NA,NA,NA
"New Mexico","status_quo","Past",2020-04-08,"mobility_trend",NA,NA,NA,0.631057485123283,NA,NA,NA,NA
"New Mexico",NA,"Past",2020-04-09,"actual_cumulative_cases",NA,NA,NA,865,NA,NA,NA,NA
"New Mexico",NA,"Past",2020-04-09,"actual_cumulative_deaths",NA,NA,NA,15,NA,NA,NA,NA
"New Mexico",NA,"Past",2020-04-09,"actual_daily_cases",NA,NA,NA,71,NA,NA,NA,NA
"New Mexico",NA,"Past",2020-04-09,"actual_daily_deaths",NA,NA,NA,3,NA,NA,NA,NA
"New Mexico","linear_increase_sd","Past",2020-04-09,"combined_trend",NA,NA,NA,0.345488548493711,NA,NA,NA,NA
"New Mexico","return_normal","Past",2020-04-09,"combined_trend",NA,NA,NA,0.345488548493711,NA,NA,NA,NA
"New Mexico","status_quo","Past",2020-04-09,"combined_trend",NA,NA,NA,0.345488548493711,NA,NA,NA,NA
"New Mexico","linear_increase_sd","Past",2020-04-09,"cumulative_all_infections",6533,6533,6533,7481,7634,8276,8276,8276
"New Mexico","return_normal","Past",2020-04-09,"cumulative_all_infections",6533,6533,6533,7481,7634,8276,8276,8276
"New Mexico","status_quo","Past",2020-04-09,"cumulative_all_infections",6533,6533,6533,7481,7634,8276,8276,8276
"New Mexico","linear_increase_sd","Past",2020-04-09,"cumulative_cases",973,973,973,1120,1176,1209,1209,1209
"New Mexico","return_normal","Past",2020-04-09,"cumulative_cases",973,973,973,1120,1176,1209,1209,1209
"New Mexico","status_quo","Past",2020-04-09,"cumulative_cases",973,973,973,1120,1176,1209,1209,1209
"New Mexico","linear_increase_sd","Past",2020-04-09,"cumulative_deaths",33,33,33,38,38,41,41,41
"New Mexico","return_normal","Past",2020-04-09,"cumulative_deaths",33,33,33,38,38,41,41,41
"New Mexico","status_quo","Past",2020-04-09,"cumulative_deaths",33,33,33,38,38,41,41,41
"New Mexico","linear_increase_sd","Past",2020-04-09,"cumulative_hosps",93,93,93,104,109,109,109,109
"New Mexico","return_normal","Past",2020-04-09,"cumulative_hosps",93,93,93,104,109,109,109,109
"New Mexico","status_quo","Past",2020-04-09,"cumulative_hosps",93,93,93,104,109,109,109,109
"New Mexico","linear_increase_sd","Past",2020-04-09,"daily_all_infections",356,356,356,419,423,477,477,477
"New Mexico","return_normal","Past",2020-04-09,"daily_all_infections",356,356,356,419,423,477,477,477
"New Mexico","status_quo","Past",2020-04-09,"daily_all_infections",356,356,356,419,423,477,477,477
"New Mexico","linear_increase_sd","Past",2020-04-09,"daily_cases",93,93,93,104,107,111,111,111
"New Mexico","return_normal","Past",2020-04-09,"daily_cases",93,93,93,104,107,111,111,111
"New Mexico","status_quo","Past",2020-04-09,"daily_cases",93,93,93,104,107,111,111,111
"New Mexico","linear_increase_sd","Past",2020-04-09,"daily_deaths",2,2,2,3,3,3,3,3
"New Mexico","return_normal","Past",2020-04-09,"daily_deaths",2,2,2,3,3,3,3,3
"New Mexico","status_quo","Past",2020-04-09,"daily_deaths",2,2,2,3,3,3,3,3
"New Mexico","linear_increase_sd","Past",2020-04-09,"daily_hosps",9,9,9,11,11,11,11,11
"New Mexico","return_normal","Past",2020-04-09,"daily_hosps",9,9,9,11,11,11,11,11
"New Mexico","status_quo","Past",2020-04-09,"daily_hosps",9,9,9,11,11,11,11,11
"New Mexico","linear_increase_sd","Past",2020-04-09,"latent_trend",NA,NA,NA,0.551026528441063,NA,NA,NA,NA
"New Mexico","return_normal","Past",2020-04-09,"latent_trend",NA,NA,NA,0.551026528441063,NA,NA,NA,NA
"New Mexico","status_quo","Past",2020-04-09,"latent_trend",NA,NA,NA,0.551026528441063,NA,NA,NA,NA
"New Mexico","linear_increase_sd","Past",2020-04-09,"mobility_trend",NA,NA,NA,0.626990772061647,NA,NA,NA,NA
"New Mexico","return_normal","Past",2020-04-09,"mobility_trend",NA,NA,NA,0.626990772061647,NA,NA,NA,NA
"New Mexico","status_quo","Past",2020-04-09,"mobility_trend",NA,NA,NA,0.626990772061647,NA,NA,NA,NA
"New Mexico",NA,"Past",2020-04-10,"actual_cumulative_cases",NA,NA,NA,1091,NA,NA,NA,NA
"New Mexico",NA,"Past",2020-04-10,"actual_cumulative_deaths",NA,NA,NA,18,NA,NA,NA,NA
"New Mexico",NA,"Past",2020-04-10,"actual_daily_cases",NA,NA,NA,226,NA,NA,NA,NA
"New Mexico",NA,"Past",2020-04-10,"actual_daily_deaths",NA,NA,NA,3,NA,NA,NA,NA
"New Mexico","linear_increase_sd","Past",2020-04-10,"combined_trend",NA,NA,NA,0.339822263592562,NA,NA,NA,NA
"New Mexico","return_normal","Past",2020-04-10,"combined_trend",NA,NA,NA,0.339822263592562,NA,NA,NA,NA
"New Mexico","status_quo","Past",2020-04-10,"combined_trend",NA,NA,NA,0.339822263592562,NA,NA,NA,NA
"New Mexico","linear_increase_sd","Past",2020-04-10,"cumulative_all_infections",6889,6889,6889,7899,8063,8744,8744,8744
"New Mexico","return_normal","Past",2020-04-10,"cumulative_all_infections",6889,6889,6889,7899,8063,8744,8744,8744
"New Mexico","status_quo","Past",2020-04-10,"cumulative_all_infections",6889,6889,6889,7899,8063,8744,8744,8744
"New Mexico","linear_increase_sd","Past",2020-04-10,"cumulative_cases",1066,1066,1066,1230,1278,1345,1345,1345
"New Mexico","return_normal","Past",2020-04-10,"cumulative_cases",1066,1066,1066,1230,1278,1345,1345,1345
"New Mexico","status_quo","Past",2020-04-10,"cumulative_cases",1066,1066,1066,1230,1278,1345,1345,1345
"New Mexico","linear_increase_sd","Past",2020-04-10,"cumulative_deaths",36,36,36,41,41,45,45,45
"New Mexico","return_normal","Past",2020-04-10,"cumulative_deaths",36,36,36,41,41,45,45,45
"New Mexico","status_quo","Past",2020-04-10,"cumulative_deaths",36,36,36,41,41,45,45,45
"New Mexico","linear_increase_sd","Past",2020-04-10,"cumulative_hosps",103,103,103,115,119,121,121,121
"New Mexico","return_normal","Past",2020-04-10,"cumulative_hosps",103,103,103,115,119,121,121,121
"New Mexico","status_quo","Past",2020-04-10,"cumulative_hosps",103,103,103,115,119,121,121,121
"New Mexico","linear_increase_sd","Past",2020-04-10,"daily_all_infections",356,356,356,418,429,468,468,468
"New Mexico","return_normal","Past",2020-04-10,"daily_all_infections",356,356,356,418,429,468,468,468
"New Mexico","status_quo","Past",2020-04-10,"daily_all_infections",356,356,356,418,429,468,468,468
"New Mexico","linear_increase_sd","Past",2020-04-10,"daily_cases",93,93,93,111,102,136,136,136
"New Mexico","return_normal","Past",2020-04-10,"daily_cases",93,93,93,111,102,136,136,136
"New Mexico","status_quo","Past",2020-04-10,"daily_cases",93,93,93,111,102,136,136,136
"New Mexico","linear_increase_sd","Past",2020-04-10,"daily_deaths",3,3,3,4,3,4,4,4
"New Mexico","return_normal","Past",2020-04-10,"daily_deaths",3,3,3,4,3,4,4,4
"New Mexico","status_quo","Past",2020-04-10,"daily_deaths",3,3,3,4,3,4,4,4
"New Mexico","linear_increase_sd","Past",2020-04-10,"daily_hosps",10,10,10,11,10,12,12,12
"New Mexico","return_normal","Past",2020-04-10,"daily_hosps",10,10,10,11,10,12,12,12
"New Mexico","status_quo","Past",2020-04-10,"daily_hosps",10,10,10,11,10,12,12,12
"New Mexico","linear_increase_sd","Past",2020-04-10,"latent_trend",NA,NA,NA,0.545279609405117,NA,NA,NA,NA
"New Mexico","return_normal","Past",2020-04-10,"latent_trend",NA,NA,NA,0.545279609405117,NA,NA,NA,NA
"New Mexico","status_quo","Past",2020-04-10,"latent_trend",NA,NA,NA,0.545279609405117,NA,NA,NA,NA
"New Mexico","linear_increase_sd","Past",2020-04-10,"mobility_trend",NA,NA,NA,0.623207355879853,NA,NA,NA,NA
"New Mexico","return_normal","Past",2020-04-10,"mobility_trend",NA,NA,NA,0.623207355879853,NA,NA,NA,NA
"New Mexico","status_quo","Past",2020-04-10,"mobility_trend",NA,NA,NA,0.623207355879853,NA,NA,NA,NA
"New Mexico",NA,"Past",2020-04-11,"actual_cumulative_cases",NA,NA,NA,1091,NA,NA,NA,NA
"New Mexico",NA,"Past",2020-04-11,"actual_cumulative_deaths",NA,NA,NA,18,NA,NA,NA,NA
"New Mexico",NA,"Past",2020-04-11,"actual_daily_cases",NA,NA,NA,0,NA,NA,NA,NA
"New Mexico",NA,"Past",2020-04-11,"actual_daily_deaths",NA,NA,NA,0,NA,NA,NA,NA
"New Mexico","linear_increase_sd","Past",2020-04-11,"combined_trend",NA,NA,NA,0.337421774152536,NA,NA,NA,NA
"New Mexico","return_normal","Past",2020-04-11,"combined_trend",NA,NA,NA,0.337421774152536,NA,NA,NA,NA
"New Mexico","status_quo","Past",2020-04-11,"combined_trend",NA,NA,NA,0.337421774152536,NA,NA,NA,NA
"New Mexico","linear_increase_sd","Past",2020-04-11,"cumulative_all_infections",7242,7242,7242,8320,8500,9217,9217,9217
"New Mexico","return_normal","Past",2020-04-11,"cumulative_all_infections",7242,7242,7242,8320,8500,9217,9217,9217
"New Mexico","status_quo","Past",2020-04-11,"cumulative_all_infections",7242,7242,7242,8320,8500,9217,9217,9217
"New Mexico","linear_increase_sd","Past",2020-04-11,"cumulative_cases",1168,1168,1168,1339,1391,1457,1457,1457
"New Mexico","return_normal","Past",2020-04-11,"cumulative_cases",1168,1168,1168,1339,1391,1457,1457,1457
"New Mexico","status_quo","Past",2020-04-11,"cumulative_cases",1168,1168,1168,1339,1391,1457,1457,1457
"New Mexico","linear_increase_sd","Past",2020-04-11,"cumulative_deaths",39,39,39,44,44,49,49,49
"New Mexico","return_normal","Past",2020-04-11,"cumulative_deaths",39,39,39,44,44,49,49,49
"New Mexico","status_quo","Past",2020-04-11,"cumulative_deaths",39,39,39,44,44,49,49,49
"New Mexico","linear_increase_sd","Past",2020-04-11,"cumulative_hosps",114,114,114,126,131,133,133,133
"New Mexico","return_normal","Past",2020-04-11,"cumulative_hosps",114,114,114,126,131,133,133,133
"New Mexico","status_quo","Past",2020-04-11,"cumulative_hosps",114,114,114,126,131,133,133,133
"New Mexico","linear_increase_sd","Past",2020-04-11,"daily_all_infections",353,353,353,421,437,473,473,473
"New Mexico","return_normal","Past",2020-04-11,"daily_all_infections",353,353,353,421,437,473,473,473
"New Mexico","status_quo","Past",2020-04-11,"daily_all_infections",353,353,353,421,437,473,473,473
"New Mexico","linear_increase_sd","Past",2020-04-11,"daily_cases",102,102,102,109,112,113,113,113
"New Mexico","return_normal","Past",2020-04-11,"daily_cases",102,102,102,109,112,113,113,113
"New Mexico","status_quo","Past",2020-04-11,"daily_cases",102,102,102,109,112,113,113,113
"New Mexico","linear_increase_sd","Past",2020-04-11,"daily_deaths",3,3,3,4,3,4,4,4
"New Mexico","return_normal","Past",2020-04-11,"daily_deaths",3,3,3,4,3,4,4,4
"New Mexico","status_quo","Past",2020-04-11,"daily_deaths",3,3,3,4,3,4,4,4
"New Mexico","linear_increase_sd","Past",2020-04-11,"daily_hosps",11,11,11,12,12,12,12,12
"New Mexico","return_normal","Past",2020-04-11,"daily_hosps",11,11,11,12,12,12,12,12
"New Mexico","status_quo","Past",2020-04-11,"daily_hosps",11,11,11,12,12,12,12,12
"New Mexico","linear_increase_sd","Past",2020-04-11,"latent_trend",NA,NA,NA,0.544119474066106,NA,NA,NA,NA
"New Mexico","return_normal","Past",2020-04-11,"latent_trend",NA,NA,NA,0.544119474066106,NA,NA,NA,NA
"New Mexico","status_quo","Past",2020-04-11,"latent_trend",NA,NA,NA,0.544119474066106,NA,NA,NA,NA
"New Mexico","linear_increase_sd","Past",2020-04-11,"mobility_trend",NA,NA,NA,0.620124421629397,NA,NA,NA,NA
"New Mexico","return_normal","Past",2020-04-11,"mobility_trend",NA,NA,NA,0.620124421629397,NA,NA,NA,NA
"New Mexico","status_quo","Past",2020-04-11,"mobility_trend",NA,NA,NA,0.620124421629397,NA,NA,NA,NA
"New Mexico",NA,"Past",2020-04-12,"actual_cumulative_cases",NA,NA,NA,1174,NA,NA,NA,NA
"New Mexico",NA,"Past",2020-04-12,"actual_cumulative_deaths",NA,NA,NA,19,NA,NA,NA,NA
"New Mexico",NA,"Past",2020-04-12,"actual_daily_cases",NA,NA,NA,83,NA,NA,NA,NA
"New Mexico",NA,"Past",2020-04-12,"actual_daily_deaths",NA,NA,NA,1,NA,NA,NA,NA
"New Mexico","linear_increase_sd","Past",2020-04-12,"combined_trend",NA,NA,NA,0.33792893049717,NA,NA,NA,NA
"New Mexico","return_normal","Past",2020-04-12,"combined_trend",NA,NA,NA,0.33792893049717,NA,NA,NA,NA
"New Mexico","status_quo","Past",2020-04-12,"combined_trend",NA,NA,NA,0.33792893049717,NA,NA,NA,NA
"New Mexico","linear_increase_sd","Past",2020-04-12,"cumulative_all_infections",7606,7606,7606,8748,8951,9687,9687,9687
"New Mexico","return_normal","Past",2020-04-12,"cumulative_all_infections",7606,7606,7606,8748,8951,9687,9687,9687
"New Mexico","status_quo","Past",2020-04-12,"cumulative_all_infections",7606,7606,7606,8748,8951,9687,9687,9687
"New Mexico","linear_increase_sd","Past",2020-04-12,"cumulative_cases",1275,1275,1275,1448,1492,1575,1575,1575
"New Mexico","return_normal","Past",2020-04-12,"cumulative_cases",1275,1275,1275,1448,1492,1575,1575,1575
"New Mexico","status_quo","Past",2020-04-12,"cumulative_cases",1275,1275,1275,1448,1492,1575,1575,1575
"New Mexico","linear_increase_sd","Past",2020-04-12,"cumulative_deaths",42,42,42,48,48,53,53,53
"New Mexico","return_normal","Past",2020-04-12,"cumulative_deaths",42,42,42,48,48,53,53,53
"New Mexico","status_quo","Past",2020-04-12,"cumulative_deaths",42,42,42,48,48,53,53,53
"New Mexico","linear_increase_sd","Past",2020-04-12,"cumulative_hosps",125,125,125,138,143,146,146,146
"New Mexico","return_normal","Past",2020-04-12,"cumulative_hosps",125,125,125,138,143,146,146,146
"New Mexico","status_quo","Past",2020-04-12,"cumulative_hosps",125,125,125,138,143,146,146,146
"New Mexico","linear_increase_sd","Past",2020-04-12,"daily_all_infections",364,364,364,429,451,470,470,470
"New Mexico","return_normal","Past",2020-04-12,"daily_all_infections",364,364,364,429,451,470,470,470
"New Mexico","status_quo","Past",2020-04-12,"daily_all_infections",364,364,364,429,451,470,470,470
"New Mexico","linear_increase_sd","Past",2020-04-12,"daily_cases",101,101,101,109,107,118,118,118
"New Mexico","return_normal","Past",2020-04-12,"daily_cases",101,101,101,109,107,118,118,118
"New Mexico","status_quo","Past",2020-04-12,"daily_cases",101,101,101,109,107,118,118,118
"New Mexico","linear_increase_sd","Past",2020-04-12,"daily_deaths",3,3,3,4,4,4,4,4
"New Mexico","return_normal","Past",2020-04-12,"daily_deaths",3,3,3,4,4,4,4,4
"New Mexico","status_quo","Past",2020-04-12,"daily_deaths",3,3,3,4,4,4,4,4
"New Mexico","linear_increase_sd","Past",2020-04-12,"daily_hosps",11,11,11,12,12,13,13,13
"New Mexico","return_normal","Past",2020-04-12,"daily_hosps",11,11,11,12,12,13,13,13
"New Mexico","status_quo","Past",2020-04-12,"daily_hosps",11,11,11,12,12,13,13,13
"New Mexico","linear_increase_sd","Past",2020-04-12,"latent_trend",NA,NA,NA,0.546751661740086,NA,NA,NA,NA
"New Mexico","return_normal","Past",2020-04-12,"latent_trend",NA,NA,NA,0.546751661740086,NA,NA,NA,NA
"New Mexico","status_quo","Past",2020-04-12,"latent_trend",NA,NA,NA,0.546751661740086,NA,NA,NA,NA
"New Mexico","linear_increase_sd","Past",2020-04-12,"mobility_trend",NA,NA,NA,0.618066581492741,NA,NA,NA,NA
"New Mexico","return_normal","Past",2020-04-12,"mobility_trend",NA,NA,NA,0.618066581492741,NA,NA,NA,NA
"New Mexico","status_quo","Past",2020-04-12,"mobility_trend",NA,NA,NA,0.618066581492741,NA,NA,NA,NA
"New Mexico",NA,"Past",2020-04-13,"actual_cumulative_cases",NA,NA,NA,1245,NA,NA,NA,NA
"New Mexico",NA,"Past",2020-04-13,"actual_cumulative_deaths",NA,NA,NA,25,NA,NA,NA,NA
"New Mexico",NA,"Past",2020-04-13,"actual_daily_cases",NA,NA,NA,71,NA,NA,NA,NA
"New Mexico",NA,"Past",2020-04-13,"actual_daily_deaths",NA,NA,NA,6,NA,NA,NA,NA
"New Mexico","linear_increase_sd","Past",2020-04-13,"combined_trend",NA,NA,NA,0.340915463427743,NA,NA,NA,NA
"New Mexico","return_normal","Past",2020-04-13,"combined_trend",NA,NA,NA,0.340915463427743,NA,NA,NA,NA
"New Mexico","status_quo","Past",2020-04-13,"combined_trend",NA,NA,NA,0.340915463427743,NA,NA,NA,NA
"New Mexico","linear_increase_sd","Past",2020-04-13,"cumulative_all_infections",7974,7974,7974,9180,9411,10153,10153,10153
"New Mexico","return_normal","Past",2020-04-13,"cumulative_all_infections",7974,7974,7974,9180,9411,10153,10153,10153
"New Mexico","status_quo","Past",2020-04-13,"cumulative_all_infections",7974,7974,7974,9180,9411,10153,10153,10153
"New Mexico","linear_increase_sd","Past",2020-04-13,"cumulative_cases",1376,1376,1376,1560,1605,1697,1697,1697
"New Mexico","return_normal","Past",2020-04-13,"cumulative_cases",1376,1376,1376,1560,1605,1697,1697,1697
"New Mexico","status_quo","Past",2020-04-13,"cumulative_cases",1376,1376,1376,1560,1605,1697,1697,1697
"New Mexico","linear_increase_sd","Past",2020-04-13,"cumulative_deaths",46,46,46,52,52,57,57,57
"New Mexico","return_normal","Past",2020-04-13,"cumulative_deaths",46,46,46,52,52,57,57,57
"New Mexico","status_quo","Past",2020-04-13,"cumulative_deaths",46,46,46,52,52,57,57,57
"New Mexico","linear_increase_sd","Past",2020-04-13,"cumulative_hosps",136,136,136,150,155,159,159,159
"New Mexico","return_normal","Past",2020-04-13,"cumulative_hosps",136,136,136,150,155,159,159,159
"New Mexico","status_quo","Past",2020-04-13,"cumulative_hosps",136,136,136,150,155,159,159,159
"New Mexico","linear_increase_sd","Past",2020-04-13,"daily_all_infections",368,368,368,432,460,466,466,466
"New Mexico","return_normal","Past",2020-04-13,"daily_all_infections",368,368,368,432,460,466,466,466
"New Mexico","status_quo","Past",2020-04-13,"daily_all_infections",368,368,368,432,460,466,466,466
"New Mexico","linear_increase_sd","Past",2020-04-13,"daily_cases",101,101,101,112,113,122,122,122
"New Mexico","return_normal","Past",2020-04-13,"daily_cases",101,101,101,112,113,122,122,122
"New Mexico","status_quo","Past",2020-04-13,"daily_cases",101,101,101,112,113,122,122,122
"New Mexico","linear_increase_sd","Past",2020-04-13,"daily_deaths",4,4,4,4,4,4,4,4
"New Mexico","return_normal","Past",2020-04-13,"daily_deaths",4,4,4,4,4,4,4,4
"New Mexico","status_quo","Past",2020-04-13,"daily_deaths",4,4,4,4,4,4,4,4
"New Mexico","linear_increase_sd","Past",2020-04-13,"daily_hosps",11,11,11,12,12,13,13,13
"New Mexico","return_normal","Past",2020-04-13,"daily_hosps",11,11,11,12,12,13,13,13
"New Mexico","status_quo","Past",2020-04-13,"daily_hosps",11,11,11,12,12,13,13,13
"New Mexico","linear_increase_sd","Past",2020-04-13,"latent_trend",NA,NA,NA,0.552365888638887,NA,NA,NA,NA
"New Mexico","return_normal","Past",2020-04-13,"latent_trend",NA,NA,NA,0.552365888638887,NA,NA,NA,NA
"New Mexico","status_quo","Past",2020-04-13,"latent_trend",NA,NA,NA,0.552365888638887,NA,NA,NA,NA
"New Mexico","linear_increase_sd","Past",2020-04-13,"mobility_trend",NA,NA,NA,0.617191377019698,NA,NA,NA,NA
"New Mexico","return_normal","Past",2020-04-13,"mobility_trend",NA,NA,NA,0.617191377019698,NA,NA,NA,NA
"New Mexico","status_quo","Past",2020-04-13,"mobility_trend",NA,NA,NA,0.617191377019698,NA,NA,NA,NA
"New Mexico",NA,"Past",2020-04-14,"actual_cumulative_cases",NA,NA,NA,1345,NA,NA,NA,NA
"New Mexico",NA,"Past",2020-04-14,"actual_cumulative_deaths",NA,NA,NA,30,NA,NA,NA,NA
"New Mexico",NA,"Past",2020-04-14,"actual_daily_cases",NA,NA,NA,100,NA,NA,NA,NA
"New Mexico",NA,"Past",2020-04-14,"actual_daily_deaths",NA,NA,NA,5,NA,NA,NA,NA
"New Mexico","linear_increase_sd","Past",2020-04-14,"combined_trend",NA,NA,NA,0.345654116265868,NA,NA,NA,NA
"New Mexico","return_normal","Past",2020-04-14,"combined_trend",NA,NA,NA,0.345654116265868,NA,NA,NA,NA
"New Mexico","status_quo","Past",2020-04-14,"combined_trend",NA,NA,NA,0.345654116265868,NA,NA,NA,NA
"New Mexico","linear_increase_sd","Past",2020-04-14,"cumulative_all_infections",8350,8350,8350,9613,9883,10606,10606,10606
"New Mexico","return_normal","Past",2020-04-14,"cumulative_all_infections",8350,8350,8350,9613,9883,10606,10606,10606
"New Mexico","status_quo","Past",2020-04-14,"cumulative_all_infections",8350,8350,8350,9613,9883,10606,10606,10606
"New Mexico","linear_increase_sd","Past",2020-04-14,"cumulative_cases",1472,1472,1472,1671,1724,1817,1817,1817
"New Mexico","return_normal","Past",2020-04-14,"cumulative_cases",1472,1472,1472,1671,1724,1817,1817,1817
"New Mexico","status_quo","Past",2020-04-14,"cumulative_cases",1472,1472,1472,1671,1724,1817,1817,1817
"New Mexico","linear_increase_sd","Past",2020-04-14,"cumulative_deaths",50,50,50,56,56,62,62,62
"New Mexico","return_normal","Past",2020-04-14,"cumulative_deaths",50,50,50,56,56,62,62,62
"New Mexico","status_quo","Past",2020-04-14,"cumulative_deaths",50,50,50,56,56,62,62,62
"New Mexico","linear_increase_sd","Past",2020-04-14,"cumulative_hosps",147,147,147,163,167,173,173,173
"New Mexico","return_normal","Past",2020-04-14,"cumulative_hosps",147,147,147,163,167,173,173,173
"New Mexico","status_quo","Past",2020-04-14,"cumulative_hosps",147,147,147,163,167,173,173,173
"New Mexico","linear_increase_sd","Past",2020-04-14,"daily_all_infections",376,376,376,434,453,472,472,472
"New Mexico","return_normal","Past",2020-04-14,"daily_all_infections",376,376,376,434,453,472,472,472
"New Mexico","status_quo","Past",2020-04-14,"daily_all_infections",376,376,376,434,453,472,472,472
"New Mexico","linear_increase_sd","Past",2020-04-14,"daily_cases",96,96,96,112,119,120,120,120
"New Mexico","return_normal","Past",2020-04-14,"daily_cases",96,96,96,112,119,120,120,120
"New Mexico","status_quo","Past",2020-04-14,"daily_cases",96,96,96,112,119,120,120,120
"New Mexico","linear_increase_sd","Past",2020-04-14,"daily_deaths",4,4,4,5,4,5,5,5
"New Mexico","return_normal","Past",2020-04-14,"daily_deaths",4,4,4,5,4,5,5,5
"New Mexico","status_quo","Past",2020-04-14,"daily_deaths",4,4,4,5,4,5,5,5
"New Mexico","linear_increase_sd","Past",2020-04-14,"daily_hosps",11,11,11,13,12,14,14,14
"New Mexico","return_normal","Past",2020-04-14,"daily_hosps",11,11,11,13,12,14,14,14
"New Mexico","status_quo","Past",2020-04-14,"daily_hosps",11,11,11,13,12,14,14,14
"New Mexico","linear_increase_sd","Past",2020-04-14,"latent_trend",NA,NA,NA,0.560144159134024,NA,NA,NA,NA
"New Mexico","return_normal","Past",2020-04-14,"latent_trend",NA,NA,NA,0.560144159134024,NA,NA,NA,NA
"New Mexico","status_quo","Past",2020-04-14,"latent_trend",NA,NA,NA,0.560144159134024,NA,NA,NA,NA
"New Mexico","linear_increase_sd","Past",2020-04-14,"mobility_trend",NA,NA,NA,0.617080640098515,NA,NA,NA,NA
"New Mexico","return_normal","Past",2020-04-14,"mobility_trend",NA,NA,NA,0.617080640098515,NA,NA,NA,NA
"New Mexico","status_quo","Past",2020-04-14,"mobility_trend",NA,NA,NA,0.617080640098515,NA,NA,NA,NA
"New Mexico",NA,"Past",2020-04-15,"actual_cumulative_cases",NA,NA,NA,1407,NA,NA,NA,NA
"New Mexico",NA,"Past",2020-04-15,"actual_cumulative_deaths",NA,NA,NA,35,NA,NA,NA,NA
"New Mexico",NA,"Past",2020-04-15,"actual_daily_cases",NA,NA,NA,62,NA,NA,NA,NA
"New Mexico",NA,"Past",2020-04-15,"actual_daily_deaths",NA,NA,NA,5,NA,NA,NA,NA
"New Mexico","linear_increase_sd","Past",2020-04-15,"combined_trend",NA,NA,NA,0.351372512555096,NA,NA,NA,NA
"New Mexico","return_normal","Past",2020-04-15,"combined_trend",NA,NA,NA,0.351372512555096,NA,NA,NA,NA
"New Mexico","status_quo","Past",2020-04-15,"combined_trend",NA,NA,NA,0.351372512555096,NA,NA,NA,NA
"New Mexico","linear_increase_sd","Past",2020-04-15,"cumulative_all_infections",8739,8739,8739,10058,10370,11065,11065,11065
"New Mexico","return_normal","Past",2020-04-15,"cumulative_all_infections",8739,8739,8739,10058,10370,11065,11065,11065
"New Mexico","status_quo","Past",2020-04-15,"cumulative_all_infections",8739,8739,8739,10058,10370,11065,11065,11065
"New Mexico","linear_increase_sd","Past",2020-04-15,"cumulative_cases",1582,1582,1582,1786,1839,1935,1935,1935
"New Mexico","return_normal","Past",2020-04-15,"cumulative_cases",1582,1582,1582,1786,1839,1935,1935,1935
"New Mexico","status_quo","Past",2020-04-15,"cumulative_cases",1582,1582,1582,1786,1839,1935,1935,1935
"New Mexico","linear_increase_sd","Past",2020-04-15,"cumulative_deaths",54,54,54,61,61,67,67,67
"New Mexico","return_normal","Past",2020-04-15,"cumulative_deaths",54,54,54,61,61,67,67,67
"New Mexico","status_quo","Past",2020-04-15,"cumulative_deaths",54,54,54,61,61,67,67,67
"New Mexico","linear_increase_sd","Past",2020-04-15,"cumulative_hosps",158,158,158,176,180,188,188,188
"New Mexico","return_normal","Past",2020-04-15,"cumulative_hosps",158,158,158,176,180,188,188,188
"New Mexico","status_quo","Past",2020-04-15,"cumulative_hosps",158,158,158,176,180,188,188,188
"New Mexico","linear_increase_sd","Past",2020-04-15,"daily_all_infections",389,389,389,445,459,487,487,487
"New Mexico","return_normal","Past",2020-04-15,"daily_all_infections",389,389,389,445,459,487,487,487
"New Mexico","status_quo","Past",2020-04-15,"daily_all_infections",389,389,389,445,459,487,487,487
"New Mexico","linear_increase_sd","Past",2020-04-15,"daily_cases",110,110,110,115,115,118,118,118
"New Mexico","return_normal","Past",2020-04-15,"daily_cases",110,110,110,115,115,118,118,118
"New Mexico","status_quo","Past",2020-04-15,"daily_cases",110,110,110,115,115,118,118,118
"New Mexico","linear_increase_sd","Past",2020-04-15,"daily_deaths",4,4,4,5,5,5,5,5
"New Mexico","return_normal","Past",2020-04-15,"daily_deaths",4,4,4,5,5,5,5,5
"New Mexico","status_quo","Past",2020-04-15,"daily_deaths",4,4,4,5,5,5,5,5
"New Mexico","linear_increase_sd","Past",2020-04-15,"daily_hosps",11,11,11,13,13,15,15,15
"New Mexico","return_normal","Past",2020-04-15,"daily_hosps",11,11,11,13,13,15,15,15
"New Mexico","status_quo","Past",2020-04-15,"daily_hosps",11,11,11,13,13,15,15,15
"New Mexico","linear_increase_sd","Past",2020-04-15,"latent_trend",NA,NA,NA,0.569267115577281,NA,NA,NA,NA
"New Mexico","return_normal","Past",2020-04-15,"latent_trend",NA,NA,NA,0.569267115577281,NA,NA,NA,NA
"New Mexico","status_quo","Past",2020-04-15,"latent_trend",NA,NA,NA,0.569267115577281,NA,NA,NA,NA
"New Mexico","linear_increase_sd","Past",2020-04-15,"mobility_trend",NA,NA,NA,0.617236623968305,NA,NA,NA,NA
"New Mexico","return_normal","Past",2020-04-15,"mobility_trend",NA,NA,NA,0.617236623968305,NA,NA,NA,NA
"New Mexico","status_quo","Past",2020-04-15,"mobility_trend",NA,NA,NA,0.617236623968305,NA,NA,NA,NA
"New Mexico",NA,"Past",2020-04-16,"actual_cumulative_cases",NA,NA,NA,1484,NA,NA,NA,NA
"New Mexico",NA,"Past",2020-04-16,"actual_cumulative_deaths",NA,NA,NA,35,NA,NA,NA,NA
"New Mexico",NA,"Past",2020-04-16,"actual_daily_cases",NA,NA,NA,77,NA,NA,NA,NA
"New Mexico",NA,"Past",2020-04-16,"actual_daily_deaths",NA,NA,NA,0,NA,NA,NA,NA
"New Mexico","linear_increase_sd","Past",2020-04-16,"combined_trend",NA,NA,NA,0.357455339312402,NA,NA,NA,NA
"New Mexico","return_normal","Past",2020-04-16,"combined_trend",NA,NA,NA,0.357455339312402,NA,NA,NA,NA
"New Mexico","status_quo","Past",2020-04-16,"combined_trend",NA,NA,NA,0.357455339312402,NA,NA,NA,NA
"New Mexico","linear_increase_sd","Past",2020-04-16,"cumulative_all_infections",9136,9136,9136,10512,10870,11528,11528,11528
"New Mexico","return_normal","Past",2020-04-16,"cumulative_all_infections",9136,9136,9136,10512,10870,11528,11528,11528
"New Mexico","status_quo","Past",2020-04-16,"cumulative_all_infections",9136,9136,9136,10512,10870,11528,11528,11528
"New Mexico","linear_increase_sd","Past",2020-04-16,"cumulative_cases",1681,1681,1681,1901,1959,2063,2063,2063
"New Mexico","return_normal","Past",2020-04-16,"cumulative_cases",1681,1681,1681,1901,1959,2063,2063,2063
"New Mexico","status_quo","Past",2020-04-16,"cumulative_cases",1681,1681,1681,1901,1959,2063,2063,2063
"New Mexico","linear_increase_sd","Past",2020-04-16,"cumulative_deaths",59,59,59,66,66,72,72,72
"New Mexico","return_normal","Past",2020-04-16,"cumulative_deaths",59,59,59,66,66,72,72,72
"New Mexico","status_quo","Past",2020-04-16,"cumulative_deaths",59,59,59,66,66,72,72,72
"New Mexico","linear_increase_sd","Past",2020-04-16,"cumulative_hosps",170,170,170,188,192,202,202,202
"New Mexico","return_normal","Past",2020-04-16,"cumulative_hosps",170,170,170,188,192,202,202,202
"New Mexico","status_quo","Past",2020-04-16,"cumulative_hosps",170,170,170,188,192,202,202,202
"New Mexico","linear_increase_sd","Past",2020-04-16,"daily_all_infections",397,397,397,454,463,500,500,500
"New Mexico","return_normal","Past",2020-04-16,"daily_all_infections",397,397,397,454,463,500,500,500
"New Mexico","status_quo","Past",2020-04-16,"daily_all_infections",397,397,397,454,463,500,500,500
"New Mexico","linear_increase_sd","Past",2020-04-16,"daily_cases",99,99,99,116,120,128,128,128
"New Mexico","return_normal","Past",2020-04-16,"daily_cases",99,99,99,116,120,128,128,128
"New Mexico","status_quo","Past",2020-04-16,"daily_cases",99,99,99,116,120,128,128,128
"New Mexico","linear_increase_sd","Past",2020-04-16,"daily_deaths",5,5,5,5,5,5,5,5
"New Mexico","return_normal","Past",2020-04-16,"daily_deaths",5,5,5,5,5,5,5,5
"New Mexico","status_quo","Past",2020-04-16,"daily_deaths",5,5,5,5,5,5,5,5
"New Mexico","linear_increase_sd","Past",2020-04-16,"daily_hosps",12,12,12,13,12,14,14,14
"New Mexico","return_normal","Past",2020-04-16,"daily_hosps",12,12,12,13,12,14,14,14
"New Mexico","status_quo","Past",2020-04-16,"daily_hosps",12,12,12,13,12,14,14,14
"New Mexico","linear_increase_sd","Past",2020-04-16,"latent_trend",NA,NA,NA,0.578951008418845,NA,NA,NA,NA
"New Mexico","return_normal","Past",2020-04-16,"latent_trend",NA,NA,NA,0.578951008418845,NA,NA,NA,NA
"New Mexico","status_quo","Past",2020-04-16,"latent_trend",NA,NA,NA,0.578951008418845,NA,NA,NA,NA
"New Mexico","linear_increase_sd","Past",2020-04-16,"mobility_trend",NA,NA,NA,0.61741897693319,NA,NA,NA,NA
"New Mexico","return_normal","Past",2020-04-16,"mobility_trend",NA,NA,NA,0.61741897693319,NA,NA,NA,NA
"New Mexico","status_quo","Past",2020-04-16,"mobility_trend",NA,NA,NA,0.61741897693319,NA,NA,NA,NA
"New Mexico",NA,"Past",2020-04-17,"actual_cumulative_cases",NA,NA,NA,1597,NA,NA,NA,NA
"New Mexico",NA,"Past",2020-04-17,"actual_cumulative_deaths",NA,NA,NA,43,NA,NA,NA,NA
"New Mexico",NA,"Past",2020-04-17,"actual_daily_cases",NA,NA,NA,113,NA,NA,NA,NA
"New Mexico",NA,"Past",2020-04-17,"actual_daily_deaths",NA,NA,NA,8,NA,NA,NA,NA
"New Mexico","linear_increase_sd","Past",2020-04-17,"combined_trend",NA,NA,NA,0.363521922138753,NA,NA,NA,NA
"New Mexico","return_normal","Past",2020-04-17,"combined_trend",NA,NA,NA,0.363521922138753,NA,NA,NA,NA
"New Mexico","status_quo","Past",2020-04-17,"combined_trend",NA,NA,NA,0.363521922138753,NA,NA,NA,NA
"New Mexico","linear_increase_sd","Past",2020-04-17,"cumulative_all_infections",9545,9545,9545,10975,11385,11995,11995,11995
"New Mexico","return_normal","Past",2020-04-17,"cumulative_all_infections",9545,9545,9545,10975,11385,11995,11995,11995
"New Mexico","status_quo","Past",2020-04-17,"cumulative_all_infections",9545,9545,9545,10975,11385,11995,11995,11995
"New Mexico","linear_increase_sd","Past",2020-04-17,"cumulative_cases",1777,1777,1777,2021,2082,2203,2203,2203
"New Mexico","return_normal","Past",2020-04-17,"cumulative_cases",1777,1777,1777,2021,2082,2203,2203,2203
"New Mexico","status_quo","Past",2020-04-17,"cumulative_cases",1777,1777,1777,2021,2082,2203,2203,2203
"New Mexico","linear_increase_sd","Past",2020-04-17,"cumulative_deaths",63,63,63,71,71,77,77,77
"New Mexico","return_normal","Past",2020-04-17,"cumulative_deaths",63,63,63,71,71,77,77,77
"New Mexico","status_quo","Past",2020-04-17,"cumulative_deaths",63,63,63,71,71,77,77,77
"New Mexico","linear_increase_sd","Past",2020-04-17,"cumulative_hosps",181,181,181,202,205,218,218,218
"New Mexico","return_normal","Past",2020-04-17,"cumulative_hosps",181,181,181,202,205,218,218,218
"New Mexico","status_quo","Past",2020-04-17,"cumulative_hosps",181,181,181,202,205,218,218,218
"New Mexico","linear_increase_sd","Past",2020-04-17,"daily_all_infections",409,409,409,464,467,515,515,515
"New Mexico","return_normal","Past",2020-04-17,"daily_all_infections",409,409,409,464,467,515,515,515
"New Mexico","status_quo","Past",2020-04-17,"daily_all_infections",409,409,409,464,467,515,515,515
"New Mexico","linear_increase_sd","Past",2020-04-17,"daily_cases",96,96,96,120,123,140,140,140
"New Mexico","return_normal","Past",2020-04-17,"daily_cases",96,96,96,120,123,140,140,140
"New Mexico","status_quo","Past",2020-04-17,"daily_cases",96,96,96,120,123,140,140,140
"New Mexico","linear_increase_sd","Past",2020-04-17,"daily_deaths",4,4,4,5,5,5,5,5
"New Mexico","return_normal","Past",2020-04-17,"daily_deaths",4,4,4,5,5,5,5,5
"New Mexico","status_quo","Past",2020-04-17,"daily_deaths",4,4,4,5,5,5,5,5
"New Mexico","linear_increase_sd","Past",2020-04-17,"daily_hosps",11,11,11,14,13,16,16,16
"New Mexico","return_normal","Past",2020-04-17,"daily_hosps",11,11,11,14,13,16,16,16
"New Mexico","status_quo","Past",2020-04-17,"daily_hosps",11,11,11,14,13,16,16,16
"New Mexico","linear_increase_sd","Past",2020-04-17,"latent_trend",NA,NA,NA,0.588701742340026,NA,NA,NA,NA
"New Mexico","return_normal","Past",2020-04-17,"latent_trend",NA,NA,NA,0.588701742340026,NA,NA,NA,NA
"New Mexico","status_quo","Past",2020-04-17,"latent_trend",NA,NA,NA,0.588701742340026,NA,NA,NA,NA
"New Mexico","linear_increase_sd","Past",2020-04-17,"mobility_trend",NA,NA,NA,0.617497615505251,NA,NA,NA,NA
"New Mexico","return_normal","Past",2020-04-17,"mobility_trend",NA,NA,NA,0.617497615505251,NA,NA,NA,NA
"New Mexico","status_quo","Past",2020-04-17,"mobility_trend",NA,NA,NA,0.617497615505251,NA,NA,NA,NA
"New Mexico",NA,"Past",2020-04-18,"actual_cumulative_cases",NA,NA,NA,1711,NA,NA,NA,NA
"New Mexico",NA,"Past",2020-04-18,"actual_cumulative_deaths",NA,NA,NA,50,NA,NA,NA,NA
"New Mexico",NA,"Past",2020-04-18,"actual_daily_cases",NA,NA,NA,114,NA,NA,NA,NA
"New Mexico",NA,"Past",2020-04-18,"actual_daily_deaths",NA,NA,NA,7,NA,NA,NA,NA
"New Mexico","linear_increase_sd","Past",2020-04-18,"combined_trend",NA,NA,NA,0.369394844912,NA,NA,NA,NA
"New Mexico","return_normal","Past",2020-04-18,"combined_trend",NA,NA,NA,0.369394844912,NA,NA,NA,NA
"New Mexico","status_quo","Past",2020-04-18,"combined_trend",NA,NA,NA,0.369394844912,NA,NA,NA,NA
"New Mexico","linear_increase_sd","Past",2020-04-18,"cumulative_all_infections",9962,9962,9962,11452,11913,12481,12481,12481
"New Mexico","return_normal","Past",2020-04-18,"cumulative_all_infections",9962,9962,9962,11452,11913,12481,12481,12481
"New Mexico","status_quo","Past",2020-04-18,"cumulative_all_infections",9962,9962,9962,11452,11913,12481,12481,12481
"New Mexico","linear_increase_sd","Past",2020-04-18,"cumulative_cases",1873,1873,1873,2140,2215,2330,2330,2330
"New Mexico","return_normal","Past",2020-04-18,"cumulative_cases",1873,1873,1873,2140,2215,2330,2330,2330
"New Mexico","status_quo","Past",2020-04-18,"cumulative_cases",1873,1873,1873,2140,2215,2330,2330,2330
"New Mexico","linear_increase_sd","Past",2020-04-18,"cumulative_deaths",68,68,68,76,77,82,82,82
"New Mexico","return_normal","Past",2020-04-18,"cumulative_deaths",68,68,68,76,77,82,82,82
"New Mexico","status_quo","Past",2020-04-18,"cumulative_deaths",68,68,68,76,77,82,82,82
"New Mexico","linear_increase_sd","Past",2020-04-18,"cumulative_hosps",193,193,193,215,218,233,233,233
"New Mexico","return_normal","Past",2020-04-18,"cumulative_hosps",193,193,193,215,218,233,233,233
"New Mexico","status_quo","Past",2020-04-18,"cumulative_hosps",193,193,193,215,218,233,233,233
"New Mexico","linear_increase_sd","Past",2020-04-18,"daily_all_infections",417,417,417,477,486,528,528,528
"New Mexico","return_normal","Past",2020-04-18,"daily_all_infections",417,417,417,477,486,528,528,528
"New Mexico","status_quo","Past",2020-04-18,"daily_all_infections",417,417,417,477,486,528,528,528
"New Mexico","linear_increase_sd","Past",2020-04-18,"daily_cases",96,96,96,119,127,133,133,133
"New Mexico","return_normal","Past",2020-04-18,"daily_cases",96,96,96,119,127,133,133,133
"New Mexico","status_quo","Past",2020-04-18,"daily_cases",96,96,96,119,127,133,133,133
"New Mexico","linear_increase_sd","Past",2020-04-18,"daily_deaths",5,5,5,6,5,6,6,6
"New Mexico","return_normal","Past",2020-04-18,"daily_deaths",5,5,5,6,5,6,6,6
"New Mexico","status_quo","Past",2020-04-18,"daily_deaths",5,5,5,6,5,6,6,6
"New Mexico","linear_increase_sd","Past",2020-04-18,"daily_hosps",12,12,12,14,13,15,15,15
"New Mexico","return_normal","Past",2020-04-18,"daily_hosps",12,12,12,14,13,15,15,15
"New Mexico","status_quo","Past",2020-04-18,"daily_hosps",12,12,12,14,13,15,15,15
"New Mexico","linear_increase_sd","Past",2020-04-18,"latent_trend",NA,NA,NA,0.598187171419784,NA,NA,NA,NA
"New Mexico","return_normal","Past",2020-04-18,"latent_trend",NA,NA,NA,0.598187171419784,NA,NA,NA,NA
"New Mexico","status_quo","Past",2020-04-18,"latent_trend",NA,NA,NA,0.598187171419784,NA,NA,NA,NA
"New Mexico","linear_increase_sd","Past",2020-04-18,"mobility_trend",NA,NA,NA,0.617523849659379,NA,NA,NA,NA
"New Mexico","return_normal","Past",2020-04-18,"mobility_trend",NA,NA,NA,0.617523849659379,NA,NA,NA,NA
"New Mexico","status_quo","Past",2020-04-18,"mobility_trend",NA,NA,NA,0.617523849659379,NA,NA,NA,NA
"New Mexico",NA,"Past",2020-04-19,"actual_cumulative_cases",NA,NA,NA,1798,NA,NA,NA,NA
"New Mexico",NA,"Past",2020-04-19,"actual_cumulative_deaths",NA,NA,NA,52,NA,NA,NA,NA
"New Mexico",NA,"Past",2020-04-19,"actual_daily_cases",NA,NA,NA,87,NA,NA,NA,NA
"New Mexico",NA,"Past",2020-04-19,"actual_daily_deaths",NA,NA,NA,2,NA,NA,NA,NA
"New Mexico","linear_increase_sd","Past",2020-04-19,"combined_trend",NA,NA,NA,0.374928087246706,NA,NA,NA,NA
"New Mexico","return_normal","Past",2020-04-19,"combined_trend",NA,NA,NA,0.374928087246706,NA,NA,NA,NA
"New Mexico","status_quo","Past",2020-04-19,"combined_trend",NA,NA,NA,0.374928087246706,NA,NA,NA,NA
"New Mexico","linear_increase_sd","Past",2020-04-19,"cumulative_all_infections",10391,10391,10391,11941,12455,12975,12975,12975
"New Mexico","return_normal","Past",2020-04-19,"cumulative_all_infections",10391,10391,10391,11941,12455,12975,12975,12975
"New Mexico","status_quo","Past",2020-04-19,"cumulative_all_infections",10391,10391,10391,11941,12455,12975,12975,12975
"New Mexico","linear_increase_sd","Past",2020-04-19,"cumulative_cases",1975,1975,1975,2256,2342,2450,2450,2450
"New Mexico","return_normal","Past",2020-04-19,"cumulative_cases",1975,1975,1975,2256,2342,2450,2450,2450
"New Mexico","status_quo","Past",2020-04-19,"cumulative_cases",1975,1975,1975,2256,2342,2450,2450,2450
"New Mexico","linear_increase_sd","Past",2020-04-19,"cumulative_deaths",73,73,73,82,83,88,88,88
"New Mexico","return_normal","Past",2020-04-19,"cumulative_deaths",73,73,73,82,83,88,88,88
"New Mexico","status_quo","Past",2020-04-19,"cumulative_deaths",73,73,73,82,83,88,88,88
"New Mexico","linear_increase_sd","Past",2020-04-19,"cumulative_hosps",205,205,205,229,232,248,248,248
"New Mexico","return_normal","Past",2020-04-19,"cumulative_hosps",205,205,205,229,232,248,248,248
"New Mexico","status_quo","Past",2020-04-19,"cumulative_hosps",205,205,205,229,232,248,248,248
"New Mexico","linear_increase_sd","Past",2020-04-19,"daily_all_infections",429,429,429,489,494,542,542,542
"New Mexico","return_normal","Past",2020-04-19,"daily_all_infections",429,429,429,489,494,542,542,542
"New Mexico","status_quo","Past",2020-04-19,"daily_all_infections",429,429,429,489,494,542,542,542
"New Mexico","linear_increase_sd","Past",2020-04-19,"daily_cases",102,102,102,117,120,127,127,127
"New Mexico","return_normal","Past",2020-04-19,"daily_cases",102,102,102,117,120,127,127,127
"New Mexico","status_quo","Past",2020-04-19,"daily_cases",102,102,102,117,120,127,127,127
"New Mexico","linear_increase_sd","Past",2020-04-19,"daily_deaths",5,5,5,6,6,6,6,6
"New Mexico","return_normal","Past",2020-04-19,"daily_deaths",5,5,5,6,6,6,6,6
"New Mexico","status_quo","Past",2020-04-19,"daily_deaths",5,5,5,6,6,6,6,6
"New Mexico","linear_increase_sd","Past",2020-04-19,"daily_hosps",12,12,12,14,14,15,15,15
"New Mexico","return_normal","Past",2020-04-19,"daily_hosps",12,12,12,14,14,15,15,15
"New Mexico","status_quo","Past",2020-04-19,"daily_hosps",12,12,12,14,14,15,15,15
"New Mexico","linear_increase_sd","Past",2020-04-19,"latent_trend",NA,NA,NA,0.607086666322768,NA,NA,NA,NA
"New Mexico","return_normal","Past",2020-04-19,"latent_trend",NA,NA,NA,0.607086666322768,NA,NA,NA,NA
"New Mexico","status_quo","Past",2020-04-19,"latent_trend",NA,NA,NA,0.607086666322768,NA,NA,NA,NA
"New Mexico","linear_increase_sd","Past",2020-04-19,"mobility_trend",NA,NA,NA,0.61758577159619,NA,NA,NA,NA
"New Mexico","return_normal","Past",2020-04-19,"mobility_trend",NA,NA,NA,0.61758577159619,NA,NA,NA,NA
"New Mexico","status_quo","Past",2020-04-19,"mobility_trend",NA,NA,NA,0.61758577159619,NA,NA,NA,NA
"New Mexico",NA,"Past",2020-04-20,"actual_cumulative_cases",NA,NA,NA,1845,NA,NA,NA,NA
"New Mexico",NA,"Past",2020-04-20,"actual_cumulative_deaths",NA,NA,NA,54,NA,NA,NA,NA
"New Mexico",NA,"Past",2020-04-20,"actual_daily_cases",NA,NA,NA,47,NA,NA,NA,NA
"New Mexico",NA,"Past",2020-04-20,"actual_daily_deaths",NA,NA,NA,2,NA,NA,NA,NA
"New Mexico","linear_increase_sd","Past",2020-04-20,"combined_trend",NA,NA,NA,0.379968720332511,NA,NA,NA,NA
"New Mexico","return_normal","Past",2020-04-20,"combined_trend",NA,NA,NA,0.379968720332511,NA,NA,NA,NA
"New Mexico","status_quo","Past",2020-04-20,"combined_trend",NA,NA,NA,0.379968720332511,NA,NA,NA,NA
"New Mexico","linear_increase_sd","Past",2020-04-20,"cumulative_all_infections",10832,10832,10832,12440,13013,13474,13474,13474
"New Mexico","return_normal","Past",2020-04-20,"cumulative_all_infections",10832,10832,10832,12440,13013,13474,13474,13474
"New Mexico","status_quo","Past",2020-04-20,"cumulative_all_infections",10832,10832,10832,12440,13013,13474,13474,13474
"New Mexico","linear_increase_sd","Past",2020-04-20,"cumulative_cases",2079,2079,2079,2381,2478,2584,2584,2584
"New Mexico","return_normal","Past",2020-04-20,"cumulative_cases",2079,2079,2079,2381,2478,2584,2584,2584
"New Mexico","status_quo","Past",2020-04-20,"cumulative_cases",2079,2079,2079,2381,2478,2584,2584,2584
"New Mexico","linear_increase_sd","Past",2020-04-20,"cumulative_deaths",78,78,78,87,88,94,94,94
"New Mexico","return_normal","Past",2020-04-20,"cumulative_deaths",78,78,78,87,88,94,94,94
"New Mexico","status_quo","Past",2020-04-20,"cumulative_deaths",78,78,78,87,88,94,94,94
"New Mexico","linear_increase_sd","Past",2020-04-20,"cumulative_hosps",217,217,217,243,246,264,264,264
"New Mexico","return_normal","Past",2020-04-20,"cumulative_hosps",217,217,217,243,246,264,264,264
"New Mexico","status_quo","Past",2020-04-20,"cumulative_hosps",217,217,217,243,246,264,264,264
"New Mexico","linear_increase_sd","Past",2020-04-20,"daily_all_infections",441,441,441,500,499,558,558,558
"New Mexico","return_normal","Past",2020-04-20,"daily_all_infections",441,441,441,500,499,558,558,558
"New Mexico","status_quo","Past",2020-04-20,"daily_all_infections",441,441,441,500,499,558,558,558
"New Mexico","linear_increase_sd","Past",2020-04-20,"daily_cases",104,104,104,125,134,136,136,136
"New Mexico","return_normal","Past",2020-04-20,"daily_cases",104,104,104,125,134,136,136,136
"New Mexico","status_quo","Past",2020-04-20,"daily_cases",104,104,104,125,134,136,136,136
"New Mexico","linear_increase_sd","Past",2020-04-20,"daily_deaths",5,5,5,6,5,6,6,6
"New Mexico","return_normal","Past",2020-04-20,"daily_deaths",5,5,5,6,5,6,6,6
"New Mexico","status_quo","Past",2020-04-20,"daily_deaths",5,5,5,6,5,6,6,6
"New Mexico","linear_increase_sd","Past",2020-04-20,"daily_hosps",12,12,12,14,14,16,16,16
"New Mexico","return_normal","Past",2020-04-20,"daily_hosps",12,12,12,14,14,16,16,16
"New Mexico","status_quo","Past",2020-04-20,"daily_hosps",12,12,12,14,14,16,16,16
"New Mexico","linear_increase_sd","Past",2020-04-20,"latent_trend",NA,NA,NA,0.61509058831087,NA,NA,NA,NA
"New Mexico","return_normal","Past",2020-04-20,"latent_trend",NA,NA,NA,0.61509058831087,NA,NA,NA,NA
"New Mexico","status_quo","Past",2020-04-20,"latent_trend",NA,NA,NA,0.61509058831087,NA,NA,NA,NA
"New Mexico","linear_increase_sd","Past",2020-04-20,"mobility_trend",NA,NA,NA,0.617744325069193,NA,NA,NA,NA
"New Mexico","return_normal","Past",2020-04-20,"mobility_trend",NA,NA,NA,0.617744325069193,NA,NA,NA,NA
"New Mexico","status_quo","Past",2020-04-20,"mobility_trend",NA,NA,NA,0.617744325069193,NA,NA,NA,NA
"New Mexico",NA,"Past",2020-04-21,"actual_cumulative_cases",NA,NA,NA,1971,NA,NA,NA,NA
"New Mexico",NA,"Past",2020-04-21,"actual_cumulative_deaths",NA,NA,NA,57,NA,NA,NA,NA
"New Mexico",NA,"Past",2020-04-21,"actual_daily_cases",NA,NA,NA,126,NA,NA,NA,NA
"New Mexico",NA,"Past",2020-04-21,"actual_daily_deaths",NA,NA,NA,3,NA,NA,NA,NA
"New Mexico","linear_increase_sd","Past",2020-04-21,"combined_trend",NA,NA,NA,0.384309776009762,NA,NA,NA,NA
"New Mexico","return_normal","Past",2020-04-21,"combined_trend",NA,NA,NA,0.384309776009762,NA,NA,NA,NA
"New Mexico","status_quo","Past",2020-04-21,"combined_trend",NA,NA,NA,0.384309776009762,NA,NA,NA,NA
"New Mexico","linear_increase_sd","Past",2020-04-21,"cumulative_all_infections",11281,11281,11281,12953,13578,13999,13999,13999
"New Mexico","return_normal","Past",2020-04-21,"cumulative_all_infections",11281,11281,11281,12953,13578,13999,13999,13999
"New Mexico","status_quo","Past",2020-04-21,"cumulative_all_infections",11281,11281,11281,12953,13578,13999,13999,13999
"New Mexico","linear_increase_sd","Past",2020-04-21,"cumulative_cases",2185,2185,2185,2502,2611,2709,2709,2709
"New Mexico","return_normal","Past",2020-04-21,"cumulative_cases",2185,2185,2185,2502,2611,2709,2709,2709
"New Mexico","status_quo","Past",2020-04-21,"cumulative_cases",2185,2185,2185,2502,2611,2709,2709,2709
"New Mexico","linear_increase_sd","Past",2020-04-21,"cumulative_deaths",84,84,84,93,93,100,100,100
"New Mexico","return_normal","Past",2020-04-21,"cumulative_deaths",84,84,84,93,93,100,100,100
"New Mexico","status_quo","Past",2020-04-21,"cumulative_deaths",84,84,84,93,93,100,100,100
"New Mexico","linear_increase_sd","Past",2020-04-21,"cumulative_hosps",230,230,230,257,261,280,280,280
"New Mexico","return_normal","Past",2020-04-21,"cumulative_hosps",230,230,230,257,261,280,280,280
"New Mexico","status_quo","Past",2020-04-21,"cumulative_hosps",230,230,230,257,261,280,280,280
"New Mexico","linear_increase_sd","Past",2020-04-21,"daily_all_infections",449,449,449,513,525,565,565,565
"New Mexico","return_normal","Past",2020-04-21,"daily_all_infections",449,449,449,513,525,565,565,565
"New Mexico","status_quo","Past",2020-04-21,"daily_all_infections",449,449,449,513,525,565,565,565
"New Mexico","linear_increase_sd","Past",2020-04-21,"daily_cases",106,106,106,122,125,133,133,133
"New Mexico","return_normal","Past",2020-04-21,"daily_cases",106,106,106,122,125,133,133,133
"New Mexico","status_quo","Past",2020-04-21,"daily_cases",106,106,106,122,125,133,133,133
"New Mexico","linear_increase_sd","Past",2020-04-21,"daily_deaths",5,5,5,6,6,6,6,6
"New Mexico","return_normal","Past",2020-04-21,"daily_deaths",5,5,5,6,6,6,6,6
"New Mexico","status_quo","Past",2020-04-21,"daily_deaths",5,5,5,6,6,6,6,6
"New Mexico","linear_increase_sd","Past",2020-04-21,"daily_hosps",13,13,13,15,15,16,16,16
"New Mexico","return_normal","Past",2020-04-21,"daily_hosps",13,13,13,15,15,16,16,16
"New Mexico","status_quo","Past",2020-04-21,"daily_hosps",13,13,13,15,15,16,16,16
"New Mexico","linear_increase_sd","Past",2020-04-21,"latent_trend",NA,NA,NA,0.621899727837364,NA,NA,NA,NA
"New Mexico","return_normal","Past",2020-04-21,"latent_trend",NA,NA,NA,0.621899727837364,NA,NA,NA,NA
"New Mexico","status_quo","Past",2020-04-21,"latent_trend",NA,NA,NA,0.621899727837364,NA,NA,NA,NA
"New Mexico","linear_increase_sd","Past",2020-04-21,"mobility_trend",NA,NA,NA,0.617960997259456,NA,NA,NA,NA
"New Mexico","return_normal","Past",2020-04-21,"mobility_trend",NA,NA,NA,0.617960997259456,NA,NA,NA,NA
"New Mexico","status_quo","Past",2020-04-21,"mobility_trend",NA,NA,NA,0.617960997259456,NA,NA,NA,NA
"New Mexico",NA,"Past",2020-04-22,"actual_cumulative_cases",NA,NA,NA,2072,NA,NA,NA,NA
"New Mexico",NA,"Past",2020-04-22,"actual_cumulative_deaths",NA,NA,NA,64,NA,NA,NA,NA
"New Mexico",NA,"Past",2020-04-22,"actual_daily_cases",NA,NA,NA,101,NA,NA,NA,NA
"New Mexico",NA,"Past",2020-04-22,"actual_daily_deaths",NA,NA,NA,7,NA,NA,NA,NA
"New Mexico","linear_increase_sd","Past",2020-04-22,"combined_trend",NA,NA,NA,0.387780696320214,NA,NA,NA,NA
"New Mexico","return_normal","Past",2020-04-22,"combined_trend",NA,NA,NA,0.387780696320214,NA,NA,NA,NA
"New Mexico","status_quo","Past",2020-04-22,"combined_trend",NA,NA,NA,0.387780696320214,NA,NA,NA,NA
"New Mexico","linear_increase_sd","Past",2020-04-22,"cumulative_all_infections",11743,11743,11743,13478,14151,14538,14538,14538
"New Mexico","return_normal","Past",2020-04-22,"cumulative_all_infections",11743,11743,11743,13478,14151,14538,14538,14538
"New Mexico","status_quo","Past",2020-04-22,"cumulative_all_infections",11743,11743,11743,13478,14151,14538,14538,14538
"New Mexico","linear_increase_sd","Past",2020-04-22,"cumulative_cases",2302,2302,2302,2634,2753,2846,2846,2846
"New Mexico","return_normal","Past",2020-04-22,"cumulative_cases",2302,2302,2302,2634,2753,2846,2846,2846
"New Mexico","status_quo","Past",2020-04-22,"cumulative_cases",2302,2302,2302,2634,2753,2846,2846,2846
"New Mexico","linear_increase_sd","Past",2020-04-22,"cumulative_deaths",90,90,90,99,98,107,107,107
"New Mexico","return_normal","Past",2020-04-22,"cumulative_deaths",90,90,90,99,98,107,107,107
"New Mexico","status_quo","Past",2020-04-22,"cumulative_deaths",90,90,90,99,98,107,107,107
"New Mexico","linear_increase_sd","Past",2020-04-22,"cumulative_hosps",242,242,242,272,276,296,296,296
"New Mexico","return_normal","Past",2020-04-22,"cumulative_hosps",242,242,242,272,276,296,296,296
"New Mexico","status_quo","Past",2020-04-22,"cumulative_hosps",242,242,242,272,276,296,296,296
"New Mexico","linear_increase_sd","Past",2020-04-22,"daily_all_infections",462,462,462,525,539,573,573,573
"New Mexico","return_normal","Past",2020-04-22,"daily_all_infections",462,462,462,525,539,573,573,573
"New Mexico","status_quo","Past",2020-04-22,"daily_all_infections",462,462,462,525,539,573,573,573
"New Mexico","linear_increase_sd","Past",2020-04-22,"daily_cases",117,117,117,132,137,142,142,142
"New Mexico","return_normal","Past",2020-04-22,"daily_cases",117,117,117,132,137,142,142,142
"New Mexico","status_quo","Past",2020-04-22,"daily_cases",117,117,117,132,137,142,142,142
"New Mexico","linear_increase_sd","Past",2020-04-22,"daily_deaths",5,5,5,6,6,7,7,7
"New Mexico","return_normal","Past",2020-04-22,"daily_deaths",5,5,5,6,6,7,7,7
"New Mexico","status_quo","Past",2020-04-22,"daily_deaths",5,5,5,6,6,7,7,7
"New Mexico","linear_increase_sd","Past",2020-04-22,"daily_hosps",12,12,12,15,15,16,16,16
"New Mexico","return_normal","Past",2020-04-22,"daily_hosps",12,12,12,15,15,16,16,16
"New Mexico","status_quo","Past",2020-04-22,"daily_hosps",12,12,12,15,15,16,16,16
"New Mexico","linear_increase_sd","Past",2020-04-22,"latent_trend",NA,NA,NA,0.627222862919316,NA,NA,NA,NA
"New Mexico","return_normal","Past",2020-04-22,"latent_trend",NA,NA,NA,0.627222862919316,NA,NA,NA,NA
"New Mexico","status_quo","Past",2020-04-22,"latent_trend",NA,NA,NA,0.627222862919316,NA,NA,NA,NA
"New Mexico","linear_increase_sd","Past",2020-04-22,"mobility_trend",NA,NA,NA,0.618250257197809,NA,NA,NA,NA
"New Mexico","return_normal","Past",2020-04-22,"mobility_trend",NA,NA,NA,0.618250257197809,NA,NA,NA,NA
"New Mexico","status_quo","Past",2020-04-22,"mobility_trend",NA,NA,NA,0.618250257197809,NA,NA,NA,NA
"New Mexico",NA,"Past",2020-04-23,"actual_cumulative_cases",NA,NA,NA,2210,NA,NA,NA,NA
"New Mexico",NA,"Past",2020-04-23,"actual_cumulative_deaths",NA,NA,NA,70,NA,NA,NA,NA
"New Mexico",NA,"Past",2020-04-23,"actual_daily_cases",NA,NA,NA,138,NA,NA,NA,NA
"New Mexico",NA,"Past",2020-04-23,"actual_daily_deaths",NA,NA,NA,6,NA,NA,NA,NA
"New Mexico","linear_increase_sd","Past",2020-04-23,"combined_trend",NA,NA,NA,0.39040896115455,NA,NA,NA,NA
"New Mexico","return_normal","Past",2020-04-23,"combined_trend",NA,NA,NA,0.39040896115455,NA,NA,NA,NA
"New Mexico","status_quo","Past",2020-04-23,"combined_trend",NA,NA,NA,0.39040896115455,NA,NA,NA,NA
"New Mexico","linear_increase_sd","Past",2020-04-23,"cumulative_all_infections",12206,12206,12206,14016,14735,15106,15106,15106
"New Mexico","return_normal","Past",2020-04-23,"cumulative_all_infections",12206,12206,12206,14016,14735,15106,15106,15106
"New Mexico","status_quo","Past",2020-04-23,"cumulative_all_infections",12206,12206,12206,14016,14735,15106,15106,15106
"New Mexico","linear_increase_sd","Past",2020-04-23,"cumulative_cases",2433,2433,2433,2777,2906,2992,2992,2992
"New Mexico","return_normal","Past",2020-04-23,"cumulative_cases",2433,2433,2433,2777,2906,2992,2992,2992
"New Mexico","status_quo","Past",2020-04-23,"cumulative_cases",2433,2433,2433,2777,2906,2992,2992,2992
"New Mexico","linear_increase_sd","Past",2020-04-23,"cumulative_deaths",95,95,95,104,104,113,113,113
"New Mexico","return_normal","Past",2020-04-23,"cumulative_deaths",95,95,95,104,104,113,113,113
"New Mexico","status_quo","Past",2020-04-23,"cumulative_deaths",95,95,95,104,104,113,113,113
"New Mexico","linear_increase_sd","Past",2020-04-23,"cumulative_hosps",254,254,254,286,291,312,312,312
"New Mexico","return_normal","Past",2020-04-23,"cumulative_hosps",254,254,254,286,291,312,312,312
"New Mexico","status_quo","Past",2020-04-23,"cumulative_hosps",254,254,254,286,291,312,312,312
"New Mexico","linear_increase_sd","Past",2020-04-23,"daily_all_infections",463,463,463,539,568,584,584,584
"New Mexico","return_normal","Past",2020-04-23,"daily_all_infections",463,463,463,539,568,584,584,584
"New Mexico","status_quo","Past",2020-04-23,"daily_all_infections",463,463,463,539,568,584,584,584
"New Mexico","linear_increase_sd","Past",2020-04-23,"daily_cases",131,131,131,144,146,153,153,153
"New Mexico","return_normal","Past",2020-04-23,"daily_cases",131,131,131,144,146,153,153,153
"New Mexico","status_quo","Past",2020-04-23,"daily_cases",131,131,131,144,146,153,153,153
"New Mexico","linear_increase_sd","Past",2020-04-23,"daily_deaths",5,5,5,6,6,6,6,6
"New Mexico","return_normal","Past",2020-04-23,"daily_deaths",5,5,5,6,6,6,6,6
"New Mexico","status_quo","Past",2020-04-23,"daily_deaths",5,5,5,6,6,6,6,6
"New Mexico","linear_increase_sd","Past",2020-04-23,"daily_hosps",12,12,12,15,15,16,16,16
"New Mexico","return_normal","Past",2020-04-23,"daily_hosps",12,12,12,15,15,16,16,16
"New Mexico","status_quo","Past",2020-04-23,"daily_hosps",12,12,12,15,15,16,16,16
"New Mexico","linear_increase_sd","Past",2020-04-23,"latent_trend",NA,NA,NA,0.630772367698429,NA,NA,NA,NA
"New Mexico","return_normal","Past",2020-04-23,"latent_trend",NA,NA,NA,0.630772367698429,NA,NA,NA,NA
"New Mexico","status_quo","Past",2020-04-23,"latent_trend",NA,NA,NA,0.630772367698429,NA,NA,NA,NA
"New Mexico","linear_increase_sd","Past",2020-04-23,"mobility_trend",NA,NA,NA,0.618937957886583,NA,NA,NA,NA
"New Mexico","return_normal","Past",2020-04-23,"mobility_trend",NA,NA,NA,0.618937957886583,NA,NA,NA,NA
"New Mexico","status_quo","Past",2020-04-23,"mobility_trend",NA,NA,NA,0.618937957886583,NA,NA,NA,NA
"New Mexico",NA,"Past",2020-04-24,"actual_cumulative_cases",NA,NA,NA,2379,NA,NA,NA,NA
"New Mexico",NA,"Past",2020-04-24,"actual_cumulative_deaths",NA,NA,NA,77,NA,NA,NA,NA
"New Mexico",NA,"Past",2020-04-24,"actual_daily_cases",NA,NA,NA,169,NA,NA,NA,NA
"New Mexico",NA,"Past",2020-04-24,"actual_daily_deaths",NA,NA,NA,7,NA,NA,NA,NA
"New Mexico","linear_increase_sd","Past",2020-04-24,"combined_trend",NA,NA,NA,0.392255357797114,NA,NA,NA,NA
"New Mexico","return_normal","Past",2020-04-24,"combined_trend",NA,NA,NA,0.392255357797114,NA,NA,NA,NA
"New Mexico","status_quo","Past",2020-04-24,"combined_trend",NA,NA,NA,0.392255357797114,NA,NA,NA,NA
"New Mexico","linear_increase_sd","Past",2020-04-24,"cumulative_all_infections",12685,12685,12685,14567,15333,15681,15681,15681
"New Mexico","return_normal","Past",2020-04-24,"cumulative_all_infections",12685,12685,12685,14567,15333,15681,15681,15681
"New Mexico","status_quo","Past",2020-04-24,"cumulative_all_infections",12685,12685,12685,14567,15333,15681,15681,15681
"New Mexico","linear_increase_sd","Past",2020-04-24,"cumulative_cases",2557,2557,2557,2913,3041,3141,3141,3141
"New Mexico","return_normal","Past",2020-04-24,"cumulative_cases",2557,2557,2557,2913,3041,3141,3141,3141
"New Mexico","status_quo","Past",2020-04-24,"cumulative_cases",2557,2557,2557,2913,3041,3141,3141,3141
"New Mexico","linear_increase_sd","Past",2020-04-24,"cumulative_deaths",100,100,100,110,110,119,119,119
"New Mexico","return_normal","Past",2020-04-24,"cumulative_deaths",100,100,100,110,110,119,119,119
"New Mexico","status_quo","Past",2020-04-24,"cumulative_deaths",100,100,100,110,110,119,119,119
"New Mexico","linear_increase_sd","Past",2020-04-24,"cumulative_hosps",266,266,266,300,306,327,327,327
"New Mexico","return_normal","Past",2020-04-24,"cumulative_hosps",266,266,266,300,306,327,327,327
"New Mexico","status_quo","Past",2020-04-24,"cumulative_hosps",266,266,266,300,306,327,327,327
"New Mexico","linear_increase_sd","Past",2020-04-24,"daily_all_infections",479,479,479,551,575,598,598,598
"New Mexico","return_normal","Past",2020-04-24,"daily_all_infections",479,479,479,551,575,598,598,598
"New Mexico","status_quo","Past",2020-04-24,"daily_all_infections",479,479,479,551,575,598,598,598
"New Mexico","linear_increase_sd","Past",2020-04-24,"daily_cases",124,124,124,136,135,149,149,149
"New Mexico","return_normal","Past",2020-04-24,"daily_cases",124,124,124,136,135,149,149,149
"New Mexico","status_quo","Past",2020-04-24,"daily_cases",124,124,124,136,135,149,149,149
"New Mexico","linear_increase_sd","Past",2020-04-24,"daily_deaths",5,5,5,6,6,6,6,6
"New Mexico","return_normal","Past",2020-04-24,"daily_deaths",5,5,5,6,6,6,6,6
"New Mexico","status_quo","Past",2020-04-24,"daily_deaths",5,5,5,6,6,6,6,6
"New Mexico","linear_increase_sd","Past",2020-04-24,"daily_hosps",12,12,12,14,15,15,15,15
"New Mexico","return_normal","Past",2020-04-24,"daily_hosps",12,12,12,14,15,15,15,15
"New Mexico","status_quo","Past",2020-04-24,"daily_hosps",12,12,12,14,15,15,15,15
"New Mexico","linear_increase_sd","Past",2020-04-24,"latent_trend",NA,NA,NA,0.632258023337453,NA,NA,NA,NA
"New Mexico","return_normal","Past",2020-04-24,"latent_trend",NA,NA,NA,0.632258023337453,NA,NA,NA,NA
"New Mexico","status_quo","Past",2020-04-24,"latent_trend",NA,NA,NA,0.632258023337453,NA,NA,NA,NA
"New Mexico","linear_increase_sd","Past",2020-04-24,"mobility_trend",NA,NA,NA,0.620403922636751,NA,NA,NA,NA
"New Mexico","return_normal","Past",2020-04-24,"mobility_trend",NA,NA,NA,0.620403922636751,NA,NA,NA,NA
"New Mexico","status_quo","Past",2020-04-24,"mobility_trend",NA,NA,NA,0.620403922636751,NA,NA,NA,NA
"New Mexico",NA,"Past",2020-04-25,"actual_cumulative_cases",NA,NA,NA,2521,NA,NA,NA,NA
"New Mexico",NA,"Past",2020-04-25,"actual_cumulative_deaths",NA,NA,NA,83,NA,NA,NA,NA
"New Mexico",NA,"Past",2020-04-25,"actual_daily_cases",NA,NA,NA,142,NA,NA,NA,NA
"New Mexico",NA,"Past",2020-04-25,"actual_daily_deaths",NA,NA,NA,6,NA,NA,NA,NA
"New Mexico","linear_increase_sd","Past",2020-04-25,"combined_trend",NA,NA,NA,0.393306746854432,NA,NA,NA,NA
"New Mexico","return_normal","Past",2020-04-25,"combined_trend",NA,NA,NA,0.393306746854432,NA,NA,NA,NA
"New Mexico","status_quo","Past",2020-04-25,"combined_trend",NA,NA,NA,0.393306746854432,NA,NA,NA,NA
"New Mexico","linear_increase_sd","Past",2020-04-25,"cumulative_all_infections",13173,13173,13173,15129,15940,16273,16273,16273
"New Mexico","return_normal","Past",2020-04-25,"cumulative_all_infections",13173,13173,13173,15129,15940,16273,16273,16273
"New Mexico","status_quo","Past",2020-04-25,"cumulative_all_infections",13173,13173,13173,15129,15940,16273,16273,16273
"New Mexico","linear_increase_sd","Past",2020-04-25,"cumulative_cases",2683,2683,2683,3048,3185,3274,3274,3274
"New Mexico","return_normal","Past",2020-04-25,"cumulative_cases",2683,2683,2683,3048,3185,3274,3274,3274
"New Mexico","status_quo","Past",2020-04-25,"cumulative_cases",2683,2683,2683,3048,3185,3274,3274,3274
"New Mexico","linear_increase_sd","Past",2020-04-25,"cumulative_deaths",105,105,105,116,117,126,126,126
"New Mexico","return_normal","Past",2020-04-25,"cumulative_deaths",105,105,105,116,117,126,126,126
"New Mexico","status_quo","Past",2020-04-25,"cumulative_deaths",105,105,105,116,117,126,126,126
"New Mexico","linear_increase_sd","Past",2020-04-25,"cumulative_hosps",279,279,279,315,322,343,343,343
"New Mexico","return_normal","Past",2020-04-25,"cumulative_hosps",279,279,279,315,322,343,343,343
"New Mexico","status_quo","Past",2020-04-25,"cumulative_hosps",279,279,279,315,322,343,343,343
"New Mexico","linear_increase_sd","Past",2020-04-25,"daily_all_infections",488,488,488,563,592,607,607,607
"New Mexico","return_normal","Past",2020-04-25,"daily_all_infections",488,488,488,563,592,607,607,607
"New Mexico","status_quo","Past",2020-04-25,"daily_all_infections",488,488,488,563,592,607,607,607
"New Mexico","linear_increase_sd","Past",2020-04-25,"daily_cases",126,126,126,135,133,144,144,144
"New Mexico","return_normal","Past",2020-04-25,"daily_cases",126,126,126,135,133,144,144,144
"New Mexico","status_quo","Past",2020-04-25,"daily_cases",126,126,126,135,133,144,144,144
"New Mexico","linear_increase_sd","Past",2020-04-25,"daily_deaths",5,5,5,7,7,7,7,7
"New Mexico","return_normal","Past",2020-04-25,"daily_deaths",5,5,5,7,7,7,7,7
"New Mexico","status_quo","Past",2020-04-25,"daily_deaths",5,5,5,7,7,7,7,7
"New Mexico","linear_increase_sd","Past",2020-04-25,"daily_hosps",13,13,13,15,16,16,16,16
"New Mexico","return_normal","Past",2020-04-25,"daily_hosps",13,13,13,15,16,16,16,16
"New Mexico","status_quo","Past",2020-04-25,"daily_hosps",13,13,13,15,16,16,16,16
"New Mexico","linear_increase_sd","Past",2020-04-25,"latent_trend",NA,NA,NA,0.631379426372731,NA,NA,NA,NA
"New Mexico","return_normal","Past",2020-04-25,"latent_trend",NA,NA,NA,0.631379426372731,NA,NA,NA,NA
"New Mexico","status_quo","Past",2020-04-25,"latent_trend",NA,NA,NA,0.631379426372731,NA,NA,NA,NA
"New Mexico","linear_increase_sd","Past",2020-04-25,"mobility_trend",NA,NA,NA,0.622932472022371,NA,NA,NA,NA
"New Mexico","return_normal","Past",2020-04-25,"mobility_trend",NA,NA,NA,0.622932472022371,NA,NA,NA,NA
"New Mexico","status_quo","Past",2020-04-25,"mobility_trend",NA,NA,NA,0.622932472022371,NA,NA,NA,NA
"New Mexico",NA,"Past",2020-04-26,"actual_cumulative_cases",NA,NA,NA,2660,NA,NA,NA,NA
"New Mexico",NA,"Past",2020-04-26,"actual_cumulative_deaths",NA,NA,NA,92,NA,NA,NA,NA
"New Mexico",NA,"Past",2020-04-26,"actual_daily_cases",NA,NA,NA,139,NA,NA,NA,NA
"New Mexico",NA,"Past",2020-04-26,"actual_daily_deaths",NA,NA,NA,9,NA,NA,NA,NA
"New Mexico","linear_increase_sd","Past",2020-04-26,"combined_trend",NA,NA,NA,0.393443060937578,NA,NA,NA,NA
"New Mexico","return_normal","Past",2020-04-26,"combined_trend",NA,NA,NA,0.393443060937578,NA,NA,NA,NA
"New Mexico","status_quo","Past",2020-04-26,"combined_trend",NA,NA,NA,0.393443060937578,NA,NA,NA,NA
"New Mexico","linear_increase_sd","Past",2020-04-26,"cumulative_all_infections",13667,13667,13667,15700,16547,16886,16886,16886
"New Mexico","return_normal","Past",2020-04-26,"cumulative_all_infections",13667,13667,13667,15700,16547,16886,16886,16886
"New Mexico","status_quo","Past",2020-04-26,"cumulative_all_infections",13667,13667,13667,15700,16547,16886,16886,16886
"New Mexico","linear_increase_sd","Past",2020-04-26,"cumulative_cases",2799,2799,2799,3194,3354,3427,3427,3427
"New Mexico","return_normal","Past",2020-04-26,"cumulative_cases",2799,2799,2799,3194,3354,3427,3427,3427
"New Mexico","status_quo","Past",2020-04-26,"cumulative_cases",2799,2799,2799,3194,3354,3427,3427,3427
"New Mexico","linear_increase_sd","Past",2020-04-26,"cumulative_deaths",110,110,110,122,124,132,132,132
"New Mexico","return_normal","Past",2020-04-26,"cumulative_deaths",110,110,110,122,124,132,132,132
"New Mexico","status_quo","Past",2020-04-26,"cumulative_deaths",110,110,110,122,124,132,132,132
"New Mexico","linear_increase_sd","Past",2020-04-26,"cumulative_hosps",293,293,293,331,339,359,359,359
"New Mexico","return_normal","Past",2020-04-26,"cumulative_hosps",293,293,293,331,339,359,359,359
"New Mexico","status_quo","Past",2020-04-26,"cumulative_hosps",293,293,293,331,339,359,359,359
"New Mexico","linear_increase_sd","Past",2020-04-26,"daily_all_infections",494,494,494,572,607,613,613,613
"New Mexico","return_normal","Past",2020-04-26,"daily_all_infections",494,494,494,572,607,613,613,613
"New Mexico","status_quo","Past",2020-04-26,"daily_all_infections",494,494,494,572,607,613,613,613
"New Mexico","linear_increase_sd","Past",2020-04-26,"daily_cases",116,116,116,146,153,169,169,169
"New Mexico","return_normal","Past",2020-04-26,"daily_cases",116,116,116,146,153,169,169,169
"New Mexico","status_quo","Past",2020-04-26,"daily_cases",116,116,116,146,153,169,169,169
"New Mexico","linear_increase_sd","Past",2020-04-26,"daily_deaths",5,5,5,6,6,7,7,7
"New Mexico","return_normal","Past",2020-04-26,"daily_deaths",5,5,5,6,6,7,7,7
"New Mexico","status_quo","Past",2020-04-26,"daily_deaths",5,5,5,6,6,7,7,7
"New Mexico","linear_increase_sd","Past",2020-04-26,"daily_hosps",14,14,14,16,16,17,17,17
"New Mexico","return_normal","Past",2020-04-26,"daily_hosps",14,14,14,16,16,17,17,17
"New Mexico","status_quo","Past",2020-04-26,"daily_hosps",14,14,14,16,16,17,17,17
"New Mexico","linear_increase_sd","Past",2020-04-26,"latent_trend",NA,NA,NA,0.627817683856796,NA,NA,NA,NA
"New Mexico","return_normal","Past",2020-04-26,"latent_trend",NA,NA,NA,0.627817683856796,NA,NA,NA,NA
"New Mexico","status_quo","Past",2020-04-26,"latent_trend",NA,NA,NA,0.627817683856796,NA,NA,NA,NA
"New Mexico","linear_increase_sd","Past",2020-04-26,"mobility_trend",NA,NA,NA,0.626683623373887,NA,NA,NA,NA
"New Mexico","return_normal","Past",2020-04-26,"mobility_trend",NA,NA,NA,0.626683623373887,NA,NA,NA,NA
"New Mexico","status_quo","Past",2020-04-26,"mobility_trend",NA,NA,NA,0.626683623373887,NA,NA,NA,NA
"New Mexico",NA,"Past",2020-04-27,"actual_cumulative_cases",NA,NA,NA,2726,NA,NA,NA,NA
"New Mexico",NA,"Past",2020-04-27,"actual_cumulative_deaths",NA,NA,NA,98,NA,NA,NA,NA
"New Mexico",NA,"Past",2020-04-27,"actual_daily_cases",NA,NA,NA,66,NA,NA,NA,NA
"New Mexico",NA,"Past",2020-04-27,"actual_daily_deaths",NA,NA,NA,6,NA,NA,NA,NA
"New Mexico","linear_increase_sd","Past",2020-04-27,"combined_trend",NA,NA,NA,0.392252780819455,NA,NA,NA,NA
"New Mexico","return_normal","Past",2020-04-27,"combined_trend",NA,NA,NA,0.392252780819455,NA,NA,NA,NA
"New Mexico","status_quo","Past",2020-04-27,"combined_trend",NA,NA,NA,0.392252780819455,NA,NA,NA,NA
"New Mexico","linear_increase_sd","Past",2020-04-27,"cumulative_all_infections",14170,14170,14170,16282,17160,17514,17514,17514
"New Mexico","return_normal","Past",2020-04-27,"cumulative_all_infections",14170,14170,14170,16282,17160,17514,17514,17514
"New Mexico","status_quo","Past",2020-04-27,"cumulative_all_infections",14170,14170,14170,16282,17160,17514,17514,17514
"New Mexico","linear_increase_sd","Past",2020-04-27,"cumulative_cases",2930,2930,2930,3337,3508,3572,3572,3572
"New Mexico","return_normal","Past",2020-04-27,"cumulative_cases",2930,2930,2930,3337,3508,3572,3572,3572
"New Mexico","status_quo","Past",2020-04-27,"cumulative_cases",2930,2930,2930,3337,3508,3572,3572,3572
"New Mexico","linear_increase_sd","Past",2020-04-27,"cumulative_deaths",116,116,116,129,131,138,138,138
"New Mexico","return_normal","Past",2020-04-27,"cumulative_deaths",116,116,116,129,131,138,138,138
"New Mexico","status_quo","Past",2020-04-27,"cumulative_deaths",116,116,116,129,131,138,138,138
"New Mexico","linear_increase_sd","Past",2020-04-27,"cumulative_hosps",307,307,307,346,356,375,375,375
"New Mexico","return_normal","Past",2020-04-27,"cumulative_hosps",307,307,307,346,356,375,375,375
"New Mexico","status_quo","Past",2020-04-27,"cumulative_hosps",307,307,307,346,356,375,375,375
"New Mexico","linear_increase_sd","Past",2020-04-27,"daily_all_infections",503,503,503,582,613,628,628,628
"New Mexico","return_normal","Past",2020-04-27,"daily_all_infections",503,503,503,582,613,628,628,628
"New Mexico","status_quo","Past",2020-04-27,"daily_all_infections",503,503,503,582,613,628,628,628
"New Mexico","linear_increase_sd","Past",2020-04-27,"daily_cases",131,131,131,144,145,154,154,154
"New Mexico","return_normal","Past",2020-04-27,"daily_cases",131,131,131,144,145,154,154,154
"New Mexico","status_quo","Past",2020-04-27,"daily_cases",131,131,131,144,145,154,154,154
"New Mexico","linear_increase_sd","Past",2020-04-27,"daily_deaths",6,6,6,7,6,7,7,7
"New Mexico","return_normal","Past",2020-04-27,"daily_deaths",6,6,6,7,6,7,7,7
"New Mexico","status_quo","Past",2020-04-27,"daily_deaths",6,6,6,7,6,7,7,7
"New Mexico","linear_increase_sd","Past",2020-04-27,"daily_hosps",14,14,14,16,16,17,17,17
"New Mexico","return_normal","Past",2020-04-27,"daily_hosps",14,14,14,16,16,17,17,17
"New Mexico","status_quo","Past",2020-04-27,"daily_hosps",14,14,14,16,16,17,17,17
"New Mexico","linear_increase_sd","Past",2020-04-27,"latent_trend",NA,NA,NA,0.621227490689822,NA,NA,NA,NA
"New Mexico","return_normal","Past",2020-04-27,"latent_trend",NA,NA,NA,0.621227490689822,NA,NA,NA,NA
"New Mexico","status_quo","Past",2020-04-27,"latent_trend",NA,NA,NA,0.621227490689822,NA,NA,NA,NA
"New Mexico","linear_increase_sd","Past",2020-04-27,"mobility_trend",NA,NA,NA,0.631415683784197,NA,NA,NA,NA
"New Mexico","return_normal","Past",2020-04-27,"mobility_trend",NA,NA,NA,0.631415683784197,NA,NA,NA,NA
"New Mexico","status_quo","Past",2020-04-27,"mobility_trend",NA,NA,NA,0.631415683784197,NA,NA,NA,NA
"New Mexico",NA,"Past",2020-04-28,"actual_cumulative_cases",NA,NA,NA,2823,NA,NA,NA,NA
"New Mexico",NA,"Past",2020-04-28,"actual_cumulative_deaths",NA,NA,NA,103,NA,NA,NA,NA
"New Mexico",NA,"Past",2020-04-28,"actual_daily_cases",NA,NA,NA,97,NA,NA,NA,NA
"New Mexico",NA,"Past",2020-04-28,"actual_daily_deaths",NA,NA,NA,5,NA,NA,NA,NA
"New Mexico","linear_increase_sd","Past",2020-04-28,"combined_trend",NA,NA,NA,0.389236512742745,NA,NA,NA,NA
"New Mexico","return_normal","Past",2020-04-28,"combined_trend",NA,NA,NA,0.389236512742745,NA,NA,NA,NA
"New Mexico","status_quo","Past",2020-04-28,"combined_trend",NA,NA,NA,0.389236512742745,NA,NA,NA,NA
"New Mexico","linear_increase_sd","Past",2020-04-28,"cumulative_all_infections",14674,14674,14674,16869,17776,18157,18157,18157
"New Mexico","return_normal","Past",2020-04-28,"cumulative_all_infections",14674,14674,14674,16869,17776,18157,18157,18157
"New Mexico","status_quo","Past",2020-04-28,"cumulative_all_infections",14674,14674,14674,16869,17776,18157,18157,18157
"New Mexico","linear_increase_sd","Past",2020-04-28,"cumulative_cases",3061,3061,3061,3490,3663,3745,3745,3745
"New Mexico","return_normal","Past",2020-04-28,"cumulative_cases",3061,3061,3061,3490,3663,3745,3745,3745
"New Mexico","status_quo","Past",2020-04-28,"cumulative_cases",3061,3061,3061,3490,3663,3745,3745,3745
"New Mexico","linear_increase_sd","Past",2020-04-28,"cumulative_deaths",121,121,121,135,137,145,145,145
"New Mexico","return_normal","Past",2020-04-28,"cumulative_deaths",121,121,121,135,137,145,145,145
"New Mexico","status_quo","Past",2020-04-28,"cumulative_deaths",121,121,121,135,137,145,145,145
"New Mexico","linear_increase_sd","Past",2020-04-28,"cumulative_hosps",321,321,321,363,374,392,392,392
"New Mexico","return_normal","Past",2020-04-28,"cumulative_hosps",321,321,321,363,374,392,392,392
"New Mexico","status_quo","Past",2020-04-28,"cumulative_hosps",321,321,321,363,374,392,392,392
"New Mexico","linear_increase_sd","Past",2020-04-28,"daily_all_infections",504,504,504,588,616,643,643,643
"New Mexico","return_normal","Past",2020-04-28,"daily_all_infections",504,504,504,588,616,643,643,643
"New Mexico","status_quo","Past",2020-04-28,"daily_all_infections",504,504,504,588,616,643,643,643
"New Mexico","linear_increase_sd","Past",2020-04-28,"daily_cases",131,131,131,153,155,173,173,173
"New Mexico","return_normal","Past",2020-04-28,"daily_cases",131,131,131,153,155,173,173,173
"New Mexico","status_quo","Past",2020-04-28,"daily_cases",131,131,131,153,155,173,173,173
"New Mexico","linear_increase_sd","Past",2020-04-28,"daily_deaths",5,5,5,6,6,7,7,7
"New Mexico","return_normal","Past",2020-04-28,"daily_deaths",5,5,5,6,6,7,7,7
"New Mexico","status_quo","Past",2020-04-28,"daily_deaths",5,5,5,6,6,7,7,7
"New Mexico","linear_increase_sd","Past",2020-04-28,"daily_hosps",14,14,14,17,17,18,18,18
"New Mexico","return_normal","Past",2020-04-28,"daily_hosps",14,14,14,17,17,18,18,18
"New Mexico","status_quo","Past",2020-04-28,"daily_hosps",14,14,14,17,17,18,18,18
"New Mexico","linear_increase_sd","Past",2020-04-28,"latent_trend",NA,NA,NA,0.611231291634543,NA,NA,NA,NA
"New Mexico","return_normal","Past",2020-04-28,"latent_trend",NA,NA,NA,0.611231291634543,NA,NA,NA,NA
"New Mexico","status_quo","Past",2020-04-28,"latent_trend",NA,NA,NA,0.611231291634543,NA,NA,NA,NA
"New Mexico","linear_increase_sd","Past",2020-04-28,"mobility_trend",NA,NA,NA,0.636807241497496,NA,NA,NA,NA
"New Mexico","return_normal","Past",2020-04-28,"mobility_trend",NA,NA,NA,0.636807241497496,NA,NA,NA,NA
"New Mexico","status_quo","Past",2020-04-28,"mobility_trend",NA,NA,NA,0.636807241497496,NA,NA,NA,NA
"New Mexico",NA,"Past",2020-04-29,"actual_cumulative_cases",NA,NA,NA,2974,NA,NA,NA,NA
"New Mexico",NA,"Past",2020-04-29,"actual_cumulative_deaths",NA,NA,NA,109,NA,NA,NA,NA
"New Mexico",NA,"Past",2020-04-29,"actual_daily_cases",NA,NA,NA,151,NA,NA,NA,NA
"New Mexico",NA,"Past",2020-04-29,"actual_daily_deaths",NA,NA,NA,6,NA,NA,NA,NA
"New Mexico","linear_increase_sd","Past",2020-04-29,"combined_trend",NA,NA,NA,0.383939903886013,NA,NA,NA,NA
"New Mexico","return_normal","Past",2020-04-29,"combined_trend",NA,NA,NA,0.383939903886013,NA,NA,NA,NA
"New Mexico","status_quo","Past",2020-04-29,"combined_trend",NA,NA,NA,0.383939903886013,NA,NA,NA,NA
"New Mexico","linear_increase_sd","Past",2020-04-29,"cumulative_all_infections",15184,15184,15184,17460,18389,18805,18805,18805
"New Mexico","return_normal","Past",2020-04-29,"cumulative_all_infections",15184,15184,15184,17460,18389,18805,18805,18805
"New Mexico","status_quo","Past",2020-04-29,"cumulative_all_infections",15184,15184,15184,17460,18389,18805,18805,18805
"New Mexico","linear_increase_sd","Past",2020-04-29,"cumulative_cases",3196,3196,3196,3644,3831,3903,3903,3903
"New Mexico","return_normal","Past",2020-04-29,"cumulative_cases",3196,3196,3196,3644,3831,3903,3903,3903
"New Mexico","status_quo","Past",2020-04-29,"cumulative_cases",3196,3196,3196,3644,3831,3903,3903,3903
"New Mexico","linear_increase_sd","Past",2020-04-29,"cumulative_deaths",127,127,127,142,144,153,153,153
"New Mexico","return_normal","Past",2020-04-29,"cumulative_deaths",127,127,127,142,144,153,153,153
"New Mexico","status_quo","Past",2020-04-29,"cumulative_deaths",127,127,127,142,144,153,153,153
"New Mexico","linear_increase_sd","Past",2020-04-29,"cumulative_hosps",336,336,336,379,392,409,409,409
"New Mexico","return_normal","Past",2020-04-29,"cumulative_hosps",336,336,336,379,392,409,409,409
"New Mexico","status_quo","Past",2020-04-29,"cumulative_hosps",336,336,336,379,392,409,409,409
"New Mexico","linear_increase_sd","Past",2020-04-29,"daily_all_infections",510,510,510,591,613,648,648,648
"New Mexico","return_normal","Past",2020-04-29,"daily_all_infections",510,510,510,591,613,648,648,648
"New Mexico","status_quo","Past",2020-04-29,"daily_all_infections",510,510,510,591,613,648,648,648
"New Mexico","linear_increase_sd","Past",2020-04-29,"daily_cases",135,135,135,154,158,168,168,168
"New Mexico","return_normal","Past",2020-04-29,"daily_cases",135,135,135,154,158,168,168,168
"New Mexico","status_quo","Past",2020-04-29,"daily_cases",135,135,135,154,158,168,168,168
"New Mexico","linear_increase_sd","Past",2020-04-29,"daily_deaths",6,6,6,7,7,8,8,8
"New Mexico","return_normal","Past",2020-04-29,"daily_deaths",6,6,6,7,7,8,8,8
"New Mexico","status_quo","Past",2020-04-29,"daily_deaths",6,6,6,7,7,8,8,8
"New Mexico","linear_increase_sd","Past",2020-04-29,"daily_hosps",15,15,15,17,17,18,18,18
"New Mexico","return_normal","Past",2020-04-29,"daily_hosps",15,15,15,17,17,18,18,18
"New Mexico","status_quo","Past",2020-04-29,"daily_hosps",15,15,15,17,17,18,18,18
"New Mexico","linear_increase_sd","Past",2020-04-29,"latent_trend",NA,NA,NA,0.597460507630513,NA,NA,NA,NA
"New Mexico","return_normal","Past",2020-04-29,"latent_trend",NA,NA,NA,0.597460507630513,NA,NA,NA,NA
"New Mexico","status_quo","Past",2020-04-29,"latent_trend",NA,NA,NA,0.597460507630513,NA,NA,NA,NA
"New Mexico","linear_increase_sd","Past",2020-04-29,"mobility_trend",NA,NA,NA,0.642619719600701,NA,NA,NA,NA
"New Mexico","return_normal","Past",2020-04-29,"mobility_trend",NA,NA,NA,0.642619719600701,NA,NA,NA,NA
"New Mexico","status_quo","Past",2020-04-29,"mobility_trend",NA,NA,NA,0.642619719600701,NA,NA,NA,NA
"New Mexico",NA,"Past",2020-04-30,"actual_cumulative_cases",NA,NA,NA,3213,NA,NA,NA,NA
"New Mexico",NA,"Past",2020-04-30,"actual_cumulative_deaths",NA,NA,NA,111,NA,NA,NA,NA
"New Mexico",NA,"Past",2020-04-30,"actual_daily_cases",NA,NA,NA,239,NA,NA,NA,NA
"New Mexico",NA,"Past",2020-04-30,"actual_daily_deaths",NA,NA,NA,2,NA,NA,NA,NA
"New Mexico","linear_increase_sd","Past",2020-04-30,"combined_trend",NA,NA,NA,0.376330386863496,NA,NA,NA,NA
"New Mexico","return_normal","Past",2020-04-30,"combined_trend",NA,NA,NA,0.376330386863496,NA,NA,NA,NA
"New Mexico","status_quo","Past",2020-04-30,"combined_trend",NA,NA,NA,0.376330386863496,NA,NA,NA,NA
"New Mexico","linear_increase_sd","Past",2020-04-30,"cumulative_all_infections",15687,15687,15687,18048,18990,19467,19467,19467
"New Mexico","return_normal","Past",2020-04-30,"cumulative_all_infections",15687,15687,15687,18048,18990,19467,19467,19467
"New Mexico","status_quo","Past",2020-04-30,"cumulative_all_infections",15687,15687,15687,18048,18990,19467,19467,19467
"New Mexico","linear_increase_sd","Past",2020-04-30,"cumulative_cases",3340,3340,3340,3806,3999,4077,4077,4077
"New Mexico","return_normal","Past",2020-04-30,"cumulative_cases",3340,3340,3340,3806,3999,4077,4077,4077
"New Mexico","status_quo","Past",2020-04-30,"cumulative_cases",3340,3340,3340,3806,3999,4077,4077,4077
"New Mexico","linear_increase_sd","Past",2020-04-30,"cumulative_deaths",133,133,133,148,151,160,160,160
"New Mexico","return_normal","Past",2020-04-30,"cumulative_deaths",133,133,133,148,151,160,160,160
"New Mexico","status_quo","Past",2020-04-30,"cumulative_deaths",133,133,133,148,151,160,160,160
"New Mexico","linear_increase_sd","Past",2020-04-30,"cumulative_hosps",351,351,351,397,411,427,427,427
"New Mexico","return_normal","Past",2020-04-30,"cumulative_hosps",351,351,351,397,411,427,427,427
"New Mexico","status_quo","Past",2020-04-30,"cumulative_hosps",351,351,351,397,411,427,427,427
"New Mexico","linear_increase_sd","Past",2020-04-30,"daily_all_infections",503,503,503,589,601,662,662,662
"New Mexico","return_normal","Past",2020-04-30,"daily_all_infections",503,503,503,589,601,662,662,662
"New Mexico","status_quo","Past",2020-04-30,"daily_all_infections",503,503,503,589,601,662,662,662
"New Mexico","linear_increase_sd","Past",2020-04-30,"daily_cases",144,144,144,162,168,174,174,174
"New Mexico","return_normal","Past",2020-04-30,"daily_cases",144,144,144,162,168,174,174,174
"New Mexico","status_quo","Past",2020-04-30,"daily_cases",144,144,144,162,168,174,174,174
"New Mexico","linear_increase_sd","Past",2020-04-30,"daily_deaths",6,6,6,7,7,7,7,7
"New Mexico","return_normal","Past",2020-04-30,"daily_deaths",6,6,6,7,7,7,7,7
"New Mexico","status_quo","Past",2020-04-30,"daily_deaths",6,6,6,7,7,7,7,7
"New Mexico","linear_increase_sd","Past",2020-04-30,"daily_hosps",15,15,15,18,18,19,19,19
"New Mexico","return_normal","Past",2020-04-30,"daily_hosps",15,15,15,18,18,19,19,19
"New Mexico","status_quo","Past",2020-04-30,"daily_hosps",15,15,15,18,18,19,19,19
"New Mexico","linear_increase_sd","Past",2020-04-30,"latent_trend",NA,NA,NA,0.580080914145457,NA,NA,NA,NA
"New Mexico","return_normal","Past",2020-04-30,"latent_trend",NA,NA,NA,0.580080914145457,NA,NA,NA,NA
"New Mexico","status_quo","Past",2020-04-30,"latent_trend",NA,NA,NA,0.580080914145457,NA,NA,NA,NA
"New Mexico","linear_increase_sd","Past",2020-04-30,"mobility_trend",NA,NA,NA,0.648754988634447,NA,NA,NA,NA
"New Mexico","return_normal","Past",2020-04-30,"mobility_trend",NA,NA,NA,0.648754988634447,NA,NA,NA,NA
"New Mexico","status_quo","Past",2020-04-30,"mobility_trend",NA,NA,NA,0.648754988634447,NA,NA,NA,NA
"New Mexico",NA,"Past",2020-05-01,"actual_cumulative_cases",NA,NA,NA,3411,NA,NA,NA,NA
"New Mexico",NA,"Past",2020-05-01,"actual_cumulative_deaths",NA,NA,NA,122,NA,NA,NA,NA
"New Mexico",NA,"Past",2020-05-01,"actual_daily_cases",NA,NA,NA,198,NA,NA,NA,NA
"New Mexico",NA,"Past",2020-05-01,"actual_daily_deaths",NA,NA,NA,11,NA,NA,NA,NA
"New Mexico","linear_increase_sd","Past",2020-05-01,"combined_trend",NA,NA,NA,0.366921577174736,NA,NA,NA,NA
"New Mexico","return_normal","Past",2020-05-01,"combined_trend",NA,NA,NA,0.366921577174736,NA,NA,NA,NA
"New Mexico","status_quo","Past",2020-05-01,"combined_trend",NA,NA,NA,0.366921577174736,NA,NA,NA,NA
"New Mexico","linear_increase_sd","Past",2020-05-01,"cumulative_all_infections",16193,16193,16193,18632,19583,20119,20119,20119
"New Mexico","return_normal","Past",2020-05-01,"cumulative_all_infections",16193,16193,16193,18632,19583,20119,20119,20119
"New Mexico","status_quo","Past",2020-05-01,"cumulative_all_infections",16193,16193,16193,18632,19583,20119,20119,20119
"New Mexico","linear_increase_sd","Past",2020-05-01,"cumulative_cases",3483,3483,3483,3966,4158,4257,4257,4257
"New Mexico","return_normal","Past",2020-05-01,"cumulative_cases",3483,3483,3483,3966,4158,4257,4257,4257
"New Mexico","status_quo","Past",2020-05-01,"cumulative_cases",3483,3483,3483,3966,4158,4257,4257,4257
"New Mexico","linear_increase_sd","Past",2020-05-01,"cumulative_deaths",139,139,139,155,159,167,167,167
"New Mexico","return_normal","Past",2020-05-01,"cumulative_deaths",139,139,139,155,159,167,167,167
"New Mexico","status_quo","Past",2020-05-01,"cumulative_deaths",139,139,139,155,159,167,167,167
"New Mexico","linear_increase_sd","Past",2020-05-01,"cumulative_hosps",367,367,367,414,430,445,445,445
"New Mexico","return_normal","Past",2020-05-01,"cumulative_hosps",367,367,367,414,430,445,445,445
"New Mexico","status_quo","Past",2020-05-01,"cumulative_hosps",367,367,367,414,430,445,445,445
"New Mexico","linear_increase_sd","Past",2020-05-01,"daily_all_infections",506,506,506,584,593,652,652,652
"New Mexico","return_normal","Past",2020-05-01,"daily_all_infections",506,506,506,584,593,652,652,652
"New Mexico","status_quo","Past",2020-05-01,"daily_all_infections",506,506,506,584,593,652,652,652
"New Mexico","linear_increase_sd","Past",2020-05-01,"daily_cases",143,143,143,161,159,180,180,180
"New Mexico","return_normal","Past",2020-05-01,"daily_cases",143,143,143,161,159,180,180,180
"New Mexico","status_quo","Past",2020-05-01,"daily_cases",143,143,143,161,159,180,180,180
"New Mexico","linear_increase_sd","Past",2020-05-01,"daily_deaths",6,6,6,7,7,8,8,8
"New Mexico","return_normal","Past",2020-05-01,"daily_deaths",6,6,6,7,7,8,8,8
"New Mexico","status_quo","Past",2020-05-01,"daily_deaths",6,6,6,7,7,8,8,8
"New Mexico","linear_increase_sd","Past",2020-05-01,"daily_hosps",16,16,16,18,18,19,19,19
"New Mexico","return_normal","Past",2020-05-01,"daily_hosps",16,16,16,18,18,19,19,19
"New Mexico","status_quo","Past",2020-05-01,"daily_hosps",16,16,16,18,18,19,19,19
"New Mexico","linear_increase_sd","Past",2020-05-01,"latent_trend",NA,NA,NA,0.559678166108538,NA,NA,NA,NA
"New Mexico","return_normal","Past",2020-05-01,"latent_trend",NA,NA,NA,0.559678166108538,NA,NA,NA,NA
"New Mexico","status_quo","Past",2020-05-01,"latent_trend",NA,NA,NA,0.559678166108538,NA,NA,NA,NA
"New Mexico","linear_increase_sd","Past",2020-05-01,"mobility_trend",NA,NA,NA,0.655593874111535,NA,NA,NA,NA
"New Mexico","return_normal","Past",2020-05-01,"mobility_trend",NA,NA,NA,0.655593874111535,NA,NA,NA,NA
"New Mexico","status_quo","Past",2020-05-01,"mobility_trend",NA,NA,NA,0.655593874111535,NA,NA,NA,NA
"New Mexico",NA,"Past",2020-05-02,"actual_cumulative_cases",NA,NA,NA,3513,NA,NA,NA,NA
"New Mexico",NA,"Past",2020-05-02,"actual_cumulative_deaths",NA,NA,NA,130,NA,NA,NA,NA
"New Mexico",NA,"Past",2020-05-02,"actual_daily_cases",NA,NA,NA,102,NA,NA,NA,NA
"New Mexico",NA,"Past",2020-05-02,"actual_daily_deaths",NA,NA,NA,8,NA,NA,NA,NA
"New Mexico","linear_increase_sd","Past",2020-05-02,"combined_trend",NA,NA,NA,0.356275969929136,NA,NA,NA,NA
"New Mexico","return_normal","Past",2020-05-02,"combined_trend",NA,NA,NA,0.356275969929136,NA,NA,NA,NA
"New Mexico","status_quo","Past",2020-05-02,"combined_trend",NA,NA,NA,0.356275969929136,NA,NA,NA,NA
"New Mexico","linear_increase_sd","Past",2020-05-02,"cumulative_all_infections",16681,16681,16681,19206,20171,20765,20765,20765
"New Mexico","return_normal","Past",2020-05-02,"cumulative_all_infections",16681,16681,16681,19206,20171,20765,20765,20765
"New Mexico","status_quo","Past",2020-05-02,"cumulative_all_infections",16681,16681,16681,19206,20171,20765,20765,20765
"New Mexico","linear_increase_sd","Past",2020-05-02,"cumulative_cases",3629,3629,3629,4143,4360,4438,4438,4438
"New Mexico","return_normal","Past",2020-05-02,"cumulative_cases",3629,3629,3629,4143,4360,4438,4438,4438
"New Mexico","status_quo","Past",2020-05-02,"cumulative_cases",3629,3629,3629,4143,4360,4438,4438,4438
"New Mexico","linear_increase_sd","Past",2020-05-02,"cumulative_deaths",145,145,145,163,167,175,175,175
"New Mexico","return_normal","Past",2020-05-02,"cumulative_deaths",145,145,145,163,167,175,175,175
"New Mexico","status_quo","Past",2020-05-02,"cumulative_deaths",145,145,145,163,167,175,175,175
"New Mexico","linear_increase_sd","Past",2020-05-02,"cumulative_hosps",383,383,383,433,451,464,464,464
"New Mexico","return_normal","Past",2020-05-02,"cumulative_hosps",383,383,383,433,451,464,464,464
"New Mexico","status_quo","Past",2020-05-02,"cumulative_hosps",383,383,383,433,451,464,464,464
"New Mexico","linear_increase_sd","Past",2020-05-02,"daily_all_infections",488,488,488,574,588,646,646,646
"New Mexico","return_normal","Past",2020-05-02,"daily_all_infections",488,488,488,574,588,646,646,646
"New Mexico","status_quo","Past",2020-05-02,"daily_all_infections",488,488,488,574,588,646,646,646
"New Mexico","linear_increase_sd","Past",2020-05-02,"daily_cases",146,146,146,177,181,202,202,202
"New Mexico","return_normal","Past",2020-05-02,"daily_cases",146,146,146,177,181,202,202,202
"New Mexico","status_quo","Past",2020-05-02,"daily_cases",146,146,146,177,181,202,202,202
"New Mexico","linear_increase_sd","Past",2020-05-02,"daily_deaths",6,6,6,8,8,8,8,8
"New Mexico","return_normal","Past",2020-05-02,"daily_deaths",6,6,6,8,8,8,8,8
"New Mexico","status_quo","Past",2020-05-02,"daily_deaths",6,6,6,8,8,8,8,8
"New Mexico","linear_increase_sd","Past",2020-05-02,"daily_hosps",16,16,16,19,19,21,21,21
"New Mexico","return_normal","Past",2020-05-02,"daily_hosps",16,16,16,19,19,21,21,21
"New Mexico","status_quo","Past",2020-05-02,"daily_hosps",16,16,16,19,19,21,21,21
"New Mexico","linear_increase_sd","Past",2020-05-02,"latent_trend",NA,NA,NA,0.536910884029297,NA,NA,NA,NA
"New Mexico","return_normal","Past",2020-05-02,"latent_trend",NA,NA,NA,0.536910884029297,NA,NA,NA,NA
"New Mexico","status_quo","Past",2020-05-02,"latent_trend",NA,NA,NA,0.536910884029297,NA,NA,NA,NA
"New Mexico","linear_increase_sd","Past",2020-05-02,"mobility_trend",NA,NA,NA,0.663566302205368,NA,NA,NA,NA
"New Mexico","return_normal","Past",2020-05-02,"mobility_trend",NA,NA,NA,0.663566302205368,NA,NA,NA,NA
"New Mexico","status_quo","Past",2020-05-02,"mobility_trend",NA,NA,NA,0.663566302205368,NA,NA,NA,NA
"New Mexico",NA,"Past",2020-05-03,"actual_cumulative_cases",NA,NA,NA,3732,NA,NA,NA,NA
"New Mexico",NA,"Past",2020-05-03,"actual_cumulative_deaths",NA,NA,NA,138,NA,NA,NA,NA
"New Mexico",NA,"Past",2020-05-03,"actual_daily_cases",NA,NA,NA,219,NA,NA,NA,NA
"New Mexico",NA,"Past",2020-05-03,"actual_daily_deaths",NA,NA,NA,8,NA,NA,NA,NA
"New Mexico","linear_increase_sd","Past",2020-05-03,"combined_trend",NA,NA,NA,0.344825319044571,NA,NA,NA,NA
"New Mexico","return_normal","Past",2020-05-03,"combined_trend",NA,NA,NA,0.344825319044571,NA,NA,NA,NA
"New Mexico","status_quo","Past",2020-05-03,"combined_trend",NA,NA,NA,0.344825319044571,NA,NA,NA,NA
"New Mexico","linear_increase_sd","Past",2020-05-03,"cumulative_all_infections",17164,17164,17164,19767,20746,21389,21389,21389
"New Mexico","return_normal","Past",2020-05-03,"cumulative_all_infections",17164,17164,17164,19767,20746,21389,21389,21389
"New Mexico","status_quo","Past",2020-05-03,"cumulative_all_infections",17164,17164,17164,19767,20746,21389,21389,21389
"New Mexico","linear_increase_sd","Past",2020-05-03,"cumulative_cases",3763,3763,3763,4309,4531,4633,4633,4633
"New Mexico","return_normal","Past",2020-05-03,"cumulative_cases",3763,3763,3763,4309,4531,4633,4633,4633
"New Mexico","status_quo","Past",2020-05-03,"cumulative_cases",3763,3763,3763,4309,4531,4633,4633,4633
"New Mexico","linear_increase_sd","Past",2020-05-03,"cumulative_deaths",151,151,151,170,174,183,183,183
"New Mexico","return_normal","Past",2020-05-03,"cumulative_deaths",151,151,151,170,174,183,183,183
"New Mexico","status_quo","Past",2020-05-03,"cumulative_deaths",151,151,151,170,174,183,183,183
"New Mexico","linear_increase_sd","Past",2020-05-03,"cumulative_hosps",400,400,400,452,471,483,483,483
"New Mexico","return_normal","Past",2020-05-03,"cumulative_hosps",400,400,400,452,471,483,483,483
"New Mexico","status_quo","Past",2020-05-03,"cumulative_hosps",400,400,400,452,471,483,483,483
"New Mexico","linear_increase_sd","Past",2020-05-03,"daily_all_infections",483,483,483,561,575,624,624,624
"New Mexico","return_normal","Past",2020-05-03,"daily_all_infections",483,483,483,561,575,624,624,624
"New Mexico","status_quo","Past",2020-05-03,"daily_all_infections",483,483,483,561,575,624,624,624
"New Mexico","linear_increase_sd","Past",2020-05-03,"daily_cases",134,134,134,167,171,195,195,195
"New Mexico","return_normal","Past",2020-05-03,"daily_cases",134,134,134,167,171,195,195,195
"New Mexico","status_quo","Past",2020-05-03,"daily_cases",134,134,134,167,171,195,195,195
"New Mexico","linear_increase_sd","Past",2020-05-03,"daily_deaths",6,6,6,7,7,8,8,8
"New Mexico","return_normal","Past",2020-05-03,"daily_deaths",6,6,6,7,7,8,8,8
"New Mexico","status_quo","Past",2020-05-03,"daily_deaths",6,6,6,7,7,8,8,8
"New Mexico","linear_increase_sd","Past",2020-05-03,"daily_hosps",17,17,17,19,19,20,20,20
"New Mexico","return_normal","Past",2020-05-03,"daily_hosps",17,17,17,19,19,20,20,20
"New Mexico","status_quo","Past",2020-05-03,"daily_hosps",17,17,17,19,19,20,20,20
"New Mexico","linear_increase_sd","Past",2020-05-03,"latent_trend",NA,NA,NA,0.512507803101911,NA,NA,NA,NA
"New Mexico","return_normal","Past",2020-05-03,"latent_trend",NA,NA,NA,0.512507803101911,NA,NA,NA,NA
"New Mexico","status_quo","Past",2020-05-03,"latent_trend",NA,NA,NA,0.512507803101911,NA,NA,NA,NA
"New Mexico","linear_increase_sd","Past",2020-05-03,"mobility_trend",NA,NA,NA,0.67281964675961,NA,NA,NA,NA
"New Mexico","return_normal","Past",2020-05-03,"mobility_trend",NA,NA,NA,0.67281964675961,NA,NA,NA,NA
"New Mexico","status_quo","Past",2020-05-03,"mobility_trend",NA,NA,NA,0.67281964675961,NA,NA,NA,NA
"New Mexico",NA,"Past",2020-05-04,"actual_cumulative_cases",NA,NA,NA,3850,NA,NA,NA,NA
"New Mexico",NA,"Past",2020-05-04,"actual_cumulative_deaths",NA,NA,NA,150,NA,NA,NA,NA
"New Mexico",NA,"Past",2020-05-04,"actual_daily_cases",NA,NA,NA,118,NA,NA,NA,NA
"New Mexico",NA,"Past",2020-05-04,"actual_daily_deaths",NA,NA,NA,12,NA,NA,NA,NA
"New Mexico","linear_increase_sd","Past",2020-05-04,"combined_trend",NA,NA,NA,0.332946983419118,NA,NA,NA,NA
"New Mexico","return_normal","Past",2020-05-04,"combined_trend",NA,NA,NA,0.332946983419118,NA,NA,NA,NA
"New Mexico","status_quo","Past",2020-05-04,"combined_trend",NA,NA,NA,0.332946983419118,NA,NA,NA,NA
"New Mexico","linear_increase_sd","Past",2020-05-04,"cumulative_all_infections",17643,17643,17643,20317,21309,21998,21998,21998
"New Mexico","return_normal","Past",2020-05-04,"cumulative_all_infections",17643,17643,17643,20317,21309,21998,21998,21998
"New Mexico","status_quo","Past",2020-05-04,"cumulative_all_infections",17643,17643,17643,20317,21309,21998,21998,21998
"New Mexico","linear_increase_sd","Past",2020-05-04,"cumulative_cases",3909,3909,3909,4483,4713,4825,4825,4825
"New Mexico","return_normal","Past",2020-05-04,"cumulative_cases",3909,3909,3909,4483,4713,4825,4825,4825
"New Mexico","status_quo","Past",2020-05-04,"cumulative_cases",3909,3909,3909,4483,4713,4825,4825,4825
"New Mexico","linear_increase_sd","Past",2020-05-04,"cumulative_deaths",157,157,157,177,183,190,190,190
"New Mexico","return_normal","Past",2020-05-04,"cumulative_deaths",157,157,157,177,183,190,190,190
"New Mexico","status_quo","Past",2020-05-04,"cumulative_deaths",157,157,157,177,183,190,190,190
"New Mexico","linear_increase_sd","Past",2020-05-04,"cumulative_hosps",417,417,417,471,492,503,503,503
"New Mexico","return_normal","Past",2020-05-04,"cumulative_hosps",417,417,417,471,492,503,503,503
"New Mexico","status_quo","Past",2020-05-04,"cumulative_hosps",417,417,417,471,492,503,503,503
"New Mexico","linear_increase_sd","Past",2020-05-04,"daily_all_infections",479,479,479,551,563,609,609,609
"New Mexico","return_normal","Past",2020-05-04,"daily_all_infections",479,479,479,551,563,609,609,609
"New Mexico","status_quo","Past",2020-05-04,"daily_all_infections",479,479,479,551,563,609,609,609
"New Mexico","linear_increase_sd","Past",2020-05-04,"daily_cases",146,146,146,174,182,192,192,192
"New Mexico","return_normal","Past",2020-05-04,"daily_cases",146,146,146,174,182,192,192,192
"New Mexico","status_quo","Past",2020-05-04,"daily_cases",146,146,146,174,182,192,192,192
"New Mexico","linear_increase_sd","Past",2020-05-04,"daily_deaths",6,6,6,8,7,9,9,9
"New Mexico","return_normal","Past",2020-05-04,"daily_deaths",6,6,6,8,7,9,9,9
"New Mexico","status_quo","Past",2020-05-04,"daily_deaths",6,6,6,8,7,9,9,9
"New Mexico","linear_increase_sd","Past",2020-05-04,"daily_hosps",17,17,17,20,20,21,21,21
"New Mexico","return_normal","Past",2020-05-04,"daily_hosps",17,17,17,20,20,21,21,21
"New Mexico","status_quo","Past",2020-05-04,"daily_hosps",17,17,17,20,20,21,21,21
"New Mexico","linear_increase_sd","Past",2020-05-04,"latent_trend",NA,NA,NA,0.487255110716049,NA,NA,NA,NA
"New Mexico","return_normal","Past",2020-05-04,"latent_trend",NA,NA,NA,0.487255110716049,NA,NA,NA,NA
"New Mexico","status_quo","Past",2020-05-04,"latent_trend",NA,NA,NA,0.487255110716049,NA,NA,NA,NA
"New Mexico","linear_increase_sd","Past",2020-05-04,"mobility_trend",NA,NA,NA,0.683311423721823,NA,NA,NA,NA
"New Mexico","return_normal","Past",2020-05-04,"mobility_trend",NA,NA,NA,0.683311423721823,NA,NA,NA,NA
"New Mexico","status_quo","Past",2020-05-04,"mobility_trend",NA,NA,NA,0.683311423721823,NA,NA,NA,NA
"New Mexico",NA,"Past",2020-05-05,"actual_cumulative_cases",NA,NA,NA,4031,NA,NA,NA,NA
"New Mexico",NA,"Past",2020-05-05,"actual_cumulative_deaths",NA,NA,NA,155,NA,NA,NA,NA
"New Mexico",NA,"Past",2020-05-05,"actual_daily_cases",NA,NA,NA,181,NA,NA,NA,NA
"New Mexico",NA,"Past",2020-05-05,"actual_daily_deaths",NA,NA,NA,5,NA,NA,NA,NA
"New Mexico","linear_increase_sd","Past",2020-05-05,"combined_trend",NA,NA,NA,0.320847849007912,NA,NA,NA,NA
"New Mexico","return_normal","Past",2020-05-05,"combined_trend",NA,NA,NA,0.320847849007912,NA,NA,NA,NA
"New Mexico","status_quo","Past",2020-05-05,"combined_trend",NA,NA,NA,0.320847849007912,NA,NA,NA,NA
"New Mexico","linear_increase_sd","Past",2020-05-05,"cumulative_all_infections",18103,18103,18103,20847,21856,22582,22582,22582
"New Mexico","return_normal","Past",2020-05-05,"cumulative_all_infections",18103,18103,18103,20847,21856,22582,22582,22582
"New Mexico","status_quo","Past",2020-05-05,"cumulative_all_infections",18103,18103,18103,20847,21856,22582,22582,22582
"New Mexico","linear_increase_sd","Past",2020-05-05,"cumulative_cases",4076,4076,4076,4665,4909,5008,5008,5008
"New Mexico","return_normal","Past",2020-05-05,"cumulative_cases",4076,4076,4076,4665,4909,5008,5008,5008
"New Mexico","status_quo","Past",2020-05-05,"cumulative_cases",4076,4076,4076,4665,4909,5008,5008,5008
"New Mexico","linear_increase_sd","Past",2020-05-05,"cumulative_deaths",165,165,165,185,191,198,198,198
"New Mexico","return_normal","Past",2020-05-05,"cumulative_deaths",165,165,165,185,191,198,198,198
"New Mexico","status_quo","Past",2020-05-05,"cumulative_deaths",165,165,165,185,191,198,198,198
"New Mexico","linear_increase_sd","Past",2020-05-05,"cumulative_hosps",434,434,434,490,512,523,523,523
"New Mexico","return_normal","Past",2020-05-05,"cumulative_hosps",434,434,434,490,512,523,523,523
"New Mexico","status_quo","Past",2020-05-05,"cumulative_hosps",434,434,434,490,512,523,523,523
"New Mexico","linear_increase_sd","Past",2020-05-05,"daily_all_infections",460,460,460,531,547,584,584,584
"New Mexico","return_normal","Past",2020-05-05,"daily_all_infections",460,460,460,531,547,584,584,584
"New Mexico","status_quo","Past",2020-05-05,"daily_all_infections",460,460,460,531,547,584,584,584
"New Mexico","linear_increase_sd","Past",2020-05-05,"daily_cases",167,167,167,182,183,196,196,196
"New Mexico","return_normal","Past",2020-05-05,"daily_cases",167,167,167,182,183,196,196,196
"New Mexico","status_quo","Past",2020-05-05,"daily_cases",167,167,167,182,183,196,196,196
"New Mexico","linear_increase_sd","Past",2020-05-05,"daily_deaths",8,8,8,8,8,8,8,8
"New Mexico","return_normal","Past",2020-05-05,"daily_deaths",8,8,8,8,8,8,8,8
"New Mexico","status_quo","Past",2020-05-05,"daily_deaths",8,8,8,8,8,8,8,8
"New Mexico","linear_increase_sd","Past",2020-05-05,"daily_hosps",17,17,17,19,20,20,20,20
"New Mexico","return_normal","Past",2020-05-05,"daily_hosps",17,17,17,19,20,20,20,20
"New Mexico","status_quo","Past",2020-05-05,"daily_hosps",17,17,17,19,20,20,20,20
"New Mexico","linear_increase_sd","Past",2020-05-05,"latent_trend",NA,NA,NA,0.461969130388406,NA,NA,NA,NA
"New Mexico","return_normal","Past",2020-05-05,"latent_trend",NA,NA,NA,0.461969130388406,NA,NA,NA,NA
"New Mexico","status_quo","Past",2020-05-05,"latent_trend",NA,NA,NA,0.461969130388406,NA,NA,NA,NA
"New Mexico","linear_increase_sd","Past",2020-05-05,"mobility_trend",NA,NA,NA,0.694522269784899,NA,NA,NA,NA
"New Mexico","return_normal","Past",2020-05-05,"mobility_trend",NA,NA,NA,0.694522269784899,NA,NA,NA,NA
"New Mexico","status_quo","Past",2020-05-05,"mobility_trend",NA,NA,NA,0.694522269784899,NA,NA,NA,NA
"New Mexico",NA,"Past",2020-05-06,"actual_cumulative_cases",NA,NA,NA,4138,NA,NA,NA,NA
"New Mexico",NA,"Past",2020-05-06,"actual_cumulative_deaths",NA,NA,NA,161,NA,NA,NA,NA
"New Mexico",NA,"Past",2020-05-06,"actual_daily_cases",NA,NA,NA,107,NA,NA,NA,NA
"New Mexico",NA,"Past",2020-05-06,"actual_daily_deaths",NA,NA,NA,6,NA,NA,NA,NA
"New Mexico","linear_increase_sd","Past",2020-05-06,"combined_trend",NA,NA,NA,0.308799149463453,NA,NA,NA,NA
"New Mexico","return_normal","Past",2020-05-06,"combined_trend",NA,NA,NA,0.308799149463453,NA,NA,NA,NA
"New Mexico","status_quo","Past",2020-05-06,"combined_trend",NA,NA,NA,0.308799149463453,NA,NA,NA,NA
"New Mexico","linear_increase_sd","Past",2020-05-06,"cumulative_all_infections",18548,18548,18548,21356,22387,23131,23131,23131
"New Mexico","return_normal","Past",2020-05-06,"cumulative_all_infections",18548,18548,18548,21356,22387,23131,23131,23131
"New Mexico","status_quo","Past",2020-05-06,"cumulative_all_infections",18548,18548,18548,21356,22387,23131,23131,23131
"New Mexico","linear_increase_sd","Past",2020-05-06,"cumulative_cases",4232,4232,4232,4845,5112,5191,5191,5191
"New Mexico","return_normal","Past",2020-05-06,"cumulative_cases",4232,4232,4232,4845,5112,5191,5191,5191
"New Mexico","status_quo","Past",2020-05-06,"cumulative_cases",4232,4232,4232,4845,5112,5191,5191,5191
"New Mexico","linear_increase_sd","Past",2020-05-06,"cumulative_deaths",172,172,172,193,199,206,206,206
"New Mexico","return_normal","Past",2020-05-06,"cumulative_deaths",172,172,172,193,199,206,206,206
"New Mexico","status_quo","Past",2020-05-06,"cumulative_deaths",172,172,172,193,199,206,206,206
"New Mexico","linear_increase_sd","Past",2020-05-06,"cumulative_hosps",452,452,452,510,533,544,544,544
"New Mexico","return_normal","Past",2020-05-06,"cumulative_hosps",452,452,452,510,533,544,544,544
"New Mexico","status_quo","Past",2020-05-06,"cumulative_hosps",452,452,452,510,533,544,544,544
"New Mexico","linear_increase_sd","Past",2020-05-06,"daily_all_infections",445,445,445,509,531,549,549,549
"New Mexico","return_normal","Past",2020-05-06,"daily_all_infections",445,445,445,509,531,549,549,549
"New Mexico","status_quo","Past",2020-05-06,"daily_all_infections",445,445,445,509,531,549,549,549
"New Mexico","linear_increase_sd","Past",2020-05-06,"daily_cases",156,156,156,181,183,203,203,203
"New Mexico","return_normal","Past",2020-05-06,"daily_cases",156,156,156,181,183,203,203,203
"New Mexico","status_quo","Past",2020-05-06,"daily_cases",156,156,156,181,183,203,203,203
"New Mexico","linear_increase_sd","Past",2020-05-06,"daily_deaths",7,7,7,8,8,8,8,8
"New Mexico","return_normal","Past",2020-05-06,"daily_deaths",7,7,7,8,8,8,8,8
"New Mexico","status_quo","Past",2020-05-06,"daily_deaths",7,7,7,8,8,8,8,8
"New Mexico","linear_increase_sd","Past",2020-05-06,"daily_hosps",18,18,18,20,21,21,21,21
"New Mexico","return_normal","Past",2020-05-06,"daily_hosps",18,18,18,20,21,21,21,21
"New Mexico","status_quo","Past",2020-05-06,"daily_hosps",18,18,18,20,21,21,21,21
"New Mexico","linear_increase_sd","Past",2020-05-06,"latent_trend",NA,NA,NA,0.437460766242525,NA,NA,NA,NA
"New Mexico","return_normal","Past",2020-05-06,"latent_trend",NA,NA,NA,0.437460766242525,NA,NA,NA,NA
"New Mexico","status_quo","Past",2020-05-06,"latent_trend",NA,NA,NA,0.437460766242525,NA,NA,NA,NA
"New Mexico","linear_increase_sd","Past",2020-05-06,"mobility_trend",NA,NA,NA,0.705889929549152,NA,NA,NA,NA
"New Mexico","return_normal","Past",2020-05-06,"mobility_trend",NA,NA,NA,0.705889929549152,NA,NA,NA,NA
"New Mexico","status_quo","Past",2020-05-06,"mobility_trend",NA,NA,NA,0.705889929549152,NA,NA,NA,NA
"New Mexico",NA,"Past",2020-05-07,"actual_cumulative_cases",NA,NA,NA,4291,NA,NA,NA,NA
"New Mexico",NA,"Past",2020-05-07,"actual_cumulative_deaths",NA,NA,NA,168,NA,NA,NA,NA
"New Mexico",NA,"Past",2020-05-07,"actual_daily_cases",NA,NA,NA,153,NA,NA,NA,NA
"New Mexico",NA,"Past",2020-05-07,"actual_daily_deaths",NA,NA,NA,7,NA,NA,NA,NA
"New Mexico","linear_increase_sd","Past",2020-05-07,"combined_trend",NA,NA,NA,0.297261925871915,NA,NA,NA,NA
"New Mexico","return_normal","Past",2020-05-07,"combined_trend",NA,NA,NA,0.297261925871915,NA,NA,NA,NA
"New Mexico","status_quo","Past",2020-05-07,"combined_trend",NA,NA,NA,0.297261925871915,NA,NA,NA,NA
"New Mexico","linear_increase_sd","Past",2020-05-07,"cumulative_all_infections",18979,18979,18979,21842,22898,23649,23649,23649
"New Mexico","return_normal","Past",2020-05-07,"cumulative_all_infections",18979,18979,18979,21842,22898,23649,23649,23649
"New Mexico","status_quo","Past",2020-05-07,"cumulative_all_infections",18979,18979,18979,21842,22898,23649,23649,23649
"New Mexico","linear_increase_sd","Past",2020-05-07,"cumulative_cases",4390,4390,4390,5028,5296,5397,5397,5397
"New Mexico","return_normal","Past",2020-05-07,"cumulative_cases",4390,4390,4390,5028,5296,5397,5397,5397
"New Mexico","status_quo","Past",2020-05-07,"cumulative_cases",4390,4390,4390,5028,5296,5397,5397,5397
"New Mexico","linear_increase_sd","Past",2020-05-07,"cumulative_deaths",179,179,179,200,207,214,214,214
"New Mexico","return_normal","Past",2020-05-07,"cumulative_deaths",179,179,179,200,207,214,214,214
"New Mexico","status_quo","Past",2020-05-07,"cumulative_deaths",179,179,179,200,207,214,214,214
"New Mexico","linear_increase_sd","Past",2020-05-07,"cumulative_hosps",470,470,470,530,554,565,565,565
"New Mexico","return_normal","Past",2020-05-07,"cumulative_hosps",470,470,470,530,554,565,565,565
"New Mexico","status_quo","Past",2020-05-07,"cumulative_hosps",470,470,470,530,554,565,565,565
"New Mexico","linear_increase_sd","Past",2020-05-07,"daily_all_infections",431,431,431,487,511,518,518,518
"New Mexico","return_normal","Past",2020-05-07,"daily_all_infections",431,431,431,487,511,518,518,518
"New Mexico","status_quo","Past",2020-05-07,"daily_all_infections",431,431,431,487,511,518,518,518
"New Mexico","linear_increase_sd","Past",2020-05-07,"daily_cases",158,158,158,183,184,206,206,206
"New Mexico","return_normal","Past",2020-05-07,"daily_cases",158,158,158,183,184,206,206,206
"New Mexico","status_quo","Past",2020-05-07,"daily_cases",158,158,158,183,184,206,206,206
"New Mexico","linear_increase_sd","Past",2020-05-07,"daily_deaths",7,7,7,8,8,8,8,8
"New Mexico","return_normal","Past",2020-05-07,"daily_deaths",7,7,7,8,8,8,8,8
"New Mexico","status_quo","Past",2020-05-07,"daily_deaths",7,7,7,8,8,8,8,8
"New Mexico","linear_increase_sd","Past",2020-05-07,"daily_hosps",18,18,18,20,21,21,21,21
"New Mexico","return_normal","Past",2020-05-07,"daily_hosps",18,18,18,20,21,21,21,21
"New Mexico","status_quo","Past",2020-05-07,"daily_hosps",18,18,18,20,21,21,21,21
"New Mexico","linear_increase_sd","Past",2020-05-07,"latent_trend",NA,NA,NA,0.414500222160385,NA,NA,NA,NA
"New Mexico","return_normal","Past",2020-05-07,"latent_trend",NA,NA,NA,0.414500222160385,NA,NA,NA,NA
"New Mexico","status_quo","Past",2020-05-07,"latent_trend",NA,NA,NA,0.414500222160385,NA,NA,NA,NA
"New Mexico","linear_increase_sd","Past",2020-05-07,"mobility_trend",NA,NA,NA,0.717157458499248,NA,NA,NA,NA
"New Mexico","return_normal","Past",2020-05-07,"mobility_trend",NA,NA,NA,0.717157458499248,NA,NA,NA,NA
"New Mexico","status_quo","Past",2020-05-07,"mobility_trend",NA,NA,NA,0.717157458499248,NA,NA,NA,NA
"New Mexico",NA,"Past",2020-05-08,"actual_cumulative_cases",NA,NA,NA,4493,NA,NA,NA,NA
"New Mexico",NA,"Past",2020-05-08,"actual_cumulative_deaths",NA,NA,NA,171,NA,NA,NA,NA
"New Mexico",NA,"Past",2020-05-08,"actual_daily_cases",NA,NA,NA,202,NA,NA,NA,NA
"New Mexico",NA,"Past",2020-05-08,"actual_daily_deaths",NA,NA,NA,3,NA,NA,NA,NA
"New Mexico","linear_increase_sd","Past",2020-05-08,"combined_trend",NA,NA,NA,0.286751204186617,NA,NA,NA,NA
"New Mexico","return_normal","Past",2020-05-08,"combined_trend",NA,NA,NA,0.286751204186617,NA,NA,NA,NA
"New Mexico","status_quo","Past",2020-05-08,"combined_trend",NA,NA,NA,0.286751204186617,NA,NA,NA,NA
"New Mexico","linear_increase_sd","Past",2020-05-08,"cumulative_all_infections",19395,19395,19395,22307,23390,24134,24134,24134
"New Mexico","return_normal","Past",2020-05-08,"cumulative_all_infections",19395,19395,19395,22307,23390,24134,24134,24134
"New Mexico","status_quo","Past",2020-05-08,"cumulative_all_infections",19395,19395,19395,22307,23390,24134,24134,24134
"New Mexico","linear_increase_sd","Past",2020-05-08,"cumulative_cases",4553,4553,4553,5213,5492,5592,5592,5592
"New Mexico","return_normal","Past",2020-05-08,"cumulative_cases",4553,4553,4553,5213,5492,5592,5592,5592
"New Mexico","status_quo","Past",2020-05-08,"cumulative_cases",4553,4553,4553,5213,5492,5592,5592,5592
"New Mexico","linear_increase_sd","Past",2020-05-08,"cumulative_deaths",187,187,187,209,216,223,223,223
"New Mexico","return_normal","Past",2020-05-08,"cumulative_deaths",187,187,187,209,216,223,223,223
"New Mexico","status_quo","Past",2020-05-08,"cumulative_deaths",187,187,187,209,216,223,223,223
"New Mexico","linear_increase_sd","Past",2020-05-08,"cumulative_hosps",488,488,488,551,576,587,587,587
"New Mexico","return_normal","Past",2020-05-08,"cumulative_hosps",488,488,488,551,576,587,587,587
"New Mexico","status_quo","Past",2020-05-08,"cumulative_hosps",488,488,488,551,576,587,587,587
"New Mexico","linear_increase_sd","Past",2020-05-08,"daily_all_infections",416,416,416,465,485,492,492,492
"New Mexico","return_normal","Past",2020-05-08,"daily_all_infections",416,416,416,465,485,492,492,492
"New Mexico","status_quo","Past",2020-05-08,"daily_all_infections",416,416,416,465,485,492,492,492
"New Mexico","linear_increase_sd","Past",2020-05-08,"daily_cases",163,163,163,185,195,196,196,196
"New Mexico","return_normal","Past",2020-05-08,"daily_cases",163,163,163,185,195,196,196,196
"New Mexico","status_quo","Past",2020-05-08,"daily_cases",163,163,163,185,195,196,196,196
"New Mexico","linear_increase_sd","Past",2020-05-08,"daily_deaths",8,8,8,9,9,9,9,9
"New Mexico","return_normal","Past",2020-05-08,"daily_deaths",8,8,8,9,9,9,9,9
"New Mexico","status_quo","Past",2020-05-08,"daily_deaths",8,8,8,9,9,9,9,9
"New Mexico","linear_increase_sd","Past",2020-05-08,"daily_hosps",18,18,18,21,22,22,22,22
"New Mexico","return_normal","Past",2020-05-08,"daily_hosps",18,18,18,21,22,22,22,22
"New Mexico","status_quo","Past",2020-05-08,"daily_hosps",18,18,18,21,22,22,22,22
"New Mexico","linear_increase_sd","Past",2020-05-08,"latent_trend",NA,NA,NA,0.393790427862419,NA,NA,NA,NA
"New Mexico","return_normal","Past",2020-05-08,"latent_trend",NA,NA,NA,0.393790427862419,NA,NA,NA,NA
"New Mexico","status_quo","Past",2020-05-08,"latent_trend",NA,NA,NA,0.393790427862419,NA,NA,NA,NA
"New Mexico","linear_increase_sd","Past",2020-05-08,"mobility_trend",NA,NA,NA,0.728182261166596,NA,NA,NA,NA
"New Mexico","return_normal","Past",2020-05-08,"mobility_trend",NA,NA,NA,0.728182261166596,NA,NA,NA,NA
"New Mexico","status_quo","Past",2020-05-08,"mobility_trend",NA,NA,NA,0.728182261166596,NA,NA,NA,NA
"New Mexico",NA,"Past",2020-05-09,"actual_cumulative_cases",NA,NA,NA,4673,NA,NA,NA,NA
"New Mexico",NA,"Past",2020-05-09,"actual_cumulative_deaths",NA,NA,NA,180,NA,NA,NA,NA
"New Mexico",NA,"Past",2020-05-09,"actual_daily_cases",NA,NA,NA,180,NA,NA,NA,NA
"New Mexico",NA,"Past",2020-05-09,"actual_daily_deaths",NA,NA,NA,9,NA,NA,NA,NA
"New Mexico","linear_increase_sd","Past",2020-05-09,"combined_trend",NA,NA,NA,0.277821189863135,NA,NA,NA,NA
"New Mexico","return_normal","Past",2020-05-09,"combined_trend",NA,NA,NA,0.277821189863135,NA,NA,NA,NA
"New Mexico","status_quo","Past",2020-05-09,"combined_trend",NA,NA,NA,0.277821189863135,NA,NA,NA,NA
"New Mexico","linear_increase_sd","Past",2020-05-09,"cumulative_all_infections",19795,19795,19795,22753,23870,24592,24592,24592
"New Mexico","return_normal","Past",2020-05-09,"cumulative_all_infections",19795,19795,19795,22753,23870,24592,24592,24592
"New Mexico","status_quo","Past",2020-05-09,"cumulative_all_infections",19795,19795,19795,22753,23870,24592,24592,24592
"New Mexico","linear_increase_sd","Past",2020-05-09,"cumulative_cases",4697,4697,4697,5379,5667,5773,5773,5773
"New Mexico","return_normal","Past",2020-05-09,"cumulative_cases",4697,4697,4697,5379,5667,5773,5773,5773
"New Mexico","status_quo","Past",2020-05-09,"cumulative_cases",4697,4697,4697,5379,5667,5773,5773,5773
"New Mexico","linear_increase_sd","Past",2020-05-09,"cumulative_deaths",195,195,195,217,225,231,231,231
"New Mexico","return_normal","Past",2020-05-09,"cumulative_deaths",195,195,195,217,225,231,231,231
"New Mexico","status_quo","Past",2020-05-09,"cumulative_deaths",195,195,195,217,225,231,231,231
"New Mexico","linear_increase_sd","Past",2020-05-09,"cumulative_hosps",506,506,506,572,598,610,610,610
"New Mexico","return_normal","Past",2020-05-09,"cumulative_hosps",506,506,506,572,598,610,610,610
"New Mexico","status_quo","Past",2020-05-09,"cumulative_hosps",506,506,506,572,598,610,610,610
"New Mexico","linear_increase_sd","Past",2020-05-09,"daily_all_infections",400,400,400,446,458,480,480,480
"New Mexico","return_normal","Past",2020-05-09,"daily_all_infections",400,400,400,446,458,480,480,480
"New Mexico","status_quo","Past",2020-05-09,"daily_all_infections",400,400,400,446,458,480,480,480
"New Mexico","linear_increase_sd","Past",2020-05-09,"daily_cases",144,144,144,167,175,181,181,181
"New Mexico","return_normal","Past",2020-05-09,"daily_cases",144,144,144,167,175,181,181,181
"New Mexico","status_quo","Past",2020-05-09,"daily_cases",144,144,144,167,175,181,181,181
"New Mexico","linear_increase_sd","Past",2020-05-09,"daily_deaths",8,8,8,9,8,9,9,9
"New Mexico","return_normal","Past",2020-05-09,"daily_deaths",8,8,8,9,8,9,9,9
"New Mexico","status_quo","Past",2020-05-09,"daily_deaths",8,8,8,9,8,9,9,9
"New Mexico","linear_increase_sd","Past",2020-05-09,"daily_hosps",18,18,18,21,22,23,23,23
"New Mexico","return_normal","Past",2020-05-09,"daily_hosps",18,18,18,21,22,23,23,23
"New Mexico","status_quo","Past",2020-05-09,"daily_hosps",18,18,18,21,22,23,23,23
"New Mexico","linear_increase_sd","Past",2020-05-09,"latent_trend",NA,NA,NA,0.375955385113141,NA,NA,NA,NA
"New Mexico","return_normal","Past",2020-05-09,"latent_trend",NA,NA,NA,0.375955385113141,NA,NA,NA,NA
"New Mexico","status_quo","Past",2020-05-09,"latent_trend",NA,NA,NA,0.375955385113141,NA,NA,NA,NA
"New Mexico","linear_increase_sd","Past",2020-05-09,"mobility_trend",NA,NA,NA,0.7389738273852,NA,NA,NA,NA
"New Mexico","return_normal","Past",2020-05-09,"mobility_trend",NA,NA,NA,0.7389738273852,NA,NA,NA,NA
"New Mexico","status_quo","Past",2020-05-09,"mobility_trend",NA,NA,NA,0.7389738273852,NA,NA,NA,NA
"New Mexico",NA,"Past",2020-05-10,"actual_cumulative_cases",NA,NA,NA,4778,NA,NA,NA,NA
"New Mexico",NA,"Past",2020-05-10,"actual_cumulative_deaths",NA,NA,NA,190,NA,NA,NA,NA
"New Mexico",NA,"Past",2020-05-10,"actual_daily_cases",NA,NA,NA,105,NA,NA,NA,NA
"New Mexico",NA,"Past",2020-05-10,"actual_daily_deaths",NA,NA,NA,10,NA,NA,NA,NA
"New Mexico","linear_increase_sd","Past",2020-05-10,"combined_trend",NA,NA,NA,0.271011713058657,NA,NA,NA,NA
"New Mexico","return_normal","Past",2020-05-10,"combined_trend",NA,NA,NA,0.271011713058657,NA,NA,NA,NA
"New Mexico","status_quo","Past",2020-05-10,"combined_trend",NA,NA,NA,0.271011713058657,NA,NA,NA,NA
"New Mexico","linear_increase_sd","Past",2020-05-10,"cumulative_all_infections",20175,20175,20175,23177,24332,25022,25022,25022
"New Mexico","return_normal","Past",2020-05-10,"cumulative_all_infections",20175,20175,20175,23177,24332,25022,25022,25022
"New Mexico","status_quo","Past",2020-05-10,"cumulative_all_infections",20175,20175,20175,23177,24332,25022,25022,25022
"New Mexico","linear_increase_sd","Past",2020-05-10,"cumulative_cases",4855,4855,4855,5549,5842,5950,5950,5950
"New Mexico","return_normal","Past",2020-05-10,"cumulative_cases",4855,4855,4855,5549,5842,5950,5950,5950
"New Mexico","status_quo","Past",2020-05-10,"cumulative_cases",4855,4855,4855,5549,5842,5950,5950,5950
"New Mexico","linear_increase_sd","Past",2020-05-10,"cumulative_deaths",202,202,202,225,234,239,239,239
"New Mexico","return_normal","Past",2020-05-10,"cumulative_deaths",202,202,202,225,234,239,239,239
"New Mexico","status_quo","Past",2020-05-10,"cumulative_deaths",202,202,202,225,234,239,239,239
"New Mexico","linear_increase_sd","Past",2020-05-10,"cumulative_hosps",524,524,524,593,620,633,633,633
"New Mexico","return_normal","Past",2020-05-10,"cumulative_hosps",524,524,524,593,620,633,633,633
"New Mexico","status_quo","Past",2020-05-10,"cumulative_hosps",524,524,524,593,620,633,633,633
"New Mexico","linear_increase_sd","Past",2020-05-10,"daily_all_infections",380,380,380,424,430,462,462,462
"New Mexico","return_normal","Past",2020-05-10,"daily_all_infections",380,380,380,424,430,462,462,462
"New Mexico","status_quo","Past",2020-05-10,"daily_all_infections",380,380,380,424,430,462,462,462
"New Mexico","linear_increase_sd","Past",2020-05-10,"daily_cases",158,158,158,170,175,177,177,177
"New Mexico","return_normal","Past",2020-05-10,"daily_cases",158,158,158,170,175,177,177,177
"New Mexico","status_quo","Past",2020-05-10,"daily_cases",158,158,158,170,175,177,177,177
"New Mexico","linear_increase_sd","Past",2020-05-10,"daily_deaths",7,7,7,8,8,9,9,9
"New Mexico","return_normal","Past",2020-05-10,"daily_deaths",7,7,7,8,8,9,9,9
"New Mexico","status_quo","Past",2020-05-10,"daily_deaths",7,7,7,8,8,9,9,9
"New Mexico","linear_increase_sd","Past",2020-05-10,"daily_hosps",18,18,18,21,22,23,23,23
"New Mexico","return_normal","Past",2020-05-10,"daily_hosps",18,18,18,21,22,23,23,23
"New Mexico","status_quo","Past",2020-05-10,"daily_hosps",18,18,18,21,22,23,23,23
"New Mexico","linear_increase_sd","Past",2020-05-10,"latent_trend",NA,NA,NA,0.361546201057008,NA,NA,NA,NA
"New Mexico","return_normal","Past",2020-05-10,"latent_trend",NA,NA,NA,0.361546201057008,NA,NA,NA,NA
"New Mexico","status_quo","Past",2020-05-10,"latent_trend",NA,NA,NA,0.361546201057008,NA,NA,NA,NA
"New Mexico","linear_increase_sd","Past",2020-05-10,"mobility_trend",NA,NA,NA,0.74959081928211,NA,NA,NA,NA
"New Mexico","return_normal","Past",2020-05-10,"mobility_trend",NA,NA,NA,0.74959081928211,NA,NA,NA,NA
"New Mexico","status_quo","Past",2020-05-10,"mobility_trend",NA,NA,NA,0.74959081928211,NA,NA,NA,NA
"New Mexico",NA,"Past",2020-05-11,"actual_cumulative_cases",NA,NA,NA,4863,NA,NA,NA,NA
"New Mexico",NA,"Past",2020-05-11,"actual_cumulative_deaths",NA,NA,NA,199,NA,NA,NA,NA
"New Mexico",NA,"Past",2020-05-11,"actual_daily_cases",NA,NA,NA,85,NA,NA,NA,NA
"New Mexico",NA,"Past",2020-05-11,"actual_daily_deaths",NA,NA,NA,9,NA,NA,NA,NA
"New Mexico","linear_increase_sd","Past",2020-05-11,"combined_trend",NA,NA,NA,0.266856675934293,NA,NA,NA,NA
"New Mexico","return_normal","Past",2020-05-11,"combined_trend",NA,NA,NA,0.266856675934293,NA,NA,NA,NA
"New Mexico","status_quo","Past",2020-05-11,"combined_trend",NA,NA,NA,0.266856675934293,NA,NA,NA,NA
"New Mexico","linear_increase_sd","Past",2020-05-11,"cumulative_all_infections",20547,20547,20547,23584,24781,25422,25422,25422
"New Mexico","return_normal","Past",2020-05-11,"cumulative_all_infections",20547,20547,20547,23584,24781,25422,25422,25422
"New Mexico","status_quo","Past",2020-05-11,"cumulative_all_infections",20547,20547,20547,23584,24781,25422,25422,25422
"New Mexico","linear_increase_sd","Past",2020-05-11,"cumulative_cases",4988,4988,4988,5710,6002,6139,6139,6139
"New Mexico","return_normal","Past",2020-05-11,"cumulative_cases",4988,4988,4988,5710,6002,6139,6139,6139
"New Mexico","status_quo","Past",2020-05-11,"cumulative_cases",4988,4988,4988,5710,6002,6139,6139,6139
"New Mexico","linear_increase_sd","Past",2020-05-11,"cumulative_deaths",210,210,210,234,244,247,247,247
"New Mexico","return_normal","Past",2020-05-11,"cumulative_deaths",210,210,210,234,244,247,247,247
"New Mexico","status_quo","Past",2020-05-11,"cumulative_deaths",210,210,210,234,244,247,247,247
"New Mexico","linear_increase_sd","Past",2020-05-11,"cumulative_hosps",542,542,542,613,641,656,656,656
"New Mexico","return_normal","Past",2020-05-11,"cumulative_hosps",542,542,542,613,641,656,656,656
"New Mexico","status_quo","Past",2020-05-11,"cumulative_hosps",542,542,542,613,641,656,656,656
"New Mexico","linear_increase_sd","Past",2020-05-11,"daily_all_infections",372,372,372,407,400,449,449,449
"New Mexico","return_normal","Past",2020-05-11,"daily_all_infections",372,372,372,407,400,449,449,449
"New Mexico","status_quo","Past",2020-05-11,"daily_all_infections",372,372,372,407,400,449,449,449
"New Mexico","linear_increase_sd","Past",2020-05-11,"daily_cases",133,133,133,161,160,189,189,189
"New Mexico","return_normal","Past",2020-05-11,"daily_cases",133,133,133,161,160,189,189,189
"New Mexico","status_quo","Past",2020-05-11,"daily_cases",133,133,133,161,160,189,189,189
"New Mexico","linear_increase_sd","Past",2020-05-11,"daily_deaths",8,8,8,9,8,10,10,10
"New Mexico","return_normal","Past",2020-05-11,"daily_deaths",8,8,8,9,8,10,10,10
"New Mexico","status_quo","Past",2020-05-11,"daily_deaths",8,8,8,9,8,10,10,10
"New Mexico","linear_increase_sd","Past",2020-05-11,"daily_hosps",18,18,18,21,21,23,23,23
"New Mexico","return_normal","Past",2020-05-11,"daily_hosps",18,18,18,21,21,23,23,23
"New Mexico","status_quo","Past",2020-05-11,"daily_hosps",18,18,18,21,21,23,23,23
"New Mexico","linear_increase_sd","Past",2020-05-11,"latent_trend",NA,NA,NA,0.351064150889169,NA,NA,NA,NA
"New Mexico","return_normal","Past",2020-05-11,"latent_trend",NA,NA,NA,0.351064150889169,NA,NA,NA,NA
"New Mexico","status_quo","Past",2020-05-11,"latent_trend",NA,NA,NA,0.351064150889169,NA,NA,NA,NA
"New Mexico","linear_increase_sd","Past",2020-05-11,"mobility_trend",NA,NA,NA,0.760136502853976,NA,NA,NA,NA
"New Mexico","return_normal","Past",2020-05-11,"mobility_trend",NA,NA,NA,0.760136502853976,NA,NA,NA,NA
"New Mexico","status_quo","Past",2020-05-11,"mobility_trend",NA,NA,NA,0.760136502853976,NA,NA,NA,NA
"New Mexico",NA,"Past",2020-05-12,"actual_cumulative_cases",NA,NA,NA,5069,NA,NA,NA,NA
"New Mexico",NA,"Past",2020-05-12,"actual_cumulative_deaths",NA,NA,NA,207,NA,NA,NA,NA
"New Mexico",NA,"Past",2020-05-12,"actual_daily_cases",NA,NA,NA,206,NA,NA,NA,NA
"New Mexico",NA,"Past",2020-05-12,"actual_daily_deaths",NA,NA,NA,8,NA,NA,NA,NA
"New Mexico","linear_increase_sd","Past",2020-05-12,"combined_trend",NA,NA,NA,0.265856657161359,NA,NA,NA,NA
"New Mexico","return_normal","Past",2020-05-12,"combined_trend",NA,NA,NA,0.265856657161359,NA,NA,NA,NA
"New Mexico","status_quo","Past",2020-05-12,"combined_trend",NA,NA,NA,0.265856657161359,NA,NA,NA,NA
"New Mexico","linear_increase_sd","Past",2020-05-12,"cumulative_all_infections",20907,20907,20907,23977,25218,25805,25805,25805
"New Mexico","return_normal","Past",2020-05-12,"cumulative_all_infections",20907,20907,20907,23977,25218,25805,25805,25805
"New Mexico","status_quo","Past",2020-05-12,"cumulative_all_infections",20907,20907,20907,23977,25218,25805,25805,25805
"New Mexico","linear_increase_sd","Past",2020-05-12,"cumulative_cases",5129,5129,5129,5869,6158,6319,6319,6319
"New Mexico","return_normal","Past",2020-05-12,"cumulative_cases",5129,5129,5129,5869,6158,6319,6319,6319
"New Mexico","status_quo","Past",2020-05-12,"cumulative_cases",5129,5129,5129,5869,6158,6319,6319,6319
"New Mexico","linear_increase_sd","Past",2020-05-12,"cumulative_deaths",218,218,218,243,253,257,257,257
"New Mexico","return_normal","Past",2020-05-12,"cumulative_deaths",218,218,218,243,253,257,257,257
"New Mexico","status_quo","Past",2020-05-12,"cumulative_deaths",218,218,218,243,253,257,257,257
"New Mexico","linear_increase_sd","Past",2020-05-12,"cumulative_hosps",561,561,561,635,663,679,679,679
"New Mexico","return_normal","Past",2020-05-12,"cumulative_hosps",561,561,561,635,663,679,679,679
"New Mexico","status_quo","Past",2020-05-12,"cumulative_hosps",561,561,561,635,663,679,679,679
"New Mexico","linear_increase_sd","Past",2020-05-12,"daily_all_infections",360,360,360,394,383,437,437,437
"New Mexico","return_normal","Past",2020-05-12,"daily_all_infections",360,360,360,394,383,437,437,437
"New Mexico","status_quo","Past",2020-05-12,"daily_all_infections",360,360,360,394,383,437,437,437
"New Mexico","linear_increase_sd","Past",2020-05-12,"daily_cases",141,141,141,159,156,180,180,180
"New Mexico","return_normal","Past",2020-05-12,"daily_cases",141,141,141,159,156,180,180,180
"New Mexico","status_quo","Past",2020-05-12,"daily_cases",141,141,141,159,156,180,180,180
"New Mexico","linear_increase_sd","Past",2020-05-12,"daily_deaths",8,8,8,9,9,10,10,10
"New Mexico","return_normal","Past",2020-05-12,"daily_deaths",8,8,8,9,9,10,10,10
"New Mexico","status_quo","Past",2020-05-12,"daily_deaths",8,8,8,9,9,10,10,10
"New Mexico","linear_increase_sd","Past",2020-05-12,"daily_hosps",19,19,19,22,22,23,23,23
"New Mexico","return_normal","Past",2020-05-12,"daily_hosps",19,19,19,22,22,23,23,23
"New Mexico","status_quo","Past",2020-05-12,"daily_hosps",19,19,19,22,22,23,23,23
"New Mexico","linear_increase_sd","Past",2020-05-12,"latent_trend",NA,NA,NA,0.344964811311311,NA,NA,NA,NA
"New Mexico","return_normal","Past",2020-05-12,"latent_trend",NA,NA,NA,0.344964811311311,NA,NA,NA,NA
"New Mexico","status_quo","Past",2020-05-12,"latent_trend",NA,NA,NA,0.344964811311311,NA,NA,NA,NA
"New Mexico","linear_increase_sd","Past",2020-05-12,"mobility_trend",NA,NA,NA,0.770677612452007,NA,NA,NA,NA
"New Mexico","return_normal","Past",2020-05-12,"mobility_trend",NA,NA,NA,0.770677612452007,NA,NA,NA,NA
"New Mexico","status_quo","Past",2020-05-12,"mobility_trend",NA,NA,NA,0.770677612452007,NA,NA,NA,NA
"New Mexico",NA,"Past",2020-05-13,"actual_cumulative_cases",NA,NA,NA,5212,NA,NA,NA,NA
"New Mexico",NA,"Past",2020-05-13,"actual_cumulative_deaths",NA,NA,NA,218,NA,NA,NA,NA
"New Mexico",NA,"Past",2020-05-13,"actual_daily_cases",NA,NA,NA,143,NA,NA,NA,NA
"New Mexico",NA,"Past",2020-05-13,"actual_daily_deaths",NA,NA,NA,11,NA,NA,NA,NA
"New Mexico","linear_increase_sd","Past",2020-05-13,"combined_trend",NA,NA,NA,0.268022306579852,NA,NA,NA,NA
"New Mexico","return_normal","Past",2020-05-13,"combined_trend",NA,NA,NA,0.268022306579852,NA,NA,NA,NA
"New Mexico","status_quo","Past",2020-05-13,"combined_trend",NA,NA,NA,0.268022306579852,NA,NA,NA,NA
"New Mexico","linear_increase_sd","Past",2020-05-13,"cumulative_all_infections",21259,21259,21259,24362,25645,26180,26180,26180
"New Mexico","return_normal","Past",2020-05-13,"cumulative_all_infections",21259,21259,21259,24362,25645,26180,26180,26180
"New Mexico","status_quo","Past",2020-05-13,"cumulative_all_infections",21259,21259,21259,24362,25645,26180,26180,26180
"New Mexico","linear_increase_sd","Past",2020-05-13,"cumulative_cases",5251,5251,5251,6016,6319,6478,6478,6478
"New Mexico","return_normal","Past",2020-05-13,"cumulative_cases",5251,5251,5251,6016,6319,6478,6478,6478
"New Mexico","status_quo","Past",2020-05-13,"cumulative_cases",5251,5251,5251,6016,6319,6478,6478,6478
"New Mexico","linear_increase_sd","Past",2020-05-13,"cumulative_deaths",226,226,226,252,263,267,267,267
"New Mexico","return_normal","Past",2020-05-13,"cumulative_deaths",226,226,226,252,263,267,267,267
"New Mexico","status_quo","Past",2020-05-13,"cumulative_deaths",226,226,226,252,263,267,267,267
"New Mexico","linear_increase_sd","Past",2020-05-13,"cumulative_hosps",579,579,579,656,685,702,702,702
"New Mexico","return_normal","Past",2020-05-13,"cumulative_hosps",579,579,579,656,685,702,702,702
"New Mexico","status_quo","Past",2020-05-13,"cumulative_hosps",579,579,579,656,685,702,702,702
"New Mexico","linear_increase_sd","Past",2020-05-13,"daily_all_infections",352,352,352,385,375,427,427,427
"New Mexico","return_normal","Past",2020-05-13,"daily_all_infections",352,352,352,385,375,427,427,427
"New Mexico","status_quo","Past",2020-05-13,"daily_all_infections",352,352,352,385,375,427,427,427
"New Mexico","linear_increase_sd","Past",2020-05-13,"daily_cases",122,122,122,148,159,161,161,161
"New Mexico","return_normal","Past",2020-05-13,"daily_cases",122,122,122,148,159,161,161,161
"New Mexico","status_quo","Past",2020-05-13,"daily_cases",122,122,122,148,159,161,161,161
"New Mexico","linear_increase_sd","Past",2020-05-13,"daily_deaths",8,8,8,10,10,10,10,10
"New Mexico","return_normal","Past",2020-05-13,"daily_deaths",8,8,8,10,10,10,10,10
"New Mexico","status_quo","Past",2020-05-13,"daily_deaths",8,8,8,10,10,10,10,10
"New Mexico","linear_increase_sd","Past",2020-05-13,"daily_hosps",18,18,18,21,22,23,23,23
"New Mexico","return_normal","Past",2020-05-13,"daily_hosps",18,18,18,21,22,23,23,23
"New Mexico","status_quo","Past",2020-05-13,"daily_hosps",18,18,18,21,22,23,23,23
"New Mexico","linear_increase_sd","Past",2020-05-13,"latent_trend",NA,NA,NA,0.343123641350522,NA,NA,NA,NA
"New Mexico","return_normal","Past",2020-05-13,"latent_trend",NA,NA,NA,0.343123641350522,NA,NA,NA,NA
"New Mexico","status_quo","Past",2020-05-13,"latent_trend",NA,NA,NA,0.343123641350522,NA,NA,NA,NA
"New Mexico","linear_increase_sd","Past",2020-05-13,"mobility_trend",NA,NA,NA,0.781124569338697,NA,NA,NA,NA
"New Mexico","return_normal","Past",2020-05-13,"mobility_trend",NA,NA,NA,0.781124569338697,NA,NA,NA,NA
"New Mexico","status_quo","Past",2020-05-13,"mobility_trend",NA,NA,NA,0.781124569338697,NA,NA,NA,NA
"New Mexico",NA,"Past",2020-05-14,"actual_cumulative_cases",NA,NA,NA,5364,NA,NA,NA,NA
"New Mexico",NA,"Past",2020-05-14,"actual_cumulative_deaths",NA,NA,NA,230,NA,NA,NA,NA
"New Mexico",NA,"Past",2020-05-14,"actual_daily_cases",NA,NA,NA,152,NA,NA,NA,NA
"New Mexico",NA,"Past",2020-05-14,"actual_daily_deaths",NA,NA,NA,12,NA,NA,NA,NA
"New Mexico","linear_increase_sd","Past",2020-05-14,"combined_trend",NA,NA,NA,0.273012084598769,NA,NA,NA,NA
"New Mexico","return_normal","Past",2020-05-14,"combined_trend",NA,NA,NA,0.273012084598769,NA,NA,NA,NA
"New Mexico","status_quo","Past",2020-05-14,"combined_trend",NA,NA,NA,0.273012084598769,NA,NA,NA,NA
"New Mexico","linear_increase_sd","Past",2020-05-14,"cumulative_all_infections",21613,21613,21613,24743,26065,26551,26551,26551
"New Mexico","return_normal","Past",2020-05-14,"cumulative_all_infections",21613,21613,21613,24743,26065,26551,26551,26551
"New Mexico","status_quo","Past",2020-05-14,"cumulative_all_infections",21613,21613,21613,24743,26065,26551,26551,26551
"New Mexico","linear_increase_sd","Past",2020-05-14,"cumulative_cases",5388,5388,5388,6165,6485,6621,6621,6621
"New Mexico","return_normal","Past",2020-05-14,"cumulative_cases",5388,5388,5388,6165,6485,6621,6621,6621
"New Mexico","status_quo","Past",2020-05-14,"cumulative_cases",5388,5388,5388,6165,6485,6621,6621,6621
"New Mexico","linear_increase_sd","Past",2020-05-14,"cumulative_deaths",234,234,234,261,272,277,277,277
"New Mexico","return_normal","Past",2020-05-14,"cumulative_deaths",234,234,234,261,272,277,277,277
"New Mexico","status_quo","Past",2020-05-14,"cumulative_deaths",234,234,234,261,272,277,277,277
"New Mexico","linear_increase_sd","Past",2020-05-14,"cumulative_hosps",597,597,597,676,706,724,724,724
"New Mexico","return_normal","Past",2020-05-14,"cumulative_hosps",597,597,597,676,706,724,724,724
"New Mexico","status_quo","Past",2020-05-14,"cumulative_hosps",597,597,597,676,706,724,724,724
"New Mexico","linear_increase_sd","Past",2020-05-14,"daily_all_infections",354,354,354,382,371,420,420,420
"New Mexico","return_normal","Past",2020-05-14,"daily_all_infections",354,354,354,382,371,420,420,420
"New Mexico","status_quo","Past",2020-05-14,"daily_all_infections",354,354,354,382,371,420,420,420
"New Mexico","linear_increase_sd","Past",2020-05-14,"daily_cases",137,137,137,149,143,166,166,166
"New Mexico","return_normal","Past",2020-05-14,"daily_cases",137,137,137,149,143,166,166,166
"New Mexico","status_quo","Past",2020-05-14,"daily_cases",137,137,137,149,143,166,166,166
"New Mexico","linear_increase_sd","Past",2020-05-14,"daily_deaths",8,8,8,9,9,10,10,10
"New Mexico","return_normal","Past",2020-05-14,"daily_deaths",8,8,8,9,9,10,10,10
"New Mexico","status_quo","Past",2020-05-14,"daily_deaths",8,8,8,9,9,10,10,10
"New Mexico","linear_increase_sd","Past",2020-05-14,"daily_hosps",18,18,18,21,21,22,22,22
"New Mexico","return_normal","Past",2020-05-14,"daily_hosps",18,18,18,21,21,22,22,22
"New Mexico","status_quo","Past",2020-05-14,"daily_hosps",18,18,18,21,21,22,22,22
"New Mexico","linear_increase_sd","Past",2020-05-14,"latent_trend",NA,NA,NA,0.344939669742785,NA,NA,NA,NA
"New Mexico","return_normal","Past",2020-05-14,"latent_trend",NA,NA,NA,0.344939669742785,NA,NA,NA,NA
"New Mexico","status_quo","Past",2020-05-14,"latent_trend",NA,NA,NA,0.344939669742785,NA,NA,NA,NA
"New Mexico","linear_increase_sd","Past",2020-05-14,"mobility_trend",NA,NA,NA,0.79147778161424,NA,NA,NA,NA
"New Mexico","return_normal","Past",2020-05-14,"mobility_trend",NA,NA,NA,0.79147778161424,NA,NA,NA,NA
"New Mexico","status_quo","Past",2020-05-14,"mobility_trend",NA,NA,NA,0.79147778161424,NA,NA,NA,NA
"New Mexico",NA,"Past",2020-05-15,"actual_cumulative_cases",NA,NA,NA,5503,NA,NA,NA,NA
"New Mexico",NA,"Past",2020-05-15,"actual_cumulative_deaths",NA,NA,NA,241,NA,NA,NA,NA
"New Mexico",NA,"Past",2020-05-15,"actual_daily_cases",NA,NA,NA,139,NA,NA,NA,NA
"New Mexico",NA,"Past",2020-05-15,"actual_daily_deaths",NA,NA,NA,11,NA,NA,NA,NA
"New Mexico","linear_increase_sd","Past",2020-05-15,"combined_trend",NA,NA,NA,0.28049588735716,NA,NA,NA,NA
"New Mexico","return_normal","Past",2020-05-15,"combined_trend",NA,NA,NA,0.28049588735716,NA,NA,NA,NA
"New Mexico","status_quo","Past",2020-05-15,"combined_trend",NA,NA,NA,0.28049588735716,NA,NA,NA,NA
"New Mexico","linear_increase_sd","Past",2020-05-15,"cumulative_all_infections",21963,21963,21963,25122,26476,26925,26925,26925
"New Mexico","return_normal","Past",2020-05-15,"cumulative_all_infections",21963,21963,21963,25122,26476,26925,26925,26925
"New Mexico","status_quo","Past",2020-05-15,"cumulative_all_infections",21963,21963,21963,25122,26476,26925,26925,26925
"New Mexico","linear_increase_sd","Past",2020-05-15,"cumulative_cases",5513,5513,5513,6308,6634,6775,6775,6775
"New Mexico","return_normal","Past",2020-05-15,"cumulative_cases",5513,5513,5513,6308,6634,6775,6775,6775
"New Mexico","status_quo","Past",2020-05-15,"cumulative_cases",5513,5513,5513,6308,6634,6775,6775,6775
"New Mexico","linear_increase_sd","Past",2020-05-15,"cumulative_deaths",242,242,242,270,281,285,285,285
"New Mexico","return_normal","Past",2020-05-15,"cumulative_deaths",242,242,242,270,281,285,285,285
"New Mexico","status_quo","Past",2020-05-15,"cumulative_deaths",242,242,242,270,281,285,285,285
"New Mexico","linear_increase_sd","Past",2020-05-15,"cumulative_hosps",615,615,615,696,727,746,746,746
"New Mexico","return_normal","Past",2020-05-15,"cumulative_hosps",615,615,615,696,727,746,746,746
"New Mexico","status_quo","Past",2020-05-15,"cumulative_hosps",615,615,615,696,727,746,746,746
"New Mexico","linear_increase_sd","Past",2020-05-15,"daily_all_infections",350,350,350,379,374,411,411,411
"New Mexico","return_normal","Past",2020-05-15,"daily_all_infections",350,350,350,379,374,411,411,411
"New Mexico","status_quo","Past",2020-05-15,"daily_all_infections",350,350,350,379,374,411,411,411
"New Mexico","linear_increase_sd","Past",2020-05-15,"daily_cases",125,125,125,143,149,154,154,154
"New Mexico","return_normal","Past",2020-05-15,"daily_cases",125,125,125,143,149,154,154,154
"New Mexico","status_quo","Past",2020-05-15,"daily_cases",125,125,125,143,149,154,154,154
"New Mexico","linear_increase_sd","Past",2020-05-15,"daily_deaths",8,8,8,9,8,9,9,9
"New Mexico","return_normal","Past",2020-05-15,"daily_deaths",8,8,8,9,8,9,9,9
"New Mexico","status_quo","Past",2020-05-15,"daily_deaths",8,8,8,9,8,9,9,9
"New Mexico","linear_increase_sd","Past",2020-05-15,"daily_hosps",18,18,18,21,21,22,22,22
"New Mexico","return_normal","Past",2020-05-15,"daily_hosps",18,18,18,21,21,22,22,22
"New Mexico","status_quo","Past",2020-05-15,"daily_hosps",18,18,18,21,21,22,22,22
"New Mexico","linear_increase_sd","Past",2020-05-15,"latent_trend",NA,NA,NA,0.349848142658294,NA,NA,NA,NA
"New Mexico","return_normal","Past",2020-05-15,"latent_trend",NA,NA,NA,0.349848142658294,NA,NA,NA,NA
"New Mexico","status_quo","Past",2020-05-15,"latent_trend",NA,NA,NA,0.349848142658294,NA,NA,NA,NA
"New Mexico","linear_increase_sd","Past",2020-05-15,"mobility_trend",NA,NA,NA,0.801764689175806,NA,NA,NA,NA
"New Mexico","return_normal","Past",2020-05-15,"mobility_trend",NA,NA,NA,0.801764689175806,NA,NA,NA,NA
"New Mexico","status_quo","Past",2020-05-15,"mobility_trend",NA,NA,NA,0.801764689175806,NA,NA,NA,NA
"New Mexico",NA,"Past",2020-05-16,"actual_cumulative_cases",NA,NA,NA,5662,NA,NA,NA,NA
"New Mexico",NA,"Past",2020-05-16,"actual_cumulative_deaths",NA,NA,NA,252,NA,NA,NA,NA
"New Mexico",NA,"Past",2020-05-16,"actual_daily_cases",NA,NA,NA,159,NA,NA,NA,NA
"New Mexico",NA,"Past",2020-05-16,"actual_daily_deaths",NA,NA,NA,11,NA,NA,NA,NA
"New Mexico","linear_increase_sd","Past",2020-05-16,"combined_trend",NA,NA,NA,0.290130678625778,NA,NA,NA,NA
"New Mexico","return_normal","Past",2020-05-16,"combined_trend",NA,NA,NA,0.290130678625778,NA,NA,NA,NA
"New Mexico","status_quo","Past",2020-05-16,"combined_trend",NA,NA,NA,0.290130678625778,NA,NA,NA,NA
"New Mexico","linear_increase_sd","Past",2020-05-16,"cumulative_all_infections",22311,22311,22311,25496,26883,27294,27294,27294
"New Mexico","return_normal","Past",2020-05-16,"cumulative_all_infections",22311,22311,22311,25496,26883,27294,27294,27294
"New Mexico","status_quo","Past",2020-05-16,"cumulative_all_infections",22311,22311,22311,25496,26883,27294,27294,27294
"New Mexico","linear_increase_sd","Past",2020-05-16,"cumulative_cases",5643,5643,5643,6445,6781,6909,6909,6909
"New Mexico","return_normal","Past",2020-05-16,"cumulative_cases",5643,5643,5643,6445,6781,6909,6909,6909
"New Mexico","status_quo","Past",2020-05-16,"cumulative_cases",5643,5643,5643,6445,6781,6909,6909,6909
"New Mexico","linear_increase_sd","Past",2020-05-16,"cumulative_deaths",250,250,250,279,291,295,295,295
"New Mexico","return_normal","Past",2020-05-16,"cumulative_deaths",250,250,250,279,291,295,295,295
"New Mexico","status_quo","Past",2020-05-16,"cumulative_deaths",250,250,250,279,291,295,295,295
"New Mexico","linear_increase_sd","Past",2020-05-16,"cumulative_hosps",632,632,632,716,747,768,768,768
"New Mexico","return_normal","Past",2020-05-16,"cumulative_hosps",632,632,632,716,747,768,768,768
"New Mexico","status_quo","Past",2020-05-16,"cumulative_hosps",632,632,632,716,747,768,768,768
"New Mexico","linear_increase_sd","Past",2020-05-16,"daily_all_infections",348,348,348,375,369,407,407,407
"New Mexico","return_normal","Past",2020-05-16,"daily_all_infections",348,348,348,375,369,407,407,407
"New Mexico","status_quo","Past",2020-05-16,"daily_all_infections",348,348,348,375,369,407,407,407
"New Mexico","linear_increase_sd","Past",2020-05-16,"daily_cases",130,130,130,137,134,147,147,147
"New Mexico","return_normal","Past",2020-05-16,"daily_cases",130,130,130,137,134,147,147,147
"New Mexico","status_quo","Past",2020-05-16,"daily_cases",130,130,130,137,134,147,147,147
"New Mexico","linear_increase_sd","Past",2020-05-16,"daily_deaths",8,8,8,10,10,10,10,10
"New Mexico","return_normal","Past",2020-05-16,"daily_deaths",8,8,8,10,10,10,10,10
"New Mexico","status_quo","Past",2020-05-16,"daily_deaths",8,8,8,10,10,10,10,10
"New Mexico","linear_increase_sd","Past",2020-05-16,"daily_hosps",17,17,17,20,20,22,22,22
"New Mexico","return_normal","Past",2020-05-16,"daily_hosps",17,17,17,20,20,22,22,22
"New Mexico","status_quo","Past",2020-05-16,"daily_hosps",17,17,17,20,20,22,22,22
"New Mexico","linear_increase_sd","Past",2020-05-16,"latent_trend",NA,NA,NA,0.357311188607263,NA,NA,NA,NA
"New Mexico","return_normal","Past",2020-05-16,"latent_trend",NA,NA,NA,0.357311188607263,NA,NA,NA,NA
"New Mexico","status_quo","Past",2020-05-16,"latent_trend",NA,NA,NA,0.357311188607263,NA,NA,NA,NA
"New Mexico","linear_increase_sd","Past",2020-05-16,"mobility_trend",NA,NA,NA,0.811983189657891,NA,NA,NA,NA
"New Mexico","return_normal","Past",2020-05-16,"mobility_trend",NA,NA,NA,0.811983189657891,NA,NA,NA,NA
"New Mexico","status_quo","Past",2020-05-16,"mobility_trend",NA,NA,NA,0.811983189657891,NA,NA,NA,NA
"New Mexico",NA,"Past",2020-05-17,"actual_cumulative_cases",NA,NA,NA,5857,NA,NA,NA,NA
"New Mexico",NA,"Past",2020-05-17,"actual_cumulative_deaths",NA,NA,NA,258,NA,NA,NA,NA
"New Mexico",NA,"Past",2020-05-17,"actual_daily_cases",NA,NA,NA,195,NA,NA,NA,NA
"New Mexico",NA,"Past",2020-05-17,"actual_daily_deaths",NA,NA,NA,6,NA,NA,NA,NA
"New Mexico","linear_increase_sd","Past",2020-05-17,"combined_trend",NA,NA,NA,0.301542848415843,NA,NA,NA,NA
"New Mexico","return_normal","Past",2020-05-17,"combined_trend",NA,NA,NA,0.301542848415843,NA,NA,NA,NA
"New Mexico","status_quo","Past",2020-05-17,"combined_trend",NA,NA,NA,0.301542848415843,NA,NA,NA,NA
"New Mexico","linear_increase_sd","Past",2020-05-17,"cumulative_all_infections",22664,22664,22664,25876,27288,27674,27674,27674
"New Mexico","return_normal","Past",2020-05-17,"cumulative_all_infections",22664,22664,22664,25876,27288,27674,27674,27674
"New Mexico","status_quo","Past",2020-05-17,"cumulative_all_infections",22664,22664,22664,25876,27288,27674,27674,27674
"New Mexico","linear_increase_sd","Past",2020-05-17,"cumulative_cases",5754,5754,5754,6573,6929,7035,7035,7035
"New Mexico","return_normal","Past",2020-05-17,"cumulative_cases",5754,5754,5754,6573,6929,7035,7035,7035
"New Mexico","status_quo","Past",2020-05-17,"cumulative_cases",5754,5754,5754,6573,6929,7035,7035,7035
"New Mexico","linear_increase_sd","Past",2020-05-17,"cumulative_deaths",258,258,258,288,301,305,305,305
"New Mexico","return_normal","Past",2020-05-17,"cumulative_deaths",258,258,258,288,301,305,305,305
"New Mexico","status_quo","Past",2020-05-17,"cumulative_deaths",258,258,258,288,301,305,305,305
"New Mexico","linear_increase_sd","Past",2020-05-17,"cumulative_hosps",648,648,648,734,766,788,788,788
"New Mexico","return_normal","Past",2020-05-17,"cumulative_hosps",648,648,648,734,766,788,788,788
"New Mexico","status_quo","Past",2020-05-17,"cumulative_hosps",648,648,648,734,766,788,788,788
"New Mexico","linear_increase_sd","Past",2020-05-17,"daily_all_infections",353,353,353,380,380,405,405,405
"New Mexico","return_normal","Past",2020-05-17,"daily_all_infections",353,353,353,380,380,405,405,405
"New Mexico","status_quo","Past",2020-05-17,"daily_all_infections",353,353,353,380,380,405,405,405
"New Mexico","linear_increase_sd","Past",2020-05-17,"daily_cases",111,111,111,129,126,148,148,148
"New Mexico","return_normal","Past",2020-05-17,"daily_cases",111,111,111,129,126,148,148,148
"New Mexico","status_quo","Past",2020-05-17,"daily_cases",111,111,111,129,126,148,148,148
"New Mexico","linear_increase_sd","Past",2020-05-17,"daily_deaths",8,8,8,10,10,10,10,10
"New Mexico","return_normal","Past",2020-05-17,"daily_deaths",8,8,8,10,10,10,10,10
"New Mexico","status_quo","Past",2020-05-17,"daily_deaths",8,8,8,10,10,10,10,10
"New Mexico","linear_increase_sd","Past",2020-05-17,"daily_hosps",16,16,16,19,19,20,20,20
"New Mexico","return_normal","Past",2020-05-17,"daily_hosps",16,16,16,19,19,20,20,20
"New Mexico","status_quo","Past",2020-05-17,"daily_hosps",16,16,16,19,19,20,20,20
"New Mexico","linear_increase_sd","Past",2020-05-17,"latent_trend",NA,NA,NA,0.36679297145884,NA,NA,NA,NA
"New Mexico","return_normal","Past",2020-05-17,"latent_trend",NA,NA,NA,0.36679297145884,NA,NA,NA,NA
"New Mexico","status_quo","Past",2020-05-17,"latent_trend",NA,NA,NA,0.36679297145884,NA,NA,NA,NA
"New Mexico","linear_increase_sd","Past",2020-05-17,"mobility_trend",NA,NA,NA,0.822106397558604,NA,NA,NA,NA
"New Mexico","return_normal","Past",2020-05-17,"mobility_trend",NA,NA,NA,0.822106397558604,NA,NA,NA,NA
"New Mexico","status_quo","Past",2020-05-17,"mobility_trend",NA,NA,NA,0.822106397558604,NA,NA,NA,NA
"New Mexico",NA,"Past",2020-05-18,"actual_cumulative_cases",NA,NA,NA,5938,NA,NA,NA,NA
"New Mexico",NA,"Past",2020-05-18,"actual_cumulative_deaths",NA,NA,NA,264,NA,NA,NA,NA
"New Mexico",NA,"Past",2020-05-18,"actual_daily_cases",NA,NA,NA,81,NA,NA,NA,NA
"New Mexico",NA,"Past",2020-05-18,"actual_daily_deaths",NA,NA,NA,6,NA,NA,NA,NA
"New Mexico","linear_increase_sd","Past",2020-05-18,"combined_trend",NA,NA,NA,0.314294864378801,NA,NA,NA,NA
"New Mexico","return_normal","Past",2020-05-18,"combined_trend",NA,NA,NA,0.314294864378801,NA,NA,NA,NA
"New Mexico","status_quo","Past",2020-05-18,"combined_trend",NA,NA,NA,0.314294864378801,NA,NA,NA,NA
"New Mexico","linear_increase_sd","Past",2020-05-18,"cumulative_all_infections",23018,23018,23018,26258,27696,28059,28059,28059
"New Mexico","return_normal","Past",2020-05-18,"cumulative_all_infections",23018,23018,23018,26258,27696,28059,28059,28059
"New Mexico","status_quo","Past",2020-05-18,"cumulative_all_infections",23018,23018,23018,26258,27696,28059,28059,28059
"New Mexico","linear_increase_sd","Past",2020-05-18,"cumulative_cases",5876,5876,5876,6703,7072,7160,7160,7160
"New Mexico","return_normal","Past",2020-05-18,"cumulative_cases",5876,5876,5876,6703,7072,7160,7160,7160
"New Mexico","status_quo","Past",2020-05-18,"cumulative_cases",5876,5876,5876,6703,7072,7160,7160,7160
"New Mexico","linear_increase_sd","Past",2020-05-18,"cumulative_deaths",266,266,266,298,311,315,315,315
"New Mexico","return_normal","Past",2020-05-18,"cumulative_deaths",266,266,266,298,311,315,315,315
"New Mexico","status_quo","Past",2020-05-18,"cumulative_deaths",266,266,266,298,311,315,315,315
"New Mexico","linear_increase_sd","Past",2020-05-18,"cumulative_hosps",665,665,665,753,786,808,808,808
"New Mexico","return_normal","Past",2020-05-18,"cumulative_hosps",665,665,665,753,786,808,808,808
"New Mexico","status_quo","Past",2020-05-18,"cumulative_hosps",665,665,665,753,786,808,808,808
"New Mexico","linear_increase_sd","Past",2020-05-18,"daily_all_infections",354,354,354,383,385,408,408,408
"New Mexico","return_normal","Past",2020-05-18,"daily_all_infections",354,354,354,383,385,408,408,408
"New Mexico","status_quo","Past",2020-05-18,"daily_all_infections",354,354,354,383,385,408,408,408
"New Mexico","linear_increase_sd","Past",2020-05-18,"daily_cases",122,122,122,130,125,143,143,143
"New Mexico","return_normal","Past",2020-05-18,"daily_cases",122,122,122,130,125,143,143,143
"New Mexico","status_quo","Past",2020-05-18,"daily_cases",122,122,122,130,125,143,143,143
"New Mexico","linear_increase_sd","Past",2020-05-18,"daily_deaths",8,8,8,10,10,10,10,10
"New Mexico","return_normal","Past",2020-05-18,"daily_deaths",8,8,8,10,10,10,10,10
"New Mexico","status_quo","Past",2020-05-18,"daily_deaths",8,8,8,10,10,10,10,10
"New Mexico","linear_increase_sd","Past",2020-05-18,"daily_hosps",17,17,17,19,20,20,20,20
"New Mexico","return_normal","Past",2020-05-18,"daily_hosps",17,17,17,19,20,20,20,20
"New Mexico","status_quo","Past",2020-05-18,"daily_hosps",17,17,17,19,20,20,20,20
"New Mexico","linear_increase_sd","Past",2020-05-18,"latent_trend",NA,NA,NA,0.377741071820525,NA,NA,NA,NA
"New Mexico","return_normal","Past",2020-05-18,"latent_trend",NA,NA,NA,0.377741071820525,NA,NA,NA,NA
"New Mexico","status_quo","Past",2020-05-18,"latent_trend",NA,NA,NA,0.377741071820525,NA,NA,NA,NA
"New Mexico","linear_increase_sd","Past",2020-05-18,"mobility_trend",NA,NA,NA,0.832037837093157,NA,NA,NA,NA
"New Mexico","return_normal","Past",2020-05-18,"mobility_trend",NA,NA,NA,0.832037837093157,NA,NA,NA,NA
"New Mexico","status_quo","Past",2020-05-18,"mobility_trend",NA,NA,NA,0.832037837093157,NA,NA,NA,NA
"New Mexico",NA,"Past",2020-05-19,"actual_cumulative_cases",NA,NA,NA,6096,NA,NA,NA,NA
"New Mexico",NA,"Past",2020-05-19,"actual_cumulative_deaths",NA,NA,NA,269,NA,NA,NA,NA
"New Mexico",NA,"Past",2020-05-19,"actual_daily_cases",NA,NA,NA,158,NA,NA,NA,NA
"New Mexico",NA,"Past",2020-05-19,"actual_daily_deaths",NA,NA,NA,5,NA,NA,NA,NA
"New Mexico","linear_increase_sd","Past",2020-05-19,"combined_trend",NA,NA,NA,0.327855158264577,NA,NA,NA,NA
"New Mexico","return_normal","Past",2020-05-19,"combined_trend",NA,NA,NA,0.327855158264577,NA,NA,NA,NA
"New Mexico","status_quo","Past",2020-05-19,"combined_trend",NA,NA,NA,0.327855158264577,NA,NA,NA,NA
"New Mexico","linear_increase_sd","Past",2020-05-19,"cumulative_all_infections",23382,23382,23382,26645,28101,28452,28452,28452
"New Mexico","return_normal","Past",2020-05-19,"cumulative_all_infections",23382,23382,23382,26645,28101,28452,28452,28452
"New Mexico","status_quo","Past",2020-05-19,"cumulative_all_infections",23382,23382,23382,26645,28101,28452,28452,28452
"New Mexico","linear_increase_sd","Past",2020-05-19,"cumulative_cases",6000,6000,6000,6826,7193,7283,7283,7283
"New Mexico","return_normal","Past",2020-05-19,"cumulative_cases",6000,6000,6000,6826,7193,7283,7283,7283
"New Mexico","status_quo","Past",2020-05-19,"cumulative_cases",6000,6000,6000,6826,7193,7283,7283,7283
"New Mexico","linear_increase_sd","Past",2020-05-19,"cumulative_deaths",274,274,274,307,320,325,325,325
"New Mexico","return_normal","Past",2020-05-19,"cumulative_deaths",274,274,274,307,320,325,325,325
"New Mexico","status_quo","Past",2020-05-19,"cumulative_deaths",274,274,274,307,320,325,325,325
"New Mexico","linear_increase_sd","Past",2020-05-19,"cumulative_hosps",680,680,680,771,804,827,827,827
"New Mexico","return_normal","Past",2020-05-19,"cumulative_hosps",680,680,680,771,804,827,827,827
"New Mexico","status_quo","Past",2020-05-19,"cumulative_hosps",680,680,680,771,804,827,827,827
"New Mexico","linear_increase_sd","Past",2020-05-19,"daily_all_infections",364,364,364,388,393,405,405,405
"New Mexico","return_normal","Past",2020-05-19,"daily_all_infections",364,364,364,388,393,405,405,405
"New Mexico","status_quo","Past",2020-05-19,"daily_all_infections",364,364,364,388,393,405,405,405
"New Mexico","linear_increase_sd","Past",2020-05-19,"daily_cases",121,121,121,123,123,124,124,124
"New Mexico","return_normal","Past",2020-05-19,"daily_cases",121,121,121,123,123,124,124,124
"New Mexico","status_quo","Past",2020-05-19,"daily_cases",121,121,121,123,123,124,124,124
"New Mexico","linear_increase_sd","Past",2020-05-19,"daily_deaths",8,8,8,9,9,10,10,10
"New Mexico","return_normal","Past",2020-05-19,"daily_deaths",8,8,8,9,9,10,10,10
"New Mexico","status_quo","Past",2020-05-19,"daily_deaths",8,8,8,9,9,10,10,10
"New Mexico","linear_increase_sd","Past",2020-05-19,"daily_hosps",15,15,15,18,18,19,19,19
"New Mexico","return_normal","Past",2020-05-19,"daily_hosps",15,15,15,18,18,19,19,19
"New Mexico","status_quo","Past",2020-05-19,"daily_hosps",15,15,15,18,18,19,19,19
"New Mexico","linear_increase_sd","Past",2020-05-19,"latent_trend",NA,NA,NA,0.389575323171641,NA,NA,NA,NA
"New Mexico","return_normal","Past",2020-05-19,"latent_trend",NA,NA,NA,0.389575323171641,NA,NA,NA,NA
"New Mexico","status_quo","Past",2020-05-19,"latent_trend",NA,NA,NA,0.389575323171641,NA,NA,NA,NA
"New Mexico","linear_increase_sd","Past",2020-05-19,"mobility_trend",NA,NA,NA,0.841570650818993,NA,NA,NA,NA
"New Mexico","return_normal","Past",2020-05-19,"mobility_trend",NA,NA,NA,0.841570650818993,NA,NA,NA,NA
"New Mexico","status_quo","Past",2020-05-19,"mobility_trend",NA,NA,NA,0.841570650818993,NA,NA,NA,NA
"New Mexico",NA,"Past",2020-05-20,"actual_cumulative_cases",NA,NA,NA,6192,NA,NA,NA,NA
"New Mexico",NA,"Past",2020-05-20,"actual_cumulative_deaths",NA,NA,NA,275,NA,NA,NA,NA
"New Mexico",NA,"Past",2020-05-20,"actual_daily_cases",NA,NA,NA,96,NA,NA,NA,NA
"New Mexico",NA,"Past",2020-05-20,"actual_daily_deaths",NA,NA,NA,6,NA,NA,NA,NA
"New Mexico","linear_increase_sd","Past",2020-05-20,"combined_trend",NA,NA,NA,0.341482181131646,NA,NA,NA,NA
"New Mexico","return_normal","Past",2020-05-20,"combined_trend",NA,NA,NA,0.341482181131646,NA,NA,NA,NA
"New Mexico","status_quo","Past",2020-05-20,"combined_trend",NA,NA,NA,0.341482181131646,NA,NA,NA,NA
"New Mexico","linear_increase_sd","Past",2020-05-20,"cumulative_all_infections",23753,23753,23753,27042,28515,28857,28857,28857
"New Mexico","return_normal","Past",2020-05-20,"cumulative_all_infections",23753,23753,23753,27042,28515,28857,28857,28857
"New Mexico","status_quo","Past",2020-05-20,"cumulative_all_infections",23753,23753,23753,27042,28515,28857,28857,28857
"New Mexico","linear_increase_sd","Past",2020-05-20,"cumulative_cases",6115,6115,6115,6953,7342,7401,7401,7401
"New Mexico","return_normal","Past",2020-05-20,"cumulative_cases",6115,6115,6115,6953,7342,7401,7401,7401
"New Mexico","status_quo","Past",2020-05-20,"cumulative_cases",6115,6115,6115,6953,7342,7401,7401,7401
"New Mexico","linear_increase_sd","Past",2020-05-20,"cumulative_deaths",282,282,282,316,329,336,336,336
"New Mexico","return_normal","Past",2020-05-20,"cumulative_deaths",282,282,282,316,329,336,336,336
"New Mexico","status_quo","Past",2020-05-20,"cumulative_deaths",282,282,282,316,329,336,336,336
"New Mexico","linear_increase_sd","Past",2020-05-20,"cumulative_hosps",696,696,696,788,822,845,845,845
"New Mexico","return_normal","Past",2020-05-20,"cumulative_hosps",696,696,696,788,822,845,845,845
"New Mexico","status_quo","Past",2020-05-20,"cumulative_hosps",696,696,696,788,822,845,845,845
"New Mexico","linear_increase_sd","Past",2020-05-20,"daily_all_infections",371,371,371,397,405,414,414,414
"New Mexico","return_normal","Past",2020-05-20,"daily_all_infections",371,371,371,397,405,414,414,414
"New Mexico","status_quo","Past",2020-05-20,"daily_all_infections",371,371,371,397,405,414,414,414
"New Mexico","linear_increase_sd","Past",2020-05-20,"daily_cases",115,115,115,128,118,149,149,149
"New Mexico","return_normal","Past",2020-05-20,"daily_cases",115,115,115,128,118,149,149,149
"New Mexico","status_quo","Past",2020-05-20,"daily_cases",115,115,115,128,118,149,149,149
"New Mexico","linear_increase_sd","Past",2020-05-20,"daily_deaths",8,8,8,10,9,11,11,11
"New Mexico","return_normal","Past",2020-05-20,"daily_deaths",8,8,8,10,9,11,11,11
"New Mexico","status_quo","Past",2020-05-20,"daily_deaths",8,8,8,10,9,11,11,11
"New Mexico","linear_increase_sd","Past",2020-05-20,"daily_hosps",16,16,16,18,18,18,18,18
"New Mexico","return_normal","Past",2020-05-20,"daily_hosps",16,16,16,18,18,18,18,18
"New Mexico","status_quo","Past",2020-05-20,"daily_hosps",16,16,16,18,18,18,18,18
"New Mexico","linear_increase_sd","Past",2020-05-20,"latent_trend",NA,NA,NA,0.401684177495802,NA,NA,NA,NA
"New Mexico","return_normal","Past",2020-05-20,"latent_trend",NA,NA,NA,0.401684177495802,NA,NA,NA,NA
"New Mexico","status_quo","Past",2020-05-20,"latent_trend",NA,NA,NA,0.401684177495802,NA,NA,NA,NA
"New Mexico","linear_increase_sd","Past",2020-05-20,"mobility_trend",NA,NA,NA,0.850126044945386,NA,NA,NA,NA
"New Mexico","return_normal","Past",2020-05-20,"mobility_trend",NA,NA,NA,0.850126044945386,NA,NA,NA,NA
"New Mexico","status_quo","Past",2020-05-20,"mobility_trend",NA,NA,NA,0.850126044945386,NA,NA,NA,NA
"New Mexico",NA,"Past",2020-05-21,"actual_cumulative_cases",NA,NA,NA,6317,NA,NA,NA,NA
"New Mexico",NA,"Past",2020-05-21,"actual_cumulative_deaths",NA,NA,NA,282,NA,NA,NA,NA
"New Mexico",NA,"Past",2020-05-21,"actual_daily_cases",NA,NA,NA,125,NA,NA,NA,NA
"New Mexico",NA,"Past",2020-05-21,"actual_daily_deaths",NA,NA,NA,7,NA,NA,NA,NA
"New Mexico","linear_increase_sd","Past",2020-05-21,"combined_trend",NA,NA,NA,0.354339621403449,NA,NA,NA,NA
"New Mexico","return_normal","Past",2020-05-21,"combined_trend",NA,NA,NA,0.354339621403449,NA,NA,NA,NA
"New Mexico","status_quo","Past",2020-05-21,"combined_trend",NA,NA,NA,0.354339621403449,NA,NA,NA,NA
"New Mexico","linear_increase_sd","Past",2020-05-21,"cumulative_all_infections",24130,24130,24130,27450,28933,29285,29285,29285
"New Mexico","return_normal","Past",2020-05-21,"cumulative_all_infections",24130,24130,24130,27450,28933,29285,29285,29285
"New Mexico","status_quo","Past",2020-05-21,"cumulative_all_infections",24130,24130,24130,27450,28933,29285,29285,29285
"New Mexico","linear_increase_sd","Past",2020-05-21,"cumulative_cases",6231,6231,6231,7079,7475,7531,7531,7531
"New Mexico","return_normal","Past",2020-05-21,"cumulative_cases",6231,6231,6231,7079,7475,7531,7531,7531
"New Mexico","status_quo","Past",2020-05-21,"cumulative_cases",6231,6231,6231,7079,7475,7531,7531,7531
"New Mexico","linear_increase_sd","Past",2020-05-21,"cumulative_deaths",290,290,290,325,338,346,346,346
"New Mexico","return_normal","Past",2020-05-21,"cumulative_deaths",290,290,290,325,338,346,346,346
"New Mexico","status_quo","Past",2020-05-21,"cumulative_deaths",290,290,290,325,338,346,346,346
"New Mexico","linear_increase_sd","Past",2020-05-21,"cumulative_hosps",711,711,711,805,840,862,862,862
"New Mexico","return_normal","Past",2020-05-21,"cumulative_hosps",711,711,711,805,840,862,862,862
"New Mexico","status_quo","Past",2020-05-21,"cumulative_hosps",711,711,711,805,840,862,862,862
"New Mexico","linear_increase_sd","Past",2020-05-21,"daily_all_infections",377,377,377,408,418,428,428,428
"New Mexico","return_normal","Past",2020-05-21,"daily_all_infections",377,377,377,408,418,428,428,428
"New Mexico","status_quo","Past",2020-05-21,"daily_all_infections",377,377,377,408,418,428,428,428
"New Mexico","linear_increase_sd","Past",2020-05-21,"daily_cases",116,116,116,127,130,133,133,133
"New Mexico","return_normal","Past",2020-05-21,"daily_cases",116,116,116,127,130,133,133,133
"New Mexico","status_quo","Past",2020-05-21,"daily_cases",116,116,116,127,130,133,133,133
"New Mexico","linear_increase_sd","Past",2020-05-21,"daily_deaths",8,8,8,9,9,10,10,10
"New Mexico","return_normal","Past",2020-05-21,"daily_deaths",8,8,8,9,9,10,10,10
"New Mexico","status_quo","Past",2020-05-21,"daily_deaths",8,8,8,9,9,10,10,10
"New Mexico","linear_increase_sd","Past",2020-05-21,"daily_hosps",15,15,15,17,17,18,18,18
"New Mexico","return_normal","Past",2020-05-21,"daily_hosps",15,15,15,17,17,18,18,18
"New Mexico","status_quo","Past",2020-05-21,"daily_hosps",15,15,15,17,17,18,18,18
"New Mexico","linear_increase_sd","Past",2020-05-21,"latent_trend",NA,NA,NA,0.413427582615469,NA,NA,NA,NA
"New Mexico","return_normal","Past",2020-05-21,"latent_trend",NA,NA,NA,0.413427582615469,NA,NA,NA,NA
"New Mexico","status_quo","Past",2020-05-21,"latent_trend",NA,NA,NA,0.413427582615469,NA,NA,NA,NA
"New Mexico","linear_increase_sd","Past",2020-05-21,"mobility_trend",NA,NA,NA,0.857077844593213,NA,NA,NA,NA
"New Mexico","return_normal","Past",2020-05-21,"mobility_trend",NA,NA,NA,0.857077844593213,NA,NA,NA,NA
"New Mexico","status_quo","Past",2020-05-21,"mobility_trend",NA,NA,NA,0.857077844593213,NA,NA,NA,NA
"New Mexico",NA,"Past",2020-05-22,"actual_cumulative_cases",NA,NA,NA,6472,NA,NA,NA,NA
"New Mexico",NA,"Past",2020-05-22,"actual_cumulative_deaths",NA,NA,NA,293,NA,NA,NA,NA
"New Mexico",NA,"Past",2020-05-22,"actual_daily_cases",NA,NA,NA,155,NA,NA,NA,NA
"New Mexico",NA,"Past",2020-05-22,"actual_daily_deaths",NA,NA,NA,11,NA,NA,NA,NA
"New Mexico","linear_increase_sd","Past",2020-05-22,"combined_trend",NA,NA,NA,0.365604977953658,NA,NA,NA,NA
"New Mexico","return_normal","Past",2020-05-22,"combined_trend",NA,NA,NA,0.365604977953658,NA,NA,NA,NA
"New Mexico","status_quo","Past",2020-05-22,"combined_trend",NA,NA,NA,0.365604977953658,NA,NA,NA,NA
"New Mexico","linear_increase_sd","Past",2020-05-22,"cumulative_all_infections",24517,24517,24517,27866,29356,29724,29724,29724
"New Mexico","return_normal","Past",2020-05-22,"cumulative_all_infections",24517,24517,24517,27866,29356,29724,29724,29724
"New Mexico","status_quo","Past",2020-05-22,"cumulative_all_infections",24517,24517,24517,27866,29356,29724,29724,29724
"New Mexico","linear_increase_sd","Past",2020-05-22,"cumulative_cases",6342,6342,6342,7200,7603,7653,7653,7653
"New Mexico","return_normal","Past",2020-05-22,"cumulative_cases",6342,6342,6342,7200,7603,7653,7653,7653
"New Mexico","status_quo","Past",2020-05-22,"cumulative_cases",6342,6342,6342,7200,7603,7653,7653,7653
"New Mexico","linear_increase_sd","Past",2020-05-22,"cumulative_deaths",298,298,298,333,346,355,355,355
"New Mexico","return_normal","Past",2020-05-22,"cumulative_deaths",298,298,298,333,346,355,355,355
"New Mexico","status_quo","Past",2020-05-22,"cumulative_deaths",298,298,298,333,346,355,355,355
"New Mexico","linear_increase_sd","Past",2020-05-22,"cumulative_hosps",726,726,726,821,858,879,879,879
"New Mexico","return_normal","Past",2020-05-22,"cumulative_hosps",726,726,726,821,858,879,879,879
"New Mexico","status_quo","Past",2020-05-22,"cumulative_hosps",726,726,726,821,858,879,879,879
"New Mexico","linear_increase_sd","Past",2020-05-22,"daily_all_infections",387,387,387,417,423,439,439,439
"New Mexico","return_normal","Past",2020-05-22,"daily_all_infections",387,387,387,417,423,439,439,439
"New Mexico","status_quo","Past",2020-05-22,"daily_all_infections",387,387,387,417,423,439,439,439
"New Mexico","linear_increase_sd","Past",2020-05-22,"daily_cases",111,111,111,121,122,128,128,128
"New Mexico","return_normal","Past",2020-05-22,"daily_cases",111,111,111,121,122,128,128,128
"New Mexico","status_quo","Past",2020-05-22,"daily_cases",111,111,111,121,122,128,128,128
"New Mexico","linear_increase_sd","Past",2020-05-22,"daily_deaths",8,8,8,9,8,9,9,9
"New Mexico","return_normal","Past",2020-05-22,"daily_deaths",8,8,8,9,8,9,9,9
"New Mexico","status_quo","Past",2020-05-22,"daily_deaths",8,8,8,9,8,9,9,9
"New Mexico","linear_increase_sd","Past",2020-05-22,"daily_hosps",15,15,15,17,17,18,18,18
"New Mexico","return_normal","Past",2020-05-22,"daily_hosps",15,15,15,17,17,18,18,18
"New Mexico","status_quo","Past",2020-05-22,"daily_hosps",15,15,15,17,17,18,18,18
"New Mexico","linear_increase_sd","Past",2020-05-22,"latent_trend",NA,NA,NA,0.424144420969328,NA,NA,NA,NA
"New Mexico","return_normal","Past",2020-05-22,"latent_trend",NA,NA,NA,0.424144420969328,NA,NA,NA,NA
"New Mexico","status_quo","Past",2020-05-22,"latent_trend",NA,NA,NA,0.424144420969328,NA,NA,NA,NA
"New Mexico","linear_increase_sd","Past",2020-05-22,"mobility_trend",NA,NA,NA,0.861982286877932,NA,NA,NA,NA
"New Mexico","return_normal","Past",2020-05-22,"mobility_trend",NA,NA,NA,0.861982286877932,NA,NA,NA,NA
"New Mexico","status_quo","Past",2020-05-22,"mobility_trend",NA,NA,NA,0.861982286877932,NA,NA,NA,NA
"New Mexico",NA,"Past",2020-05-23,"actual_cumulative_cases",NA,NA,NA,6625,NA,NA,NA,NA
"New Mexico",NA,"Past",2020-05-23,"actual_cumulative_deaths",NA,NA,NA,301,NA,NA,NA,NA
"New Mexico",NA,"Past",2020-05-23,"actual_daily_cases",NA,NA,NA,153,NA,NA,NA,NA
"New Mexico",NA,"Past",2020-05-23,"actual_daily_deaths",NA,NA,NA,8,NA,NA,NA,NA
"New Mexico","linear_increase_sd","Past",2020-05-23,"combined_trend",NA,NA,NA,0.374481454817527,NA,NA,NA,NA
"New Mexico","return_normal","Past",2020-05-23,"combined_trend",NA,NA,NA,0.374481454817527,NA,NA,NA,NA
"New Mexico","status_quo","Past",2020-05-23,"combined_trend",NA,NA,NA,0.374481454817527,NA,NA,NA,NA
"New Mexico","linear_increase_sd","Past",2020-05-23,"cumulative_all_infections",24915,24915,24915,28291,29783,30174,30174,30174
"New Mexico","return_normal","Past",2020-05-23,"cumulative_all_infections",24915,24915,24915,28291,29783,30174,30174,30174
"New Mexico","status_quo","Past",2020-05-23,"cumulative_all_infections",24915,24915,24915,28291,29783,30174,30174,30174
"New Mexico","linear_increase_sd","Past",2020-05-23,"cumulative_cases",6466,6466,6466,7327,7735,7778,7778,7778
"New Mexico","return_normal","Past",2020-05-23,"cumulative_cases",6466,6466,6466,7327,7735,7778,7778,7778
"New Mexico","status_quo","Past",2020-05-23,"cumulative_cases",6466,6466,6466,7327,7735,7778,7778,7778
"New Mexico","linear_increase_sd","Past",2020-05-23,"cumulative_deaths",305,305,305,342,355,364,364,364
"New Mexico","return_normal","Past",2020-05-23,"cumulative_deaths",305,305,305,342,355,364,364,364
"New Mexico","status_quo","Past",2020-05-23,"cumulative_deaths",305,305,305,342,355,364,364,364
"New Mexico","linear_increase_sd","Past",2020-05-23,"cumulative_hosps",740,740,740,837,875,896,896,896
"New Mexico","return_normal","Past",2020-05-23,"cumulative_hosps",740,740,740,837,875,896,896,896
"New Mexico","status_quo","Past",2020-05-23,"cumulative_hosps",740,740,740,837,875,896,896,896
"New Mexico","linear_increase_sd","Past",2020-05-23,"daily_all_infections",398,398,398,425,427,450,450,450
"New Mexico","return_normal","Past",2020-05-23,"daily_all_infections",398,398,398,425,427,450,450,450
"New Mexico","status_quo","Past",2020-05-23,"daily_all_infections",398,398,398,425,427,450,450,450
"New Mexico","linear_increase_sd","Past",2020-05-23,"daily_cases",124,124,124,127,125,132,132,132
"New Mexico","return_normal","Past",2020-05-23,"daily_cases",124,124,124,127,125,132,132,132
"New Mexico","status_quo","Past",2020-05-23,"daily_cases",124,124,124,127,125,132,132,132
"New Mexico","linear_increase_sd","Past",2020-05-23,"daily_deaths",7,7,7,9,9,9,9,9
"New Mexico","return_normal","Past",2020-05-23,"daily_deaths",7,7,7,9,9,9,9,9
"New Mexico","status_quo","Past",2020-05-23,"daily_deaths",7,7,7,9,9,9,9,9
"New Mexico","linear_increase_sd","Past",2020-05-23,"daily_hosps",14,14,14,16,17,17,17,17
"New Mexico","return_normal","Past",2020-05-23,"daily_hosps",14,14,14,16,17,17,17,17
"New Mexico","status_quo","Past",2020-05-23,"daily_hosps",14,14,14,16,17,17,17,17
"New Mexico","linear_increase_sd","Past",2020-05-23,"latent_trend",NA,NA,NA,0.433162029569872,NA,NA,NA,NA
"New Mexico","return_normal","Past",2020-05-23,"latent_trend",NA,NA,NA,0.433162029569872,NA,NA,NA,NA
"New Mexico","status_quo","Past",2020-05-23,"latent_trend",NA,NA,NA,0.433162029569872,NA,NA,NA,NA
"New Mexico","linear_increase_sd","Past",2020-05-23,"mobility_trend",NA,NA,NA,0.864529735418835,NA,NA,NA,NA
"New Mexico","return_normal","Past",2020-05-23,"mobility_trend",NA,NA,NA,0.864529735418835,NA,NA,NA,NA
"New Mexico","status_quo","Past",2020-05-23,"mobility_trend",NA,NA,NA,0.864529735418835,NA,NA,NA,NA
"New Mexico",NA,"Past",2020-05-24,"actual_cumulative_cases",NA,NA,NA,6795,NA,NA,NA,NA
"New Mexico",NA,"Past",2020-05-24,"actual_cumulative_deaths",NA,NA,NA,307,NA,NA,NA,NA
"New Mexico",NA,"Past",2020-05-24,"actual_daily_cases",NA,NA,NA,170,NA,NA,NA,NA
"New Mexico",NA,"Past",2020-05-24,"actual_daily_deaths",NA,NA,NA,6,NA,NA,NA,NA
"New Mexico","linear_increase_sd","Past",2020-05-24,"combined_trend",NA,NA,NA,0.380328195697119,NA,NA,NA,NA
"New Mexico","return_normal","Past",2020-05-24,"combined_trend",NA,NA,NA,0.380328195697119,NA,NA,NA,NA
"New Mexico","status_quo","Past",2020-05-24,"combined_trend",NA,NA,NA,0.380328195697119,NA,NA,NA,NA
"New Mexico","linear_increase_sd","Past",2020-05-24,"cumulative_all_infections",25316,25316,25316,28723,30213,30640,30640,30640
"New Mexico","return_normal","Past",2020-05-24,"cumulative_all_infections",25316,25316,25316,28723,30213,30640,30640,30640
"New Mexico","status_quo","Past",2020-05-24,"cumulative_all_infections",25316,25316,25316,28723,30213,30640,30640,30640
"New Mexico","linear_increase_sd","Past",2020-05-24,"cumulative_cases",6591,6591,6591,7453,7867,7901,7901,7901
"New Mexico","return_normal","Past",2020-05-24,"cumulative_cases",6591,6591,6591,7453,7867,7901,7901,7901
"New Mexico","status_quo","Past",2020-05-24,"cumulative_cases",6591,6591,6591,7453,7867,7901,7901,7901
"New Mexico","linear_increase_sd","Past",2020-05-24,"cumulative_deaths",312,312,312,350,363,373,373,373
"New Mexico","return_normal","Past",2020-05-24,"cumulative_deaths",312,312,312,350,363,373,373,373
"New Mexico","status_quo","Past",2020-05-24,"cumulative_deaths",312,312,312,350,363,373,373,373
"New Mexico","linear_increase_sd","Past",2020-05-24,"cumulative_hosps",755,755,755,853,892,912,912,912
"New Mexico","return_normal","Past",2020-05-24,"cumulative_hosps",755,755,755,853,892,912,912,912
"New Mexico","status_quo","Past",2020-05-24,"cumulative_hosps",755,755,755,853,892,912,912,912
"New Mexico","linear_increase_sd","Past",2020-05-24,"daily_all_infections",401,401,401,433,430,466,466,466
"New Mexico","return_normal","Past",2020-05-24,"daily_all_infections",401,401,401,433,430,466,466,466
"New Mexico","status_quo","Past",2020-05-24,"daily_all_infections",401,401,401,433,430,466,466,466
"New Mexico","linear_increase_sd","Past",2020-05-24,"daily_cases",123,123,123,127,125,132,132,132
"New Mexico","return_normal","Past",2020-05-24,"daily_cases",123,123,123,127,125,132,132,132
"New Mexico","status_quo","Past",2020-05-24,"daily_cases",123,123,123,127,125,132,132,132
"New Mexico","linear_increase_sd","Past",2020-05-24,"daily_deaths",7,7,7,8,8,9,9,9
"New Mexico","return_normal","Past",2020-05-24,"daily_deaths",7,7,7,8,8,9,9,9
"New Mexico","status_quo","Past",2020-05-24,"daily_deaths",7,7,7,8,8,9,9,9
"New Mexico","linear_increase_sd","Past",2020-05-24,"daily_hosps",15,15,15,16,16,17,17,17
"New Mexico","return_normal","Past",2020-05-24,"daily_hosps",15,15,15,16,16,17,17,17
"New Mexico","status_quo","Past",2020-05-24,"daily_hosps",15,15,15,16,16,17,17,17
"New Mexico","linear_increase_sd","Past",2020-05-24,"latent_trend",NA,NA,NA,0.439805439133156,NA,NA,NA,NA
"New Mexico","return_normal","Past",2020-05-24,"latent_trend",NA,NA,NA,0.439805439133156,NA,NA,NA,NA
"New Mexico","status_quo","Past",2020-05-24,"latent_trend",NA,NA,NA,0.439805439133156,NA,NA,NA,NA
"New Mexico","linear_increase_sd","Past",2020-05-24,"mobility_trend",NA,NA,NA,0.864764647855957,NA,NA,NA,NA
"New Mexico","return_normal","Past",2020-05-24,"mobility_trend",NA,NA,NA,0.864764647855957,NA,NA,NA,NA
"New Mexico","status_quo","Past",2020-05-24,"mobility_trend",NA,NA,NA,0.864764647855957,NA,NA,NA,NA
"New Mexico",NA,"Past",2020-05-25,"actual_cumulative_cases",NA,NA,NA,6943,NA,NA,NA,NA
"New Mexico",NA,"Past",2020-05-25,"actual_cumulative_deaths",NA,NA,NA,316,NA,NA,NA,NA
"New Mexico",NA,"Past",2020-05-25,"actual_daily_cases",NA,NA,NA,148,NA,NA,NA,NA
"New Mexico",NA,"Past",2020-05-25,"actual_daily_deaths",NA,NA,NA,9,NA,NA,NA,NA
"New Mexico","linear_increase_sd","Past",2020-05-25,"combined_trend",NA,NA,NA,0.382609144720129,NA,NA,NA,NA
"New Mexico","return_normal","Past",2020-05-25,"combined_trend",NA,NA,NA,0.382609144720129,NA,NA,NA,NA
"New Mexico","status_quo","Past",2020-05-25,"combined_trend",NA,NA,NA,0.382609144720129,NA,NA,NA,NA
"New Mexico","linear_increase_sd","Past",2020-05-25,"cumulative_all_infections",25722,25722,25722,29163,30648,31118,31118,31118
"New Mexico","return_normal","Past",2020-05-25,"cumulative_all_infections",25722,25722,25722,29163,30648,31118,31118,31118
"New Mexico","status_quo","Past",2020-05-25,"cumulative_all_infections",25722,25722,25722,29163,30648,31118,31118,31118
"New Mexico","linear_increase_sd","Past",2020-05-25,"cumulative_cases",6705,6705,6705,7574,7992,8024,8024,8024
"New Mexico","return_normal","Past",2020-05-25,"cumulative_cases",6705,6705,6705,7574,7992,8024,8024,8024
"New Mexico","status_quo","Past",2020-05-25,"cumulative_cases",6705,6705,6705,7574,7992,8024,8024,8024
"New Mexico","linear_increase_sd","Past",2020-05-25,"cumulative_deaths",319,319,319,358,371,382,382,382
"New Mexico","return_normal","Past",2020-05-25,"cumulative_deaths",319,319,319,358,371,382,382,382
"New Mexico","status_quo","Past",2020-05-25,"cumulative_deaths",319,319,319,358,371,382,382,382
"New Mexico","linear_increase_sd","Past",2020-05-25,"cumulative_hosps",769,769,769,869,909,927,927,927
"New Mexico","return_normal","Past",2020-05-25,"cumulative_hosps",769,769,769,869,909,927,927,927
"New Mexico","status_quo","Past",2020-05-25,"cumulative_hosps",769,769,769,869,909,927,927,927
"New Mexico","linear_increase_sd","Past",2020-05-25,"daily_all_infections",406,406,406,440,435,478,478,478
"New Mexico","return_normal","Past",2020-05-25,"daily_all_infections",406,406,406,440,435,478,478,478
"New Mexico","status_quo","Past",2020-05-25,"daily_all_infections",406,406,406,440,435,478,478,478
"New Mexico","linear_increase_sd","Past",2020-05-25,"daily_cases",114,114,114,121,123,125,125,125
"New Mexico","return_normal","Past",2020-05-25,"daily_cases",114,114,114,121,123,125,125,125
"New Mexico","status_quo","Past",2020-05-25,"daily_cases",114,114,114,121,123,125,125,125
"New Mexico","linear_increase_sd","Past",2020-05-25,"daily_deaths",7,7,7,8,8,9,9,9
"New Mexico","return_normal","Past",2020-05-25,"daily_deaths",7,7,7,8,8,9,9,9
"New Mexico","status_quo","Past",2020-05-25,"daily_deaths",7,7,7,8,8,9,9,9
"New Mexico","linear_increase_sd","Past",2020-05-25,"daily_hosps",14,14,14,16,15,17,17,17
"New Mexico","return_normal","Past",2020-05-25,"daily_hosps",14,14,14,16,15,17,17,17
"New Mexico","status_quo","Past",2020-05-25,"daily_hosps",14,14,14,16,15,17,17,17
"New Mexico","linear_increase_sd","Past",2020-05-25,"latent_trend",NA,NA,NA,0.44342196141323,NA,NA,NA,NA
"New Mexico","return_normal","Past",2020-05-25,"latent_trend",NA,NA,NA,0.44342196141323,NA,NA,NA,NA
"New Mexico","status_quo","Past",2020-05-25,"latent_trend",NA,NA,NA,0.44342196141323,NA,NA,NA,NA
"New Mexico","linear_increase_sd","Past",2020-05-25,"mobility_trend",NA,NA,NA,0.862855649956343,NA,NA,NA,NA
"New Mexico","return_normal","Past",2020-05-25,"mobility_trend",NA,NA,NA,0.862855649956343,NA,NA,NA,NA
"New Mexico","status_quo","Past",2020-05-25,"mobility_trend",NA,NA,NA,0.862855649956343,NA,NA,NA,NA
"New Mexico",NA,"Past",2020-05-26,"actual_cumulative_cases",NA,NA,NA,7026,NA,NA,NA,NA
"New Mexico",NA,"Past",2020-05-26,"actual_cumulative_deaths",NA,NA,NA,319,NA,NA,NA,NA
"New Mexico",NA,"Past",2020-05-26,"actual_daily_cases",NA,NA,NA,83,NA,NA,NA,NA
"New Mexico",NA,"Past",2020-05-26,"actual_daily_deaths",NA,NA,NA,3,NA,NA,NA,NA
"New Mexico","linear_increase_sd","Past",2020-05-26,"combined_trend",NA,NA,NA,0.381327720170818,NA,NA,NA,NA
"New Mexico","return_normal","Past",2020-05-26,"combined_trend",NA,NA,NA,0.381327720170818,NA,NA,NA,NA
"New Mexico","status_quo","Past",2020-05-26,"combined_trend",NA,NA,NA,0.381327720170818,NA,NA,NA,NA
"New Mexico","linear_increase_sd","Past",2020-05-26,"cumulative_all_infections",26132,26132,26132,29606,31088,31598,31598,31598
"New Mexico","return_normal","Past",2020-05-26,"cumulative_all_infections",26132,26132,26132,29606,31088,31598,31598,31598
"New Mexico","status_quo","Past",2020-05-26,"cumulative_all_infections",26132,26132,26132,29606,31088,31598,31598,31598
"New Mexico","linear_increase_sd","Past",2020-05-26,"cumulative_cases",6832,6832,6832,7711,8133,8166,8166,8166
"New Mexico","return_normal","Past",2020-05-26,"cumulative_cases",6832,6832,6832,7711,8133,8166,8166,8166
"New Mexico","status_quo","Past",2020-05-26,"cumulative_cases",6832,6832,6832,7711,8133,8166,8166,8166
"New Mexico","linear_increase_sd","Past",2020-05-26,"cumulative_deaths",326,326,326,365,379,389,389,389
"New Mexico","return_normal","Past",2020-05-26,"cumulative_deaths",326,326,326,365,379,389,389,389
"New Mexico","status_quo","Past",2020-05-26,"cumulative_deaths",326,326,326,365,379,389,389,389
"New Mexico","linear_increase_sd","Past",2020-05-26,"cumulative_hosps",784,784,784,884,926,942,942,942
"New Mexico","return_normal","Past",2020-05-26,"cumulative_hosps",784,784,784,884,926,942,942,942
"New Mexico","status_quo","Past",2020-05-26,"cumulative_hosps",784,784,784,884,926,942,942,942
"New Mexico","linear_increase_sd","Past",2020-05-26,"daily_all_infections",410,410,410,444,440,480,480,480
"New Mexico","return_normal","Past",2020-05-26,"daily_all_infections",410,410,410,444,440,480,480,480
"New Mexico","status_quo","Past",2020-05-26,"daily_all_infections",410,410,410,444,440,480,480,480
"New Mexico","linear_increase_sd","Past",2020-05-26,"daily_cases",127,127,127,137,141,142,142,142
"New Mexico","return_normal","Past",2020-05-26,"daily_cases",127,127,127,137,141,142,142,142
"New Mexico","status_quo","Past",2020-05-26,"daily_cases",127,127,127,137,141,142,142,142
"New Mexico","linear_increase_sd","Past",2020-05-26,"daily_deaths",7,7,7,8,7,8,8,8
"New Mexico","return_normal","Past",2020-05-26,"daily_deaths",7,7,7,8,7,8,8,8
"New Mexico","status_quo","Past",2020-05-26,"daily_deaths",7,7,7,8,7,8,8,8
"New Mexico","linear_increase_sd","Past",2020-05-26,"daily_hosps",15,15,15,16,15,17,17,17
"New Mexico","return_normal","Past",2020-05-26,"daily_hosps",15,15,15,16,15,17,17,17
"New Mexico","status_quo","Past",2020-05-26,"daily_hosps",15,15,15,16,15,17,17,17
"New Mexico","linear_increase_sd","Past",2020-05-26,"latent_trend",NA,NA,NA,0.443861634370694,NA,NA,NA,NA
"New Mexico","return_normal","Past",2020-05-26,"latent_trend",NA,NA,NA,0.443861634370694,NA,NA,NA,NA
"New Mexico","status_quo","Past",2020-05-26,"latent_trend",NA,NA,NA,0.443861634370694,NA,NA,NA,NA
"New Mexico","linear_increase_sd","Past",2020-05-26,"mobility_trend",NA,NA,NA,0.859113945974321,NA,NA,NA,NA
"New Mexico","return_normal","Past",2020-05-26,"mobility_trend",NA,NA,NA,0.859113945974321,NA,NA,NA,NA
"New Mexico","status_quo","Past",2020-05-26,"mobility_trend",NA,NA,NA,0.859113945974321,NA,NA,NA,NA
"New Mexico",NA,"Past",2020-05-27,"actual_cumulative_cases",NA,NA,NA,7130,NA,NA,NA,NA
"New Mexico",NA,"Past",2020-05-27,"actual_cumulative_deaths",NA,NA,NA,324,NA,NA,NA,NA
"New Mexico",NA,"Past",2020-05-27,"actual_daily_cases",NA,NA,NA,104,NA,NA,NA,NA
"New Mexico",NA,"Past",2020-05-27,"actual_daily_deaths",NA,NA,NA,5,NA,NA,NA,NA
"New Mexico","linear_increase_sd","Past",2020-05-27,"combined_trend",NA,NA,NA,0.377057707825055,NA,NA,NA,NA
"New Mexico","return_normal","Past",2020-05-27,"combined_trend",NA,NA,NA,0.377057707825055,NA,NA,NA,NA
"New Mexico","status_quo","Past",2020-05-27,"combined_trend",NA,NA,NA,0.377057707825055,NA,NA,NA,NA
"New Mexico","linear_increase_sd","Past",2020-05-27,"cumulative_all_infections",26541,26541,26541,30049,31529,32077,32077,32077
"New Mexico","return_normal","Past",2020-05-27,"cumulative_all_infections",26541,26541,26541,30049,31529,32077,32077,32077
"New Mexico","status_quo","Past",2020-05-27,"cumulative_all_infections",26541,26541,26541,30049,31529,32077,32077,32077
"New Mexico","linear_increase_sd","Past",2020-05-27,"cumulative_cases",6964,6964,6964,7847,8272,8303,8303,8303
"New Mexico","return_normal","Past",2020-05-27,"cumulative_cases",6964,6964,6964,7847,8272,8303,8303,8303
"New Mexico","status_quo","Past",2020-05-27,"cumulative_cases",6964,6964,6964,7847,8272,8303,8303,8303
"New Mexico","linear_increase_sd","Past",2020-05-27,"cumulative_deaths",333,333,333,373,388,397,397,397
"New Mexico","return_normal","Past",2020-05-27,"cumulative_deaths",333,333,333,373,388,397,397,397
"New Mexico","status_quo","Past",2020-05-27,"cumulative_deaths",333,333,333,373,388,397,397,397
"New Mexico","linear_increase_sd","Past",2020-05-27,"cumulative_hosps",797,797,797,899,942,957,957,957
"New Mexico","return_normal","Past",2020-05-27,"cumulative_hosps",797,797,797,899,942,957,957,957
"New Mexico","status_quo","Past",2020-05-27,"cumulative_hosps",797,797,797,899,942,957,957,957
"New Mexico","linear_increase_sd","Past",2020-05-27,"daily_all_infections",409,409,409,443,441,479,479,479
"New Mexico","return_normal","Past",2020-05-27,"daily_all_infections",409,409,409,443,441,479,479,479
"New Mexico","status_quo","Past",2020-05-27,"daily_all_infections",409,409,409,443,441,479,479,479
"New Mexico","linear_increase_sd","Past",2020-05-27,"daily_cases",132,132,132,136,137,139,139,139
"New Mexico","return_normal","Past",2020-05-27,"daily_cases",132,132,132,136,137,139,139,139
"New Mexico","status_quo","Past",2020-05-27,"daily_cases",132,132,132,136,137,139,139,139
"New Mexico","linear_increase_sd","Past",2020-05-27,"daily_deaths",7,7,7,8,8,9,9,9
"New Mexico","return_normal","Past",2020-05-27,"daily_deaths",7,7,7,8,8,9,9,9
"New Mexico","status_quo","Past",2020-05-27,"daily_deaths",7,7,7,8,8,9,9,9
"New Mexico","linear_increase_sd","Past",2020-05-27,"daily_hosps",13,13,13,15,15,16,16,16
"New Mexico","return_normal","Past",2020-05-27,"daily_hosps",13,13,13,15,15,16,16,16
"New Mexico","status_quo","Past",2020-05-27,"daily_hosps",13,13,13,15,15,16,16,16
"New Mexico","linear_increase_sd","Past",2020-05-27,"latent_trend",NA,NA,NA,0.441541950629386,NA,NA,NA,NA
"New Mexico","return_normal","Past",2020-05-27,"latent_trend",NA,NA,NA,0.441541950629386,NA,NA,NA,NA
"New Mexico","status_quo","Past",2020-05-27,"latent_trend",NA,NA,NA,0.441541950629386,NA,NA,NA,NA
"New Mexico","linear_increase_sd","Past",2020-05-27,"mobility_trend",NA,NA,NA,0.8539567017077,NA,NA,NA,NA
"New Mexico","return_normal","Past",2020-05-27,"mobility_trend",NA,NA,NA,0.8539567017077,NA,NA,NA,NA
"New Mexico","status_quo","Past",2020-05-27,"mobility_trend",NA,NA,NA,0.8539567017077,NA,NA,NA,NA
"New Mexico",NA,"Past",2020-05-28,"actual_cumulative_cases",NA,NA,NA,7252,NA,NA,NA,NA
"New Mexico",NA,"Past",2020-05-28,"actual_cumulative_deaths",NA,NA,NA,328,NA,NA,NA,NA
"New Mexico",NA,"Past",2020-05-28,"actual_daily_cases",NA,NA,NA,122,NA,NA,NA,NA
"New Mexico",NA,"Past",2020-05-28,"actual_daily_deaths",NA,NA,NA,4,NA,NA,NA,NA
"New Mexico","linear_increase_sd","Past",2020-05-28,"combined_trend",NA,NA,NA,0.370544191794989,NA,NA,NA,NA
"New Mexico","return_normal","Past",2020-05-28,"combined_trend",NA,NA,NA,0.370544191794989,NA,NA,NA,NA
"New Mexico","status_quo","Past",2020-05-28,"combined_trend",NA,NA,NA,0.370544191794989,NA,NA,NA,NA
"New Mexico","linear_increase_sd","Past",2020-05-28,"cumulative_all_infections",26948,26948,26948,30493,31973,32557,32557,32557
"New Mexico","return_normal","Past",2020-05-28,"cumulative_all_infections",26948,26948,26948,30493,31973,32557,32557,32557
"New Mexico","status_quo","Past",2020-05-28,"cumulative_all_infections",26948,26948,26948,30493,31973,32557,32557,32557
"New Mexico","linear_increase_sd","Past",2020-05-28,"cumulative_cases",7088,7088,7088,7984,8418,8446,8446,8446
"New Mexico","return_normal","Past",2020-05-28,"cumulative_cases",7088,7088,7088,7984,8418,8446,8446,8446
"New Mexico","status_quo","Past",2020-05-28,"cumulative_cases",7088,7088,7088,7984,8418,8446,8446,8446
"New Mexico","linear_increase_sd","Past",2020-05-28,"cumulative_deaths",340,340,340,380,396,404,404,404
"New Mexico","return_normal","Past",2020-05-28,"cumulative_deaths",340,340,340,380,396,404,404,404
"New Mexico","status_quo","Past",2020-05-28,"cumulative_deaths",340,340,340,380,396,404,404,404
"New Mexico","linear_increase_sd","Past",2020-05-28,"cumulative_hosps",812,812,812,915,958,973,973,973
"New Mexico","return_normal","Past",2020-05-28,"cumulative_hosps",812,812,812,915,958,973,973,973
"New Mexico","status_quo","Past",2020-05-28,"cumulative_hosps",812,812,812,915,958,973,973,973
"New Mexico","linear_increase_sd","Past",2020-05-28,"daily_all_infections",407,407,407,444,444,480,480,480
"New Mexico","return_normal","Past",2020-05-28,"daily_all_infections",407,407,407,444,444,480,480,480
"New Mexico","status_quo","Past",2020-05-28,"daily_all_infections",407,407,407,444,444,480,480,480
"New Mexico","linear_increase_sd","Past",2020-05-28,"daily_cases",124,124,124,138,143,146,146,146
"New Mexico","return_normal","Past",2020-05-28,"daily_cases",124,124,124,138,143,146,146,146
"New Mexico","status_quo","Past",2020-05-28,"daily_cases",124,124,124,138,143,146,146,146
"New Mexico","linear_increase_sd","Past",2020-05-28,"daily_deaths",7,7,7,8,7,8,8,8
"New Mexico","return_normal","Past",2020-05-28,"daily_deaths",7,7,7,8,7,8,8,8
"New Mexico","status_quo","Past",2020-05-28,"daily_deaths",7,7,7,8,7,8,8,8
"New Mexico","linear_increase_sd","Past",2020-05-28,"daily_hosps",15,15,15,16,16,16,16,16
"New Mexico","return_normal","Past",2020-05-28,"daily_hosps",15,15,15,16,16,16,16,16
"New Mexico","status_quo","Past",2020-05-28,"daily_hosps",15,15,15,16,16,16,16,16
"New Mexico","linear_increase_sd","Past",2020-05-28,"latent_trend",NA,NA,NA,0.436920060316034,NA,NA,NA,NA
"New Mexico","return_normal","Past",2020-05-28,"latent_trend",NA,NA,NA,0.436920060316034,NA,NA,NA,NA
"New Mexico","status_quo","Past",2020-05-28,"latent_trend",NA,NA,NA,0.436920060316034,NA,NA,NA,NA
"New Mexico","linear_increase_sd","Past",2020-05-28,"mobility_trend",NA,NA,NA,0.848082350640908,NA,NA,NA,NA
"New Mexico","return_normal","Past",2020-05-28,"mobility_trend",NA,NA,NA,0.848082350640908,NA,NA,NA,NA
"New Mexico","status_quo","Past",2020-05-28,"mobility_trend",NA,NA,NA,0.848082350640908,NA,NA,NA,NA
"New Mexico",NA,"Past",2020-05-29,"actual_cumulative_cases",NA,NA,NA,7364,NA,NA,NA,NA
"New Mexico",NA,"Past",2020-05-29,"actual_cumulative_deaths",NA,NA,NA,334,NA,NA,NA,NA
"New Mexico",NA,"Past",2020-05-29,"actual_daily_cases",NA,NA,NA,112,NA,NA,NA,NA
"New Mexico",NA,"Past",2020-05-29,"actual_daily_deaths",NA,NA,NA,6,NA,NA,NA,NA
"New Mexico","linear_increase_sd","Past",2020-05-29,"combined_trend",NA,NA,NA,0.362549406246513,NA,NA,NA,NA
"New Mexico","return_normal","Past",2020-05-29,"combined_trend",NA,NA,NA,0.362549406246513,NA,NA,NA,NA
"New Mexico","status_quo","Past",2020-05-29,"combined_trend",NA,NA,NA,0.362549406246513,NA,NA,NA,NA
"New Mexico","linear_increase_sd","Past",2020-05-29,"cumulative_all_infections",27351,27351,27351,30933,32416,33030,33030,33030
"New Mexico","return_normal","Past",2020-05-29,"cumulative_all_infections",27351,27351,27351,30933,32416,33030,33030,33030
"New Mexico","status_quo","Past",2020-05-29,"cumulative_all_infections",27351,27351,27351,30933,32416,33030,33030,33030
"New Mexico","linear_increase_sd","Past",2020-05-29,"cumulative_cases",7219,7219,7219,8123,8559,8590,8590,8590
"New Mexico","return_normal","Past",2020-05-29,"cumulative_cases",7219,7219,7219,8123,8559,8590,8590,8590
"New Mexico","status_quo","Past",2020-05-29,"cumulative_cases",7219,7219,7219,8123,8559,8590,8590,8590
"New Mexico","linear_increase_sd","Past",2020-05-29,"cumulative_deaths",347,347,347,388,404,412,412,412
"New Mexico","return_normal","Past",2020-05-29,"cumulative_deaths",347,347,347,388,404,412,412,412
"New Mexico","status_quo","Past",2020-05-29,"cumulative_deaths",347,347,347,388,404,412,412,412
"New Mexico","linear_increase_sd","Past",2020-05-29,"cumulative_hosps",826,826,826,930,974,990,990,990
"New Mexico","return_normal","Past",2020-05-29,"cumulative_hosps",826,826,826,930,974,990,990,990
"New Mexico","status_quo","Past",2020-05-29,"cumulative_hosps",826,826,826,930,974,990,990,990
"New Mexico","linear_increase_sd","Past",2020-05-29,"daily_all_infections",403,403,403,440,443,473,473,473
"New Mexico","return_normal","Past",2020-05-29,"daily_all_infections",403,403,403,440,443,473,473,473
"New Mexico","status_quo","Past",2020-05-29,"daily_all_infections",403,403,403,440,443,473,473,473
"New Mexico","linear_increase_sd","Past",2020-05-29,"daily_cases",131,131,131,139,141,144,144,144
"New Mexico","return_normal","Past",2020-05-29,"daily_cases",131,131,131,139,141,144,144,144
"New Mexico","status_quo","Past",2020-05-29,"daily_cases",131,131,131,139,141,144,144,144
"New Mexico","linear_increase_sd","Past",2020-05-29,"daily_deaths",7,7,7,8,8,8,8,8
"New Mexico","return_normal","Past",2020-05-29,"daily_deaths",7,7,7,8,8,8,8,8
"New Mexico","status_quo","Past",2020-05-29,"daily_deaths",7,7,7,8,8,8,8,8
"New Mexico","linear_increase_sd","Past",2020-05-29,"daily_hosps",14,14,14,16,16,17,17,17
"New Mexico","return_normal","Past",2020-05-29,"daily_hosps",14,14,14,16,16,17,17,17
"New Mexico","status_quo","Past",2020-05-29,"daily_hosps",14,14,14,16,16,17,17,17
"New Mexico","linear_increase_sd","Past",2020-05-29,"latent_trend",NA,NA,NA,0.430459164838369,NA,NA,NA,NA
"New Mexico","return_normal","Past",2020-05-29,"latent_trend",NA,NA,NA,0.430459164838369,NA,NA,NA,NA
"New Mexico","status_quo","Past",2020-05-29,"latent_trend",NA,NA,NA,0.430459164838369,NA,NA,NA,NA
"New Mexico","linear_increase_sd","Past",2020-05-29,"mobility_trend",NA,NA,NA,0.842238790252368,NA,NA,NA,NA
"New Mexico","return_normal","Past",2020-05-29,"mobility_trend",NA,NA,NA,0.842238790252368,NA,NA,NA,NA
"New Mexico","status_quo","Past",2020-05-29,"mobility_trend",NA,NA,NA,0.842238790252368,NA,NA,NA,NA
"New Mexico",NA,"Past",2020-05-30,"actual_cumulative_cases",NA,NA,NA,7493,NA,NA,NA,NA
"New Mexico",NA,"Past",2020-05-30,"actual_cumulative_deaths",NA,NA,NA,343,NA,NA,NA,NA
"New Mexico",NA,"Past",2020-05-30,"actual_daily_cases",NA,NA,NA,129,NA,NA,NA,NA
"New Mexico",NA,"Past",2020-05-30,"actual_daily_deaths",NA,NA,NA,9,NA,NA,NA,NA
"New Mexico","linear_increase_sd","Past",2020-05-30,"combined_trend",NA,NA,NA,0.353775607648965,NA,NA,NA,NA
"New Mexico","return_normal","Past",2020-05-30,"combined_trend",NA,NA,NA,0.353775607648965,NA,NA,NA,NA
"New Mexico","status_quo","Past",2020-05-30,"combined_trend",NA,NA,NA,0.353775607648965,NA,NA,NA,NA
"New Mexico","linear_increase_sd","Past",2020-05-30,"cumulative_all_infections",27751,27751,27751,31364,32855,33484,33484,33484
"New Mexico","return_normal","Past",2020-05-30,"cumulative_all_infections",27751,27751,27751,31364,32855,33484,33484,33484
"New Mexico","status_quo","Past",2020-05-30,"cumulative_all_infections",27751,27751,27751,31364,32855,33484,33484,33484
"New Mexico","linear_increase_sd","Past",2020-05-30,"cumulative_cases",7355,7355,7355,8265,8693,8747,8747,8747
"New Mexico","return_normal","Past",2020-05-30,"cumulative_cases",7355,7355,7355,8265,8693,8747,8747,8747
"New Mexico","status_quo","Past",2020-05-30,"cumulative_cases",7355,7355,7355,8265,8693,8747,8747,8747
"New Mexico","linear_increase_sd","Past",2020-05-30,"cumulative_deaths",354,354,354,395,412,419,419,419
"New Mexico","return_normal","Past",2020-05-30,"cumulative_deaths",354,354,354,395,412,419,419,419
"New Mexico","status_quo","Past",2020-05-30,"cumulative_deaths",354,354,354,395,412,419,419,419
"New Mexico","linear_increase_sd","Past",2020-05-30,"cumulative_hosps",841,841,841,946,990,1006,1006,1006
"New Mexico","return_normal","Past",2020-05-30,"cumulative_hosps",841,841,841,946,990,1006,1006,1006
"New Mexico","status_quo","Past",2020-05-30,"cumulative_hosps",841,841,841,946,990,1006,1006,1006
"New Mexico","linear_increase_sd","Past",2020-05-30,"daily_all_infections",400,400,400,431,439,454,454,454
"New Mexico","return_normal","Past",2020-05-30,"daily_all_infections",400,400,400,431,439,454,454,454
"New Mexico","status_quo","Past",2020-05-30,"daily_all_infections",400,400,400,431,439,454,454,454
"New Mexico","linear_increase_sd","Past",2020-05-30,"daily_cases",134,134,134,143,136,157,157,157
"New Mexico","return_normal","Past",2020-05-30,"daily_cases",134,134,134,143,136,157,157,157
"New Mexico","status_quo","Past",2020-05-30,"daily_cases",134,134,134,143,136,157,157,157
"New Mexico","linear_increase_sd","Past",2020-05-30,"daily_deaths",7,7,7,8,7,8,8,8
"New Mexico","return_normal","Past",2020-05-30,"daily_deaths",7,7,7,8,7,8,8,8
"New Mexico","status_quo","Past",2020-05-30,"daily_deaths",7,7,7,8,7,8,8,8
"New Mexico","linear_increase_sd","Past",2020-05-30,"daily_hosps",15,15,15,16,16,16,16,16
"New Mexico","return_normal","Past",2020-05-30,"daily_hosps",15,15,15,16,16,16,16,16
"New Mexico","status_quo","Past",2020-05-30,"daily_hosps",15,15,15,16,16,16,16,16
"New Mexico","linear_increase_sd","Past",2020-05-30,"latent_trend",NA,NA,NA,0.422625277651894,NA,NA,NA,NA
"New Mexico","return_normal","Past",2020-05-30,"latent_trend",NA,NA,NA,0.422625277651894,NA,NA,NA,NA
"New Mexico","status_quo","Past",2020-05-30,"latent_trend",NA,NA,NA,0.422625277651894,NA,NA,NA,NA
"New Mexico","linear_increase_sd","Past",2020-05-30,"mobility_trend",NA,NA,NA,0.837090506309851,NA,NA,NA,NA
"New Mexico","return_normal","Past",2020-05-30,"mobility_trend",NA,NA,NA,0.837090506309851,NA,NA,NA,NA
"New Mexico","status_quo","Past",2020-05-30,"mobility_trend",NA,NA,NA,0.837090506309851,NA,NA,NA,NA
"New Mexico",NA,"Past",2020-05-31,"actual_cumulative_cases",NA,NA,NA,7624,NA,NA,NA,NA
"New Mexico",NA,"Past",2020-05-31,"actual_cumulative_deaths",NA,NA,NA,350,NA,NA,NA,NA
"New Mexico",NA,"Past",2020-05-31,"actual_daily_cases",NA,NA,NA,131,NA,NA,NA,NA
"New Mexico",NA,"Past",2020-05-31,"actual_daily_deaths",NA,NA,NA,7,NA,NA,NA,NA
"New Mexico","linear_increase_sd","Past",2020-05-31,"combined_trend",NA,NA,NA,0.344834299484544,NA,NA,NA,NA
"New Mexico","return_normal","Past",2020-05-31,"combined_trend",NA,NA,NA,0.344834299484544,NA,NA,NA,NA
"New Mexico","status_quo","Past",2020-05-31,"combined_trend",NA,NA,NA,0.344834299484544,NA,NA,NA,NA
"New Mexico","linear_increase_sd","Past",2020-05-31,"cumulative_all_infections",28142,28142,28142,31787,33295,33923,33923,33923
"New Mexico","return_normal","Past",2020-05-31,"cumulative_all_infections",28142,28142,28142,31787,33295,33923,33923,33923
"New Mexico","status_quo","Past",2020-05-31,"cumulative_all_infections",28142,28142,28142,31787,33295,33923,33923,33923
"New Mexico","linear_increase_sd","Past",2020-05-31,"cumulative_cases",7484,7484,7484,8405,8839,8891,8891,8891
"New Mexico","return_normal","Past",2020-05-31,"cumulative_cases",7484,7484,7484,8405,8839,8891,8891,8891
"New Mexico","status_quo","Past",2020-05-31,"cumulative_cases",7484,7484,7484,8405,8839,8891,8891,8891
"New Mexico","linear_increase_sd","Past",2020-05-31,"cumulative_deaths",361,361,361,403,420,426,426,426
"New Mexico","return_normal","Past",2020-05-31,"cumulative_deaths",361,361,361,403,420,426,426,426
"New Mexico","status_quo","Past",2020-05-31,"cumulative_deaths",361,361,361,403,420,426,426,426
"New Mexico","linear_increase_sd","Past",2020-05-31,"cumulative_hosps",856,856,856,962,1007,1023,1023,1023
"New Mexico","return_normal","Past",2020-05-31,"cumulative_hosps",856,856,856,962,1007,1023,1023,1023
"New Mexico","status_quo","Past",2020-05-31,"cumulative_hosps",856,856,856,962,1007,1023,1023,1023
"New Mexico","linear_increase_sd","Past",2020-05-31,"daily_all_infections",391,391,391,424,439,440,440,440
"New Mexico","return_normal","Past",2020-05-31,"daily_all_infections",391,391,391,424,439,440,440,440
"New Mexico","status_quo","Past",2020-05-31,"daily_all_infections",391,391,391,424,439,440,440,440
"New Mexico","linear_increase_sd","Past",2020-05-31,"daily_cases",129,129,129,140,144,146,146,146
"New Mexico","return_normal","Past",2020-05-31,"daily_cases",129,129,129,140,144,146,146,146
"New Mexico","status_quo","Past",2020-05-31,"daily_cases",129,129,129,140,144,146,146,146
"New Mexico","linear_increase_sd","Past",2020-05-31,"daily_deaths",7,7,7,8,7,8,8,8
"New Mexico","return_normal","Past",2020-05-31,"daily_deaths",7,7,7,8,7,8,8,8
"New Mexico","status_quo","Past",2020-05-31,"daily_deaths",7,7,7,8,7,8,8,8
"New Mexico","linear_increase_sd","Past",2020-05-31,"daily_hosps",15,15,15,17,17,17,17,17
"New Mexico","return_normal","Past",2020-05-31,"daily_hosps",15,15,15,17,17,17,17,17
"New Mexico","status_quo","Past",2020-05-31,"daily_hosps",15,15,15,17,17,17,17,17
"New Mexico","linear_increase_sd","Past",2020-05-31,"latent_trend",NA,NA,NA,0.41388372367382,NA,NA,NA,NA
"New Mexico","return_normal","Past",2020-05-31,"latent_trend",NA,NA,NA,0.41388372367382,NA,NA,NA,NA
"New Mexico","status_quo","Past",2020-05-31,"latent_trend",NA,NA,NA,0.41388372367382,NA,NA,NA,NA
"New Mexico","linear_increase_sd","Past",2020-05-31,"mobility_trend",NA,NA,NA,0.833167094428448,NA,NA,NA,NA
"New Mexico","return_normal","Past",2020-05-31,"mobility_trend",NA,NA,NA,0.833167094428448,NA,NA,NA,NA
"New Mexico","status_quo","Past",2020-05-31,"mobility_trend",NA,NA,NA,0.833167094428448,NA,NA,NA,NA
"New Mexico",NA,"Past",2020-06-01,"actual_cumulative_cases",NA,NA,NA,7689,NA,NA,NA,NA
"New Mexico",NA,"Past",2020-06-01,"actual_cumulative_deaths",NA,NA,NA,355,NA,NA,NA,NA
"New Mexico",NA,"Past",2020-06-01,"actual_daily_cases",NA,NA,NA,65,NA,NA,NA,NA
"New Mexico",NA,"Past",2020-06-01,"actual_daily_deaths",NA,NA,NA,5,NA,NA,NA,NA
"New Mexico","linear_increase_sd","Past",2020-06-01,"combined_trend",NA,NA,NA,0.336116275201545,NA,NA,NA,NA
"New Mexico","return_normal","Past",2020-06-01,"combined_trend",NA,NA,NA,0.336116275201545,NA,NA,NA,NA
"New Mexico","status_quo","Past",2020-06-01,"combined_trend",NA,NA,NA,0.336116275201545,NA,NA,NA,NA
"New Mexico","linear_increase_sd","Past",2020-06-01,"cumulative_all_infections",28530,28530,28530,32202,33733,34341,34341,34341
"New Mexico","return_normal","Past",2020-06-01,"cumulative_all_infections",28530,28530,28530,32202,33733,34341,34341,34341
"New Mexico","status_quo","Past",2020-06-01,"cumulative_all_infections",28530,28530,28530,32202,33733,34341,34341,34341
"New Mexico","linear_increase_sd","Past",2020-06-01,"cumulative_cases",7621,7621,7621,8554,8996,9044,9044,9044
"New Mexico","return_normal","Past",2020-06-01,"cumulative_cases",7621,7621,7621,8554,8996,9044,9044,9044
"New Mexico","status_quo","Past",2020-06-01,"cumulative_cases",7621,7621,7621,8554,8996,9044,9044,9044
"New Mexico","linear_increase_sd","Past",2020-06-01,"cumulative_deaths",368,368,368,410,427,433,433,433
"New Mexico","return_normal","Past",2020-06-01,"cumulative_deaths",368,368,368,410,427,433,433,433
"New Mexico","status_quo","Past",2020-06-01,"cumulative_deaths",368,368,368,410,427,433,433,433
"New Mexico","linear_increase_sd","Past",2020-06-01,"cumulative_hosps",872,872,872,979,1024,1039,1039,1039
"New Mexico","return_normal","Past",2020-06-01,"cumulative_hosps",872,872,872,979,1024,1039,1039,1039
"New Mexico","status_quo","Past",2020-06-01,"cumulative_hosps",872,872,872,979,1024,1039,1039,1039
"New Mexico","linear_increase_sd","Past",2020-06-01,"daily_all_infections",388,388,388,415,418,438,438,438
"New Mexico","return_normal","Past",2020-06-01,"daily_all_infections",388,388,388,415,418,438,438,438
"New Mexico","status_quo","Past",2020-06-01,"daily_all_infections",388,388,388,415,418,438,438,438
"New Mexico","linear_increase_sd","Past",2020-06-01,"daily_cases",137,137,137,149,153,157,157,157
"New Mexico","return_normal","Past",2020-06-01,"daily_cases",137,137,137,149,153,157,157,157
"New Mexico","status_quo","Past",2020-06-01,"daily_cases",137,137,137,149,153,157,157,157
"New Mexico","linear_increase_sd","Past",2020-06-01,"daily_deaths",7,7,7,7,7,7,7,7
"New Mexico","return_normal","Past",2020-06-01,"daily_deaths",7,7,7,7,7,7,7,7
"New Mexico","status_quo","Past",2020-06-01,"daily_deaths",7,7,7,7,7,7,7,7
"New Mexico","linear_increase_sd","Past",2020-06-01,"daily_hosps",16,16,16,17,16,17,17,17
"New Mexico","return_normal","Past",2020-06-01,"daily_hosps",16,16,16,17,16,17,17,17
"New Mexico","status_quo","Past",2020-06-01,"daily_hosps",16,16,16,17,16,17,17,17
"New Mexico","linear_increase_sd","Past",2020-06-01,"latent_trend",NA,NA,NA,0.404695096293815,NA,NA,NA,NA
"New Mexico","return_normal","Past",2020-06-01,"latent_trend",NA,NA,NA,0.404695096293815,NA,NA,NA,NA
"New Mexico","status_quo","Past",2020-06-01,"latent_trend",NA,NA,NA,0.404695096293815,NA,NA,NA,NA
"New Mexico","linear_increase_sd","Past",2020-06-01,"mobility_trend",NA,NA,NA,0.830542001323187,NA,NA,NA,NA
"New Mexico","return_normal","Past",2020-06-01,"mobility_trend",NA,NA,NA,0.830542001323187,NA,NA,NA,NA
"New Mexico","status_quo","Past",2020-06-01,"mobility_trend",NA,NA,NA,0.830542001323187,NA,NA,NA,NA
"New Mexico",NA,"Past",2020-06-02,"actual_cumulative_cases",NA,NA,NA,7800,NA,NA,NA,NA
"New Mexico",NA,"Past",2020-06-02,"actual_cumulative_deaths",NA,NA,NA,361,NA,NA,NA,NA
"New Mexico",NA,"Past",2020-06-02,"actual_daily_cases",NA,NA,NA,111,NA,NA,NA,NA
"New Mexico",NA,"Past",2020-06-02,"actual_daily_deaths",NA,NA,NA,6,NA,NA,NA,NA
"New Mexico","linear_increase_sd","Past",2020-06-02,"combined_trend",NA,NA,NA,0.327935523500517,NA,NA,NA,NA
"New Mexico","return_normal","Past",2020-06-02,"combined_trend",NA,NA,NA,0.327935523500517,NA,NA,NA,NA
"New Mexico","status_quo","Past",2020-06-02,"combined_trend",NA,NA,NA,0.327935523500517,NA,NA,NA,NA
"New Mexico","linear_increase_sd","Past",2020-06-02,"cumulative_all_infections",28912,28912,28912,32608,34170,34741,34741,34741
"New Mexico","return_normal","Past",2020-06-02,"cumulative_all_infections",28912,28912,28912,32608,34170,34741,34741,34741
"New Mexico","status_quo","Past",2020-06-02,"cumulative_all_infections",28912,28912,28912,32608,34170,34741,34741,34741
"New Mexico","linear_increase_sd","Past",2020-06-02,"cumulative_cases",7750,7750,7750,8697,9142,9197,9197,9197
"New Mexico","return_normal","Past",2020-06-02,"cumulative_cases",7750,7750,7750,8697,9142,9197,9197,9197
"New Mexico","status_quo","Past",2020-06-02,"cumulative_cases",7750,7750,7750,8697,9142,9197,9197,9197
"New Mexico","linear_increase_sd","Past",2020-06-02,"cumulative_deaths",375,375,375,417,435,440,440,440
"New Mexico","return_normal","Past",2020-06-02,"cumulative_deaths",375,375,375,417,435,440,440,440
"New Mexico","status_quo","Past",2020-06-02,"cumulative_deaths",375,375,375,417,435,440,440,440
"New Mexico","linear_increase_sd","Past",2020-06-02,"cumulative_hosps",887,887,887,995,1040,1057,1057,1057
"New Mexico","return_normal","Past",2020-06-02,"cumulative_hosps",887,887,887,995,1040,1057,1057,1057
"New Mexico","status_quo","Past",2020-06-02,"cumulative_hosps",887,887,887,995,1040,1057,1057,1057
"New Mexico","linear_increase_sd","Past",2020-06-02,"daily_all_infections",382,382,382,407,400,437,437,437
"New Mexico","return_normal","Past",2020-06-02,"daily_all_infections",382,382,382,407,400,437,437,437
"New Mexico","status_quo","Past",2020-06-02,"daily_all_infections",382,382,382,407,400,437,437,437
"New Mexico","linear_increase_sd","Past",2020-06-02,"daily_cases",129,129,129,143,146,153,153,153
"New Mexico","return_normal","Past",2020-06-02,"daily_cases",129,129,129,143,146,153,153,153
"New Mexico","status_quo","Past",2020-06-02,"daily_cases",129,129,129,143,146,153,153,153
"New Mexico","linear_increase_sd","Past",2020-06-02,"daily_deaths",7,7,7,8,7,8,8,8
"New Mexico","return_normal","Past",2020-06-02,"daily_deaths",7,7,7,8,7,8,8,8
"New Mexico","status_quo","Past",2020-06-02,"daily_deaths",7,7,7,8,7,8,8,8
"New Mexico","linear_increase_sd","Past",2020-06-02,"daily_hosps",15,15,15,17,16,18,18,18
"New Mexico","return_normal","Past",2020-06-02,"daily_hosps",15,15,15,17,16,18,18,18
"New Mexico","status_quo","Past",2020-06-02,"daily_hosps",15,15,15,17,16,18,18,18
"New Mexico","linear_increase_sd","Past",2020-06-02,"latent_trend",NA,NA,NA,0.39551104854574,NA,NA,NA,NA
"New Mexico","return_normal","Past",2020-06-02,"latent_trend",NA,NA,NA,0.39551104854574,NA,NA,NA,NA
"New Mexico","status_quo","Past",2020-06-02,"latent_trend",NA,NA,NA,0.39551104854574,NA,NA,NA,NA
"New Mexico","linear_increase_sd","Past",2020-06-02,"mobility_trend",NA,NA,NA,0.829143774127947,NA,NA,NA,NA
"New Mexico","return_normal","Past",2020-06-02,"mobility_trend",NA,NA,NA,0.829143774127947,NA,NA,NA,NA
"New Mexico","status_quo","Past",2020-06-02,"mobility_trend",NA,NA,NA,0.829143774127947,NA,NA,NA,NA
"New Mexico",NA,"Past",2020-06-03,"actual_cumulative_cases",NA,NA,NA,8024,NA,NA,NA,NA
"New Mexico",NA,"Past",2020-06-03,"actual_cumulative_deaths",NA,NA,NA,366,NA,NA,NA,NA
"New Mexico",NA,"Past",2020-06-03,"actual_daily_cases",NA,NA,NA,224,NA,NA,NA,NA
"New Mexico",NA,"Past",2020-06-03,"actual_daily_deaths",NA,NA,NA,5,NA,NA,NA,NA
"New Mexico","linear_increase_sd","Past",2020-06-03,"combined_trend",NA,NA,NA,0.320546862106442,NA,NA,NA,NA
"New Mexico","return_normal","Past",2020-06-03,"combined_trend",NA,NA,NA,0.320546862106442,NA,NA,NA,NA
"New Mexico","status_quo","Past",2020-06-03,"combined_trend",NA,NA,NA,0.320546862106442,NA,NA,NA,NA
"New Mexico","linear_increase_sd","Past",2020-06-03,"cumulative_all_infections",29283,29283,29283,33005,34605,35125,35125,35125
"New Mexico","return_normal","Past",2020-06-03,"cumulative_all_infections",29283,29283,29283,33005,34605,35125,35125,35125
"New Mexico","status_quo","Past",2020-06-03,"cumulative_all_infections",29283,29283,29283,33005,34605,35125,35125,35125
"New Mexico","linear_increase_sd","Past",2020-06-03,"cumulative_cases",7887,7887,7887,8844,9288,9355,9355,9355
"New Mexico","return_normal","Past",2020-06-03,"cumulative_cases",7887,7887,7887,8844,9288,9355,9355,9355
"New Mexico","status_quo","Past",2020-06-03,"cumulative_cases",7887,7887,7887,8844,9288,9355,9355,9355
"New Mexico","linear_increase_sd","Past",2020-06-03,"cumulative_deaths",382,382,382,424,442,447,447,447
"New Mexico","return_normal","Past",2020-06-03,"cumulative_deaths",382,382,382,424,442,447,447,447
"New Mexico","status_quo","Past",2020-06-03,"cumulative_deaths",382,382,382,424,442,447,447,447
"New Mexico","linear_increase_sd","Past",2020-06-03,"cumulative_hosps",903,903,903,1012,1057,1075,1075,1075
"New Mexico","return_normal","Past",2020-06-03,"cumulative_hosps",903,903,903,1012,1057,1075,1075,1075
"New Mexico","status_quo","Past",2020-06-03,"cumulative_hosps",903,903,903,1012,1057,1075,1075,1075
"New Mexico","linear_increase_sd","Past",2020-06-03,"daily_all_infections",371,371,371,397,384,435,435,435
"New Mexico","return_normal","Past",2020-06-03,"daily_all_infections",371,371,371,397,384,435,435,435
"New Mexico","status_quo","Past",2020-06-03,"daily_all_infections",371,371,371,397,384,435,435,435
"New Mexico","linear_increase_sd","Past",2020-06-03,"daily_cases",137,137,137,147,146,158,158,158
"New Mexico","return_normal","Past",2020-06-03,"daily_cases",137,137,137,147,146,158,158,158
"New Mexico","status_quo","Past",2020-06-03,"daily_cases",137,137,137,147,146,158,158,158
"New Mexico","linear_increase_sd","Past",2020-06-03,"daily_deaths",7,7,7,7,7,7,7,7
"New Mexico","return_normal","Past",2020-06-03,"daily_deaths",7,7,7,7,7,7,7,7
"New Mexico","status_quo","Past",2020-06-03,"daily_deaths",7,7,7,7,7,7,7,7
"New Mexico","linear_increase_sd","Past",2020-06-03,"daily_hosps",16,16,16,17,17,18,18,18
"New Mexico","return_normal","Past",2020-06-03,"daily_hosps",16,16,16,17,17,18,18,18
"New Mexico","status_quo","Past",2020-06-03,"daily_hosps",16,16,16,17,17,18,18,18
"New Mexico","linear_increase_sd","Past",2020-06-03,"latent_trend",NA,NA,NA,0.386770705074889,NA,NA,NA,NA
"New Mexico","return_normal","Past",2020-06-03,"latent_trend",NA,NA,NA,0.386770705074889,NA,NA,NA,NA
"New Mexico","status_quo","Past",2020-06-03,"latent_trend",NA,NA,NA,0.386770705074889,NA,NA,NA,NA
"New Mexico","linear_increase_sd","Past",2020-06-03,"mobility_trend",NA,NA,NA,0.828777510552088,NA,NA,NA,NA
"New Mexico","return_normal","Past",2020-06-03,"mobility_trend",NA,NA,NA,0.828777510552088,NA,NA,NA,NA
"New Mexico","status_quo","Past",2020-06-03,"mobility_trend",NA,NA,NA,0.828777510552088,NA,NA,NA,NA
"New Mexico",NA,"Past",2020-06-04,"actual_cumulative_cases",NA,NA,NA,8140,NA,NA,NA,NA
"New Mexico",NA,"Past",2020-06-04,"actual_cumulative_deaths",NA,NA,NA,374,NA,NA,NA,NA
"New Mexico",NA,"Past",2020-06-04,"actual_daily_cases",NA,NA,NA,116,NA,NA,NA,NA
"New Mexico",NA,"Past",2020-06-04,"actual_daily_deaths",NA,NA,NA,8,NA,NA,NA,NA
"New Mexico","linear_increase_sd","Past",2020-06-04,"combined_trend",NA,NA,NA,0.314225370636105,NA,NA,NA,NA
"New Mexico","return_normal","Past",2020-06-04,"combined_trend",NA,NA,NA,0.314225370636105,NA,NA,NA,NA
"New Mexico","status_quo","Past",2020-06-04,"combined_trend",NA,NA,NA,0.314225370636105,NA,NA,NA,NA
"New Mexico","linear_increase_sd","Past",2020-06-04,"cumulative_all_infections",29646,29646,29646,33391,35039,35487,35487,35487
"New Mexico","return_normal","Past",2020-06-04,"cumulative_all_infections",29646,29646,29646,33391,35039,35487,35487,35487
"New Mexico","status_quo","Past",2020-06-04,"cumulative_all_infections",29646,29646,29646,33391,35039,35487,35487,35487
"New Mexico","linear_increase_sd","Past",2020-06-04,"cumulative_cases",8018,8018,8018,8988,9441,9505,9505,9505
"New Mexico","return_normal","Past",2020-06-04,"cumulative_cases",8018,8018,8018,8988,9441,9505,9505,9505
"New Mexico","status_quo","Past",2020-06-04,"cumulative_cases",8018,8018,8018,8988,9441,9505,9505,9505
"New Mexico","linear_increase_sd","Past",2020-06-04,"cumulative_deaths",389,389,389,431,449,455,455,455
"New Mexico","return_normal","Past",2020-06-04,"cumulative_deaths",389,389,389,431,449,455,455,455
"New Mexico","status_quo","Past",2020-06-04,"cumulative_deaths",389,389,389,431,449,455,455,455
"New Mexico","linear_increase_sd","Past",2020-06-04,"cumulative_hosps",919,919,919,1029,1074,1093,1093,1093
"New Mexico","return_normal","Past",2020-06-04,"cumulative_hosps",919,919,919,1029,1074,1093,1093,1093
"New Mexico","status_quo","Past",2020-06-04,"cumulative_hosps",919,919,919,1029,1074,1093,1093,1093
"New Mexico","linear_increase_sd","Past",2020-06-04,"daily_all_infections",362,362,362,387,363,434,434,434
"New Mexico","return_normal","Past",2020-06-04,"daily_all_infections",362,362,362,387,363,434,434,434
"New Mexico","status_quo","Past",2020-06-04,"daily_all_infections",362,362,362,387,363,434,434,434
"New Mexico","linear_increase_sd","Past",2020-06-04,"daily_cases",131,131,131,145,150,153,153,153
"New Mexico","return_normal","Past",2020-06-04,"daily_cases",131,131,131,145,150,153,153,153
"New Mexico","status_quo","Past",2020-06-04,"daily_cases",131,131,131,145,150,153,153,153
"New Mexico","linear_increase_sd","Past",2020-06-04,"daily_deaths",7,7,7,8,7,8,8,8
"New Mexico","return_normal","Past",2020-06-04,"daily_deaths",7,7,7,8,7,8,8,8
"New Mexico","status_quo","Past",2020-06-04,"daily_deaths",7,7,7,8,7,8,8,8
"New Mexico","linear_increase_sd","Past",2020-06-04,"daily_hosps",16,16,16,17,17,18,18,18
"New Mexico","return_normal","Past",2020-06-04,"daily_hosps",16,16,16,17,17,18,18,18
"New Mexico","status_quo","Past",2020-06-04,"daily_hosps",16,16,16,17,17,18,18,18
"New Mexico","linear_increase_sd","Past",2020-06-04,"latent_trend",NA,NA,NA,0.378898637488963,NA,NA,NA,NA
"New Mexico","return_normal","Past",2020-06-04,"latent_trend",NA,NA,NA,0.378898637488963,NA,NA,NA,NA
"New Mexico","status_quo","Past",2020-06-04,"latent_trend",NA,NA,NA,0.378898637488963,NA,NA,NA,NA
"New Mexico","linear_increase_sd","Past",2020-06-04,"mobility_trend",NA,NA,NA,0.829312485044918,NA,NA,NA,NA
"New Mexico","return_normal","Past",2020-06-04,"mobility_trend",NA,NA,NA,0.829312485044918,NA,NA,NA,NA
"New Mexico","status_quo","Past",2020-06-04,"mobility_trend",NA,NA,NA,0.829312485044918,NA,NA,NA,NA
"New Mexico",NA,"Past",2020-06-05,"actual_cumulative_cases",NA,NA,NA,8353,NA,NA,NA,NA
"New Mexico",NA,"Past",2020-06-05,"actual_cumulative_deaths",NA,NA,NA,382,NA,NA,NA,NA
"New Mexico",NA,"Past",2020-06-05,"actual_daily_cases",NA,NA,NA,213,NA,NA,NA,NA
"New Mexico",NA,"Past",2020-06-05,"actual_daily_deaths",NA,NA,NA,8,NA,NA,NA,NA
"New Mexico","linear_increase_sd","Past",2020-06-05,"combined_trend",NA,NA,NA,0.309384983332609,NA,NA,NA,NA
"New Mexico","return_normal","Past",2020-06-05,"combined_trend",NA,NA,NA,0.309384983332609,NA,NA,NA,NA
"New Mexico","status_quo","Past",2020-06-05,"combined_trend",NA,NA,NA,0.309384983332609,NA,NA,NA,NA
"New Mexico","linear_increase_sd","Past",2020-06-05,"cumulative_all_infections",30000,30000,30000,33769,35469,35838,35838,35838
"New Mexico","return_normal","Past",2020-06-05,"cumulative_all_infections",30000,30000,30000,33769,35469,35838,35838,35838
"New Mexico","status_quo","Past",2020-06-05,"cumulative_all_infections",30000,30000,30000,33769,35469,35838,35838,35838
"New Mexico","linear_increase_sd","Past",2020-06-05,"cumulative_cases",8152,8152,8152,9131,9588,9651,9651,9651
"New Mexico","return_normal","Past",2020-06-05,"cumulative_cases",8152,8152,8152,9131,9588,9651,9651,9651
"New Mexico","status_quo","Past",2020-06-05,"cumulative_cases",8152,8152,8152,9131,9588,9651,9651,9651
"New Mexico","linear_increase_sd","Past",2020-06-05,"cumulative_deaths",397,397,397,439,457,463,463,463
"New Mexico","return_normal","Past",2020-06-05,"cumulative_deaths",397,397,397,439,457,463,463,463
"New Mexico","status_quo","Past",2020-06-05,"cumulative_deaths",397,397,397,439,457,463,463,463
"New Mexico","linear_increase_sd","Past",2020-06-05,"cumulative_hosps",935,935,935,1046,1091,1111,1111,1111
"New Mexico","return_normal","Past",2020-06-05,"cumulative_hosps",935,935,935,1046,1091,1111,1111,1111
"New Mexico","status_quo","Past",2020-06-05,"cumulative_hosps",935,935,935,1046,1091,1111,1111,1111
"New Mexico","linear_increase_sd","Past",2020-06-05,"daily_all_infections",351,351,351,379,354,430,430,430
"New Mexico","return_normal","Past",2020-06-05,"daily_all_infections",351,351,351,379,354,430,430,430
"New Mexico","status_quo","Past",2020-06-05,"daily_all_infections",351,351,351,379,354,430,430,430
"New Mexico","linear_increase_sd","Past",2020-06-05,"daily_cases",134,134,134,143,146,147,147,147
"New Mexico","return_normal","Past",2020-06-05,"daily_cases",134,134,134,143,146,147,147,147
"New Mexico","status_quo","Past",2020-06-05,"daily_cases",134,134,134,143,146,147,147,147
"New Mexico","linear_increase_sd","Past",2020-06-05,"daily_deaths",8,8,8,8,8,8,8,8
"New Mexico","return_normal","Past",2020-06-05,"daily_deaths",8,8,8,8,8,8,8,8
"New Mexico","status_quo","Past",2020-06-05,"daily_deaths",8,8,8,8,8,8,8,8
"New Mexico","linear_increase_sd","Past",2020-06-05,"daily_hosps",16,16,16,17,17,18,18,18
"New Mexico","return_normal","Past",2020-06-05,"daily_hosps",16,16,16,17,17,18,18,18
"New Mexico","status_quo","Past",2020-06-05,"daily_hosps",16,16,16,17,17,18,18,18
"New Mexico","linear_increase_sd","Past",2020-06-05,"latent_trend",NA,NA,NA,0.372305270907628,NA,NA,NA,NA
"New Mexico","return_normal","Past",2020-06-05,"latent_trend",NA,NA,NA,0.372305270907628,NA,NA,NA,NA
"New Mexico","status_quo","Past",2020-06-05,"latent_trend",NA,NA,NA,0.372305270907628,NA,NA,NA,NA
"New Mexico","linear_increase_sd","Past",2020-06-05,"mobility_trend",NA,NA,NA,0.83099812844006,NA,NA,NA,NA
"New Mexico","return_normal","Past",2020-06-05,"mobility_trend",NA,NA,NA,0.83099812844006,NA,NA,NA,NA
"New Mexico","status_quo","Past",2020-06-05,"mobility_trend",NA,NA,NA,0.83099812844006,NA,NA,NA,NA
"New Mexico",NA,"Past",2020-06-06,"actual_cumulative_cases",NA,NA,NA,8672,NA,NA,NA,NA
"New Mexico",NA,"Past",2020-06-06,"actual_cumulative_deaths",NA,NA,NA,386,NA,NA,NA,NA
"New Mexico",NA,"Past",2020-06-06,"actual_daily_cases",NA,NA,NA,319,NA,NA,NA,NA
"New Mexico",NA,"Past",2020-06-06,"actual_daily_deaths",NA,NA,NA,4,NA,NA,NA,NA
"New Mexico","linear_increase_sd","Past",2020-06-06,"combined_trend",NA,NA,NA,0.3064719972239,NA,NA,NA,NA
"New Mexico","return_normal","Past",2020-06-06,"combined_trend",NA,NA,NA,0.3064719972239,NA,NA,NA,NA
"New Mexico","status_quo","Past",2020-06-06,"combined_trend",NA,NA,NA,0.3064719972239,NA,NA,NA,NA
"New Mexico","linear_increase_sd","Past",2020-06-06,"cumulative_all_infections",30341,30341,30341,34137,35894,36176,36176,36176
"New Mexico","return_normal","Past",2020-06-06,"cumulative_all_infections",30341,30341,30341,34137,35894,36176,36176,36176
"New Mexico","status_quo","Past",2020-06-06,"cumulative_all_infections",30341,30341,30341,34137,35894,36176,36176,36176
"New Mexico","linear_increase_sd","Past",2020-06-06,"cumulative_cases",8279,8279,8279,9274,9739,9802,9802,9802
"New Mexico","return_normal","Past",2020-06-06,"cumulative_cases",8279,8279,8279,9274,9739,9802,9802,9802
"New Mexico","status_quo","Past",2020-06-06,"cumulative_cases",8279,8279,8279,9274,9739,9802,9802,9802
"New Mexico","linear_increase_sd","Past",2020-06-06,"cumulative_deaths",404,404,404,447,465,470,470,470
"New Mexico","return_normal","Past",2020-06-06,"cumulative_deaths",404,404,404,447,465,470,470,470
"New Mexico","status_quo","Past",2020-06-06,"cumulative_deaths",404,404,404,447,465,470,470,470
"New Mexico","linear_increase_sd","Past",2020-06-06,"cumulative_hosps",952,952,952,1063,1108,1129,1129,1129
"New Mexico","return_normal","Past",2020-06-06,"cumulative_hosps",952,952,952,1063,1108,1129,1129,1129
"New Mexico","status_quo","Past",2020-06-06,"cumulative_hosps",952,952,952,1063,1108,1129,1129,1129
"New Mexico","linear_increase_sd","Past",2020-06-06,"daily_all_infections",338,338,338,368,341,425,425,425
"New Mexico","return_normal","Past",2020-06-06,"daily_all_infections",338,338,338,368,341,425,425,425
"New Mexico","status_quo","Past",2020-06-06,"daily_all_infections",338,338,338,368,341,425,425,425
"New Mexico","linear_increase_sd","Past",2020-06-06,"daily_cases",127,127,127,143,151,151,151,151
"New Mexico","return_normal","Past",2020-06-06,"daily_cases",127,127,127,143,151,151,151,151
"New Mexico","status_quo","Past",2020-06-06,"daily_cases",127,127,127,143,151,151,151,151
"New Mexico","linear_increase_sd","Past",2020-06-06,"daily_deaths",7,7,7,8,7,8,8,8
"New Mexico","return_normal","Past",2020-06-06,"daily_deaths",7,7,7,8,7,8,8,8
"New Mexico","status_quo","Past",2020-06-06,"daily_deaths",7,7,7,8,7,8,8,8
"New Mexico","linear_increase_sd","Past",2020-06-06,"daily_hosps",17,17,17,18,17,18,18,18
"New Mexico","return_normal","Past",2020-06-06,"daily_hosps",17,17,17,18,17,18,18,18
"New Mexico","status_quo","Past",2020-06-06,"daily_hosps",17,17,17,18,17,18,18,18
"New Mexico","linear_increase_sd","Past",2020-06-06,"latent_trend",NA,NA,NA,0.367390334890587,NA,NA,NA,NA
"New Mexico","return_normal","Past",2020-06-06,"latent_trend",NA,NA,NA,0.367390334890587,NA,NA,NA,NA
"New Mexico","status_quo","Past",2020-06-06,"latent_trend",NA,NA,NA,0.367390334890587,NA,NA,NA,NA
"New Mexico","linear_increase_sd","Past",2020-06-06,"mobility_trend",NA,NA,NA,0.834186335672579,NA,NA,NA,NA
"New Mexico","return_normal","Past",2020-06-06,"mobility_trend",NA,NA,NA,0.834186335672579,NA,NA,NA,NA
"New Mexico","status_quo","Past",2020-06-06,"mobility_trend",NA,NA,NA,0.834186335672579,NA,NA,NA,NA
"New Mexico",NA,"Past",2020-06-07,"actual_cumulative_cases",NA,NA,NA,8800,NA,NA,NA,NA
"New Mexico",NA,"Past",2020-06-07,"actual_cumulative_deaths",NA,NA,NA,391,NA,NA,NA,NA
"New Mexico",NA,"Past",2020-06-07,"actual_daily_cases",NA,NA,NA,128,NA,NA,NA,NA
"New Mexico",NA,"Past",2020-06-07,"actual_daily_deaths",NA,NA,NA,5,NA,NA,NA,NA
"New Mexico","linear_increase_sd","Past",2020-06-07,"combined_trend",NA,NA,NA,0.305896327877767,NA,NA,NA,NA
"New Mexico","return_normal","Past",2020-06-07,"combined_trend",NA,NA,NA,0.305896327877767,NA,NA,NA,NA
"New Mexico","status_quo","Past",2020-06-07,"combined_trend",NA,NA,NA,0.305896327877767,NA,NA,NA,NA
"New Mexico","linear_increase_sd","Past",2020-06-07,"cumulative_all_infections",30678,30678,30678,34498,36314,36502,36502,36502
"New Mexico","return_normal","Past",2020-06-07,"cumulative_all_infections",30678,30678,30678,34498,36314,36502,36502,36502
"New Mexico","status_quo","Past",2020-06-07,"cumulative_all_infections",30678,30678,30678,34498,36314,36502,36502,36502
"New Mexico","linear_increase_sd","Past",2020-06-07,"cumulative_cases",8401,8401,8401,9410,9885,9943,9943,9943
"New Mexico","return_normal","Past",2020-06-07,"cumulative_cases",8401,8401,8401,9410,9885,9943,9943,9943
"New Mexico","status_quo","Past",2020-06-07,"cumulative_cases",8401,8401,8401,9410,9885,9943,9943,9943
"New Mexico","linear_increase_sd","Past",2020-06-07,"cumulative_deaths",411,411,411,454,473,477,477,477
"New Mexico","return_normal","Past",2020-06-07,"cumulative_deaths",411,411,411,454,473,477,477,477
"New Mexico","status_quo","Past",2020-06-07,"cumulative_deaths",411,411,411,454,473,477,477,477
"New Mexico","linear_increase_sd","Past",2020-06-07,"cumulative_hosps",968,968,968,1081,1125,1148,1148,1148
"New Mexico","return_normal","Past",2020-06-07,"cumulative_hosps",968,968,968,1081,1125,1148,1148,1148
"New Mexico","status_quo","Past",2020-06-07,"cumulative_hosps",968,968,968,1081,1125,1148,1148,1148
"New Mexico","linear_increase_sd","Past",2020-06-07,"daily_all_infections",326,326,326,361,337,420,420,420
"New Mexico","return_normal","Past",2020-06-07,"daily_all_infections",326,326,326,361,337,420,420,420
"New Mexico","status_quo","Past",2020-06-07,"daily_all_infections",326,326,326,361,337,420,420,420
"New Mexico","linear_increase_sd","Past",2020-06-07,"daily_cases",122,122,122,137,141,146,146,146
"New Mexico","return_normal","Past",2020-06-07,"daily_cases",122,122,122,137,141,146,146,146
"New Mexico","status_quo","Past",2020-06-07,"daily_cases",122,122,122,137,141,146,146,146
"New Mexico","linear_increase_sd","Past",2020-06-07,"daily_deaths",7,7,7,8,7,8,8,8
"New Mexico","return_normal","Past",2020-06-07,"daily_deaths",7,7,7,8,7,8,8,8
"New Mexico","status_quo","Past",2020-06-07,"daily_deaths",7,7,7,8,7,8,8,8
"New Mexico","linear_increase_sd","Past",2020-06-07,"daily_hosps",16,16,16,18,17,19,19,19
"New Mexico","return_normal","Past",2020-06-07,"daily_hosps",16,16,16,18,17,19,19,19
"New Mexico","status_quo","Past",2020-06-07,"daily_hosps",16,16,16,18,17,19,19,19
"New Mexico","linear_increase_sd","Past",2020-06-07,"latent_trend",NA,NA,NA,0.364544637460883,NA,NA,NA,NA
"New Mexico","return_normal","Past",2020-06-07,"latent_trend",NA,NA,NA,0.364544637460883,NA,NA,NA,NA
"New Mexico","status_quo","Past",2020-06-07,"latent_trend",NA,NA,NA,0.364544637460883,NA,NA,NA,NA
"New Mexico","linear_increase_sd","Past",2020-06-07,"mobility_trend",NA,NA,NA,0.839118989675415,NA,NA,NA,NA
"New Mexico","return_normal","Past",2020-06-07,"mobility_trend",NA,NA,NA,0.839118989675415,NA,NA,NA,NA
"New Mexico","status_quo","Past",2020-06-07,"mobility_trend",NA,NA,NA,0.839118989675415,NA,NA,NA,NA
"New Mexico",NA,"Past",2020-06-08,"actual_cumulative_cases",NA,NA,NA,8940,NA,NA,NA,NA
"New Mexico",NA,"Past",2020-06-08,"actual_cumulative_deaths",NA,NA,NA,395,NA,NA,NA,NA
"New Mexico",NA,"Past",2020-06-08,"actual_daily_cases",NA,NA,NA,140,NA,NA,NA,NA
"New Mexico",NA,"Past",2020-06-08,"actual_daily_deaths",NA,NA,NA,4,NA,NA,NA,NA
"New Mexico","linear_increase_sd","Past",2020-06-08,"combined_trend",NA,NA,NA,0.307692175717982,NA,NA,NA,NA
"New Mexico","return_normal","Past",2020-06-08,"combined_trend",NA,NA,NA,0.307692175717982,NA,NA,NA,NA
"New Mexico","status_quo","Past",2020-06-08,"combined_trend",NA,NA,NA,0.307692175717982,NA,NA,NA,NA
"New Mexico","linear_increase_sd","Past",2020-06-08,"cumulative_all_infections",31007,31007,31007,34855,36737,36821,36821,36821
"New Mexico","return_normal","Past",2020-06-08,"cumulative_all_infections",31007,31007,31007,34855,36737,36821,36821,36821
"New Mexico","status_quo","Past",2020-06-08,"cumulative_all_infections",31007,31007,31007,34855,36737,36821,36821,36821
"New Mexico","linear_increase_sd","Past",2020-06-08,"cumulative_cases",8535,8535,8535,9549,10038,10072,10072,10072
"New Mexico","return_normal","Past",2020-06-08,"cumulative_cases",8535,8535,8535,9549,10038,10072,10072,10072
"New Mexico","status_quo","Past",2020-06-08,"cumulative_cases",8535,8535,8535,9549,10038,10072,10072,10072
"New Mexico","linear_increase_sd","Past",2020-06-08,"cumulative_deaths",418,418,418,462,481,485,485,485
"New Mexico","return_normal","Past",2020-06-08,"cumulative_deaths",418,418,418,462,481,485,485,485
"New Mexico","status_quo","Past",2020-06-08,"cumulative_deaths",418,418,418,462,481,485,485,485
"New Mexico","linear_increase_sd","Past",2020-06-08,"cumulative_hosps",984,984,984,1098,1142,1166,1166,1166
"New Mexico","return_normal","Past",2020-06-08,"cumulative_hosps",984,984,984,1098,1142,1166,1166,1166
"New Mexico","status_quo","Past",2020-06-08,"cumulative_hosps",984,984,984,1098,1142,1166,1166,1166
"New Mexico","linear_increase_sd","Past",2020-06-08,"daily_all_infections",319,319,319,357,329,423,423,423
"New Mexico","return_normal","Past",2020-06-08,"daily_all_infections",319,319,319,357,329,423,423,423
"New Mexico","status_quo","Past",2020-06-08,"daily_all_infections",319,319,319,357,329,423,423,423
"New Mexico","linear_increase_sd","Past",2020-06-08,"daily_cases",129,129,129,139,134,153,153,153
"New Mexico","return_normal","Past",2020-06-08,"daily_cases",129,129,129,139,134,153,153,153
"New Mexico","status_quo","Past",2020-06-08,"daily_cases",129,129,129,139,134,153,153,153
"New Mexico","linear_increase_sd","Past",2020-06-08,"daily_deaths",7,7,7,8,8,8,8,8
"New Mexico","return_normal","Past",2020-06-08,"daily_deaths",7,7,7,8,8,8,8,8
"New Mexico","status_quo","Past",2020-06-08,"daily_deaths",7,7,7,8,8,8,8,8
"New Mexico","linear_increase_sd","Past",2020-06-08,"daily_hosps",16,16,16,17,17,18,18,18
"New Mexico","return_normal","Past",2020-06-08,"daily_hosps",16,16,16,17,17,18,18,18
"New Mexico","status_quo","Past",2020-06-08,"daily_hosps",16,16,16,17,17,18,18,18
"New Mexico","linear_increase_sd","Past",2020-06-08,"latent_trend",NA,NA,NA,0.363923205651821,NA,NA,NA,NA
"New Mexico","return_normal","Past",2020-06-08,"latent_trend",NA,NA,NA,0.363923205651821,NA,NA,NA,NA
"New Mexico","status_quo","Past",2020-06-08,"latent_trend",NA,NA,NA,0.363923205651821,NA,NA,NA,NA
"New Mexico","linear_increase_sd","Past",2020-06-08,"mobility_trend",NA,NA,NA,0.845486550292598,NA,NA,NA,NA
"New Mexico","return_normal","Past",2020-06-08,"mobility_trend",NA,NA,NA,0.845486550292598,NA,NA,NA,NA
"New Mexico","status_quo","Past",2020-06-08,"mobility_trend",NA,NA,NA,0.845486550292598,NA,NA,NA,NA
"New Mexico",NA,"Past",2020-06-09,"actual_cumulative_cases",NA,NA,NA,9062,NA,NA,NA,NA
"New Mexico",NA,"Past",2020-06-09,"actual_cumulative_deaths",NA,NA,NA,399,NA,NA,NA,NA
"New Mexico",NA,"Past",2020-06-09,"actual_daily_cases",NA,NA,NA,122,NA,NA,NA,NA
"New Mexico",NA,"Past",2020-06-09,"actual_daily_deaths",NA,NA,NA,4,NA,NA,NA,NA
"New Mexico","linear_increase_sd","Past",2020-06-09,"combined_trend",NA,NA,NA,0.311583934403599,NA,NA,NA,NA
"New Mexico","return_normal","Past",2020-06-09,"combined_trend",NA,NA,NA,0.311583934403599,NA,NA,NA,NA
"New Mexico","status_quo","Past",2020-06-09,"combined_trend",NA,NA,NA,0.311583934403599,NA,NA,NA,NA
"New Mexico","linear_increase_sd","Past",2020-06-09,"cumulative_all_infections",31338,31338,31338,35211,37145,37150,37150,37150
"New Mexico","return_normal","Past",2020-06-09,"cumulative_all_infections",31338,31338,31338,35211,37145,37150,37150,37150
"New Mexico","status_quo","Past",2020-06-09,"cumulative_all_infections",31338,31338,31338,35211,37145,37150,37150,37150
"New Mexico","linear_increase_sd","Past",2020-06-09,"cumulative_cases",8665,8665,8665,9687,10188,10208,10208,10208
"New Mexico","return_normal","Past",2020-06-09,"cumulative_cases",8665,8665,8665,9687,10188,10208,10208,10208
"New Mexico","status_quo","Past",2020-06-09,"cumulative_cases",8665,8665,8665,9687,10188,10208,10208,10208
"New Mexico","linear_increase_sd","Past",2020-06-09,"cumulative_deaths",425,425,425,469,489,493,493,493
"New Mexico","return_normal","Past",2020-06-09,"cumulative_deaths",425,425,425,469,489,493,493,493
"New Mexico","status_quo","Past",2020-06-09,"cumulative_deaths",425,425,425,469,489,493,493,493
"New Mexico","linear_increase_sd","Past",2020-06-09,"cumulative_hosps",1000,1000,1000,1115,1160,1185,1185,1185
"New Mexico","return_normal","Past",2020-06-09,"cumulative_hosps",1000,1000,1000,1115,1160,1185,1185,1185
"New Mexico","status_quo","Past",2020-06-09,"cumulative_hosps",1000,1000,1000,1115,1160,1185,1185,1185
"New Mexico","linear_increase_sd","Past",2020-06-09,"daily_all_infections",324,324,324,356,331,413,413,413
"New Mexico","return_normal","Past",2020-06-09,"daily_all_infections",324,324,324,356,331,413,413,413
"New Mexico","status_quo","Past",2020-06-09,"daily_all_infections",324,324,324,356,331,413,413,413
"New Mexico","linear_increase_sd","Past",2020-06-09,"daily_cases",130,130,130,139,136,150,150,150
"New Mexico","return_normal","Past",2020-06-09,"daily_cases",130,130,130,139,136,150,150,150
"New Mexico","status_quo","Past",2020-06-09,"daily_cases",130,130,130,139,136,150,150,150
"New Mexico","linear_increase_sd","Past",2020-06-09,"daily_deaths",7,7,7,8,8,8,8,8
"New Mexico","return_normal","Past",2020-06-09,"daily_deaths",7,7,7,8,8,8,8,8
"New Mexico","status_quo","Past",2020-06-09,"daily_deaths",7,7,7,8,8,8,8,8
"New Mexico","linear_increase_sd","Past",2020-06-09,"daily_hosps",16,16,16,18,18,19,19,19
"New Mexico","return_normal","Past",2020-06-09,"daily_hosps",16,16,16,18,18,19,19,19
"New Mexico","status_quo","Past",2020-06-09,"daily_hosps",16,16,16,18,18,19,19,19
"New Mexico","linear_increase_sd","Past",2020-06-09,"latent_trend",NA,NA,NA,0.365350378411844,NA,NA,NA,NA
"New Mexico","return_normal","Past",2020-06-09,"latent_trend",NA,NA,NA,0.365350378411844,NA,NA,NA,NA
"New Mexico","status_quo","Past",2020-06-09,"latent_trend",NA,NA,NA,0.365350378411844,NA,NA,NA,NA
"New Mexico","linear_increase_sd","Past",2020-06-09,"mobility_trend",NA,NA,NA,0.852835942740871,NA,NA,NA,NA
"New Mexico","return_normal","Past",2020-06-09,"mobility_trend",NA,NA,NA,0.852835942740871,NA,NA,NA,NA
"New Mexico","status_quo","Past",2020-06-09,"mobility_trend",NA,NA,NA,0.852835942740871,NA,NA,NA,NA
"New Mexico",NA,"Past",2020-06-10,"actual_cumulative_cases",NA,NA,NA,9105,NA,NA,NA,NA
"New Mexico",NA,"Past",2020-06-10,"actual_cumulative_deaths",NA,NA,NA,403,NA,NA,NA,NA
"New Mexico",NA,"Past",2020-06-10,"actual_daily_cases",NA,NA,NA,43,NA,NA,NA,NA
"New Mexico",NA,"Past",2020-06-10,"actual_daily_deaths",NA,NA,NA,4,NA,NA,NA,NA
"New Mexico","linear_increase_sd","Past",2020-06-10,"combined_trend",NA,NA,NA,0.317286378987599,NA,NA,NA,NA
"New Mexico","return_normal","Past",2020-06-10,"combined_trend",NA,NA,NA,0.317286378987599,NA,NA,NA,NA
"New Mexico","status_quo","Past",2020-06-10,"combined_trend",NA,NA,NA,0.317286378987599,NA,NA,NA,NA
"New Mexico","linear_increase_sd","Past",2020-06-10,"cumulative_all_infections",31667,31667,31667,35569,37475,37565,37565,37565
"New Mexico","return_normal","Past",2020-06-10,"cumulative_all_infections",31667,31667,31667,35569,37475,37565,37565,37565
"New Mexico","status_quo","Past",2020-06-10,"cumulative_all_infections",31667,31667,31667,35569,37475,37565,37565,37565
"New Mexico","linear_increase_sd","Past",2020-06-10,"cumulative_cases",8779,8779,8779,9810,10322,10327,10327,10327
"New Mexico","return_normal","Past",2020-06-10,"cumulative_cases",8779,8779,8779,9810,10322,10327,10327,10327
"New Mexico","status_quo","Past",2020-06-10,"cumulative_cases",8779,8779,8779,9810,10322,10327,10327,10327
"New Mexico","linear_increase_sd","Past",2020-06-10,"cumulative_deaths",432,432,432,477,497,501,501,501
"New Mexico","return_normal","Past",2020-06-10,"cumulative_deaths",432,432,432,477,497,501,501,501
"New Mexico","status_quo","Past",2020-06-10,"cumulative_deaths",432,432,432,477,497,501,501,501
"New Mexico","linear_increase_sd","Past",2020-06-10,"cumulative_hosps",1016,1016,1016,1133,1178,1203,1203,1203
"New Mexico","return_normal","Past",2020-06-10,"cumulative_hosps",1016,1016,1016,1133,1178,1203,1203,1203
"New Mexico","status_quo","Past",2020-06-10,"cumulative_hosps",1016,1016,1016,1133,1178,1203,1203,1203
"New Mexico","linear_increase_sd","Past",2020-06-10,"daily_all_infections",329,329,329,358,330,415,415,415
"New Mexico","return_normal","Past",2020-06-10,"daily_all_infections",329,329,329,358,330,415,415,415
"New Mexico","status_quo","Past",2020-06-10,"daily_all_infections",329,329,329,358,330,415,415,415
"New Mexico","linear_increase_sd","Past",2020-06-10,"daily_cases",114,114,114,123,119,134,134,134
"New Mexico","return_normal","Past",2020-06-10,"daily_cases",114,114,114,123,119,134,134,134
"New Mexico","status_quo","Past",2020-06-10,"daily_cases",114,114,114,123,119,134,134,134
"New Mexico","linear_increase_sd","Past",2020-06-10,"daily_deaths",7,7,7,8,8,8,8,8
"New Mexico","return_normal","Past",2020-06-10,"daily_deaths",7,7,7,8,8,8,8,8
"New Mexico","status_quo","Past",2020-06-10,"daily_deaths",7,7,7,8,8,8,8,8
"New Mexico","linear_increase_sd","Past",2020-06-10,"daily_hosps",16,16,16,18,18,18,18,18
"New Mexico","return_normal","Past",2020-06-10,"daily_hosps",16,16,16,18,18,18,18,18
"New Mexico","status_quo","Past",2020-06-10,"daily_hosps",16,16,16,18,18,18,18,18
"New Mexico","linear_increase_sd","Past",2020-06-10,"latent_trend",NA,NA,NA,0.368638109308284,NA,NA,NA,NA
"New Mexico","return_normal","Past",2020-06-10,"latent_trend",NA,NA,NA,0.368638109308284,NA,NA,NA,NA
"New Mexico","status_quo","Past",2020-06-10,"latent_trend",NA,NA,NA,0.368638109308284,NA,NA,NA,NA
"New Mexico","linear_increase_sd","Past",2020-06-10,"mobility_trend",NA,NA,NA,0.860698801822085,NA,NA,NA,NA
"New Mexico","return_normal","Past",2020-06-10,"mobility_trend",NA,NA,NA,0.860698801822085,NA,NA,NA,NA
"New Mexico","status_quo","Past",2020-06-10,"mobility_trend",NA,NA,NA,0.860698801822085,NA,NA,NA,NA
"New Mexico",NA,"Past",2020-06-11,"actual_cumulative_cases",NA,NA,NA,9250,NA,NA,NA,NA
"New Mexico",NA,"Past",2020-06-11,"actual_cumulative_deaths",NA,NA,NA,409,NA,NA,NA,NA
"New Mexico",NA,"Past",2020-06-11,"actual_daily_cases",NA,NA,NA,145,NA,NA,NA,NA
"New Mexico",NA,"Past",2020-06-11,"actual_daily_deaths",NA,NA,NA,6,NA,NA,NA,NA
"New Mexico","linear_increase_sd","Past",2020-06-11,"combined_trend",NA,NA,NA,0.324542782311649,NA,NA,NA,NA
"New Mexico","return_normal","Past",2020-06-11,"combined_trend",NA,NA,NA,0.324542782311649,NA,NA,NA,NA
"New Mexico","status_quo","Past",2020-06-11,"combined_trend",NA,NA,NA,0.324542782311649,NA,NA,NA,NA
"New Mexico","linear_increase_sd","Past",2020-06-11,"cumulative_all_infections",31996,31996,31996,35927,37810,37973,37973,37973
"New Mexico","return_normal","Past",2020-06-11,"cumulative_all_infections",31996,31996,31996,35927,37810,37973,37973,37973
"New Mexico","status_quo","Past",2020-06-11,"cumulative_all_infections",31996,31996,31996,35927,37810,37973,37973,37973
"New Mexico","linear_increase_sd","Past",2020-06-11,"cumulative_cases",8898,8898,8898,9936,10441,10469,10469,10469
"New Mexico","return_normal","Past",2020-06-11,"cumulative_cases",8898,8898,8898,9936,10441,10469,10469,10469
"New Mexico","status_quo","Past",2020-06-11,"cumulative_cases",8898,8898,8898,9936,10441,10469,10469,10469
"New Mexico","linear_increase_sd","Past",2020-06-11,"cumulative_deaths",439,439,439,485,505,509,509,509
"New Mexico","return_normal","Past",2020-06-11,"cumulative_deaths",439,439,439,485,505,509,509,509
"New Mexico","status_quo","Past",2020-06-11,"cumulative_deaths",439,439,439,485,505,509,509,509
"New Mexico","linear_increase_sd","Past",2020-06-11,"cumulative_hosps",1032,1032,1032,1150,1196,1221,1221,1221
"New Mexico","return_normal","Past",2020-06-11,"cumulative_hosps",1032,1032,1032,1150,1196,1221,1221,1221
"New Mexico","status_quo","Past",2020-06-11,"cumulative_hosps",1032,1032,1032,1150,1196,1221,1221,1221
"New Mexico","linear_increase_sd","Past",2020-06-11,"daily_all_infections",329,329,329,358,335,408,408,408
"New Mexico","return_normal","Past",2020-06-11,"daily_all_infections",329,329,329,358,335,408,408,408
"New Mexico","status_quo","Past",2020-06-11,"daily_all_infections",329,329,329,358,335,408,408,408
"New Mexico","linear_increase_sd","Past",2020-06-11,"daily_cases",114,114,114,127,119,147,147,147
"New Mexico","return_normal","Past",2020-06-11,"daily_cases",114,114,114,127,119,147,147,147
"New Mexico","status_quo","Past",2020-06-11,"daily_cases",114,114,114,127,119,147,147,147
"New Mexico","linear_increase_sd","Past",2020-06-11,"daily_deaths",7,7,7,8,8,8,8,8
"New Mexico","return_normal","Past",2020-06-11,"daily_deaths",7,7,7,8,8,8,8,8
"New Mexico","status_quo","Past",2020-06-11,"daily_deaths",7,7,7,8,8,8,8,8
"New Mexico","linear_increase_sd","Past",2020-06-11,"daily_hosps",16,16,16,18,18,18,18,18
"New Mexico","return_normal","Past",2020-06-11,"daily_hosps",16,16,16,18,18,18,18,18
"New Mexico","status_quo","Past",2020-06-11,"daily_hosps",16,16,16,18,18,18,18,18
"New Mexico","linear_increase_sd","Past",2020-06-11,"latent_trend",NA,NA,NA,0.373607680928803,NA,NA,NA,NA
"New Mexico","return_normal","Past",2020-06-11,"latent_trend",NA,NA,NA,0.373607680928803,NA,NA,NA,NA
"New Mexico","status_quo","Past",2020-06-11,"latent_trend",NA,NA,NA,0.373607680928803,NA,NA,NA,NA
"New Mexico","linear_increase_sd","Past",2020-06-11,"mobility_trend",NA,NA,NA,0.868672671570411,NA,NA,NA,NA
"New Mexico","return_normal","Past",2020-06-11,"mobility_trend",NA,NA,NA,0.868672671570411,NA,NA,NA,NA
"New Mexico","status_quo","Past",2020-06-11,"mobility_trend",NA,NA,NA,0.868672671570411,NA,NA,NA,NA
"New Mexico",NA,"Past",2020-06-12,"actual_cumulative_cases",NA,NA,NA,9526,NA,NA,NA,NA
"New Mexico",NA,"Past",2020-06-12,"actual_cumulative_deaths",NA,NA,NA,425,NA,NA,NA,NA
"New Mexico",NA,"Past",2020-06-12,"actual_daily_cases",NA,NA,NA,276,NA,NA,NA,NA
"New Mexico",NA,"Past",2020-06-12,"actual_daily_deaths",NA,NA,NA,16,NA,NA,NA,NA
"New Mexico","linear_increase_sd","Past",2020-06-12,"combined_trend",NA,NA,NA,0.333195279214281,NA,NA,NA,NA
"New Mexico","return_normal","Past",2020-06-12,"combined_trend",NA,NA,NA,0.333195279214281,NA,NA,NA,NA
"New Mexico","status_quo","Past",2020-06-12,"combined_trend",NA,NA,NA,0.333195279214281,NA,NA,NA,NA
"New Mexico","linear_increase_sd","Past",2020-06-12,"cumulative_all_infections",32324,32324,32324,36286,38150,38383,38383,38383
"New Mexico","return_normal","Past",2020-06-12,"cumulative_all_infections",32324,32324,32324,36286,38150,38383,38383,38383
"New Mexico","status_quo","Past",2020-06-12,"cumulative_all_infections",32324,32324,32324,36286,38150,38383,38383,38383
"New Mexico","linear_increase_sd","Past",2020-06-12,"cumulative_cases",9020,9020,9020,10062,10554,10612,10612,10612
"New Mexico","return_normal","Past",2020-06-12,"cumulative_cases",9020,9020,9020,10062,10554,10612,10612,10612
"New Mexico","status_quo","Past",2020-06-12,"cumulative_cases",9020,9020,9020,10062,10554,10612,10612,10612
"New Mexico","linear_increase_sd","Past",2020-06-12,"cumulative_deaths",447,447,447,493,513,517,517,517
"New Mexico","return_normal","Past",2020-06-12,"cumulative_deaths",447,447,447,493,513,517,517,517
"New Mexico","status_quo","Past",2020-06-12,"cumulative_deaths",447,447,447,493,513,517,517,517
"New Mexico","linear_increase_sd","Past",2020-06-12,"cumulative_hosps",1047,1047,1047,1166,1213,1238,1238,1238
"New Mexico","return_normal","Past",2020-06-12,"cumulative_hosps",1047,1047,1047,1166,1213,1238,1238,1238
"New Mexico","status_quo","Past",2020-06-12,"cumulative_hosps",1047,1047,1047,1166,1213,1238,1238,1238
"New Mexico","linear_increase_sd","Past",2020-06-12,"daily_all_infections",328,328,328,360,340,410,410,410
"New Mexico","return_normal","Past",2020-06-12,"daily_all_infections",328,328,328,360,340,410,410,410
"New Mexico","status_quo","Past",2020-06-12,"daily_all_infections",328,328,328,360,340,410,410,410
"New Mexico","linear_increase_sd","Past",2020-06-12,"daily_cases",113,113,113,126,122,143,143,143
"New Mexico","return_normal","Past",2020-06-12,"daily_cases",113,113,113,126,122,143,143,143
"New Mexico","status_quo","Past",2020-06-12,"daily_cases",113,113,113,126,122,143,143,143
"New Mexico","linear_increase_sd","Past",2020-06-12,"daily_deaths",8,8,8,8,8,8,8,8
"New Mexico","return_normal","Past",2020-06-12,"daily_deaths",8,8,8,8,8,8,8,8
"New Mexico","status_quo","Past",2020-06-12,"daily_deaths",8,8,8,8,8,8,8,8
"New Mexico","linear_increase_sd","Past",2020-06-12,"daily_hosps",15,15,15,17,17,17,17,17
"New Mexico","return_normal","Past",2020-06-12,"daily_hosps",15,15,15,17,17,17,17,17
"New Mexico","status_quo","Past",2020-06-12,"daily_hosps",15,15,15,17,17,17,17,17
"New Mexico","linear_increase_sd","Past",2020-06-12,"latent_trend",NA,NA,NA,0.38008481342717,NA,NA,NA,NA
"New Mexico","return_normal","Past",2020-06-12,"latent_trend",NA,NA,NA,0.38008481342717,NA,NA,NA,NA
"New Mexico","status_quo","Past",2020-06-12,"latent_trend",NA,NA,NA,0.38008481342717,NA,NA,NA,NA
"New Mexico","linear_increase_sd","Past",2020-06-12,"mobility_trend",NA,NA,NA,0.876634023364174,NA,NA,NA,NA
"New Mexico","return_normal","Past",2020-06-12,"mobility_trend",NA,NA,NA,0.876634023364174,NA,NA,NA,NA
"New Mexico","status_quo","Past",2020-06-12,"mobility_trend",NA,NA,NA,0.876634023364174,NA,NA,NA,NA
"New Mexico",NA,"Past",2020-06-13,"actual_cumulative_cases",NA,NA,NA,9526,NA,NA,NA,NA
"New Mexico",NA,"Past",2020-06-13,"actual_cumulative_deaths",NA,NA,NA,425,NA,NA,NA,NA
"New Mexico",NA,"Past",2020-06-13,"actual_daily_cases",NA,NA,NA,0,NA,NA,NA,NA
"New Mexico",NA,"Past",2020-06-13,"actual_daily_deaths",NA,NA,NA,0,NA,NA,NA,NA
"New Mexico","linear_increase_sd","Past",2020-06-13,"combined_trend",NA,NA,NA,0.343097461261436,NA,NA,NA,NA
"New Mexico","return_normal","Past",2020-06-13,"combined_trend",NA,NA,NA,0.343097461261436,NA,NA,NA,NA
"New Mexico","status_quo","Past",2020-06-13,"combined_trend",NA,NA,NA,0.343097461261436,NA,NA,NA,NA
"New Mexico","linear_increase_sd","Past",2020-06-13,"cumulative_all_infections",32656,32656,32656,36651,38504,38791,38791,38791
"New Mexico","return_normal","Past",2020-06-13,"cumulative_all_infections",32656,32656,32656,36651,38504,38791,38791,38791
"New Mexico","status_quo","Past",2020-06-13,"cumulative_all_infections",32656,32656,32656,36651,38504,38791,38791,38791
"New Mexico","linear_increase_sd","Past",2020-06-13,"cumulative_cases",9144,9144,9144,10189,10675,10747,10747,10747
"New Mexico","return_normal","Past",2020-06-13,"cumulative_cases",9144,9144,9144,10189,10675,10747,10747,10747
"New Mexico","status_quo","Past",2020-06-13,"cumulative_cases",9144,9144,9144,10189,10675,10747,10747,10747
"New Mexico","linear_increase_sd","Past",2020-06-13,"cumulative_deaths",454,454,454,500,521,524,524,524
"New Mexico","return_normal","Past",2020-06-13,"cumulative_deaths",454,454,454,500,521,524,524,524
"New Mexico","status_quo","Past",2020-06-13,"cumulative_deaths",454,454,454,500,521,524,524,524
"New Mexico","linear_increase_sd","Past",2020-06-13,"cumulative_hosps",1063,1063,1063,1183,1231,1254,1254,1254
"New Mexico","return_normal","Past",2020-06-13,"cumulative_hosps",1063,1063,1063,1183,1231,1254,1254,1254
"New Mexico","status_quo","Past",2020-06-13,"cumulative_hosps",1063,1063,1063,1183,1231,1254,1254,1254
"New Mexico","linear_increase_sd","Past",2020-06-13,"daily_all_infections",332,332,332,365,354,408,408,408
"New Mexico","return_normal","Past",2020-06-13,"daily_all_infections",332,332,332,365,354,408,408,408
"New Mexico","status_quo","Past",2020-06-13,"daily_all_infections",332,332,332,365,354,408,408,408
"New Mexico","linear_increase_sd","Past",2020-06-13,"daily_cases",121,121,121,127,124,135,135,135
"New Mexico","return_normal","Past",2020-06-13,"daily_cases",121,121,121,127,124,135,135,135
"New Mexico","status_quo","Past",2020-06-13,"daily_cases",121,121,121,127,124,135,135,135
"New Mexico","linear_increase_sd","Past",2020-06-13,"daily_deaths",7,7,7,8,7,8,8,8
"New Mexico","return_normal","Past",2020-06-13,"daily_deaths",7,7,7,8,7,8,8,8
"New Mexico","status_quo","Past",2020-06-13,"daily_deaths",7,7,7,8,7,8,8,8
"New Mexico","linear_increase_sd","Past",2020-06-13,"daily_hosps",16,16,16,17,16,18,18,18
"New Mexico","return_normal","Past",2020-06-13,"daily_hosps",16,16,16,17,16,18,18,18
"New Mexico","status_quo","Past",2020-06-13,"daily_hosps",16,16,16,17,16,18,18,18
"New Mexico","linear_increase_sd","Past",2020-06-13,"latent_trend",NA,NA,NA,0.387895220984136,NA,NA,NA,NA
"New Mexico","return_normal","Past",2020-06-13,"latent_trend",NA,NA,NA,0.387895220984136,NA,NA,NA,NA
"New Mexico","status_quo","Past",2020-06-13,"latent_trend",NA,NA,NA,0.387895220984136,NA,NA,NA,NA
"New Mexico","linear_increase_sd","Past",2020-06-13,"mobility_trend",NA,NA,NA,0.88451066860519,NA,NA,NA,NA
"New Mexico","return_normal","Past",2020-06-13,"mobility_trend",NA,NA,NA,0.88451066860519,NA,NA,NA,NA
"New Mexico","status_quo","Past",2020-06-13,"mobility_trend",NA,NA,NA,0.88451066860519,NA,NA,NA,NA
"New Mexico",NA,"Past",2020-06-14,"actual_cumulative_cases",NA,NA,NA,9621,NA,NA,NA,NA
"New Mexico",NA,"Past",2020-06-14,"actual_cumulative_deaths",NA,NA,NA,430,NA,NA,NA,NA
"New Mexico",NA,"Past",2020-06-14,"actual_daily_cases",NA,NA,NA,95,NA,NA,NA,NA
"New Mexico",NA,"Past",2020-06-14,"actual_daily_deaths",NA,NA,NA,5,NA,NA,NA,NA
"New Mexico","linear_increase_sd","Past",2020-06-14,"combined_trend",NA,NA,NA,0.35406216111741,NA,NA,NA,NA
"New Mexico","return_normal","Past",2020-06-14,"combined_trend",NA,NA,NA,0.35406216111741,NA,NA,NA,NA
"New Mexico","status_quo","Past",2020-06-14,"combined_trend",NA,NA,NA,0.35406216111741,NA,NA,NA,NA
"New Mexico","linear_increase_sd","Past",2020-06-14,"cumulative_all_infections",32992,32992,32992,37023,38878,39198,39198,39198
"New Mexico","return_normal","Past",2020-06-14,"cumulative_all_infections",32992,32992,32992,37023,38878,39198,39198,39198
"New Mexico","status_quo","Past",2020-06-14,"cumulative_all_infections",32992,32992,32992,37023,38878,39198,39198,39198
"New Mexico","linear_increase_sd","Past",2020-06-14,"cumulative_cases",9266,9266,9266,10318,10784,10902,10902,10902
"New Mexico","return_normal","Past",2020-06-14,"cumulative_cases",9266,9266,9266,10318,10784,10902,10902,10902
"New Mexico","status_quo","Past",2020-06-14,"cumulative_cases",9266,9266,9266,10318,10784,10902,10902,10902
"New Mexico","linear_increase_sd","Past",2020-06-14,"cumulative_deaths",461,461,461,507,528,532,532,532
"New Mexico","return_normal","Past",2020-06-14,"cumulative_deaths",461,461,461,507,528,532,532,532
"New Mexico","status_quo","Past",2020-06-14,"cumulative_deaths",461,461,461,507,528,532,532,532
"New Mexico","linear_increase_sd","Past",2020-06-14,"cumulative_hosps",1078,1078,1078,1199,1249,1270,1270,1270
"New Mexico","return_normal","Past",2020-06-14,"cumulative_hosps",1078,1078,1078,1199,1249,1270,1270,1270
"New Mexico","status_quo","Past",2020-06-14,"cumulative_hosps",1078,1078,1078,1199,1249,1270,1270,1270
"New Mexico","linear_increase_sd","Past",2020-06-14,"daily_all_infections",336,336,336,373,374,407,407,407
"New Mexico","return_normal","Past",2020-06-14,"daily_all_infections",336,336,336,373,374,407,407,407
"New Mexico","status_quo","Past",2020-06-14,"daily_all_infections",336,336,336,373,374,407,407,407
"New Mexico","linear_increase_sd","Past",2020-06-14,"daily_cases",109,109,109,129,122,155,155,155
"New Mexico","return_normal","Past",2020-06-14,"daily_cases",109,109,109,129,122,155,155,155
"New Mexico","status_quo","Past",2020-06-14,"daily_cases",109,109,109,129,122,155,155,155
"New Mexico","linear_increase_sd","Past",2020-06-14,"daily_deaths",7,7,7,8,7,8,8,8
"New Mexico","return_normal","Past",2020-06-14,"daily_deaths",7,7,7,8,7,8,8,8
"New Mexico","status_quo","Past",2020-06-14,"daily_deaths",7,7,7,8,7,8,8,8
"New Mexico","linear_increase_sd","Past",2020-06-14,"daily_hosps",15,15,15,17,16,18,18,18
"New Mexico","return_normal","Past",2020-06-14,"daily_hosps",15,15,15,17,16,18,18,18
"New Mexico","status_quo","Past",2020-06-14,"daily_hosps",15,15,15,17,16,18,18,18
"New Mexico","linear_increase_sd","Past",2020-06-14,"latent_trend",NA,NA,NA,0.396860888916473,NA,NA,NA,NA
"New Mexico","return_normal","Past",2020-06-14,"latent_trend",NA,NA,NA,0.396860888916473,NA,NA,NA,NA
"New Mexico","status_quo","Past",2020-06-14,"latent_trend",NA,NA,NA,0.396860888916473,NA,NA,NA,NA
"New Mexico","linear_increase_sd","Past",2020-06-14,"mobility_trend",NA,NA,NA,0.892156851445065,NA,NA,NA,NA
"New Mexico","return_normal","Past",2020-06-14,"mobility_trend",NA,NA,NA,0.892156851445065,NA,NA,NA,NA
"New Mexico","status_quo","Past",2020-06-14,"mobility_trend",NA,NA,NA,0.892156851445065,NA,NA,NA,NA
"New Mexico",NA,"Past",2020-06-15,"actual_cumulative_cases",NA,NA,NA,9723,NA,NA,NA,NA
"New Mexico",NA,"Past",2020-06-15,"actual_cumulative_deaths",NA,NA,NA,434,NA,NA,NA,NA
"New Mexico",NA,"Past",2020-06-15,"actual_daily_cases",NA,NA,NA,102,NA,NA,NA,NA
"New Mexico",NA,"Past",2020-06-15,"actual_daily_deaths",NA,NA,NA,4,NA,NA,NA,NA
"New Mexico","linear_increase_sd","Past",2020-06-15,"combined_trend",NA,NA,NA,0.365874780409632,NA,NA,NA,NA
"New Mexico","return_normal","Past",2020-06-15,"combined_trend",NA,NA,NA,0.365874780409632,NA,NA,NA,NA
"New Mexico","status_quo","Past",2020-06-15,"combined_trend",NA,NA,NA,0.365874780409632,NA,NA,NA,NA
"New Mexico","linear_increase_sd","Past",2020-06-15,"cumulative_all_infections",33333,33333,33333,37404,39267,39610,39610,39610
"New Mexico","return_normal","Past",2020-06-15,"cumulative_all_infections",33333,33333,33333,37404,39267,39610,39610,39610
"New Mexico","status_quo","Past",2020-06-15,"cumulative_all_infections",33333,33333,33333,37404,39267,39610,39610,39610
"New Mexico","linear_increase_sd","Past",2020-06-15,"cumulative_cases",9377,9377,9377,10434,10894,11030,11030,11030
"New Mexico","return_normal","Past",2020-06-15,"cumulative_cases",9377,9377,9377,10434,10894,11030,11030,11030
"New Mexico","status_quo","Past",2020-06-15,"cumulative_cases",9377,9377,9377,10434,10894,11030,11030,11030
"New Mexico","linear_increase_sd","Past",2020-06-15,"cumulative_deaths",468,468,468,515,536,540,540,540
"New Mexico","return_normal","Past",2020-06-15,"cumulative_deaths",468,468,468,515,536,540,540,540
"New Mexico","status_quo","Past",2020-06-15,"cumulative_deaths",468,468,468,515,536,540,540,540
"New Mexico","linear_increase_sd","Past",2020-06-15,"cumulative_hosps",1093,1093,1093,1215,1266,1285,1285,1285
"New Mexico","return_normal","Past",2020-06-15,"cumulative_hosps",1093,1093,1093,1215,1266,1285,1285,1285
"New Mexico","status_quo","Past",2020-06-15,"cumulative_hosps",1093,1093,1093,1215,1266,1285,1285,1285
"New Mexico","linear_increase_sd","Past",2020-06-15,"daily_all_infections",341,341,341,381,389,412,412,412
"New Mexico","return_normal","Past",2020-06-15,"daily_all_infections",341,341,341,381,389,412,412,412
"New Mexico","status_quo","Past",2020-06-15,"daily_all_infections",341,341,341,381,389,412,412,412
"New Mexico","linear_increase_sd","Past",2020-06-15,"daily_cases",110,110,110,117,111,128,128,128
"New Mexico","return_normal","Past",2020-06-15,"daily_cases",110,110,110,117,111,128,128,128
"New Mexico","status_quo","Past",2020-06-15,"daily_cases",110,110,110,117,111,128,128,128
"New Mexico","linear_increase_sd","Past",2020-06-15,"daily_deaths",7,7,7,8,8,8,8,8
"New Mexico","return_normal","Past",2020-06-15,"daily_deaths",7,7,7,8,8,8,8,8
"New Mexico","status_quo","Past",2020-06-15,"daily_deaths",7,7,7,8,8,8,8,8
"New Mexico","linear_increase_sd","Past",2020-06-15,"daily_hosps",15,15,15,16,15,17,17,17
"New Mexico","return_normal","Past",2020-06-15,"daily_hosps",15,15,15,16,15,17,17,17
"New Mexico","status_quo","Past",2020-06-15,"daily_hosps",15,15,15,16,15,17,17,17
"New Mexico","linear_increase_sd","Past",2020-06-15,"latent_trend",NA,NA,NA,0.40679726448737,NA,NA,NA,NA
"New Mexico","return_normal","Past",2020-06-15,"latent_trend",NA,NA,NA,0.40679726448737,NA,NA,NA,NA
"New Mexico","status_quo","Past",2020-06-15,"latent_trend",NA,NA,NA,0.40679726448737,NA,NA,NA,NA
"New Mexico","linear_increase_sd","Past",2020-06-15,"mobility_trend",NA,NA,NA,0.899403246653325,NA,NA,NA,NA
"New Mexico","return_normal","Past",2020-06-15,"mobility_trend",NA,NA,NA,0.899403246653325,NA,NA,NA,NA
"New Mexico","status_quo","Past",2020-06-15,"mobility_trend",NA,NA,NA,0.899403246653325,NA,NA,NA,NA
"New Mexico",NA,"Past",2020-06-16,"actual_cumulative_cases",NA,NA,NA,9845,NA,NA,NA,NA
"New Mexico",NA,"Past",2020-06-16,"actual_cumulative_deaths",NA,NA,NA,439,NA,NA,NA,NA
"New Mexico",NA,"Past",2020-06-16,"actual_daily_cases",NA,NA,NA,122,NA,NA,NA,NA
"New Mexico",NA,"Past",2020-06-16,"actual_daily_deaths",NA,NA,NA,5,NA,NA,NA,NA
"New Mexico","linear_increase_sd","Past",2020-06-16,"combined_trend",NA,NA,NA,0.378290376829327,NA,NA,NA,NA
"New Mexico","return_normal","Past",2020-06-16,"combined_trend",NA,NA,NA,0.378290376829327,NA,NA,NA,NA
"New Mexico","status_quo","Past",2020-06-16,"combined_trend",NA,NA,NA,0.378290376829327,NA,NA,NA,NA
"New Mexico","linear_increase_sd","Past",2020-06-16,"cumulative_all_infections",33684,33684,33684,37797,39682,40024,40024,40024
"New Mexico","return_normal","Past",2020-06-16,"cumulative_all_infections",33684,33684,33684,37797,39682,40024,40024,40024
"New Mexico","status_quo","Past",2020-06-16,"cumulative_all_infections",33684,33684,33684,37797,39682,40024,40024,40024
"New Mexico","linear_increase_sd","Past",2020-06-16,"cumulative_cases",9493,9493,9493,10560,11010,11177,11177,11177
"New Mexico","return_normal","Past",2020-06-16,"cumulative_cases",9493,9493,9493,10560,11010,11177,11177,11177
"New Mexico","status_quo","Past",2020-06-16,"cumulative_cases",9493,9493,9493,10560,11010,11177,11177,11177
"New Mexico","linear_increase_sd","Past",2020-06-16,"cumulative_deaths",475,475,475,522,543,548,548,548
"New Mexico","return_normal","Past",2020-06-16,"cumulative_deaths",475,475,475,522,543,548,548,548
"New Mexico","status_quo","Past",2020-06-16,"cumulative_deaths",475,475,475,522,543,548,548,548
"New Mexico","linear_increase_sd","Past",2020-06-16,"cumulative_hosps",1108,1108,1108,1231,1283,1300,1300,1300
"New Mexico","return_normal","Past",2020-06-16,"cumulative_hosps",1108,1108,1108,1231,1283,1300,1300,1300
"New Mexico","status_quo","Past",2020-06-16,"cumulative_hosps",1108,1108,1108,1231,1283,1300,1300,1300
"New Mexico","linear_increase_sd","Past",2020-06-16,"daily_all_infections",351,351,351,394,414,415,415,415
"New Mexico","return_normal","Past",2020-06-16,"daily_all_infections",351,351,351,394,414,415,415,415
"New Mexico","status_quo","Past",2020-06-16,"daily_all_infections",351,351,351,394,414,415,415,415
"New Mexico","linear_increase_sd","Past",2020-06-16,"daily_cases",116,116,116,127,116,147,147,147
"New Mexico","return_normal","Past",2020-06-16,"daily_cases",116,116,116,127,116,147,147,147
"New Mexico","status_quo","Past",2020-06-16,"daily_cases",116,116,116,127,116,147,147,147
"New Mexico","linear_increase_sd","Past",2020-06-16,"daily_deaths",7,7,7,8,7,8,8,8
"New Mexico","return_normal","Past",2020-06-16,"daily_deaths",7,7,7,8,7,8,8,8
"New Mexico","status_quo","Past",2020-06-16,"daily_deaths",7,7,7,8,7,8,8,8
"New Mexico","linear_increase_sd","Past",2020-06-16,"daily_hosps",15,15,15,16,15,17,17,17
"New Mexico","return_normal","Past",2020-06-16,"daily_hosps",15,15,15,16,15,17,17,17
"New Mexico","status_quo","Past",2020-06-16,"daily_hosps",15,15,15,16,15,17,17,17
"New Mexico","linear_increase_sd","Past",2020-06-16,"latent_trend",NA,NA,NA,0.41751148104456,NA,NA,NA,NA
"New Mexico","return_normal","Past",2020-06-16,"latent_trend",NA,NA,NA,0.41751148104456,NA,NA,NA,NA
"New Mexico","status_quo","Past",2020-06-16,"latent_trend",NA,NA,NA,0.41751148104456,NA,NA,NA,NA
"New Mexico","linear_increase_sd","Past",2020-06-16,"mobility_trend",NA,NA,NA,0.906059818721375,NA,NA,NA,NA
"New Mexico","return_normal","Past",2020-06-16,"mobility_trend",NA,NA,NA,0.906059818721375,NA,NA,NA,NA
"New Mexico","status_quo","Past",2020-06-16,"mobility_trend",NA,NA,NA,0.906059818721375,NA,NA,NA,NA
"New Mexico",NA,"Past",2020-06-17,"actual_cumulative_cases",NA,NA,NA,9933,NA,NA,NA,NA
"New Mexico",NA,"Past",2020-06-17,"actual_cumulative_deaths",NA,NA,NA,446,NA,NA,NA,NA
"New Mexico",NA,"Past",2020-06-17,"actual_daily_cases",NA,NA,NA,88,NA,NA,NA,NA
"New Mexico",NA,"Past",2020-06-17,"actual_daily_deaths",NA,NA,NA,7,NA,NA,NA,NA
"New Mexico","linear_increase_sd","Past",2020-06-17,"combined_trend",NA,NA,NA,0.391048368450195,NA,NA,NA,NA
"New Mexico","return_normal","Past",2020-06-17,"combined_trend",NA,NA,NA,0.391048368450195,NA,NA,NA,NA
"New Mexico","status_quo","Past",2020-06-17,"combined_trend",NA,NA,NA,0.391048368450195,NA,NA,NA,NA
"New Mexico","linear_increase_sd","Past",2020-06-17,"cumulative_all_infections",34042,34042,34042,38201,40120,40441,40441,40441
"New Mexico","return_normal","Past",2020-06-17,"cumulative_all_infections",34042,34042,34042,38201,40120,40441,40441,40441
"New Mexico","status_quo","Past",2020-06-17,"cumulative_all_infections",34042,34042,34042,38201,40120,40441,40441,40441
"New Mexico","linear_increase_sd","Past",2020-06-17,"cumulative_cases",9614,9614,9614,10685,11119,11322,11322,11322
"New Mexico","return_normal","Past",2020-06-17,"cumulative_cases",9614,9614,9614,10685,11119,11322,11322,11322
"New Mexico","status_quo","Past",2020-06-17,"cumulative_cases",9614,9614,9614,10685,11119,11322,11322,11322
"New Mexico","linear_increase_sd","Past",2020-06-17,"cumulative_deaths",482,482,482,530,551,556,556,556
"New Mexico","return_normal","Past",2020-06-17,"cumulative_deaths",482,482,482,530,551,556,556,556
"New Mexico","status_quo","Past",2020-06-17,"cumulative_deaths",482,482,482,530,551,556,556,556
"New Mexico","linear_increase_sd","Past",2020-06-17,"cumulative_hosps",1122,1122,1122,1246,1300,1314,1314,1314
"New Mexico","return_normal","Past",2020-06-17,"cumulative_hosps",1122,1122,1122,1246,1300,1314,1314,1314
"New Mexico","status_quo","Past",2020-06-17,"cumulative_hosps",1122,1122,1122,1246,1300,1314,1314,1314
"New Mexico","linear_increase_sd","Past",2020-06-17,"daily_all_infections",358,358,358,405,417,438,438,438
"New Mexico","return_normal","Past",2020-06-17,"daily_all_infections",358,358,358,405,417,438,438,438
"New Mexico","status_quo","Past",2020-06-17,"daily_all_infections",358,358,358,405,417,438,438,438
"New Mexico","linear_increase_sd","Past",2020-06-17,"daily_cases",109,109,109,125,121,145,145,145
"New Mexico","return_normal","Past",2020-06-17,"daily_cases",109,109,109,125,121,145,145,145
"New Mexico","status_quo","Past",2020-06-17,"daily_cases",109,109,109,125,121,145,145,145
"New Mexico","linear_increase_sd","Past",2020-06-17,"daily_deaths",7,7,7,8,8,8,8,8
"New Mexico","return_normal","Past",2020-06-17,"daily_deaths",7,7,7,8,8,8,8,8
"New Mexico","status_quo","Past",2020-06-17,"daily_deaths",7,7,7,8,8,8,8,8
"New Mexico","linear_increase_sd","Past",2020-06-17,"daily_hosps",14,14,14,15,14,17,17,17
"New Mexico","return_normal","Past",2020-06-17,"daily_hosps",14,14,14,15,14,17,17,17
"New Mexico","status_quo","Past",2020-06-17,"daily_hosps",14,14,14,15,14,17,17,17
"New Mexico","linear_increase_sd","Past",2020-06-17,"latent_trend",NA,NA,NA,0.428801657568424,NA,NA,NA,NA
"New Mexico","return_normal","Past",2020-06-17,"latent_trend",NA,NA,NA,0.428801657568424,NA,NA,NA,NA
"New Mexico","status_quo","Past",2020-06-17,"latent_trend",NA,NA,NA,0.428801657568424,NA,NA,NA,NA
"New Mexico","linear_increase_sd","Past",2020-06-17,"mobility_trend",NA,NA,NA,0.91195628922632,NA,NA,NA,NA
"New Mexico","return_normal","Past",2020-06-17,"mobility_trend",NA,NA,NA,0.91195628922632,NA,NA,NA,NA
"New Mexico","status_quo","Past",2020-06-17,"mobility_trend",NA,NA,NA,0.91195628922632,NA,NA,NA,NA
"New Mexico",NA,"Past",2020-06-18,"actual_cumulative_cases",NA,NA,NA,10065,NA,NA,NA,NA
"New Mexico",NA,"Past",2020-06-18,"actual_cumulative_deaths",NA,NA,NA,451,NA,NA,NA,NA
"New Mexico",NA,"Past",2020-06-18,"actual_daily_cases",NA,NA,NA,132,NA,NA,NA,NA
"New Mexico",NA,"Past",2020-06-18,"actual_daily_deaths",NA,NA,NA,5,NA,NA,NA,NA
"New Mexico","linear_increase_sd","Past",2020-06-18,"combined_trend",NA,NA,NA,0.403909023156437,NA,NA,NA,NA
"New Mexico","return_normal","Past",2020-06-18,"combined_trend",NA,NA,NA,0.403909023156437,NA,NA,NA,NA
"New Mexico","status_quo","Past",2020-06-18,"combined_trend",NA,NA,NA,0.403909023156437,NA,NA,NA,NA
"New Mexico","linear_increase_sd","Past",2020-06-18,"cumulative_all_infections",34409,34409,34409,38622,40586,40871,40871,40871
"New Mexico","return_normal","Past",2020-06-18,"cumulative_all_infections",34409,34409,34409,38622,40586,40871,40871,40871
"New Mexico","status_quo","Past",2020-06-18,"cumulative_all_infections",34409,34409,34409,38622,40586,40871,40871,40871
"New Mexico","linear_increase_sd","Past",2020-06-18,"cumulative_cases",9720,9720,9720,10807,11238,11463,11463,11463
"New Mexico","return_normal","Past",2020-06-18,"cumulative_cases",9720,9720,9720,10807,11238,11463,11463,11463
"New Mexico","status_quo","Past",2020-06-18,"cumulative_cases",9720,9720,9720,10807,11238,11463,11463,11463
"New Mexico","linear_increase_sd","Past",2020-06-18,"cumulative_deaths",488,488,488,537,559,564,564,564
"New Mexico","return_normal","Past",2020-06-18,"cumulative_deaths",488,488,488,537,559,564,564,564
"New Mexico","status_quo","Past",2020-06-18,"cumulative_deaths",488,488,488,537,559,564,564,564
"New Mexico","linear_increase_sd","Past",2020-06-18,"cumulative_hosps",1137,1137,1137,1262,1318,1329,1329,1329
"New Mexico","return_normal","Past",2020-06-18,"cumulative_hosps",1137,1137,1137,1262,1318,1329,1329,1329
"New Mexico","status_quo","Past",2020-06-18,"cumulative_hosps",1137,1137,1137,1262,1318,1329,1329,1329
"New Mexico","linear_increase_sd","Past",2020-06-18,"daily_all_infections",367,367,367,421,430,466,466,466
"New Mexico","return_normal","Past",2020-06-18,"daily_all_infections",367,367,367,421,430,466,466,466
"New Mexico","status_quo","Past",2020-06-18,"daily_all_infections",367,367,367,421,430,466,466,466
"New Mexico","linear_increase_sd","Past",2020-06-18,"daily_cases",106,106,106,122,119,141,141,141
"New Mexico","return_normal","Past",2020-06-18,"daily_cases",106,106,106,122,119,141,141,141
"New Mexico","status_quo","Past",2020-06-18,"daily_cases",106,106,106,122,119,141,141,141
"New Mexico","linear_increase_sd","Past",2020-06-18,"daily_deaths",6,6,6,8,8,8,8,8
"New Mexico","return_normal","Past",2020-06-18,"daily_deaths",6,6,6,8,8,8,8,8
"New Mexico","status_quo","Past",2020-06-18,"daily_deaths",6,6,6,8,8,8,8,8
"New Mexico","linear_increase_sd","Past",2020-06-18,"daily_hosps",15,15,15,16,15,18,18,18
"New Mexico","return_normal","Past",2020-06-18,"daily_hosps",15,15,15,16,15,18,18,18
"New Mexico","status_quo","Past",2020-06-18,"daily_hosps",15,15,15,16,15,18,18,18
"New Mexico","linear_increase_sd","Past",2020-06-18,"latent_trend",NA,NA,NA,0.440457231147331,NA,NA,NA,NA
"New Mexico","return_normal","Past",2020-06-18,"latent_trend",NA,NA,NA,0.440457231147331,NA,NA,NA,NA
"New Mexico","status_quo","Past",2020-06-18,"latent_trend",NA,NA,NA,0.440457231147331,NA,NA,NA,NA
"New Mexico","linear_increase_sd","Past",2020-06-18,"mobility_trend",NA,NA,NA,0.917022118366199,NA,NA,NA,NA
"New Mexico","return_normal","Past",2020-06-18,"mobility_trend",NA,NA,NA,0.917022118366199,NA,NA,NA,NA
"New Mexico","status_quo","Past",2020-06-18,"mobility_trend",NA,NA,NA,0.917022118366199,NA,NA,NA,NA
"New Mexico",NA,"Past",2020-06-19,"actual_cumulative_cases",NA,NA,NA,10153,NA,NA,NA,NA
"New Mexico",NA,"Past",2020-06-19,"actual_cumulative_deaths",NA,NA,NA,455,NA,NA,NA,NA
"New Mexico",NA,"Past",2020-06-19,"actual_daily_cases",NA,NA,NA,88,NA,NA,NA,NA
"New Mexico",NA,"Past",2020-06-19,"actual_daily_deaths",NA,NA,NA,4,NA,NA,NA,NA
"New Mexico","linear_increase_sd","Past",2020-06-19,"combined_trend",NA,NA,NA,0.416632283196699,NA,NA,NA,NA
"New Mexico","return_normal","Past",2020-06-19,"combined_trend",NA,NA,NA,0.416632283196699,NA,NA,NA,NA
"New Mexico","status_quo","Past",2020-06-19,"combined_trend",NA,NA,NA,0.416632283196699,NA,NA,NA,NA
"New Mexico","linear_increase_sd","Past",2020-06-19,"cumulative_all_infections",34794,34794,34794,39063,41080,41313,41313,41313
"New Mexico","return_normal","Past",2020-06-19,"cumulative_all_infections",34794,34794,34794,39063,41080,41313,41313,41313
"New Mexico","status_quo","Past",2020-06-19,"cumulative_all_infections",34794,34794,34794,39063,41080,41313,41313,41313
"New Mexico","linear_increase_sd","Past",2020-06-19,"cumulative_cases",9833,9833,9833,10930,11355,11602,11602,11602
"New Mexico","return_normal","Past",2020-06-19,"cumulative_cases",9833,9833,9833,10930,11355,11602,11602,11602
"New Mexico","status_quo","Past",2020-06-19,"cumulative_cases",9833,9833,9833,10930,11355,11602,11602,11602
"New Mexico","linear_increase_sd","Past",2020-06-19,"cumulative_deaths",491,491,491,543,566,572,572,572
"New Mexico","return_normal","Past",2020-06-19,"cumulative_deaths",491,491,491,543,566,572,572,572
"New Mexico","status_quo","Past",2020-06-19,"cumulative_deaths",491,491,491,543,566,572,572,572
"New Mexico","linear_increase_sd","Past",2020-06-19,"cumulative_hosps",1151,1151,1151,1276,1334,1343,1343,1343
"New Mexico","return_normal","Past",2020-06-19,"cumulative_hosps",1151,1151,1151,1276,1334,1343,1343,1343
"New Mexico","status_quo","Past",2020-06-19,"cumulative_hosps",1151,1151,1151,1276,1334,1343,1343,1343
"New Mexico","linear_increase_sd","Past",2020-06-19,"daily_all_infections",385,385,385,441,442,494,494,494
"New Mexico","return_normal","Past",2020-06-19,"daily_all_infections",385,385,385,441,442,494,494,494
"New Mexico","status_quo","Past",2020-06-19,"daily_all_infections",385,385,385,441,442,494,494,494
"New Mexico","linear_increase_sd","Past",2020-06-19,"daily_cases",113,113,113,123,117,139,139,139
"New Mexico","return_normal","Past",2020-06-19,"daily_cases",113,113,113,123,117,139,139,139
"New Mexico","status_quo","Past",2020-06-19,"daily_cases",113,113,113,123,117,139,139,139
"New Mexico","linear_increase_sd","Past",2020-06-19,"daily_deaths",3,3,3,6,7,8,8,8
"New Mexico","return_normal","Past",2020-06-19,"daily_deaths",3,3,3,6,7,8,8,8
"New Mexico","status_quo","Past",2020-06-19,"daily_deaths",3,3,3,6,7,8,8,8
"New Mexico","linear_increase_sd","Past",2020-06-19,"daily_hosps",14,14,14,15,14,16,16,16
"New Mexico","return_normal","Past",2020-06-19,"daily_hosps",14,14,14,15,14,16,16,16
"New Mexico","status_quo","Past",2020-06-19,"daily_hosps",14,14,14,15,14,16,16,16
"New Mexico","linear_increase_sd","Past",2020-06-19,"latent_trend",NA,NA,NA,0.452260192063898,NA,NA,NA,NA
"New Mexico","return_normal","Past",2020-06-19,"latent_trend",NA,NA,NA,0.452260192063898,NA,NA,NA,NA
"New Mexico","status_quo","Past",2020-06-19,"latent_trend",NA,NA,NA,0.452260192063898,NA,NA,NA,NA
"New Mexico","linear_increase_sd","Past",2020-06-19,"mobility_trend",NA,NA,NA,0.921222540713542,NA,NA,NA,NA
"New Mexico","return_normal","Past",2020-06-19,"mobility_trend",NA,NA,NA,0.921222540713542,NA,NA,NA,NA
"New Mexico","status_quo","Past",2020-06-19,"mobility_trend",NA,NA,NA,0.921222540713542,NA,NA,NA,NA
"New Mexico",NA,"Past",2020-06-20,"actual_cumulative_cases",NA,NA,NA,10260,NA,NA,NA,NA
"New Mexico",NA,"Past",2020-06-20,"actual_cumulative_deaths",NA,NA,NA,463,NA,NA,NA,NA
"New Mexico",NA,"Past",2020-06-20,"actual_daily_cases",NA,NA,NA,107,NA,NA,NA,NA
"New Mexico",NA,"Past",2020-06-20,"actual_daily_deaths",NA,NA,NA,8,NA,NA,NA,NA
"New Mexico","linear_increase_sd","Past",2020-06-20,"combined_trend",NA,NA,NA,0.428986638126638,NA,NA,NA,NA
"New Mexico","return_normal","Past",2020-06-20,"combined_trend",NA,NA,NA,0.428986638126638,NA,NA,NA,NA
"New Mexico","status_quo","Past",2020-06-20,"combined_trend",NA,NA,NA,0.428986638126638,NA,NA,NA,NA
"New Mexico","linear_increase_sd","Past",2020-06-20,"cumulative_all_infections",35188,35188,35188,39522,41612,41766,41766,41766
"New Mexico","return_normal","Past",2020-06-20,"cumulative_all_infections",35188,35188,35188,39522,41612,41766,41766,41766
"New Mexico","status_quo","Past",2020-06-20,"cumulative_all_infections",35188,35188,35188,39522,41612,41766,41766,41766
"New Mexico","linear_increase_sd","Past",2020-06-20,"cumulative_cases",9945,9945,9945,11063,11493,11751,11751,11751
"New Mexico","return_normal","Past",2020-06-20,"cumulative_cases",9945,9945,9945,11063,11493,11751,11751,11751
"New Mexico","status_quo","Past",2020-06-20,"cumulative_cases",9945,9945,9945,11063,11493,11751,11751,11751
"New Mexico","linear_increase_sd","Past",2020-06-20,"cumulative_deaths",494,494,494,549,573,579,579,579
"New Mexico","return_normal","Past",2020-06-20,"cumulative_deaths",494,494,494,549,573,579,579,579
"New Mexico","status_quo","Past",2020-06-20,"cumulative_deaths",494,494,494,549,573,579,579,579
"New Mexico","linear_increase_sd","Past",2020-06-20,"cumulative_hosps",1165,1165,1165,1292,1351,1358,1358,1358
"New Mexico","return_normal","Past",2020-06-20,"cumulative_hosps",1165,1165,1165,1292,1351,1358,1358,1358
"New Mexico","status_quo","Past",2020-06-20,"cumulative_hosps",1165,1165,1165,1292,1351,1358,1358,1358
"New Mexico","linear_increase_sd","Past",2020-06-20,"daily_all_infections",394,394,394,460,453,532,532,532
"New Mexico","return_normal","Past",2020-06-20,"daily_all_infections",394,394,394,460,453,532,532,532
"New Mexico","status_quo","Past",2020-06-20,"daily_all_infections",394,394,394,460,453,532,532,532
"New Mexico","linear_increase_sd","Past",2020-06-20,"daily_cases",112,112,112,133,138,149,149,149
"New Mexico","return_normal","Past",2020-06-20,"daily_cases",112,112,112,133,138,149,149,149
"New Mexico","status_quo","Past",2020-06-20,"daily_cases",112,112,112,133,138,149,149,149
"New Mexico","linear_increase_sd","Past",2020-06-20,"daily_deaths",3,3,3,6,7,7,7,7
"New Mexico","return_normal","Past",2020-06-20,"daily_deaths",3,3,3,6,7,7,7,7
"New Mexico","status_quo","Past",2020-06-20,"daily_deaths",3,3,3,6,7,7,7,7
"New Mexico","linear_increase_sd","Past",2020-06-20,"daily_hosps",14,14,14,16,15,17,17,17
"New Mexico","return_normal","Past",2020-06-20,"daily_hosps",14,14,14,16,15,17,17,17
"New Mexico","status_quo","Past",2020-06-20,"daily_hosps",14,14,14,16,15,17,17,17
"New Mexico","linear_increase_sd","Past",2020-06-20,"latent_trend",NA,NA,NA,0.463986961081719,NA,NA,NA,NA
"New Mexico","return_normal","Past",2020-06-20,"latent_trend",NA,NA,NA,0.463986961081719,NA,NA,NA,NA
"New Mexico","status_quo","Past",2020-06-20,"latent_trend",NA,NA,NA,0.463986961081719,NA,NA,NA,NA
"New Mexico","linear_increase_sd","Past",2020-06-20,"mobility_trend",NA,NA,NA,0.924566149717908,NA,NA,NA,NA
"New Mexico","return_normal","Past",2020-06-20,"mobility_trend",NA,NA,NA,0.924566149717908,NA,NA,NA,NA
"New Mexico","status_quo","Past",2020-06-20,"mobility_trend",NA,NA,NA,0.924566149717908,NA,NA,NA,NA
"New Mexico",NA,"Past",2020-06-21,"actual_cumulative_cases",NA,NA,NA,10565,NA,NA,NA,NA
"New Mexico",NA,"Past",2020-06-21,"actual_cumulative_deaths",NA,NA,NA,468,NA,NA,NA,NA
"New Mexico",NA,"Past",2020-06-21,"actual_daily_cases",NA,NA,NA,305,NA,NA,NA,NA
"New Mexico",NA,"Past",2020-06-21,"actual_daily_deaths",NA,NA,NA,5,NA,NA,NA,NA
"New Mexico","linear_increase_sd","Past",2020-06-21,"combined_trend",NA,NA,NA,0.440743456621815,NA,NA,NA,NA
"New Mexico","return_normal","Past",2020-06-21,"combined_trend",NA,NA,NA,0.440743456621815,NA,NA,NA,NA
"New Mexico","status_quo","Past",2020-06-21,"combined_trend",NA,NA,NA,0.440743456621815,NA,NA,NA,NA
"New Mexico","linear_increase_sd","Past",2020-06-21,"cumulative_all_infections",35599,35599,35599,40001,42157,42245,42245,42245
"New Mexico","return_normal","Past",2020-06-21,"cumulative_all_infections",35599,35599,35599,40001,42157,42245,42245,42245
"New Mexico","status_quo","Past",2020-06-21,"cumulative_all_infections",35599,35599,35599,40001,42157,42245,42245,42245
"New Mexico","linear_increase_sd","Past",2020-06-21,"cumulative_cases",10060,10060,10060,11195,11633,11892,11892,11892
"New Mexico","return_normal","Past",2020-06-21,"cumulative_cases",10060,10060,10060,11195,11633,11892,11892,11892
"New Mexico","status_quo","Past",2020-06-21,"cumulative_cases",10060,10060,10060,11195,11633,11892,11892,11892
"New Mexico","linear_increase_sd","Past",2020-06-21,"cumulative_deaths",497,497,497,552,576,583,583,583
"New Mexico","return_normal","Past",2020-06-21,"cumulative_deaths",497,497,497,552,576,583,583,583
"New Mexico","status_quo","Past",2020-06-21,"cumulative_deaths",497,497,497,552,576,583,583,583
"New Mexico","linear_increase_sd","Past",2020-06-21,"cumulative_hosps",1179,1179,1179,1307,1368,1372,1372,1372
"New Mexico","return_normal","Past",2020-06-21,"cumulative_hosps",1179,1179,1179,1307,1368,1372,1372,1372
"New Mexico","status_quo","Past",2020-06-21,"cumulative_hosps",1179,1179,1179,1307,1368,1372,1372,1372
"New Mexico","linear_increase_sd","Past",2020-06-21,"daily_all_infections",411,411,411,479,479,545,545,545
"New Mexico","return_normal","Past",2020-06-21,"daily_all_infections",411,411,411,479,479,545,545,545
"New Mexico","status_quo","Past",2020-06-21,"daily_all_infections",411,411,411,479,479,545,545,545
"New Mexico","linear_increase_sd","Past",2020-06-21,"daily_cases",115,115,115,132,140,141,141,141
"New Mexico","return_normal","Past",2020-06-21,"daily_cases",115,115,115,132,140,141,141,141
"New Mexico","status_quo","Past",2020-06-21,"daily_cases",115,115,115,132,140,141,141,141
"New Mexico","linear_increase_sd","Past",2020-06-21,"daily_deaths",3,3,3,4,3,4,4,4
"New Mexico","return_normal","Past",2020-06-21,"daily_deaths",3,3,3,4,3,4,4,4
"New Mexico","status_quo","Past",2020-06-21,"daily_deaths",3,3,3,4,3,4,4,4
"New Mexico","linear_increase_sd","Past",2020-06-21,"daily_hosps",14,14,14,15,14,17,17,17
"New Mexico","return_normal","Past",2020-06-21,"daily_hosps",14,14,14,15,14,17,17,17
"New Mexico","status_quo","Past",2020-06-21,"daily_hosps",14,14,14,15,14,17,17,17
"New Mexico","linear_increase_sd","Past",2020-06-21,"latent_trend",NA,NA,NA,0.475406100346288,NA,NA,NA,NA
"New Mexico","return_normal","Past",2020-06-21,"latent_trend",NA,NA,NA,0.475406100346288,NA,NA,NA,NA
"New Mexico","status_quo","Past",2020-06-21,"latent_trend",NA,NA,NA,0.475406100346288,NA,NA,NA,NA
"New Mexico","linear_increase_sd","Past",2020-06-21,"mobility_trend",NA,NA,NA,0.927088348889035,NA,NA,NA,NA
"New Mexico","return_normal","Past",2020-06-21,"mobility_trend",NA,NA,NA,0.927088348889035,NA,NA,NA,NA
"New Mexico","status_quo","Past",2020-06-21,"mobility_trend",NA,NA,NA,0.927088348889035,NA,NA,NA,NA
"New Mexico",NA,"Past",2020-06-22,"actual_cumulative_cases",NA,NA,NA,10565,NA,NA,NA,NA
"New Mexico",NA,"Past",2020-06-22,"actual_cumulative_deaths",NA,NA,NA,468,NA,NA,NA,NA
"New Mexico",NA,"Past",2020-06-22,"actual_daily_cases",NA,NA,NA,0,NA,NA,NA,NA
"New Mexico",NA,"Past",2020-06-22,"actual_daily_deaths",NA,NA,NA,0,NA,NA,NA,NA
"New Mexico","linear_increase_sd","Past",2020-06-22,"combined_trend",NA,NA,NA,0.451696931119767,NA,NA,NA,NA
"New Mexico","return_normal","Past",2020-06-22,"combined_trend",NA,NA,NA,0.451696931119767,NA,NA,NA,NA
"New Mexico","status_quo","Past",2020-06-22,"combined_trend",NA,NA,NA,0.451696931119767,NA,NA,NA,NA
"New Mexico","linear_increase_sd","Past",2020-06-22,"cumulative_all_infections",36032,36032,36032,40506,42738,42746,42746,42746
"New Mexico","return_normal","Past",2020-06-22,"cumulative_all_infections",36032,36032,36032,40506,42738,42746,42746,42746
"New Mexico","status_quo","Past",2020-06-22,"cumulative_all_infections",36032,36032,36032,40506,42738,42746,42746,42746
"New Mexico","linear_increase_sd","Past",2020-06-22,"cumulative_cases",10180,10180,10180,11336,11787,12041,12041,12041
"New Mexico","return_normal","Past",2020-06-22,"cumulative_cases",10180,10180,10180,11336,11787,12041,12041,12041
"New Mexico","status_quo","Past",2020-06-22,"cumulative_cases",10180,10180,10180,11336,11787,12041,12041,12041
"New Mexico","linear_increase_sd","Past",2020-06-22,"cumulative_deaths",500,500,500,556,580,586,586,586
"New Mexico","return_normal","Past",2020-06-22,"cumulative_deaths",500,500,500,556,580,586,586,586
"New Mexico","status_quo","Past",2020-06-22,"cumulative_deaths",500,500,500,556,580,586,586,586
"New Mexico","linear_increase_sd","Past",2020-06-22,"cumulative_hosps",1193,1193,1193,1322,1385,1387,1387,1387
"New Mexico","return_normal","Past",2020-06-22,"cumulative_hosps",1193,1193,1193,1322,1385,1387,1387,1387
"New Mexico","status_quo","Past",2020-06-22,"cumulative_hosps",1193,1193,1193,1322,1385,1387,1387,1387
"New Mexico","linear_increase_sd","Past",2020-06-22,"daily_all_infections",433,433,433,505,501,581,581,581
"New Mexico","return_normal","Past",2020-06-22,"daily_all_infections",433,433,433,505,501,581,581,581
"New Mexico","status_quo","Past",2020-06-22,"daily_all_infections",433,433,433,505,501,581,581,581
"New Mexico","linear_increase_sd","Past",2020-06-22,"daily_cases",120,120,120,141,149,154,154,154
"New Mexico","return_normal","Past",2020-06-22,"daily_cases",120,120,120,141,149,154,154,154
"New Mexico","status_quo","Past",2020-06-22,"daily_cases",120,120,120,141,149,154,154,154
"New Mexico","linear_increase_sd","Past",2020-06-22,"daily_deaths",3,3,3,4,3,4,4,4
"New Mexico","return_normal","Past",2020-06-22,"daily_deaths",3,3,3,4,3,4,4,4
"New Mexico","status_quo","Past",2020-06-22,"daily_deaths",3,3,3,4,3,4,4,4
"New Mexico","linear_increase_sd","Past",2020-06-22,"daily_hosps",14,14,14,16,15,17,17,17
"New Mexico","return_normal","Past",2020-06-22,"daily_hosps",14,14,14,16,15,17,17,17
"New Mexico","status_quo","Past",2020-06-22,"daily_hosps",14,14,14,16,15,17,17,17
"New Mexico","linear_increase_sd","Past",2020-06-22,"latent_trend",NA,NA,NA,0.486276844329853,NA,NA,NA,NA
"New Mexico","return_normal","Past",2020-06-22,"latent_trend",NA,NA,NA,0.486276844329853,NA,NA,NA,NA
"New Mexico","status_quo","Past",2020-06-22,"latent_trend",NA,NA,NA,0.486276844329853,NA,NA,NA,NA
"New Mexico","linear_increase_sd","Past",2020-06-22,"mobility_trend",NA,NA,NA,0.92888842310034,NA,NA,NA,NA
"New Mexico","return_normal","Past",2020-06-22,"mobility_trend",NA,NA,NA,0.92888842310034,NA,NA,NA,NA
"New Mexico","status_quo","Past",2020-06-22,"mobility_trend",NA,NA,NA,0.92888842310034,NA,NA,NA,NA
"New Mexico",NA,"Past",2020-06-23,"actual_cumulative_cases",NA,NA,NA,10694,NA,NA,NA,NA
"New Mexico",NA,"Past",2020-06-23,"actual_cumulative_deaths",NA,NA,NA,468,NA,NA,NA,NA
"New Mexico",NA,"Past",2020-06-23,"actual_daily_cases",NA,NA,NA,129,NA,NA,NA,NA
"New Mexico",NA,"Past",2020-06-23,"actual_daily_deaths",NA,NA,NA,0,NA,NA,NA,NA
"New Mexico","linear_increase_sd","Past",2020-06-23,"combined_trend",NA,NA,NA,0.461651914276342,NA,NA,NA,NA
"New Mexico","return_normal","Past",2020-06-23,"combined_trend",NA,NA,NA,0.461651914276342,NA,NA,NA,NA
"New Mexico","status_quo","Past",2020-06-23,"combined_trend",NA,NA,NA,0.461651914276342,NA,NA,NA,NA
"New Mexico","linear_increase_sd","Past",2020-06-23,"cumulative_all_infections",36485,36485,36485,41040,43283,43352,43352,43352
"New Mexico","return_normal","Past",2020-06-23,"cumulative_all_infections",36485,36485,36485,41040,43283,43352,43352,43352
"New Mexico","status_quo","Past",2020-06-23,"cumulative_all_infections",36485,36485,36485,41040,43283,43352,43352,43352
"New Mexico","linear_increase_sd","Past",2020-06-23,"cumulative_cases",10302,10302,10302,11479,11943,12191,12191,12191
"New Mexico","return_normal","Past",2020-06-23,"cumulative_cases",10302,10302,10302,11479,11943,12191,12191,12191
"New Mexico","status_quo","Past",2020-06-23,"cumulative_cases",10302,10302,10302,11479,11943,12191,12191,12191
"New Mexico","linear_increase_sd","Past",2020-06-23,"cumulative_deaths",503,503,503,559,584,589,589,589
"New Mexico","return_normal","Past",2020-06-23,"cumulative_deaths",503,503,503,559,584,589,589,589
"New Mexico","status_quo","Past",2020-06-23,"cumulative_deaths",503,503,503,559,584,589,589,589
"New Mexico","linear_increase_sd","Past",2020-06-23,"cumulative_hosps",1207,1207,1207,1337,1402,1402,1402,1402
"New Mexico","return_normal","Past",2020-06-23,"cumulative_hosps",1207,1207,1207,1337,1402,1402,1402,1402
"New Mexico","status_quo","Past",2020-06-23,"cumulative_hosps",1207,1207,1207,1337,1402,1402,1402,1402
"New Mexico","linear_increase_sd","Past",2020-06-23,"daily_all_infections",453,453,453,535,537,614,614,614
"New Mexico","return_normal","Past",2020-06-23,"daily_all_infections",453,453,453,535,537,614,614,614
"New Mexico","status_quo","Past",2020-06-23,"daily_all_infections",453,453,453,535,537,614,614,614
"New Mexico","linear_increase_sd","Past",2020-06-23,"daily_cases",122,122,122,143,150,156,156,156
"New Mexico","return_normal","Past",2020-06-23,"daily_cases",122,122,122,143,150,156,156,156
"New Mexico","status_quo","Past",2020-06-23,"daily_cases",122,122,122,143,150,156,156,156
"New Mexico","linear_increase_sd","Past",2020-06-23,"daily_deaths",3,3,3,4,3,4,4,4
"New Mexico","return_normal","Past",2020-06-23,"daily_deaths",3,3,3,4,3,4,4,4
"New Mexico","status_quo","Past",2020-06-23,"daily_deaths",3,3,3,4,3,4,4,4
"New Mexico","linear_increase_sd","Past",2020-06-23,"daily_hosps",14,14,14,16,15,17,17,17
"New Mexico","return_normal","Past",2020-06-23,"daily_hosps",14,14,14,16,15,17,17,17
"New Mexico","status_quo","Past",2020-06-23,"daily_hosps",14,14,14,16,15,17,17,17
"New Mexico","linear_increase_sd","Past",2020-06-23,"latent_trend",NA,NA,NA,0.496358961260824,NA,NA,NA,NA
"New Mexico","return_normal","Past",2020-06-23,"latent_trend",NA,NA,NA,0.496358961260824,NA,NA,NA,NA
"New Mexico","status_quo","Past",2020-06-23,"latent_trend",NA,NA,NA,0.496358961260824,NA,NA,NA,NA
"New Mexico","linear_increase_sd","Past",2020-06-23,"mobility_trend",NA,NA,NA,0.930076719283317,NA,NA,NA,NA
"New Mexico","return_normal","Past",2020-06-23,"mobility_trend",NA,NA,NA,0.930076719283317,NA,NA,NA,NA
"New Mexico","status_quo","Past",2020-06-23,"mobility_trend",NA,NA,NA,0.930076719283317,NA,NA,NA,NA
"New Mexico",NA,"Past",2020-06-24,"actual_cumulative_cases",NA,NA,NA,10838,NA,NA,NA,NA
"New Mexico",NA,"Past",2020-06-24,"actual_cumulative_deaths",NA,NA,NA,475,NA,NA,NA,NA
"New Mexico",NA,"Past",2020-06-24,"actual_daily_cases",NA,NA,NA,144,NA,NA,NA,NA
"New Mexico",NA,"Past",2020-06-24,"actual_daily_deaths",NA,NA,NA,7,NA,NA,NA,NA
"New Mexico","linear_increase_sd","Past",2020-06-24,"combined_trend",NA,NA,NA,0.470412374506923,NA,NA,NA,NA
"New Mexico","return_normal","Past",2020-06-24,"combined_trend",NA,NA,NA,0.470412374506923,NA,NA,NA,NA
"New Mexico","status_quo","Past",2020-06-24,"combined_trend",NA,NA,NA,0.470412374506923,NA,NA,NA,NA
"New Mexico","linear_increase_sd","Past",2020-06-24,"cumulative_all_infections",36956,36956,36956,41600,43849,43994,43994,43994
"New Mexico","return_normal","Past",2020-06-24,"cumulative_all_infections",36956,36956,36956,41600,43849,43994,43994,43994
"New Mexico","status_quo","Past",2020-06-24,"cumulative_all_infections",36956,36956,36956,41600,43849,43994,43994,43994
"New Mexico","linear_increase_sd","Past",2020-06-24,"cumulative_cases",10433,10433,10433,11627,12109,12338,12338,12338
"New Mexico","return_normal","Past",2020-06-24,"cumulative_cases",10433,10433,10433,11627,12109,12338,12338,12338
"New Mexico","status_quo","Past",2020-06-24,"cumulative_cases",10433,10433,10433,11627,12109,12338,12338,12338
"New Mexico","linear_increase_sd","Past",2020-06-24,"cumulative_deaths",506,506,506,562,588,592,592,592
"New Mexico","return_normal","Past",2020-06-24,"cumulative_deaths",506,506,506,562,588,592,592,592
"New Mexico","status_quo","Past",2020-06-24,"cumulative_deaths",506,506,506,562,588,592,592,592
"New Mexico","linear_increase_sd","Past",2020-06-24,"cumulative_hosps",1221,1221,1221,1353,1417,1420,1420,1420
"New Mexico","return_normal","Past",2020-06-24,"cumulative_hosps",1221,1221,1221,1353,1417,1420,1420,1420
"New Mexico","status_quo","Past",2020-06-24,"cumulative_hosps",1221,1221,1221,1353,1417,1420,1420,1420
"New Mexico","linear_increase_sd","Past",2020-06-24,"daily_all_infections",471,471,471,560,566,642,642,642
"New Mexico","return_normal","Past",2020-06-24,"daily_all_infections",471,471,471,560,566,642,642,642
"New Mexico","status_quo","Past",2020-06-24,"daily_all_infections",471,471,471,560,566,642,642,642
"New Mexico","linear_increase_sd","Past",2020-06-24,"daily_cases",131,131,131,148,147,166,166,166
"New Mexico","return_normal","Past",2020-06-24,"daily_cases",131,131,131,148,147,166,166,166
"New Mexico","status_quo","Past",2020-06-24,"daily_cases",131,131,131,148,147,166,166,166
"New Mexico","linear_increase_sd","Past",2020-06-24,"daily_deaths",3,3,3,4,3,4,4,4
"New Mexico","return_normal","Past",2020-06-24,"daily_deaths",3,3,3,4,3,4,4,4
"New Mexico","status_quo","Past",2020-06-24,"daily_deaths",3,3,3,4,3,4,4,4
"New Mexico","linear_increase_sd","Past",2020-06-24,"daily_hosps",14,14,14,16,15,18,18,18
"New Mexico","return_normal","Past",2020-06-24,"daily_hosps",14,14,14,16,15,18,18,18
"New Mexico","status_quo","Past",2020-06-24,"daily_hosps",14,14,14,16,15,18,18,18
"New Mexico","linear_increase_sd","Past",2020-06-24,"latent_trend",NA,NA,NA,0.505415451673019,NA,NA,NA,NA
"New Mexico","return_normal","Past",2020-06-24,"latent_trend",NA,NA,NA,0.505415451673019,NA,NA,NA,NA
"New Mexico","status_quo","Past",2020-06-24,"latent_trend",NA,NA,NA,0.505415451673019,NA,NA,NA,NA
"New Mexico","linear_increase_sd","Past",2020-06-24,"mobility_trend",NA,NA,NA,0.930743951238077,NA,NA,NA,NA
"New Mexico","return_normal","Past",2020-06-24,"mobility_trend",NA,NA,NA,0.930743951238077,NA,NA,NA,NA
"New Mexico","status_quo","Past",2020-06-24,"mobility_trend",NA,NA,NA,0.930743951238077,NA,NA,NA,NA
"New Mexico",NA,"Past",2020-06-25,"actual_cumulative_cases",NA,NA,NA,10990,NA,NA,NA,NA
"New Mexico",NA,"Past",2020-06-25,"actual_cumulative_deaths",NA,NA,NA,479,NA,NA,NA,NA
"New Mexico",NA,"Past",2020-06-25,"actual_daily_cases",NA,NA,NA,152,NA,NA,NA,NA
"New Mexico",NA,"Past",2020-06-25,"actual_daily_deaths",NA,NA,NA,4,NA,NA,NA,NA
"New Mexico","linear_increase_sd","Past",2020-06-25,"combined_trend",NA,NA,NA,0.47779314244286,NA,NA,NA,NA
"New Mexico","return_normal","Past",2020-06-25,"combined_trend",NA,NA,NA,0.47779314244286,NA,NA,NA,NA
"New Mexico","status_quo","Past",2020-06-25,"combined_trend",NA,NA,NA,0.47779314244286,NA,NA,NA,NA
"New Mexico","linear_increase_sd","Past",2020-06-25,"cumulative_all_infections",37450,37450,37450,42190,44447,44672,44672,44672
"New Mexico","return_normal","Past",2020-06-25,"cumulative_all_infections",37450,37450,37450,42190,44447,44672,44672,44672
"New Mexico","status_quo","Past",2020-06-25,"cumulative_all_infections",37450,37450,37450,42190,44447,44672,44672,44672
"New Mexico","linear_increase_sd","Past",2020-06-25,"cumulative_cases",10557,10557,10557,11782,12294,12495,12495,12495
"New Mexico","return_normal","Past",2020-06-25,"cumulative_cases",10557,10557,10557,11782,12294,12495,12495,12495
"New Mexico","status_quo","Past",2020-06-25,"cumulative_cases",10557,10557,10557,11782,12294,12495,12495,12495
"New Mexico","linear_increase_sd","Past",2020-06-25,"cumulative_deaths",509,509,509,566,592,595,595,595
"New Mexico","return_normal","Past",2020-06-25,"cumulative_deaths",509,509,509,566,592,595,595,595
"New Mexico","status_quo","Past",2020-06-25,"cumulative_deaths",509,509,509,566,592,595,595,595
"New Mexico","linear_increase_sd","Past",2020-06-25,"cumulative_hosps",1236,1236,1236,1369,1433,1437,1437,1437
"New Mexico","return_normal","Past",2020-06-25,"cumulative_hosps",1236,1236,1236,1369,1433,1437,1437,1437
"New Mexico","status_quo","Past",2020-06-25,"cumulative_hosps",1236,1236,1236,1369,1433,1437,1437,1437
"New Mexico","linear_increase_sd","Past",2020-06-25,"daily_all_infections",494,494,494,590,598,678,678,678
"New Mexico","return_normal","Past",2020-06-25,"daily_all_infections",494,494,494,590,598,678,678,678
"New Mexico","status_quo","Past",2020-06-25,"daily_all_infections",494,494,494,590,598,678,678,678
"New Mexico","linear_increase_sd","Past",2020-06-25,"daily_cases",124,124,124,156,157,185,185,185
"New Mexico","return_normal","Past",2020-06-25,"daily_cases",124,124,124,156,157,185,185,185
"New Mexico","status_quo","Past",2020-06-25,"daily_cases",124,124,124,156,157,185,185,185
"New Mexico","linear_increase_sd","Past",2020-06-25,"daily_deaths",3,3,3,4,3,4,4,4
"New Mexico","return_normal","Past",2020-06-25,"daily_deaths",3,3,3,4,3,4,4,4
"New Mexico","status_quo","Past",2020-06-25,"daily_deaths",3,3,3,4,3,4,4,4
"New Mexico","linear_increase_sd","Past",2020-06-25,"daily_hosps",15,15,15,16,16,17,17,17
"New Mexico","return_normal","Past",2020-06-25,"daily_hosps",15,15,15,16,16,17,17,17
"New Mexico","status_quo","Past",2020-06-25,"daily_hosps",15,15,15,16,16,17,17,17
"New Mexico","linear_increase_sd","Past",2020-06-25,"latent_trend",NA,NA,NA,0.51321354556154,NA,NA,NA,NA
"New Mexico","return_normal","Past",2020-06-25,"latent_trend",NA,NA,NA,0.51321354556154,NA,NA,NA,NA
"New Mexico","status_quo","Past",2020-06-25,"latent_trend",NA,NA,NA,0.51321354556154,NA,NA,NA,NA
"New Mexico","linear_increase_sd","Past",2020-06-25,"mobility_trend",NA,NA,NA,0.930983109419054,NA,NA,NA,NA
"New Mexico","return_normal","Past",2020-06-25,"mobility_trend",NA,NA,NA,0.930983109419054,NA,NA,NA,NA
"New Mexico","status_quo","Past",2020-06-25,"mobility_trend",NA,NA,NA,0.930983109419054,NA,NA,NA,NA
"New Mexico",NA,"Past",2020-06-26,"actual_cumulative_cases",NA,NA,NA,11192,NA,NA,NA,NA
"New Mexico",NA,"Past",2020-06-26,"actual_cumulative_deaths",NA,NA,NA,484,NA,NA,NA,NA
"New Mexico",NA,"Past",2020-06-26,"actual_daily_cases",NA,NA,NA,202,NA,NA,NA,NA
"New Mexico",NA,"Past",2020-06-26,"actual_daily_deaths",NA,NA,NA,5,NA,NA,NA,NA
"New Mexico","linear_increase_sd","Past",2020-06-26,"combined_trend",NA,NA,NA,0.483633879846555,NA,NA,NA,NA
"New Mexico","return_normal","Past",2020-06-26,"combined_trend",NA,NA,NA,0.483633879846555,NA,NA,NA,NA
"New Mexico","status_quo","Past",2020-06-26,"combined_trend",NA,NA,NA,0.483633879846555,NA,NA,NA,NA
"New Mexico","linear_increase_sd","Past",2020-06-26,"cumulative_all_infections",37962,37962,37962,42808,45085,45377,45377,45377
"New Mexico","return_normal","Past",2020-06-26,"cumulative_all_infections",37962,37962,37962,42808,45085,45377,45377,45377
"New Mexico","status_quo","Past",2020-06-26,"cumulative_all_infections",37962,37962,37962,42808,45085,45377,45377,45377
"New Mexico","linear_increase_sd","Past",2020-06-26,"cumulative_cases",10699,10699,10699,11946,12476,12661,12661,12661
"New Mexico","return_normal","Past",2020-06-26,"cumulative_cases",10699,10699,10699,11946,12476,12661,12661,12661
"New Mexico","status_quo","Past",2020-06-26,"cumulative_cases",10699,10699,10699,11946,12476,12661,12661,12661
"New Mexico","linear_increase_sd","Past",2020-06-26,"cumulative_deaths",512,512,512,569,595,598,598,598
"New Mexico","return_normal","Past",2020-06-26,"cumulative_deaths",512,512,512,569,595,598,598,598
"New Mexico","status_quo","Past",2020-06-26,"cumulative_deaths",512,512,512,569,595,598,598,598
"New Mexico","linear_increase_sd","Past",2020-06-26,"cumulative_hosps",1251,1251,1251,1386,1450,1455,1455,1455
"New Mexico","return_normal","Past",2020-06-26,"cumulative_hosps",1251,1251,1251,1386,1450,1455,1455,1455
"New Mexico","status_quo","Past",2020-06-26,"cumulative_hosps",1251,1251,1251,1386,1450,1455,1455,1455
"New Mexico","linear_increase_sd","Past",2020-06-26,"daily_all_infections",512,512,512,619,638,705,705,705
"New Mexico","return_normal","Past",2020-06-26,"daily_all_infections",512,512,512,619,638,705,705,705
"New Mexico","status_quo","Past",2020-06-26,"daily_all_infections",512,512,512,619,638,705,705,705
"New Mexico","linear_increase_sd","Past",2020-06-26,"daily_cases",142,142,142,164,166,182,182,182
"New Mexico","return_normal","Past",2020-06-26,"daily_cases",142,142,142,164,166,182,182,182
"New Mexico","status_quo","Past",2020-06-26,"daily_cases",142,142,142,164,166,182,182,182
"New Mexico","linear_increase_sd","Past",2020-06-26,"daily_deaths",3,3,3,3,3,3,3,3
"New Mexico","return_normal","Past",2020-06-26,"daily_deaths",3,3,3,3,3,3,3,3
"New Mexico","status_quo","Past",2020-06-26,"daily_deaths",3,3,3,3,3,3,3,3
"New Mexico","linear_increase_sd","Past",2020-06-26,"daily_hosps",15,15,15,17,17,18,18,18
"New Mexico","return_normal","Past",2020-06-26,"daily_hosps",15,15,15,17,17,18,18,18
"New Mexico","status_quo","Past",2020-06-26,"daily_hosps",15,15,15,17,17,18,18,18
"New Mexico","linear_increase_sd","Past",2020-06-26,"latent_trend",NA,NA,NA,0.519524768416471,NA,NA,NA,NA
"New Mexico","return_normal","Past",2020-06-26,"latent_trend",NA,NA,NA,0.519524768416471,NA,NA,NA,NA
"New Mexico","status_quo","Past",2020-06-26,"latent_trend",NA,NA,NA,0.519524768416471,NA,NA,NA,NA
"New Mexico","linear_increase_sd","Past",2020-06-26,"mobility_trend",NA,NA,NA,0.930915924029353,NA,NA,NA,NA
"New Mexico","return_normal","Past",2020-06-26,"mobility_trend",NA,NA,NA,0.930915924029353,NA,NA,NA,NA
"New Mexico","status_quo","Past",2020-06-26,"mobility_trend",NA,NA,NA,0.930915924029353,NA,NA,NA,NA
"New Mexico",NA,"Past",2020-06-27,"actual_cumulative_cases",NA,NA,NA,11408,NA,NA,NA,NA
"New Mexico",NA,"Past",2020-06-27,"actual_cumulative_deaths",NA,NA,NA,488,NA,NA,NA,NA
"New Mexico",NA,"Past",2020-06-27,"actual_daily_cases",NA,NA,NA,216,NA,NA,NA,NA
"New Mexico",NA,"Past",2020-06-27,"actual_daily_deaths",NA,NA,NA,4,NA,NA,NA,NA
"New Mexico","linear_increase_sd","Past",2020-06-27,"combined_trend",NA,NA,NA,0.487781613622362,NA,NA,NA,NA
"New Mexico","return_normal","Past",2020-06-27,"combined_trend",NA,NA,NA,0.487781613622362,NA,NA,NA,NA
"New Mexico","status_quo","Past",2020-06-27,"combined_trend",NA,NA,NA,0.487781613622362,NA,NA,NA,NA
"New Mexico","linear_increase_sd","Past",2020-06-27,"cumulative_all_infections",38503,38503,38503,43459,45764,46109,46109,46109
"New Mexico","return_normal","Past",2020-06-27,"cumulative_all_infections",38503,38503,38503,43459,45764,46109,46109,46109
"New Mexico","status_quo","Past",2020-06-27,"cumulative_all_infections",38503,38503,38503,43459,45764,46109,46109,46109
"New Mexico","linear_increase_sd","Past",2020-06-27,"cumulative_cases",10840,10840,10840,12116,12670,12837,12837,12837
"New Mexico","return_normal","Past",2020-06-27,"cumulative_cases",10840,10840,10840,12116,12670,12837,12837,12837
"New Mexico","status_quo","Past",2020-06-27,"cumulative_cases",10840,10840,10840,12116,12670,12837,12837,12837
"New Mexico","linear_increase_sd","Past",2020-06-27,"cumulative_deaths",515,515,515,572,599,601,601,601
"New Mexico","return_normal","Past",2020-06-27,"cumulative_deaths",515,515,515,572,599,601,601,601
"New Mexico","status_quo","Past",2020-06-27,"cumulative_deaths",515,515,515,572,599,601,601,601
"New Mexico","linear_increase_sd","Past",2020-06-27,"cumulative_hosps",1266,1266,1266,1402,1468,1472,1472,1472
"New Mexico","return_normal","Past",2020-06-27,"cumulative_hosps",1266,1266,1266,1402,1468,1472,1472,1472
"New Mexico","status_quo","Past",2020-06-27,"cumulative_hosps",1266,1266,1266,1402,1468,1472,1472,1472
"New Mexico","linear_increase_sd","Past",2020-06-27,"daily_all_infections",541,541,541,651,679,732,732,732
"New Mexico","return_normal","Past",2020-06-27,"daily_all_infections",541,541,541,651,679,732,732,732
"New Mexico","status_quo","Past",2020-06-27,"daily_all_infections",541,541,541,651,679,732,732,732
"New Mexico","linear_increase_sd","Past",2020-06-27,"daily_cases",141,141,141,171,176,194,194,194
"New Mexico","return_normal","Past",2020-06-27,"daily_cases",141,141,141,171,176,194,194,194
"New Mexico","status_quo","Past",2020-06-27,"daily_cases",141,141,141,171,176,194,194,194
"New Mexico","linear_increase_sd","Past",2020-06-27,"daily_deaths",3,3,3,4,3,4,4,4
"New Mexico","return_normal","Past",2020-06-27,"daily_deaths",3,3,3,4,3,4,4,4
"New Mexico","status_quo","Past",2020-06-27,"daily_deaths",3,3,3,4,3,4,4,4
"New Mexico","linear_increase_sd","Past",2020-06-27,"daily_hosps",15,15,15,17,17,18,18,18
"New Mexico","return_normal","Past",2020-06-27,"daily_hosps",15,15,15,17,17,18,18,18
"New Mexico","status_quo","Past",2020-06-27,"daily_hosps",15,15,15,17,17,18,18,18
"New Mexico","linear_increase_sd","Past",2020-06-27,"latent_trend",NA,NA,NA,0.52412408069261,NA,NA,NA,NA
"New Mexico","return_normal","Past",2020-06-27,"latent_trend",NA,NA,NA,0.52412408069261,NA,NA,NA,NA
"New Mexico","status_quo","Past",2020-06-27,"latent_trend",NA,NA,NA,0.52412408069261,NA,NA,NA,NA
"New Mexico","linear_increase_sd","Past",2020-06-27,"mobility_trend",NA,NA,NA,0.930660566058666,NA,NA,NA,NA
"New Mexico","return_normal","Past",2020-06-27,"mobility_trend",NA,NA,NA,0.930660566058666,NA,NA,NA,NA
"New Mexico","status_quo","Past",2020-06-27,"mobility_trend",NA,NA,NA,0.930660566058666,NA,NA,NA,NA
"New Mexico",NA,"Past",2020-06-28,"actual_cumulative_cases",NA,NA,NA,11619,NA,NA,NA,NA
"New Mexico",NA,"Past",2020-06-28,"actual_cumulative_deaths",NA,NA,NA,490,NA,NA,NA,NA
"New Mexico",NA,"Past",2020-06-28,"actual_daily_cases",NA,NA,NA,211,NA,NA,NA,NA
"New Mexico",NA,"Past",2020-06-28,"actual_daily_deaths",NA,NA,NA,2,NA,NA,NA,NA
"New Mexico","linear_increase_sd","Past",2020-06-28,"combined_trend",NA,NA,NA,0.49006701324257,NA,NA,NA,NA
"New Mexico","return_normal","Past",2020-06-28,"combined_trend",NA,NA,NA,0.49006701324257,NA,NA,NA,NA
"New Mexico","status_quo","Past",2020-06-28,"combined_trend",NA,NA,NA,0.49006701324257,NA,NA,NA,NA
"New Mexico","linear_increase_sd","Past",2020-06-28,"cumulative_all_infections",39071,39071,39071,44145,46492,46872,46872,46872
"New Mexico","return_normal","Past",2020-06-28,"cumulative_all_infections",39071,39071,39071,44145,46492,46872,46872,46872
"New Mexico","status_quo","Past",2020-06-28,"cumulative_all_infections",39071,39071,39071,44145,46492,46872,46872,46872
"New Mexico","linear_increase_sd","Past",2020-06-28,"cumulative_cases",10998,10998,10998,12308,12911,13015,13015,13015
"New Mexico","return_normal","Past",2020-06-28,"cumulative_cases",10998,10998,10998,12308,12911,13015,13015,13015
"New Mexico","status_quo","Past",2020-06-28,"cumulative_cases",10998,10998,10998,12308,12911,13015,13015,13015
"New Mexico","linear_increase_sd","Past",2020-06-28,"cumulative_deaths",518,518,518,575,603,604,604,604
"New Mexico","return_normal","Past",2020-06-28,"cumulative_deaths",518,518,518,575,603,604,604,604
"New Mexico","status_quo","Past",2020-06-28,"cumulative_deaths",518,518,518,575,603,604,604,604
"New Mexico","linear_increase_sd","Past",2020-06-28,"cumulative_hosps",1281,1281,1281,1420,1487,1491,1491,1491
"New Mexico","return_normal","Past",2020-06-28,"cumulative_hosps",1281,1281,1281,1420,1487,1491,1491,1491
"New Mexico","status_quo","Past",2020-06-28,"cumulative_hosps",1281,1281,1281,1420,1487,1491,1491,1491
"New Mexico","linear_increase_sd","Past",2020-06-28,"daily_all_infections",568,568,568,687,728,763,763,763
"New Mexico","return_normal","Past",2020-06-28,"daily_all_infections",568,568,568,687,728,763,763,763
"New Mexico","status_quo","Past",2020-06-28,"daily_all_infections",568,568,568,687,728,763,763,763
"New Mexico","linear_increase_sd","Past",2020-06-28,"daily_cases",158,158,158,193,178,241,241,241
"New Mexico","return_normal","Past",2020-06-28,"daily_cases",158,158,158,193,178,241,241,241
"New Mexico","status_quo","Past",2020-06-28,"daily_cases",158,158,158,193,178,241,241,241
"New Mexico","linear_increase_sd","Past",2020-06-28,"daily_deaths",3,3,3,4,3,4,4,4
"New Mexico","return_normal","Past",2020-06-28,"daily_deaths",3,3,3,4,3,4,4,4
"New Mexico","status_quo","Past",2020-06-28,"daily_deaths",3,3,3,4,3,4,4,4
"New Mexico","linear_increase_sd","Past",2020-06-28,"daily_hosps",15,15,15,18,19,19,19,19
"New Mexico","return_normal","Past",2020-06-28,"daily_hosps",15,15,15,18,19,19,19,19
"New Mexico","status_quo","Past",2020-06-28,"daily_hosps",15,15,15,18,19,19,19,19
"New Mexico","linear_increase_sd","Past",2020-06-28,"latent_trend",NA,NA,NA,0.526788247278188,NA,NA,NA,NA
"New Mexico","return_normal","Past",2020-06-28,"latent_trend",NA,NA,NA,0.526788247278188,NA,NA,NA,NA
"New Mexico","status_quo","Past",2020-06-28,"latent_trend",NA,NA,NA,0.526788247278188,NA,NA,NA,NA
"New Mexico","linear_increase_sd","Past",2020-06-28,"mobility_trend",NA,NA,NA,0.930292229894366,NA,NA,NA,NA
"New Mexico","return_normal","Past",2020-06-28,"mobility_trend",NA,NA,NA,0.930292229894366,NA,NA,NA,NA
"New Mexico","status_quo","Past",2020-06-28,"mobility_trend",NA,NA,NA,0.930292229894366,NA,NA,NA,NA
"New Mexico",NA,"Past",2020-06-29,"actual_cumulative_cases",NA,NA,NA,11809,NA,NA,NA,NA
"New Mexico",NA,"Past",2020-06-29,"actual_cumulative_deaths",NA,NA,NA,491,NA,NA,NA,NA
"New Mexico",NA,"Past",2020-06-29,"actual_daily_cases",NA,NA,NA,190,NA,NA,NA,NA
"New Mexico",NA,"Past",2020-06-29,"actual_daily_deaths",NA,NA,NA,1,NA,NA,NA,NA
"New Mexico","linear_increase_sd","Past",2020-06-29,"combined_trend",NA,NA,NA,0.490314178416309,NA,NA,NA,NA
"New Mexico","return_normal","Past",2020-06-29,"combined_trend",NA,NA,NA,0.490314178416309,NA,NA,NA,NA
"New Mexico","status_quo","Past",2020-06-29,"combined_trend",NA,NA,NA,0.490314178416309,NA,NA,NA,NA
"New Mexico","linear_increase_sd","Past",2020-06-29,"cumulative_all_infections",39670,39670,39670,44857,47263,47637,47637,47637
"New Mexico","return_normal","Past",2020-06-29,"cumulative_all_infections",39670,39670,39670,44857,47263,47637,47637,47637
"New Mexico","status_quo","Past",2020-06-29,"cumulative_all_infections",39670,39670,39670,44857,47263,47637,47637,47637
"New Mexico","linear_increase_sd","Past",2020-06-29,"cumulative_cases",11170,11170,11170,12500,13104,13224,13224,13224
"New Mexico","return_normal","Past",2020-06-29,"cumulative_cases",11170,11170,11170,12500,13104,13224,13224,13224
"New Mexico","status_quo","Past",2020-06-29,"cumulative_cases",11170,11170,11170,12500,13104,13224,13224,13224
"New Mexico","linear_increase_sd","Past",2020-06-29,"cumulative_deaths",521,521,521,579,607,607,607,607
"New Mexico","return_normal","Past",2020-06-29,"cumulative_deaths",521,521,521,579,607,607,607,607
"New Mexico","status_quo","Past",2020-06-29,"cumulative_deaths",521,521,521,579,607,607,607,607
"New Mexico","linear_increase_sd","Past",2020-06-29,"cumulative_hosps",1297,1297,1297,1439,1508,1510,1510,1510
"New Mexico","return_normal","Past",2020-06-29,"cumulative_hosps",1297,1297,1297,1439,1508,1510,1510,1510
"New Mexico","status_quo","Past",2020-06-29,"cumulative_hosps",1297,1297,1297,1439,1508,1510,1510,1510
"New Mexico","linear_increase_sd","Past",2020-06-29,"daily_all_infections",599,599,599,712,765,771,771,771
"New Mexico","return_normal","Past",2020-06-29,"daily_all_infections",599,599,599,712,765,771,771,771
"New Mexico","status_quo","Past",2020-06-29,"daily_all_infections",599,599,599,712,765,771,771,771
"New Mexico","linear_increase_sd","Past",2020-06-29,"daily_cases",172,172,172,192,193,209,209,209
"New Mexico","return_normal","Past",2020-06-29,"daily_cases",172,172,172,192,193,209,209,209
"New Mexico","status_quo","Past",2020-06-29,"daily_cases",172,172,172,192,193,209,209,209
"New Mexico","linear_increase_sd","Past",2020-06-29,"daily_deaths",3,3,3,4,3,4,4,4
"New Mexico","return_normal","Past",2020-06-29,"daily_deaths",3,3,3,4,3,4,4,4
"New Mexico","status_quo","Past",2020-06-29,"daily_deaths",3,3,3,4,3,4,4,4
"New Mexico","linear_increase_sd","Past",2020-06-29,"daily_hosps",16,16,16,19,19,21,21,21
"New Mexico","return_normal","Past",2020-06-29,"daily_hosps",16,16,16,19,19,21,21,21
"New Mexico","status_quo","Past",2020-06-29,"daily_hosps",16,16,16,19,19,21,21,21
"New Mexico","linear_increase_sd","Past",2020-06-29,"latent_trend",NA,NA,NA,0.527293759473282,NA,NA,NA,NA
"New Mexico","return_normal","Past",2020-06-29,"latent_trend",NA,NA,NA,0.527293759473282,NA,NA,NA,NA
"New Mexico","status_quo","Past",2020-06-29,"latent_trend",NA,NA,NA,0.527293759473282,NA,NA,NA,NA
"New Mexico","linear_increase_sd","Past",2020-06-29,"mobility_trend",NA,NA,NA,0.929869109215492,NA,NA,NA,NA
"New Mexico","return_normal","Past",2020-06-29,"mobility_trend",NA,NA,NA,0.929869109215492,NA,NA,NA,NA
"New Mexico","status_quo","Past",2020-06-29,"mobility_trend",NA,NA,NA,0.929869109215492,NA,NA,NA,NA
"New Mexico",NA,"Past",2020-06-30,"actual_cumulative_cases",NA,NA,NA,11982,NA,NA,NA,NA
"New Mexico",NA,"Past",2020-06-30,"actual_cumulative_deaths",NA,NA,NA,492,NA,NA,NA,NA
"New Mexico",NA,"Past",2020-06-30,"actual_daily_cases",NA,NA,NA,173,NA,NA,NA,NA
"New Mexico",NA,"Past",2020-06-30,"actual_daily_deaths",NA,NA,NA,1,NA,NA,NA,NA
"New Mexico","linear_increase_sd","Past",2020-06-30,"combined_trend",NA,NA,NA,0.488333335455811,NA,NA,NA,NA
"New Mexico","return_normal","Past",2020-06-30,"combined_trend",NA,NA,NA,0.488333335455811,NA,NA,NA,NA
"New Mexico","status_quo","Past",2020-06-30,"combined_trend",NA,NA,NA,0.488333335455811,NA,NA,NA,NA
"New Mexico","linear_increase_sd","Past",2020-06-30,"cumulative_all_infections",40292,40292,40292,45600,48085,48423,48423,48423
"New Mexico","return_normal","Past",2020-06-30,"cumulative_all_infections",40292,40292,40292,45600,48085,48423,48423,48423
"New Mexico","status_quo","Past",2020-06-30,"cumulative_all_infections",40292,40292,40292,45600,48085,48423,48423,48423
"New Mexico","linear_increase_sd","Past",2020-06-30,"cumulative_cases",11333,11333,11333,12696,13328,13426,13426,13426
"New Mexico","return_normal","Past",2020-06-30,"cumulative_cases",11333,11333,11333,12696,13328,13426,13426,13426
"New Mexico","status_quo","Past",2020-06-30,"cumulative_cases",11333,11333,11333,12696,13328,13426,13426,13426
"New Mexico","linear_increase_sd","Past",2020-06-30,"cumulative_deaths",524,524,524,582,610,611,611,611
"New Mexico","return_normal","Past",2020-06-30,"cumulative_deaths",524,524,524,582,610,611,611,611
"New Mexico","status_quo","Past",2020-06-30,"cumulative_deaths",524,524,524,582,610,611,611,611
"New Mexico","linear_increase_sd","Past",2020-06-30,"cumulative_hosps",1313,1313,1313,1457,1529,1529,1529,1529
"New Mexico","return_normal","Past",2020-06-30,"cumulative_hosps",1313,1313,1313,1457,1529,1529,1529,1529
"New Mexico","status_quo","Past",2020-06-30,"cumulative_hosps",1313,1313,1313,1457,1529,1529,1529,1529
"New Mexico","linear_increase_sd","Past",2020-06-30,"daily_all_infections",622,622,622,744,786,822,822,822
"New Mexico","return_normal","Past",2020-06-30,"daily_all_infections",622,622,622,744,786,822,822,822
"New Mexico","status_quo","Past",2020-06-30,"daily_all_infections",622,622,622,744,786,822,822,822
"New Mexico","linear_increase_sd","Past",2020-06-30,"daily_cases",163,163,163,197,202,224,224,224
"New Mexico","return_normal","Past",2020-06-30,"daily_cases",163,163,163,197,202,224,224,224
"New Mexico","status_quo","Past",2020-06-30,"daily_cases",163,163,163,197,202,224,224,224
"New Mexico","linear_increase_sd","Past",2020-06-30,"daily_deaths",3,3,3,4,3,4,4,4
"New Mexico","return_normal","Past",2020-06-30,"daily_deaths",3,3,3,4,3,4,4,4
"New Mexico","status_quo","Past",2020-06-30,"daily_deaths",3,3,3,4,3,4,4,4
"New Mexico","linear_increase_sd","Past",2020-06-30,"daily_hosps",16,16,16,19,19,21,21,21
"New Mexico","return_normal","Past",2020-06-30,"daily_hosps",16,16,16,19,19,21,21,21
"New Mexico","status_quo","Past",2020-06-30,"daily_hosps",16,16,16,19,19,21,21,21
"New Mexico","linear_increase_sd","Past",2020-06-30,"latent_trend",NA,NA,NA,0.525414816359306,NA,NA,NA,NA
"New Mexico","return_normal","Past",2020-06-30,"latent_trend",NA,NA,NA,0.525414816359306,NA,NA,NA,NA
"New Mexico","status_quo","Past",2020-06-30,"latent_trend",NA,NA,NA,0.525414816359306,NA,NA,NA,NA
"New Mexico","linear_increase_sd","Past",2020-06-30,"mobility_trend",NA,NA,NA,0.929424371470071,NA,NA,NA,NA
"New Mexico","return_normal","Past",2020-06-30,"mobility_trend",NA,NA,NA,0.929424371470071,NA,NA,NA,NA
"New Mexico","status_quo","Past",2020-06-30,"mobility_trend",NA,NA,NA,0.929424371470071,NA,NA,NA,NA
"New Mexico",NA,"Past",2020-07-01,"actual_cumulative_cases",NA,NA,NA,12147,NA,NA,NA,NA
"New Mexico",NA,"Past",2020-07-01,"actual_cumulative_deaths",NA,NA,NA,496,NA,NA,NA,NA
"New Mexico",NA,"Past",2020-07-01,"actual_daily_cases",NA,NA,NA,165,NA,NA,NA,NA
"New Mexico",NA,"Past",2020-07-01,"actual_daily_deaths",NA,NA,NA,4,NA,NA,NA,NA
"New Mexico","linear_increase_sd","Past",2020-07-01,"combined_trend",NA,NA,NA,0.484157681837826,NA,NA,NA,NA
"New Mexico","return_normal","Past",2020-07-01,"combined_trend",NA,NA,NA,0.484157681837826,NA,NA,NA,NA
"New Mexico","status_quo","Past",2020-07-01,"combined_trend",NA,NA,NA,0.484157681837826,NA,NA,NA,NA
"New Mexico","linear_increase_sd","Past",2020-07-01,"cumulative_all_infections",40931,40931,40931,46374,48950,49241,49241,49241
"New Mexico","return_normal","Past",2020-07-01,"cumulative_all_infections",40931,40931,40931,46374,48950,49241,49241,49241
"New Mexico","status_quo","Past",2020-07-01,"cumulative_all_infections",40931,40931,40931,46374,48950,49241,49241,49241
"New Mexico","linear_increase_sd","Past",2020-07-01,"cumulative_cases",11518,11518,11518,12910,13569,13642,13642,13642
"New Mexico","return_normal","Past",2020-07-01,"cumulative_cases",11518,11518,11518,12910,13569,13642,13642,13642
"New Mexico","status_quo","Past",2020-07-01,"cumulative_cases",11518,11518,11518,12910,13569,13642,13642,13642
"New Mexico","linear_increase_sd","Past",2020-07-01,"cumulative_deaths",527,527,527,586,614,615,615,615
"New Mexico","return_normal","Past",2020-07-01,"cumulative_deaths",527,527,527,586,614,615,615,615
"New Mexico","status_quo","Past",2020-07-01,"cumulative_deaths",527,527,527,586,614,615,615,615
"New Mexico","linear_increase_sd","Past",2020-07-01,"cumulative_hosps",1331,1331,1331,1477,1549,1551,1551,1551
"New Mexico","return_normal","Past",2020-07-01,"cumulative_hosps",1331,1331,1331,1477,1549,1551,1551,1551
"New Mexico","status_quo","Past",2020-07-01,"cumulative_hosps",1331,1331,1331,1477,1549,1551,1551,1551
"New Mexico","linear_increase_sd","Past",2020-07-01,"daily_all_infections",639,639,639,774,818,865,865,865
"New Mexico","return_normal","Past",2020-07-01,"daily_all_infections",639,639,639,774,818,865,865,865
"New Mexico","status_quo","Past",2020-07-01,"daily_all_infections",639,639,639,774,818,865,865,865
"New Mexico","linear_increase_sd","Past",2020-07-01,"daily_cases",185,185,185,214,216,241,241,241
"New Mexico","return_normal","Past",2020-07-01,"daily_cases",185,185,185,214,216,241,241,241
"New Mexico","status_quo","Past",2020-07-01,"daily_cases",185,185,185,214,216,241,241,241
"New Mexico","linear_increase_sd","Past",2020-07-01,"daily_deaths",3,3,3,4,4,4,4,4
"New Mexico","return_normal","Past",2020-07-01,"daily_deaths",3,3,3,4,4,4,4,4
"New Mexico","status_quo","Past",2020-07-01,"daily_deaths",3,3,3,4,4,4,4,4
"New Mexico","linear_increase_sd","Past",2020-07-01,"daily_hosps",18,18,18,20,20,22,22,22
"New Mexico","return_normal","Past",2020-07-01,"daily_hosps",18,18,18,20,20,22,22,22
"New Mexico","status_quo","Past",2020-07-01,"daily_hosps",18,18,18,20,20,22,22,22
"New Mexico","linear_increase_sd","Past",2020-07-01,"latent_trend",NA,NA,NA,0.520922085432334,NA,NA,NA,NA
"New Mexico","return_normal","Past",2020-07-01,"latent_trend",NA,NA,NA,0.520922085432334,NA,NA,NA,NA
"New Mexico","status_quo","Past",2020-07-01,"latent_trend",NA,NA,NA,0.520922085432334,NA,NA,NA,NA
"New Mexico","linear_increase_sd","Past",2020-07-01,"mobility_trend",NA,NA,NA,0.929424371470071,NA,NA,NA,NA
"New Mexico","return_normal","Past",2020-07-01,"mobility_trend",NA,NA,NA,0.929424371470071,NA,NA,NA,NA
"New Mexico","status_quo","Past",2020-07-01,"mobility_trend",NA,NA,NA,0.929424371470071,NA,NA,NA,NA
"New Mexico",NA,"Past",2020-07-02,"actual_cumulative_cases",NA,NA,NA,12276,NA,NA,NA,NA
"New Mexico",NA,"Past",2020-07-02,"actual_cumulative_deaths",NA,NA,NA,499,NA,NA,NA,NA
"New Mexico",NA,"Past",2020-07-02,"actual_daily_cases",NA,NA,NA,129,NA,NA,NA,NA
"New Mexico",NA,"Past",2020-07-02,"actual_daily_deaths",NA,NA,NA,3,NA,NA,NA,NA
"New Mexico","linear_increase_sd","Past",2020-07-02,"combined_trend",NA,NA,NA,0.477336757100698,NA,NA,NA,NA
"New Mexico","return_normal","Past",2020-07-02,"combined_trend",NA,NA,NA,0.477336757100698,NA,NA,NA,NA
"New Mexico","status_quo","Past",2020-07-02,"combined_trend",NA,NA,NA,0.477336757100698,NA,NA,NA,NA
"New Mexico","linear_increase_sd","Past",2020-07-02,"cumulative_all_infections",41608,41608,41608,47173,49847,50063,50063,50063
"New Mexico","return_normal","Past",2020-07-02,"cumulative_all_infections",41608,41608,41608,47173,49847,50063,50063,50063
"New Mexico","status_quo","Past",2020-07-02,"cumulative_all_infections",41608,41608,41608,47173,49847,50063,50063,50063
"New Mexico","linear_increase_sd","Past",2020-07-02,"cumulative_cases",11705,11705,11705,13130,13800,13885,13885,13885
"New Mexico","return_normal","Past",2020-07-02,"cumulative_cases",11705,11705,11705,13130,13800,13885,13885,13885
"New Mexico","status_quo","Past",2020-07-02,"cumulative_cases",11705,11705,11705,13130,13800,13885,13885,13885
"New Mexico","linear_increase_sd","Past",2020-07-02,"cumulative_deaths",530,530,530,589,617,619,619,619
"New Mexico","return_normal","Past",2020-07-02,"cumulative_deaths",530,530,530,589,617,619,619,619
"New Mexico","status_quo","Past",2020-07-02,"cumulative_deaths",530,530,530,589,617,619,619,619
"New Mexico","linear_increase_sd","Past",2020-07-02,"cumulative_hosps",1348,1348,1348,1498,1569,1575,1575,1575
"New Mexico","return_normal","Past",2020-07-02,"cumulative_hosps",1348,1348,1348,1498,1569,1575,1575,1575
"New Mexico","status_quo","Past",2020-07-02,"cumulative_hosps",1348,1348,1348,1498,1569,1575,1575,1575
"New Mexico","linear_increase_sd","Past",2020-07-02,"daily_all_infections",677,677,677,799,822,897,897,897
"New Mexico","return_normal","Past",2020-07-02,"daily_all_infections",677,677,677,799,822,897,897,897
"New Mexico","status_quo","Past",2020-07-02,"daily_all_infections",677,677,677,799,822,897,897,897
"New Mexico","linear_increase_sd","Past",2020-07-02,"daily_cases",187,187,187,221,231,243,243,243
"New Mexico","return_normal","Past",2020-07-02,"daily_cases",187,187,187,221,231,243,243,243
"New Mexico","status_quo","Past",2020-07-02,"daily_cases",187,187,187,221,231,243,243,243
"New Mexico","linear_increase_sd","Past",2020-07-02,"daily_deaths",3,3,3,4,3,4,4,4
"New Mexico","return_normal","Past",2020-07-02,"daily_deaths",3,3,3,4,3,4,4,4
"New Mexico","status_quo","Past",2020-07-02,"daily_deaths",3,3,3,4,3,4,4,4
"New Mexico","linear_increase_sd","Past",2020-07-02,"daily_hosps",17,17,17,21,20,24,24,24
"New Mexico","return_normal","Past",2020-07-02,"daily_hosps",17,17,17,21,20,24,24,24
"New Mexico","status_quo","Past",2020-07-02,"daily_hosps",17,17,17,21,20,24,24,24
"New Mexico","linear_increase_sd","Past",2020-07-02,"latent_trend",NA,NA,NA,0.513583215324658,NA,NA,NA,NA
"New Mexico","return_normal","Past",2020-07-02,"latent_trend",NA,NA,NA,0.513583215324658,NA,NA,NA,NA
"New Mexico","status_quo","Past",2020-07-02,"latent_trend",NA,NA,NA,0.513583215324658,NA,NA,NA,NA
"New Mexico","linear_increase_sd","Past",2020-07-02,"mobility_trend",NA,NA,NA,0.929424371470071,NA,NA,NA,NA
"New Mexico","return_normal","Past",2020-07-02,"mobility_trend",NA,NA,NA,0.929424371470071,NA,NA,NA,NA
"New Mexico","status_quo","Past",2020-07-02,"mobility_trend",NA,NA,NA,0.929424371470071,NA,NA,NA,NA
"New Mexico",NA,"Past",2020-07-03,"actual_cumulative_cases",NA,NA,NA,12520,NA,NA,NA,NA
"New Mexico",NA,"Past",2020-07-03,"actual_cumulative_deaths",NA,NA,NA,502,NA,NA,NA,NA
"New Mexico",NA,"Past",2020-07-03,"actual_daily_cases",NA,NA,NA,244,NA,NA,NA,NA
"New Mexico",NA,"Past",2020-07-03,"actual_daily_deaths",NA,NA,NA,3,NA,NA,NA,NA
"New Mexico","linear_increase_sd","Past",2020-07-03,"combined_trend",NA,NA,NA,0.467656027592603,NA,NA,NA,NA
"New Mexico","return_normal","Past",2020-07-03,"combined_trend",NA,NA,NA,0.467656027592603,NA,NA,NA,NA
"New Mexico","status_quo","Past",2020-07-03,"combined_trend",NA,NA,NA,0.467656027592603,NA,NA,NA,NA
"New Mexico","linear_increase_sd","Past",2020-07-03,"cumulative_all_infections",42309,42309,42309,47996,50768,50911,50911,50911
"New Mexico","return_normal","Past",2020-07-03,"cumulative_all_infections",42309,42309,42309,47996,50768,50911,50911,50911
"New Mexico","status_quo","Past",2020-07-03,"cumulative_all_infections",42309,42309,42309,47996,50768,50911,50911,50911
"New Mexico","linear_increase_sd","Past",2020-07-03,"cumulative_cases",11912,11912,11912,13367,14060,14127,14127,14127
"New Mexico","return_normal","Past",2020-07-03,"cumulative_cases",11912,11912,11912,13367,14060,14127,14127,14127
"New Mexico","status_quo","Past",2020-07-03,"cumulative_cases",11912,11912,11912,13367,14060,14127,14127,14127
"New Mexico","linear_increase_sd","Past",2020-07-03,"cumulative_deaths",533,533,533,592,620,623,623,623
"New Mexico","return_normal","Past",2020-07-03,"cumulative_deaths",533,533,533,592,620,623,623,623
"New Mexico","status_quo","Past",2020-07-03,"cumulative_deaths",533,533,533,592,620,623,623,623
"New Mexico","linear_increase_sd","Past",2020-07-03,"cumulative_hosps",1366,1366,1366,1519,1591,1599,1599,1599
"New Mexico","return_normal","Past",2020-07-03,"cumulative_hosps",1366,1366,1366,1519,1591,1599,1599,1599
"New Mexico","status_quo","Past",2020-07-03,"cumulative_hosps",1366,1366,1366,1519,1591,1599,1599,1599
"New Mexico","linear_increase_sd","Past",2020-07-03,"daily_all_infections",701,701,701,824,848,921,921,921
"New Mexico","return_normal","Past",2020-07-03,"daily_all_infections",701,701,701,824,848,921,921,921
"New Mexico","status_quo","Past",2020-07-03,"daily_all_infections",701,701,701,824,848,921,921,921
"New Mexico","linear_increase_sd","Past",2020-07-03,"daily_cases",207,207,207,237,242,260,260,260
"New Mexico","return_normal","Past",2020-07-03,"daily_cases",207,207,207,237,242,260,260,260
"New Mexico","status_quo","Past",2020-07-03,"daily_cases",207,207,207,237,242,260,260,260
"New Mexico","linear_increase_sd","Past",2020-07-03,"daily_deaths",3,3,3,4,3,4,4,4
"New Mexico","return_normal","Past",2020-07-03,"daily_deaths",3,3,3,4,3,4,4,4
"New Mexico","status_quo","Past",2020-07-03,"daily_deaths",3,3,3,4,3,4,4,4
"New Mexico","linear_increase_sd","Past",2020-07-03,"daily_hosps",18,18,18,22,22,24,24,24
"New Mexico","return_normal","Past",2020-07-03,"daily_hosps",18,18,18,22,22,24,24,24
"New Mexico","status_quo","Past",2020-07-03,"daily_hosps",18,18,18,22,22,24,24,24
"New Mexico","linear_increase_sd","Past",2020-07-03,"latent_trend",NA,NA,NA,0.503167381820332,NA,NA,NA,NA
"New Mexico","return_normal","Past",2020-07-03,"latent_trend",NA,NA,NA,0.503167381820332,NA,NA,NA,NA
"New Mexico","status_quo","Past",2020-07-03,"latent_trend",NA,NA,NA,0.503167381820332,NA,NA,NA,NA
"New Mexico","linear_increase_sd","Past",2020-07-03,"mobility_trend",NA,NA,NA,0.929424371470071,NA,NA,NA,NA
"New Mexico","return_normal","Past",2020-07-03,"mobility_trend",NA,NA,NA,0.929424371470071,NA,NA,NA,NA
"New Mexico","status_quo","Past",2020-07-03,"mobility_trend",NA,NA,NA,0.929424371470071,NA,NA,NA,NA
"New Mexico",NA,"Past",2020-07-04,"actual_cumulative_cases",NA,NA,NA,12776,NA,NA,NA,NA
"New Mexico",NA,"Past",2020-07-04,"actual_cumulative_deaths",NA,NA,NA,510,NA,NA,NA,NA
"New Mexico",NA,"Past",2020-07-04,"actual_daily_cases",NA,NA,NA,256,NA,NA,NA,NA
"New Mexico",NA,"Past",2020-07-04,"actual_daily_deaths",NA,NA,NA,8,NA,NA,NA,NA
"New Mexico","linear_increase_sd","Past",2020-07-04,"combined_trend",NA,NA,NA,0.455163626704264,NA,NA,NA,NA
"New Mexico","return_normal","Past",2020-07-04,"combined_trend",NA,NA,NA,0.455163626704264,NA,NA,NA,NA
"New Mexico","status_quo","Past",2020-07-04,"combined_trend",NA,NA,NA,0.455163626704264,NA,NA,NA,NA
"New Mexico","linear_increase_sd","Past",2020-07-04,"cumulative_all_infections",43019,43019,43019,48828,51699,51764,51764,51764
"New Mexico","return_normal","Past",2020-07-04,"cumulative_all_infections",43019,43019,43019,48828,51699,51764,51764,51764
"New Mexico","status_quo","Past",2020-07-04,"cumulative_all_infections",43019,43019,43019,48828,51699,51764,51764,51764
"New Mexico","linear_increase_sd","Past",2020-07-04,"cumulative_cases",12109,12109,12109,13601,14301,14392,14392,14392
"New Mexico","return_normal","Past",2020-07-04,"cumulative_cases",12109,12109,12109,13601,14301,14392,14392,14392
"New Mexico","status_quo","Past",2020-07-04,"cumulative_cases",12109,12109,12109,13601,14301,14392,14392,14392
"New Mexico","linear_increase_sd","Past",2020-07-04,"cumulative_deaths",537,537,537,596,624,627,627,627
"New Mexico","return_normal","Past",2020-07-04,"cumulative_deaths",537,537,537,596,624,627,627,627
"New Mexico","status_quo","Past",2020-07-04,"cumulative_deaths",537,537,537,596,624,627,627,627
"New Mexico","linear_increase_sd","Past",2020-07-04,"cumulative_hosps",1385,1385,1385,1542,1615,1624,1624,1624
"New Mexico","return_normal","Past",2020-07-04,"cumulative_hosps",1385,1385,1385,1542,1615,1624,1624,1624
"New Mexico","status_quo","Past",2020-07-04,"cumulative_hosps",1385,1385,1385,1542,1615,1624,1624,1624
"New Mexico","linear_increase_sd","Past",2020-07-04,"daily_all_infections",710,710,710,832,853,931,931,931
"New Mexico","return_normal","Past",2020-07-04,"daily_all_infections",710,710,710,832,853,931,931,931
"New Mexico","status_quo","Past",2020-07-04,"daily_all_infections",710,710,710,832,853,931,931,931
"New Mexico","linear_increase_sd","Past",2020-07-04,"daily_cases",197,197,197,235,241,265,265,265
"New Mexico","return_normal","Past",2020-07-04,"daily_cases",197,197,197,235,241,265,265,265
"New Mexico","status_quo","Past",2020-07-04,"daily_cases",197,197,197,235,241,265,265,265
"New Mexico","linear_increase_sd","Past",2020-07-04,"daily_deaths",4,4,4,4,4,4,4,4
"New Mexico","return_normal","Past",2020-07-04,"daily_deaths",4,4,4,4,4,4,4,4
"New Mexico","status_quo","Past",2020-07-04,"daily_deaths",4,4,4,4,4,4,4,4
"New Mexico","linear_increase_sd","Past",2020-07-04,"daily_hosps",19,19,19,23,24,25,25,25
"New Mexico","return_normal","Past",2020-07-04,"daily_hosps",19,19,19,23,24,25,25,25
"New Mexico","status_quo","Past",2020-07-04,"daily_hosps",19,19,19,23,24,25,25,25
"New Mexico","linear_increase_sd","Past",2020-07-04,"latent_trend",NA,NA,NA,0.489726373308171,NA,NA,NA,NA
"New Mexico","return_normal","Past",2020-07-04,"latent_trend",NA,NA,NA,0.489726373308171,NA,NA,NA,NA
"New Mexico","status_quo","Past",2020-07-04,"latent_trend",NA,NA,NA,0.489726373308171,NA,NA,NA,NA
"New Mexico","linear_increase_sd","Past",2020-07-04,"mobility_trend",NA,NA,NA,0.929424371470071,NA,NA,NA,NA
"New Mexico","return_normal","Past",2020-07-04,"mobility_trend",NA,NA,NA,0.929424371470071,NA,NA,NA,NA
"New Mexico","status_quo","Past",2020-07-04,"mobility_trend",NA,NA,NA,0.929424371470071,NA,NA,NA,NA
"New Mexico",NA,"Past",2020-07-05,"actual_cumulative_cases",NA,NA,NA,13063,NA,NA,NA,NA
"New Mexico",NA,"Past",2020-07-05,"actual_cumulative_deaths",NA,NA,NA,512,NA,NA,NA,NA
"New Mexico",NA,"Past",2020-07-05,"actual_daily_cases",NA,NA,NA,287,NA,NA,NA,NA
"New Mexico",NA,"Past",2020-07-05,"actual_daily_deaths",NA,NA,NA,2,NA,NA,NA,NA
"New Mexico","linear_increase_sd","Past",2020-07-05,"combined_trend",NA,NA,NA,0.440523215604503,NA,NA,NA,NA
"New Mexico","return_normal","Past",2020-07-05,"combined_trend",NA,NA,NA,0.440523215604503,NA,NA,NA,NA
"New Mexico","status_quo","Past",2020-07-05,"combined_trend",NA,NA,NA,0.440523215604503,NA,NA,NA,NA
"New Mexico","linear_increase_sd","Past",2020-07-05,"cumulative_all_infections",43748,43748,43748,49669,52624,52635,52635,52635
"New Mexico","return_normal","Past",2020-07-05,"cumulative_all_infections",43748,43748,43748,49669,52624,52635,52635,52635
"New Mexico","status_quo","Past",2020-07-05,"cumulative_all_infections",43748,43748,43748,49669,52624,52635,52635,52635
"New Mexico","linear_increase_sd","Past",2020-07-05,"cumulative_cases",12312,12312,12312,13846,14576,14649,14649,14649
"New Mexico","return_normal","Past",2020-07-05,"cumulative_cases",12312,12312,12312,13846,14576,14649,14649,14649
"New Mexico","status_quo","Past",2020-07-05,"cumulative_cases",12312,12312,12312,13846,14576,14649,14649,14649
"New Mexico","linear_increase_sd","Past",2020-07-05,"cumulative_deaths",541,541,541,600,628,631,631,631
"New Mexico","return_normal","Past",2020-07-05,"cumulative_deaths",541,541,541,600,628,631,631,631
"New Mexico","status_quo","Past",2020-07-05,"cumulative_deaths",541,541,541,600,628,631,631,631
"New Mexico","linear_increase_sd","Past",2020-07-05,"cumulative_hosps",1406,1406,1406,1565,1639,1650,1650,1650
"New Mexico","return_normal","Past",2020-07-05,"cumulative_hosps",1406,1406,1406,1565,1639,1650,1650,1650
"New Mexico","status_quo","Past",2020-07-05,"cumulative_hosps",1406,1406,1406,1565,1639,1650,1650,1650
"New Mexico","linear_increase_sd","Past",2020-07-05,"daily_all_infections",729,729,729,842,871,925,925,925
"New Mexico","return_normal","Past",2020-07-05,"daily_all_infections",729,729,729,842,871,925,925,925
"New Mexico","status_quo","Past",2020-07-05,"daily_all_infections",729,729,729,842,871,925,925,925
"New Mexico","linear_increase_sd","Past",2020-07-05,"daily_cases",203,203,203,245,257,275,275,275
"New Mexico","return_normal","Past",2020-07-05,"daily_cases",203,203,203,245,257,275,275,275
"New Mexico","status_quo","Past",2020-07-05,"daily_cases",203,203,203,245,257,275,275,275
"New Mexico","linear_increase_sd","Past",2020-07-05,"daily_deaths",4,4,4,4,4,4,4,4
"New Mexico","return_normal","Past",2020-07-05,"daily_deaths",4,4,4,4,4,4,4,4
"New Mexico","status_quo","Past",2020-07-05,"daily_deaths",4,4,4,4,4,4,4,4
"New Mexico","linear_increase_sd","Past",2020-07-05,"daily_hosps",21,21,21,24,24,26,26,26
"New Mexico","return_normal","Past",2020-07-05,"daily_hosps",21,21,21,24,24,26,26,26
"New Mexico","status_quo","Past",2020-07-05,"daily_hosps",21,21,21,24,24,26,26,26
"New Mexico","linear_increase_sd","Past",2020-07-05,"latent_trend",NA,NA,NA,0.473974245917101,NA,NA,NA,NA
"New Mexico","return_normal","Past",2020-07-05,"latent_trend",NA,NA,NA,0.473974245917101,NA,NA,NA,NA
"New Mexico","status_quo","Past",2020-07-05,"latent_trend",NA,NA,NA,0.473974245917101,NA,NA,NA,NA
"New Mexico","linear_increase_sd","Past",2020-07-05,"mobility_trend",NA,NA,NA,0.929424371470071,NA,NA,NA,NA
"New Mexico","return_normal","Past",2020-07-05,"mobility_trend",NA,NA,NA,0.929424371470071,NA,NA,NA,NA
"New Mexico","status_quo","Past",2020-07-05,"mobility_trend",NA,NA,NA,0.929424371470071,NA,NA,NA,NA
"New Mexico",NA,"Past",2020-07-06,"actual_cumulative_cases",NA,NA,NA,13256,NA,NA,NA,NA
"New Mexico",NA,"Past",2020-07-06,"actual_cumulative_deaths",NA,NA,NA,512,NA,NA,NA,NA
"New Mexico",NA,"Past",2020-07-06,"actual_daily_cases",NA,NA,NA,193,NA,NA,NA,NA
"New Mexico",NA,"Past",2020-07-06,"actual_daily_deaths",NA,NA,NA,0,NA,NA,NA,NA
"New Mexico","linear_increase_sd","Past",2020-07-06,"combined_trend",NA,NA,NA,0.42450262034169,NA,NA,NA,NA
"New Mexico","return_normal","Past",2020-07-06,"combined_trend",NA,NA,NA,0.42450262034169,NA,NA,NA,NA
"New Mexico","status_quo","Past",2020-07-06,"combined_trend",NA,NA,NA,0.42450262034169,NA,NA,NA,NA
"New Mexico","linear_increase_sd","Past",2020-07-06,"cumulative_all_infections",44480,44480,44480,50512,53516,53538,53538,53538
"New Mexico","return_normal","Past",2020-07-06,"cumulative_all_infections",44480,44480,44480,50512,53516,53538,53538,53538
"New Mexico","status_quo","Past",2020-07-06,"cumulative_all_infections",44480,44480,44480,50512,53516,53538,53538,53538
"New Mexico","linear_increase_sd","Past",2020-07-06,"cumulative_cases",12533,12533,12533,14115,14895,14917,14917,14917
"New Mexico","return_normal","Past",2020-07-06,"cumulative_cases",12533,12533,12533,14115,14895,14917,14917,14917
"New Mexico","status_quo","Past",2020-07-06,"cumulative_cases",12533,12533,12533,14115,14895,14917,14917,14917
"New Mexico","linear_increase_sd","Past",2020-07-06,"cumulative_deaths",545,545,545,604,632,635,635,635
"New Mexico","return_normal","Past",2020-07-06,"cumulative_deaths",545,545,545,604,632,635,635,635
"New Mexico","status_quo","Past",2020-07-06,"cumulative_deaths",545,545,545,604,632,635,635,635
"New Mexico","linear_increase_sd","Past",2020-07-06,"cumulative_hosps",1427,1427,1427,1591,1665,1679,1679,1679
"New Mexico","return_normal","Past",2020-07-06,"cumulative_hosps",1427,1427,1427,1591,1665,1679,1679,1679
"New Mexico","status_quo","Past",2020-07-06,"cumulative_hosps",1427,1427,1427,1591,1665,1679,1679,1679
"New Mexico","linear_increase_sd","Past",2020-07-06,"daily_all_infections",732,732,732,843,881,914,914,914
"New Mexico","return_normal","Past",2020-07-06,"daily_all_infections",732,732,732,843,881,914,914,914
"New Mexico","status_quo","Past",2020-07-06,"daily_all_infections",732,732,732,843,881,914,914,914
"New Mexico","linear_increase_sd","Past",2020-07-06,"daily_cases",221,221,221,270,268,319,319,319
"New Mexico","return_normal","Past",2020-07-06,"daily_cases",221,221,221,270,268,319,319,319
"New Mexico","status_quo","Past",2020-07-06,"daily_cases",221,221,221,270,268,319,319,319
"New Mexico","linear_increase_sd","Past",2020-07-06,"daily_deaths",4,4,4,4,4,4,4,4
"New Mexico","return_normal","Past",2020-07-06,"daily_deaths",4,4,4,4,4,4,4,4
"New Mexico","status_quo","Past",2020-07-06,"daily_deaths",4,4,4,4,4,4,4,4
"New Mexico","linear_increase_sd","Past",2020-07-06,"daily_hosps",21,21,21,26,26,29,29,29
"New Mexico","return_normal","Past",2020-07-06,"daily_hosps",21,21,21,26,26,29,29,29
"New Mexico","status_quo","Past",2020-07-06,"daily_hosps",21,21,21,26,26,29,29,29
"New Mexico","linear_increase_sd","Past",2020-07-06,"latent_trend",NA,NA,NA,0.456737130392066,NA,NA,NA,NA
"New Mexico","return_normal","Past",2020-07-06,"latent_trend",NA,NA,NA,0.456737130392066,NA,NA,NA,NA
"New Mexico","status_quo","Past",2020-07-06,"latent_trend",NA,NA,NA,0.456737130392066,NA,NA,NA,NA
"New Mexico","linear_increase_sd","Past",2020-07-06,"mobility_trend",NA,NA,NA,0.929424371470071,NA,NA,NA,NA
"New Mexico","return_normal","Past",2020-07-06,"mobility_trend",NA,NA,NA,0.929424371470071,NA,NA,NA,NA
"New Mexico","status_quo","Past",2020-07-06,"mobility_trend",NA,NA,NA,0.929424371470071,NA,NA,NA,NA
"New Mexico",NA,"Past",2020-07-07,"actual_cumulative_cases",NA,NA,NA,13507,NA,NA,NA,NA
"New Mexico",NA,"Past",2020-07-07,"actual_cumulative_deaths",NA,NA,NA,514,NA,NA,NA,NA
"New Mexico",NA,"Past",2020-07-07,"actual_daily_cases",NA,NA,NA,251,NA,NA,NA,NA
"New Mexico",NA,"Past",2020-07-07,"actual_daily_deaths",NA,NA,NA,2,NA,NA,NA,NA
"New Mexico","linear_increase_sd","Past",2020-07-07,"combined_trend",NA,NA,NA,0.40787826938901,NA,NA,NA,NA
"New Mexico","return_normal","Past",2020-07-07,"combined_trend",NA,NA,NA,0.40787826938901,NA,NA,NA,NA
"New Mexico","status_quo","Past",2020-07-07,"combined_trend",NA,NA,NA,0.40787826938901,NA,NA,NA,NA
"New Mexico","linear_increase_sd","Past",2020-07-07,"cumulative_all_infections",45220,45220,45220,51352,54413,54422,54422,54422
"New Mexico","return_normal","Past",2020-07-07,"cumulative_all_infections",45220,45220,45220,51352,54413,54422,54422,54422
"New Mexico","status_quo","Past",2020-07-07,"cumulative_all_infections",45220,45220,45220,51352,54413,54422,54422,54422
"New Mexico","linear_increase_sd","Past",2020-07-07,"cumulative_cases",12776,12776,12776,14396,15183,15228,15228,15228
"New Mexico","return_normal","Past",2020-07-07,"cumulative_cases",12776,12776,12776,14396,15183,15228,15228,15228
"New Mexico","status_quo","Past",2020-07-07,"cumulative_cases",12776,12776,12776,14396,15183,15228,15228,15228
"New Mexico","linear_increase_sd","Past",2020-07-07,"cumulative_deaths",549,549,549,609,636,640,640,640
"New Mexico","return_normal","Past",2020-07-07,"cumulative_deaths",549,549,549,609,636,640,640,640
"New Mexico","status_quo","Past",2020-07-07,"cumulative_deaths",549,549,549,609,636,640,640,640
"New Mexico","linear_increase_sd","Past",2020-07-07,"cumulative_hosps",1449,1449,1449,1617,1692,1708,1708,1708
"New Mexico","return_normal","Past",2020-07-07,"cumulative_hosps",1449,1449,1449,1617,1692,1708,1708,1708
"New Mexico","status_quo","Past",2020-07-07,"cumulative_hosps",1449,1449,1449,1617,1692,1708,1708,1708
"New Mexico","linear_increase_sd","Past",2020-07-07,"daily_all_infections",740,740,740,841,884,897,897,897
"New Mexico","return_normal","Past",2020-07-07,"daily_all_infections",740,740,740,841,884,897,897,897
"New Mexico","status_quo","Past",2020-07-07,"daily_all_infections",740,740,740,841,884,897,897,897
"New Mexico","linear_increase_sd","Past",2020-07-07,"daily_cases",243,243,243,281,288,311,311,311
"New Mexico","return_normal","Past",2020-07-07,"daily_cases",243,243,243,281,288,311,311,311
"New Mexico","status_quo","Past",2020-07-07,"daily_cases",243,243,243,281,288,311,311,311
"New Mexico","linear_increase_sd","Past",2020-07-07,"daily_deaths",4,4,4,5,4,5,5,5
"New Mexico","return_normal","Past",2020-07-07,"daily_deaths",4,4,4,5,4,5,5,5
"New Mexico","status_quo","Past",2020-07-07,"daily_deaths",4,4,4,5,4,5,5,5
"New Mexico","linear_increase_sd","Past",2020-07-07,"daily_hosps",22,22,22,26,27,29,29,29
"New Mexico","return_normal","Past",2020-07-07,"daily_hosps",22,22,22,26,27,29,29,29
"New Mexico","status_quo","Past",2020-07-07,"daily_hosps",22,22,22,26,27,29,29,29
"New Mexico","linear_increase_sd","Past",2020-07-07,"latent_trend",NA,NA,NA,0.438850413125996,NA,NA,NA,NA
"New Mexico","return_normal","Past",2020-07-07,"latent_trend",NA,NA,NA,0.438850413125996,NA,NA,NA,NA
"New Mexico","status_quo","Past",2020-07-07,"latent_trend",NA,NA,NA,0.438850413125996,NA,NA,NA,NA
"New Mexico","linear_increase_sd","Past",2020-07-07,"mobility_trend",NA,NA,NA,0.929424371470071,NA,NA,NA,NA
"New Mexico","return_normal","Past",2020-07-07,"mobility_trend",NA,NA,NA,0.929424371470071,NA,NA,NA,NA
"New Mexico","status_quo","Past",2020-07-07,"mobility_trend",NA,NA,NA,0.929424371470071,NA,NA,NA,NA
"New Mexico",NA,"Past",2020-07-08,"actual_cumulative_cases",NA,NA,NA,13727,NA,NA,NA,NA
"New Mexico",NA,"Past",2020-07-08,"actual_cumulative_deaths",NA,NA,NA,518,NA,NA,NA,NA
"New Mexico",NA,"Past",2020-07-08,"actual_daily_cases",NA,NA,NA,220,NA,NA,NA,NA
"New Mexico",NA,"Past",2020-07-08,"actual_daily_deaths",NA,NA,NA,4,NA,NA,NA,NA
"New Mexico","linear_increase_sd","Past",2020-07-08,"combined_trend",NA,NA,NA,0.391418461225469,NA,NA,NA,NA
"New Mexico","return_normal","Past",2020-07-08,"combined_trend",NA,NA,NA,0.391418461225469,NA,NA,NA,NA
"New Mexico","status_quo","Past",2020-07-08,"combined_trend",NA,NA,NA,0.391418461225469,NA,NA,NA,NA
"New Mexico","linear_increase_sd","Past",2020-07-08,"cumulative_all_infections",45965,45965,45965,52179,55261,55311,55311,55311
"New Mexico","return_normal","Past",2020-07-08,"cumulative_all_infections",45965,45965,45965,52179,55261,55311,55311,55311
"New Mexico","status_quo","Past",2020-07-08,"cumulative_all_infections",45965,45965,45965,52179,55261,55311,55311,55311
"New Mexico","linear_increase_sd","Past",2020-07-08,"cumulative_cases",13020,13020,13020,14674,15452,15549,15549,15549
"New Mexico","return_normal","Past",2020-07-08,"cumulative_cases",13020,13020,13020,14674,15452,15549,15549,15549
"New Mexico","status_quo","Past",2020-07-08,"cumulative_cases",13020,13020,13020,14674,15452,15549,15549,15549
"New Mexico","linear_increase_sd","Past",2020-07-08,"cumulative_deaths",553,553,553,613,640,645,645,645
"New Mexico","return_normal","Past",2020-07-08,"cumulative_deaths",553,553,553,613,640,645,645,645
"New Mexico","status_quo","Past",2020-07-08,"cumulative_deaths",553,553,553,613,640,645,645,645
"New Mexico","linear_increase_sd","Past",2020-07-08,"cumulative_hosps",1472,1472,1472,1644,1720,1738,1738,1738
"New Mexico","return_normal","Past",2020-07-08,"cumulative_hosps",1472,1472,1472,1644,1720,1738,1738,1738
"New Mexico","status_quo","Past",2020-07-08,"cumulative_hosps",1472,1472,1472,1644,1720,1738,1738,1738
"New Mexico","linear_increase_sd","Past",2020-07-08,"daily_all_infections",745,745,745,828,839,898,898,898
"New Mexico","return_normal","Past",2020-07-08,"daily_all_infections",745,745,745,828,839,898,898,898
"New Mexico","status_quo","Past",2020-07-08,"daily_all_infections",745,745,745,828,839,898,898,898
"New Mexico","linear_increase_sd","Past",2020-07-08,"daily_cases",244,244,244,278,269,321,321,321
"New Mexico","return_normal","Past",2020-07-08,"daily_cases",244,244,244,278,269,321,321,321
"New Mexico","status_quo","Past",2020-07-08,"daily_cases",244,244,244,278,269,321,321,321
"New Mexico","linear_increase_sd","Past",2020-07-08,"daily_deaths",4,4,4,5,4,5,5,5
"New Mexico","return_normal","Past",2020-07-08,"daily_deaths",4,4,4,5,4,5,5,5
"New Mexico","status_quo","Past",2020-07-08,"daily_deaths",4,4,4,5,4,5,5,5
"New Mexico","linear_increase_sd","Past",2020-07-08,"daily_hosps",23,23,23,27,28,30,30,30
"New Mexico","return_normal","Past",2020-07-08,"daily_hosps",23,23,23,27,28,30,30,30
"New Mexico","status_quo","Past",2020-07-08,"daily_hosps",23,23,23,27,28,30,30,30
"New Mexico","linear_increase_sd","Past",2020-07-08,"latent_trend",NA,NA,NA,0.421140733168383,NA,NA,NA,NA
"New Mexico","return_normal","Past",2020-07-08,"latent_trend",NA,NA,NA,0.421140733168383,NA,NA,NA,NA
"New Mexico","status_quo","Past",2020-07-08,"latent_trend",NA,NA,NA,0.421140733168383,NA,NA,NA,NA
"New Mexico","linear_increase_sd","Past",2020-07-08,"mobility_trend",NA,NA,NA,0.929424371470071,NA,NA,NA,NA
"New Mexico","return_normal","Past",2020-07-08,"mobility_trend",NA,NA,NA,0.929424371470071,NA,NA,NA,NA
"New Mexico","status_quo","Past",2020-07-08,"mobility_trend",NA,NA,NA,0.929424371470071,NA,NA,NA,NA
"New Mexico",NA,"Past",2020-07-09,"actual_cumulative_cases",NA,NA,NA,14017,NA,NA,NA,NA
"New Mexico",NA,"Past",2020-07-09,"actual_cumulative_deaths",NA,NA,NA,526,NA,NA,NA,NA
"New Mexico",NA,"Past",2020-07-09,"actual_daily_cases",NA,NA,NA,290,NA,NA,NA,NA
"New Mexico",NA,"Past",2020-07-09,"actual_daily_deaths",NA,NA,NA,8,NA,NA,NA,NA
"New Mexico","linear_increase_sd","Past",2020-07-09,"combined_trend",NA,NA,NA,0.375864802722157,NA,NA,NA,NA
"New Mexico","return_normal","Past",2020-07-09,"combined_trend",NA,NA,NA,0.375864802722157,NA,NA,NA,NA
"New Mexico","status_quo","Past",2020-07-09,"combined_trend",NA,NA,NA,0.375864802722157,NA,NA,NA,NA
"New Mexico","linear_increase_sd","Past",2020-07-09,"cumulative_all_infections",46709,46709,46709,52997,56050,56230,56230,56230
"New Mexico","return_normal","Past",2020-07-09,"cumulative_all_infections",46709,46709,46709,52997,56050,56230,56230,56230
"New Mexico","status_quo","Past",2020-07-09,"cumulative_all_infections",46709,46709,46709,52997,56050,56230,56230,56230
"New Mexico","linear_increase_sd","Past",2020-07-09,"cumulative_cases",13252,13252,13252,14964,15745,15894,15894,15894
"New Mexico","return_normal","Past",2020-07-09,"cumulative_cases",13252,13252,13252,14964,15745,15894,15894,15894
"New Mexico","status_quo","Past",2020-07-09,"cumulative_cases",13252,13252,13252,14964,15745,15894,15894,15894
"New Mexico","linear_increase_sd","Past",2020-07-09,"cumulative_deaths",557,557,557,618,645,650,650,650
"New Mexico","return_normal","Past",2020-07-09,"cumulative_deaths",557,557,557,618,645,650,650,650
"New Mexico","status_quo","Past",2020-07-09,"cumulative_deaths",557,557,557,618,645,650,650,650
"New Mexico","linear_increase_sd","Past",2020-07-09,"cumulative_hosps",1496,1496,1496,1672,1750,1769,1769,1769
"New Mexico","return_normal","Past",2020-07-09,"cumulative_hosps",1496,1496,1496,1672,1750,1769,1769,1769
"New Mexico","status_quo","Past",2020-07-09,"cumulative_hosps",1496,1496,1496,1672,1750,1769,1769,1769
"New Mexico","linear_increase_sd","Past",2020-07-09,"daily_all_infections",744,744,744,818,789,919,919,919
"New Mexico","return_normal","Past",2020-07-09,"daily_all_infections",744,744,744,818,789,919,919,919
"New Mexico","status_quo","Past",2020-07-09,"daily_all_infections",744,744,744,818,789,919,919,919
"New Mexico","linear_increase_sd","Past",2020-07-09,"daily_cases",232,232,232,290,293,345,345,345
"New Mexico","return_normal","Past",2020-07-09,"daily_cases",232,232,232,290,293,345,345,345
"New Mexico","status_quo","Past",2020-07-09,"daily_cases",232,232,232,290,293,345,345,345
"New Mexico","linear_increase_sd","Past",2020-07-09,"daily_deaths",4,4,4,5,5,5,5,5
"New Mexico","return_normal","Past",2020-07-09,"daily_deaths",4,4,4,5,5,5,5,5
"New Mexico","status_quo","Past",2020-07-09,"daily_deaths",4,4,4,5,5,5,5,5
"New Mexico","linear_increase_sd","Past",2020-07-09,"daily_hosps",24,24,24,29,30,31,31,31
"New Mexico","return_normal","Past",2020-07-09,"daily_hosps",24,24,24,29,30,31,31,31
"New Mexico","status_quo","Past",2020-07-09,"daily_hosps",24,24,24,29,30,31,31,31
"New Mexico","linear_increase_sd","Past",2020-07-09,"latent_trend",NA,NA,NA,0.404406011139617,NA,NA,NA,NA
"New Mexico","return_normal","Past",2020-07-09,"latent_trend",NA,NA,NA,0.404406011139617,NA,NA,NA,NA
"New Mexico","status_quo","Past",2020-07-09,"latent_trend",NA,NA,NA,0.404406011139617,NA,NA,NA,NA
"New Mexico","linear_increase_sd","Past",2020-07-09,"mobility_trend",NA,NA,NA,0.929424371470071,NA,NA,NA,NA
"New Mexico","return_normal","Past",2020-07-09,"mobility_trend",NA,NA,NA,0.929424371470071,NA,NA,NA,NA
"New Mexico","status_quo","Past",2020-07-09,"mobility_trend",NA,NA,NA,0.929424371470071,NA,NA,NA,NA
"New Mexico",NA,"Past",2020-07-10,"actual_cumulative_cases",NA,NA,NA,14251,NA,NA,NA,NA
"New Mexico",NA,"Past",2020-07-10,"actual_cumulative_deaths",NA,NA,NA,532,NA,NA,NA,NA
"New Mexico",NA,"Past",2020-07-10,"actual_daily_cases",NA,NA,NA,234,NA,NA,NA,NA
"New Mexico",NA,"Past",2020-07-10,"actual_daily_deaths",NA,NA,NA,6,NA,NA,NA,NA
"New Mexico","linear_increase_sd","Past",2020-07-10,"combined_trend",NA,NA,NA,0.361917670679753,NA,NA,NA,NA
"New Mexico","return_normal","Past",2020-07-10,"combined_trend",NA,NA,NA,0.361917670679753,NA,NA,NA,NA
"New Mexico","status_quo","Past",2020-07-10,"combined_trend",NA,NA,NA,0.361917670679753,NA,NA,NA,NA
"New Mexico","linear_increase_sd","Past",2020-07-10,"cumulative_all_infections",47434,47434,47434,53784,56787,57131,57131,57131
"New Mexico","return_normal","Past",2020-07-10,"cumulative_all_infections",47434,47434,47434,53784,56787,57131,57131,57131
"New Mexico","status_quo","Past",2020-07-10,"cumulative_all_infections",47434,47434,47434,53784,56787,57131,57131,57131
"New Mexico","linear_increase_sd","Past",2020-07-10,"cumulative_cases",13491,13491,13491,15254,16048,16223,16223,16223
"New Mexico","return_normal","Past",2020-07-10,"cumulative_cases",13491,13491,13491,15254,16048,16223,16223,16223
"New Mexico","status_quo","Past",2020-07-10,"cumulative_cases",13491,13491,13491,15254,16048,16223,16223,16223
"New Mexico","linear_increase_sd","Past",2020-07-10,"cumulative_deaths",561,561,561,622,650,655,655,655
"New Mexico","return_normal","Past",2020-07-10,"cumulative_deaths",561,561,561,622,650,655,655,655
"New Mexico","status_quo","Past",2020-07-10,"cumulative_deaths",561,561,561,622,650,655,655,655
"New Mexico","linear_increase_sd","Past",2020-07-10,"cumulative_hosps",1521,1521,1521,1701,1782,1800,1800,1800
"New Mexico","return_normal","Past",2020-07-10,"cumulative_hosps",1521,1521,1521,1701,1782,1800,1800,1800
"New Mexico","status_quo","Past",2020-07-10,"cumulative_hosps",1521,1521,1521,1701,1782,1800,1800,1800
"New Mexico","linear_increase_sd","Past",2020-07-10,"daily_all_infections",725,725,725,788,737,901,901,901
"New Mexico","return_normal","Past",2020-07-10,"daily_all_infections",725,725,725,788,737,901,901,901
"New Mexico","status_quo","Past",2020-07-10,"daily_all_infections",725,725,725,788,737,901,901,901
"New Mexico","linear_increase_sd","Past",2020-07-10,"daily_cases",239,239,239,291,303,329,329,329
"New Mexico","return_normal","Past",2020-07-10,"daily_cases",239,239,239,291,303,329,329,329
"New Mexico","status_quo","Past",2020-07-10,"daily_cases",239,239,239,291,303,329,329,329
"New Mexico","linear_increase_sd","Past",2020-07-10,"daily_deaths",4,4,4,5,5,5,5,5
"New Mexico","return_normal","Past",2020-07-10,"daily_deaths",4,4,4,5,5,5,5,5
"New Mexico","status_quo","Past",2020-07-10,"daily_deaths",4,4,4,5,5,5,5,5
"New Mexico","linear_increase_sd","Past",2020-07-10,"daily_hosps",25,25,25,30,31,32,32,32
"New Mexico","return_normal","Past",2020-07-10,"daily_hosps",25,25,25,30,31,32,32,32
"New Mexico","status_quo","Past",2020-07-10,"daily_hosps",25,25,25,30,31,32,32,32
"New Mexico","linear_increase_sd","Past",2020-07-10,"latent_trend",NA,NA,NA,0.389399806793648,NA,NA,NA,NA
"New Mexico","return_normal","Past",2020-07-10,"latent_trend",NA,NA,NA,0.389399806793648,NA,NA,NA,NA
"New Mexico","status_quo","Past",2020-07-10,"latent_trend",NA,NA,NA,0.389399806793648,NA,NA,NA,NA
"New Mexico","linear_increase_sd","Past",2020-07-10,"mobility_trend",NA,NA,NA,0.929424371470071,NA,NA,NA,NA
"New Mexico","return_normal","Past",2020-07-10,"mobility_trend",NA,NA,NA,0.929424371470071,NA,NA,NA,NA
"New Mexico","status_quo","Past",2020-07-10,"mobility_trend",NA,NA,NA,0.929424371470071,NA,NA,NA,NA
"New Mexico",NA,"Past",2020-07-11,"actual_cumulative_cases",NA,NA,NA,14549,NA,NA,NA,NA
"New Mexico",NA,"Past",2020-07-11,"actual_cumulative_deaths",NA,NA,NA,538,NA,NA,NA,NA
"New Mexico",NA,"Past",2020-07-11,"actual_daily_cases",NA,NA,NA,298,NA,NA,NA,NA
"New Mexico",NA,"Past",2020-07-11,"actual_daily_deaths",NA,NA,NA,6,NA,NA,NA,NA
"New Mexico","linear_increase_sd","Past",2020-07-11,"combined_trend",NA,NA,NA,0.350230782854884,NA,NA,NA,NA
"New Mexico","return_normal","Past",2020-07-11,"combined_trend",NA,NA,NA,0.350230782854884,NA,NA,NA,NA
"New Mexico","status_quo","Past",2020-07-11,"combined_trend",NA,NA,NA,0.350230782854884,NA,NA,NA,NA
"New Mexico","linear_increase_sd","Past",2020-07-11,"cumulative_all_infections",48176,48176,48176,54570,57480,58053,58053,58053
"New Mexico","return_normal","Past",2020-07-11,"cumulative_all_infections",48176,48176,48176,54570,57480,58053,58053,58053
"New Mexico","status_quo","Past",2020-07-11,"cumulative_all_infections",48176,48176,48176,54570,57480,58053,58053,58053
"New Mexico","linear_increase_sd","Past",2020-07-11,"cumulative_cases",13738,13738,13738,15540,16346,16536,16536,16536
"New Mexico","return_normal","Past",2020-07-11,"cumulative_cases",13738,13738,13738,15540,16346,16536,16536,16536
"New Mexico","status_quo","Past",2020-07-11,"cumulative_cases",13738,13738,13738,15540,16346,16536,16536,16536
"New Mexico","linear_increase_sd","Past",2020-07-11,"cumulative_deaths",565,565,565,627,655,660,660,660
"New Mexico","return_normal","Past",2020-07-11,"cumulative_deaths",565,565,565,627,655,660,660,660
"New Mexico","status_quo","Past",2020-07-11,"cumulative_deaths",565,565,565,627,655,660,660,660
"New Mexico","linear_increase_sd","Past",2020-07-11,"cumulative_hosps",1547,1547,1547,1733,1817,1834,1834,1834
"New Mexico","return_normal","Past",2020-07-11,"cumulative_hosps",1547,1547,1547,1733,1817,1834,1834,1834
"New Mexico","status_quo","Past",2020-07-11,"cumulative_hosps",1547,1547,1547,1733,1817,1834,1834,1834
"New Mexico","linear_increase_sd","Past",2020-07-11,"daily_all_infections",693,693,693,786,742,922,922,922
"New Mexico","return_normal","Past",2020-07-11,"daily_all_infections",693,693,693,786,742,922,922,922
"New Mexico","status_quo","Past",2020-07-11,"daily_all_infections",693,693,693,786,742,922,922,922
"New Mexico","linear_increase_sd","Past",2020-07-11,"daily_cases",247,247,247,286,298,313,313,313
"New Mexico","return_normal","Past",2020-07-11,"daily_cases",247,247,247,286,298,313,313,313
"New Mexico","status_quo","Past",2020-07-11,"daily_cases",247,247,247,286,298,313,313,313
"New Mexico","linear_increase_sd","Past",2020-07-11,"daily_deaths",4,4,4,5,5,5,5,5
"New Mexico","return_normal","Past",2020-07-11,"daily_deaths",4,4,4,5,5,5,5,5
"New Mexico","status_quo","Past",2020-07-11,"daily_deaths",4,4,4,5,5,5,5,5
"New Mexico","linear_increase_sd","Past",2020-07-11,"daily_hosps",26,26,26,32,34,35,35,35
"New Mexico","return_normal","Past",2020-07-11,"daily_hosps",26,26,26,32,34,35,35,35
"New Mexico","status_quo","Past",2020-07-11,"daily_hosps",26,26,26,32,34,35,35,35
"New Mexico","linear_increase_sd","Past",2020-07-11,"latent_trend",NA,NA,NA,0.37682547779646,NA,NA,NA,NA
"New Mexico","return_normal","Past",2020-07-11,"latent_trend",NA,NA,NA,0.37682547779646,NA,NA,NA,NA
"New Mexico","status_quo","Past",2020-07-11,"latent_trend",NA,NA,NA,0.37682547779646,NA,NA,NA,NA
"New Mexico","linear_increase_sd","Past",2020-07-11,"mobility_trend",NA,NA,NA,0.929424371470071,NA,NA,NA,NA
"New Mexico","return_normal","Past",2020-07-11,"mobility_trend",NA,NA,NA,0.929424371470071,NA,NA,NA,NA
"New Mexico","status_quo","Past",2020-07-11,"mobility_trend",NA,NA,NA,0.929424371470071,NA,NA,NA,NA
"New Mexico",NA,"Past",2020-07-12,"actual_cumulative_cases",NA,NA,NA,14773,NA,NA,NA,NA
"New Mexico",NA,"Past",2020-07-12,"actual_cumulative_deaths",NA,NA,NA,542,NA,NA,NA,NA
"New Mexico",NA,"Past",2020-07-12,"actual_daily_cases",NA,NA,NA,224,NA,NA,NA,NA
"New Mexico",NA,"Past",2020-07-12,"actual_daily_deaths",NA,NA,NA,4,NA,NA,NA,NA
"New Mexico","linear_increase_sd","Past",2020-07-12,"combined_trend",NA,NA,NA,0.341418027723283,NA,NA,NA,NA
"New Mexico","return_normal","Past",2020-07-12,"combined_trend",NA,NA,NA,0.341418027723283,NA,NA,NA,NA
"New Mexico","status_quo","Past",2020-07-12,"combined_trend",NA,NA,NA,0.341418027723283,NA,NA,NA,NA
"New Mexico","linear_increase_sd","Past",2020-07-12,"cumulative_all_infections",48914,48914,48914,55341,58140,58967,58967,58967
"New Mexico","return_normal","Past",2020-07-12,"cumulative_all_infections",48914,48914,48914,55341,58140,58967,58967,58967
"New Mexico","status_quo","Past",2020-07-12,"cumulative_all_infections",48914,48914,48914,55341,58140,58967,58967,58967
"New Mexico","linear_increase_sd","Past",2020-07-12,"cumulative_cases",14000,14000,14000,15832,16640,16855,16855,16855
"New Mexico","return_normal","Past",2020-07-12,"cumulative_cases",14000,14000,14000,15832,16640,16855,16855,16855
"New Mexico","status_quo","Past",2020-07-12,"cumulative_cases",14000,14000,14000,15832,16640,16855,16855,16855
"New Mexico","linear_increase_sd","Past",2020-07-12,"cumulative_deaths",570,570,570,632,660,665,665,665
"New Mexico","return_normal","Past",2020-07-12,"cumulative_deaths",570,570,570,632,660,665,665,665
"New Mexico","status_quo","Past",2020-07-12,"cumulative_deaths",570,570,570,632,660,665,665,665
"New Mexico","linear_increase_sd","Past",2020-07-12,"cumulative_hosps",1574,1574,1574,1765,1851,1868,1868,1868
"New Mexico","return_normal","Past",2020-07-12,"cumulative_hosps",1574,1574,1574,1765,1851,1868,1868,1868
"New Mexico","status_quo","Past",2020-07-12,"cumulative_hosps",1574,1574,1574,1765,1851,1868,1868,1868
"New Mexico","linear_increase_sd","Past",2020-07-12,"daily_all_infections",660,660,660,771,738,914,914,914
"New Mexico","return_normal","Past",2020-07-12,"daily_all_infections",660,660,660,771,738,914,914,914
"New Mexico","status_quo","Past",2020-07-12,"daily_all_infections",660,660,660,771,738,914,914,914
"New Mexico","linear_increase_sd","Past",2020-07-12,"daily_cases",262,262,262,292,294,319,319,319
"New Mexico","return_normal","Past",2020-07-12,"daily_cases",262,262,262,292,294,319,319,319
"New Mexico","status_quo","Past",2020-07-12,"daily_cases",262,262,262,292,294,319,319,319
"New Mexico","linear_increase_sd","Past",2020-07-12,"daily_deaths",5,5,5,5,5,5,5,5
"New Mexico","return_normal","Past",2020-07-12,"daily_deaths",5,5,5,5,5,5,5,5
"New Mexico","status_quo","Past",2020-07-12,"daily_deaths",5,5,5,5,5,5,5,5
"New Mexico","linear_increase_sd","Past",2020-07-12,"daily_hosps",27,27,27,32,34,34,34,34
"New Mexico","return_normal","Past",2020-07-12,"daily_hosps",27,27,27,32,34,34,34,34
"New Mexico","status_quo","Past",2020-07-12,"daily_hosps",27,27,27,32,34,34,34,34
"New Mexico","linear_increase_sd","Past",2020-07-12,"latent_trend",NA,NA,NA,0.367343528105747,NA,NA,NA,NA
"New Mexico","return_normal","Past",2020-07-12,"latent_trend",NA,NA,NA,0.367343528105747,NA,NA,NA,NA
"New Mexico","status_quo","Past",2020-07-12,"latent_trend",NA,NA,NA,0.367343528105747,NA,NA,NA,NA
"New Mexico","linear_increase_sd","Past",2020-07-12,"mobility_trend",NA,NA,NA,0.929424371470071,NA,NA,NA,NA
"New Mexico","return_normal","Past",2020-07-12,"mobility_trend",NA,NA,NA,0.929424371470071,NA,NA,NA,NA
"New Mexico","status_quo","Past",2020-07-12,"mobility_trend",NA,NA,NA,0.929424371470071,NA,NA,NA,NA
"New Mexico",NA,"Past",2020-07-13,"actual_cumulative_cases",NA,NA,NA,15028,NA,NA,NA,NA
"New Mexico",NA,"Past",2020-07-13,"actual_cumulative_deaths",NA,NA,NA,544,NA,NA,NA,NA
"New Mexico",NA,"Past",2020-07-13,"actual_daily_cases",NA,NA,NA,255,NA,NA,NA,NA
"New Mexico",NA,"Past",2020-07-13,"actual_daily_deaths",NA,NA,NA,2,NA,NA,NA,NA
"New Mexico","linear_increase_sd","Past",2020-07-13,"combined_trend",NA,NA,NA,0.33607326910878,NA,NA,NA,NA
"New Mexico","return_normal","Past",2020-07-13,"combined_trend",NA,NA,NA,0.33607326910878,NA,NA,NA,NA
"New Mexico","status_quo","Past",2020-07-13,"combined_trend",NA,NA,NA,0.33607326910878,NA,NA,NA,NA
"New Mexico","linear_increase_sd","Past",2020-07-13,"cumulative_all_infections",49655,49655,49655,56102,58769,59881,59881,59881
"New Mexico","return_normal","Past",2020-07-13,"cumulative_all_infections",49655,49655,49655,56102,58769,59881,59881,59881
"New Mexico","status_quo","Past",2020-07-13,"cumulative_all_infections",49655,49655,49655,56102,58769,59881,59881,59881
"New Mexico","linear_increase_sd","Past",2020-07-13,"cumulative_cases",14252,14252,14252,16113,16934,17151,17151,17151
"New Mexico","return_normal","Past",2020-07-13,"cumulative_cases",14252,14252,14252,16113,16934,17151,17151,17151
"New Mexico","status_quo","Past",2020-07-13,"cumulative_cases",14252,14252,14252,16113,16934,17151,17151,17151
"New Mexico","linear_increase_sd","Past",2020-07-13,"cumulative_deaths",574,574,574,637,665,671,671,671
"New Mexico","return_normal","Past",2020-07-13,"cumulative_deaths",574,574,574,637,665,671,671,671
"New Mexico","status_quo","Past",2020-07-13,"cumulative_deaths",574,574,574,637,665,671,671,671
"New Mexico","linear_increase_sd","Past",2020-07-13,"cumulative_hosps",1602,1602,1602,1797,1886,1903,1903,1903
"New Mexico","return_normal","Past",2020-07-13,"cumulative_hosps",1602,1602,1602,1797,1886,1903,1903,1903
"New Mexico","status_quo","Past",2020-07-13,"cumulative_hosps",1602,1602,1602,1797,1886,1903,1903,1903
"New Mexico","linear_increase_sd","Past",2020-07-13,"daily_all_infections",629,629,629,762,741,914,914,914
"New Mexico","return_normal","Past",2020-07-13,"daily_all_infections",629,629,629,762,741,914,914,914
"New Mexico","status_quo","Past",2020-07-13,"daily_all_infections",629,629,629,762,741,914,914,914
"New Mexico","linear_increase_sd","Past",2020-07-13,"daily_cases",252,252,252,281,294,296,296,296
"New Mexico","return_normal","Past",2020-07-13,"daily_cases",252,252,252,281,294,296,296,296
"New Mexico","status_quo","Past",2020-07-13,"daily_cases",252,252,252,281,294,296,296,296
"New Mexico","linear_increase_sd","Past",2020-07-13,"daily_deaths",4,4,4,5,5,6,6,6
"New Mexico","return_normal","Past",2020-07-13,"daily_deaths",4,4,4,5,5,6,6,6
"New Mexico","status_quo","Past",2020-07-13,"daily_deaths",4,4,4,5,5,6,6,6
"New Mexico","linear_increase_sd","Past",2020-07-13,"daily_hosps",28,28,28,33,35,35,35,35
"New Mexico","return_normal","Past",2020-07-13,"daily_hosps",28,28,28,33,35,35,35,35
"New Mexico","status_quo","Past",2020-07-13,"daily_hosps",28,28,28,33,35,35,35,35
"New Mexico","linear_increase_sd","Past",2020-07-13,"latent_trend",NA,NA,NA,0.361592916459908,NA,NA,NA,NA
"New Mexico","return_normal","Past",2020-07-13,"latent_trend",NA,NA,NA,0.361592916459908,NA,NA,NA,NA
"New Mexico","status_quo","Past",2020-07-13,"latent_trend",NA,NA,NA,0.361592916459908,NA,NA,NA,NA
"New Mexico","linear_increase_sd","Past",2020-07-13,"mobility_trend",NA,NA,NA,0.929424371470071,NA,NA,NA,NA
"New Mexico","return_normal","Past",2020-07-13,"mobility_trend",NA,NA,NA,0.929424371470071,NA,NA,NA,NA
"New Mexico","status_quo","Past",2020-07-13,"mobility_trend",NA,NA,NA,0.929424371470071,NA,NA,NA,NA
"New Mexico",NA,"Past",2020-07-14,"actual_cumulative_cases",NA,NA,NA,15291,NA,NA,NA,NA
"New Mexico",NA,"Past",2020-07-14,"actual_cumulative_deaths",NA,NA,NA,547,NA,NA,NA,NA
"New Mexico",NA,"Past",2020-07-14,"actual_daily_cases",NA,NA,NA,263,NA,NA,NA,NA
"New Mexico",NA,"Past",2020-07-14,"actual_daily_deaths",NA,NA,NA,3,NA,NA,NA,NA
"New Mexico","linear_increase_sd","Past",2020-07-14,"combined_trend",NA,NA,NA,0.334801469712724,NA,NA,NA,NA
"New Mexico","return_normal","Past",2020-07-14,"combined_trend",NA,NA,NA,0.334801469712724,NA,NA,NA,NA
"New Mexico","status_quo","Past",2020-07-14,"combined_trend",NA,NA,NA,0.334801469712724,NA,NA,NA,NA
"New Mexico","linear_increase_sd","Past",2020-07-14,"cumulative_all_infections",50401,50401,50401,56866,59397,60798,60798,60798
"New Mexico","return_normal","Past",2020-07-14,"cumulative_all_infections",50401,50401,50401,56866,59397,60798,60798,60798
"New Mexico","status_quo","Past",2020-07-14,"cumulative_all_infections",50401,50401,50401,56866,59397,60798,60798,60798
"New Mexico","linear_increase_sd","Past",2020-07-14,"cumulative_cases",14513,14513,14513,16403,17249,17446,17446,17446
"New Mexico","return_normal","Past",2020-07-14,"cumulative_cases",14513,14513,14513,16403,17249,17446,17446,17446
"New Mexico","status_quo","Past",2020-07-14,"cumulative_cases",14513,14513,14513,16403,17249,17446,17446,17446
"New Mexico","linear_increase_sd","Past",2020-07-14,"cumulative_deaths",579,579,579,642,670,677,677,677
"New Mexico","return_normal","Past",2020-07-14,"cumulative_deaths",579,579,579,642,670,677,677,677
"New Mexico","status_quo","Past",2020-07-14,"cumulative_deaths",579,579,579,642,670,677,677,677
"New Mexico","linear_increase_sd","Past",2020-07-14,"cumulative_hosps",1631,1631,1631,1831,1922,1938,1938,1938
"New Mexico","return_normal","Past",2020-07-14,"cumulative_hosps",1631,1631,1631,1831,1922,1938,1938,1938
"New Mexico","status_quo","Past",2020-07-14,"cumulative_hosps",1631,1631,1631,1831,1922,1938,1938,1938
"New Mexico","linear_increase_sd","Past",2020-07-14,"daily_all_infections",628,628,628,764,746,917,917,917
"New Mexico","return_normal","Past",2020-07-14,"daily_all_infections",628,628,628,764,746,917,917,917
"New Mexico","status_quo","Past",2020-07-14,"daily_all_infections",628,628,628,764,746,917,917,917
"New Mexico","linear_increase_sd","Past",2020-07-14,"daily_cases",261,261,261,291,295,315,315,315
"New Mexico","return_normal","Past",2020-07-14,"daily_cases",261,261,261,291,295,315,315,315
"New Mexico","status_quo","Past",2020-07-14,"daily_cases",261,261,261,291,295,315,315,315
"New Mexico","linear_increase_sd","Past",2020-07-14,"daily_deaths",5,5,5,6,5,6,6,6
"New Mexico","return_normal","Past",2020-07-14,"daily_deaths",5,5,5,6,5,6,6,6
"New Mexico","status_quo","Past",2020-07-14,"daily_deaths",5,5,5,6,5,6,6,6
"New Mexico","linear_increase_sd","Past",2020-07-14,"daily_hosps",29,29,29,34,35,36,36,36
"New Mexico","return_normal","Past",2020-07-14,"daily_hosps",29,29,29,34,35,36,36,36
"New Mexico","status_quo","Past",2020-07-14,"daily_hosps",29,29,29,34,35,36,36,36
"New Mexico","linear_increase_sd","Past",2020-07-14,"latent_trend",NA,NA,NA,0.360224543265601,NA,NA,NA,NA
"New Mexico","return_normal","Past",2020-07-14,"latent_trend",NA,NA,NA,0.360224543265601,NA,NA,NA,NA
"New Mexico","status_quo","Past",2020-07-14,"latent_trend",NA,NA,NA,0.360224543265601,NA,NA,NA,NA
"New Mexico","linear_increase_sd","Past",2020-07-14,"mobility_trend",NA,NA,NA,0.929424371470071,NA,NA,NA,NA
"New Mexico","return_normal","Past",2020-07-14,"mobility_trend",NA,NA,NA,0.929424371470071,NA,NA,NA,NA
"New Mexico","status_quo","Past",2020-07-14,"mobility_trend",NA,NA,NA,0.929424371470071,NA,NA,NA,NA
"New Mexico",NA,"Past",2020-07-15,"actual_cumulative_cases",NA,NA,NA,15514,NA,NA,NA,NA
"New Mexico",NA,"Past",2020-07-15,"actual_cumulative_deaths",NA,NA,NA,550,NA,NA,NA,NA
"New Mexico",NA,"Past",2020-07-15,"actual_daily_cases",NA,NA,NA,223,NA,NA,NA,NA
"New Mexico",NA,"Past",2020-07-15,"actual_daily_deaths",NA,NA,NA,3,NA,NA,NA,NA
"New Mexico","linear_increase_sd","Past",2020-07-15,"combined_trend",NA,NA,NA,0.338257217112128,NA,NA,NA,NA
"New Mexico","return_normal","Past",2020-07-15,"combined_trend",NA,NA,NA,0.338257217112128,NA,NA,NA,NA
"New Mexico","status_quo","Past",2020-07-15,"combined_trend",NA,NA,NA,0.338257217112128,NA,NA,NA,NA
"New Mexico","linear_increase_sd","Past",2020-07-15,"cumulative_all_infections",51158,51158,51158,57632,60030,61708,61708,61708
"New Mexico","return_normal","Past",2020-07-15,"cumulative_all_infections",51158,51158,51158,57632,60030,61708,61708,61708
"New Mexico","status_quo","Past",2020-07-15,"cumulative_all_infections",51158,51158,51158,57632,60030,61708,61708,61708
"New Mexico","linear_increase_sd","Past",2020-07-15,"cumulative_cases",14783,14783,14783,16696,17580,17724,17724,17724
"New Mexico","return_normal","Past",2020-07-15,"cumulative_cases",14783,14783,14783,16696,17580,17724,17724,17724
"New Mexico","status_quo","Past",2020-07-15,"cumulative_cases",14783,14783,14783,16696,17580,17724,17724,17724
"New Mexico","linear_increase_sd","Past",2020-07-15,"cumulative_deaths",584,584,584,648,676,683,683,683
"New Mexico","return_normal","Past",2020-07-15,"cumulative_deaths",584,584,584,648,676,683,683,683
"New Mexico","status_quo","Past",2020-07-15,"cumulative_deaths",584,584,584,648,676,683,683,683
"New Mexico","linear_increase_sd","Past",2020-07-15,"cumulative_hosps",1660,1660,1660,1865,1958,1975,1975,1975
"New Mexico","return_normal","Past",2020-07-15,"cumulative_hosps",1660,1660,1660,1865,1958,1975,1975,1975
"New Mexico","status_quo","Past",2020-07-15,"cumulative_hosps",1660,1660,1660,1865,1958,1975,1975,1975
"New Mexico","linear_increase_sd","Past",2020-07-15,"daily_all_infections",633,633,633,767,757,910,910,910
"New Mexico","return_normal","Past",2020-07-15,"daily_all_infections",633,633,633,767,757,910,910,910
"New Mexico","status_quo","Past",2020-07-15,"daily_all_infections",633,633,633,767,757,910,910,910
"New Mexico","linear_increase_sd","Past",2020-07-15,"daily_cases",270,270,270,293,278,331,331,331
"New Mexico","return_normal","Past",2020-07-15,"daily_cases",270,270,270,293,278,331,331,331
"New Mexico","status_quo","Past",2020-07-15,"daily_cases",270,270,270,293,278,331,331,331
"New Mexico","linear_increase_sd","Past",2020-07-15,"daily_deaths",5,5,5,6,6,6,6,6
"New Mexico","return_normal","Past",2020-07-15,"daily_deaths",5,5,5,6,6,6,6,6
"New Mexico","status_quo","Past",2020-07-15,"daily_deaths",5,5,5,6,6,6,6,6
"New Mexico","linear_increase_sd","Past",2020-07-15,"daily_hosps",29,29,29,34,36,37,37,37
"New Mexico","return_normal","Past",2020-07-15,"daily_hosps",29,29,29,34,36,37,37,37
"New Mexico","status_quo","Past",2020-07-15,"daily_hosps",29,29,29,34,36,37,37,37
"New Mexico","linear_increase_sd","Past",2020-07-15,"latent_trend",NA,NA,NA,0.363942702058809,NA,NA,NA,NA
"New Mexico","return_normal","Past",2020-07-15,"latent_trend",NA,NA,NA,0.363942702058809,NA,NA,NA,NA
"New Mexico","status_quo","Past",2020-07-15,"latent_trend",NA,NA,NA,0.363942702058809,NA,NA,NA,NA
"New Mexico","linear_increase_sd","Past",2020-07-15,"mobility_trend",NA,NA,NA,0.929424371470071,NA,NA,NA,NA
"New Mexico","return_normal","Past",2020-07-15,"mobility_trend",NA,NA,NA,0.929424371470071,NA,NA,NA,NA
"New Mexico","status_quo","Past",2020-07-15,"mobility_trend",NA,NA,NA,0.929424371470071,NA,NA,NA,NA
"New Mexico",NA,"Past",2020-07-16,"actual_cumulative_cases",NA,NA,NA,15841,NA,NA,NA,NA
"New Mexico",NA,"Past",2020-07-16,"actual_cumulative_deaths",NA,NA,NA,556,NA,NA,NA,NA
"New Mexico",NA,"Past",2020-07-16,"actual_daily_cases",NA,NA,NA,327,NA,NA,NA,NA
"New Mexico",NA,"Past",2020-07-16,"actual_daily_deaths",NA,NA,NA,6,NA,NA,NA,NA
"New Mexico","linear_increase_sd","Past",2020-07-16,"combined_trend",NA,NA,NA,0.347183696545445,NA,NA,NA,NA
"New Mexico","return_normal","Past",2020-07-16,"combined_trend",NA,NA,NA,0.347183696545445,NA,NA,NA,NA
"New Mexico","status_quo","Past",2020-07-16,"combined_trend",NA,NA,NA,0.347183696545445,NA,NA,NA,NA
"New Mexico","linear_increase_sd","Past",2020-07-16,"cumulative_all_infections",51933,51933,51933,58405,60686,62596,62596,62596
"New Mexico","return_normal","Past",2020-07-16,"cumulative_all_infections",51933,51933,51933,58405,60686,62596,62596,62596
"New Mexico","status_quo","Past",2020-07-16,"cumulative_all_infections",51933,51933,51933,58405,60686,62596,62596,62596
"New Mexico","linear_increase_sd","Past",2020-07-16,"cumulative_cases",15043,15043,15043,16974,17882,17995,17995,17995
"New Mexico","return_normal","Past",2020-07-16,"cumulative_cases",15043,15043,15043,16974,17882,17995,17995,17995
"New Mexico","status_quo","Past",2020-07-16,"cumulative_cases",15043,15043,15043,16974,17882,17995,17995,17995
"New Mexico","linear_increase_sd","Past",2020-07-16,"cumulative_deaths",589,589,589,654,682,690,690,690
"New Mexico","return_normal","Past",2020-07-16,"cumulative_deaths",589,589,589,654,682,690,690,690
"New Mexico","status_quo","Past",2020-07-16,"cumulative_deaths",589,589,589,654,682,690,690,690
"New Mexico","linear_increase_sd","Past",2020-07-16,"cumulative_hosps",1690,1690,1690,1899,1994,2011,2011,2011
"New Mexico","return_normal","Past",2020-07-16,"cumulative_hosps",1690,1690,1690,1899,1994,2011,2011,2011
"New Mexico","status_quo","Past",2020-07-16,"cumulative_hosps",1690,1690,1690,1899,1994,2011,2011,2011
"New Mexico","linear_increase_sd","Past",2020-07-16,"daily_all_infections",656,656,656,773,775,888,888,888
"New Mexico","return_normal","Past",2020-07-16,"daily_all_infections",656,656,656,773,775,888,888,888
"New Mexico","status_quo","Past",2020-07-16,"daily_all_infections",656,656,656,773,775,888,888,888
"New Mexico","linear_increase_sd","Past",2020-07-16,"daily_cases",260,260,260,278,271,302,302,302
"New Mexico","return_normal","Past",2020-07-16,"daily_cases",260,260,260,278,271,302,302,302
"New Mexico","status_quo","Past",2020-07-16,"daily_cases",260,260,260,278,271,302,302,302
"New Mexico","linear_increase_sd","Past",2020-07-16,"daily_deaths",5,5,5,6,6,7,7,7
"New Mexico","return_normal","Past",2020-07-16,"daily_deaths",5,5,5,6,6,7,7,7
"New Mexico","status_quo","Past",2020-07-16,"daily_deaths",5,5,5,6,6,7,7,7
"New Mexico","linear_increase_sd","Past",2020-07-16,"daily_hosps",30,30,30,34,36,36,36,36
"New Mexico","return_normal","Past",2020-07-16,"daily_hosps",30,30,30,34,36,36,36,36
"New Mexico","status_quo","Past",2020-07-16,"daily_hosps",30,30,30,34,36,36,36,36
"New Mexico","linear_increase_sd","Past",2020-07-16,"latent_trend",NA,NA,NA,0.373547011680256,NA,NA,NA,NA
"New Mexico","return_normal","Past",2020-07-16,"latent_trend",NA,NA,NA,0.373547011680256,NA,NA,NA,NA
"New Mexico","status_quo","Past",2020-07-16,"latent_trend",NA,NA,NA,0.373547011680256,NA,NA,NA,NA
"New Mexico","linear_increase_sd","Past",2020-07-16,"mobility_trend",NA,NA,NA,0.929424371470071,NA,NA,NA,NA
"New Mexico","return_normal","Past",2020-07-16,"mobility_trend",NA,NA,NA,0.929424371470071,NA,NA,NA,NA
"New Mexico","status_quo","Past",2020-07-16,"mobility_trend",NA,NA,NA,0.929424371470071,NA,NA,NA,NA
"New Mexico",NA,"Past",2020-07-17,"actual_cumulative_cases",NA,NA,NA,16138,NA,NA,NA,NA
"New Mexico",NA,"Past",2020-07-17,"actual_cumulative_deaths",NA,NA,NA,561,NA,NA,NA,NA
"New Mexico",NA,"Past",2020-07-17,"actual_daily_cases",NA,NA,NA,297,NA,NA,NA,NA
"New Mexico",NA,"Past",2020-07-17,"actual_daily_deaths",NA,NA,NA,5,NA,NA,NA,NA
"New Mexico","linear_increase_sd","Past",2020-07-17,"combined_trend",NA,NA,NA,0.36208423066515,NA,NA,NA,NA
"New Mexico","return_normal","Past",2020-07-17,"combined_trend",NA,NA,NA,0.36208423066515,NA,NA,NA,NA
"New Mexico","status_quo","Past",2020-07-17,"combined_trend",NA,NA,NA,0.36208423066515,NA,NA,NA,NA
"New Mexico","linear_increase_sd","Past",2020-07-17,"cumulative_all_infections",52752,52752,52752,59213,61404,63482,63482,63482
"New Mexico","return_normal","Past",2020-07-17,"cumulative_all_infections",52752,52752,52752,59213,61404,63482,63482,63482
"New Mexico","status_quo","Past",2020-07-17,"cumulative_all_infections",52752,52752,52752,59213,61404,63482,63482,63482
"New Mexico","linear_increase_sd","Past",2020-07-17,"cumulative_cases",15330,15330,15330,17261,18209,18242,18242,18242
"New Mexico","return_normal","Past",2020-07-17,"cumulative_cases",15330,15330,15330,17261,18209,18242,18242,18242
"New Mexico","status_quo","Past",2020-07-17,"cumulative_cases",15330,15330,15330,17261,18209,18242,18242,18242
"New Mexico","linear_increase_sd","Past",2020-07-17,"cumulative_deaths",594,594,594,660,688,697,697,697
"New Mexico","return_normal","Past",2020-07-17,"cumulative_deaths",594,594,594,660,688,697,697,697
"New Mexico","status_quo","Past",2020-07-17,"cumulative_deaths",594,594,594,660,688,697,697,697
"New Mexico","linear_increase_sd","Past",2020-07-17,"cumulative_hosps",1721,1721,1721,1933,2029,2049,2049,2049
"New Mexico","return_normal","Past",2020-07-17,"cumulative_hosps",1721,1721,1721,1933,2029,2049,2049,2049
"New Mexico","status_quo","Past",2020-07-17,"cumulative_hosps",1721,1721,1721,1933,2029,2049,2049,2049
"New Mexico","linear_increase_sd","Past",2020-07-17,"daily_all_infections",718,718,718,808,819,886,886,886
"New Mexico","return_normal","Past",2020-07-17,"daily_all_infections",718,718,718,808,819,886,886,886
"New Mexico","status_quo","Past",2020-07-17,"daily_all_infections",718,718,718,808,819,886,886,886
"New Mexico","linear_increase_sd","Past",2020-07-17,"daily_cases",247,247,247,287,287,327,327,327
"New Mexico","return_normal","Past",2020-07-17,"daily_cases",247,247,247,287,287,327,327,327
"New Mexico","status_quo","Past",2020-07-17,"daily_cases",247,247,247,287,287,327,327,327
"New Mexico","linear_increase_sd","Past",2020-07-17,"daily_deaths",5,5,5,6,6,7,7,7
"New Mexico","return_normal","Past",2020-07-17,"daily_deaths",5,5,5,6,6,7,7,7
"New Mexico","status_quo","Past",2020-07-17,"daily_deaths",5,5,5,6,6,7,7,7
"New Mexico","linear_increase_sd","Past",2020-07-17,"daily_hosps",31,31,31,35,35,38,38,38
"New Mexico","return_normal","Past",2020-07-17,"daily_hosps",31,31,31,35,35,38,38,38
"New Mexico","status_quo","Past",2020-07-17,"daily_hosps",31,31,31,35,35,38,38,38
"New Mexico","linear_increase_sd","Past",2020-07-17,"latent_trend",NA,NA,NA,0.389579014473702,NA,NA,NA,NA
"New Mexico","return_normal","Past",2020-07-17,"latent_trend",NA,NA,NA,0.389579014473702,NA,NA,NA,NA
"New Mexico","status_quo","Past",2020-07-17,"latent_trend",NA,NA,NA,0.389579014473702,NA,NA,NA,NA
"New Mexico","linear_increase_sd","Past",2020-07-17,"mobility_trend",NA,NA,NA,0.929424371470071,NA,NA,NA,NA
"New Mexico","return_normal","Past",2020-07-17,"mobility_trend",NA,NA,NA,0.929424371470071,NA,NA,NA,NA
"New Mexico","status_quo","Past",2020-07-17,"mobility_trend",NA,NA,NA,0.929424371470071,NA,NA,NA,NA
"New Mexico",NA,"Past",2020-07-18,"actual_cumulative_cases",NA,NA,NA,16456,NA,NA,NA,NA
"New Mexico",NA,"Past",2020-07-18,"actual_cumulative_deaths",NA,NA,NA,564,NA,NA,NA,NA
"New Mexico",NA,"Past",2020-07-18,"actual_daily_cases",NA,NA,NA,318,NA,NA,NA,NA
"New Mexico",NA,"Past",2020-07-18,"actual_daily_deaths",NA,NA,NA,3,NA,NA,NA,NA
"New Mexico","linear_increase_sd","Past",2020-07-18,"combined_trend",NA,NA,NA,0.382438622677627,NA,NA,NA,NA
"New Mexico","return_normal","Past",2020-07-18,"combined_trend",NA,NA,NA,0.382438622677627,NA,NA,NA,NA
"New Mexico","status_quo","Past",2020-07-18,"combined_trend",NA,NA,NA,0.382438622677627,NA,NA,NA,NA
"New Mexico","linear_increase_sd","Past",2020-07-18,"cumulative_all_infections",53603,53603,53603,60050,62197,64349,64349,64349
"New Mexico","return_normal","Past",2020-07-18,"cumulative_all_infections",53603,53603,53603,60050,62197,64349,64349,64349
"New Mexico","status_quo","Past",2020-07-18,"cumulative_all_infections",53603,53603,53603,60050,62197,64349,64349,64349
"New Mexico","linear_increase_sd","Past",2020-07-18,"cumulative_cases",15614,15614,15614,17549,18482,18549,18549,18549
"New Mexico","return_normal","Past",2020-07-18,"cumulative_cases",15614,15614,15614,17549,18482,18549,18549,18549
"New Mexico","status_quo","Past",2020-07-18,"cumulative_cases",15614,15614,15614,17549,18482,18549,18549,18549
"New Mexico","linear_increase_sd","Past",2020-07-18,"cumulative_deaths",599,599,599,666,695,704,704,704
"New Mexico","return_normal","Past",2020-07-18,"cumulative_deaths",599,599,599,666,695,704,704,704
"New Mexico","status_quo","Past",2020-07-18,"cumulative_deaths",599,599,599,666,695,704,704,704
"New Mexico","linear_increase_sd","Past",2020-07-18,"cumulative_hosps",1752,1752,1752,1968,2064,2086,2086,2086
"New Mexico","return_normal","Past",2020-07-18,"cumulative_hosps",1752,1752,1752,1968,2064,2086,2086,2086
"New Mexico","status_quo","Past",2020-07-18,"cumulative_hosps",1752,1752,1752,1968,2064,2086,2086,2086
"New Mexico","linear_increase_sd","Past",2020-07-18,"daily_all_infections",793,793,793,837,851,867,867,867
"New Mexico","return_normal","Past",2020-07-18,"daily_all_infections",793,793,793,837,851,867,867,867
"New Mexico","status_quo","Past",2020-07-18,"daily_all_infections",793,793,793,837,851,867,867,867
"New Mexico","linear_increase_sd","Past",2020-07-18,"daily_cases",240,240,240,288,284,340,340,340
"New Mexico","return_normal","Past",2020-07-18,"daily_cases",240,240,240,288,284,340,340,340
"New Mexico","status_quo","Past",2020-07-18,"daily_cases",240,240,240,288,284,340,340,340
"New Mexico","linear_increase_sd","Past",2020-07-18,"daily_deaths",5,5,5,7,7,7,7,7
"New Mexico","return_normal","Past",2020-07-18,"daily_deaths",5,5,5,7,7,7,7,7
"New Mexico","status_quo","Past",2020-07-18,"daily_deaths",5,5,5,7,7,7,7,7
"New Mexico","linear_increase_sd","Past",2020-07-18,"daily_hosps",31,31,31,35,35,37,37,37
"New Mexico","return_normal","Past",2020-07-18,"daily_hosps",31,31,31,35,35,37,37,37
"New Mexico","status_quo","Past",2020-07-18,"daily_hosps",31,31,31,35,35,37,37,37
"New Mexico","linear_increase_sd","Past",2020-07-18,"latent_trend",NA,NA,NA,0.41147901262017,NA,NA,NA,NA
"New Mexico","return_normal","Past",2020-07-18,"latent_trend",NA,NA,NA,0.41147901262017,NA,NA,NA,NA
"New Mexico","status_quo","Past",2020-07-18,"latent_trend",NA,NA,NA,0.41147901262017,NA,NA,NA,NA
"New Mexico","linear_increase_sd","Past",2020-07-18,"mobility_trend",NA,NA,NA,0.929424371470071,NA,NA,NA,NA
"New Mexico","return_normal","Past",2020-07-18,"mobility_trend",NA,NA,NA,0.929424371470071,NA,NA,NA,NA
"New Mexico","status_quo","Past",2020-07-18,"mobility_trend",NA,NA,NA,0.929424371470071,NA,NA,NA,NA
"New Mexico",NA,"Past",2020-07-19,"actual_cumulative_cases",NA,NA,NA,16736,NA,NA,NA,NA
"New Mexico",NA,"Past",2020-07-19,"actual_cumulative_deaths",NA,NA,NA,568,NA,NA,NA,NA
"New Mexico",NA,"Past",2020-07-19,"actual_daily_cases",NA,NA,NA,280,NA,NA,NA,NA
"New Mexico",NA,"Past",2020-07-19,"actual_daily_deaths",NA,NA,NA,4,NA,NA,NA,NA
"New Mexico","linear_increase_sd","Past",2020-07-19,"combined_trend",NA,NA,NA,0.40745258555244,NA,NA,NA,NA
"New Mexico","return_normal","Past",2020-07-19,"combined_trend",NA,NA,NA,0.40745258555244,NA,NA,NA,NA
"New Mexico","status_quo","Past",2020-07-19,"combined_trend",NA,NA,NA,0.40745258555244,NA,NA,NA,NA
"New Mexico","linear_increase_sd","Past",2020-07-19,"cumulative_all_infections",54505,54505,54505,60934,63098,65197,65197,65197
"New Mexico","return_normal","Past",2020-07-19,"cumulative_all_infections",54505,54505,54505,60934,63098,65197,65197,65197
"New Mexico","status_quo","Past",2020-07-19,"cumulative_all_infections",54505,54505,54505,60934,63098,65197,65197,65197
"New Mexico","linear_increase_sd","Past",2020-07-19,"cumulative_cases",15850,15850,15850,17815,18709,18884,18884,18884
"New Mexico","return_normal","Past",2020-07-19,"cumulative_cases",15850,15850,15850,17815,18709,18884,18884,18884
"New Mexico","status_quo","Past",2020-07-19,"cumulative_cases",15850,15850,15850,17815,18709,18884,18884,18884
"New Mexico","linear_increase_sd","Past",2020-07-19,"cumulative_deaths",604,604,604,672,701,711,711,711
"New Mexico","return_normal","Past",2020-07-19,"cumulative_deaths",604,604,604,672,701,711,711,711
"New Mexico","status_quo","Past",2020-07-19,"cumulative_deaths",604,604,604,672,701,711,711,711
"New Mexico","linear_increase_sd","Past",2020-07-19,"cumulative_hosps",1783,1783,1783,2002,2098,2123,2123,2123
"New Mexico","return_normal","Past",2020-07-19,"cumulative_hosps",1783,1783,1783,2002,2098,2123,2123,2123
"New Mexico","status_quo","Past",2020-07-19,"cumulative_hosps",1783,1783,1783,2002,2098,2123,2123,2123
"New Mexico","linear_increase_sd","Past",2020-07-19,"daily_all_infections",848,848,848,884,901,902,902,902
"New Mexico","return_normal","Past",2020-07-19,"daily_all_infections",848,848,848,884,901,902,902,902
"New Mexico","status_quo","Past",2020-07-19,"daily_all_infections",848,848,848,884,901,902,902,902
"New Mexico","linear_increase_sd","Past",2020-07-19,"daily_cases",227,227,227,266,236,335,335,335
"New Mexico","return_normal","Past",2020-07-19,"daily_cases",227,227,227,266,236,335,335,335
"New Mexico","status_quo","Past",2020-07-19,"daily_cases",227,227,227,266,236,335,335,335
"New Mexico","linear_increase_sd","Past",2020-07-19,"daily_deaths",5,5,5,6,6,7,7,7
"New Mexico","return_normal","Past",2020-07-19,"daily_deaths",5,5,5,6,6,7,7,7
"New Mexico","status_quo","Past",2020-07-19,"daily_deaths",5,5,5,6,6,7,7,7
"New Mexico","linear_increase_sd","Past",2020-07-19,"daily_hosps",31,31,31,34,34,37,37,37
"New Mexico","return_normal","Past",2020-07-19,"daily_hosps",31,31,31,34,34,37,37,37
"New Mexico","status_quo","Past",2020-07-19,"daily_hosps",31,31,31,34,34,37,37,37
"New Mexico","linear_increase_sd","Past",2020-07-19,"latent_trend",NA,NA,NA,0.43839240508399,NA,NA,NA,NA
"New Mexico","return_normal","Past",2020-07-19,"latent_trend",NA,NA,NA,0.43839240508399,NA,NA,NA,NA
"New Mexico","status_quo","Past",2020-07-19,"latent_trend",NA,NA,NA,0.43839240508399,NA,NA,NA,NA
"New Mexico","linear_increase_sd","Past",2020-07-19,"mobility_trend",NA,NA,NA,0.929424371470071,NA,NA,NA,NA
"New Mexico","return_normal","Past",2020-07-19,"mobility_trend",NA,NA,NA,0.929424371470071,NA,NA,NA,NA
"New Mexico","status_quo","Past",2020-07-19,"mobility_trend",NA,NA,NA,0.929424371470071,NA,NA,NA,NA
"New Mexico",NA,"Past",2020-07-20,"actual_cumulative_cases",NA,NA,NA,16971,NA,NA,NA,NA
"New Mexico",NA,"Past",2020-07-20,"actual_cumulative_deaths",NA,NA,NA,570,NA,NA,NA,NA
"New Mexico",NA,"Past",2020-07-20,"actual_daily_cases",NA,NA,NA,235,NA,NA,NA,NA
"New Mexico",NA,"Past",2020-07-20,"actual_daily_deaths",NA,NA,NA,2,NA,NA,NA,NA
"New Mexico","linear_increase_sd","Past",2020-07-20,"combined_trend",NA,NA,NA,0.436185221702704,NA,NA,NA,NA
"New Mexico","return_normal","Past",2020-07-20,"combined_trend",NA,NA,NA,0.436185221702704,NA,NA,NA,NA
"New Mexico","status_quo","Past",2020-07-20,"combined_trend",NA,NA,NA,0.436185221702704,NA,NA,NA,NA
"New Mexico","linear_increase_sd","Past",2020-07-20,"cumulative_all_infections",55459,55459,55459,61887,64141,66060,66060,66060
"New Mexico","return_normal","Past",2020-07-20,"cumulative_all_infections",55459,55459,55459,61887,64141,66060,66060,66060
"New Mexico","status_quo","Past",2020-07-20,"cumulative_all_infections",55459,55459,55459,61887,64141,66060,66060,66060
"New Mexico","linear_increase_sd","Past",2020-07-20,"cumulative_cases",16109,16109,16109,18090,18953,19206,19206,19206
"New Mexico","return_normal","Past",2020-07-20,"cumulative_cases",16109,16109,16109,18090,18953,19206,19206,19206
"New Mexico","status_quo","Past",2020-07-20,"cumulative_cases",16109,16109,16109,18090,18953,19206,19206,19206
"New Mexico","linear_increase_sd","Past",2020-07-20,"cumulative_deaths",610,610,610,679,707,719,719,719
"New Mexico","return_normal","Past",2020-07-20,"cumulative_deaths",610,610,610,679,707,719,719,719
"New Mexico","status_quo","Past",2020-07-20,"cumulative_deaths",610,610,610,679,707,719,719,719
"New Mexico","linear_increase_sd","Past",2020-07-20,"cumulative_hosps",1815,1815,1815,2036,2132,2161,2161,2161
"New Mexico","return_normal","Past",2020-07-20,"cumulative_hosps",1815,1815,1815,2036,2132,2161,2161,2161
"New Mexico","status_quo","Past",2020-07-20,"cumulative_hosps",1815,1815,1815,2036,2132,2161,2161,2161
"New Mexico","linear_increase_sd","Past",2020-07-20,"daily_all_infections",863,863,863,954,954,1043,1043,1043
"New Mexico","return_normal","Past",2020-07-20,"daily_all_infections",863,863,863,954,954,1043,1043,1043
"New Mexico","status_quo","Past",2020-07-20,"daily_all_infections",863,863,863,954,954,1043,1043,1043
"New Mexico","linear_increase_sd","Past",2020-07-20,"daily_cases",244,244,244,275,259,322,322,322
"New Mexico","return_normal","Past",2020-07-20,"daily_cases",244,244,244,275,259,322,322,322
"New Mexico","status_quo","Past",2020-07-20,"daily_cases",244,244,244,275,259,322,322,322
"New Mexico","linear_increase_sd","Past",2020-07-20,"daily_deaths",6,6,6,7,6,8,8,8
"New Mexico","return_normal","Past",2020-07-20,"daily_deaths",6,6,6,7,6,8,8,8
"New Mexico","status_quo","Past",2020-07-20,"daily_deaths",6,6,6,7,6,8,8,8
"New Mexico","linear_increase_sd","Past",2020-07-20,"daily_hosps",32,32,32,35,34,38,38,38
"New Mexico","return_normal","Past",2020-07-20,"daily_hosps",32,32,32,35,34,38,38,38
"New Mexico","status_quo","Past",2020-07-20,"daily_hosps",32,32,32,35,34,38,38,38
"New Mexico","linear_increase_sd","Past",2020-07-20,"latent_trend",NA,NA,NA,0.46930684743374,NA,NA,NA,NA
"New Mexico","return_normal","Past",2020-07-20,"latent_trend",NA,NA,NA,0.46930684743374,NA,NA,NA,NA
"New Mexico","status_quo","Past",2020-07-20,"latent_trend",NA,NA,NA,0.46930684743374,NA,NA,NA,NA
"New Mexico","linear_increase_sd","Past",2020-07-20,"mobility_trend",NA,NA,NA,0.929424371470071,NA,NA,NA,NA
"New Mexico","return_normal","Past",2020-07-20,"mobility_trend",NA,NA,NA,0.929424371470071,NA,NA,NA,NA
"New Mexico","status_quo","Past",2020-07-20,"mobility_trend",NA,NA,NA,0.929424371470071,NA,NA,NA,NA
"New Mexico",NA,"Past",2020-07-21,"actual_cumulative_cases",NA,NA,NA,17215,NA,NA,NA,NA
"New Mexico",NA,"Past",2020-07-21,"actual_cumulative_deaths",NA,NA,NA,577,NA,NA,NA,NA
"New Mexico",NA,"Past",2020-07-21,"actual_daily_cases",NA,NA,NA,244,NA,NA,NA,NA
"New Mexico",NA,"Past",2020-07-21,"actual_daily_deaths",NA,NA,NA,7,NA,NA,NA,NA
"New Mexico","linear_increase_sd","Past",2020-07-21,"combined_trend",NA,NA,NA,0.467521095313885,NA,NA,NA,NA
"New Mexico","return_normal","Past",2020-07-21,"combined_trend",NA,NA,NA,0.467521095313885,NA,NA,NA,NA
"New Mexico","status_quo","Past",2020-07-21,"combined_trend",NA,NA,NA,0.467521095313885,NA,NA,NA,NA
"New Mexico","linear_increase_sd","Past",2020-07-21,"cumulative_all_infections",56468,56468,56468,62908,65331,66924,66924,66924
"New Mexico","return_normal","Past",2020-07-21,"cumulative_all_infections",56468,56468,56468,62908,65331,66924,66924,66924
"New Mexico","status_quo","Past",2020-07-21,"cumulative_all_infections",56468,56468,56468,62908,65331,66924,66924,66924
"New Mexico","linear_increase_sd","Past",2020-07-21,"cumulative_cases",16379,16379,16379,18366,19190,19527,19527,19527
"New Mexico","return_normal","Past",2020-07-21,"cumulative_cases",16379,16379,16379,18366,19190,19527,19527,19527
"New Mexico","status_quo","Past",2020-07-21,"cumulative_cases",16379,16379,16379,18366,19190,19527,19527,19527
"New Mexico","linear_increase_sd","Past",2020-07-21,"cumulative_deaths",616,616,616,686,713,727,727,727
"New Mexico","return_normal","Past",2020-07-21,"cumulative_deaths",616,616,616,686,713,727,727,727
"New Mexico","status_quo","Past",2020-07-21,"cumulative_deaths",616,616,616,686,713,727,727,727
"New Mexico","linear_increase_sd","Past",2020-07-21,"cumulative_hosps",1847,1847,1847,2071,2165,2199,2199,2199
"New Mexico","return_normal","Past",2020-07-21,"cumulative_hosps",1847,1847,1847,2071,2165,2199,2199,2199
"New Mexico","status_quo","Past",2020-07-21,"cumulative_hosps",1847,1847,1847,2071,2165,2199,2199,2199
"New Mexico","linear_increase_sd","Past",2020-07-21,"daily_all_infections",864,864,864,1021,1009,1190,1190,1190
"New Mexico","return_normal","Past",2020-07-21,"daily_all_infections",864,864,864,1021,1009,1190,1190,1190
"New Mexico","status_quo","Past",2020-07-21,"daily_all_infections",864,864,864,1021,1009,1190,1190,1190
"New Mexico","linear_increase_sd","Past",2020-07-21,"daily_cases",237,237,237,276,270,321,321,321
"New Mexico","return_normal","Past",2020-07-21,"daily_cases",237,237,237,276,270,321,321,321
"New Mexico","status_quo","Past",2020-07-21,"daily_cases",237,237,237,276,270,321,321,321
"New Mexico","linear_increase_sd","Past",2020-07-21,"daily_deaths",6,6,6,7,6,8,8,8
"New Mexico","return_normal","Past",2020-07-21,"daily_deaths",6,6,6,7,6,8,8,8
"New Mexico","status_quo","Past",2020-07-21,"daily_deaths",6,6,6,7,6,8,8,8
"New Mexico","linear_increase_sd","Past",2020-07-21,"daily_hosps",32,32,32,35,33,38,38,38
"New Mexico","return_normal","Past",2020-07-21,"daily_hosps",32,32,32,35,33,38,38,38
"New Mexico","status_quo","Past",2020-07-21,"daily_hosps",32,32,32,35,33,38,38,38
"New Mexico","linear_increase_sd","Past",2020-07-21,"latent_trend",NA,NA,NA,0.503022203489679,NA,NA,NA,NA
"New Mexico","return_normal","Past",2020-07-21,"latent_trend",NA,NA,NA,0.503022203489679,NA,NA,NA,NA
"New Mexico","status_quo","Past",2020-07-21,"latent_trend",NA,NA,NA,0.503022203489679,NA,NA,NA,NA
"New Mexico","linear_increase_sd","Past",2020-07-21,"mobility_trend",NA,NA,NA,0.929424371470071,NA,NA,NA,NA
"New Mexico","return_normal","Past",2020-07-21,"mobility_trend",NA,NA,NA,0.929424371470071,NA,NA,NA,NA
"New Mexico","status_quo","Past",2020-07-21,"mobility_trend",NA,NA,NA,0.929424371470071,NA,NA,NA,NA
"New Mexico",NA,"Past",2020-07-22,"actual_cumulative_cases",NA,NA,NA,17517,NA,NA,NA,NA
"New Mexico",NA,"Past",2020-07-22,"actual_cumulative_deaths",NA,NA,NA,587,NA,NA,NA,NA
"New Mexico",NA,"Past",2020-07-22,"actual_daily_cases",NA,NA,NA,302,NA,NA,NA,NA
"New Mexico",NA,"Past",2020-07-22,"actual_daily_deaths",NA,NA,NA,10,NA,NA,NA,NA
"New Mexico","linear_increase_sd","Past",2020-07-22,"combined_trend",NA,NA,NA,0.500197545096536,NA,NA,NA,NA
"New Mexico","return_normal","Past",2020-07-22,"combined_trend",NA,NA,NA,0.500197545096536,NA,NA,NA,NA
"New Mexico","status_quo","Past",2020-07-22,"combined_trend",NA,NA,NA,0.500197545096536,NA,NA,NA,NA
"New Mexico","linear_increase_sd","Past",2020-07-22,"cumulative_all_infections",57537,57537,57537,64014,66702,67802,67802,67802
"New Mexico","return_normal","Past",2020-07-22,"cumulative_all_infections",57537,57537,57537,64014,66702,67802,67802,67802
"New Mexico","status_quo","Past",2020-07-22,"cumulative_all_infections",57537,57537,57537,64014,66702,67802,67802,67802
"New Mexico","linear_increase_sd","Past",2020-07-22,"cumulative_cases",16655,16655,16655,18660,19453,19872,19872,19872
"New Mexico","return_normal","Past",2020-07-22,"cumulative_cases",16655,16655,16655,18660,19453,19872,19872,19872
"New Mexico","status_quo","Past",2020-07-22,"cumulative_cases",16655,16655,16655,18660,19453,19872,19872,19872
"New Mexico","linear_increase_sd","Past",2020-07-22,"cumulative_deaths",622,622,622,693,720,735,735,735
"New Mexico","return_normal","Past",2020-07-22,"cumulative_deaths",622,622,622,693,720,735,735,735
"New Mexico","status_quo","Past",2020-07-22,"cumulative_deaths",622,622,622,693,720,735,735,735
"New Mexico","linear_increase_sd","Past",2020-07-22,"cumulative_hosps",1879,1879,1879,2105,2197,2237,2237,2237
"New Mexico","return_normal","Past",2020-07-22,"cumulative_hosps",1879,1879,1879,2105,2197,2237,2237,2237
"New Mexico","status_quo","Past",2020-07-22,"cumulative_hosps",1879,1879,1879,2105,2197,2237,2237,2237
"New Mexico","linear_increase_sd","Past",2020-07-22,"daily_all_infections",878,878,878,1106,1069,1371,1371,1371
"New Mexico","return_normal","Past",2020-07-22,"daily_all_infections",878,878,878,1106,1069,1371,1371,1371
"New Mexico","status_quo","Past",2020-07-22,"daily_all_infections",878,878,878,1106,1069,1371,1371,1371
"New Mexico","linear_increase_sd","Past",2020-07-22,"daily_cases",263,263,263,295,276,345,345,345
"New Mexico","return_normal","Past",2020-07-22,"daily_cases",263,263,263,295,276,345,345,345
"New Mexico","status_quo","Past",2020-07-22,"daily_cases",263,263,263,295,276,345,345,345
"New Mexico","linear_increase_sd","Past",2020-07-22,"daily_deaths",6,6,6,7,7,8,8,8
"New Mexico","return_normal","Past",2020-07-22,"daily_deaths",6,6,6,7,7,8,8,8
"New Mexico","status_quo","Past",2020-07-22,"daily_deaths",6,6,6,7,7,8,8,8
"New Mexico","linear_increase_sd","Past",2020-07-22,"daily_hosps",32,32,32,34,32,38,38,38
"New Mexico","return_normal","Past",2020-07-22,"daily_hosps",32,32,32,34,32,38,38,38
"New Mexico","status_quo","Past",2020-07-22,"daily_hosps",32,32,32,34,32,38,38,38
"New Mexico","linear_increase_sd","Past",2020-07-22,"latent_trend",NA,NA,NA,0.538179932064159,NA,NA,NA,NA
"New Mexico","return_normal","Past",2020-07-22,"latent_trend",NA,NA,NA,0.538179932064159,NA,NA,NA,NA
"New Mexico","status_quo","Past",2020-07-22,"latent_trend",NA,NA,NA,0.538179932064159,NA,NA,NA,NA
"New Mexico","linear_increase_sd","Past",2020-07-22,"mobility_trend",NA,NA,NA,0.929424371470071,NA,NA,NA,NA
"New Mexico","return_normal","Past",2020-07-22,"mobility_trend",NA,NA,NA,0.929424371470071,NA,NA,NA,NA
"New Mexico","status_quo","Past",2020-07-22,"mobility_trend",NA,NA,NA,0.929424371470071,NA,NA,NA,NA
"New Mexico",NA,"Past",2020-07-23,"actual_cumulative_cases",NA,NA,NA,17828,NA,NA,NA,NA
"New Mexico",NA,"Past",2020-07-23,"actual_cumulative_deaths",NA,NA,NA,590,NA,NA,NA,NA
"New Mexico",NA,"Past",2020-07-23,"actual_daily_cases",NA,NA,NA,311,NA,NA,NA,NA
"New Mexico",NA,"Past",2020-07-23,"actual_daily_deaths",NA,NA,NA,3,NA,NA,NA,NA
"New Mexico","linear_increase_sd","Past",2020-07-23,"combined_trend",NA,NA,NA,0.532881951203676,NA,NA,NA,NA
"New Mexico","return_normal","Past",2020-07-23,"combined_trend",NA,NA,NA,0.532881951203676,NA,NA,NA,NA
"New Mexico","status_quo","Past",2020-07-23,"combined_trend",NA,NA,NA,0.532881951203676,NA,NA,NA,NA
"New Mexico","linear_increase_sd","Past",2020-07-23,"cumulative_all_infections",58651,58651,58651,65217,68281,68718,68718,68718
"New Mexico","return_normal","Past",2020-07-23,"cumulative_all_infections",58651,58651,58651,65217,68281,68718,68718,68718
"New Mexico","status_quo","Past",2020-07-23,"cumulative_all_infections",58651,58651,58651,65217,68281,68718,68718,68718
"New Mexico","linear_increase_sd","Past",2020-07-23,"cumulative_cases",16949,16949,16949,18964,19735,20206,20206,20206
"New Mexico","return_normal","Past",2020-07-23,"cumulative_cases",16949,16949,16949,18964,19735,20206,20206,20206
"New Mexico","status_quo","Past",2020-07-23,"cumulative_cases",16949,16949,16949,18964,19735,20206,20206,20206
"New Mexico","linear_increase_sd","Past",2020-07-23,"cumulative_deaths",628,628,628,699,727,742,742,742
"New Mexico","return_normal","Past",2020-07-23,"cumulative_deaths",628,628,628,699,727,742,742,742
"New Mexico","status_quo","Past",2020-07-23,"cumulative_deaths",628,628,628,699,727,742,742,742
"New Mexico","linear_increase_sd","Past",2020-07-23,"cumulative_hosps",1911,1911,1911,2138,2228,2275,2275,2275
"New Mexico","return_normal","Past",2020-07-23,"cumulative_hosps",1911,1911,1911,2138,2228,2275,2275,2275
"New Mexico","status_quo","Past",2020-07-23,"cumulative_hosps",1911,1911,1911,2138,2228,2275,2275,2275
"New Mexico","linear_increase_sd","Past",2020-07-23,"daily_all_infections",916,916,916,1203,1114,1579,1579,1579
"New Mexico","return_normal","Past",2020-07-23,"daily_all_infections",916,916,916,1203,1114,1579,1579,1579
"New Mexico","status_quo","Past",2020-07-23,"daily_all_infections",916,916,916,1203,1114,1579,1579,1579
"New Mexico","linear_increase_sd","Past",2020-07-23,"daily_cases",282,282,282,304,294,334,334,334
"New Mexico","return_normal","Past",2020-07-23,"daily_cases",282,282,282,304,294,334,334,334
"New Mexico","status_quo","Past",2020-07-23,"daily_cases",282,282,282,304,294,334,334,334
"New Mexico","linear_increase_sd","Past",2020-07-23,"daily_deaths",6,6,6,7,7,7,7,7
"New Mexico","return_normal","Past",2020-07-23,"daily_deaths",6,6,6,7,7,7,7,7
"New Mexico","status_quo","Past",2020-07-23,"daily_deaths",6,6,6,7,7,7,7,7
"New Mexico","linear_increase_sd","Past",2020-07-23,"daily_hosps",31,31,31,34,32,38,38,38
"New Mexico","return_normal","Past",2020-07-23,"daily_hosps",31,31,31,34,32,38,38,38
"New Mexico","status_quo","Past",2020-07-23,"daily_hosps",31,31,31,34,32,38,38,38
"New Mexico","linear_increase_sd","Past",2020-07-23,"latent_trend",NA,NA,NA,0.57334622112482,NA,NA,NA,NA
"New Mexico","return_normal","Past",2020-07-23,"latent_trend",NA,NA,NA,0.57334622112482,NA,NA,NA,NA
"New Mexico","status_quo","Past",2020-07-23,"latent_trend",NA,NA,NA,0.57334622112482,NA,NA,NA,NA
"New Mexico","linear_increase_sd","Past",2020-07-23,"mobility_trend",NA,NA,NA,0.929424371470071,NA,NA,NA,NA
"New Mexico","return_normal","Past",2020-07-23,"mobility_trend",NA,NA,NA,0.929424371470071,NA,NA,NA,NA
"New Mexico","status_quo","Past",2020-07-23,"mobility_trend",NA,NA,NA,0.929424371470071,NA,NA,NA,NA
"New Mexico",NA,"Past",2020-07-24,"actual_cumulative_cases",NA,NA,NA,18163,NA,NA,NA,NA
"New Mexico",NA,"Past",2020-07-24,"actual_cumulative_deaths",NA,NA,NA,595,NA,NA,NA,NA
"New Mexico",NA,"Past",2020-07-24,"actual_daily_cases",NA,NA,NA,335,NA,NA,NA,NA
"New Mexico",NA,"Past",2020-07-24,"actual_daily_deaths",NA,NA,NA,5,NA,NA,NA,NA
"New Mexico","linear_increase_sd","Past",2020-07-24,"combined_trend",NA,NA,NA,0.564277173145066,NA,NA,NA,NA
"New Mexico","return_normal","Past",2020-07-24,"combined_trend",NA,NA,NA,0.564277173145066,NA,NA,NA,NA
"New Mexico","status_quo","Past",2020-07-24,"combined_trend",NA,NA,NA,0.564277173145066,NA,NA,NA,NA
"New Mexico","linear_increase_sd","Past",2020-07-24,"cumulative_all_infections",59805,59805,59805,66532,69692,70098,70098,70098
"New Mexico","return_normal","Past",2020-07-24,"cumulative_all_infections",59805,59805,59805,66532,69692,70098,70098,70098
"New Mexico","status_quo","Past",2020-07-24,"cumulative_all_infections",59805,59805,59805,66532,69692,70098,70098,70098
"New Mexico","linear_increase_sd","Past",2020-07-24,"cumulative_cases",17275,17275,17275,19290,20067,20526,20526,20526
"New Mexico","return_normal","Past",2020-07-24,"cumulative_cases",17275,17275,17275,19290,20067,20526,20526,20526
"New Mexico","status_quo","Past",2020-07-24,"cumulative_cases",17275,17275,17275,19290,20067,20526,20526,20526
"New Mexico","linear_increase_sd","Past",2020-07-24,"cumulative_deaths",634,634,634,706,733,749,749,749
"New Mexico","return_normal","Past",2020-07-24,"cumulative_deaths",634,634,634,706,733,749,749,749
"New Mexico","status_quo","Past",2020-07-24,"cumulative_deaths",634,634,634,706,733,749,749,749
"New Mexico","linear_increase_sd","Past",2020-07-24,"cumulative_hosps",1943,1943,1943,2172,2258,2315,2315,2315
"New Mexico","return_normal","Past",2020-07-24,"cumulative_hosps",1943,1943,1943,2172,2258,2315,2315,2315
"New Mexico","status_quo","Past",2020-07-24,"cumulative_hosps",1943,1943,1943,2172,2258,2315,2315,2315
"New Mexico","linear_increase_sd","Past",2020-07-24,"daily_all_infections",974,974,974,1315,1154,1817,1817,1817
"New Mexico","return_normal","Past",2020-07-24,"daily_all_infections",974,974,974,1315,1154,1817,1817,1817
"New Mexico","status_quo","Past",2020-07-24,"daily_all_infections",974,974,974,1315,1154,1817,1817,1817
"New Mexico","linear_increase_sd","Past",2020-07-24,"daily_cases",320,320,320,326,326,332,332,332
"New Mexico","return_normal","Past",2020-07-24,"daily_cases",320,320,320,326,326,332,332,332
"New Mexico","status_quo","Past",2020-07-24,"daily_cases",320,320,320,326,326,332,332,332
"New Mexico","linear_increase_sd","Past",2020-07-24,"daily_deaths",6,6,6,7,6,7,7,7
"New Mexico","return_normal","Past",2020-07-24,"daily_deaths",6,6,6,7,6,7,7,7
"New Mexico","status_quo","Past",2020-07-24,"daily_deaths",6,6,6,7,6,7,7,7
"New Mexico","linear_increase_sd","Past",2020-07-24,"daily_hosps",30,30,30,34,32,40,40,40
"New Mexico","return_normal","Past",2020-07-24,"daily_hosps",30,30,30,34,32,40,40,40
"New Mexico","status_quo","Past",2020-07-24,"daily_hosps",30,30,30,34,32,40,40,40
"New Mexico","linear_increase_sd","Past",2020-07-24,"latent_trend",NA,NA,NA,0.607125432112942,NA,NA,NA,NA
"New Mexico","return_normal","Past",2020-07-24,"latent_trend",NA,NA,NA,0.607125432112942,NA,NA,NA,NA
"New Mexico","status_quo","Past",2020-07-24,"latent_trend",NA,NA,NA,0.607125432112942,NA,NA,NA,NA
"New Mexico","linear_increase_sd","Past",2020-07-24,"mobility_trend",NA,NA,NA,0.929424371470071,NA,NA,NA,NA
"New Mexico","return_normal","Past",2020-07-24,"mobility_trend",NA,NA,NA,0.929424371470071,NA,NA,NA,NA
"New Mexico","status_quo","Past",2020-07-24,"mobility_trend",NA,NA,NA,0.929424371470071,NA,NA,NA,NA
"New Mexico",NA,"Past",2020-07-25,"actual_cumulative_cases",NA,NA,NA,18475,NA,NA,NA,NA
"New Mexico",NA,"Past",2020-07-25,"actual_cumulative_deaths",NA,NA,NA,600,NA,NA,NA,NA
"New Mexico",NA,"Past",2020-07-25,"actual_daily_cases",NA,NA,NA,312,NA,NA,NA,NA
"New Mexico",NA,"Past",2020-07-25,"actual_daily_deaths",NA,NA,NA,5,NA,NA,NA,NA
"New Mexico","linear_increase_sd","Past",2020-07-25,"combined_trend",NA,NA,NA,0.593223007386982,NA,NA,NA,NA
"New Mexico","return_normal","Past",2020-07-25,"combined_trend",NA,NA,NA,0.593223007386982,NA,NA,NA,NA
"New Mexico","status_quo","Past",2020-07-25,"combined_trend",NA,NA,NA,0.593223007386982,NA,NA,NA,NA
"New Mexico","linear_increase_sd","Past",2020-07-25,"cumulative_all_infections",60990,60990,60990,67978,70766,72177,72177,72177
"New Mexico","return_normal","Past",2020-07-25,"cumulative_all_infections",60990,60990,60990,67978,70766,72177,72177,72177
"New Mexico","status_quo","Past",2020-07-25,"cumulative_all_infections",60990,60990,60990,67978,70766,72177,72177,72177
"New Mexico","linear_increase_sd","Past",2020-07-25,"cumulative_cases",17622,17622,17622,19628,20427,20835,20835,20835
"New Mexico","return_normal","Past",2020-07-25,"cumulative_cases",17622,17622,17622,19628,20427,20835,20835,20835
"New Mexico","status_quo","Past",2020-07-25,"cumulative_cases",17622,17622,17622,19628,20427,20835,20835,20835
"New Mexico","linear_increase_sd","Past",2020-07-25,"cumulative_deaths",640,640,640,712,740,756,756,756
"New Mexico","return_normal","Past",2020-07-25,"cumulative_deaths",640,640,640,712,740,756,756,756
"New Mexico","status_quo","Past",2020-07-25,"cumulative_deaths",640,640,640,712,740,756,756,756
"New Mexico","linear_increase_sd","Past",2020-07-25,"cumulative_hosps",1977,1977,1977,2206,2288,2353,2353,2353
"New Mexico","return_normal","Past",2020-07-25,"cumulative_hosps",1977,1977,1977,2206,2288,2353,2353,2353
"New Mexico","status_quo","Past",2020-07-25,"cumulative_hosps",1977,1977,1977,2206,2288,2353,2353,2353
"New Mexico","linear_increase_sd","Past",2020-07-25,"daily_all_infections",1074,1074,1074,1446,1185,2079,2079,2079
"New Mexico","return_normal","Past",2020-07-25,"daily_all_infections",1074,1074,1074,1446,1185,2079,2079,2079
"New Mexico","status_quo","Past",2020-07-25,"daily_all_infections",1074,1074,1074,1446,1185,2079,2079,2079
"New Mexico","linear_increase_sd","Past",2020-07-25,"daily_cases",309,309,309,339,347,360,360,360
"New Mexico","return_normal","Past",2020-07-25,"daily_cases",309,309,309,339,347,360,360,360
"New Mexico","status_quo","Past",2020-07-25,"daily_cases",309,309,309,339,347,360,360,360
"New Mexico","linear_increase_sd","Past",2020-07-25,"daily_deaths",6,6,6,7,7,7,7,7
"New Mexico","return_normal","Past",2020-07-25,"daily_deaths",6,6,6,7,7,7,7,7
"New Mexico","status_quo","Past",2020-07-25,"daily_deaths",6,6,6,7,7,7,7,7
"New Mexico","linear_increase_sd","Past",2020-07-25,"daily_hosps",30,30,30,34,34,38,38,38
"New Mexico","return_normal","Past",2020-07-25,"daily_hosps",30,30,30,34,34,38,38,38
"New Mexico","status_quo","Past",2020-07-25,"daily_hosps",30,30,30,34,34,38,38,38
"New Mexico","linear_increase_sd","Past",2020-07-25,"latent_trend",NA,NA,NA,0.638269261703006,NA,NA,NA,NA
"New Mexico","return_normal","Past",2020-07-25,"latent_trend",NA,NA,NA,0.638269261703006,NA,NA,NA,NA
"New Mexico","status_quo","Past",2020-07-25,"latent_trend",NA,NA,NA,0.638269261703006,NA,NA,NA,NA
"New Mexico","linear_increase_sd","Past",2020-07-25,"mobility_trend",NA,NA,NA,0.929424371470071,NA,NA,NA,NA
"New Mexico","return_normal","Past",2020-07-25,"mobility_trend",NA,NA,NA,0.929424371470071,NA,NA,NA,NA
"New Mexico","status_quo","Past",2020-07-25,"mobility_trend",NA,NA,NA,0.929424371470071,NA,NA,NA,NA
"New Mexico",NA,"Past",2020-07-26,"actual_cumulative_cases",NA,NA,NA,18788,NA,NA,NA,NA
"New Mexico",NA,"Past",2020-07-26,"actual_cumulative_deaths",NA,NA,NA,606,NA,NA,NA,NA
"New Mexico",NA,"Past",2020-07-26,"actual_daily_cases",NA,NA,NA,313,NA,NA,NA,NA
"New Mexico",NA,"Past",2020-07-26,"actual_daily_deaths",NA,NA,NA,6,NA,NA,NA,NA
"New Mexico","linear_increase_sd","Past",2020-07-26,"combined_trend",NA,NA,NA,0.618763312675531,NA,NA,NA,NA
"New Mexico","return_normal","Past",2020-07-26,"combined_trend",NA,NA,NA,0.618763312675531,NA,NA,NA,NA
"New Mexico","status_quo","Past",2020-07-26,"combined_trend",NA,NA,NA,0.618763312675531,NA,NA,NA,NA
"New Mexico","linear_increase_sd","Past",2020-07-26,"cumulative_all_infections",62182,62182,62182,69580,71983,74574,74574,74574
"New Mexico","return_normal","Past",2020-07-26,"cumulative_all_infections",62182,62182,62182,69580,71983,74574,74574,74574
"New Mexico","status_quo","Past",2020-07-26,"cumulative_all_infections",62182,62182,62182,69580,71983,74574,74574,74574
"New Mexico","linear_increase_sd","Past",2020-07-26,"cumulative_cases",18001,18001,18001,20006,20862,21154,21154,21154
"New Mexico","return_normal","Past",2020-07-26,"cumulative_cases",18001,18001,18001,20006,20862,21154,21154,21154
"New Mexico","status_quo","Past",2020-07-26,"cumulative_cases",18001,18001,18001,20006,20862,21154,21154,21154
"New Mexico","linear_increase_sd","Past",2020-07-26,"cumulative_deaths",646,646,646,719,747,763,763,763
"New Mexico","return_normal","Past",2020-07-26,"cumulative_deaths",646,646,646,719,747,763,763,763
"New Mexico","status_quo","Past",2020-07-26,"cumulative_deaths",646,646,646,719,747,763,763,763
"New Mexico","linear_increase_sd","Past",2020-07-26,"cumulative_hosps",2011,2011,2011,2241,2320,2391,2391,2391
"New Mexico","return_normal","Past",2020-07-26,"cumulative_hosps",2011,2011,2011,2241,2320,2391,2391,2391
"New Mexico","status_quo","Past",2020-07-26,"cumulative_hosps",2011,2011,2011,2241,2320,2391,2391,2391
"New Mexico","linear_increase_sd","Past",2020-07-26,"daily_all_infections",1192,1192,1192,1602,1217,2397,2397,2397
"New Mexico","return_normal","Past",2020-07-26,"daily_all_infections",1192,1192,1192,1602,1217,2397,2397,2397
"New Mexico","status_quo","Past",2020-07-26,"daily_all_infections",1192,1192,1192,1602,1217,2397,2397,2397
"New Mexico","linear_increase_sd","Past",2020-07-26,"daily_cases",319,319,319,378,379,435,435,435
"New Mexico","return_normal","Past",2020-07-26,"daily_cases",319,319,319,378,379,435,435,435
"New Mexico","status_quo","Past",2020-07-26,"daily_cases",319,319,319,378,379,435,435,435
"New Mexico","linear_increase_sd","Past",2020-07-26,"daily_deaths",6,6,6,7,7,7,7,7
"New Mexico","return_normal","Past",2020-07-26,"daily_deaths",6,6,6,7,7,7,7,7
"New Mexico","status_quo","Past",2020-07-26,"daily_deaths",6,6,6,7,7,7,7,7
"New Mexico","linear_increase_sd","Past",2020-07-26,"daily_hosps",32,32,32,35,34,38,38,38
"New Mexico","return_normal","Past",2020-07-26,"daily_hosps",32,32,32,35,34,38,38,38
"New Mexico","status_quo","Past",2020-07-26,"daily_hosps",32,32,32,35,34,38,38,38
"New Mexico","linear_increase_sd","Past",2020-07-26,"latent_trend",NA,NA,NA,0.66574896427219,NA,NA,NA,NA
"New Mexico","return_normal","Past",2020-07-26,"latent_trend",NA,NA,NA,0.66574896427219,NA,NA,NA,NA
"New Mexico","status_quo","Past",2020-07-26,"latent_trend",NA,NA,NA,0.66574896427219,NA,NA,NA,NA
"New Mexico","linear_increase_sd","Past",2020-07-26,"mobility_trend",NA,NA,NA,0.929424371470071,NA,NA,NA,NA
"New Mexico","return_normal","Past",2020-07-26,"mobility_trend",NA,NA,NA,0.929424371470071,NA,NA,NA,NA
"New Mexico","status_quo","Past",2020-07-26,"mobility_trend",NA,NA,NA,0.929424371470071,NA,NA,NA,NA
"New Mexico",NA,"Past",2020-07-27,"actual_cumulative_cases",NA,NA,NA,19042,NA,NA,NA,NA
"New Mexico",NA,"Past",2020-07-27,"actual_cumulative_deaths",NA,NA,NA,613,NA,NA,NA,NA
"New Mexico",NA,"Past",2020-07-27,"actual_daily_cases",NA,NA,NA,254,NA,NA,NA,NA
"New Mexico",NA,"Past",2020-07-27,"actual_daily_deaths",NA,NA,NA,7,NA,NA,NA,NA
"New Mexico","linear_increase_sd","Past",2020-07-27,"combined_trend",NA,NA,NA,0.640161353808074,NA,NA,NA,NA
"New Mexico","return_normal","Past",2020-07-27,"combined_trend",NA,NA,NA,0.640161353808074,NA,NA,NA,NA
"New Mexico","status_quo","Past",2020-07-27,"combined_trend",NA,NA,NA,0.640161353808074,NA,NA,NA,NA
"New Mexico","linear_increase_sd","Past",2020-07-27,"cumulative_all_infections",63323,63323,63323,71343,73382,77324,77324,77324
"New Mexico","return_normal","Past",2020-07-27,"cumulative_all_infections",63323,63323,63323,71343,73382,77324,77324,77324
"New Mexico","status_quo","Past",2020-07-27,"cumulative_all_infections",63323,63323,63323,71343,73382,77324,77324,77324
"New Mexico","linear_increase_sd","Past",2020-07-27,"cumulative_cases",18366,18366,18366,20413,21360,21513,21513,21513
"New Mexico","return_normal","Past",2020-07-27,"cumulative_cases",18366,18366,18366,20413,21360,21513,21513,21513
"New Mexico","status_quo","Past",2020-07-27,"cumulative_cases",18366,18366,18366,20413,21360,21513,21513,21513
"New Mexico","linear_increase_sd","Past",2020-07-27,"cumulative_deaths",653,653,653,726,754,770,770,770
"New Mexico","return_normal","Past",2020-07-27,"cumulative_deaths",653,653,653,726,754,770,770,770
"New Mexico","status_quo","Past",2020-07-27,"cumulative_deaths",653,653,653,726,754,770,770,770
"New Mexico","linear_increase_sd","Past",2020-07-27,"cumulative_hosps",2045,2045,2045,2276,2354,2429,2429,2429
"New Mexico","return_normal","Past",2020-07-27,"cumulative_hosps",2045,2045,2045,2276,2354,2429,2429,2429
"New Mexico","status_quo","Past",2020-07-27,"cumulative_hosps",2045,2045,2045,2276,2354,2429,2429,2429
"New Mexico","linear_increase_sd","Past",2020-07-27,"daily_all_infections",1141,1141,1141,1764,1399,2750,2750,2750
"New Mexico","return_normal","Past",2020-07-27,"daily_all_infections",1141,1141,1141,1764,1399,2750,2750,2750
"New Mexico","status_quo","Past",2020-07-27,"daily_all_infections",1141,1141,1141,1764,1399,2750,2750,2750
"New Mexico","linear_increase_sd","Past",2020-07-27,"daily_cases",359,359,359,408,365,498,498,498
"New Mexico","return_normal","Past",2020-07-27,"daily_cases",359,359,359,408,365,498,498,498
"New Mexico","status_quo","Past",2020-07-27,"daily_cases",359,359,359,408,365,498,498,498
"New Mexico","linear_increase_sd","Past",2020-07-27,"daily_deaths",7,7,7,7,7,7,7,7
"New Mexico","return_normal","Past",2020-07-27,"daily_deaths",7,7,7,7,7,7,7,7
"New Mexico","status_quo","Past",2020-07-27,"daily_deaths",7,7,7,7,7,7,7,7
"New Mexico","linear_increase_sd","Past",2020-07-27,"daily_hosps",34,34,34,36,34,38,38,38
"New Mexico","return_normal","Past",2020-07-27,"daily_hosps",34,34,34,36,34,38,38,38
"New Mexico","status_quo","Past",2020-07-27,"daily_hosps",34,34,34,36,34,38,38,38
"New Mexico","linear_increase_sd","Past",2020-07-27,"latent_trend",NA,NA,NA,0.688771860797593,NA,NA,NA,NA
"New Mexico","return_normal","Past",2020-07-27,"latent_trend",NA,NA,NA,0.688771860797593,NA,NA,NA,NA
"New Mexico","status_quo","Past",2020-07-27,"latent_trend",NA,NA,NA,0.688771860797593,NA,NA,NA,NA
"New Mexico","linear_increase_sd","Past",2020-07-27,"mobility_trend",NA,NA,NA,0.929424371470071,NA,NA,NA,NA
"New Mexico","return_normal","Past",2020-07-27,"mobility_trend",NA,NA,NA,0.929424371470071,NA,NA,NA,NA
"New Mexico","status_quo","Past",2020-07-27,"mobility_trend",NA,NA,NA,0.929424371470071,NA,NA,NA,NA
"New Mexico",NA,"Past",2020-07-28,"actual_cumulative_cases",NA,NA,NA,19502,NA,NA,NA,NA
"New Mexico",NA,"Past",2020-07-28,"actual_cumulative_deaths",NA,NA,NA,618,NA,NA,NA,NA
"New Mexico",NA,"Past",2020-07-28,"actual_daily_cases",NA,NA,NA,460,NA,NA,NA,NA
"New Mexico",NA,"Past",2020-07-28,"actual_daily_deaths",NA,NA,NA,5,NA,NA,NA,NA
"New Mexico","linear_increase_sd","Past",2020-07-28,"combined_trend",NA,NA,NA,0.656862463398307,NA,NA,NA,NA
"New Mexico","return_normal","Past",2020-07-28,"combined_trend",NA,NA,NA,0.656862463398307,NA,NA,NA,NA
"New Mexico","status_quo","Past",2020-07-28,"combined_trend",NA,NA,NA,0.656862463398307,NA,NA,NA,NA
"New Mexico","linear_increase_sd","Past",2020-07-28,"cumulative_all_infections",64385,64385,64385,73291,75029,80457,80457,80457
"New Mexico","return_normal","Past",2020-07-28,"cumulative_all_infections",64385,64385,64385,73291,75029,80457,80457,80457
"New Mexico","status_quo","Past",2020-07-28,"cumulative_all_infections",64385,64385,64385,73291,75029,80457,80457,80457
"New Mexico","linear_increase_sd","Past",2020-07-28,"cumulative_cases",18759,18759,18759,20830,21852,21877,21877,21877
"New Mexico","return_normal","Past",2020-07-28,"cumulative_cases",18759,18759,18759,20830,21852,21877,21877,21877
"New Mexico","status_quo","Past",2020-07-28,"cumulative_cases",18759,18759,18759,20830,21852,21877,21877,21877
"New Mexico","linear_increase_sd","Past",2020-07-28,"cumulative_deaths",659,659,659,732,760,777,777,777
"New Mexico","return_normal","Past",2020-07-28,"cumulative_deaths",659,659,659,732,760,777,777,777
"New Mexico","status_quo","Past",2020-07-28,"cumulative_deaths",659,659,659,732,760,777,777,777
"New Mexico","linear_increase_sd","Past",2020-07-28,"cumulative_hosps",2081,2081,2081,2313,2389,2468,2468,2468
"New Mexico","return_normal","Past",2020-07-28,"cumulative_hosps",2081,2081,2081,2313,2389,2468,2468,2468
"New Mexico","status_quo","Past",2020-07-28,"cumulative_hosps",2081,2081,2081,2313,2389,2468,2468,2468
"New Mexico","linear_increase_sd","Past",2020-07-28,"daily_all_infections",1062,1062,1062,1948,1647,3133,3133,3133
"New Mexico","return_normal","Past",2020-07-28,"daily_all_infections",1062,1062,1062,1948,1647,3133,3133,3133
"New Mexico","status_quo","Past",2020-07-28,"daily_all_infections",1062,1062,1062,1948,1647,3133,3133,3133
"New Mexico","linear_increase_sd","Past",2020-07-28,"daily_cases",364,364,364,417,393,492,492,492
"New Mexico","return_normal","Past",2020-07-28,"daily_cases",364,364,364,417,393,492,492,492
"New Mexico","status_quo","Past",2020-07-28,"daily_cases",364,364,364,417,393,492,492,492
"New Mexico","linear_increase_sd","Past",2020-07-28,"daily_deaths",6,6,6,7,6,7,7,7
"New Mexico","return_normal","Past",2020-07-28,"daily_deaths",6,6,6,7,6,7,7,7
"New Mexico","status_quo","Past",2020-07-28,"daily_deaths",6,6,6,7,6,7,7,7
"New Mexico","linear_increase_sd","Past",2020-07-28,"daily_hosps",35,35,35,37,36,39,39,39
"New Mexico","return_normal","Past",2020-07-28,"daily_hosps",35,35,35,37,36,39,39,39
"New Mexico","status_quo","Past",2020-07-28,"daily_hosps",35,35,35,37,36,39,39,39
"New Mexico","linear_increase_sd","Past",2020-07-28,"latent_trend",NA,NA,NA,0.706741165350923,NA,NA,NA,NA
"New Mexico","return_normal","Past",2020-07-28,"latent_trend",NA,NA,NA,0.706741165350923,NA,NA,NA,NA
"New Mexico","status_quo","Past",2020-07-28,"latent_trend",NA,NA,NA,0.706741165350923,NA,NA,NA,NA
"New Mexico","linear_increase_sd","Past",2020-07-28,"mobility_trend",NA,NA,NA,0.929424371470071,NA,NA,NA,NA
"New Mexico","return_normal","Past",2020-07-28,"mobility_trend",NA,NA,NA,0.929424371470071,NA,NA,NA,NA
"New Mexico","status_quo","Past",2020-07-28,"mobility_trend",NA,NA,NA,0.929424371470071,NA,NA,NA,NA
"New Mexico","linear_increase_sd","Future",2020-07-29,"combined_trend",NA,NA,NA,0.656862463398307,NA,NA,NA,NA
"New Mexico","return_normal","Future",2020-07-29,"combined_trend",NA,NA,NA,0.656862463398307,NA,NA,NA,NA
"New Mexico","status_quo","Future",2020-07-29,"combined_trend",NA,NA,NA,0.656862463398307,NA,NA,NA,NA
"New Mexico","linear_increase_sd","Future",2020-07-29,"cumulative_all_infections",64531,64470,64421,73994,72131,85325,85374,85398
"New Mexico","return_normal","Future",2020-07-29,"cumulative_all_infections",64521,64491,64452,74001,72128,85367,85406,85432
"New Mexico","status_quo","Future",2020-07-29,"cumulative_all_infections",64519,64481,64448,73981,72127,85282,85339,85403
"New Mexico","linear_increase_sd","Future",2020-07-29,"cumulative_cases",19069,18981,18941,21294,22078,22656,22882,23027
"New Mexico","return_normal","Future",2020-07-29,"cumulative_cases",19024,18932,18907,21276,22086,22642,22862,23043
"New Mexico","status_quo","Future",2020-07-29,"cumulative_cases",19054,18976,18935,21267,22063,22602,22822,22987
"New Mexico","linear_increase_sd","Future",2020-07-29,"cumulative_deaths",664,662,662,738,764,784,787,788
"New Mexico","return_normal","Future",2020-07-29,"cumulative_deaths",664,662,661,739,765,784,786,787
"New Mexico","status_quo","Future",2020-07-29,"cumulative_deaths",664,662,661,738,765,784,786,787
"New Mexico","linear_increase_sd","Future",2020-07-29,"cumulative_hosps",2125,2123,2119,2358,2444,2505,2508,2509
"New Mexico","return_normal","Future",2020-07-29,"cumulative_hosps",2126,2122,2121,2358,2444,2503,2506,2508
"New Mexico","status_quo","Future",2020-07-29,"cumulative_hosps",2123,2120,2117,2358,2442,2505,2507,2509
"New Mexico","linear_increase_sd","Future",2020-07-29,"daily_all_infections",0,0,0,0,0,0,0,0
"New Mexico","return_normal","Future",2020-07-29,"daily_all_infections",0,0,0,0,0,0,0,0
"New Mexico","status_quo","Future",2020-07-29,"daily_all_infections",0,0,0,0,0,0,0,0
"New Mexico","linear_increase_sd","Future",2020-07-29,"daily_cases",154,117,92,465,385,867,1088,1221
"New Mexico","return_normal","Future",2020-07-29,"daily_cases",144,114,93,447,363,874,1067,1191
"New Mexico","status_quo","Future",2020-07-29,"daily_cases",139,108,88,437,366,809,980,1226
"New Mexico","linear_increase_sd","Future",2020-07-29,"daily_deaths",2,1,0,6,5,10,12,14
"New Mexico","return_normal","Future",2020-07-29,"daily_deaths",2,1,1,7,6,11,13,14
"New Mexico","status_quo","Future",2020-07-29,"daily_deaths",2,1,1,6,5,11,11,13
"New Mexico","linear_increase_sd","Future",2020-07-29,"daily_hosps",30,27,26,45,46,59,61,64
"New Mexico","return_normal","Future",2020-07-29,"daily_hosps",29,27,25,45,46,59,64,68
"New Mexico","status_quo","Future",2020-07-29,"daily_hosps",30,27,26,45,46,58,62,64
"New Mexico","linear_increase_sd","Future",2020-07-29,"latent_trend",NA,NA,NA,0.706741165350923,NA,NA,NA,NA
"New Mexico","return_normal","Future",2020-07-29,"latent_trend",NA,NA,NA,0.706741165350923,NA,NA,NA,NA
"New Mexico","status_quo","Future",2020-07-29,"latent_trend",NA,NA,NA,0.706741165350923,NA,NA,NA,NA
"New Mexico","linear_increase_sd","Future",2020-07-29,"mobility_trend",NA,NA,NA,0.929424371470071,NA,NA,NA,NA
"New Mexico","return_normal","Future",2020-07-29,"mobility_trend",NA,NA,NA,0.929424371470071,NA,NA,NA,NA
"New Mexico","status_quo","Future",2020-07-29,"mobility_trend",NA,NA,NA,0.929424371470071,NA,NA,NA,NA
"New Mexico","linear_increase_sd","Future",2020-07-30,"combined_trend",NA,NA,NA,0.606267676169962,NA,NA,NA,NA
"New Mexico","return_normal","Future",2020-07-30,"combined_trend",NA,NA,NA,0.643322067801616,NA,NA,NA,NA
"New Mexico","status_quo","Future",2020-07-30,"combined_trend",NA,NA,NA,0.639586157831333,NA,NA,NA,NA
"New Mexico","linear_increase_sd","Future",2020-07-30,"cumulative_all_infections",66165,66112,66016,76675,73457,90410,90484,90518
"New Mexico","return_normal","Future",2020-07-30,"cumulative_all_infections",66168,66088,66020,76673,73454,90399,90486,90563
"New Mexico","status_quo","Future",2020-07-30,"cumulative_all_infections",66145,66073,65979,76660,73442,90415,90469,90554
"New Mexico","linear_increase_sd","Future",2020-07-30,"cumulative_cases",19456,19357,19279,21844,22467,23609,23866,24224
"New Mexico","return_normal","Future",2020-07-30,"cumulative_cases",19448,19313,19232,21800,22409,23420,23740,23996
"New Mexico","status_quo","Future",2020-07-30,"cumulative_cases",19435,19301,19210,21837,22398,23590,23894,24108
"New Mexico","linear_increase_sd","Future",2020-07-30,"cumulative_deaths",671,669,667,745,770,792,794,795
"New Mexico","return_normal","Future",2020-07-30,"cumulative_deaths",670,668,667,745,771,791,794,795
"New Mexico","status_quo","Future",2020-07-30,"cumulative_deaths",670,668,667,745,771,791,793,794
"New Mexico","linear_increase_sd","Future",2020-07-30,"cumulative_hosps",2172,2167,2165,2404,2498,2537,2543,2548
"New Mexico","return_normal","Future",2020-07-30,"cumulative_hosps",2172,2168,2166,2403,2497,2539,2543,2546
"New Mexico","status_quo","Future",2020-07-30,"cumulative_hosps",2170,2165,2162,2403,2495,2539,2542,2546
"New Mexico","linear_increase_sd","Future",2020-07-30,"daily_all_infections",1308,1266,1238,2682,1658,5106,5163,5204
"New Mexico","return_normal","Future",2020-07-30,"daily_all_infections",1282,1238,1215,2672,1679,5085,5176,5225
"New Mexico","status_quo","Future",2020-07-30,"daily_all_infections",1287,1261,1245,2680,1663,5145,5206,5237
"New Mexico","linear_increase_sd","Future",2020-07-30,"daily_cases",221,189,159,551,457,1019,1189,1504
"New Mexico","return_normal","Future",2020-07-30,"daily_cases",176,134,107,524,454,1008,1125,1299
"New Mexico","status_quo","Future",2020-07-30,"daily_cases",193,162,123,571,451,1126,1311,1480
"New Mexico","linear_increase_sd","Future",2020-07-30,"daily_deaths",2,2,1,7,6,12,14,15
"New Mexico","return_normal","Future",2020-07-30,"daily_deaths",2,1,1,7,6,10,13,15
"New Mexico","status_quo","Future",2020-07-30,"daily_deaths",2,2,1,7,6,10,12,15
"New Mexico","linear_increase_sd","Future",2020-07-30,"daily_hosps",29,27,25,46,46,61,64,67
"New Mexico","return_normal","Future",2020-07-30,"daily_hosps",30,28,26,46,46,58,62,66
"New Mexico","status_quo","Future",2020-07-30,"daily_hosps",30,27,26,46,46,59,62,64
"New Mexico","linear_increase_sd","Future",2020-07-30,"latent_trend",NA,NA,NA,0.688152987445013,NA,NA,NA,NA
"New Mexico","return_normal","Future",2020-07-30,"latent_trend",NA,NA,NA,0.688152987445013,NA,NA,NA,NA
"New Mexico","status_quo","Future",2020-07-30,"latent_trend",NA,NA,NA,0.688152987445013,NA,NA,NA,NA
"New Mexico","linear_increase_sd","Future",2020-07-30,"mobility_trend",NA,NA,NA,0.881007112126219,NA,NA,NA,NA
"New Mexico","return_normal","Future",2020-07-30,"mobility_trend",NA,NA,NA,0.934853265972373,NA,NA,NA,NA
"New Mexico","status_quo","Future",2020-07-30,"mobility_trend",NA,NA,NA,0.929424371470071,NA,NA,NA,NA
"New Mexico","linear_increase_sd","Future",2020-07-31,"combined_trend",NA,NA,NA,0.556951418251256,NA,NA,NA,NA
"New Mexico","return_normal","Future",2020-07-31,"combined_trend",NA,NA,NA,0.628990950445338,NA,NA,NA,NA
"New Mexico","status_quo","Future",2020-07-31,"combined_trend",NA,NA,NA,0.621727757211625,NA,NA,NA,NA
"New Mexico","linear_increase_sd","Future",2020-07-31,"cumulative_all_infections",67846,67757,67679,79425,74721,95724,95821,95930
"New Mexico","return_normal","Future",2020-07-31,"cumulative_all_infections",67931,67802,67731,79587,74801,96083,96191,96240
"New Mexico","status_quo","Future",2020-07-31,"cumulative_all_infections",67894,67803,67718,79559,74777,96001,96125,96228
"New Mexico","linear_increase_sd","Future",2020-07-31,"cumulative_cases",19877,19743,19622,22484,22903,24654,25228,25552
"New Mexico","return_normal","Future",2020-07-31,"cumulative_cases",19900,19685,19642,22459,22875,24626,25229,25442
"New Mexico","status_quo","Future",2020-07-31,"cumulative_cases",19833,19704,19611,22482,22816,24649,25166,25524
"New Mexico","linear_increase_sd","Future",2020-07-31,"cumulative_deaths",676,673,671,751,774,799,802,804
"New Mexico","return_normal","Future",2020-07-31,"cumulative_deaths",677,674,672,751,776,798,800,805
"New Mexico","status_quo","Future",2020-07-31,"cumulative_deaths",676,674,672,751,776,798,800,802
"New Mexico","linear_increase_sd","Future",2020-07-31,"cumulative_hosps",2218,2213,2208,2450,2554,2573,2577,2582
"New Mexico","return_normal","Future",2020-07-31,"cumulative_hosps",2222,2216,2211,2450,2553,2575,2581,2584
"New Mexico","status_quo","Future",2020-07-31,"cumulative_hosps",2216,2211,2209,2449,2553,2573,2579,2584
"New Mexico","linear_increase_sd","Future",2020-07-31,"daily_all_infections",1239,1219,1208,2751,1698,5363,5437,5497
"New Mexico","return_normal","Future",2020-07-31,"daily_all_infections",1303,1278,1246,2915,1776,5710,5761,5843
"New Mexico","status_quo","Future",2020-07-31,"daily_all_infections",1303,1277,1259,2899,1769,5643,5705,5722
"New Mexico","linear_increase_sd","Future",2020-07-31,"daily_cases",231,174,144,641,521,1290,1509,1890
"New Mexico","return_normal","Future",2020-07-31,"daily_cases",240,166,142,660,534,1282,1587,1845
"New Mexico","status_quo","Future",2020-07-31,"daily_cases",213,161,138,646,539,1223,1340,1545
"New Mexico","linear_increase_sd","Future",2020-07-31,"daily_deaths",2,1,1,7,6,12,13,15
"New Mexico","return_normal","Future",2020-07-31,"daily_deaths",2,1,0,7,6,11,14,16
"New Mexico","status_quo","Future",2020-07-31,"daily_deaths",2,1,0,7,6,11,13,16
"New Mexico","linear_increase_sd","Future",2020-07-31,"daily_hosps",29,27,25,46,46,62,65,70
"New Mexico","return_normal","Future",2020-07-31,"daily_hosps",29,25,24,47,48,63,66,70
"New Mexico","status_quo","Future",2020-07-31,"daily_hosps",31,27,24,46,47,61,65,67
"New Mexico","linear_increase_sd","Future",2020-07-31,"latent_trend",NA,NA,NA,0.668938513230762,NA,NA,NA,NA
"New Mexico","return_normal","Future",2020-07-31,"latent_trend",NA,NA,NA,0.668938513230762,NA,NA,NA,NA
"New Mexico","status_quo","Future",2020-07-31,"latent_trend",NA,NA,NA,0.668938513230762,NA,NA,NA,NA
"New Mexico","linear_increase_sd","Future",2020-07-31,"mobility_trend",NA,NA,NA,0.832589852782368,NA,NA,NA,NA
"New Mexico","return_normal","Future",2020-07-31,"mobility_trend",NA,NA,NA,0.940282160474675,NA,NA,NA,NA
"New Mexico","status_quo","Future",2020-07-31,"mobility_trend",NA,NA,NA,0.929424371470071,NA,NA,NA,NA
"New Mexico","linear_increase_sd","Future",2020-08-01,"combined_trend",NA,NA,NA,0.509040739821877,NA,NA,NA,NA
"New Mexico","return_normal","Future",2020-08-01,"combined_trend",NA,NA,NA,0.613902422899397,NA,NA,NA,NA
"New Mexico","status_quo","Future",2020-08-01,"combined_trend",NA,NA,NA,0.603330024053822,NA,NA,NA,NA
"New Mexico","linear_increase_sd","Future",2020-08-01,"cumulative_all_infections",69508,69352,69234,82214,75948,101250,101433,101497
"New Mexico","return_normal","Future",2020-08-01,"cumulative_all_infections",69769,69668,69543,82753,76184,102313,102502,102563
"New Mexico","status_quo","Future",2020-08-01,"cumulative_all_infections",69777,69665,69510,82673,76160,102177,102295,102450
"New Mexico","linear_increase_sd","Future",2020-08-01,"cumulative_cases",20367,20142,19993,23184,23411,25940,26561,26943
"New Mexico","return_normal","Future",2020-08-01,"cumulative_cases",20278,20143,19944,23175,23328,25827,26731,27009
"New Mexico","status_quo","Future",2020-08-01,"cumulative_cases",20285,20059,19956,23163,23230,25936,26431,26747
"New Mexico","linear_increase_sd","Future",2020-08-01,"cumulative_deaths",683,680,677,758,780,806,812,814
"New Mexico","return_normal","Future",2020-08-01,"cumulative_deaths",684,680,678,758,781,805,808,811
"New Mexico","status_quo","Future",2020-08-01,"cumulative_deaths",681,679,678,758,781,805,808,813
"New Mexico","linear_increase_sd","Future",2020-08-01,"cumulative_hosps",2265,2260,2258,2497,2598,2625,2630,2637
"New Mexico","return_normal","Future",2020-08-01,"cumulative_hosps",2270,2263,2258,2498,2598,2624,2630,2640
"New Mexico","status_quo","Future",2020-08-01,"cumulative_hosps",2265,2259,2253,2497,2601,2623,2629,2637
"New Mexico","linear_increase_sd","Future",2020-08-01,"daily_all_infections",1174,1145,1127,2789,1679,5548,5607,5679
"New Mexico","return_normal","Future",2020-08-01,"daily_all_infections",1355,1321,1296,3166,1888,6308,6375,6452
"New Mexico","status_quo","Future",2020-08-01,"daily_all_infections",1336,1308,1275,3115,1880,6180,6283,6353
"New Mexico","linear_increase_sd","Future",2020-08-01,"daily_cases",221,177,138,700,530,1386,1872,2029
"New Mexico","return_normal","Future",2020-08-01,"daily_cases",235,162,130,717,532,1470,1756,2079
"New Mexico","status_quo","Future",2020-08-01,"daily_cases",219,184,147,681,515,1401,1641,1836
"New Mexico","linear_increase_sd","Future",2020-08-01,"daily_deaths",2,1,1,7,6,11,13,14
"New Mexico","return_normal","Future",2020-08-01,"daily_deaths",2,1,1,7,6,12,14,16
"New Mexico","status_quo","Future",2020-08-01,"daily_deaths",2,1,1,7,6,12,15,15
"New Mexico","linear_increase_sd","Future",2020-08-01,"daily_hosps",31,27,26,48,47,65,69,73
"New Mexico","return_normal","Future",2020-08-01,"daily_hosps",32,29,27,49,49,66,69,71
"New Mexico","status_quo","Future",2020-08-01,"daily_hosps",32,29,26,49,48,66,70,76
"New Mexico","linear_increase_sd","Future",2020-08-01,"latent_trend",NA,NA,NA,0.649143752384645,NA,NA,NA,NA
"New Mexico","return_normal","Future",2020-08-01,"latent_trend",NA,NA,NA,0.649143752384645,NA,NA,NA,NA
"New Mexico","status_quo","Future",2020-08-01,"latent_trend",NA,NA,NA,0.649143752384645,NA,NA,NA,NA
"New Mexico","linear_increase_sd","Future",2020-08-01,"mobility_trend",NA,NA,NA,0.784172593438516,NA,NA,NA,NA
"New Mexico","return_normal","Future",2020-08-01,"mobility_trend",NA,NA,NA,0.945711054976978,NA,NA,NA,NA
"New Mexico","status_quo","Future",2020-08-01,"mobility_trend",NA,NA,NA,0.929424371470071,NA,NA,NA,NA
"New Mexico","linear_increase_sd","Future",2020-08-02,"combined_trend",NA,NA,NA,0.46265925732253,NA,NA,NA,NA
"New Mexico","return_normal","Future",2020-08-02,"combined_trend",NA,NA,NA,0.598097876079079,NA,NA,NA,NA
"New Mexico","status_quo","Future",2020-08-02,"combined_trend",NA,NA,NA,0.58444263944198,NA,NA,NA,NA
"New Mexico","linear_increase_sd","Future",2020-08-02,"cumulative_all_infections",71129,71003,70937,85023,77107,106882,107025,107204
"New Mexico","return_normal","Future",2020-08-02,"cumulative_all_infections",71749,71511,71459,86177,77581,109235,109408,109571
"New Mexico","status_quo","Future",2020-08-02,"cumulative_all_infections",71671,71521,71384,86033,77506,108950,109112,109205
"New Mexico","linear_increase_sd","Future",2020-08-02,"cumulative_cases",20777,20543,20358,23899,23895,27302,27885,28528
"New Mexico","return_normal","Future",2020-08-02,"cumulative_cases",20767,20550,20429,23941,23897,27322,27961,28609
"New Mexico","status_quo","Future",2020-08-02,"cumulative_cases",20684,20433,20284,23861,23750,27313,27939,28347
"New Mexico","linear_increase_sd","Future",2020-08-02,"cumulative_deaths",690,686,684,764,786,815,820,824
"New Mexico","return_normal","Future",2020-08-02,"cumulative_deaths",692,685,682,765,787,814,818,819
"New Mexico","status_quo","Future",2020-08-02,"cumulative_deaths",689,686,684,764,786,814,817,820
"New Mexico","linear_increase_sd","Future",2020-08-02,"cumulative_hosps",2315,2308,2306,2549,2635,2695,2702,2709
"New Mexico","return_normal","Future",2020-08-02,"cumulative_hosps",2318,2312,2307,2550,2636,2697,2704,2714
"New Mexico","status_quo","Future",2020-08-02,"cumulative_hosps",2314,2308,2300,2549,2639,2695,2703,2718
"New Mexico","linear_increase_sd","Future",2020-08-02,"daily_all_infections",1138,1122,1094,2809,1652,5678,5757,5812
"New Mexico","return_normal","Future",2020-08-02,"daily_all_infections",1380,1346,1324,3425,2004,6945,7041,7095
"New Mexico","status_quo","Future",2020-08-02,"daily_all_infections",1339,1291,1268,3361,1977,6812,6901,6985
"New Mexico","linear_increase_sd","Future",2020-08-02,"daily_cases",251,167,124,716,570,1454,1756,1972
"New Mexico","return_normal","Future",2020-08-02,"daily_cases",247,198,165,766,634,1371,1817,2257
"New Mexico","status_quo","Future",2020-08-02,"daily_cases",251,197,146,699,568,1318,1889,2005
"New Mexico","linear_increase_sd","Future",2020-08-02,"daily_deaths",2,1,1,7,6,12,14,16
"New Mexico","return_normal","Future",2020-08-02,"daily_deaths",3,1,1,8,7,12,14,16
"New Mexico","status_quo","Future",2020-08-02,"daily_deaths",2,1,1,7,6,13,15,16
"New Mexico","linear_increase_sd","Future",2020-08-02,"daily_hosps",32,29,26,52,51,74,79,84
"New Mexico","return_normal","Future",2020-08-02,"daily_hosps",33,30,28,53,50,75,78,80
"New Mexico","status_quo","Future",2020-08-02,"daily_hosps",31,30,28,52,49,75,80,83
"New Mexico","linear_increase_sd","Future",2020-08-02,"latent_trend",NA,NA,NA,0.628822158512551,NA,NA,NA,NA
"New Mexico","return_normal","Future",2020-08-02,"latent_trend",NA,NA,NA,0.628822158512551,NA,NA,NA,NA
"New Mexico","status_quo","Future",2020-08-02,"latent_trend",NA,NA,NA,0.628822158512551,NA,NA,NA,NA
"New Mexico","linear_increase_sd","Future",2020-08-02,"mobility_trend",NA,NA,NA,0.735755334094664,NA,NA,NA,NA
"New Mexico","return_normal","Future",2020-08-02,"mobility_trend",NA,NA,NA,0.95113994947928,NA,NA,NA,NA
"New Mexico","status_quo","Future",2020-08-02,"mobility_trend",NA,NA,NA,0.929424371470071,NA,NA,NA,NA
"New Mexico","linear_increase_sd","Future",2020-08-03,"combined_trend",NA,NA,NA,0.417925090624824,NA,NA,NA,NA
"New Mexico","return_normal","Future",2020-08-03,"combined_trend",NA,NA,NA,0.581626619411154,NA,NA,NA,NA
"New Mexico","status_quo","Future",2020-08-03,"combined_trend",NA,NA,NA,0.565121850432003,NA,NA,NA,NA
"New Mexico","linear_increase_sd","Future",2020-08-03,"cumulative_all_infections",72702,72563,72461,87807,78188,112524,112774,112991
"New Mexico","return_normal","Future",2020-08-03,"cumulative_all_infections",73852,73677,73489,89883,79035,116844,117127,117233
"New Mexico","status_quo","Future",2020-08-03,"cumulative_all_infections",73710,73533,73445,89641,78920,116339,116507,116740
"New Mexico","linear_increase_sd","Future",2020-08-03,"cumulative_cases",21276,21006,20764,24734,24307,28749,29615,30386
"New Mexico","return_normal","Future",2020-08-03,"cumulative_cases",21279,20999,20829,24753,24357,28905,29495,30097
"New Mexico","status_quo","Future",2020-08-03,"cumulative_cases",21146,20887,20654,24739,24301,29077,29803,30110
"New Mexico","linear_increase_sd","Future",2020-08-03,"cumulative_deaths",697,692,690,771,792,823,827,830
"New Mexico","return_normal","Future",2020-08-03,"cumulative_deaths",700,694,691,772,792,824,827,830
"New Mexico","status_quo","Future",2020-08-03,"cumulative_deaths",697,695,692,772,792,824,827,829
"New Mexico","linear_increase_sd","Future",2020-08-03,"cumulative_hosps",2364,2358,2353,2606,2675,2780,2786,2791
"New Mexico","return_normal","Future",2020-08-03,"cumulative_hosps",2368,2363,2357,2608,2674,2779,2794,2799
"New Mexico","status_quo","Future",2020-08-03,"cumulative_hosps",2365,2358,2350,2606,2674,2777,2791,2797
"New Mexico","linear_increase_sd","Future",2020-08-03,"daily_all_infections",1059,1032,1012,2785,1606,5733,5831,5896
"New Mexico","return_normal","Future",2020-08-03,"daily_all_infections",1402,1364,1353,3707,2126,7658,7750,7842
"New Mexico","status_quo","Future",2020-08-03,"daily_all_infections",1368,1328,1308,3609,2084,7411,7539,7643
"New Mexico","linear_increase_sd","Future",2020-08-03,"daily_cases",275,206,160,835,603,1738,2131,2601
"New Mexico","return_normal","Future",2020-08-03,"daily_cases",252,179,149,812,602,1681,2097,2550
"New Mexico","status_quo","Future",2020-08-03,"daily_cases",241,181,155,878,641,1813,2322,2825
"New Mexico","linear_increase_sd","Future",2020-08-03,"daily_deaths",3,2,1,7,6,12,13,14
"New Mexico","return_normal","Future",2020-08-03,"daily_deaths",3,2,1,8,7,12,14,15
"New Mexico","status_quo","Future",2020-08-03,"daily_deaths",2,1,1,8,7,13,15,17
"New Mexico","linear_increase_sd","Future",2020-08-03,"daily_hosps",36,33,30,58,51,86,90,94
"New Mexico","return_normal","Future",2020-08-03,"daily_hosps",35,31,29,58,51,89,94,96
"New Mexico","status_quo","Future",2020-08-03,"daily_hosps",34,31,29,58,51,87,91,94
"New Mexico","linear_increase_sd","Future",2020-08-03,"latent_trend",NA,NA,NA,0.608034249777795,NA,NA,NA,NA
"New Mexico","return_normal","Future",2020-08-03,"latent_trend",NA,NA,NA,0.608034249777795,NA,NA,NA,NA
"New Mexico","status_quo","Future",2020-08-03,"latent_trend",NA,NA,NA,0.608034249777795,NA,NA,NA,NA
"New Mexico","linear_increase_sd","Future",2020-08-03,"mobility_trend",NA,NA,NA,0.687338074750813,NA,NA,NA,NA
"New Mexico","return_normal","Future",2020-08-03,"mobility_trend",NA,NA,NA,0.956568843981582,NA,NA,NA,NA
"New Mexico","status_quo","Future",2020-08-03,"mobility_trend",NA,NA,NA,0.929424371470071,NA,NA,NA,NA
"New Mexico","linear_increase_sd","Future",2020-08-04,"combined_trend",NA,NA,NA,0.374948789665566,NA,NA,NA,NA
"New Mexico","return_normal","Future",2020-08-04,"combined_trend",NA,NA,NA,0.564545525842347,NA,NA,NA,NA
"New Mexico","status_quo","Future",2020-08-04,"combined_trend",NA,NA,NA,0.545429941809633,NA,NA,NA,NA
"New Mexico","linear_increase_sd","Future",2020-08-04,"cumulative_all_infections",74203,74072,73956,90515,79203,118165,118494,118651
"New Mexico","return_normal","Future",2020-08-04,"cumulative_all_infections",76015,75864,75733,93858,80504,125141,125429,125635
"New Mexico","status_quo","Future",2020-08-04,"cumulative_all_infections",75827,75591,75496,93486,80337,124230,124639,124780
"New Mexico","linear_increase_sd","Future",2020-08-04,"cumulative_cases",21665,21444,21332,25595,24856,30698,31393,32252
"New Mexico","return_normal","Future",2020-08-04,"cumulative_cases",21666,21365,21224,25679,25008,30727,31581,31960
"New Mexico","status_quo","Future",2020-08-04,"cumulative_cases",21648,21276,21128,25640,24807,30613,31500,32394
"New Mexico","linear_increase_sd","Future",2020-08-04,"cumulative_deaths",704,701,698,779,797,831,838,839
"New Mexico","return_normal","Future",2020-08-04,"cumulative_deaths",707,702,699,780,799,834,838,840
"New Mexico","status_quo","Future",2020-08-04,"cumulative_deaths",706,703,701,780,798,833,838,840
"New Mexico","linear_increase_sd","Future",2020-08-04,"cumulative_hosps",2417,2408,2401,2670,2716,2876,2885,2891
"New Mexico","return_normal","Future",2020-08-04,"cumulative_hosps",2421,2415,2402,2670,2716,2875,2889,2895
"New Mexico","status_quo","Future",2020-08-04,"cumulative_hosps",2418,2409,2401,2670,2717,2878,2886,2892
"New Mexico","linear_increase_sd","Future",2020-08-04,"daily_all_infections",998,982,960,2709,1526,5645,5711,5758
"New Mexico","return_normal","Future",2020-08-04,"daily_all_infections",1439,1415,1399,3975,2223,8326,8421,8539
"New Mexico","status_quo","Future",2020-08-04,"daily_all_infections",1391,1373,1344,3845,2166,8031,8104,8208
"New Mexico","linear_increase_sd","Future",2020-08-04,"daily_cases",235,174,144,862,588,2008,2375,2780
"New Mexico","return_normal","Future",2020-08-04,"daily_cases",256,211,178,926,678,1959,2507,3009
"New Mexico","status_quo","Future",2020-08-04,"daily_cases",264,191,164,902,646,1947,2700,3115
"New Mexico","linear_increase_sd","Future",2020-08-04,"daily_deaths",3,2,2,8,7,13,15,16
"New Mexico","return_normal","Future",2020-08-04,"daily_deaths",3,3,2,8,8,13,15,16
"New Mexico","status_quo","Future",2020-08-04,"daily_deaths",2,2,1,8,7,14,16,17
"New Mexico","linear_increase_sd","Future",2020-08-04,"daily_hosps",38,35,34,64,54,102,105,111
"New Mexico","return_normal","Future",2020-08-04,"daily_hosps",36,33,31,63,54,101,105,107
"New Mexico","status_quo","Future",2020-08-04,"daily_hosps",39,35,33,64,54,101,106,110
"New Mexico","linear_increase_sd","Future",2020-08-04,"latent_trend",NA,NA,NA,0.586847040547179,NA,NA,NA,NA
"New Mexico","return_normal","Future",2020-08-04,"latent_trend",NA,NA,NA,0.586847040547179,NA,NA,NA,NA
"New Mexico","status_quo","Future",2020-08-04,"latent_trend",NA,NA,NA,0.586847040547179,NA,NA,NA,NA
"New Mexico","linear_increase_sd","Future",2020-08-04,"mobility_trend",NA,NA,NA,0.638920815406961,NA,NA,NA,NA
"New Mexico","return_normal","Future",2020-08-04,"mobility_trend",NA,NA,NA,0.961997738483884,NA,NA,NA,NA
"New Mexico","status_quo","Future",2020-08-04,"mobility_trend",NA,NA,NA,0.929424371470071,NA,NA,NA,NA
"New Mexico","linear_increase_sd","Future",2020-08-05,"combined_trend",NA,NA,NA,0.333831317665268,NA,NA,NA,NA
"New Mexico","return_normal","Future",2020-08-05,"combined_trend",NA,NA,NA,0.546918480537882,NA,NA,NA,NA
"New Mexico","status_quo","Future",2020-08-05,"combined_trend",NA,NA,NA,0.52543453703589,NA,NA,NA,NA
"New Mexico","linear_increase_sd","Future",2020-08-05,"cumulative_all_infections",75620,75413,75329,93094,80167,123562,123970,124095
"New Mexico","return_normal","Future",2020-08-05,"cumulative_all_infections",78301,78099,77830,98088,82012,134072,134430,134642
"New Mexico","status_quo","Future",2020-08-05,"cumulative_all_infections",78141,77826,77661,97547,81775,132793,133269,133543
"New Mexico","linear_increase_sd","Future",2020-08-05,"cumulative_cases",22051,21787,21675,26505,25373,32519,33283,34120
"New Mexico","return_normal","Future",2020-08-05,"cumulative_cases",22119,21886,21695,26648,25642,32571,33691,34608
"New Mexico","status_quo","Future",2020-08-05,"cumulative_cases",22219,21899,21741,26635,25458,32602,33477,34416
"New Mexico","linear_increase_sd","Future",2020-08-05,"cumulative_deaths",714,707,705,787,804,844,850,856
"New Mexico","return_normal","Future",2020-08-05,"cumulative_deaths",716,709,707,789,804,845,852,856
"New Mexico","status_quo","Future",2020-08-05,"cumulative_deaths",713,710,708,788,804,845,848,849
"New Mexico","linear_increase_sd","Future",2020-08-05,"cumulative_hosps",2468,2458,2454,2739,2761,2985,2995,3001
"New Mexico","return_normal","Future",2020-08-05,"cumulative_hosps",2473,2464,2457,2740,2762,2990,3000,3006
"New Mexico","status_quo","Future",2020-08-05,"cumulative_hosps",2469,2462,2451,2740,2765,2988,2999,3005
"New Mexico","linear_increase_sd","Future",2020-08-05,"daily_all_infections",923,904,891,2579,1425,5437,5508,5571
"New Mexico","return_normal","Future",2020-08-05,"daily_all_infections",1471,1432,1412,4231,2313,8988,9073,9146
"New Mexico","status_quo","Future",2020-08-05,"daily_all_infections",1407,1377,1350,4061,2252,8586,8702,8765
"New Mexico","linear_increase_sd","Future",2020-08-05,"daily_cases",244,188,164,910,620,2099,2651,2895
"New Mexico","return_normal","Future",2020-08-05,"daily_cases",296,229,183,970,691,2208,2738,3182
"New Mexico","status_quo","Future",2020-08-05,"daily_cases",263,200,173,995,695,2147,2831,3056
"New Mexico","linear_increase_sd","Future",2020-08-05,"daily_deaths",3,2,2,9,8,15,16,19
"New Mexico","return_normal","Future",2020-08-05,"daily_deaths",3,2,2,9,8,15,17,20
"New Mexico","status_quo","Future",2020-08-05,"daily_deaths",3,2,1,9,8,15,17,20
"New Mexico","linear_increase_sd","Future",2020-08-05,"daily_hosps",41,37,36,70,54,114,118,124
"New Mexico","return_normal","Future",2020-08-05,"daily_hosps",42,39,37,70,56,115,121,123
"New Mexico","status_quo","Future",2020-08-05,"daily_hosps",43,39,36,71,55,117,121,126
"New Mexico","linear_increase_sd","Future",2020-08-05,"latent_trend",NA,NA,NA,0.565333289253875,NA,NA,NA,NA
"New Mexico","return_normal","Future",2020-08-05,"latent_trend",NA,NA,NA,0.565333289253875,NA,NA,NA,NA
"New Mexico","status_quo","Future",2020-08-05,"latent_trend",NA,NA,NA,0.565333289253875,NA,NA,NA,NA
"New Mexico","linear_increase_sd","Future",2020-08-05,"mobility_trend",NA,NA,NA,0.59050355606311,NA,NA,NA,NA
"New Mexico","return_normal","Future",2020-08-05,"mobility_trend",NA,NA,NA,0.967426632986187,NA,NA,NA,NA
"New Mexico","status_quo","Future",2020-08-05,"mobility_trend",NA,NA,NA,0.929424371470071,NA,NA,NA,NA
"New Mexico","linear_increase_sd","Future",2020-08-06,"combined_trend",NA,NA,NA,0.294662160622517,NA,NA,NA,NA
"New Mexico","return_normal","Future",2020-08-06,"combined_trend",NA,NA,NA,0.528815639572931,NA,NA,NA,NA
"New Mexico","status_quo","Future",2020-08-06,"combined_trend",NA,NA,NA,0.505207741073796,NA,NA,NA,NA
"New Mexico","linear_increase_sd","Future",2020-08-06,"cumulative_all_infections",76898,76730,76551,95501,81028,128568,128948,129227
"New Mexico","return_normal","Future",2020-08-06,"cumulative_all_infections",80716,80483,80275,102542,83571,143472,143909,144168
"New Mexico","status_quo","Future",2020-08-06,"cumulative_all_infections",80387,80040,79835,101757,83250,141833,142102,142574
"New Mexico","linear_increase_sd","Future",2020-08-06,"cumulative_cases",22502,22246,22059,27448,25918,34450,35285,36375
"New Mexico","return_normal","Future",2020-08-06,"cumulative_cases",22682,22283,22068,27770,26145,34991,36069,37015
"New Mexico","status_quo","Future",2020-08-06,"cumulative_cases",22567,22276,22017,27757,26095,34802,36161,37493
"New Mexico","linear_increase_sd","Future",2020-08-06,"cumulative_deaths",723,716,713,796,809,855,863,867
"New Mexico","return_normal","Future",2020-08-06,"cumulative_deaths",723,718,713,798,809,858,865,870
"New Mexico","status_quo","Future",2020-08-06,"cumulative_deaths",722,718,715,797,810,856,860,864
"New Mexico","linear_increase_sd","Future",2020-08-06,"cumulative_hosps",2520,2511,2507,2816,2810,3112,3122,3131
"New Mexico","return_normal","Future",2020-08-06,"cumulative_hosps",2526,2515,2507,2817,2811,3118,3127,3140
"New Mexico","status_quo","Future",2020-08-06,"cumulative_hosps",2524,2512,2506,2818,2815,3115,3133,3142
"New Mexico","linear_increase_sd","Future",2020-08-06,"daily_all_infections",847,824,809,2408,1311,5079,5162,5197
"New Mexico","return_normal","Future",2020-08-06,"daily_all_infections",1514,1480,1449,4455,2430,9503,9615,9756
"New Mexico","status_quo","Future",2020-08-06,"daily_all_infections",1427,1402,1365,4211,2301,8955,9077,9146
"New Mexico","linear_increase_sd","Future",2020-08-06,"daily_cases",237,179,139,944,606,2188,2812,3429
"New Mexico","return_normal","Future",2020-08-06,"daily_cases",284,223,180,1122,744,2607,3084,3490
"New Mexico","status_quo","Future",2020-08-06,"daily_cases",252,186,158,1123,712,2607,3154,3879
"New Mexico","linear_increase_sd","Future",2020-08-06,"daily_deaths",3,2,1,9,9,16,18,20
"New Mexico","return_normal","Future",2020-08-06,"daily_deaths",3,2,1,9,8,15,18,20
"New Mexico","status_quo","Future",2020-08-06,"daily_deaths",3,2,1,9,8,15,18,20
"New Mexico","linear_increase_sd","Future",2020-08-06,"daily_hosps",44,41,40,77,58,132,138,142
"New Mexico","return_normal","Future",2020-08-06,"daily_hosps",45,43,40,78,56,133,138,142
"New Mexico","status_quo","Future",2020-08-06,"daily_hosps",45,43,42,78,59,133,137,143
"New Mexico","linear_increase_sd","Future",2020-08-06,"latent_trend",NA,NA,NA,0.543570576134891,NA,NA,NA,NA
"New Mexico","return_normal","Future",2020-08-06,"latent_trend",NA,NA,NA,0.543570576134891,NA,NA,NA,NA
"New Mexico","status_quo","Future",2020-08-06,"latent_trend",NA,NA,NA,0.543570576134891,NA,NA,NA,NA
"New Mexico","linear_increase_sd","Future",2020-08-06,"mobility_trend",NA,NA,NA,0.542086296719258,NA,NA,NA,NA
"New Mexico","return_normal","Future",2020-08-06,"mobility_trend",NA,NA,NA,0.972855527488489,NA,NA,NA,NA
"New Mexico","status_quo","Future",2020-08-06,"mobility_trend",NA,NA,NA,0.929424371470071,NA,NA,NA,NA
"New Mexico","linear_increase_sd","Future",2020-08-07,"combined_trend",NA,NA,NA,0.257517631604092,NA,NA,NA,NA
"New Mexico","return_normal","Future",2020-08-07,"combined_trend",NA,NA,NA,0.510312513674362,NA,NA,NA,NA
"New Mexico","status_quo","Future",2020-08-07,"combined_trend",NA,NA,NA,0.484825145543992,NA,NA,NA,NA
"New Mexico","linear_increase_sd","Future",2020-08-07,"cumulative_all_infections",78019,77854,77712,97660,81808,133166,133398,133865
"New Mexico","return_normal","Future",2020-08-07,"cumulative_all_infections",83212,82882,82752,107166,85195,153201,153744,154047
"New Mexico","status_quo","Future",2020-08-07,"cumulative_all_infections",82708,82349,81999,106100,84752,150999,151533,151970
"New Mexico","linear_increase_sd","Future",2020-08-07,"cumulative_cases",22920,22596,22397,28393,26448,36192,37718,38279
"New Mexico","return_normal","Future",2020-08-07,"cumulative_cases",23125,22783,22561,28912,26862,37255,38372,39534
"New Mexico","status_quo","Future",2020-08-07,"cumulative_cases",23075,22781,22363,28880,26900,37284,38374,39346
"New Mexico","linear_increase_sd","Future",2020-08-07,"cumulative_deaths",732,724,718,806,814,871,876,883
"New Mexico","return_normal","Future",2020-08-07,"cumulative_deaths",732,727,724,808,815,874,884,891
"New Mexico","status_quo","Future",2020-08-07,"cumulative_deaths",730,726,723,807,816,871,877,879
"New Mexico","linear_increase_sd","Future",2020-08-07,"cumulative_hosps",2574,2564,2559,2898,2864,3251,3265,3281
"New Mexico","return_normal","Future",2020-08-07,"cumulative_hosps",2580,2569,2563,2902,2865,3263,3280,3290
"New Mexico","status_quo","Future",2020-08-07,"cumulative_hosps",2578,2565,2557,2902,2869,3266,3280,3287
"New Mexico","linear_increase_sd","Future",2020-08-07,"daily_all_infections",762,740,726,2159,1172,4580,4643,4671
"New Mexico","return_normal","Future",2020-08-07,"daily_all_infections",1565,1531,1513,4625,2521,9872,9975,10014
"New Mexico","status_quo","Future",2020-08-07,"daily_all_infections",1468,1428,1410,4344,2342,9325,9428,9503
"New Mexico","linear_increase_sd","Future",2020-08-07,"daily_cases",249,187,167,946,656,2196,2832,3180
"New Mexico","return_normal","Future",2020-08-07,"daily_cases",276,217,174,1142,708,2762,3340,3941
"New Mexico","status_quo","Future",2020-08-07,"daily_cases",272,208,170,1124,755,2528,3117,3670
"New Mexico","linear_increase_sd","Future",2020-08-07,"daily_deaths",3,2,2,10,9,17,20,21
"New Mexico","return_normal","Future",2020-08-07,"daily_deaths",4,2,2,11,9,18,22,24
"New Mexico","status_quo","Future",2020-08-07,"daily_deaths",3,2,1,10,9,17,21,23
"New Mexico","linear_increase_sd","Future",2020-08-07,"daily_hosps",46,44,43,83,58,148,152,156
"New Mexico","return_normal","Future",2020-08-07,"daily_hosps",47,45,44,85,59,151,159,164
"New Mexico","status_quo","Future",2020-08-07,"daily_hosps",47,44,42,85,59,151,161,165
"New Mexico","linear_increase_sd","Future",2020-08-07,"latent_trend",NA,NA,NA,0.521640232843415,NA,NA,NA,NA
"New Mexico","return_normal","Future",2020-08-07,"latent_trend",NA,NA,NA,0.521640232843415,NA,NA,NA,NA
"New Mexico","status_quo","Future",2020-08-07,"latent_trend",NA,NA,NA,0.521640232843415,NA,NA,NA,NA
"New Mexico","linear_increase_sd","Future",2020-08-07,"mobility_trend",NA,NA,NA,0.493669037375406,NA,NA,NA,NA
"New Mexico","return_normal","Future",2020-08-07,"mobility_trend",NA,NA,NA,0.978284421990791,NA,NA,NA,NA
"New Mexico","status_quo","Future",2020-08-07,"mobility_trend",NA,NA,NA,0.929424371470071,NA,NA,NA,NA
"New Mexico","linear_increase_sd","Future",2020-08-08,"combined_trend",NA,NA,NA,0.222459433224858,NA,NA,NA,NA
"New Mexico","return_normal","Future",2020-08-08,"combined_trend",NA,NA,NA,0.491488900527849,NA,NA,NA,NA
"New Mexico","status_quo","Future",2020-08-08,"combined_trend",NA,NA,NA,0.46436472374502,NA,NA,NA,NA
"New Mexico","linear_increase_sd","Future",2020-08-08,"cumulative_all_infections",79074,78851,78647,99557,82502,137184,137511,137837
"New Mexico","return_normal","Future",2020-08-08,"cumulative_all_infections",85757,85368,85139,111912,86946,163298,163964,164354
"New Mexico","status_quo","Future",2020-08-08,"cumulative_all_infections",85025,84691,84244,110512,86368,160430,160853,161317
"New Mexico","linear_increase_sd","Future",2020-08-08,"cumulative_cases",23398,22878,22724,29319,27098,38298,39345,40384
"New Mexico","return_normal","Future",2020-08-08,"cumulative_cases",23634,23131,22919,30132,27768,39602,41521,43003
"New Mexico","status_quo","Future",2020-08-08,"cumulative_cases",23509,23120,22765,30015,27503,39903,40857,41764
"New Mexico","linear_increase_sd","Future",2020-08-08,"cumulative_deaths",739,734,727,816,822,885,895,899
"New Mexico","return_normal","Future",2020-08-08,"cumulative_deaths",742,735,731,818,820,891,900,909
"New Mexico","status_quo","Future",2020-08-08,"cumulative_deaths",741,735,732,818,823,889,894,899
"New Mexico","linear_increase_sd","Future",2020-08-08,"cumulative_hosps",2629,2617,2610,2989,2925,3416,3427,3435
"New Mexico","return_normal","Future",2020-08-08,"cumulative_hosps",2636,2625,2610,2995,2926,3428,3446,3459
"New Mexico","status_quo","Future",2020-08-08,"cumulative_hosps",2633,2620,2613,2996,2929,3430,3449,3456
"New Mexico","linear_increase_sd","Future",2020-08-08,"daily_all_infections",666,645,628,1897,1032,4022,4080,4124
"New Mexico","return_normal","Future",2020-08-08,"daily_all_infections",1618,1573,1540,4746,2566,10149,10233,10437
"New Mexico","status_quo","Future",2020-08-08,"daily_all_infections",1494,1473,1456,4412,2406,9432,9550,9628
"New Mexico","linear_increase_sd","Future",2020-08-08,"daily_cases",225,177,132,926,605,2020,3016,3526
"New Mexico","return_normal","Future",2020-08-08,"daily_cases",288,239,201,1221,756,2815,3534,4802
"New Mexico","status_quo","Future",2020-08-08,"daily_cases",291,229,178,1136,710,2652,3126,3776
"New Mexico","linear_increase_sd","Future",2020-08-08,"daily_deaths",3,2,1,11,10,18,20,22
"New Mexico","return_normal","Future",2020-08-08,"daily_deaths",3,2,2,11,9,19,23,25
"New Mexico","status_quo","Future",2020-08-08,"daily_deaths",3,2,2,11,11,19,21,23
"New Mexico","linear_increase_sd","Future",2020-08-08,"daily_hosps",48,46,44,91,63,167,172,178
"New Mexico","return_normal","Future",2020-08-08,"daily_hosps",49,46,42,93,62,172,178,182
"New Mexico","status_quo","Future",2020-08-08,"daily_hosps",50,47,44,94,63,172,179,186
"New Mexico","linear_increase_sd","Future",2020-08-08,"latent_trend",NA,NA,NA,0.499626153562698,NA,NA,NA,NA
"New Mexico","return_normal","Future",2020-08-08,"latent_trend",NA,NA,NA,0.499626153562698,NA,NA,NA,NA
"New Mexico","status_quo","Future",2020-08-08,"latent_trend",NA,NA,NA,0.499626153562698,NA,NA,NA,NA
"New Mexico","linear_increase_sd","Future",2020-08-08,"mobility_trend",NA,NA,NA,0.445251778031555,NA,NA,NA,NA
"New Mexico","return_normal","Future",2020-08-08,"mobility_trend",NA,NA,NA,0.983713316493093,NA,NA,NA,NA
"New Mexico","status_quo","Future",2020-08-08,"mobility_trend",NA,NA,NA,0.929424371470071,NA,NA,NA,NA
"New Mexico","linear_increase_sd","Future",2020-08-09,"combined_trend",NA,NA,NA,0.189533532746273,NA,NA,NA,NA
"New Mexico","return_normal","Future",2020-08-09,"combined_trend",NA,NA,NA,0.472427696709404,NA,NA,NA,NA
"New Mexico","status_quo","Future",2020-08-09,"combined_trend",NA,NA,NA,0.44390564895348,NA,NA,NA,NA
"New Mexico","linear_increase_sd","Future",2020-08-09,"cumulative_all_infections",79923,79686,79557,101167,83094,140551,140977,141301
"New Mexico","return_normal","Future",2020-08-09,"cumulative_all_infections",87979,87728,87559,116727,89014,173554,174177,174807
"New Mexico","status_quo","Future",2020-08-09,"cumulative_all_infections",87274,87014,86673,114914,88260,169602,170157,170752
"New Mexico","linear_increase_sd","Future",2020-08-09,"cumulative_cases",23722,23305,23151,30321,27712,40255,41479,42163
"New Mexico","return_normal","Future",2020-08-09,"cumulative_cases",24150,23705,23414,31430,28477,42337,44693,46288
"New Mexico","status_quo","Future",2020-08-09,"cumulative_cases",23923,23625,23223,31377,28249,42958,44455,45628
"New Mexico","linear_increase_sd","Future",2020-08-09,"cumulative_deaths",747,741,735,828,827,906,917,922
"New Mexico","return_normal","Future",2020-08-09,"cumulative_deaths",750,742,740,829,828,912,921,926
"New Mexico","status_quo","Future",2020-08-09,"cumulative_deaths",750,744,741,829,828,906,912,923
"New Mexico","linear_increase_sd","Future",2020-08-09,"cumulative_hosps",2682,2675,2661,3085,2984,3589,3604,3619
"New Mexico","return_normal","Future",2020-08-09,"cumulative_hosps",2691,2679,2666,3098,2992,3613,3634,3650
"New Mexico","status_quo","Future",2020-08-09,"cumulative_hosps",2690,2677,2669,3098,2993,3617,3636,3645
"New Mexico","linear_increase_sd","Future",2020-08-09,"daily_all_infections",584,568,555,1610,893,3395,3447,3502
"New Mexico","return_normal","Future",2020-08-09,"daily_all_infections",1680,1631,1588,4816,2638,10290,10412,10506
"New Mexico","status_quo","Future",2020-08-09,"daily_all_infections",1520,1494,1466,4402,2434,9299,9476,9592
"New Mexico","linear_increase_sd","Future",2020-08-09,"daily_cases",245,181,145,1002,559,2428,3181,3807
"New Mexico","return_normal","Future",2020-08-09,"daily_cases",294,218,160,1299,775,2994,3945,4607
"New Mexico","status_quo","Future",2020-08-09,"daily_cases",287,245,197,1363,736,3402,4248,4854
"New Mexico","linear_increase_sd","Future",2020-08-09,"daily_deaths",4,2,2,12,9,23,27,30
"New Mexico","return_normal","Future",2020-08-09,"daily_deaths",4,2,2,12,10,21,25,28
"New Mexico","status_quo","Future",2020-08-09,"daily_deaths",4,3,2,12,10,21,24,28
"New Mexico","linear_increase_sd","Future",2020-08-09,"daily_hosps",49,47,44,97,63,182,189,195
"New Mexico","return_normal","Future",2020-08-09,"daily_hosps",53,49,47,104,69,195,203,208
"New Mexico","status_quo","Future",2020-08-09,"daily_hosps",51,48,44,102,66,191,198,202
"New Mexico","linear_increase_sd","Future",2020-08-09,"latent_trend",NA,NA,NA,0.477613523574117,NA,NA,NA,NA
"New Mexico","return_normal","Future",2020-08-09,"latent_trend",NA,NA,NA,0.477613523574117,NA,NA,NA,NA
"New Mexico","status_quo","Future",2020-08-09,"latent_trend",NA,NA,NA,0.477613523574117,NA,NA,NA,NA
"New Mexico","linear_increase_sd","Future",2020-08-09,"mobility_trend",NA,NA,NA,0.396834518687703,NA,NA,NA,NA
"New Mexico","return_normal","Future",2020-08-09,"mobility_trend",NA,NA,NA,0.989142210995396,NA,NA,NA,NA
"New Mexico","status_quo","Future",2020-08-09,"mobility_trend",NA,NA,NA,0.929424371470071,NA,NA,NA,NA
"New Mexico","linear_increase_sd","Future",2020-08-10,"combined_trend",NA,NA,NA,0.158769391870763,NA,NA,NA,NA
"New Mexico","return_normal","Future",2020-08-10,"combined_trend",NA,NA,NA,0.453213626355587,NA,NA,NA,NA
"New Mexico","status_quo","Future",2020-08-10,"combined_trend",NA,NA,NA,0.423527073618758,NA,NA,NA,NA
"New Mexico","linear_increase_sd","Future",2020-08-10,"cumulative_all_infections",80626,80411,80270,102487,83604,143268,143756,143971
"New Mexico","return_normal","Future",2020-08-10,"cumulative_all_infections",90030,89810,89631,121500,91583,183497,184253,184809
"New Mexico","status_quo","Future",2020-08-10,"cumulative_all_infections",89098,88915,88633,119255,90305,178646,179345,179820
"New Mexico","linear_increase_sd","Future",2020-08-10,"cumulative_cases",24147,23563,23434,31206,28164,42329,43546,44437
"New Mexico","return_normal","Future",2020-08-10,"cumulative_cases",24599,24269,23932,32810,29139,45791,47661,49355
"New Mexico","status_quo","Future",2020-08-10,"cumulative_cases",24411,24016,23729,32750,29059,45880,47132,48862
"New Mexico","linear_increase_sd","Future",2020-08-10,"cumulative_deaths",759,750,745,840,834,930,937,943
"New Mexico","return_normal","Future",2020-08-10,"cumulative_deaths",758,752,748,842,837,930,941,951
"New Mexico","status_quo","Future",2020-08-10,"cumulative_deaths",760,751,748,842,837,926,933,942
"New Mexico","linear_increase_sd","Future",2020-08-10,"cumulative_hosps",2734,2727,2711,3187,3050,3775,3788,3811
"New Mexico","return_normal","Future",2020-08-10,"cumulative_hosps",2749,2738,2720,3211,3060,3824,3849,3858
"New Mexico","status_quo","Future",2020-08-10,"cumulative_hosps",2745,2734,2727,3208,3062,3825,3845,3858
"New Mexico","linear_increase_sd","Future",2020-08-10,"daily_all_infections",497,481,471,1320,740,2755,2788,2817
"New Mexico","return_normal","Future",2020-08-10,"daily_all_infections",1705,1661,1629,4773,2645,10037,10122,10286
"New Mexico","status_quo","Future",2020-08-10,"daily_all_infections",1561,1524,1493,4342,2437,9119,9250,9320
"New Mexico","linear_increase_sd","Future",2020-08-10,"daily_cases",200,146,123,886,532,2204,2924,3289
"New Mexico","return_normal","Future",2020-08-10,"daily_cases",324,239,183,1380,834,3188,4041,5704
"New Mexico","status_quo","Future",2020-08-10,"daily_cases",263,226,191,1373,871,3205,4349,5072
"New Mexico","linear_increase_sd","Future",2020-08-10,"daily_deaths",4,3,2,13,11,23,26,29
"New Mexico","return_normal","Future",2020-08-10,"daily_deaths",4,3,2,13,11,23,27,29
"New Mexico","status_quo","Future",2020-08-10,"daily_deaths",4,3,2,13,11,22,26,27
"New Mexico","linear_increase_sd","Future",2020-08-10,"daily_hosps",49,47,46,102,65,193,203,210
"New Mexico","return_normal","Future",2020-08-10,"daily_hosps",54,52,51,113,70,219,227,232
"New Mexico","status_quo","Future",2020-08-10,"daily_hosps",53,50,47,111,69,214,220,228
"New Mexico","linear_increase_sd","Future",2020-08-10,"latent_trend",NA,NA,NA,0.455687505750323,NA,NA,NA,NA
"New Mexico","return_normal","Future",2020-08-10,"latent_trend",NA,NA,NA,0.455687505750323,NA,NA,NA,NA
"New Mexico","status_quo","Future",2020-08-10,"latent_trend",NA,NA,NA,0.455687505750323,NA,NA,NA,NA
"New Mexico","linear_increase_sd","Future",2020-08-10,"mobility_trend",NA,NA,NA,0.348417259343851,NA,NA,NA,NA
"New Mexico","return_normal","Future",2020-08-10,"mobility_trend",NA,NA,NA,0.994571105497698,NA,NA,NA,NA
"New Mexico","status_quo","Future",2020-08-10,"mobility_trend",NA,NA,NA,0.929424371470071,NA,NA,NA,NA
"New Mexico","linear_increase_sd","Future",2020-08-11,"combined_trend",NA,NA,NA,0.13017957833442,NA,NA,NA,NA
"New Mexico","return_normal","Future",2020-08-11,"combined_trend",NA,NA,NA,0.433931927781401,NA,NA,NA,NA
"New Mexico","status_quo","Future",2020-08-11,"combined_trend",NA,NA,NA,0.403306909239025,NA,NA,NA,NA
"New Mexico","linear_increase_sd","Future",2020-08-11,"cumulative_all_infections",81271,81003,80850,103522,84031,145348,145861,146096
"New Mexico","return_normal","Future",2020-08-11,"cumulative_all_infections",91877,91699,91445,126201,94297,193160,194100,194510
"New Mexico","status_quo","Future",2020-08-11,"cumulative_all_infections",90787,90587,90379,123462,92594,187345,188151,188482
"New Mexico","linear_increase_sd","Future",2020-08-11,"cumulative_cases",24465,23907,23751,32146,28722,44398,45313,46522
"New Mexico","return_normal","Future",2020-08-11,"cumulative_cases",25314,24758,24347,34326,29980,48463,50978,52842
"New Mexico","status_quo","Future",2020-08-11,"cumulative_cases",24809,24562,24342,34141,29962,48781,50375,51478
"New Mexico","linear_increase_sd","Future",2020-08-11,"cumulative_deaths",768,757,755,854,842,953,964,970
"New Mexico","return_normal","Future",2020-08-11,"cumulative_deaths",768,762,757,855,845,954,963,973
"New Mexico","status_quo","Future",2020-08-11,"cumulative_deaths",771,762,758,855,846,949,960,965
"New Mexico","linear_increase_sd","Future",2020-08-11,"cumulative_hosps",2785,2777,2765,3293,3112,3982,3999,4016
"New Mexico","return_normal","Future",2020-08-11,"cumulative_hosps",2807,2797,2776,3334,3137,4061,4080,4093
"New Mexico","status_quo","Future",2020-08-11,"cumulative_hosps",2801,2789,2782,3328,3134,4053,4069,4084
"New Mexico","linear_increase_sd","Future",2020-08-11,"daily_all_infections",406,392,386,1036,595,2116,2163,2172
"New Mexico","return_normal","Future",2020-08-11,"daily_all_infections",1784,1738,1714,4701,2713,9697,9834,9917
"New Mexico","status_quo","Future",2020-08-11,"daily_all_infections",1597,1575,1536,4208,2390,8692,8837,8905
"New Mexico","linear_increase_sd","Future",2020-08-11,"daily_cases",198,153,125,940,515,2389,3209,3683
"New Mexico","return_normal","Future",2020-08-11,"daily_cases",349,288,246,1517,850,3677,4550,5095
"New Mexico","status_quo","Future",2020-08-11,"daily_cases",340,264,203,1391,774,3319,4290,5442
"New Mexico","linear_increase_sd","Future",2020-08-11,"daily_deaths",4,3,2,14,11,27,31,32
"New Mexico","return_normal","Future",2020-08-11,"daily_deaths",5,4,3,14,11,26,31,33
"New Mexico","status_quo","Future",2020-08-11,"daily_deaths",5,4,3,14,12,27,31,35
"New Mexico","linear_increase_sd","Future",2020-08-11,"daily_hosps",48,44,42,107,67,210,216,220
"New Mexico","return_normal","Future",2020-08-11,"daily_hosps",56,51,49,123,75,242,249,253
"New Mexico","status_quo","Future",2020-08-11,"daily_hosps",53,49,46,120,73,235,244,248
"New Mexico","linear_increase_sd","Future",2020-08-11,"latent_trend",NA,NA,NA,0.433931927781401,NA,NA,NA,NA
"New Mexico","return_normal","Future",2020-08-11,"latent_trend",NA,NA,NA,0.433931927781401,NA,NA,NA,NA
"New Mexico","status_quo","Future",2020-08-11,"latent_trend",NA,NA,NA,0.433931927781401,NA,NA,NA,NA
"New Mexico","linear_increase_sd","Future",2020-08-11,"mobility_trend",NA,NA,NA,0.3,NA,NA,NA,NA
"New Mexico","return_normal","Future",2020-08-11,"mobility_trend",NA,NA,NA,1,NA,NA,NA,NA
"New Mexico","status_quo","Future",2020-08-11,"mobility_trend",NA,NA,NA,0.929424371470071,NA,NA,NA,NA
"New Mexico","linear_increase_sd","Future",2020-08-12,"combined_trend",NA,NA,NA,0.13017957833442,NA,NA,NA,NA
"New Mexico","return_normal","Future",2020-08-12,"combined_trend",NA,NA,NA,0.433931927781401,NA,NA,NA,NA
"New Mexico","status_quo","Future",2020-08-12,"combined_trend",NA,NA,NA,0.403306909239025,NA,NA,NA,NA
"New Mexico","linear_increase_sd","Future",2020-08-12,"cumulative_all_infections",81701,81448,81280,104303,84383,146917,147452,147647
"New Mexico","return_normal","Future",2020-08-12,"cumulative_all_infections",93756,93575,93360,130734,96926,202232,203204,203723
"New Mexico","status_quo","Future",2020-08-12,"cumulative_all_infections",92469,92292,92109,127466,94949,195361,196272,196500
"New Mexico","linear_increase_sd","Future",2020-08-12,"cumulative_cases",24726,24266,24045,32927,29214,46082,46952,48383
"New Mexico","return_normal","Future",2020-08-12,"cumulative_cases",25682,25243,25031,35806,30815,52110,54286,55898
"New Mexico","status_quo","Future",2020-08-12,"cumulative_cases",25439,25022,24827,35631,30905,52548,54209,55375
"New Mexico","linear_increase_sd","Future",2020-08-12,"cumulative_deaths",775,767,763,868,850,980,990,995
"New Mexico","return_normal","Future",2020-08-12,"cumulative_deaths",780,773,767,870,853,979,990,1001
"New Mexico","status_quo","Future",2020-08-12,"cumulative_deaths",781,773,767,871,855,977,987,991
"New Mexico","linear_increase_sd","Future",2020-08-12,"cumulative_hosps",2836,2826,2815,3400,3177,4191,4212,4242
"New Mexico","return_normal","Future",2020-08-12,"cumulative_hosps",2866,2851,2835,3466,3213,4320,4343,4362
"New Mexico","status_quo","Future",2020-08-12,"cumulative_hosps",2858,2846,2836,3458,3213,4307,4330,4352
"New Mexico","linear_increase_sd","Future",2020-08-12,"daily_all_infections",328,312,302,781,464,1572,1595,1620
"New Mexico","return_normal","Future",2020-08-12,"daily_all_infections",1852,1824,1774,4533,2679,9137,9233,9327
"New Mexico","status_quo","Future",2020-08-12,"daily_all_infections",1624,1596,1579,4005,2399,8051,8179,8269
"New Mexico","linear_increase_sd","Future",2020-08-12,"daily_cases",190,133,109,781,461,1864,2416,2723
"New Mexico","return_normal","Future",2020-08-12,"daily_cases",392,287,228,1480,950,3513,4444,5565
"New Mexico","status_quo","Future",2020-08-12,"daily_cases",305,223,169,1491,863,3632,4520,5251
"New Mexico","linear_increase_sd","Future",2020-08-12,"daily_deaths",4,3,2,15,11,28,32,35
"New Mexico","return_normal","Future",2020-08-12,"daily_deaths",5,3,3,15,13,29,32,37
"New Mexico","status_quo","Future",2020-08-12,"daily_deaths",5,4,3,16,12,30,33,37
"New Mexico","linear_increase_sd","Future",2020-08-12,"daily_hosps",47,43,41,108,66,212,221,229
"New Mexico","return_normal","Future",2020-08-12,"daily_hosps",55,52,49,133,79,264,276,281
"New Mexico","status_quo","Future",2020-08-12,"daily_hosps",54,49,46,131,79,261,271,278
"New Mexico","linear_increase_sd","Future",2020-08-12,"latent_trend",NA,NA,NA,0.433931927781401,NA,NA,NA,NA
"New Mexico","return_normal","Future",2020-08-12,"latent_trend",NA,NA,NA,0.433931927781401,NA,NA,NA,NA
"New Mexico","status_quo","Future",2020-08-12,"latent_trend",NA,NA,NA,0.433931927781401,NA,NA,NA,NA
"New Mexico","linear_increase_sd","Future",2020-08-12,"mobility_trend",NA,NA,NA,0.3,NA,NA,NA,NA
"New Mexico","return_normal","Future",2020-08-12,"mobility_trend",NA,NA,NA,1,NA,NA,NA,NA
"New Mexico","status_quo","Future",2020-08-12,"mobility_trend",NA,NA,NA,0.929424371470071,NA,NA,NA,NA
"New Mexico","linear_increase_sd","Future",2020-08-13,"combined_trend",NA,NA,NA,0.13017957833442,NA,NA,NA,NA
"New Mexico","return_normal","Future",2020-08-13,"combined_trend",NA,NA,NA,0.433931927781401,NA,NA,NA,NA
"New Mexico","status_quo","Future",2020-08-13,"combined_trend",NA,NA,NA,0.403306909239025,NA,NA,NA,NA
"New Mexico","linear_increase_sd","Future",2020-08-13,"cumulative_all_infections",82144,81892,81693,105031,84688,148354,148929,149124
"New Mexico","return_normal","Future",2020-08-13,"cumulative_all_infections",95702,95463,95224,135418,99722,211542,212815,213239
"New Mexico","status_quo","Future",2020-08-13,"cumulative_all_infections",94186,93941,93747,131599,97394,203634,204536,204890
"New Mexico","linear_increase_sd","Future",2020-08-13,"cumulative_cases",25074,24591,24329,33656,29721,47430,48861,50245
"New Mexico","return_normal","Future",2020-08-13,"cumulative_cases",26277,25843,25506,37466,31891,55198,57535,60049
"New Mexico","status_quo","Future",2020-08-13,"cumulative_cases",25949,25716,25361,37129,31788,55653,57079,58799
"New Mexico","linear_increase_sd","Future",2020-08-13,"cumulative_deaths",784,776,772,884,861,1009,1020,1027
"New Mexico","return_normal","Future",2020-08-13,"cumulative_deaths",790,782,776,887,862,1013,1024,1034
"New Mexico","status_quo","Future",2020-08-13,"cumulative_deaths",789,782,777,887,865,1007,1017,1024
"New Mexico","linear_increase_sd","Future",2020-08-13,"cumulative_hosps",2883,2874,2862,3510,3242,4406,4427,4456
"New Mexico","return_normal","Future",2020-08-13,"cumulative_hosps",2925,2907,2896,3608,3292,4610,4630,4649
"New Mexico","status_quo","Future",2020-08-13,"cumulative_hosps",2919,2908,2896,3597,3298,4583,4608,4619
"New Mexico","linear_increase_sd","Future",2020-08-13,"daily_all_infections",296,288,280,728,437,1470,1498,1516
"New Mexico","return_normal","Future",2020-08-13,"daily_all_infections",1893,1856,1834,4684,2696,9484,9570,9717
"New Mexico","status_quo","Future",2020-08-13,"daily_all_infections",1684,1617,1583,4133,2424,8355,8458,8519
"New Mexico","linear_increase_sd","Future",2020-08-13,"daily_cases",187,145,125,729,442,1827,2057,2389
"New Mexico","return_normal","Future",2020-08-13,"daily_cases",328,279,221,1661,912,4050,5249,6206
"New Mexico","status_quo","Future",2020-08-13,"daily_cases",357,240,188,1498,914,3587,4885,5292
"New Mexico","linear_increase_sd","Future",2020-08-13,"daily_deaths",5,3,3,16,12,31,36,42
"New Mexico","return_normal","Future",2020-08-13,"daily_deaths",5,4,3,17,13,33,37,42
"New Mexico","status_quo","Future",2020-08-13,"daily_deaths",5,4,3,17,13,32,39,40
"New Mexico","linear_increase_sd","Future",2020-08-13,"daily_hosps",46,43,41,110,65,221,233,238
"New Mexico","return_normal","Future",2020-08-13,"daily_hosps",56,53,51,143,83,295,304,310
"New Mexico","status_quo","Future",2020-08-13,"daily_hosps",57,53,50,139,83,284,293,300
"New Mexico","linear_increase_sd","Future",2020-08-13,"latent_trend",NA,NA,NA,0.433931927781401,NA,NA,NA,NA
"New Mexico","return_normal","Future",2020-08-13,"latent_trend",NA,NA,NA,0.433931927781401,NA,NA,NA,NA
"New Mexico","status_quo","Future",2020-08-13,"latent_trend",NA,NA,NA,0.433931927781401,NA,NA,NA,NA
"New Mexico","linear_increase_sd","Future",2020-08-13,"mobility_trend",NA,NA,NA,0.3,NA,NA,NA,NA
"New Mexico","return_normal","Future",2020-08-13,"mobility_trend",NA,NA,NA,1,NA,NA,NA,NA
"New Mexico","status_quo","Future",2020-08-13,"mobility_trend",NA,NA,NA,0.929424371470071,NA,NA,NA,NA
"New Mexico","linear_increase_sd","Future",2020-08-14,"combined_trend",NA,NA,NA,0.13017957833442,NA,NA,NA,NA
"New Mexico","return_normal","Future",2020-08-14,"combined_trend",NA,NA,NA,0.433931927781401,NA,NA,NA,NA
"New Mexico","status_quo","Future",2020-08-14,"combined_trend",NA,NA,NA,0.403306909239025,NA,NA,NA,NA
"New Mexico","linear_increase_sd","Future",2020-08-14,"cumulative_all_infections",82539,82280,82071,105698,84970,149698,150240,150504
"New Mexico","return_normal","Future",2020-08-14,"cumulative_all_infections",97652,97446,97172,140235,102614,221390,222580,222944
"New Mexico","status_quo","Future",2020-08-14,"cumulative_all_infections",95912,95631,95435,135784,99902,212083,213048,213565
"New Mexico","linear_increase_sd","Future",2020-08-14,"cumulative_cases",25283,24741,24602,34329,29926,48932,49976,51493
"New Mexico","return_normal","Future",2020-08-14,"cumulative_cases",26867,26509,26202,39093,32897,57943,61201,62996
"New Mexico","status_quo","Future",2020-08-14,"cumulative_cases",26512,26124,25796,38622,32587,58886,60491,61433
"New Mexico","linear_increase_sd","Future",2020-08-14,"cumulative_deaths",792,785,781,901,868,1039,1048,1057
"New Mexico","return_normal","Future",2020-08-14,"cumulative_deaths",798,793,786,905,871,1047,1063,1069
"New Mexico","status_quo","Future",2020-08-14,"cumulative_deaths",798,793,787,905,875,1040,1050,1059
"New Mexico","linear_increase_sd","Future",2020-08-14,"cumulative_hosps",2932,2918,2911,3618,3305,4622,4653,4676
"New Mexico","return_normal","Future",2020-08-14,"cumulative_hosps",2985,2966,2955,3763,3385,4925,4948,4967
"New Mexico","status_quo","Future",2020-08-14,"cumulative_hosps",2977,2964,2952,3745,3385,4887,4908,4928
"New Mexico","linear_increase_sd","Future",2020-08-14,"daily_all_infections",273,263,256,667,392,1344,1378,1402
"New Mexico","return_normal","Future",2020-08-14,"daily_all_infections",1982,1922,1902,4818,2834,9727,9849,9924
"New Mexico","status_quo","Future",2020-08-14,"daily_all_infections",1677,1637,1613,4185,2463,8450,8587,8712
"New Mexico","linear_increase_sd","Future",2020-08-14,"daily_cases",138,107,65,673,388,1683,2017,2529
"New Mexico","return_normal","Future",2020-08-14,"daily_cases",381,293,261,1627,998,4082,4895,5753
"New Mexico","status_quo","Future",2020-08-14,"daily_cases",338,282,256,1494,837,3474,4583,5487
"New Mexico","linear_increase_sd","Future",2020-08-14,"daily_deaths",5,4,3,17,12,34,39,42
"New Mexico","return_normal","Future",2020-08-14,"daily_deaths",5,3,3,18,13,37,43,48
"New Mexico","status_quo","Future",2020-08-14,"daily_deaths",7,5,4,19,13,36,40,45
"New Mexico","linear_increase_sd","Future",2020-08-14,"daily_hosps",43,40,38,109,63,219,233,240
"New Mexico","return_normal","Future",2020-08-14,"daily_hosps",57,54,51,155,88,320,328,339
"New Mexico","status_quo","Future",2020-08-14,"daily_hosps",56,53,51,148,86,307,315,324
"New Mexico","linear_increase_sd","Future",2020-08-14,"latent_trend",NA,NA,NA,0.433931927781401,NA,NA,NA,NA
"New Mexico","return_normal","Future",2020-08-14,"latent_trend",NA,NA,NA,0.433931927781401,NA,NA,NA,NA
"New Mexico","status_quo","Future",2020-08-14,"latent_trend",NA,NA,NA,0.433931927781401,NA,NA,NA,NA
"New Mexico","linear_increase_sd","Future",2020-08-14,"mobility_trend",NA,NA,NA,0.3,NA,NA,NA,NA
"New Mexico","return_normal","Future",2020-08-14,"mobility_trend",NA,NA,NA,1,NA,NA,NA,NA
"New Mexico","status_quo","Future",2020-08-14,"mobility_trend",NA,NA,NA,0.929424371470071,NA,NA,NA,NA
"New Mexico","linear_increase_sd","Future",2020-08-15,"combined_trend",NA,NA,NA,0.13017957833442,NA,NA,NA,NA
"New Mexico","return_normal","Future",2020-08-15,"combined_trend",NA,NA,NA,0.433931927781401,NA,NA,NA,NA
"New Mexico","status_quo","Future",2020-08-15,"combined_trend",NA,NA,NA,0.403306909239025,NA,NA,NA,NA
"New Mexico","linear_increase_sd","Future",2020-08-15,"cumulative_all_infections",82882,82615,82416,106302,85226,150893,151443,151723
"New Mexico","return_normal","Future",2020-08-15,"cumulative_all_infections",99628,99438,99212,145147,105465,231065,232446,232946
"New Mexico","status_quo","Future",2020-08-15,"cumulative_all_infections",97700,97334,97118,140020,102416,220469,221375,222129
"New Mexico","linear_increase_sd","Future",2020-08-15,"cumulative_cases",25513,24979,24832,34886,30288,49922,50982,52743
"New Mexico","return_normal","Future",2020-08-15,"cumulative_cases",27431,27029,26761,40866,33708,62466,65388,67981
"New Mexico","status_quo","Future",2020-08-15,"cumulative_cases",27077,26742,26294,40211,33414,61445,63886,65519
"New Mexico","linear_increase_sd","Future",2020-08-15,"cumulative_deaths",802,792,790,918,880,1072,1080,1089
"New Mexico","return_normal","Future",2020-08-15,"cumulative_deaths",809,802,796,924,883,1084,1097,1103
"New Mexico","status_quo","Future",2020-08-15,"cumulative_deaths",808,801,796,925,887,1079,1089,1097
"New Mexico","linear_increase_sd","Future",2020-08-15,"cumulative_hosps",2975,2961,2956,3724,3370,4843,4872,4888
"New Mexico","return_normal","Future",2020-08-15,"cumulative_hosps",3047,3030,3019,3926,3479,5256,5286,5311
"New Mexico","status_quo","Future",2020-08-15,"cumulative_hosps",3038,3025,3011,3901,3472,5207,5242,5262
"New Mexico","linear_increase_sd","Future",2020-08-15,"daily_all_infections",245,233,227,605,358,1228,1243,1256
"New Mexico","return_normal","Future",2020-08-15,"daily_all_infections",2001,1938,1906,4913,2941,9873,10019,10096
"New Mexico","status_quo","Future",2020-08-15,"daily_all_infections",1727,1687,1664,4237,2528,8509,8643,8699
"New Mexico","linear_increase_sd","Future",2020-08-15,"daily_cases",127,99,73,558,334,1405,1723,1916
"New Mexico","return_normal","Future",2020-08-15,"daily_cases",385,301,250,1774,955,4248,6039,7693
"New Mexico","status_quo","Future",2020-08-15,"daily_cases",317,245,194,1589,934,4029,4849,5876
"New Mexico","linear_increase_sd","Future",2020-08-15,"daily_deaths",5,4,3,18,13,37,42,46
"New Mexico","return_normal","Future",2020-08-15,"daily_deaths",6,4,4,20,14,41,47,50
"New Mexico","status_quo","Future",2020-08-15,"daily_deaths",6,4,3,20,14,42,46,50
"New Mexico","linear_increase_sd","Future",2020-08-15,"daily_hosps",40,37,36,107,62,218,228,236
"New Mexico","return_normal","Future",2020-08-15,"daily_hosps",58,56,54,164,93,344,354,361
"New Mexico","status_quo","Future",2020-08-15,"daily_hosps",57,54,52,157,86,329,339,353
"New Mexico","linear_increase_sd","Future",2020-08-15,"latent_trend",NA,NA,NA,0.433931927781401,NA,NA,NA,NA
"New Mexico","return_normal","Future",2020-08-15,"latent_trend",NA,NA,NA,0.433931927781401,NA,NA,NA,NA
"New Mexico","status_quo","Future",2020-08-15,"latent_trend",NA,NA,NA,0.433931927781401,NA,NA,NA,NA
"New Mexico","linear_increase_sd","Future",2020-08-15,"mobility_trend",NA,NA,NA,0.3,NA,NA,NA,NA
"New Mexico","return_normal","Future",2020-08-15,"mobility_trend",NA,NA,NA,1,NA,NA,NA,NA
"New Mexico","status_quo","Future",2020-08-15,"mobility_trend",NA,NA,NA,0.929424371470071,NA,NA,NA,NA
"New Mexico","linear_increase_sd","Future",2020-08-16,"combined_trend",NA,NA,NA,0.13017957833442,NA,NA,NA,NA
"New Mexico","return_normal","Future",2020-08-16,"combined_trend",NA,NA,NA,0.433931927781401,NA,NA,NA,NA
"New Mexico","status_quo","Future",2020-08-16,"combined_trend",NA,NA,NA,0.403306909239025,NA,NA,NA,NA
"New Mexico","linear_increase_sd","Future",2020-08-16,"cumulative_all_infections",83187,82880,82718,106841,85437,152002,152557,152783
"New Mexico","return_normal","Future",2020-08-16,"cumulative_all_infections",101704,101489,101170,150127,108598,241057,242442,242915
"New Mexico","status_quo","Future",2020-08-16,"cumulative_all_infections",99454,99105,98856,144284,104968,228896,229911,230726
"New Mexico","linear_increase_sd","Future",2020-08-16,"cumulative_cases",25670,25133,24975,35369,30508,50911,52492,53998
"New Mexico","return_normal","Future",2020-08-16,"cumulative_cases",28112,27676,27317,42577,34640,65863,68811,71632
"New Mexico","status_quo","Future",2020-08-16,"cumulative_cases",27633,27210,26828,41733,34387,64914,67038,69173
"New Mexico","linear_increase_sd","Future",2020-08-16,"cumulative_deaths",814,804,800,937,891,1110,1118,1125
"New Mexico","return_normal","Future",2020-08-16,"cumulative_deaths",819,811,804,946,893,1130,1143,1153
"New Mexico","status_quo","Future",2020-08-16,"cumulative_deaths",819,812,805,946,898,1123,1137,1142
"New Mexico","linear_increase_sd","Future",2020-08-16,"cumulative_hosps",3013,3004,3000,3826,3430,5041,5082,5099
"New Mexico","return_normal","Future",2020-08-16,"cumulative_hosps",3112,3099,3090,4098,3574,5611,5646,5667
"New Mexico","status_quo","Future",2020-08-16,"cumulative_hosps",3100,3084,3071,4066,3567,5550,5581,5609
"New Mexico","linear_increase_sd","Future",2020-08-16,"daily_all_infections",214,208,201,539,315,1094,1117,1150
"New Mexico","return_normal","Future",2020-08-16,"daily_all_infections",2059,2013,1967,4980,2984,9904,10055,10176
"New Mexico","status_quo","Future",2020-08-16,"daily_all_infections",1760,1718,1683,4265,2577,8514,8607,8693
"New Mexico","linear_increase_sd","Future",2020-08-16,"daily_cases",117,87,78,483,282,1197,1408,1789
"New Mexico","return_normal","Future",2020-08-16,"daily_cases",427,330,284,1711,1006,4033,5554,6136
"New Mexico","status_quo","Future",2020-08-16,"daily_cases",347,280,239,1522,925,3582,4652,5598
"New Mexico","linear_increase_sd","Future",2020-08-16,"daily_deaths",5,4,4,19,14,39,45,48
"New Mexico","return_normal","Future",2020-08-16,"daily_deaths",6,5,4,23,14,51,55,59
"New Mexico","status_quo","Future",2020-08-16,"daily_deaths",7,5,4,22,14,47,53,55
"New Mexico","linear_increase_sd","Future",2020-08-16,"daily_hosps",38,35,34,102,61,212,218,228
"New Mexico","return_normal","Future",2020-08-16,"daily_hosps",61,57,55,172,97,363,374,382
"New Mexico","status_quo","Future",2020-08-16,"daily_hosps",58,53,51,165,94,348,359,363
"New Mexico","linear_increase_sd","Future",2020-08-16,"latent_trend",NA,NA,NA,0.433931927781401,NA,NA,NA,NA
"New Mexico","return_normal","Future",2020-08-16,"latent_trend",NA,NA,NA,0.433931927781401,NA,NA,NA,NA
"New Mexico","status_quo","Future",2020-08-16,"latent_trend",NA,NA,NA,0.433931927781401,NA,NA,NA,NA
"New Mexico","linear_increase_sd","Future",2020-08-16,"mobility_trend",NA,NA,NA,0.3,NA,NA,NA,NA
"New Mexico","return_normal","Future",2020-08-16,"mobility_trend",NA,NA,NA,1,NA,NA,NA,NA
"New Mexico","status_quo","Future",2020-08-16,"mobility_trend",NA,NA,NA,0.929424371470071,NA,NA,NA,NA
"New Mexico","linear_increase_sd","Future",2020-08-17,"combined_trend",NA,NA,NA,0.13017957833442,NA,NA,NA,NA
"New Mexico","return_normal","Future",2020-08-17,"combined_trend",NA,NA,NA,0.433931927781401,NA,NA,NA,NA
"New Mexico","status_quo","Future",2020-08-17,"combined_trend",NA,NA,NA,0.403306909239025,NA,NA,NA,NA
"New Mexico","linear_increase_sd","Future",2020-08-17,"cumulative_all_infections",83463,83151,82981,107318,85640,152953,153579,153747
"New Mexico","return_normal","Future",2020-08-17,"cumulative_all_infections",103885,103626,103213,155169,111653,251026,252517,253071
"New Mexico","status_quo","Future",2020-08-17,"cumulative_all_infections",101301,100887,100602,148564,107643,237445,238459,239203
"New Mexico","linear_increase_sd","Future",2020-08-17,"cumulative_cases",25931,25328,25110,35795,30759,51744,53606,54798
"New Mexico","return_normal","Future",2020-08-17,"cumulative_cases",28714,28056,27782,44394,35713,69211,72331,76708
"New Mexico","status_quo","Future",2020-08-17,"cumulative_cases",28258,27752,27439,43185,35021,67788,71498,72794
"New Mexico","linear_increase_sd","Future",2020-08-17,"cumulative_deaths",822,814,809,957,901,1148,1156,1165
"New Mexico","return_normal","Future",2020-08-17,"cumulative_deaths",829,825,815,971,907,1177,1194,1206
"New Mexico","status_quo","Future",2020-08-17,"cumulative_deaths",830,821,814,969,910,1173,1184,1190
"New Mexico","linear_increase_sd","Future",2020-08-17,"cumulative_hosps",3051,3040,3031,3922,3485,5236,5286,5305
"New Mexico","return_normal","Future",2020-08-17,"cumulative_hosps",3183,3168,3158,4278,3677,5983,6017,6036
"New Mexico","status_quo","Future",2020-08-17,"cumulative_hosps",3164,3145,3136,4236,3664,5903,5946,5970
"New Mexico","linear_increase_sd","Future",2020-08-17,"daily_all_infections",198,186,179,477,281,961,984,1005
"New Mexico","return_normal","Future",2020-08-17,"daily_all_infections",2128,2085,2050,5042,3092,10014,10091,10252
"New Mexico","status_quo","Future",2020-08-17,"daily_all_infections",1795,1742,1723,4281,2624,8504,8597,8740
"New Mexico","linear_increase_sd","Future",2020-08-17,"daily_cases",106,83,71,427,263,979,1238,1338
"New Mexico","return_normal","Future",2020-08-17,"daily_cases",351,226,198,1818,1047,4355,5641,6882
"New Mexico","status_quo","Future",2020-08-17,"daily_cases",329,260,219,1452,905,3498,4493,5206
"New Mexico","linear_increase_sd","Future",2020-08-17,"daily_deaths",6,4,4,20,13,45,50,54
"New Mexico","return_normal","Future",2020-08-17,"daily_deaths",7,6,5,25,16,53,57,60
"New Mexico","status_quo","Future",2020-08-17,"daily_deaths",6,5,4,23,14,51,56,60
"New Mexico","linear_increase_sd","Future",2020-08-17,"daily_hosps",34,31,30,97,56,204,210,217
"New Mexico","return_normal","Future",2020-08-17,"daily_hosps",64,61,59,180,101,384,392,395
"New Mexico","status_quo","Future",2020-08-17,"daily_hosps",62,57,55,171,95,358,373,377
"New Mexico","linear_increase_sd","Future",2020-08-17,"latent_trend",NA,NA,NA,0.433931927781401,NA,NA,NA,NA
"New Mexico","return_normal","Future",2020-08-17,"latent_trend",NA,NA,NA,0.433931927781401,NA,NA,NA,NA
"New Mexico","status_quo","Future",2020-08-17,"latent_trend",NA,NA,NA,0.433931927781401,NA,NA,NA,NA
"New Mexico","linear_increase_sd","Future",2020-08-17,"mobility_trend",NA,NA,NA,0.3,NA,NA,NA,NA
"New Mexico","return_normal","Future",2020-08-17,"mobility_trend",NA,NA,NA,1,NA,NA,NA,NA
"New Mexico","status_quo","Future",2020-08-17,"mobility_trend",NA,NA,NA,0.929424371470071,NA,NA,NA,NA
"New Mexico","linear_increase_sd","Future",2020-08-18,"combined_trend",NA,NA,NA,0.13017957833442,NA,NA,NA,NA
"New Mexico","return_normal","Future",2020-08-18,"combined_trend",NA,NA,NA,0.433931927781401,NA,NA,NA,NA
"New Mexico","status_quo","Future",2020-08-18,"combined_trend",NA,NA,NA,0.403306909239025,NA,NA,NA,NA
"New Mexico","linear_increase_sd","Future",2020-08-18,"cumulative_all_infections",83703,83389,83207,107736,85814,153780,154426,154604
"New Mexico","return_normal","Future",2020-08-18,"cumulative_all_infections",106025,105813,105425,160261,114835,260989,262714,263292
"New Mexico","status_quo","Future",2020-08-18,"cumulative_all_infections",103089,102718,102453,152856,110422,245847,246911,247700
"New Mexico","linear_increase_sd","Future",2020-08-18,"cumulative_cases",25969,25433,25303,36125,30940,52606,54019,55361
"New Mexico","return_normal","Future",2020-08-18,"cumulative_cases",29527,28957,28483,46216,36704,73393,75811,81184
"New Mexico","status_quo","Future",2020-08-18,"cumulative_cases",28795,28291,27997,44704,35991,71072,73547,76859
"New Mexico","linear_increase_sd","Future",2020-08-18,"cumulative_deaths",831,823,819,976,910,1189,1198,1201
"New Mexico","return_normal","Future",2020-08-18,"cumulative_deaths",841,832,825,996,920,1232,1248,1261
"New Mexico","status_quo","Future",2020-08-18,"cumulative_deaths",840,832,823,993,924,1220,1235,1243
"New Mexico","linear_increase_sd","Future",2020-08-18,"cumulative_hosps",3085,3074,3064,4011,3535,5424,5467,5494
"New Mexico","return_normal","Future",2020-08-18,"cumulative_hosps",3256,3243,3220,4465,3782,6372,6408,6430
"New Mexico","status_quo","Future",2020-08-18,"cumulative_hosps",3227,3210,3203,4411,3760,6272,6313,6329
"New Mexico","linear_increase_sd","Future",2020-08-18,"daily_all_infections",172,165,159,419,245,850,872,883
"New Mexico","return_normal","Future",2020-08-18,"daily_all_infections",2191,2154,2122,5093,3094,10024,10121,10303
"New Mexico","status_quo","Future",2020-08-18,"daily_all_infections",1825,1788,1769,4293,2667,8477,8563,8652
"New Mexico","linear_increase_sd","Future",2020-08-18,"daily_cases",74,54,37,330,214,785,980,1091
"New Mexico","return_normal","Future",2020-08-18,"daily_cases",433,332,289,1822,1019,4516,5180,6361
"New Mexico","status_quo","Future",2020-08-18,"daily_cases",376,265,231,1520,875,3649,4150,4841
"New Mexico","linear_increase_sd","Future",2020-08-18,"daily_deaths",5,4,3,20,12,44,48,50
"New Mexico","return_normal","Future",2020-08-18,"daily_deaths",6,5,4,25,16,56,60,63
"New Mexico","status_quo","Future",2020-08-18,"daily_deaths",7,6,4,25,15,55,60,63
"New Mexico","linear_increase_sd","Future",2020-08-18,"daily_hosps",32,30,29,89,50,189,193,201
"New Mexico","return_normal","Future",2020-08-18,"daily_hosps",64,60,57,188,103,398,410,417
"New Mexico","status_quo","Future",2020-08-18,"daily_hosps",60,55,52,176,99,374,384,394
"New Mexico","linear_increase_sd","Future",2020-08-18,"latent_trend",NA,NA,NA,0.433931927781401,NA,NA,NA,NA
"New Mexico","return_normal","Future",2020-08-18,"latent_trend",NA,NA,NA,0.433931927781401,NA,NA,NA,NA
"New Mexico","status_quo","Future",2020-08-18,"latent_trend",NA,NA,NA,0.433931927781401,NA,NA,NA,NA
"New Mexico","linear_increase_sd","Future",2020-08-18,"mobility_trend",NA,NA,NA,0.3,NA,NA,NA,NA
"New Mexico","return_normal","Future",2020-08-18,"mobility_trend",NA,NA,NA,1,NA,NA,NA,NA
"New Mexico","status_quo","Future",2020-08-18,"mobility_trend",NA,NA,NA,0.929424371470071,NA,NA,NA,NA
"New Mexico","linear_increase_sd","Future",2020-08-19,"combined_trend",NA,NA,NA,0.13017957833442,NA,NA,NA,NA
"New Mexico","return_normal","Future",2020-08-19,"combined_trend",NA,NA,NA,0.433931927781401,NA,NA,NA,NA
"New Mexico","status_quo","Future",2020-08-19,"combined_trend",NA,NA,NA,0.403306909239025,NA,NA,NA,NA
"New Mexico","linear_increase_sd","Future",2020-08-19,"cumulative_all_infections",83917,83633,83404,108102,85997,154494,155137,155342
"New Mexico","return_normal","Future",2020-08-19,"cumulative_all_infections",108374,108123,107722,165404,117960,271064,272775,273426
"New Mexico","status_quo","Future",2020-08-19,"cumulative_all_infections",104940,104606,104211,157121,112990,254267,255285,256179
"New Mexico","linear_increase_sd","Future",2020-08-19,"cumulative_cases",26082,25600,25387,36426,31116,53129,54888,55851
"New Mexico","return_normal","Future",2020-08-19,"cumulative_cases",30247,29542,29255,48031,37698,77206,80531,83073
"New Mexico","status_quo","Future",2020-08-19,"cumulative_cases",29354,28853,28526,46215,36957,74341,77144,79576
"New Mexico","linear_increase_sd","Future",2020-08-19,"cumulative_deaths",840,831,827,996,923,1228,1239,1250
"New Mexico","return_normal","Future",2020-08-19,"cumulative_deaths",852,841,834,1023,935,1285,1306,1319
"New Mexico","status_quo","Future",2020-08-19,"cumulative_deaths",850,842,835,1020,936,1277,1293,1304
"New Mexico","linear_increase_sd","Future",2020-08-19,"cumulative_hosps",3114,3104,3094,4092,3578,5587,5637,5661
"New Mexico","return_normal","Future",2020-08-19,"cumulative_hosps",3326,3299,3289,4655,3882,6778,6800,6825
"New Mexico","status_quo","Future",2020-08-19,"cumulative_hosps",3290,3275,3265,4588,3857,6647,6691,6710
"New Mexico","linear_increase_sd","Future",2020-08-19,"daily_all_infections",153,146,142,367,219,746,766,772
"New Mexico","return_normal","Future",2020-08-19,"daily_all_infections",2285,2228,2184,5143,3183,10049,10195,10340
"New Mexico","status_quo","Future",2020-08-19,"daily_all_infections",1852,1811,1768,4265,2655,8378,8507,8569
"New Mexico","linear_increase_sd","Future",2020-08-19,"daily_cases",66,50,43,301,177,748,962,1072
"New Mexico","return_normal","Future",2020-08-19,"daily_cases",455,403,318,1815,1137,4338,5758,6541
"New Mexico","status_quo","Future",2020-08-19,"daily_cases",353,280,229,1511,909,3598,5084,5656
"New Mexico","linear_increase_sd","Future",2020-08-19,"daily_deaths",5,4,3,20,13,45,50,52
"New Mexico","return_normal","Future",2020-08-19,"daily_deaths",8,6,5,28,16,62,68,70
"New Mexico","status_quo","Future",2020-08-19,"daily_deaths",8,6,5,27,16,60,66,72
"New Mexico","linear_increase_sd","Future",2020-08-19,"daily_hosps",27,24,23,82,46,173,181,189
"New Mexico","return_normal","Future",2020-08-19,"daily_hosps",67,63,59,191,106,407,419,427
"New Mexico","status_quo","Future",2020-08-19,"daily_hosps",63,57,54,177,98,378,391,400
"New Mexico","linear_increase_sd","Future",2020-08-19,"latent_trend",NA,NA,NA,0.433931927781401,NA,NA,NA,NA
"New Mexico","return_normal","Future",2020-08-19,"latent_trend",NA,NA,NA,0.433931927781401,NA,NA,NA,NA
"New Mexico","status_quo","Future",2020-08-19,"latent_trend",NA,NA,NA,0.433931927781401,NA,NA,NA,NA
"New Mexico","linear_increase_sd","Future",2020-08-19,"mobility_trend",NA,NA,NA,0.3,NA,NA,NA,NA
"New Mexico","return_normal","Future",2020-08-19,"mobility_trend",NA,NA,NA,1,NA,NA,NA,NA
"New Mexico","status_quo","Future",2020-08-19,"mobility_trend",NA,NA,NA,0.929424371470071,NA,NA,NA,NA
"New Mexico","linear_increase_sd","Future",2020-08-20,"combined_trend",NA,NA,NA,0.13017957833442,NA,NA,NA,NA
"New Mexico","return_normal","Future",2020-08-20,"combined_trend",NA,NA,NA,0.433931927781401,NA,NA,NA,NA
"New Mexico","status_quo","Future",2020-08-20,"combined_trend",NA,NA,NA,0.403306909239025,NA,NA,NA,NA
"New Mexico","linear_increase_sd","Future",2020-08-20,"cumulative_all_infections",84124,83811,83580,108422,86127,155129,155721,155995
"New Mexico","return_normal","Future",2020-08-20,"cumulative_all_infections",110712,110431,110077,170613,121253,280918,282875,283808
"New Mexico","status_quo","Future",2020-08-20,"cumulative_all_infections",106807,106451,106109,161388,115522,262447,263443,264420
"New Mexico","linear_increase_sd","Future",2020-08-20,"cumulative_cases",26261,25735,25504,36696,31251,53479,55376,56555
"New Mexico","return_normal","Future",2020-08-20,"cumulative_cases",31086,30195,29925,49854,38865,81384,84477,88287
"New Mexico","status_quo","Future",2020-08-20,"cumulative_cases",30057,29362,29147,47777,37871,77563,81287,82593
"New Mexico","linear_increase_sd","Future",2020-08-20,"cumulative_deaths",848,840,833,1016,934,1266,1280,1295
"New Mexico","return_normal","Future",2020-08-20,"cumulative_deaths",860,853,845,1053,950,1351,1371,1377
"New Mexico","status_quo","Future",2020-08-20,"cumulative_deaths",860,855,850,1047,948,1336,1348,1364
"New Mexico","linear_increase_sd","Future",2020-08-20,"cumulative_hosps",3143,3132,3117,4165,3619,5733,5788,5816
"New Mexico","return_normal","Future",2020-08-20,"cumulative_hosps",3400,3376,3358,4849,3995,7174,7213,7234
"New Mexico","status_quo","Future",2020-08-20,"cumulative_hosps",3359,3338,3327,4768,3961,7021,7063,7092
"New Mexico","linear_increase_sd","Future",2020-08-20,"daily_all_infections",130,124,118,320,193,646,660,669
"New Mexico","return_normal","Future",2020-08-20,"daily_all_infections",2337,2280,2238,5209,3292,10053,10236,10381
"New Mexico","status_quo","Future",2020-08-20,"daily_all_infections",1886,1839,1802,4267,2674,8297,8401,8487
"New Mexico","linear_increase_sd","Future",2020-08-20,"daily_cases",62,47,38,271,167,636,810,983
"New Mexico","return_normal","Future",2020-08-20,"daily_cases",469,351,311,1823,1114,4236,5161,7067
"New Mexico","status_quo","Future",2020-08-20,"daily_cases",371,282,215,1562,929,3862,4678,5031
"New Mexico","linear_increase_sd","Future",2020-08-20,"daily_deaths",5,4,3,20,12,45,50,53
"New Mexico","return_normal","Future",2020-08-20,"daily_deaths",8,6,4,30,16,69,73,78
"New Mexico","status_quo","Future",2020-08-20,"daily_deaths",7,5,4,28,15,64,68,72
"New Mexico","linear_increase_sd","Future",2020-08-20,"daily_hosps",25,23,20,73,41,157,163,168
"New Mexico","return_normal","Future",2020-08-20,"daily_hosps",71,65,60,195,111,409,418,427
"New Mexico","status_quo","Future",2020-08-20,"daily_hosps",64,59,56,180,102,380,387,395
"New Mexico","linear_increase_sd","Future",2020-08-20,"latent_trend",NA,NA,NA,0.433931927781401,NA,NA,NA,NA
"New Mexico","return_normal","Future",2020-08-20,"latent_trend",NA,NA,NA,0.433931927781401,NA,NA,NA,NA
"New Mexico","status_quo","Future",2020-08-20,"latent_trend",NA,NA,NA,0.433931927781401,NA,NA,NA,NA
"New Mexico","linear_increase_sd","Future",2020-08-20,"mobility_trend",NA,NA,NA,0.3,NA,NA,NA,NA
"New Mexico","return_normal","Future",2020-08-20,"mobility_trend",NA,NA,NA,1,NA,NA,NA,NA
"New Mexico","status_quo","Future",2020-08-20,"mobility_trend",NA,NA,NA,0.929424371470071,NA,NA,NA,NA
"New Mexico","linear_increase_sd","Future",2020-08-21,"combined_trend",NA,NA,NA,0.13017957833442,NA,NA,NA,NA
"New Mexico","return_normal","Future",2020-08-21,"combined_trend",NA,NA,NA,0.433931927781401,NA,NA,NA,NA
"New Mexico","status_quo","Future",2020-08-21,"combined_trend",NA,NA,NA,0.403306909239025,NA,NA,NA,NA
"New Mexico","linear_increase_sd","Future",2020-08-21,"cumulative_all_infections",84277,83980,83742,108701,86254,155672,156283,156536
"New Mexico","return_normal","Future",2020-08-21,"cumulative_all_infections",113165,112851,112456,175856,124568,290920,293217,293775
"New Mexico","status_quo","Future",2020-08-21,"cumulative_all_infections",108698,108378,108024,165660,118314,270645,271775,272746
"New Mexico","linear_increase_sd","Future",2020-08-21,"cumulative_cases",26284,25815,25637,36929,31463,53836,55641,57000
"New Mexico","return_normal","Future",2020-08-21,"cumulative_cases",31721,30980,30514,51689,39979,85894,87783,91708
"New Mexico","status_quo","Future",2020-08-21,"cumulative_cases",30583,30028,29698,49386,38842,80864,84012,86348
"New Mexico","linear_increase_sd","Future",2020-08-21,"cumulative_deaths",858,847,840,1035,942,1308,1320,1334
"New Mexico","return_normal","Future",2020-08-21,"cumulative_deaths",873,865,857,1084,967,1421,1436,1446
"New Mexico","status_quo","Future",2020-08-21,"cumulative_deaths",873,865,859,1076,965,1393,1415,1428
"New Mexico","linear_increase_sd","Future",2020-08-21,"cumulative_hosps",3167,3156,3146,4229,3655,5863,5914,5958
"New Mexico","return_normal","Future",2020-08-21,"cumulative_hosps",3470,3456,3430,5046,4101,7590,7617,7652
"New Mexico","status_quo","Future",2020-08-21,"cumulative_hosps",3426,3406,3396,4949,4061,7392,7438,7477
"New Mexico","linear_increase_sd","Future",2020-08-21,"daily_all_infections",118,112,108,279,167,558,573,586
"New Mexico","return_normal","Future",2020-08-21,"daily_all_infections",2399,2351,2300,5244,3393,10053,10229,10318
"New Mexico","status_quo","Future",2020-08-21,"daily_all_infections",1915,1872,1844,4273,2691,8289,8392,8450
"New Mexico","linear_increase_sd","Future",2020-08-21,"daily_cases",59,45,37,233,153,516,700,753
"New Mexico","return_normal","Future",2020-08-21,"daily_cases",434,337,283,1836,1079,4695,5625,6664
"New Mexico","status_quo","Future",2020-08-21,"daily_cases",374,294,222,1610,1023,4040,4923,5641
"New Mexico","linear_increase_sd","Future",2020-08-21,"daily_deaths",5,3,2,19,12,43,48,51
"New Mexico","return_normal","Future",2020-08-21,"daily_deaths",8,6,5,31,18,71,78,83
"New Mexico","status_quo","Future",2020-08-21,"daily_deaths",8,6,5,29,16,67,73,77
"New Mexico","linear_increase_sd","Future",2020-08-21,"daily_hosps",22,20,19,64,37,137,142,145
"New Mexico","return_normal","Future",2020-08-21,"daily_hosps",71,69,68,197,111,415,426,434
"New Mexico","status_quo","Future",2020-08-21,"daily_hosps",65,59,57,182,102,384,392,400
"New Mexico","linear_increase_sd","Future",2020-08-21,"latent_trend",NA,NA,NA,0.433931927781401,NA,NA,NA,NA
"New Mexico","return_normal","Future",2020-08-21,"latent_trend",NA,NA,NA,0.433931927781401,NA,NA,NA,NA
"New Mexico","status_quo","Future",2020-08-21,"latent_trend",NA,NA,NA,0.433931927781401,NA,NA,NA,NA
"New Mexico","linear_increase_sd","Future",2020-08-21,"mobility_trend",NA,NA,NA,0.3,NA,NA,NA,NA
"New Mexico","return_normal","Future",2020-08-21,"mobility_trend",NA,NA,NA,1,NA,NA,NA,NA
"New Mexico","status_quo","Future",2020-08-21,"mobility_trend",NA,NA,NA,0.929424371470071,NA,NA,NA,NA
"New Mexico","linear_increase_sd","Future",2020-08-22,"combined_trend",NA,NA,NA,0.13017957833442,NA,NA,NA,NA
"New Mexico","return_normal","Future",2020-08-22,"combined_trend",NA,NA,NA,0.433931927781401,NA,NA,NA,NA
"New Mexico","status_quo","Future",2020-08-22,"combined_trend",NA,NA,NA,0.403306909239025,NA,NA,NA,NA
"New Mexico","linear_increase_sd","Future",2020-08-22,"cumulative_all_infections",84406,84121,83876,108946,86362,156132,156747,157025
"New Mexico","return_normal","Future",2020-08-22,"cumulative_all_infections",115769,115270,114946,181162,128127,301038,303216,304065
"New Mexico","status_quo","Future",2020-08-22,"cumulative_all_infections",110687,110325,109920,169961,121156,278796,280108,280858
"New Mexico","linear_increase_sd","Future",2020-08-22,"cumulative_cases",26341,25887,25685,37128,31639,54476,55804,57402
"New Mexico","return_normal","Future",2020-08-22,"cumulative_cases",32599,31884,31289,53542,41097,89584,92585,96595
"New Mexico","status_quo","Future",2020-08-22,"cumulative_cases",31229,30569,30148,50850,39724,83613,86999,88372
"New Mexico","linear_increase_sd","Future",2020-08-22,"cumulative_deaths",866,856,846,1053,952,1343,1354,1373
"New Mexico","return_normal","Future",2020-08-22,"cumulative_deaths",884,877,868,1116,982,1490,1508,1518
"New Mexico","status_quo","Future",2020-08-22,"cumulative_deaths",884,877,871,1107,979,1464,1480,1506
"New Mexico","linear_increase_sd","Future",2020-08-22,"cumulative_hosps",3188,3175,3165,4285,3688,5977,6036,6071
"New Mexico","return_normal","Future",2020-08-22,"cumulative_hosps",3550,3531,3505,5247,4218,8001,8026,8068
"New Mexico","status_quo","Future",2020-08-22,"cumulative_hosps",3492,3478,3467,5130,4168,7766,7817,7849
"New Mexico","linear_increase_sd","Future",2020-08-22,"daily_all_infections",104,98,93,246,146,491,503,511
"New Mexico","return_normal","Future",2020-08-22,"daily_all_infections",2487,2453,2392,5306,3457,10120,10218,10336
"New Mexico","status_quo","Future",2020-08-22,"daily_all_infections",1965,1920,1890,4301,2728,8258,8353,8405
"New Mexico","linear_increase_sd","Future",2020-08-22,"daily_cases",46,38,29,200,138,438,538,672
"New Mexico","return_normal","Future",2020-08-22,"daily_cases",451,343,275,1853,1236,4313,5513,6434
"New Mexico","status_quo","Future",2020-08-22,"daily_cases",399,303,228,1465,955,3149,4387,5014
"New Mexico","linear_increase_sd","Future",2020-08-22,"daily_deaths",5,4,3,19,12,41,47,50
"New Mexico","return_normal","Future",2020-08-22,"daily_deaths",9,7,5,33,18,73,79,85
"New Mexico","status_quo","Future",2020-08-22,"daily_deaths",8,6,6,32,18,71,79,85
"New Mexico","linear_increase_sd","Future",2020-08-22,"daily_hosps",19,16,15,56,31,120,125,131
"New Mexico","return_normal","Future",2020-08-22,"daily_hosps",73,69,65,201,115,420,427,438
"New Mexico","status_quo","Future",2020-08-22,"daily_hosps",65,62,60,182,104,379,393,402
"New Mexico","linear_increase_sd","Future",2020-08-22,"latent_trend",NA,NA,NA,0.433931927781401,NA,NA,NA,NA
"New Mexico","return_normal","Future",2020-08-22,"latent_trend",NA,NA,NA,0.433931927781401,NA,NA,NA,NA
"New Mexico","status_quo","Future",2020-08-22,"latent_trend",NA,NA,NA,0.433931927781401,NA,NA,NA,NA
"New Mexico","linear_increase_sd","Future",2020-08-22,"mobility_trend",NA,NA,NA,0.3,NA,NA,NA,NA
"New Mexico","return_normal","Future",2020-08-22,"mobility_trend",NA,NA,NA,1,NA,NA,NA,NA
"New Mexico","status_quo","Future",2020-08-22,"mobility_trend",NA,NA,NA,0.929424371470071,NA,NA,NA,NA
"New Mexico","linear_increase_sd","Future",2020-08-23,"combined_trend",NA,NA,NA,0.13017957833442,NA,NA,NA,NA
"New Mexico","return_normal","Future",2020-08-23,"combined_trend",NA,NA,NA,0.433931927781401,NA,NA,NA,NA
"New Mexico","status_quo","Future",2020-08-23,"combined_trend",NA,NA,NA,0.403306909239025,NA,NA,NA,NA
"New Mexico","linear_increase_sd","Future",2020-08-23,"cumulative_all_infections",84519,84240,84000,109159,86467,156540,157177,157453
"New Mexico","return_normal","Future",2020-08-23,"cumulative_all_infections",118244,117845,117381,186517,131706,310827,313547,314302
"New Mexico","status_quo","Future",2020-08-23,"cumulative_all_infections",112768,112340,111875,174237,123952,287087,288146,289053
"New Mexico","linear_increase_sd","Future",2020-08-23,"cumulative_cases",26394,25963,25739,37287,31749,54794,56127,57618
"New Mexico","return_normal","Future",2020-08-23,"cumulative_cases",33381,32702,32042,55347,42075,92563,95867,100252
"New Mexico","status_quo","Future",2020-08-23,"cumulative_cases",31804,31214,30897,52402,40510,86563,89923,92360
"New Mexico","linear_increase_sd","Future",2020-08-23,"cumulative_deaths",870,860,855,1071,960,1382,1393,1411
"New Mexico","return_normal","Future",2020-08-23,"cumulative_deaths",897,888,878,1150,998,1566,1580,1592
"New Mexico","status_quo","Future",2020-08-23,"cumulative_deaths",895,887,881,1138,996,1531,1546,1562
"New Mexico","linear_increase_sd","Future",2020-08-23,"cumulative_hosps",3208,3197,3187,4334,3717,6073,6140,6181
"New Mexico","return_normal","Future",2020-08-23,"cumulative_hosps",3634,3616,3583,5453,4336,8410,8447,8485
"New Mexico","status_quo","Future",2020-08-23,"cumulative_hosps",3567,3552,3537,5314,4276,8130,8194,8237
"New Mexico","linear_increase_sd","Future",2020-08-23,"daily_all_infections",92,88,83,214,127,422,434,439
"New Mexico","return_normal","Future",2020-08-23,"daily_all_infections",2546,2469,2413,5356,3476,10141,10325,10410
"New Mexico","status_quo","Future",2020-08-23,"daily_all_infections",2020,1956,1925,4276,2707,8141,8224,8319
"New Mexico","linear_increase_sd","Future",2020-08-23,"daily_cases",41,32,25,160,114,351,441,509
"New Mexico","return_normal","Future",2020-08-23,"daily_cases",531,392,289,1805,1234,3941,5335,6187
"New Mexico","status_quo","Future",2020-08-23,"daily_cases",359,283,238,1552,947,3824,4760,5578
"New Mexico","linear_increase_sd","Future",2020-08-23,"daily_deaths",3,2,1,18,11,41,46,48
"New Mexico","return_normal","Future",2020-08-23,"daily_deaths",9,8,6,34,18,79,85,88
"New Mexico","status_quo","Future",2020-08-23,"daily_deaths",8,6,5,32,17,71,79,81
"New Mexico","linear_increase_sd","Future",2020-08-23,"daily_hosps",17,15,14,50,29,104,110,115
"New Mexico","return_normal","Future",2020-08-23,"daily_hosps",78,73,70,207,121,428,434,440
"New Mexico","status_quo","Future",2020-08-23,"daily_hosps",69,64,63,184,108,378,390,394
"New Mexico","linear_increase_sd","Future",2020-08-23,"latent_trend",NA,NA,NA,0.433931927781401,NA,NA,NA,NA
"New Mexico","return_normal","Future",2020-08-23,"latent_trend",NA,NA,NA,0.433931927781401,NA,NA,NA,NA
"New Mexico","status_quo","Future",2020-08-23,"latent_trend",NA,NA,NA,0.433931927781401,NA,NA,NA,NA
"New Mexico","linear_increase_sd","Future",2020-08-23,"mobility_trend",NA,NA,NA,0.3,NA,NA,NA,NA
"New Mexico","return_normal","Future",2020-08-23,"mobility_trend",NA,NA,NA,1,NA,NA,NA,NA
"New Mexico","status_quo","Future",2020-08-23,"mobility_trend",NA,NA,NA,0.929424371470071,NA,NA,NA,NA
"New Mexico","linear_increase_sd","Future",2020-08-24,"combined_trend",NA,NA,NA,0.13017957833442,NA,NA,NA,NA
"New Mexico","return_normal","Future",2020-08-24,"combined_trend",NA,NA,NA,0.433931927781401,NA,NA,NA,NA
"New Mexico","status_quo","Future",2020-08-24,"combined_trend",NA,NA,NA,0.403306909239025,NA,NA,NA,NA
"New Mexico","linear_increase_sd","Future",2020-08-24,"cumulative_all_infections",84626,84371,84110,109346,86550,156905,157530,157798
"New Mexico","return_normal","Future",2020-08-24,"cumulative_all_infections",120937,120430,119928,191875,135291,320924,323456,324590
"New Mexico","status_quo","Future",2020-08-24,"cumulative_all_infections",114865,114276,113862,178518,126824,294865,296330,297071
"New Mexico","linear_increase_sd","Future",2020-08-24,"cumulative_cases",26449,26013,25810,37450,31814,55066,56468,58228
"New Mexico","return_normal","Future",2020-08-24,"cumulative_cases",34277,33476,32503,57289,43358,96185,99764,103655
"New Mexico","status_quo","Future",2020-08-24,"cumulative_cases",32475,31737,31419,53958,41617,90546,93531,95514
"New Mexico","linear_increase_sd","Future",2020-08-24,"cumulative_deaths",878,867,860,1087,970,1413,1428,1446
"New Mexico","return_normal","Future",2020-08-24,"cumulative_deaths",910,901,889,1184,1017,1636,1659,1672
"New Mexico","status_quo","Future",2020-08-24,"cumulative_deaths",906,900,893,1171,1011,1599,1612,1631
"New Mexico","linear_increase_sd","Future",2020-08-24,"cumulative_hosps",3225,3213,3199,4377,3744,6167,6226,6268
"New Mexico","return_normal","Future",2020-08-24,"cumulative_hosps",3715,3699,3662,5658,4453,8825,8876,8909
"New Mexico","status_quo","Future",2020-08-24,"cumulative_hosps",3638,3618,3608,5495,4383,8494,8559,8600
"New Mexico","linear_increase_sd","Future",2020-08-24,"daily_all_infections",79,75,70,187,117,370,379,391
"New Mexico","return_normal","Future",2020-08-24,"daily_all_infections",2605,2547,2498,5358,3473,10063,10144,10246
"New Mexico","status_quo","Future",2020-08-24,"daily_all_infections",2022,1975,1942,4281,2827,8032,8130,8283
"New Mexico","linear_increase_sd","Future",2020-08-24,"daily_cases",40,29,20,163,102,380,488,593
"New Mexico","return_normal","Future",2020-08-24,"daily_cases",495,379,313,1942,1235,4762,6238,7085
"New Mexico","status_quo","Future",2020-08-24,"daily_cases",402,337,283,1556,1041,3453,4530,5362
"New Mexico","linear_increase_sd","Future",2020-08-24,"daily_deaths",3,2,2,17,10,38,43,44
"New Mexico","return_normal","Future",2020-08-24,"daily_deaths",10,7,6,35,19,81,86,88
"New Mexico","status_quo","Future",2020-08-24,"daily_deaths",8,7,5,33,17,78,84,86
"New Mexico","linear_increase_sd","Future",2020-08-24,"daily_hosps",15,13,12,44,25,92,97,100
"New Mexico","return_normal","Future",2020-08-24,"daily_hosps",78,75,72,206,119,422,445,455
"New Mexico","status_quo","Future",2020-08-24,"daily_hosps",68,65,61,182,105,378,387,395
"New Mexico","linear_increase_sd","Future",2020-08-24,"latent_trend",NA,NA,NA,0.433931927781401,NA,NA,NA,NA
"New Mexico","return_normal","Future",2020-08-24,"latent_trend",NA,NA,NA,0.433931927781401,NA,NA,NA,NA
"New Mexico","status_quo","Future",2020-08-24,"latent_trend",NA,NA,NA,0.433931927781401,NA,NA,NA,NA
"New Mexico","linear_increase_sd","Future",2020-08-24,"mobility_trend",NA,NA,NA,0.3,NA,NA,NA,NA
"New Mexico","return_normal","Future",2020-08-24,"mobility_trend",NA,NA,NA,1,NA,NA,NA,NA
"New Mexico","status_quo","Future",2020-08-24,"mobility_trend",NA,NA,NA,0.929424371470071,NA,NA,NA,NA
"New Mexico","linear_increase_sd","Future",2020-08-25,"combined_trend",NA,NA,NA,0.13017957833442,NA,NA,NA,NA
"New Mexico","return_normal","Future",2020-08-25,"combined_trend",NA,NA,NA,0.433931927781401,NA,NA,NA,NA
"New Mexico","status_quo","Future",2020-08-25,"combined_trend",NA,NA,NA,0.403306909239025,NA,NA,NA,NA
"New Mexico","linear_increase_sd","Future",2020-08-25,"cumulative_all_infections",84723,84447,84204,109512,86628,157234,157863,158136
"New Mexico","return_normal","Future",2020-08-25,"cumulative_all_infections",123577,123121,122569,197293,138955,330947,333544,334473
"New Mexico","status_quo","Future",2020-08-25,"cumulative_all_infections",117023,116381,115923,182791,129398,302720,304213,304919
"New Mexico","linear_increase_sd","Future",2020-08-25,"cumulative_cases",26583,26049,25860,37591,31922,55157,56761,58562
"New Mexico","return_normal","Future",2020-08-25,"cumulative_cases",35135,34284,33450,59133,44265,99489,104000,106737
"New Mexico","status_quo","Future",2020-08-25,"cumulative_cases",33178,32386,32076,55500,42546,92174,96090,99463
"New Mexico","linear_increase_sd","Future",2020-08-25,"cumulative_deaths",883,872,868,1102,975,1445,1461,1479
"New Mexico","return_normal","Future",2020-08-25,"cumulative_deaths",923,911,905,1221,1036,1713,1736,1753
"New Mexico","status_quo","Future",2020-08-25,"cumulative_deaths",918,910,902,1205,1028,1667,1695,1705
"New Mexico","linear_increase_sd","Future",2020-08-25,"cumulative_hosps",3239,3224,3214,4414,3767,6239,6299,6344
"New Mexico","return_normal","Future",2020-08-25,"cumulative_hosps",3800,3779,3753,5868,4581,9246,9309,9347
"New Mexico","status_quo","Future",2020-08-25,"cumulative_hosps",3713,3691,3680,5679,4489,8866,8918,8986
"New Mexico","linear_increase_sd","Future",2020-08-25,"daily_all_infections",69,65,63,166,101,331,339,349
"New Mexico","return_normal","Future",2020-08-25,"daily_all_infections",2692,2640,2588,5418,3578,10001,10125,10212
"New Mexico","status_quo","Future",2020-08-25,"daily_all_infections",2065,2010,1984,4274,2835,7974,8078,8158
"New Mexico","linear_increase_sd","Future",2020-08-25,"daily_cases",33,26,22,142,84,358,448,475
"New Mexico","return_normal","Future",2020-08-25,"daily_cases",526,426,385,1845,1262,4060,4667,5677
"New Mexico","status_quo","Future",2020-08-25,"daily_cases",452,329,275,1543,1056,3354,4656,5786
"New Mexico","linear_increase_sd","Future",2020-08-25,"daily_deaths",3,1,1,15,9,35,39,44
"New Mexico","return_normal","Future",2020-08-25,"daily_deaths",11,9,8,37,21,84,93,95
"New Mexico","status_quo","Future",2020-08-25,"daily_deaths",9,7,6,35,19,80,88,94
"New Mexico","linear_increase_sd","Future",2020-08-25,"daily_hosps",12,11,9,38,22,79,85,89
"New Mexico","return_normal","Future",2020-08-25,"daily_hosps",82,78,74,210,125,430,440,449
"New Mexico","status_quo","Future",2020-08-25,"daily_hosps",72,67,62,184,107,372,383,394
"New Mexico","linear_increase_sd","Future",2020-08-25,"latent_trend",NA,NA,NA,0.433931927781401,NA,NA,NA,NA
"New Mexico","return_normal","Future",2020-08-25,"latent_trend",NA,NA,NA,0.433931927781401,NA,NA,NA,NA
"New Mexico","status_quo","Future",2020-08-25,"latent_trend",NA,NA,NA,0.433931927781401,NA,NA,NA,NA
"New Mexico","linear_increase_sd","Future",2020-08-25,"mobility_trend",NA,NA,NA,0.3,NA,NA,NA,NA
"New Mexico","return_normal","Future",2020-08-25,"mobility_trend",NA,NA,NA,1,NA,NA,NA,NA
"New Mexico","status_quo","Future",2020-08-25,"mobility_trend",NA,NA,NA,0.929424371470071,NA,NA,NA,NA
"New Mexico","linear_increase_sd","Future",2020-08-26,"combined_trend",NA,NA,NA,0.13017957833442,NA,NA,NA,NA
"New Mexico","return_normal","Future",2020-08-26,"combined_trend",NA,NA,NA,0.433931927781401,NA,NA,NA,NA
"New Mexico","status_quo","Future",2020-08-26,"combined_trend",NA,NA,NA,0.403306909239025,NA,NA,NA,NA
"New Mexico","linear_increase_sd","Future",2020-08-26,"cumulative_all_infections",84802,84543,84284,109656,86690,157532,158167,158425
"New Mexico","return_normal","Future",2020-08-26,"cumulative_all_infections",126379,125780,125328,202744,142542,341132,343619,344568
"New Mexico","status_quo","Future",2020-08-26,"cumulative_all_infections",119136,118469,117940,187059,132317,310581,312058,312867
"New Mexico","linear_increase_sd","Future",2020-08-26,"cumulative_cases",26647,26100,25924,37705,31991,55447,56999,58849
"New Mexico","return_normal","Future",2020-08-26,"cumulative_cases",36024,35131,34173,60927,45438,103215,107709,110772
"New Mexico","status_quo","Future",2020-08-26,"cumulative_cases",33989,33146,32492,57113,43290,96041,99740,103038
"New Mexico","linear_increase_sd","Future",2020-08-26,"cumulative_deaths",889,877,873,1116,984,1473,1492,1508
"New Mexico","return_normal","Future",2020-08-26,"cumulative_deaths",938,924,919,1258,1055,1792,1812,1846
"New Mexico","status_quo","Future",2020-08-26,"cumulative_deaths",930,923,917,1239,1048,1741,1765,1789
"New Mexico","linear_increase_sd","Future",2020-08-26,"cumulative_hosps",3253,3240,3226,4446,3784,6310,6367,6404
"New Mexico","return_normal","Future",2020-08-26,"cumulative_hosps",3888,3870,3841,6080,4705,9672,9729,9775
"New Mexico","status_quo","Future",2020-08-26,"cumulative_hosps",3791,3762,3749,5863,4598,9232,9305,9377
"New Mexico","linear_increase_sd","Future",2020-08-26,"daily_all_infections",61,57,54,145,87,290,304,310
"New Mexico","return_normal","Future",2020-08-26,"daily_all_infections",2749,2700,2624,5451,3661,9978,10098,10248
"New Mexico","status_quo","Future",2020-08-26,"daily_all_infections",2100,2044,2005,4269,2827,7860,7960,8028
"New Mexico","linear_increase_sd","Future",2020-08-26,"daily_cases",31,23,19,114,81,235,294,350
"New Mexico","return_normal","Future",2020-08-26,"daily_cases",433,363,292,1795,1214,4083,5030,5870
"New Mexico","status_quo","Future",2020-08-26,"daily_cases",400,298,252,1614,963,3839,4450,5123
"New Mexico","linear_increase_sd","Future",2020-08-26,"daily_deaths",3,2,1,14,8,33,36,39
"New Mexico","return_normal","Future",2020-08-26,"daily_deaths",10,8,7,37,20,83,90,95
"New Mexico","status_quo","Future",2020-08-26,"daily_deaths",10,7,5,34,19,76,84,93
"New Mexico","linear_increase_sd","Future",2020-08-26,"daily_hosps",11,9,8,33,19,70,75,78
"New Mexico","return_normal","Future",2020-08-26,"daily_hosps",86,81,79,213,125,434,439,450
"New Mexico","status_quo","Future",2020-08-26,"daily_hosps",71,67,64,185,110,376,390,399
"New Mexico","linear_increase_sd","Future",2020-08-26,"latent_trend",NA,NA,NA,0.433931927781401,NA,NA,NA,NA
"New Mexico","return_normal","Future",2020-08-26,"latent_trend",NA,NA,NA,0.433931927781401,NA,NA,NA,NA
"New Mexico","status_quo","Future",2020-08-26,"latent_trend",NA,NA,NA,0.433931927781401,NA,NA,NA,NA
"New Mexico","linear_increase_sd","Future",2020-08-26,"mobility_trend",NA,NA,NA,0.3,NA,NA,NA,NA
"New Mexico","return_normal","Future",2020-08-26,"mobility_trend",NA,NA,NA,1,NA,NA,NA,NA
"New Mexico","status_quo","Future",2020-08-26,"mobility_trend",NA,NA,NA,0.929424371470071,NA,NA,NA,NA
"New Mexico","linear_increase_sd","Future",2020-08-27,"combined_trend",NA,NA,NA,0.13017957833442,NA,NA,NA,NA
"New Mexico","return_normal","Future",2020-08-27,"combined_trend",NA,NA,NA,0.433931927781401,NA,NA,NA,NA
"New Mexico","status_quo","Future",2020-08-27,"combined_trend",NA,NA,NA,0.403306909239025,NA,NA,NA,NA
"New Mexico","linear_increase_sd","Future",2020-08-27,"cumulative_all_infections",84879,84616,84355,109782,86751,157784,158404,158679
"New Mexico","return_normal","Future",2020-08-27,"cumulative_all_infections",129268,128660,128103,208252,146313,350735,353818,354688
"New Mexico","status_quo","Future",2020-08-27,"cumulative_all_infections",121237,120634,120115,191322,135296,318452,319958,320832
"New Mexico","linear_increase_sd","Future",2020-08-27,"cumulative_cases",26724,26156,25967,37815,32055,55825,57190,59069
"New Mexico","return_normal","Future",2020-08-27,"cumulative_cases",36939,36099,35001,62963,46633,107582,111672,115301
"New Mexico","status_quo","Future",2020-08-27,"cumulative_cases",34697,33766,33163,58693,44400,99511,104134,105982
"New Mexico","linear_increase_sd","Future",2020-08-27,"cumulative_deaths",894,881,875,1128,989,1503,1525,1537
"New Mexico","return_normal","Future",2020-08-27,"cumulative_deaths",950,941,933,1296,1072,1871,1903,1932
"New Mexico","status_quo","Future",2020-08-27,"cumulative_deaths",943,935,929,1273,1066,1809,1843,1858
"New Mexico","linear_increase_sd","Future",2020-08-27,"cumulative_hosps",3267,3252,3238,4475,3799,6370,6425,6459
"New Mexico","return_normal","Future",2020-08-27,"cumulative_hosps",3982,3957,3929,6296,4831,10089,10162,10201
"New Mexico","status_quo","Future",2020-08-27,"cumulative_hosps",3866,3840,3822,6047,4710,9595,9665,9718
"New Mexico","linear_increase_sd","Future",2020-08-27,"daily_all_infections",55,50,47,126,77,252,258,264
"New Mexico","return_normal","Future",2020-08-27,"daily_all_infections",2846,2758,2707,5509,3802,9976,10061,10128
"New Mexico","status_quo","Future",2020-08-27,"daily_all_infections",2144,2106,2070,4263,2880,7827,7933,8036
"New Mexico","linear_increase_sd","Future",2020-08-27,"daily_cases",23,17,15,110,65,271,311,388
"New Mexico","return_normal","Future",2020-08-27,"daily_cases",526,356,279,2036,1329,4902,6119,6478
"New Mexico","status_quo","Future",2020-08-27,"daily_cases",398,339,277,1580,1018,3482,4275,5657
"New Mexico","linear_increase_sd","Future",2020-08-27,"daily_deaths",2,1,1,13,8,30,34,37
"New Mexico","return_normal","Future",2020-08-27,"daily_deaths",11,10,8,39,21,88,95,101
"New Mexico","status_quo","Future",2020-08-27,"daily_deaths",10,9,8,34,19,75,81,84
"New Mexico","linear_increase_sd","Future",2020-08-27,"daily_hosps",10,9,9,29,18,60,64,67
"New Mexico","return_normal","Future",2020-08-27,"daily_hosps",88,82,78,216,130,435,449,462
"New Mexico","status_quo","Future",2020-08-27,"daily_hosps",73,69,66,184,114,372,383,390
"New Mexico","linear_increase_sd","Future",2020-08-27,"latent_trend",NA,NA,NA,0.433931927781401,NA,NA,NA,NA
"New Mexico","return_normal","Future",2020-08-27,"latent_trend",NA,NA,NA,0.433931927781401,NA,NA,NA,NA
"New Mexico","status_quo","Future",2020-08-27,"latent_trend",NA,NA,NA,0.433931927781401,NA,NA,NA,NA
"New Mexico","linear_increase_sd","Future",2020-08-27,"mobility_trend",NA,NA,NA,0.3,NA,NA,NA,NA
"New Mexico","return_normal","Future",2020-08-27,"mobility_trend",NA,NA,NA,1,NA,NA,NA,NA
"New Mexico","status_quo","Future",2020-08-27,"mobility_trend",NA,NA,NA,0.929424371470071,NA,NA,NA,NA
"New Mexico","linear_increase_sd","Future",2020-08-28,"combined_trend",NA,NA,NA,0.13017957833442,NA,NA,NA,NA
"New Mexico","return_normal","Future",2020-08-28,"combined_trend",NA,NA,NA,0.433931927781401,NA,NA,NA,NA
"New Mexico","status_quo","Future",2020-08-28,"combined_trend",NA,NA,NA,0.403306909239025,NA,NA,NA,NA
"New Mexico","linear_increase_sd","Future",2020-08-28,"cumulative_all_infections",84943,84676,84424,109893,86804,157984,158642,158880
"New Mexico","return_normal","Future",2020-08-28,"cumulative_all_infections",132250,131545,131072,213779,149973,360707,363399,364803
"New Mexico","status_quo","Future",2020-08-28,"cumulative_all_infections",123564,122694,122208,195584,138231,326260,327529,328423
"New Mexico","linear_increase_sd","Future",2020-08-28,"cumulative_cases",26733,26188,26012,37904,32093,56055,57450,59323
"New Mexico","return_normal","Future",2020-08-28,"cumulative_cases",37816,37005,36087,64989,47935,111714,115229,119320
"New Mexico","status_quo","Future",2020-08-28,"cumulative_cases",35489,34283,33700,60172,45472,102126,106247,109230
"New Mexico","linear_increase_sd","Future",2020-08-28,"cumulative_deaths",898,887,881,1139,994,1524,1546,1563
"New Mexico","return_normal","Future",2020-08-28,"cumulative_deaths",966,953,944,1333,1093,1954,1980,2011
"New Mexico","status_quo","Future",2020-08-28,"cumulative_deaths",958,948,941,1307,1083,1887,1912,1936
"New Mexico","linear_increase_sd","Future",2020-08-28,"cumulative_hosps",3278,3261,3249,4500,3814,6423,6481,6517
"New Mexico","return_normal","Future",2020-08-28,"cumulative_hosps",4076,4046,4027,6515,4959,10513,10613,10655
"New Mexico","status_quo","Future",2020-08-28,"cumulative_hosps",3942,3913,3901,6231,4822,9973,10036,10091
"New Mexico","linear_increase_sd","Future",2020-08-28,"daily_all_infections",48,45,43,111,68,220,229,234
"New Mexico","return_normal","Future",2020-08-28,"daily_all_infections",2913,2845,2799,5528,3796,9933,10088,10180
"New Mexico","status_quo","Future",2020-08-28,"daily_all_infections",2163,2122,2078,4262,2968,7707,7860,7904
"New Mexico","linear_increase_sd","Future",2020-08-28,"daily_cases",22,15,10,90,58,220,271,307
"New Mexico","return_normal","Future",2020-08-28,"daily_cases",570,444,374,2026,1321,4859,5460,6220
"New Mexico","status_quo","Future",2020-08-28,"daily_cases",471,358,315,1480,1109,2934,3611,4334
"New Mexico","linear_increase_sd","Future",2020-08-28,"daily_deaths",2,1,0,12,7,28,31,32
"New Mexico","return_normal","Future",2020-08-28,"daily_deaths",10,9,7,38,20,83,92,96
"New Mexico","status_quo","Future",2020-08-28,"daily_deaths",9,7,5,35,18,81,85,91
"New Mexico","linear_increase_sd","Future",2020-08-28,"daily_hosps",8,7,6,25,14,54,58,61
"New Mexico","return_normal","Future",2020-08-28,"daily_hosps",90,86,83,220,131,440,456,470
"New Mexico","status_quo","Future",2020-08-28,"daily_hosps",73,69,64,184,111,370,379,389
"New Mexico","linear_increase_sd","Future",2020-08-28,"latent_trend",NA,NA,NA,0.433931927781401,NA,NA,NA,NA
"New Mexico","return_normal","Future",2020-08-28,"latent_trend",NA,NA,NA,0.433931927781401,NA,NA,NA,NA
"New Mexico","status_quo","Future",2020-08-28,"latent_trend",NA,NA,NA,0.433931927781401,NA,NA,NA,NA
"New Mexico","linear_increase_sd","Future",2020-08-28,"mobility_trend",NA,NA,NA,0.3,NA,NA,NA,NA
"New Mexico","return_normal","Future",2020-08-28,"mobility_trend",NA,NA,NA,1,NA,NA,NA,NA
"New Mexico","status_quo","Future",2020-08-28,"mobility_trend",NA,NA,NA,0.929424371470071,NA,NA,NA,NA
"New Mexico","linear_increase_sd","Future",2020-08-29,"combined_trend",NA,NA,NA,0.13017957833442,NA,NA,NA,NA
"New Mexico","return_normal","Future",2020-08-29,"combined_trend",NA,NA,NA,0.433931927781401,NA,NA,NA,NA
"New Mexico","status_quo","Future",2020-08-29,"combined_trend",NA,NA,NA,0.403306909239025,NA,NA,NA,NA
"New Mexico","linear_increase_sd","Future",2020-08-29,"cumulative_all_infections",85009,84735,84484,109990,86851,158179,158840,159081
"New Mexico","return_normal","Future",2020-08-29,"cumulative_all_infections",135268,134434,134038,219351,153740,370150,373113,374725
"New Mexico","status_quo","Future",2020-08-29,"cumulative_all_infections",125845,124864,124384,199822,141094,333924,335037,335965
"New Mexico","linear_increase_sd","Future",2020-08-29,"cumulative_cases",26760,26221,26064,37989,32144,56223,57554,59416
"New Mexico","return_normal","Future",2020-08-29,"cumulative_cases",38791,37981,37286,66941,49330,114696,118230,124199
"New Mexico","status_quo","Future",2020-08-29,"cumulative_cases",36417,35158,34455,61789,46525,105026,108867,113049
"New Mexico","linear_increase_sd","Future",2020-08-29,"cumulative_deaths",903,891,884,1149,999,1544,1569,1586
"New Mexico","return_normal","Future",2020-08-29,"cumulative_deaths",980,968,961,1373,1115,2028,2072,2093
"New Mexico","status_quo","Future",2020-08-29,"cumulative_deaths",970,959,953,1343,1101,1964,1986,2004
"New Mexico","linear_increase_sd","Future",2020-08-29,"cumulative_hosps",3286,3269,3257,4522,3829,6470,6524,6554
"New Mexico","return_normal","Future",2020-08-29,"cumulative_hosps",4173,4144,4113,6736,5093,10951,11024,11098
"New Mexico","status_quo","Future",2020-08-29,"cumulative_hosps",4022,3990,3979,6416,4945,10339,10399,10456
"New Mexico","linear_increase_sd","Future",2020-08-29,"daily_all_infections",42,38,35,98,62,193,201,209
"New Mexico","return_normal","Future",2020-08-29,"daily_all_infections",2984,2911,2860,5572,3881,9875,9955,10066
"New Mexico","status_quo","Future",2020-08-29,"daily_all_infections",2198,2148,2089,4239,2925,7574,7719,7785
"New Mexico","linear_increase_sd","Future",2020-08-29,"daily_cases",21,16,11,86,56,198,258,285
"New Mexico","return_normal","Future",2020-08-29,"daily_cases",542,372,313,1953,1396,4278,5831,6510
"New Mexico","status_quo","Future",2020-08-29,"daily_cases",439,321,237,1618,1102,3891,4584,5133
"New Mexico","linear_increase_sd","Future",2020-08-29,"daily_deaths",1,1,0,11,6,25,29,31
"New Mexico","return_normal","Future",2020-08-29,"daily_deaths",12,10,9,40,22,90,96,102
"New Mexico","status_quo","Future",2020-08-29,"daily_deaths",10,8,6,36,21,80,89,93
"New Mexico","linear_increase_sd","Future",2020-08-29,"daily_hosps",8,7,6,23,14,47,51,53
"New Mexico","return_normal","Future",2020-08-29,"daily_hosps",94,89,87,221,136,440,449,461
"New Mexico","status_quo","Future",2020-08-29,"daily_hosps",76,72,69,186,114,371,380,386
"New Mexico","linear_increase_sd","Future",2020-08-29,"latent_trend",NA,NA,NA,0.433931927781401,NA,NA,NA,NA
"New Mexico","return_normal","Future",2020-08-29,"latent_trend",NA,NA,NA,0.433931927781401,NA,NA,NA,NA
"New Mexico","status_quo","Future",2020-08-29,"latent_trend",NA,NA,NA,0.433931927781401,NA,NA,NA,NA
"New Mexico","linear_increase_sd","Future",2020-08-29,"mobility_trend",NA,NA,NA,0.3,NA,NA,NA,NA
"New Mexico","return_normal","Future",2020-08-29,"mobility_trend",NA,NA,NA,1,NA,NA,NA,NA
"New Mexico","status_quo","Future",2020-08-29,"mobility_trend",NA,NA,NA,0.929424371470071,NA,NA,NA,NA
"New Mexico","linear_increase_sd","Future",2020-08-30,"combined_trend",NA,NA,NA,0.13017957833442,NA,NA,NA,NA
"New Mexico","return_normal","Future",2020-08-30,"combined_trend",NA,NA,NA,0.433931927781401,NA,NA,NA,NA
"New Mexico","status_quo","Future",2020-08-30,"combined_trend",NA,NA,NA,0.403306909239025,NA,NA,NA,NA
"New Mexico","linear_increase_sd","Future",2020-08-30,"cumulative_all_infections",85059,84784,84530,110074,86894,158341,159012,159236
"New Mexico","return_normal","Future",2020-08-30,"cumulative_all_infections",138380,137491,137069,224925,157709,380129,383118,384723
"New Mexico","status_quo","Future",2020-08-30,"cumulative_all_infections",128147,127121,126620,204060,144077,341535,342667,343469
"New Mexico","linear_increase_sd","Future",2020-08-30,"cumulative_cases",26791,26257,26110,38059,32187,56276,57651,59657
"New Mexico","return_normal","Future",2020-08-30,"cumulative_cases",39728,38995,38266,68828,50531,118148,123077,127154
"New Mexico","status_quo","Future",2020-08-30,"cumulative_cases",36968,35662,35152,63307,47428,108548,112315,116145
"New Mexico","linear_increase_sd","Future",2020-08-30,"cumulative_deaths",906,898,886,1159,1005,1568,1588,1608
"New Mexico","return_normal","Future",2020-08-30,"cumulative_deaths",1000,984,973,1413,1133,2119,2155,2179
"New Mexico","status_quo","Future",2020-08-30,"cumulative_deaths",982,974,965,1378,1120,2036,2057,2083
"New Mexico","linear_increase_sd","Future",2020-08-30,"cumulative_hosps",3294,3278,3264,4541,3837,6503,6570,6589
"New Mexico","return_normal","Future",2020-08-30,"cumulative_hosps",4274,4238,4215,6959,5237,11378,11485,11529
"New Mexico","status_quo","Future",2020-08-30,"cumulative_hosps",4105,4072,4055,6603,5060,10703,10778,10820
"New Mexico","linear_increase_sd","Future",2020-08-30,"daily_all_infections",36,33,29,84,52,167,173,180
"New Mexico","return_normal","Future",2020-08-30,"daily_all_infections",3051,2982,2926,5574,3942,9757,9909,10023
"New Mexico","status_quo","Future",2020-08-30,"daily_all_infections",2258,2206,2159,4238,2962,7546,7635,7739
"New Mexico","linear_increase_sd","Future",2020-08-30,"daily_cases",19,15,10,71,47,159,202,241
"New Mexico","return_normal","Future",2020-08-30,"daily_cases",615,418,331,1887,1433,3961,4969,5722
"New Mexico","status_quo","Future",2020-08-30,"daily_cases",405,314,240,1518,1140,3282,4189,4803
"New Mexico","linear_increase_sd","Future",2020-08-30,"daily_deaths",1,1,0,10,6,23,26,28
"New Mexico","return_normal","Future",2020-08-30,"daily_deaths",12,9,7,40,23,91,97,100
"New Mexico","status_quo","Future",2020-08-30,"daily_deaths",10,8,6,35,19,80,85,90
"New Mexico","linear_increase_sd","Future",2020-08-30,"daily_hosps",7,5,4,19,12,40,44,49
"New Mexico","return_normal","Future",2020-08-30,"daily_hosps",97,92,88,224,141,438,452,461
"New Mexico","status_quo","Future",2020-08-30,"daily_hosps",79,74,68,187,114,370,384,393
"New Mexico","linear_increase_sd","Future",2020-08-30,"latent_trend",NA,NA,NA,0.433931927781401,NA,NA,NA,NA
"New Mexico","return_normal","Future",2020-08-30,"latent_trend",NA,NA,NA,0.433931927781401,NA,NA,NA,NA
"New Mexico","status_quo","Future",2020-08-30,"latent_trend",NA,NA,NA,0.433931927781401,NA,NA,NA,NA
"New Mexico","linear_increase_sd","Future",2020-08-30,"mobility_trend",NA,NA,NA,0.3,NA,NA,NA,NA
"New Mexico","return_normal","Future",2020-08-30,"mobility_trend",NA,NA,NA,1,NA,NA,NA,NA
"New Mexico","status_quo","Future",2020-08-30,"mobility_trend",NA,NA,NA,0.929424371470071,NA,NA,NA,NA
"New Mexico","linear_increase_sd","Future",2020-08-31,"combined_trend",NA,NA,NA,0.13017957833442,NA,NA,NA,NA
"New Mexico","return_normal","Future",2020-08-31,"combined_trend",NA,NA,NA,0.433931927781401,NA,NA,NA,NA
"New Mexico","status_quo","Future",2020-08-31,"combined_trend",NA,NA,NA,0.403306909239025,NA,NA,NA,NA
"New Mexico","linear_increase_sd","Future",2020-08-31,"cumulative_all_infections",85106,84833,84565,110148,86932,158480,159151,159385
"New Mexico","return_normal","Future",2020-08-31,"cumulative_all_infections",141643,140615,140091,230546,161693,389682,392660,394487
"New Mexico","status_quo","Future",2020-08-31,"cumulative_all_infections",130383,129377,128975,208284,147165,348719,350033,350893
"New Mexico","linear_increase_sd","Future",2020-08-31,"cumulative_cases",26828,26267,26130,38115,32238,56398,57750,59703
"New Mexico","return_normal","Future",2020-08-31,"cumulative_cases",40812,40166,39424,70716,51672,121063,125520,130674
"New Mexico","status_quo","Future",2020-08-31,"cumulative_cases",37711,36509,35855,64936,48581,112172,114846,118581
"New Mexico","linear_increase_sd","Future",2020-08-31,"cumulative_deaths",909,901,889,1166,1008,1584,1605,1628
"New Mexico","return_normal","Future",2020-08-31,"cumulative_deaths",1017,1001,989,1453,1155,2205,2231,2262
"New Mexico","status_quo","Future",2020-08-31,"cumulative_deaths",995,987,979,1413,1139,2116,2132,2158
"New Mexico","linear_increase_sd","Future",2020-08-31,"cumulative_hosps",3303,3288,3272,4558,3847,6541,6606,6622
"New Mexico","return_normal","Future",2020-08-31,"cumulative_hosps",4379,4344,4319,7183,5379,11813,11926,11973
"New Mexico","status_quo","Future",2020-08-31,"cumulative_hosps",4185,4158,4135,6789,5175,11067,11133,11187
"New Mexico","linear_increase_sd","Future",2020-08-31,"daily_all_infections",31,28,27,75,48,145,154,157
"New Mexico","return_normal","Future",2020-08-31,"daily_all_infections",3155,3049,2965,5622,4052,9725,9919,10021
"New Mexico","status_quo","Future",2020-08-31,"daily_all_infections",2266,2228,2164,4225,2975,7452,7559,7634
"New Mexico","linear_increase_sd","Future",2020-08-31,"daily_cases",12,9,6,56,38,124,181,217
"New Mexico","return_normal","Future",2020-08-31,"daily_cases",605,463,365,1889,1407,3946,4592,5588
"New Mexico","status_quo","Future",2020-08-31,"daily_cases",406,336,290,1630,1127,3732,4539,5247
"New Mexico","linear_increase_sd","Future",2020-08-31,"daily_deaths",1,0,0,8,5,20,22,25
"New Mexico","return_normal","Future",2020-08-31,"daily_deaths",11,9,8,40,23,89,95,101
"New Mexico","status_quo","Future",2020-08-31,"daily_deaths",9,8,6,36,21,82,90,93
"New Mexico","linear_increase_sd","Future",2020-08-31,"daily_hosps",5,4,4,17,11,36,38,40
"New Mexico","return_normal","Future",2020-08-31,"daily_hosps",97,93,90,224,139,439,452,458
"New Mexico","status_quo","Future",2020-08-31,"daily_hosps",80,73,70,187,115,369,377,382
"New Mexico","linear_increase_sd","Future",2020-08-31,"latent_trend",NA,NA,NA,0.433931927781401,NA,NA,NA,NA
"New Mexico","return_normal","Future",2020-08-31,"latent_trend",NA,NA,NA,0.433931927781401,NA,NA,NA,NA
"New Mexico","status_quo","Future",2020-08-31,"latent_trend",NA,NA,NA,0.433931927781401,NA,NA,NA,NA
"New Mexico","linear_increase_sd","Future",2020-08-31,"mobility_trend",NA,NA,NA,0.3,NA,NA,NA,NA
"New Mexico","return_normal","Future",2020-08-31,"mobility_trend",NA,NA,NA,1,NA,NA,NA,NA
"New Mexico","status_quo","Future",2020-08-31,"mobility_trend",NA,NA,NA,0.929424371470071,NA,NA,NA,NA
"New Mexico","linear_increase_sd","Future",2020-09-01,"combined_trend",NA,NA,NA,0.13017957833442,NA,NA,NA,NA
"New Mexico","return_normal","Future",2020-09-01,"combined_trend",NA,NA,NA,0.433931927781401,NA,NA,NA,NA
"New Mexico","status_quo","Future",2020-09-01,"combined_trend",NA,NA,NA,0.403306909239025,NA,NA,NA,NA
"New Mexico","linear_increase_sd","Future",2020-09-01,"cumulative_all_infections",85137,84865,84602,110213,86967,158599,159270,159505
"New Mexico","return_normal","Future",2020-09-01,"cumulative_all_infections",144904,143808,143218,236175,165745,399510,402262,404307
"New Mexico","status_quo","Future",2020-09-01,"cumulative_all_infections",132750,131685,131157,212501,150267,355920,357176,358279
"New Mexico","linear_increase_sd","Future",2020-09-01,"cumulative_cases",26848,26287,26143,38169,32278,56510,57869,59764
"New Mexico","return_normal","Future",2020-09-01,"cumulative_cases",41944,40955,40441,72714,53074,124845,130313,133951
"New Mexico","status_quo","Future",2020-09-01,"cumulative_cases",38576,37251,36788,66507,49715,114710,117397,122677
"New Mexico","linear_increase_sd","Future",2020-09-01,"cumulative_deaths",910,903,890,1173,1012,1598,1619,1639
"New Mexico","return_normal","Future",2020-09-01,"cumulative_deaths",1033,1017,1008,1494,1178,2292,2321,2342
"New Mexico","status_quo","Future",2020-09-01,"cumulative_deaths",1011,997,994,1448,1160,2182,2207,2230
"New Mexico","linear_increase_sd","Future",2020-09-01,"cumulative_hosps",3309,3293,3278,4572,3855,6570,6633,6654
"New Mexico","return_normal","Future",2020-09-01,"cumulative_hosps",4483,4446,4424,7412,5531,12251,12374,12416
"New Mexico","status_quo","Future",2020-09-01,"cumulative_hosps",4273,4245,4223,6976,5299,11423,11496,11527
"New Mexico","linear_increase_sd","Future",2020-09-01,"daily_all_infections",28,27,23,66,43,128,134,140
"New Mexico","return_normal","Future",2020-09-01,"daily_all_infections",3207,3138,3110,5629,4101,9624,9848,9880
"New Mexico","status_quo","Future",2020-09-01,"daily_all_infections",2315,2257,2213,4217,3009,7341,7407,7505
"New Mexico","linear_increase_sd","Future",2020-09-01,"daily_cases",12,9,6,54,35,129,155,217
"New Mexico","return_normal","Future",2020-09-01,"daily_cases",550,422,355,1999,1406,4377,5331,5981
"New Mexico","status_quo","Future",2020-09-01,"daily_cases",480,332,262,1571,1087,3463,4143,5248
"New Mexico","linear_increase_sd","Future",2020-09-01,"daily_deaths",0,0,0,8,5,17,21,22
"New Mexico","return_normal","Future",2020-09-01,"daily_deaths",12,11,9,42,24,93,100,106
"New Mexico","status_quo","Future",2020-09-01,"daily_deaths",10,9,8,35,21,76,80,86
"New Mexico","linear_increase_sd","Future",2020-09-01,"daily_hosps",5,4,4,15,10,33,35,36
"New Mexico","return_normal","Future",2020-09-01,"daily_hosps",103,98,93,230,146,449,463,477
"New Mexico","status_quo","Future",2020-09-01,"daily_hosps",81,78,74,188,118,365,376,382
"New Mexico","linear_increase_sd","Future",2020-09-01,"latent_trend",NA,NA,NA,0.433931927781401,NA,NA,NA,NA
"New Mexico","return_normal","Future",2020-09-01,"latent_trend",NA,NA,NA,0.433931927781401,NA,NA,NA,NA
"New Mexico","status_quo","Future",2020-09-01,"latent_trend",NA,NA,NA,0.433931927781401,NA,NA,NA,NA
"New Mexico","linear_increase_sd","Future",2020-09-01,"mobility_trend",NA,NA,NA,0.3,NA,NA,NA,NA
"New Mexico","return_normal","Future",2020-09-01,"mobility_trend",NA,NA,NA,1,NA,NA,NA,NA
"New Mexico","status_quo","Future",2020-09-01,"mobility_trend",NA,NA,NA,0.929424371470071,NA,NA,NA,NA
"New Mexico","linear_increase_sd","Future",2020-09-02,"combined_trend",NA,NA,NA,0.13017957833442,NA,NA,NA,NA
"New Mexico","return_normal","Future",2020-09-02,"combined_trend",NA,NA,NA,0.433931927781401,NA,NA,NA,NA
"New Mexico","status_quo","Future",2020-09-02,"combined_trend",NA,NA,NA,0.403306909239025,NA,NA,NA,NA
"New Mexico","linear_increase_sd","Future",2020-09-02,"cumulative_all_infections",85179,84897,84637,110270,87000,158721,159384,159627
"New Mexico","return_normal","Future",2020-09-02,"cumulative_all_infections",148219,147140,146509,241849,169934,408821,411813,413917
"New Mexico","status_quo","Future",2020-09-02,"cumulative_all_infections",135145,134066,133435,216688,153304,363153,364497,365598
"New Mexico","linear_increase_sd","Future",2020-09-02,"cumulative_cases",26858,26311,26157,38216,32317,56599,58009,59859
"New Mexico","return_normal","Future",2020-09-02,"cumulative_cases",42872,42062,41327,74784,54430,129031,135801,137878
"New Mexico","status_quo","Future",2020-09-02,"cumulative_cases",39364,38150,37520,68117,50702,117859,120903,125068
"New Mexico","linear_increase_sd","Future",2020-09-02,"cumulative_deaths",913,906,894,1180,1015,1613,1628,1653
"New Mexico","return_normal","Future",2020-09-02,"cumulative_deaths",1049,1031,1026,1535,1198,2377,2406,2430
"New Mexico","status_quo","Future",2020-09-02,"cumulative_deaths",1025,1014,1008,1482,1179,2245,2275,2304
"New Mexico","linear_increase_sd","Future",2020-09-02,"cumulative_hosps",3314,3295,3282,4585,3862,6595,6656,6685
"New Mexico","return_normal","Future",2020-09-02,"cumulative_hosps",4585,4560,4521,7642,5673,12690,12801,12868
"New Mexico","status_quo","Future",2020-09-02,"cumulative_hosps",4354,4328,4306,7162,5420,11758,11839,11903
"New Mexico","linear_increase_sd","Future",2020-09-02,"daily_all_infections",25,23,21,58,36,115,120,124
"New Mexico","return_normal","Future",2020-09-02,"daily_all_infections",3298,3236,3173,5675,4191,9550,9676,9751
"New Mexico","status_quo","Future",2020-09-02,"daily_all_infections",2355,2280,2237,4188,3016,7229,7332,7440
"New Mexico","linear_increase_sd","Future",2020-09-02,"daily_cases",10,7,5,47,31,108,151,178
"New Mexico","return_normal","Future",2020-09-02,"daily_cases",623,459,370,2070,1419,4613,5883,6456
"New Mexico","status_quo","Future",2020-09-02,"daily_cases",476,371,278,1611,1134,3440,4232,4936
"New Mexico","linear_increase_sd","Future",2020-09-02,"daily_deaths",0,0,0,7,4,16,18,20
"New Mexico","return_normal","Future",2020-09-02,"daily_deaths",13,11,9,42,24,90,99,105
"New Mexico","status_quo","Future",2020-09-02,"daily_deaths",10,8,6,35,21,76,84,87
"New Mexico","linear_increase_sd","Future",2020-09-02,"daily_hosps",3,2,2,13,8,28,31,33
"New Mexico","return_normal","Future",2020-09-02,"daily_hosps",104,100,97,230,147,444,453,460
"New Mexico","status_quo","Future",2020-09-02,"daily_hosps",83,80,76,187,118,363,372,384
"New Mexico","linear_increase_sd","Future",2020-09-02,"latent_trend",NA,NA,NA,0.433931927781401,NA,NA,NA,NA
"New Mexico","return_normal","Future",2020-09-02,"latent_trend",NA,NA,NA,0.433931927781401,NA,NA,NA,NA
"New Mexico","status_quo","Future",2020-09-02,"latent_trend",NA,NA,NA,0.433931927781401,NA,NA,NA,NA
"New Mexico","linear_increase_sd","Future",2020-09-02,"mobility_trend",NA,NA,NA,0.3,NA,NA,NA,NA
"New Mexico","return_normal","Future",2020-09-02,"mobility_trend",NA,NA,NA,1,NA,NA,NA,NA
"New Mexico","status_quo","Future",2020-09-02,"mobility_trend",NA,NA,NA,0.929424371470071,NA,NA,NA,NA
"New Mexico","linear_increase_sd","Future",2020-09-03,"combined_trend",NA,NA,NA,0.13017957833442,NA,NA,NA,NA
"New Mexico","return_normal","Future",2020-09-03,"combined_trend",NA,NA,NA,0.433931927781401,NA,NA,NA,NA
"New Mexico","status_quo","Future",2020-09-03,"combined_trend",NA,NA,NA,0.403306909239025,NA,NA,NA,NA
"New Mexico","linear_increase_sd","Future",2020-09-03,"cumulative_all_infections",85214,84937,84669,110321,87030,158825,159484,159717
"New Mexico","return_normal","Future",2020-09-03,"cumulative_all_infections",151594,150435,149711,247523,174070,418165,421610,423446
"New Mexico","status_quo","Future",2020-09-03,"cumulative_all_infections",137517,136455,135789,220863,156705,370055,371826,372659
"New Mexico","linear_increase_sd","Future",2020-09-03,"cumulative_cases",26867,26328,26172,38258,32332,56713,58047,59933
"New Mexico","return_normal","Future",2020-09-03,"cumulative_cases",44141,43070,42142,76878,55952,133986,138314,142298
"New Mexico","status_quo","Future",2020-09-03,"cumulative_cases",40083,38799,38338,69645,51906,120519,123858,128216
"New Mexico","linear_increase_sd","Future",2020-09-03,"cumulative_deaths",916,906,894,1185,1018,1626,1639,1664
"New Mexico","return_normal","Future",2020-09-03,"cumulative_deaths",1067,1053,1039,1577,1219,2460,2503,2523
"New Mexico","status_quo","Future",2020-09-03,"cumulative_deaths",1041,1030,1022,1519,1197,2326,2347,2374
"New Mexico","linear_increase_sd","Future",2020-09-03,"cumulative_hosps",3316,3300,3288,4596,3868,6619,6676,6706
"New Mexico","return_normal","Future",2020-09-03,"cumulative_hosps",4694,4661,4622,7874,5814,13119,13249,13311
"New Mexico","status_quo","Future",2020-09-03,"cumulative_hosps",4450,4419,4394,7351,5534,12122,12192,12272
"New Mexico","linear_increase_sd","Future",2020-09-03,"daily_all_infections",21,20,17,51,34,98,103,109
"New Mexico","return_normal","Future",2020-09-03,"daily_all_infections",3362,3265,3218,5674,4242,9427,9541,9719
"New Mexico","status_quo","Future",2020-09-03,"daily_all_infections",2385,2353,2292,4175,3083,7105,7179,7247
"New Mexico","linear_increase_sd","Future",2020-09-03,"daily_cases",10,8,5,43,27,103,126,144
"New Mexico","return_normal","Future",2020-09-03,"daily_cases",636,529,434,2095,1525,4262,6039,7042
"New Mexico","status_quo","Future",2020-09-03,"daily_cases",477,357,327,1529,1117,3234,3910,4376
"New Mexico","linear_increase_sd","Future",2020-09-03,"daily_deaths",0,0,0,6,3,13,16,18
"New Mexico","return_normal","Future",2020-09-03,"daily_deaths",13,10,9,42,24,93,104,107
"New Mexico","status_quo","Future",2020-09-03,"daily_deaths",11,10,8,37,21,79,89,94
"New Mexico","linear_increase_sd","Future",2020-09-03,"daily_hosps",3,3,2,12,8,25,27,29
"New Mexico","return_normal","Future",2020-09-03,"daily_hosps",106,100,95,233,153,446,457,468
"New Mexico","status_quo","Future",2020-09-03,"daily_hosps",86,81,78,189,120,368,380,385
"New Mexico","linear_increase_sd","Future",2020-09-03,"latent_trend",NA,NA,NA,0.433931927781401,NA,NA,NA,NA
"New Mexico","return_normal","Future",2020-09-03,"latent_trend",NA,NA,NA,0.433931927781401,NA,NA,NA,NA
"New Mexico","status_quo","Future",2020-09-03,"latent_trend",NA,NA,NA,0.433931927781401,NA,NA,NA,NA
"New Mexico","linear_increase_sd","Future",2020-09-03,"mobility_trend",NA,NA,NA,0.3,NA,NA,NA,NA
"New Mexico","return_normal","Future",2020-09-03,"mobility_trend",NA,NA,NA,1,NA,NA,NA,NA
"New Mexico","status_quo","Future",2020-09-03,"mobility_trend",NA,NA,NA,0.929424371470071,NA,NA,NA,NA
"New Mexico","linear_increase_sd","Future",2020-09-04,"combined_trend",NA,NA,NA,0.13017957833442,NA,NA,NA,NA
"New Mexico","return_normal","Future",2020-09-04,"combined_trend",NA,NA,NA,0.433931927781401,NA,NA,NA,NA
"New Mexico","status_quo","Future",2020-09-04,"combined_trend",NA,NA,NA,0.403306909239025,NA,NA,NA,NA
"New Mexico","linear_increase_sd","Future",2020-09-04,"cumulative_all_infections",85244,84965,84696,110364,87053,158906,159561,159796
"New Mexico","return_normal","Future",2020-09-04,"cumulative_all_infections",155126,153988,153030,253209,178396,427310,430881,432851
"New Mexico","status_quo","Future",2020-09-04,"cumulative_all_infections",140006,138875,138344,225036,159674,377029,378781,379600
"New Mexico","linear_increase_sd","Future",2020-09-04,"cumulative_cases",26899,26351,26190,38292,32357,56725,58090,60008
"New Mexico","return_normal","Future",2020-09-04,"cumulative_cases",45325,43941,43141,78873,57022,137040,143606,146614
"New Mexico","status_quo","Future",2020-09-04,"cumulative_cases",41087,39616,39044,71185,52840,122837,126732,130377
"New Mexico","linear_increase_sd","Future",2020-09-04,"cumulative_deaths",918,908,896,1190,1020,1636,1647,1674
"New Mexico","return_normal","Future",2020-09-04,"cumulative_deaths",1085,1072,1057,1619,1247,2547,2580,2620
"New Mexico","status_quo","Future",2020-09-04,"cumulative_deaths",1057,1044,1036,1554,1216,2398,2426,2446
"New Mexico","linear_increase_sd","Future",2020-09-04,"cumulative_hosps",3321,3303,3294,4607,3875,6642,6694,6726
"New Mexico","return_normal","Future",2020-09-04,"cumulative_hosps",4812,4769,4732,8106,5979,13561,13678,13739
"New Mexico","status_quo","Future",2020-09-04,"cumulative_hosps",4538,4499,4473,7538,5661,12472,12542,12625
"New Mexico","linear_increase_sd","Future",2020-09-04,"daily_all_infections",18,16,14,44,29,86,92,95
"New Mexico","return_normal","Future",2020-09-04,"daily_all_infections",3451,3363,3303,5687,4302,9335,9448,9597
"New Mexico","status_quo","Future",2020-09-04,"daily_all_infections",2437,2394,2313,4173,3104,7007,7125,7230
"New Mexico","linear_increase_sd","Future",2020-09-04,"daily_cases",9,7,5,34,23,80,105,119
"New Mexico","return_normal","Future",2020-09-04,"daily_cases",614,441,382,1995,1530,4121,5089,6144
"New Mexico","status_quo","Future",2020-09-04,"daily_cases",440,355,287,1541,1077,3355,4245,4902
"New Mexico","linear_increase_sd","Future",2020-09-04,"daily_deaths",0,0,0,5,3,11,14,16
"New Mexico","return_normal","Future",2020-09-04,"daily_deaths",14,12,11,43,26,93,101,106
"New Mexico","status_quo","Future",2020-09-04,"daily_deaths",11,9,8,36,22,78,84,88
"New Mexico","linear_increase_sd","Future",2020-09-04,"daily_hosps",3,2,1,11,7,22,24,26
"New Mexico","return_normal","Future",2020-09-04,"daily_hosps",108,104,102,232,154,436,448,459
"New Mexico","status_quo","Future",2020-09-04,"daily_hosps",86,81,74,187,121,360,370,376
"New Mexico","linear_increase_sd","Future",2020-09-04,"latent_trend",NA,NA,NA,0.433931927781401,NA,NA,NA,NA
"New Mexico","return_normal","Future",2020-09-04,"latent_trend",NA,NA,NA,0.433931927781401,NA,NA,NA,NA
"New Mexico","status_quo","Future",2020-09-04,"latent_trend",NA,NA,NA,0.433931927781401,NA,NA,NA,NA
"New Mexico","linear_increase_sd","Future",2020-09-04,"mobility_trend",NA,NA,NA,0.3,NA,NA,NA,NA
"New Mexico","return_normal","Future",2020-09-04,"mobility_trend",NA,NA,NA,1,NA,NA,NA,NA
"New Mexico","status_quo","Future",2020-09-04,"mobility_trend",NA,NA,NA,0.929424371470071,NA,NA,NA,NA
"New Mexico","linear_increase_sd","Future",2020-09-05,"combined_trend",NA,NA,NA,0.13017957833442,NA,NA,NA,NA
"New Mexico","return_normal","Future",2020-09-05,"combined_trend",NA,NA,NA,0.433931927781401,NA,NA,NA,NA
"New Mexico","status_quo","Future",2020-09-05,"combined_trend",NA,NA,NA,0.403306909239025,NA,NA,NA,NA
"New Mexico","linear_increase_sd","Future",2020-09-05,"cumulative_all_infections",85266,84983,84721,110403,87077,158979,159629,159880
"New Mexico","return_normal","Future",2020-09-05,"cumulative_all_infections",158717,157426,156479,258929,182746,436694,440272,442261
"New Mexico","status_quo","Future",2020-09-05,"cumulative_all_infections",142499,141272,140803,229169,162785,383961,385676,386366
"New Mexico","linear_increase_sd","Future",2020-09-05,"cumulative_cases",26911,26362,26201,38321,32373,56758,58135,60115
"New Mexico","return_normal","Future",2020-09-05,"cumulative_cases",46323,45237,43963,80915,59038,140892,147266,151174
"New Mexico","status_quo","Future",2020-09-05,"cumulative_cases",41820,40554,39710,72696,53877,125863,129149,132679
"New Mexico","linear_increase_sd","Future",2020-09-05,"cumulative_deaths",920,911,897,1194,1021,1643,1654,1683
"New Mexico","return_normal","Future",2020-09-05,"cumulative_deaths",1105,1082,1073,1662,1271,2631,2665,2702
"New Mexico","status_quo","Future",2020-09-05,"cumulative_deaths",1072,1057,1050,1589,1236,2473,2492,2527
"New Mexico","linear_increase_sd","Future",2020-09-05,"cumulative_hosps",3325,3309,3300,4616,3879,6656,6710,6742
"New Mexico","return_normal","Future",2020-09-05,"cumulative_hosps",4927,4892,4854,8342,6147,13991,14106,14185
"New Mexico","status_quo","Future",2020-09-05,"cumulative_hosps",4629,4590,4552,7725,5792,12821,12892,12971
"New Mexico","linear_increase_sd","Future",2020-09-05,"daily_all_infections",17,15,14,39,26,77,83,86
"New Mexico","return_normal","Future",2020-09-05,"daily_all_infections",3555,3389,3356,5720,4379,9286,9404,9517
"New Mexico","status_quo","Future",2020-09-05,"daily_all_infections",2436,2394,2373,4134,3072,6873,6967,7089
"New Mexico","linear_increase_sd","Future",2020-09-05,"daily_cases",7,5,4,29,19,59,79,100
"New Mexico","return_normal","Future",2020-09-05,"daily_cases",656,550,477,2043,1606,4030,5115,6356
"New Mexico","status_quo","Future",2020-09-05,"daily_cases",520,395,321,1511,1115,3100,3951,4194
"New Mexico","linear_increase_sd","Future",2020-09-05,"daily_deaths",0,0,0,4,2,10,13,16
"New Mexico","return_normal","Future",2020-09-05,"daily_deaths",15,13,11,43,26,92,98,103
"New Mexico","status_quo","Future",2020-09-05,"daily_deaths",11,8,7,36,21,76,82,88
"New Mexico","linear_increase_sd","Future",2020-09-05,"daily_hosps",2,2,1,9,6,19,22,24
"New Mexico","return_normal","Future",2020-09-05,"daily_hosps",115,110,104,237,158,444,452,460
"New Mexico","status_quo","Future",2020-09-05,"daily_hosps",87,83,78,188,123,356,366,372
"New Mexico","linear_increase_sd","Future",2020-09-05,"latent_trend",NA,NA,NA,0.433931927781401,NA,NA,NA,NA
"New Mexico","return_normal","Future",2020-09-05,"latent_trend",NA,NA,NA,0.433931927781401,NA,NA,NA,NA
"New Mexico","status_quo","Future",2020-09-05,"latent_trend",NA,NA,NA,0.433931927781401,NA,NA,NA,NA
"New Mexico","linear_increase_sd","Future",2020-09-05,"mobility_trend",NA,NA,NA,0.3,NA,NA,NA,NA
"New Mexico","return_normal","Future",2020-09-05,"mobility_trend",NA,NA,NA,1,NA,NA,NA,NA
"New Mexico","status_quo","Future",2020-09-05,"mobility_trend",NA,NA,NA,0.929424371470071,NA,NA,NA,NA
"New Mexico","linear_increase_sd","Future",2020-09-06,"combined_trend",NA,NA,NA,0.13017957833442,NA,NA,NA,NA
"New Mexico","return_normal","Future",2020-09-06,"combined_trend",NA,NA,NA,0.433931927781401,NA,NA,NA,NA
"New Mexico","status_quo","Future",2020-09-06,"combined_trend",NA,NA,NA,0.403306909239025,NA,NA,NA,NA
"New Mexico","linear_increase_sd","Future",2020-09-06,"cumulative_all_infections",85282,85003,84742,110437,87097,159030,159698,159949
"New Mexico","return_normal","Future",2020-09-06,"cumulative_all_infections",162279,161191,160170,264675,187331,445688,449615,451401
"New Mexico","status_quo","Future",2020-09-06,"cumulative_all_infections",144936,143855,143334,233302,165898,390476,392524,393107
"New Mexico","linear_increase_sd","Future",2020-09-06,"cumulative_cases",26914,26374,26211,38350,32385,56786,58234,60175
"New Mexico","return_normal","Future",2020-09-06,"cumulative_cases",47286,46493,45248,82998,60374,144327,150710,155195
"New Mexico","status_quo","Future",2020-09-06,"cumulative_cases",42423,41281,40401,74149,55165,128042,131264,135699
"New Mexico","linear_increase_sd","Future",2020-09-06,"cumulative_deaths",920,911,898,1197,1022,1648,1663,1694
"New Mexico","return_normal","Future",2020-09-06,"cumulative_deaths",1127,1103,1090,1705,1293,2719,2754,2784
"New Mexico","status_quo","Future",2020-09-06,"cumulative_deaths",1087,1070,1067,1625,1256,2548,2569,2600
"New Mexico","linear_increase_sd","Future",2020-09-06,"cumulative_hosps",3326,3311,3301,4623,3883,6671,6729,6757
"New Mexico","return_normal","Future",2020-09-06,"cumulative_hosps",5049,5013,4971,8578,6305,14432,14536,14604
"New Mexico","status_quo","Future",2020-09-06,"cumulative_hosps",4728,4677,4638,7912,5915,13159,13244,13291
"New Mexico","linear_increase_sd","Future",2020-09-06,"daily_all_infections",14,12,10,34,23,67,70,74
"New Mexico","return_normal","Future",2020-09-06,"daily_all_infections",3639,3570,3506,5747,4425,9150,9300,9405
"New Mexico","status_quo","Future",2020-09-06,"daily_all_infections",2503,2415,2388,4134,3106,6793,6877,6928
"New Mexico","linear_increase_sd","Future",2020-09-06,"daily_cases",6,5,3,30,18,71,89,102
"New Mexico","return_normal","Future",2020-09-06,"daily_cases",687,550,414,2083,1582,4138,5149,6592
"New Mexico","status_quo","Future",2020-09-06,"daily_cases",461,373,262,1454,1140,2864,4009,4501
"New Mexico","linear_increase_sd","Future",2020-09-06,"daily_deaths",0,0,0,4,2,9,11,13
"New Mexico","return_normal","Future",2020-09-06,"daily_deaths",14,12,11,44,27,91,99,101
"New Mexico","status_quo","Future",2020-09-06,"daily_deaths",12,10,8,36,22,77,85,90
"New Mexico","linear_increase_sd","Future",2020-09-06,"daily_hosps",2,1,1,8,5,17,18,21
"New Mexico","return_normal","Future",2020-09-06,"daily_hosps",115,112,107,237,162,439,448,455
"New Mexico","status_quo","Future",2020-09-06,"daily_hosps",88,85,80,187,124,357,368,376
"New Mexico","linear_increase_sd","Future",2020-09-06,"latent_trend",NA,NA,NA,0.433931927781401,NA,NA,NA,NA
"New Mexico","return_normal","Future",2020-09-06,"latent_trend",NA,NA,NA,0.433931927781401,NA,NA,NA,NA
"New Mexico","status_quo","Future",2020-09-06,"latent_trend",NA,NA,NA,0.433931927781401,NA,NA,NA,NA
"New Mexico","linear_increase_sd","Future",2020-09-06,"mobility_trend",NA,NA,NA,0.3,NA,NA,NA,NA
"New Mexico","return_normal","Future",2020-09-06,"mobility_trend",NA,NA,NA,1,NA,NA,NA,NA
"New Mexico","status_quo","Future",2020-09-06,"mobility_trend",NA,NA,NA,0.929424371470071,NA,NA,NA,NA
"New Mexico","linear_increase_sd","Future",2020-09-07,"combined_trend",NA,NA,NA,0.13017957833442,NA,NA,NA,NA
"New Mexico","return_normal","Future",2020-09-07,"combined_trend",NA,NA,NA,0.433931927781401,NA,NA,NA,NA
"New Mexico","status_quo","Future",2020-09-07,"combined_trend",NA,NA,NA,0.403306909239025,NA,NA,NA,NA
"New Mexico","linear_increase_sd","Future",2020-09-07,"cumulative_all_infections",85299,85016,84762,110466,87115,159083,159739,160002
"New Mexico","return_normal","Future",2020-09-07,"cumulative_all_infections",166123,164832,163658,270411,191371,454699,458571,460377
"New Mexico","status_quo","Future",2020-09-07,"cumulative_all_infections",147516,146248,145855,237407,168792,397177,399187,399790
"New Mexico","linear_increase_sd","Future",2020-09-07,"cumulative_cases",26929,26389,26222,38375,32405,56857,58283,60196
"New Mexico","return_normal","Future",2020-09-07,"cumulative_cases",48763,47688,46470,85122,61621,147849,155686,157823
"New Mexico","status_quo","Future",2020-09-07,"cumulative_cases",43078,42064,40981,75672,56030,130839,133652,139354
"New Mexico","linear_increase_sd","Future",2020-09-07,"cumulative_deaths",922,912,898,1200,1024,1657,1671,1698
"New Mexico","return_normal","Future",2020-09-07,"cumulative_deaths",1144,1131,1112,1749,1315,2810,2859,2871
"New Mexico","status_quo","Future",2020-09-07,"cumulative_deaths",1100,1085,1080,1661,1275,2621,2645,2671
"New Mexico","linear_increase_sd","Future",2020-09-07,"cumulative_hosps",3329,3315,3304,4630,3887,6680,6746,6770
"New Mexico","return_normal","Future",2020-09-07,"cumulative_hosps",5166,5133,5097,8816,6473,14867,14965,15041
"New Mexico","status_quo","Future",2020-09-07,"cumulative_hosps",4819,4774,4735,8099,6036,13503,13592,13650
"New Mexico","linear_increase_sd","Future",2020-09-07,"daily_all_infections",13,11,10,30,20,58,63,66
"New Mexico","return_normal","Future",2020-09-07,"daily_all_infections",3713,3605,3506,5736,4480,9019,9118,9191
"New Mexico","status_quo","Future",2020-09-07,"daily_all_infections",2512,2474,2411,4105,3102,6674,6763,6805
"New Mexico","linear_increase_sd","Future",2020-09-07,"daily_cases",5,3,3,25,17,57,70,84
"New Mexico","return_normal","Future",2020-09-07,"daily_cases",707,587,488,2125,1604,3994,5624,7013
"New Mexico","status_quo","Future",2020-09-07,"daily_cases",479,323,283,1524,1132,3389,4007,4686
"New Mexico","linear_increase_sd","Future",2020-09-07,"daily_deaths",0,0,0,3,2,8,10,11
"New Mexico","return_normal","Future",2020-09-07,"daily_deaths",15,13,11,44,27,91,97,105
"New Mexico","status_quo","Future",2020-09-07,"daily_deaths",12,10,8,37,22,78,86,92
"New Mexico","linear_increase_sd","Future",2020-09-07,"daily_hosps",2,1,0,7,5,15,17,17
"New Mexico","return_normal","Future",2020-09-07,"daily_hosps",118,113,109,239,164,440,449,459
"New Mexico","status_quo","Future",2020-09-07,"daily_hosps",92,87,84,188,124,349,359,367
"New Mexico","linear_increase_sd","Future",2020-09-07,"latent_trend",NA,NA,NA,0.433931927781401,NA,NA,NA,NA
"New Mexico","return_normal","Future",2020-09-07,"latent_trend",NA,NA,NA,0.433931927781401,NA,NA,NA,NA
"New Mexico","status_quo","Future",2020-09-07,"latent_trend",NA,NA,NA,0.433931927781401,NA,NA,NA,NA
"New Mexico","linear_increase_sd","Future",2020-09-07,"mobility_trend",NA,NA,NA,0.3,NA,NA,NA,NA
"New Mexico","return_normal","Future",2020-09-07,"mobility_trend",NA,NA,NA,1,NA,NA,NA,NA
"New Mexico","status_quo","Future",2020-09-07,"mobility_trend",NA,NA,NA,0.929424371470071,NA,NA,NA,NA
"New Mexico","linear_increase_sd","Future",2020-09-08,"combined_trend",NA,NA,NA,0.13017957833442,NA,NA,NA,NA
"New Mexico","return_normal","Future",2020-09-08,"combined_trend",NA,NA,NA,0.433931927781401,NA,NA,NA,NA
"New Mexico","status_quo","Future",2020-09-08,"combined_trend",NA,NA,NA,0.403306909239025,NA,NA,NA,NA
"New Mexico","linear_increase_sd","Future",2020-09-08,"cumulative_all_infections",85308,85036,84778,110492,87130,159128,159781,160050
"New Mexico","return_normal","Future",2020-09-08,"cumulative_all_infections",170008,168571,167330,276177,195655,463652,467490,469193
"New Mexico","status_quo","Future",2020-09-08,"cumulative_all_infections",150158,148911,148439,241505,172061,403983,405766,406441
"New Mexico","linear_increase_sd","Future",2020-09-08,"cumulative_cases",26947,26400,26235,38395,32411,56898,58341,60219
"New Mexico","return_normal","Future",2020-09-08,"cumulative_cases",49900,49218,47955,87164,63112,151303,158260,161205
"New Mexico","status_quo","Future",2020-09-08,"cumulative_cases",43969,42963,41881,77251,57251,133542,135804,141998
"New Mexico","linear_increase_sd","Future",2020-09-08,"cumulative_deaths",923,912,899,1203,1025,1662,1674,1702
"New Mexico","return_normal","Future",2020-09-08,"cumulative_deaths",1161,1149,1131,1792,1342,2892,2936,2965
"New Mexico","status_quo","Future",2020-09-08,"cumulative_deaths",1117,1103,1096,1697,1295,2696,2721,2753
"New Mexico","linear_increase_sd","Future",2020-09-08,"cumulative_hosps",3331,3317,3306,4635,3890,6695,6755,6783
"New Mexico","return_normal","Future",2020-09-08,"cumulative_hosps",5293,5251,5231,9057,6641,15287,15405,15484
"New Mexico","status_quo","Future",2020-09-08,"cumulative_hosps",4922,4869,4826,8285,6163,13844,13931,13984
"New Mexico","linear_increase_sd","Future",2020-09-08,"daily_all_infections",12,10,9,27,19,52,55,57
"New Mexico","return_normal","Future",2020-09-08,"daily_all_infections",3820,3729,3651,5767,4563,8940,9033,9092
"New Mexico","status_quo","Future",2020-09-08,"daily_all_infections",2569,2518,2461,4098,3155,6593,6663,6734
"New Mexico","linear_increase_sd","Future",2020-09-08,"daily_cases",4,3,2,20,14,47,58,73
"New Mexico","return_normal","Future",2020-09-08,"daily_cases",676,562,523,2043,1525,4072,5095,5983
"New Mexico","status_quo","Future",2020-09-08,"daily_cases",529,379,289,1579,1238,3107,3546,3955
"New Mexico","linear_increase_sd","Future",2020-09-08,"daily_deaths",0,0,0,3,2,7,10,12
"New Mexico","return_normal","Future",2020-09-08,"daily_deaths",15,12,11,44,27,91,99,106
"New Mexico","status_quo","Future",2020-09-08,"daily_deaths",12,11,9,36,23,75,83,87
"New Mexico","linear_increase_sd","Future",2020-09-08,"daily_hosps",1,1,0,6,4,13,16,17
"New Mexico","return_normal","Future",2020-09-08,"daily_hosps",121,116,113,241,163,442,454,466
"New Mexico","status_quo","Future",2020-09-08,"daily_hosps",90,86,82,187,127,348,358,363
"New Mexico","linear_increase_sd","Future",2020-09-08,"latent_trend",NA,NA,NA,0.433931927781401,NA,NA,NA,NA
"New Mexico","return_normal","Future",2020-09-08,"latent_trend",NA,NA,NA,0.433931927781401,NA,NA,NA,NA
"New Mexico","status_quo","Future",2020-09-08,"latent_trend",NA,NA,NA,0.433931927781401,NA,NA,NA,NA
"New Mexico","linear_increase_sd","Future",2020-09-08,"mobility_trend",NA,NA,NA,0.3,NA,NA,NA,NA
"New Mexico","return_normal","Future",2020-09-08,"mobility_trend",NA,NA,NA,1,NA,NA,NA,NA
"New Mexico","status_quo","Future",2020-09-08,"mobility_trend",NA,NA,NA,0.929424371470071,NA,NA,NA,NA
