"location","sim_type","period","date","variable","lower_80","lower_90","lower_95","mean_value","median_value","upper_80","upper_90","upper_95"
"Idaho",NA,"Past",2020-03-14,"actual_cumulative_cases",NA,NA,NA,2,NA,NA,NA,NA
"Idaho",NA,"Past",2020-03-14,"actual_cumulative_deaths",NA,NA,NA,0,NA,NA,NA,NA
"Idaho",NA,"Past",2020-03-14,"actual_daily_cases",NA,NA,NA,2,NA,NA,NA,NA
"Idaho",NA,"Past",2020-03-14,"actual_daily_deaths",NA,NA,NA,0,NA,NA,NA,NA
"Idaho","linear_increase_sd","Past",2020-03-14,"combined_trend",NA,NA,NA,0.841246334880713,NA,NA,NA,NA
"Idaho","return_normal","Past",2020-03-14,"combined_trend",NA,NA,NA,0.841246334880713,NA,NA,NA,NA
"Idaho","status_quo","Past",2020-03-14,"combined_trend",NA,NA,NA,0.841246334880713,NA,NA,NA,NA
"Idaho","linear_increase_sd","Past",2020-03-14,"cumulative_all_infections",0,0,0,0,0,0,0,0
"Idaho","return_normal","Past",2020-03-14,"cumulative_all_infections",0,0,0,0,0,0,0,0
"Idaho","status_quo","Past",2020-03-14,"cumulative_all_infections",0,0,0,0,0,0,0,0
"Idaho","linear_increase_sd","Past",2020-03-14,"cumulative_cases",0,0,0,0,0,0,0,0
"Idaho","return_normal","Past",2020-03-14,"cumulative_cases",0,0,0,0,0,0,0,0
"Idaho","status_quo","Past",2020-03-14,"cumulative_cases",0,0,0,0,0,0,0,0
"Idaho","linear_increase_sd","Past",2020-03-14,"cumulative_deaths",0,0,0,0,0,0,0,0
"Idaho","return_normal","Past",2020-03-14,"cumulative_deaths",0,0,0,0,0,0,0,0
"Idaho","status_quo","Past",2020-03-14,"cumulative_deaths",0,0,0,0,0,0,0,0
"Idaho","linear_increase_sd","Past",2020-03-14,"cumulative_hosps",0,0,0,0,0,0,0,0
"Idaho","return_normal","Past",2020-03-14,"cumulative_hosps",0,0,0,0,0,0,0,0
"Idaho","status_quo","Past",2020-03-14,"cumulative_hosps",0,0,0,0,0,0,0,0
"Idaho","linear_increase_sd","Past",2020-03-14,"daily_all_infections",0,0,0,0,0,0,0,0
"Idaho","return_normal","Past",2020-03-14,"daily_all_infections",0,0,0,0,0,0,0,0
"Idaho","status_quo","Past",2020-03-14,"daily_all_infections",0,0,0,0,0,0,0,0
"Idaho","linear_increase_sd","Past",2020-03-14,"daily_cases",0,0,0,0,0,0,0,0
"Idaho","return_normal","Past",2020-03-14,"daily_cases",0,0,0,0,0,0,0,0
"Idaho","status_quo","Past",2020-03-14,"daily_cases",0,0,0,0,0,0,0,0
"Idaho","linear_increase_sd","Past",2020-03-14,"daily_deaths",0,0,0,0,0,0,0,0
"Idaho","return_normal","Past",2020-03-14,"daily_deaths",0,0,0,0,0,0,0,0
"Idaho","status_quo","Past",2020-03-14,"daily_deaths",0,0,0,0,0,0,0,0
"Idaho","linear_increase_sd","Past",2020-03-14,"daily_hosps",0,0,0,0,0,0,0,0
"Idaho","return_normal","Past",2020-03-14,"daily_hosps",0,0,0,0,0,0,0,0
"Idaho","status_quo","Past",2020-03-14,"daily_hosps",0,0,0,0,0,0,0,0
"Idaho","linear_increase_sd","Past",2020-03-14,"latent_trend",NA,NA,NA,1,NA,NA,NA,NA
"Idaho","return_normal","Past",2020-03-14,"latent_trend",NA,NA,NA,1,NA,NA,NA,NA
"Idaho","status_quo","Past",2020-03-14,"latent_trend",NA,NA,NA,1,NA,NA,NA,NA
"Idaho","linear_increase_sd","Past",2020-03-14,"mobility_trend",NA,NA,NA,0.841246334880713,NA,NA,NA,NA
"Idaho","return_normal","Past",2020-03-14,"mobility_trend",NA,NA,NA,0.841246334880713,NA,NA,NA,NA
"Idaho","status_quo","Past",2020-03-14,"mobility_trend",NA,NA,NA,0.841246334880713,NA,NA,NA,NA
"Idaho",NA,"Past",2020-03-15,"actual_cumulative_cases",NA,NA,NA,5,NA,NA,NA,NA
"Idaho",NA,"Past",2020-03-15,"actual_cumulative_deaths",NA,NA,NA,0,NA,NA,NA,NA
"Idaho",NA,"Past",2020-03-15,"actual_daily_cases",NA,NA,NA,3,NA,NA,NA,NA
"Idaho",NA,"Past",2020-03-15,"actual_daily_deaths",NA,NA,NA,0,NA,NA,NA,NA
"Idaho","linear_increase_sd","Past",2020-03-15,"combined_trend",NA,NA,NA,0.608902865214906,NA,NA,NA,NA
"Idaho","return_normal","Past",2020-03-15,"combined_trend",NA,NA,NA,0.608902865214906,NA,NA,NA,NA
"Idaho","status_quo","Past",2020-03-15,"combined_trend",NA,NA,NA,0.608902865214906,NA,NA,NA,NA
"Idaho","linear_increase_sd","Past",2020-03-15,"cumulative_all_infections",330,330,330,330,330,330,330,330
"Idaho","return_normal","Past",2020-03-15,"cumulative_all_infections",330,330,330,330,330,330,330,330
"Idaho","status_quo","Past",2020-03-15,"cumulative_all_infections",330,330,330,330,330,330,330,330
"Idaho","linear_increase_sd","Past",2020-03-15,"cumulative_cases",4,4,4,4,4,4,4,4
"Idaho","return_normal","Past",2020-03-15,"cumulative_cases",4,4,4,4,4,4,4,4
"Idaho","status_quo","Past",2020-03-15,"cumulative_cases",4,4,4,4,4,4,4,4
"Idaho","linear_increase_sd","Past",2020-03-15,"cumulative_deaths",0,0,0,0,0,0,0,0
"Idaho","return_normal","Past",2020-03-15,"cumulative_deaths",0,0,0,0,0,0,0,0
"Idaho","status_quo","Past",2020-03-15,"cumulative_deaths",0,0,0,0,0,0,0,0
"Idaho","linear_increase_sd","Past",2020-03-15,"cumulative_hosps",1,1,1,1,1,1,1,1
"Idaho","return_normal","Past",2020-03-15,"cumulative_hosps",1,1,1,1,1,1,1,1
"Idaho","status_quo","Past",2020-03-15,"cumulative_hosps",1,1,1,1,1,1,1,1
"Idaho","linear_increase_sd","Past",2020-03-15,"daily_all_infections",330,330,330,330,330,330,330,330
"Idaho","return_normal","Past",2020-03-15,"daily_all_infections",330,330,330,330,330,330,330,330
"Idaho","status_quo","Past",2020-03-15,"daily_all_infections",330,330,330,330,330,330,330,330
"Idaho","linear_increase_sd","Past",2020-03-15,"daily_cases",4,4,4,4,4,4,4,4
"Idaho","return_normal","Past",2020-03-15,"daily_cases",4,4,4,4,4,4,4,4
"Idaho","status_quo","Past",2020-03-15,"daily_cases",4,4,4,4,4,4,4,4
"Idaho","linear_increase_sd","Past",2020-03-15,"daily_deaths",0,0,0,0,0,0,0,0
"Idaho","return_normal","Past",2020-03-15,"daily_deaths",0,0,0,0,0,0,0,0
"Idaho","status_quo","Past",2020-03-15,"daily_deaths",0,0,0,0,0,0,0,0
"Idaho","linear_increase_sd","Past",2020-03-15,"daily_hosps",1,1,1,1,1,1,1,1
"Idaho","return_normal","Past",2020-03-15,"daily_hosps",1,1,1,1,1,1,1,1
"Idaho","status_quo","Past",2020-03-15,"daily_hosps",1,1,1,1,1,1,1,1
"Idaho","linear_increase_sd","Past",2020-03-15,"latent_trend",NA,NA,NA,0.734296687156635,NA,NA,NA,NA
"Idaho","return_normal","Past",2020-03-15,"latent_trend",NA,NA,NA,0.734296687156635,NA,NA,NA,NA
"Idaho","status_quo","Past",2020-03-15,"latent_trend",NA,NA,NA,0.734296687156635,NA,NA,NA,NA
"Idaho","linear_increase_sd","Past",2020-03-15,"mobility_trend",NA,NA,NA,0.829232755458448,NA,NA,NA,NA
"Idaho","return_normal","Past",2020-03-15,"mobility_trend",NA,NA,NA,0.829232755458448,NA,NA,NA,NA
"Idaho","status_quo","Past",2020-03-15,"mobility_trend",NA,NA,NA,0.829232755458448,NA,NA,NA,NA
"Idaho",NA,"Past",2020-03-16,"actual_cumulative_cases",NA,NA,NA,5,NA,NA,NA,NA
"Idaho",NA,"Past",2020-03-16,"actual_cumulative_deaths",NA,NA,NA,0,NA,NA,NA,NA
"Idaho",NA,"Past",2020-03-16,"actual_daily_cases",NA,NA,NA,0,NA,NA,NA,NA
"Idaho",NA,"Past",2020-03-16,"actual_daily_deaths",NA,NA,NA,0,NA,NA,NA,NA
"Idaho","linear_increase_sd","Past",2020-03-16,"combined_trend",NA,NA,NA,0.603357899517117,NA,NA,NA,NA
"Idaho","return_normal","Past",2020-03-16,"combined_trend",NA,NA,NA,0.603357899517117,NA,NA,NA,NA
"Idaho","status_quo","Past",2020-03-16,"combined_trend",NA,NA,NA,0.603357899517117,NA,NA,NA,NA
"Idaho","linear_increase_sd","Past",2020-03-16,"cumulative_all_infections",618,618,618,618,618,618,618,618
"Idaho","return_normal","Past",2020-03-16,"cumulative_all_infections",618,618,618,618,618,618,618,618
"Idaho","status_quo","Past",2020-03-16,"cumulative_all_infections",618,618,618,618,618,618,618,618
"Idaho","linear_increase_sd","Past",2020-03-16,"cumulative_cases",9,9,9,9,9,9,9,9
"Idaho","return_normal","Past",2020-03-16,"cumulative_cases",9,9,9,9,9,9,9,9
"Idaho","status_quo","Past",2020-03-16,"cumulative_cases",9,9,9,9,9,9,9,9
"Idaho","linear_increase_sd","Past",2020-03-16,"cumulative_deaths",0,0,0,0,0,0,0,0
"Idaho","return_normal","Past",2020-03-16,"cumulative_deaths",0,0,0,0,0,0,0,0
"Idaho","status_quo","Past",2020-03-16,"cumulative_deaths",0,0,0,0,0,0,0,0
"Idaho","linear_increase_sd","Past",2020-03-16,"cumulative_hosps",2,2,2,2,2,2,2,2
"Idaho","return_normal","Past",2020-03-16,"cumulative_hosps",2,2,2,2,2,2,2,2
"Idaho","status_quo","Past",2020-03-16,"cumulative_hosps",2,2,2,2,2,2,2,2
"Idaho","linear_increase_sd","Past",2020-03-16,"daily_all_infections",288,288,288,288,288,288,288,288
"Idaho","return_normal","Past",2020-03-16,"daily_all_infections",288,288,288,288,288,288,288,288
"Idaho","status_quo","Past",2020-03-16,"daily_all_infections",288,288,288,288,288,288,288,288
"Idaho","linear_increase_sd","Past",2020-03-16,"daily_cases",5,5,5,5,5,5,5,5
"Idaho","return_normal","Past",2020-03-16,"daily_cases",5,5,5,5,5,5,5,5
"Idaho","status_quo","Past",2020-03-16,"daily_cases",5,5,5,5,5,5,5,5
"Idaho","linear_increase_sd","Past",2020-03-16,"daily_deaths",0,0,0,0,0,0,0,0
"Idaho","return_normal","Past",2020-03-16,"daily_deaths",0,0,0,0,0,0,0,0
"Idaho","status_quo","Past",2020-03-16,"daily_deaths",0,0,0,0,0,0,0,0
"Idaho","linear_increase_sd","Past",2020-03-16,"daily_hosps",1,1,1,1,1,1,1,1
"Idaho","return_normal","Past",2020-03-16,"daily_hosps",1,1,1,1,1,1,1,1
"Idaho","status_quo","Past",2020-03-16,"daily_hosps",1,1,1,1,1,1,1,1
"Idaho","linear_increase_sd","Past",2020-03-16,"latent_trend",NA,NA,NA,0.738238078984243,NA,NA,NA,NA
"Idaho","return_normal","Past",2020-03-16,"latent_trend",NA,NA,NA,0.738238078984243,NA,NA,NA,NA
"Idaho","status_quo","Past",2020-03-16,"latent_trend",NA,NA,NA,0.738238078984243,NA,NA,NA,NA
"Idaho","linear_increase_sd","Past",2020-03-16,"mobility_trend",NA,NA,NA,0.817294470026918,NA,NA,NA,NA
"Idaho","return_normal","Past",2020-03-16,"mobility_trend",NA,NA,NA,0.817294470026918,NA,NA,NA,NA
"Idaho","status_quo","Past",2020-03-16,"mobility_trend",NA,NA,NA,0.817294470026918,NA,NA,NA,NA
"Idaho",NA,"Past",2020-03-17,"actual_cumulative_cases",NA,NA,NA,7,NA,NA,NA,NA
"Idaho",NA,"Past",2020-03-17,"actual_cumulative_deaths",NA,NA,NA,0,NA,NA,NA,NA
"Idaho",NA,"Past",2020-03-17,"actual_daily_cases",NA,NA,NA,2,NA,NA,NA,NA
"Idaho",NA,"Past",2020-03-17,"actual_daily_deaths",NA,NA,NA,0,NA,NA,NA,NA
"Idaho","linear_increase_sd","Past",2020-03-17,"combined_trend",NA,NA,NA,0.595356228710734,NA,NA,NA,NA
"Idaho","return_normal","Past",2020-03-17,"combined_trend",NA,NA,NA,0.595356228710734,NA,NA,NA,NA
"Idaho","status_quo","Past",2020-03-17,"combined_trend",NA,NA,NA,0.595356228710734,NA,NA,NA,NA
"Idaho","linear_increase_sd","Past",2020-03-17,"cumulative_all_infections",871,871,871,871,871,871,871,871
"Idaho","return_normal","Past",2020-03-17,"cumulative_all_infections",871,871,871,871,871,871,871,871
"Idaho","status_quo","Past",2020-03-17,"cumulative_all_infections",871,871,871,871,871,871,871,871
"Idaho","linear_increase_sd","Past",2020-03-17,"cumulative_cases",12,12,12,12,12,12,12,12
"Idaho","return_normal","Past",2020-03-17,"cumulative_cases",12,12,12,12,12,12,12,12
"Idaho","status_quo","Past",2020-03-17,"cumulative_cases",12,12,12,12,12,12,12,12
"Idaho","linear_increase_sd","Past",2020-03-17,"cumulative_deaths",0,0,0,0,0,0,0,0
"Idaho","return_normal","Past",2020-03-17,"cumulative_deaths",0,0,0,0,0,0,0,0
"Idaho","status_quo","Past",2020-03-17,"cumulative_deaths",0,0,0,0,0,0,0,0
"Idaho","linear_increase_sd","Past",2020-03-17,"cumulative_hosps",3,3,3,3,3,3,3,3
"Idaho","return_normal","Past",2020-03-17,"cumulative_hosps",3,3,3,3,3,3,3,3
"Idaho","status_quo","Past",2020-03-17,"cumulative_hosps",3,3,3,3,3,3,3,3
"Idaho","linear_increase_sd","Past",2020-03-17,"daily_all_infections",253,253,253,253,253,253,253,253
"Idaho","return_normal","Past",2020-03-17,"daily_all_infections",253,253,253,253,253,253,253,253
"Idaho","status_quo","Past",2020-03-17,"daily_all_infections",253,253,253,253,253,253,253,253
"Idaho","linear_increase_sd","Past",2020-03-17,"daily_cases",3,3,3,3,3,3,3,3
"Idaho","return_normal","Past",2020-03-17,"daily_cases",3,3,3,3,3,3,3,3
"Idaho","status_quo","Past",2020-03-17,"daily_cases",3,3,3,3,3,3,3,3
"Idaho","linear_increase_sd","Past",2020-03-17,"daily_deaths",0,0,0,0,0,0,0,0
"Idaho","return_normal","Past",2020-03-17,"daily_deaths",0,0,0,0,0,0,0,0
"Idaho","status_quo","Past",2020-03-17,"daily_deaths",0,0,0,0,0,0,0,0
"Idaho","linear_increase_sd","Past",2020-03-17,"daily_hosps",1,1,1,1,1,1,1,1
"Idaho","return_normal","Past",2020-03-17,"daily_hosps",1,1,1,1,1,1,1,1
"Idaho","status_quo","Past",2020-03-17,"daily_hosps",1,1,1,1,1,1,1,1
"Idaho","linear_increase_sd","Past",2020-03-17,"latent_trend",NA,NA,NA,0.739171910078762,NA,NA,NA,NA
"Idaho","return_normal","Past",2020-03-17,"latent_trend",NA,NA,NA,0.739171910078762,NA,NA,NA,NA
"Idaho","status_quo","Past",2020-03-17,"latent_trend",NA,NA,NA,0.739171910078762,NA,NA,NA,NA
"Idaho","linear_increase_sd","Past",2020-03-17,"mobility_trend",NA,NA,NA,0.805436760505816,NA,NA,NA,NA
"Idaho","return_normal","Past",2020-03-17,"mobility_trend",NA,NA,NA,0.805436760505816,NA,NA,NA,NA
"Idaho","status_quo","Past",2020-03-17,"mobility_trend",NA,NA,NA,0.805436760505816,NA,NA,NA,NA
"Idaho",NA,"Past",2020-03-18,"actual_cumulative_cases",NA,NA,NA,9,NA,NA,NA,NA
"Idaho",NA,"Past",2020-03-18,"actual_cumulative_deaths",NA,NA,NA,0,NA,NA,NA,NA
"Idaho",NA,"Past",2020-03-18,"actual_daily_cases",NA,NA,NA,2,NA,NA,NA,NA
"Idaho",NA,"Past",2020-03-18,"actual_daily_deaths",NA,NA,NA,0,NA,NA,NA,NA
"Idaho","linear_increase_sd","Past",2020-03-18,"combined_trend",NA,NA,NA,0.585182772239817,NA,NA,NA,NA
"Idaho","return_normal","Past",2020-03-18,"combined_trend",NA,NA,NA,0.585182772239817,NA,NA,NA,NA
"Idaho","status_quo","Past",2020-03-18,"combined_trend",NA,NA,NA,0.585182772239817,NA,NA,NA,NA
"Idaho","linear_increase_sd","Past",2020-03-18,"cumulative_all_infections",1111,1111,1111,1111,1111,1111,1111,1111
"Idaho","return_normal","Past",2020-03-18,"cumulative_all_infections",1111,1111,1111,1111,1111,1111,1111,1111
"Idaho","status_quo","Past",2020-03-18,"cumulative_all_infections",1111,1111,1111,1111,1111,1111,1111,1111
"Idaho","linear_increase_sd","Past",2020-03-18,"cumulative_cases",15,15,15,15,15,15,15,15
"Idaho","return_normal","Past",2020-03-18,"cumulative_cases",15,15,15,15,15,15,15,15
"Idaho","status_quo","Past",2020-03-18,"cumulative_cases",15,15,15,15,15,15,15,15
"Idaho","linear_increase_sd","Past",2020-03-18,"cumulative_deaths",1,1,1,1,1,1,1,1
"Idaho","return_normal","Past",2020-03-18,"cumulative_deaths",1,1,1,1,1,1,1,1
"Idaho","status_quo","Past",2020-03-18,"cumulative_deaths",1,1,1,1,1,1,1,1
"Idaho","linear_increase_sd","Past",2020-03-18,"cumulative_hosps",4,4,4,4,4,4,4,4
"Idaho","return_normal","Past",2020-03-18,"cumulative_hosps",4,4,4,4,4,4,4,4
"Idaho","status_quo","Past",2020-03-18,"cumulative_hosps",4,4,4,4,4,4,4,4
"Idaho","linear_increase_sd","Past",2020-03-18,"daily_all_infections",240,240,240,240,240,240,240,240
"Idaho","return_normal","Past",2020-03-18,"daily_all_infections",240,240,240,240,240,240,240,240
"Idaho","status_quo","Past",2020-03-18,"daily_all_infections",240,240,240,240,240,240,240,240
"Idaho","linear_increase_sd","Past",2020-03-18,"daily_cases",3,3,3,3,3,3,3,3
"Idaho","return_normal","Past",2020-03-18,"daily_cases",3,3,3,3,3,3,3,3
"Idaho","status_quo","Past",2020-03-18,"daily_cases",3,3,3,3,3,3,3,3
"Idaho","linear_increase_sd","Past",2020-03-18,"daily_deaths",1,1,1,1,1,1,1,1
"Idaho","return_normal","Past",2020-03-18,"daily_deaths",1,1,1,1,1,1,1,1
"Idaho","status_quo","Past",2020-03-18,"daily_deaths",1,1,1,1,1,1,1,1
"Idaho","linear_increase_sd","Past",2020-03-18,"daily_hosps",1,1,1,1,1,1,1,1
"Idaho","return_normal","Past",2020-03-18,"daily_hosps",1,1,1,1,1,1,1,1
"Idaho","status_quo","Past",2020-03-18,"daily_hosps",1,1,1,1,1,1,1,1
"Idaho","linear_increase_sd","Past",2020-03-18,"latent_trend",NA,NA,NA,0.737324061548805,NA,NA,NA,NA
"Idaho","return_normal","Past",2020-03-18,"latent_trend",NA,NA,NA,0.737324061548805,NA,NA,NA,NA
"Idaho","status_quo","Past",2020-03-18,"latent_trend",NA,NA,NA,0.737324061548805,NA,NA,NA,NA
"Idaho","linear_increase_sd","Past",2020-03-18,"mobility_trend",NA,NA,NA,0.793657501167934,NA,NA,NA,NA
"Idaho","return_normal","Past",2020-03-18,"mobility_trend",NA,NA,NA,0.793657501167934,NA,NA,NA,NA
"Idaho","status_quo","Past",2020-03-18,"mobility_trend",NA,NA,NA,0.793657501167934,NA,NA,NA,NA
"Idaho",NA,"Past",2020-03-19,"actual_cumulative_cases",NA,NA,NA,11,NA,NA,NA,NA
"Idaho",NA,"Past",2020-03-19,"actual_cumulative_deaths",NA,NA,NA,0,NA,NA,NA,NA
"Idaho",NA,"Past",2020-03-19,"actual_daily_cases",NA,NA,NA,2,NA,NA,NA,NA
"Idaho",NA,"Past",2020-03-19,"actual_daily_deaths",NA,NA,NA,0,NA,NA,NA,NA
"Idaho","linear_increase_sd","Past",2020-03-19,"combined_trend",NA,NA,NA,0.573066428941615,NA,NA,NA,NA
"Idaho","return_normal","Past",2020-03-19,"combined_trend",NA,NA,NA,0.573066428941615,NA,NA,NA,NA
"Idaho","status_quo","Past",2020-03-19,"combined_trend",NA,NA,NA,0.573066428941615,NA,NA,NA,NA
"Idaho","linear_increase_sd","Past",2020-03-19,"cumulative_all_infections",1359,1359,1359,1359,1359,1359,1359,1359
"Idaho","return_normal","Past",2020-03-19,"cumulative_all_infections",1359,1359,1359,1359,1359,1359,1359,1359
"Idaho","status_quo","Past",2020-03-19,"cumulative_all_infections",1359,1359,1359,1359,1359,1359,1359,1359
"Idaho","linear_increase_sd","Past",2020-03-19,"cumulative_cases",22,22,22,22,22,22,22,22
"Idaho","return_normal","Past",2020-03-19,"cumulative_cases",22,22,22,22,22,22,22,22
"Idaho","status_quo","Past",2020-03-19,"cumulative_cases",22,22,22,22,22,22,22,22
"Idaho","linear_increase_sd","Past",2020-03-19,"cumulative_deaths",2,2,2,2,2,2,2,2
"Idaho","return_normal","Past",2020-03-19,"cumulative_deaths",2,2,2,2,2,2,2,2
"Idaho","status_quo","Past",2020-03-19,"cumulative_deaths",2,2,2,2,2,2,2,2
"Idaho","linear_increase_sd","Past",2020-03-19,"cumulative_hosps",5,5,5,5,5,5,5,5
"Idaho","return_normal","Past",2020-03-19,"cumulative_hosps",5,5,5,5,5,5,5,5
"Idaho","status_quo","Past",2020-03-19,"cumulative_hosps",5,5,5,5,5,5,5,5
"Idaho","linear_increase_sd","Past",2020-03-19,"daily_all_infections",248,248,248,248,248,248,248,248
"Idaho","return_normal","Past",2020-03-19,"daily_all_infections",248,248,248,248,248,248,248,248
"Idaho","status_quo","Past",2020-03-19,"daily_all_infections",248,248,248,248,248,248,248,248
"Idaho","linear_increase_sd","Past",2020-03-19,"daily_cases",7,7,7,7,7,7,7,7
"Idaho","return_normal","Past",2020-03-19,"daily_cases",7,7,7,7,7,7,7,7
"Idaho","status_quo","Past",2020-03-19,"daily_cases",7,7,7,7,7,7,7,7
"Idaho","linear_increase_sd","Past",2020-03-19,"daily_deaths",1,1,1,1,1,1,1,1
"Idaho","return_normal","Past",2020-03-19,"daily_deaths",1,1,1,1,1,1,1,1
"Idaho","status_quo","Past",2020-03-19,"daily_deaths",1,1,1,1,1,1,1,1
"Idaho","linear_increase_sd","Past",2020-03-19,"daily_hosps",1,1,1,1,1,1,1,1
"Idaho","return_normal","Past",2020-03-19,"daily_hosps",1,1,1,1,1,1,1,1
"Idaho","status_quo","Past",2020-03-19,"daily_hosps",1,1,1,1,1,1,1,1
"Idaho","linear_increase_sd","Past",2020-03-19,"latent_trend",NA,NA,NA,0.732864099334345,NA,NA,NA,NA
"Idaho","return_normal","Past",2020-03-19,"latent_trend",NA,NA,NA,0.732864099334345,NA,NA,NA,NA
"Idaho","status_quo","Past",2020-03-19,"latent_trend",NA,NA,NA,0.732864099334345,NA,NA,NA,NA
"Idaho","linear_increase_sd","Past",2020-03-19,"mobility_trend",NA,NA,NA,0.781954566286064,NA,NA,NA,NA
"Idaho","return_normal","Past",2020-03-19,"mobility_trend",NA,NA,NA,0.781954566286064,NA,NA,NA,NA
"Idaho","status_quo","Past",2020-03-19,"mobility_trend",NA,NA,NA,0.781954566286064,NA,NA,NA,NA
"Idaho",NA,"Past",2020-03-20,"actual_cumulative_cases",NA,NA,NA,23,NA,NA,NA,NA
"Idaho",NA,"Past",2020-03-20,"actual_cumulative_deaths",NA,NA,NA,0,NA,NA,NA,NA
"Idaho",NA,"Past",2020-03-20,"actual_daily_cases",NA,NA,NA,12,NA,NA,NA,NA
"Idaho",NA,"Past",2020-03-20,"actual_daily_deaths",NA,NA,NA,0,NA,NA,NA,NA
"Idaho","linear_increase_sd","Past",2020-03-20,"combined_trend",NA,NA,NA,0.559201321661548,NA,NA,NA,NA
"Idaho","return_normal","Past",2020-03-20,"combined_trend",NA,NA,NA,0.559201321661548,NA,NA,NA,NA
"Idaho","status_quo","Past",2020-03-20,"combined_trend",NA,NA,NA,0.559201321661548,NA,NA,NA,NA
"Idaho","linear_increase_sd","Past",2020-03-20,"cumulative_all_infections",1624,1624,1624,1624,1624,1624,1624,1624
"Idaho","return_normal","Past",2020-03-20,"cumulative_all_infections",1624,1624,1624,1624,1624,1624,1624,1624
"Idaho","status_quo","Past",2020-03-20,"cumulative_all_infections",1624,1624,1624,1624,1624,1624,1624,1624
"Idaho","linear_increase_sd","Past",2020-03-20,"cumulative_cases",35,35,35,35,35,35,35,35
"Idaho","return_normal","Past",2020-03-20,"cumulative_cases",35,35,35,35,35,35,35,35
"Idaho","status_quo","Past",2020-03-20,"cumulative_cases",35,35,35,35,35,35,35,35
"Idaho","linear_increase_sd","Past",2020-03-20,"cumulative_deaths",3,3,3,3,3,3,3,3
"Idaho","return_normal","Past",2020-03-20,"cumulative_deaths",3,3,3,3,3,3,3,3
"Idaho","status_quo","Past",2020-03-20,"cumulative_deaths",3,3,3,3,3,3,3,3
"Idaho","linear_increase_sd","Past",2020-03-20,"cumulative_hosps",6,6,6,6,6,6,6,6
"Idaho","return_normal","Past",2020-03-20,"cumulative_hosps",6,6,6,6,6,6,6,6
"Idaho","status_quo","Past",2020-03-20,"cumulative_hosps",6,6,6,6,6,6,6,6
"Idaho","linear_increase_sd","Past",2020-03-20,"daily_all_infections",265,265,265,265,265,265,265,265
"Idaho","return_normal","Past",2020-03-20,"daily_all_infections",265,265,265,265,265,265,265,265
"Idaho","status_quo","Past",2020-03-20,"daily_all_infections",265,265,265,265,265,265,265,265
"Idaho","linear_increase_sd","Past",2020-03-20,"daily_cases",13,13,13,13,13,13,13,13
"Idaho","return_normal","Past",2020-03-20,"daily_cases",13,13,13,13,13,13,13,13
"Idaho","status_quo","Past",2020-03-20,"daily_cases",13,13,13,13,13,13,13,13
"Idaho","linear_increase_sd","Past",2020-03-20,"daily_deaths",1,1,1,1,1,1,1,1
"Idaho","return_normal","Past",2020-03-20,"daily_deaths",1,1,1,1,1,1,1,1
"Idaho","status_quo","Past",2020-03-20,"daily_deaths",1,1,1,1,1,1,1,1
"Idaho","linear_increase_sd","Past",2020-03-20,"daily_hosps",1,1,1,1,1,1,1,1
"Idaho","return_normal","Past",2020-03-20,"daily_hosps",1,1,1,1,1,1,1,1
"Idaho","status_quo","Past",2020-03-20,"daily_hosps",1,1,1,1,1,1,1,1
"Idaho","linear_increase_sd","Past",2020-03-20,"latent_trend",NA,NA,NA,0.725919569445982,NA,NA,NA,NA
"Idaho","return_normal","Past",2020-03-20,"latent_trend",NA,NA,NA,0.725919569445982,NA,NA,NA,NA
"Idaho","status_quo","Past",2020-03-20,"latent_trend",NA,NA,NA,0.725919569445982,NA,NA,NA,NA
"Idaho","linear_increase_sd","Past",2020-03-20,"mobility_trend",NA,NA,NA,0.770335096611774,NA,NA,NA,NA
"Idaho","return_normal","Past",2020-03-20,"mobility_trend",NA,NA,NA,0.770335096611774,NA,NA,NA,NA
"Idaho","status_quo","Past",2020-03-20,"mobility_trend",NA,NA,NA,0.770335096611774,NA,NA,NA,NA
"Idaho",NA,"Past",2020-03-21,"actual_cumulative_cases",NA,NA,NA,31,NA,NA,NA,NA
"Idaho",NA,"Past",2020-03-21,"actual_cumulative_deaths",NA,NA,NA,0,NA,NA,NA,NA
"Idaho",NA,"Past",2020-03-21,"actual_daily_cases",NA,NA,NA,8,NA,NA,NA,NA
"Idaho",NA,"Past",2020-03-21,"actual_daily_deaths",NA,NA,NA,0,NA,NA,NA,NA
"Idaho","linear_increase_sd","Past",2020-03-21,"combined_trend",NA,NA,NA,0.543779716170585,NA,NA,NA,NA
"Idaho","return_normal","Past",2020-03-21,"combined_trend",NA,NA,NA,0.543779716170585,NA,NA,NA,NA
"Idaho","status_quo","Past",2020-03-21,"combined_trend",NA,NA,NA,0.543779716170585,NA,NA,NA,NA
"Idaho","linear_increase_sd","Past",2020-03-21,"cumulative_all_infections",1913,1913,1913,1913,1913,1913,1913,1913
"Idaho","return_normal","Past",2020-03-21,"cumulative_all_infections",1913,1913,1913,1913,1913,1913,1913,1913
"Idaho","status_quo","Past",2020-03-21,"cumulative_all_infections",1913,1913,1913,1913,1913,1913,1913,1913
"Idaho","linear_increase_sd","Past",2020-03-21,"cumulative_cases",56,56,56,56,56,56,56,56
"Idaho","return_normal","Past",2020-03-21,"cumulative_cases",56,56,56,56,56,56,56,56
"Idaho","status_quo","Past",2020-03-21,"cumulative_cases",56,56,56,56,56,56,56,56
"Idaho","linear_increase_sd","Past",2020-03-21,"cumulative_deaths",4,4,4,4,4,4,4,4
"Idaho","return_normal","Past",2020-03-21,"cumulative_deaths",4,4,4,4,4,4,4,4
"Idaho","status_quo","Past",2020-03-21,"cumulative_deaths",4,4,4,4,4,4,4,4
"Idaho","linear_increase_sd","Past",2020-03-21,"cumulative_hosps",7,7,7,7,7,7,7,7
"Idaho","return_normal","Past",2020-03-21,"cumulative_hosps",7,7,7,7,7,7,7,7
"Idaho","status_quo","Past",2020-03-21,"cumulative_hosps",7,7,7,7,7,7,7,7
"Idaho","linear_increase_sd","Past",2020-03-21,"daily_all_infections",289,289,289,289,289,289,289,289
"Idaho","return_normal","Past",2020-03-21,"daily_all_infections",289,289,289,289,289,289,289,289
"Idaho","status_quo","Past",2020-03-21,"daily_all_infections",289,289,289,289,289,289,289,289
"Idaho","linear_increase_sd","Past",2020-03-21,"daily_cases",21,21,21,21,21,21,21,21
"Idaho","return_normal","Past",2020-03-21,"daily_cases",21,21,21,21,21,21,21,21
"Idaho","status_quo","Past",2020-03-21,"daily_cases",21,21,21,21,21,21,21,21
"Idaho","linear_increase_sd","Past",2020-03-21,"daily_deaths",1,1,1,1,1,1,1,1
"Idaho","return_normal","Past",2020-03-21,"daily_deaths",1,1,1,1,1,1,1,1
"Idaho","status_quo","Past",2020-03-21,"daily_deaths",1,1,1,1,1,1,1,1
"Idaho","linear_increase_sd","Past",2020-03-21,"daily_hosps",1,1,1,1,1,1,1,1
"Idaho","return_normal","Past",2020-03-21,"daily_hosps",1,1,1,1,1,1,1,1
"Idaho","status_quo","Past",2020-03-21,"daily_hosps",1,1,1,1,1,1,1,1
"Idaho","linear_increase_sd","Past",2020-03-21,"latent_trend",NA,NA,NA,0.716590259177474,NA,NA,NA,NA
"Idaho","return_normal","Past",2020-03-21,"latent_trend",NA,NA,NA,0.716590259177474,NA,NA,NA,NA
"Idaho","status_quo","Past",2020-03-21,"latent_trend",NA,NA,NA,0.716590259177474,NA,NA,NA,NA
"Idaho","linear_increase_sd","Past",2020-03-21,"mobility_trend",NA,NA,NA,0.758843298811727,NA,NA,NA,NA
"Idaho","return_normal","Past",2020-03-21,"mobility_trend",NA,NA,NA,0.758843298811727,NA,NA,NA,NA
"Idaho","status_quo","Past",2020-03-21,"mobility_trend",NA,NA,NA,0.758843298811727,NA,NA,NA,NA
"Idaho",NA,"Past",2020-03-22,"actual_cumulative_cases",NA,NA,NA,42,NA,NA,NA,NA
"Idaho",NA,"Past",2020-03-22,"actual_cumulative_deaths",NA,NA,NA,0,NA,NA,NA,NA
"Idaho",NA,"Past",2020-03-22,"actual_daily_cases",NA,NA,NA,11,NA,NA,NA,NA
"Idaho",NA,"Past",2020-03-22,"actual_daily_deaths",NA,NA,NA,0,NA,NA,NA,NA
"Idaho","linear_increase_sd","Past",2020-03-22,"combined_trend",NA,NA,NA,0.526982304598443,NA,NA,NA,NA
"Idaho","return_normal","Past",2020-03-22,"combined_trend",NA,NA,NA,0.526982304598443,NA,NA,NA,NA
"Idaho","status_quo","Past",2020-03-22,"combined_trend",NA,NA,NA,0.526982304598443,NA,NA,NA,NA
"Idaho","linear_increase_sd","Past",2020-03-22,"cumulative_all_infections",2226,2226,2226,2226,2226,2226,2226,2226
"Idaho","return_normal","Past",2020-03-22,"cumulative_all_infections",2226,2226,2226,2226,2226,2226,2226,2226
"Idaho","status_quo","Past",2020-03-22,"cumulative_all_infections",2226,2226,2226,2226,2226,2226,2226,2226
"Idaho","linear_increase_sd","Past",2020-03-22,"cumulative_cases",85,85,85,85,85,85,85,85
"Idaho","return_normal","Past",2020-03-22,"cumulative_cases",85,85,85,85,85,85,85,85
"Idaho","status_quo","Past",2020-03-22,"cumulative_cases",85,85,85,85,85,85,85,85
"Idaho","linear_increase_sd","Past",2020-03-22,"cumulative_deaths",5,5,5,5,5,5,5,5
"Idaho","return_normal","Past",2020-03-22,"cumulative_deaths",5,5,5,5,5,5,5,5
"Idaho","status_quo","Past",2020-03-22,"cumulative_deaths",5,5,5,5,5,5,5,5
"Idaho","linear_increase_sd","Past",2020-03-22,"cumulative_hosps",8,8,8,8,8,8,8,8
"Idaho","return_normal","Past",2020-03-22,"cumulative_hosps",8,8,8,8,8,8,8,8
"Idaho","status_quo","Past",2020-03-22,"cumulative_hosps",8,8,8,8,8,8,8,8
"Idaho","linear_increase_sd","Past",2020-03-22,"daily_all_infections",313,313,313,313,313,313,313,313
"Idaho","return_normal","Past",2020-03-22,"daily_all_infections",313,313,313,313,313,313,313,313
"Idaho","status_quo","Past",2020-03-22,"daily_all_infections",313,313,313,313,313,313,313,313
"Idaho","linear_increase_sd","Past",2020-03-22,"daily_cases",29,29,29,29,29,29,29,29
"Idaho","return_normal","Past",2020-03-22,"daily_cases",29,29,29,29,29,29,29,29
"Idaho","status_quo","Past",2020-03-22,"daily_cases",29,29,29,29,29,29,29,29
"Idaho","linear_increase_sd","Past",2020-03-22,"daily_deaths",1,1,1,1,1,1,1,1
"Idaho","return_normal","Past",2020-03-22,"daily_deaths",1,1,1,1,1,1,1,1
"Idaho","status_quo","Past",2020-03-22,"daily_deaths",1,1,1,1,1,1,1,1
"Idaho","linear_increase_sd","Past",2020-03-22,"daily_hosps",1,1,1,1,1,1,1,1
"Idaho","return_normal","Past",2020-03-22,"daily_hosps",1,1,1,1,1,1,1,1
"Idaho","status_quo","Past",2020-03-22,"daily_hosps",1,1,1,1,1,1,1,1
"Idaho","linear_increase_sd","Past",2020-03-22,"latent_trend",NA,NA,NA,0.704962261375721,NA,NA,NA,NA
"Idaho","return_normal","Past",2020-03-22,"latent_trend",NA,NA,NA,0.704962261375721,NA,NA,NA,NA
"Idaho","status_quo","Past",2020-03-22,"latent_trend",NA,NA,NA,0.704962261375721,NA,NA,NA,NA
"Idaho","linear_increase_sd","Past",2020-03-22,"mobility_trend",NA,NA,NA,0.747532646031359,NA,NA,NA,NA
"Idaho","return_normal","Past",2020-03-22,"mobility_trend",NA,NA,NA,0.747532646031359,NA,NA,NA,NA
"Idaho","status_quo","Past",2020-03-22,"mobility_trend",NA,NA,NA,0.747532646031359,NA,NA,NA,NA
"Idaho",NA,"Past",2020-03-23,"actual_cumulative_cases",NA,NA,NA,47,NA,NA,NA,NA
"Idaho",NA,"Past",2020-03-23,"actual_cumulative_deaths",NA,NA,NA,0,NA,NA,NA,NA
"Idaho",NA,"Past",2020-03-23,"actual_daily_cases",NA,NA,NA,5,NA,NA,NA,NA
"Idaho",NA,"Past",2020-03-23,"actual_daily_deaths",NA,NA,NA,0,NA,NA,NA,NA
"Idaho","linear_increase_sd","Past",2020-03-23,"combined_trend",NA,NA,NA,0.508982287777482,NA,NA,NA,NA
"Idaho","return_normal","Past",2020-03-23,"combined_trend",NA,NA,NA,0.508982287777482,NA,NA,NA,NA
"Idaho","status_quo","Past",2020-03-23,"combined_trend",NA,NA,NA,0.508982287777482,NA,NA,NA,NA
"Idaho","linear_increase_sd","Past",2020-03-23,"cumulative_all_infections",2560,2560,2560,2560,2560,2560,2560,2560
"Idaho","return_normal","Past",2020-03-23,"cumulative_all_infections",2560,2560,2560,2560,2560,2560,2560,2560
"Idaho","status_quo","Past",2020-03-23,"cumulative_all_infections",2560,2560,2560,2560,2560,2560,2560,2560
"Idaho","linear_increase_sd","Past",2020-03-23,"cumulative_cases",116,116,116,116,116,116,116,116
"Idaho","return_normal","Past",2020-03-23,"cumulative_cases",116,116,116,116,116,116,116,116
"Idaho","status_quo","Past",2020-03-23,"cumulative_cases",116,116,116,116,116,116,116,116
"Idaho","linear_increase_sd","Past",2020-03-23,"cumulative_deaths",6,6,6,6,6,6,6,6
"Idaho","return_normal","Past",2020-03-23,"cumulative_deaths",6,6,6,6,6,6,6,6
"Idaho","status_quo","Past",2020-03-23,"cumulative_deaths",6,6,6,6,6,6,6,6
"Idaho","linear_increase_sd","Past",2020-03-23,"cumulative_hosps",10,10,10,10,10,10,10,10
"Idaho","return_normal","Past",2020-03-23,"cumulative_hosps",10,10,10,10,10,10,10,10
"Idaho","status_quo","Past",2020-03-23,"cumulative_hosps",10,10,10,10,10,10,10,10
"Idaho","linear_increase_sd","Past",2020-03-23,"daily_all_infections",334,334,334,334,334,334,334,334
"Idaho","return_normal","Past",2020-03-23,"daily_all_infections",334,334,334,334,334,334,334,334
"Idaho","status_quo","Past",2020-03-23,"daily_all_infections",334,334,334,334,334,334,334,334
"Idaho","linear_increase_sd","Past",2020-03-23,"daily_cases",31,31,31,31,31,31,31,31
"Idaho","return_normal","Past",2020-03-23,"daily_cases",31,31,31,31,31,31,31,31
"Idaho","status_quo","Past",2020-03-23,"daily_cases",31,31,31,31,31,31,31,31
"Idaho","linear_increase_sd","Past",2020-03-23,"daily_deaths",1,1,1,1,1,1,1,1
"Idaho","return_normal","Past",2020-03-23,"daily_deaths",1,1,1,1,1,1,1,1
"Idaho","status_quo","Past",2020-03-23,"daily_deaths",1,1,1,1,1,1,1,1
"Idaho","linear_increase_sd","Past",2020-03-23,"daily_hosps",2,2,2,2,2,2,2,2
"Idaho","return_normal","Past",2020-03-23,"daily_hosps",2,2,2,2,2,2,2,2
"Idaho","status_quo","Past",2020-03-23,"daily_hosps",2,2,2,2,2,2,2,2
"Idaho","linear_increase_sd","Past",2020-03-23,"latent_trend",NA,NA,NA,0.691121705773706,NA,NA,NA,NA
"Idaho","return_normal","Past",2020-03-23,"latent_trend",NA,NA,NA,0.691121705773706,NA,NA,NA,NA
"Idaho","status_quo","Past",2020-03-23,"latent_trend",NA,NA,NA,0.691121705773706,NA,NA,NA,NA
"Idaho","linear_increase_sd","Past",2020-03-23,"mobility_trend",NA,NA,NA,0.736458258401361,NA,NA,NA,NA
"Idaho","return_normal","Past",2020-03-23,"mobility_trend",NA,NA,NA,0.736458258401361,NA,NA,NA,NA
"Idaho","status_quo","Past",2020-03-23,"mobility_trend",NA,NA,NA,0.736458258401361,NA,NA,NA,NA
"Idaho",NA,"Past",2020-03-24,"actual_cumulative_cases",NA,NA,NA,50,NA,NA,NA,NA
"Idaho",NA,"Past",2020-03-24,"actual_cumulative_deaths",NA,NA,NA,0,NA,NA,NA,NA
"Idaho",NA,"Past",2020-03-24,"actual_daily_cases",NA,NA,NA,3,NA,NA,NA,NA
"Idaho",NA,"Past",2020-03-24,"actual_daily_deaths",NA,NA,NA,0,NA,NA,NA,NA
"Idaho","linear_increase_sd","Past",2020-03-24,"combined_trend",NA,NA,NA,0.489957075654977,NA,NA,NA,NA
"Idaho","return_normal","Past",2020-03-24,"combined_trend",NA,NA,NA,0.489957075654977,NA,NA,NA,NA
"Idaho","status_quo","Past",2020-03-24,"combined_trend",NA,NA,NA,0.489957075654977,NA,NA,NA,NA
"Idaho","linear_increase_sd","Past",2020-03-24,"cumulative_all_infections",2916,2916,2916,2916,2916,2916,2916,2916
"Idaho","return_normal","Past",2020-03-24,"cumulative_all_infections",2916,2916,2916,2916,2916,2916,2916,2916
"Idaho","status_quo","Past",2020-03-24,"cumulative_all_infections",2916,2916,2916,2916,2916,2916,2916,2916
"Idaho","linear_increase_sd","Past",2020-03-24,"cumulative_cases",150,150,150,150,150,150,150,150
"Idaho","return_normal","Past",2020-03-24,"cumulative_cases",150,150,150,150,150,150,150,150
"Idaho","status_quo","Past",2020-03-24,"cumulative_cases",150,150,150,150,150,150,150,150
"Idaho","linear_increase_sd","Past",2020-03-24,"cumulative_deaths",7,7,7,7,7,7,7,7
"Idaho","return_normal","Past",2020-03-24,"cumulative_deaths",7,7,7,7,7,7,7,7
"Idaho","status_quo","Past",2020-03-24,"cumulative_deaths",7,7,7,7,7,7,7,7
"Idaho","linear_increase_sd","Past",2020-03-24,"cumulative_hosps",12,12,12,12,12,12,12,12
"Idaho","return_normal","Past",2020-03-24,"cumulative_hosps",12,12,12,12,12,12,12,12
"Idaho","status_quo","Past",2020-03-24,"cumulative_hosps",12,12,12,12,12,12,12,12
"Idaho","linear_increase_sd","Past",2020-03-24,"daily_all_infections",356,356,356,356,356,356,356,356
"Idaho","return_normal","Past",2020-03-24,"daily_all_infections",356,356,356,356,356,356,356,356
"Idaho","status_quo","Past",2020-03-24,"daily_all_infections",356,356,356,356,356,356,356,356
"Idaho","linear_increase_sd","Past",2020-03-24,"daily_cases",34,34,34,34,34,34,34,34
"Idaho","return_normal","Past",2020-03-24,"daily_cases",34,34,34,34,34,34,34,34
"Idaho","status_quo","Past",2020-03-24,"daily_cases",34,34,34,34,34,34,34,34
"Idaho","linear_increase_sd","Past",2020-03-24,"daily_deaths",1,1,1,1,1,1,1,1
"Idaho","return_normal","Past",2020-03-24,"daily_deaths",1,1,1,1,1,1,1,1
"Idaho","status_quo","Past",2020-03-24,"daily_deaths",1,1,1,1,1,1,1,1
"Idaho","linear_increase_sd","Past",2020-03-24,"daily_hosps",2,2,2,2,2,2,2,2
"Idaho","return_normal","Past",2020-03-24,"daily_hosps",2,2,2,2,2,2,2,2
"Idaho","status_quo","Past",2020-03-24,"daily_hosps",2,2,2,2,2,2,2,2
"Idaho","linear_increase_sd","Past",2020-03-24,"latent_trend",NA,NA,NA,0.675167884811246,NA,NA,NA,NA
"Idaho","return_normal","Past",2020-03-24,"latent_trend",NA,NA,NA,0.675167884811246,NA,NA,NA,NA
"Idaho","status_quo","Past",2020-03-24,"latent_trend",NA,NA,NA,0.675167884811246,NA,NA,NA,NA
"Idaho","linear_increase_sd","Past",2020-03-24,"mobility_trend",NA,NA,NA,0.725681843993442,NA,NA,NA,NA
"Idaho","return_normal","Past",2020-03-24,"mobility_trend",NA,NA,NA,0.725681843993442,NA,NA,NA,NA
"Idaho","status_quo","Past",2020-03-24,"mobility_trend",NA,NA,NA,0.725681843993442,NA,NA,NA,NA
"Idaho",NA,"Past",2020-03-25,"actual_cumulative_cases",NA,NA,NA,73,NA,NA,NA,NA
"Idaho",NA,"Past",2020-03-25,"actual_cumulative_deaths",NA,NA,NA,0,NA,NA,NA,NA
"Idaho",NA,"Past",2020-03-25,"actual_daily_cases",NA,NA,NA,23,NA,NA,NA,NA
"Idaho",NA,"Past",2020-03-25,"actual_daily_deaths",NA,NA,NA,0,NA,NA,NA,NA
"Idaho","linear_increase_sd","Past",2020-03-25,"combined_trend",NA,NA,NA,0.470091394516593,NA,NA,NA,NA
"Idaho","return_normal","Past",2020-03-25,"combined_trend",NA,NA,NA,0.470091394516593,NA,NA,NA,NA
"Idaho","status_quo","Past",2020-03-25,"combined_trend",NA,NA,NA,0.470091394516593,NA,NA,NA,NA
"Idaho","linear_increase_sd","Past",2020-03-25,"cumulative_all_infections",3280,3280,3280,3280,3280,3280,3280,3280
"Idaho","return_normal","Past",2020-03-25,"cumulative_all_infections",3280,3280,3280,3280,3280,3280,3280,3280
"Idaho","status_quo","Past",2020-03-25,"cumulative_all_infections",3280,3280,3280,3280,3280,3280,3280,3280
"Idaho","linear_increase_sd","Past",2020-03-25,"cumulative_cases",191,191,191,191,191,191,191,191
"Idaho","return_normal","Past",2020-03-25,"cumulative_cases",191,191,191,191,191,191,191,191
"Idaho","status_quo","Past",2020-03-25,"cumulative_cases",191,191,191,191,191,191,191,191
"Idaho","linear_increase_sd","Past",2020-03-25,"cumulative_deaths",8,8,8,8,8,8,8,8
"Idaho","return_normal","Past",2020-03-25,"cumulative_deaths",8,8,8,8,8,8,8,8
"Idaho","status_quo","Past",2020-03-25,"cumulative_deaths",8,8,8,8,8,8,8,8
"Idaho","linear_increase_sd","Past",2020-03-25,"cumulative_hosps",15,15,15,15,15,15,15,15
"Idaho","return_normal","Past",2020-03-25,"cumulative_hosps",15,15,15,15,15,15,15,15
"Idaho","status_quo","Past",2020-03-25,"cumulative_hosps",15,15,15,15,15,15,15,15
"Idaho","linear_increase_sd","Past",2020-03-25,"daily_all_infections",364,364,364,364,364,364,364,364
"Idaho","return_normal","Past",2020-03-25,"daily_all_infections",364,364,364,364,364,364,364,364
"Idaho","status_quo","Past",2020-03-25,"daily_all_infections",364,364,364,364,364,364,364,364
"Idaho","linear_increase_sd","Past",2020-03-25,"daily_cases",41,41,41,41,41,41,41,41
"Idaho","return_normal","Past",2020-03-25,"daily_cases",41,41,41,41,41,41,41,41
"Idaho","status_quo","Past",2020-03-25,"daily_cases",41,41,41,41,41,41,41,41
"Idaho","linear_increase_sd","Past",2020-03-25,"daily_deaths",1,1,1,1,1,1,1,1
"Idaho","return_normal","Past",2020-03-25,"daily_deaths",1,1,1,1,1,1,1,1
"Idaho","status_quo","Past",2020-03-25,"daily_deaths",1,1,1,1,1,1,1,1
"Idaho","linear_increase_sd","Past",2020-03-25,"daily_hosps",3,3,3,3,3,3,3,3
"Idaho","return_normal","Past",2020-03-25,"daily_hosps",3,3,3,3,3,3,3,3
"Idaho","status_quo","Past",2020-03-25,"daily_hosps",3,3,3,3,3,3,3,3
"Idaho","linear_increase_sd","Past",2020-03-25,"latent_trend",NA,NA,NA,0.657225279027444,NA,NA,NA,NA
"Idaho","return_normal","Past",2020-03-25,"latent_trend",NA,NA,NA,0.657225279027444,NA,NA,NA,NA
"Idaho","status_quo","Past",2020-03-25,"latent_trend",NA,NA,NA,0.657225279027444,NA,NA,NA,NA
"Idaho","linear_increase_sd","Past",2020-03-25,"mobility_trend",NA,NA,NA,0.715266757864564,NA,NA,NA,NA
"Idaho","return_normal","Past",2020-03-25,"mobility_trend",NA,NA,NA,0.715266757864564,NA,NA,NA,NA
"Idaho","status_quo","Past",2020-03-25,"mobility_trend",NA,NA,NA,0.715266757864564,NA,NA,NA,NA
"Idaho",NA,"Past",2020-03-26,"actual_cumulative_cases",NA,NA,NA,123,NA,NA,NA,NA
"Idaho",NA,"Past",2020-03-26,"actual_cumulative_deaths",NA,NA,NA,0,NA,NA,NA,NA
"Idaho",NA,"Past",2020-03-26,"actual_daily_cases",NA,NA,NA,50,NA,NA,NA,NA
"Idaho",NA,"Past",2020-03-26,"actual_daily_deaths",NA,NA,NA,0,NA,NA,NA,NA
"Idaho","linear_increase_sd","Past",2020-03-26,"combined_trend",NA,NA,NA,0.449581059599466,NA,NA,NA,NA
"Idaho","return_normal","Past",2020-03-26,"combined_trend",NA,NA,NA,0.449581059599466,NA,NA,NA,NA
"Idaho","status_quo","Past",2020-03-26,"combined_trend",NA,NA,NA,0.449581059599466,NA,NA,NA,NA
"Idaho","linear_increase_sd","Past",2020-03-26,"cumulative_all_infections",3657,3657,3657,3657,3657,3657,3657,3657
"Idaho","return_normal","Past",2020-03-26,"cumulative_all_infections",3657,3657,3657,3657,3657,3657,3657,3657
"Idaho","status_quo","Past",2020-03-26,"cumulative_all_infections",3657,3657,3657,3657,3657,3657,3657,3657
"Idaho","linear_increase_sd","Past",2020-03-26,"cumulative_cases",238,238,238,238,238,238,238,238
"Idaho","return_normal","Past",2020-03-26,"cumulative_cases",238,238,238,238,238,238,238,238
"Idaho","status_quo","Past",2020-03-26,"cumulative_cases",238,238,238,238,238,238,238,238
"Idaho","linear_increase_sd","Past",2020-03-26,"cumulative_deaths",9,9,9,9,9,9,9,9
"Idaho","return_normal","Past",2020-03-26,"cumulative_deaths",9,9,9,9,9,9,9,9
"Idaho","status_quo","Past",2020-03-26,"cumulative_deaths",9,9,9,9,9,9,9,9
"Idaho","linear_increase_sd","Past",2020-03-26,"cumulative_hosps",18,18,18,18,18,18,18,18
"Idaho","return_normal","Past",2020-03-26,"cumulative_hosps",18,18,18,18,18,18,18,18
"Idaho","status_quo","Past",2020-03-26,"cumulative_hosps",18,18,18,18,18,18,18,18
"Idaho","linear_increase_sd","Past",2020-03-26,"daily_all_infections",377,377,377,377,377,377,377,377
"Idaho","return_normal","Past",2020-03-26,"daily_all_infections",377,377,377,377,377,377,377,377
"Idaho","status_quo","Past",2020-03-26,"daily_all_infections",377,377,377,377,377,377,377,377
"Idaho","linear_increase_sd","Past",2020-03-26,"daily_cases",47,47,47,47,47,47,47,47
"Idaho","return_normal","Past",2020-03-26,"daily_cases",47,47,47,47,47,47,47,47
"Idaho","status_quo","Past",2020-03-26,"daily_cases",47,47,47,47,47,47,47,47
"Idaho","linear_increase_sd","Past",2020-03-26,"daily_deaths",1,1,1,1,1,1,1,1
"Idaho","return_normal","Past",2020-03-26,"daily_deaths",1,1,1,1,1,1,1,1
"Idaho","status_quo","Past",2020-03-26,"daily_deaths",1,1,1,1,1,1,1,1
"Idaho","linear_increase_sd","Past",2020-03-26,"daily_hosps",3,3,3,3,3,3,3,3
"Idaho","return_normal","Past",2020-03-26,"daily_hosps",3,3,3,3,3,3,3,3
"Idaho","status_quo","Past",2020-03-26,"daily_hosps",3,3,3,3,3,3,3,3
"Idaho","linear_increase_sd","Past",2020-03-26,"latent_trend",NA,NA,NA,0.637453753222406,NA,NA,NA,NA
"Idaho","return_normal","Past",2020-03-26,"latent_trend",NA,NA,NA,0.637453753222406,NA,NA,NA,NA
"Idaho","status_quo","Past",2020-03-26,"latent_trend",NA,NA,NA,0.637453753222406,NA,NA,NA,NA
"Idaho","linear_increase_sd","Past",2020-03-26,"mobility_trend",NA,NA,NA,0.705276355071688,NA,NA,NA,NA
"Idaho","return_normal","Past",2020-03-26,"mobility_trend",NA,NA,NA,0.705276355071688,NA,NA,NA,NA
"Idaho","status_quo","Past",2020-03-26,"mobility_trend",NA,NA,NA,0.705276355071688,NA,NA,NA,NA
"Idaho",NA,"Past",2020-03-27,"actual_cumulative_cases",NA,NA,NA,189,NA,NA,NA,NA
"Idaho",NA,"Past",2020-03-27,"actual_cumulative_deaths",NA,NA,NA,3,NA,NA,NA,NA
"Idaho",NA,"Past",2020-03-27,"actual_daily_cases",NA,NA,NA,66,NA,NA,NA,NA
"Idaho",NA,"Past",2020-03-27,"actual_daily_deaths",NA,NA,NA,3,NA,NA,NA,NA
"Idaho","linear_increase_sd","Past",2020-03-27,"combined_trend",NA,NA,NA,0.428637538568354,NA,NA,NA,NA
"Idaho","return_normal","Past",2020-03-27,"combined_trend",NA,NA,NA,0.428637538568354,NA,NA,NA,NA
"Idaho","status_quo","Past",2020-03-27,"combined_trend",NA,NA,NA,0.428637538568354,NA,NA,NA,NA
"Idaho","linear_increase_sd","Past",2020-03-27,"cumulative_all_infections",4040,4040,4040,4040,4040,4040,4040,4040
"Idaho","return_normal","Past",2020-03-27,"cumulative_all_infections",4040,4040,4040,4040,4040,4040,4040,4040
"Idaho","status_quo","Past",2020-03-27,"cumulative_all_infections",4040,4040,4040,4040,4040,4040,4040,4040
"Idaho","linear_increase_sd","Past",2020-03-27,"cumulative_cases",288,288,288,288,288,288,288,288
"Idaho","return_normal","Past",2020-03-27,"cumulative_cases",288,288,288,288,288,288,288,288
"Idaho","status_quo","Past",2020-03-27,"cumulative_cases",288,288,288,288,288,288,288,288
"Idaho","linear_increase_sd","Past",2020-03-27,"cumulative_deaths",10,10,10,10,10,10,10,10
"Idaho","return_normal","Past",2020-03-27,"cumulative_deaths",10,10,10,10,10,10,10,10
"Idaho","status_quo","Past",2020-03-27,"cumulative_deaths",10,10,10,10,10,10,10,10
"Idaho","linear_increase_sd","Past",2020-03-27,"cumulative_hosps",22,22,22,22,22,22,22,22
"Idaho","return_normal","Past",2020-03-27,"cumulative_hosps",22,22,22,22,22,22,22,22
"Idaho","status_quo","Past",2020-03-27,"cumulative_hosps",22,22,22,22,22,22,22,22
"Idaho","linear_increase_sd","Past",2020-03-27,"daily_all_infections",383,383,383,383,383,383,383,383
"Idaho","return_normal","Past",2020-03-27,"daily_all_infections",383,383,383,383,383,383,383,383
"Idaho","status_quo","Past",2020-03-27,"daily_all_infections",383,383,383,383,383,383,383,383
"Idaho","linear_increase_sd","Past",2020-03-27,"daily_cases",50,50,50,50,50,50,50,50
"Idaho","return_normal","Past",2020-03-27,"daily_cases",50,50,50,50,50,50,50,50
"Idaho","status_quo","Past",2020-03-27,"daily_cases",50,50,50,50,50,50,50,50
"Idaho","linear_increase_sd","Past",2020-03-27,"daily_deaths",1,1,1,1,1,1,1,1
"Idaho","return_normal","Past",2020-03-27,"daily_deaths",1,1,1,1,1,1,1,1
"Idaho","status_quo","Past",2020-03-27,"daily_deaths",1,1,1,1,1,1,1,1
"Idaho","linear_increase_sd","Past",2020-03-27,"daily_hosps",4,4,4,4,4,4,4,4
"Idaho","return_normal","Past",2020-03-27,"daily_hosps",4,4,4,4,4,4,4,4
"Idaho","status_quo","Past",2020-03-27,"daily_hosps",4,4,4,4,4,4,4,4
"Idaho","linear_increase_sd","Past",2020-03-27,"latent_trend",NA,NA,NA,0.616056027793574,NA,NA,NA,NA
"Idaho","return_normal","Past",2020-03-27,"latent_trend",NA,NA,NA,0.616056027793574,NA,NA,NA,NA
"Idaho","status_quo","Past",2020-03-27,"latent_trend",NA,NA,NA,0.616056027793574,NA,NA,NA,NA
"Idaho","linear_increase_sd","Past",2020-03-27,"mobility_trend",NA,NA,NA,0.695776876177212,NA,NA,NA,NA
"Idaho","return_normal","Past",2020-03-27,"mobility_trend",NA,NA,NA,0.695776876177212,NA,NA,NA,NA
"Idaho","status_quo","Past",2020-03-27,"mobility_trend",NA,NA,NA,0.695776876177212,NA,NA,NA,NA
"Idaho",NA,"Past",2020-03-28,"actual_cumulative_cases",NA,NA,NA,230,NA,NA,NA,NA
"Idaho",NA,"Past",2020-03-28,"actual_cumulative_deaths",NA,NA,NA,4,NA,NA,NA,NA
"Idaho",NA,"Past",2020-03-28,"actual_daily_cases",NA,NA,NA,41,NA,NA,NA,NA
"Idaho",NA,"Past",2020-03-28,"actual_daily_deaths",NA,NA,NA,1,NA,NA,NA,NA
"Idaho","linear_increase_sd","Past",2020-03-28,"combined_trend",NA,NA,NA,0.407493092388614,NA,NA,NA,NA
"Idaho","return_normal","Past",2020-03-28,"combined_trend",NA,NA,NA,0.407493092388614,NA,NA,NA,NA
"Idaho","status_quo","Past",2020-03-28,"combined_trend",NA,NA,NA,0.407493092388614,NA,NA,NA,NA
"Idaho","linear_increase_sd","Past",2020-03-28,"cumulative_all_infections",4427,4427,4427,4427,4427,4427,4427,4427
"Idaho","return_normal","Past",2020-03-28,"cumulative_all_infections",4427,4427,4427,4427,4427,4427,4427,4427
"Idaho","status_quo","Past",2020-03-28,"cumulative_all_infections",4427,4427,4427,4427,4427,4427,4427,4427
"Idaho","linear_increase_sd","Past",2020-03-28,"cumulative_cases",337,337,337,337,337,337,337,337
"Idaho","return_normal","Past",2020-03-28,"cumulative_cases",337,337,337,337,337,337,337,337
"Idaho","status_quo","Past",2020-03-28,"cumulative_cases",337,337,337,337,337,337,337,337
"Idaho","linear_increase_sd","Past",2020-03-28,"cumulative_deaths",11,11,11,11,11,11,11,11
"Idaho","return_normal","Past",2020-03-28,"cumulative_deaths",11,11,11,11,11,11,11,11
"Idaho","status_quo","Past",2020-03-28,"cumulative_deaths",11,11,11,11,11,11,11,11
"Idaho","linear_increase_sd","Past",2020-03-28,"cumulative_hosps",26,26,26,26,26,26,26,26
"Idaho","return_normal","Past",2020-03-28,"cumulative_hosps",26,26,26,26,26,26,26,26
"Idaho","status_quo","Past",2020-03-28,"cumulative_hosps",26,26,26,26,26,26,26,26
"Idaho","linear_increase_sd","Past",2020-03-28,"daily_all_infections",387,387,387,387,387,387,387,387
"Idaho","return_normal","Past",2020-03-28,"daily_all_infections",387,387,387,387,387,387,387,387
"Idaho","status_quo","Past",2020-03-28,"daily_all_infections",387,387,387,387,387,387,387,387
"Idaho","linear_increase_sd","Past",2020-03-28,"daily_cases",49,49,49,49,49,49,49,49
"Idaho","return_normal","Past",2020-03-28,"daily_cases",49,49,49,49,49,49,49,49
"Idaho","status_quo","Past",2020-03-28,"daily_cases",49,49,49,49,49,49,49,49
"Idaho","linear_increase_sd","Past",2020-03-28,"daily_deaths",1,1,1,1,1,1,1,1
"Idaho","return_normal","Past",2020-03-28,"daily_deaths",1,1,1,1,1,1,1,1
"Idaho","status_quo","Past",2020-03-28,"daily_deaths",1,1,1,1,1,1,1,1
"Idaho","linear_increase_sd","Past",2020-03-28,"daily_hosps",4,4,4,4,4,4,4,4
"Idaho","return_normal","Past",2020-03-28,"daily_hosps",4,4,4,4,4,4,4,4
"Idaho","status_quo","Past",2020-03-28,"daily_hosps",4,4,4,4,4,4,4,4
"Idaho","linear_increase_sd","Past",2020-03-28,"latent_trend",NA,NA,NA,0.593281508266183,NA,NA,NA,NA
"Idaho","return_normal","Past",2020-03-28,"latent_trend",NA,NA,NA,0.593281508266183,NA,NA,NA,NA
"Idaho","status_quo","Past",2020-03-28,"latent_trend",NA,NA,NA,0.593281508266183,NA,NA,NA,NA
"Idaho","linear_increase_sd","Past",2020-03-28,"mobility_trend",NA,NA,NA,0.686846103765275,NA,NA,NA,NA
"Idaho","return_normal","Past",2020-03-28,"mobility_trend",NA,NA,NA,0.686846103765275,NA,NA,NA,NA
"Idaho","status_quo","Past",2020-03-28,"mobility_trend",NA,NA,NA,0.686846103765275,NA,NA,NA,NA
"Idaho",NA,"Past",2020-03-29,"actual_cumulative_cases",NA,NA,NA,261,NA,NA,NA,NA
"Idaho",NA,"Past",2020-03-29,"actual_cumulative_deaths",NA,NA,NA,5,NA,NA,NA,NA
"Idaho",NA,"Past",2020-03-29,"actual_daily_cases",NA,NA,NA,31,NA,NA,NA,NA
"Idaho",NA,"Past",2020-03-29,"actual_daily_deaths",NA,NA,NA,1,NA,NA,NA,NA
"Idaho","linear_increase_sd","Past",2020-03-29,"combined_trend",NA,NA,NA,0.386392210414954,NA,NA,NA,NA
"Idaho","return_normal","Past",2020-03-29,"combined_trend",NA,NA,NA,0.386392210414954,NA,NA,NA,NA
"Idaho","status_quo","Past",2020-03-29,"combined_trend",NA,NA,NA,0.386392210414954,NA,NA,NA,NA
"Idaho","linear_increase_sd","Past",2020-03-29,"cumulative_all_infections",4813,4813,4813,4813,4813,4813,4813,4813
"Idaho","return_normal","Past",2020-03-29,"cumulative_all_infections",4813,4813,4813,4813,4813,4813,4813,4813
"Idaho","status_quo","Past",2020-03-29,"cumulative_all_infections",4813,4813,4813,4813,4813,4813,4813,4813
"Idaho","linear_increase_sd","Past",2020-03-29,"cumulative_cases",393,393,393,393,393,393,393,393
"Idaho","return_normal","Past",2020-03-29,"cumulative_cases",393,393,393,393,393,393,393,393
"Idaho","status_quo","Past",2020-03-29,"cumulative_cases",393,393,393,393,393,393,393,393
"Idaho","linear_increase_sd","Past",2020-03-29,"cumulative_deaths",13,13,13,13,13,13,13,13
"Idaho","return_normal","Past",2020-03-29,"cumulative_deaths",13,13,13,13,13,13,13,13
"Idaho","status_quo","Past",2020-03-29,"cumulative_deaths",13,13,13,13,13,13,13,13
"Idaho","linear_increase_sd","Past",2020-03-29,"cumulative_hosps",31,31,31,31,31,31,31,31
"Idaho","return_normal","Past",2020-03-29,"cumulative_hosps",31,31,31,31,31,31,31,31
"Idaho","status_quo","Past",2020-03-29,"cumulative_hosps",31,31,31,31,31,31,31,31
"Idaho","linear_increase_sd","Past",2020-03-29,"daily_all_infections",386,386,386,386,386,386,386,386
"Idaho","return_normal","Past",2020-03-29,"daily_all_infections",386,386,386,386,386,386,386,386
"Idaho","status_quo","Past",2020-03-29,"daily_all_infections",386,386,386,386,386,386,386,386
"Idaho","linear_increase_sd","Past",2020-03-29,"daily_cases",56,56,56,56,56,56,56,56
"Idaho","return_normal","Past",2020-03-29,"daily_cases",56,56,56,56,56,56,56,56
"Idaho","status_quo","Past",2020-03-29,"daily_cases",56,56,56,56,56,56,56,56
"Idaho","linear_increase_sd","Past",2020-03-29,"daily_deaths",2,2,2,2,2,2,2,2
"Idaho","return_normal","Past",2020-03-29,"daily_deaths",2,2,2,2,2,2,2,2
"Idaho","status_quo","Past",2020-03-29,"daily_deaths",2,2,2,2,2,2,2,2
"Idaho","linear_increase_sd","Past",2020-03-29,"daily_hosps",5,5,5,5,5,5,5,5
"Idaho","return_normal","Past",2020-03-29,"daily_hosps",5,5,5,5,5,5,5,5
"Idaho","status_quo","Past",2020-03-29,"daily_hosps",5,5,5,5,5,5,5,5
"Idaho","linear_increase_sd","Past",2020-03-29,"latent_trend",NA,NA,NA,0.569425740892282,NA,NA,NA,NA
"Idaho","return_normal","Past",2020-03-29,"latent_trend",NA,NA,NA,0.569425740892282,NA,NA,NA,NA
"Idaho","status_quo","Past",2020-03-29,"latent_trend",NA,NA,NA,0.569425740892282,NA,NA,NA,NA
"Idaho","linear_increase_sd","Past",2020-03-29,"mobility_trend",NA,NA,NA,0.678564705925452,NA,NA,NA,NA
"Idaho","return_normal","Past",2020-03-29,"mobility_trend",NA,NA,NA,0.678564705925452,NA,NA,NA,NA
"Idaho","status_quo","Past",2020-03-29,"mobility_trend",NA,NA,NA,0.678564705925452,NA,NA,NA,NA
"Idaho",NA,"Past",2020-03-30,"actual_cumulative_cases",NA,NA,NA,310,NA,NA,NA,NA
"Idaho",NA,"Past",2020-03-30,"actual_cumulative_deaths",NA,NA,NA,6,NA,NA,NA,NA
"Idaho",NA,"Past",2020-03-30,"actual_daily_cases",NA,NA,NA,49,NA,NA,NA,NA
"Idaho",NA,"Past",2020-03-30,"actual_daily_deaths",NA,NA,NA,1,NA,NA,NA,NA
"Idaho","linear_increase_sd","Past",2020-03-30,"combined_trend",NA,NA,NA,0.365578140600981,NA,NA,NA,NA
"Idaho","return_normal","Past",2020-03-30,"combined_trend",NA,NA,NA,0.365578140600981,NA,NA,NA,NA
"Idaho","status_quo","Past",2020-03-30,"combined_trend",NA,NA,NA,0.365578140600981,NA,NA,NA,NA
"Idaho","linear_increase_sd","Past",2020-03-30,"cumulative_all_infections",5195,5195,5195,5195,5195,5195,5195,5195
"Idaho","return_normal","Past",2020-03-30,"cumulative_all_infections",5195,5195,5195,5195,5195,5195,5195,5195
"Idaho","status_quo","Past",2020-03-30,"cumulative_all_infections",5195,5195,5195,5195,5195,5195,5195,5195
"Idaho","linear_increase_sd","Past",2020-03-30,"cumulative_cases",462,462,462,462,462,462,462,462
"Idaho","return_normal","Past",2020-03-30,"cumulative_cases",462,462,462,462,462,462,462,462
"Idaho","status_quo","Past",2020-03-30,"cumulative_cases",462,462,462,462,462,462,462,462
"Idaho","linear_increase_sd","Past",2020-03-30,"cumulative_deaths",15,15,15,15,15,15,15,15
"Idaho","return_normal","Past",2020-03-30,"cumulative_deaths",15,15,15,15,15,15,15,15
"Idaho","status_quo","Past",2020-03-30,"cumulative_deaths",15,15,15,15,15,15,15,15
"Idaho","linear_increase_sd","Past",2020-03-30,"cumulative_hosps",37,37,37,37,37,37,37,37
"Idaho","return_normal","Past",2020-03-30,"cumulative_hosps",37,37,37,37,37,37,37,37
"Idaho","status_quo","Past",2020-03-30,"cumulative_hosps",37,37,37,37,37,37,37,37
"Idaho","linear_increase_sd","Past",2020-03-30,"daily_all_infections",382,382,382,382,382,382,382,382
"Idaho","return_normal","Past",2020-03-30,"daily_all_infections",382,382,382,382,382,382,382,382
"Idaho","status_quo","Past",2020-03-30,"daily_all_infections",382,382,382,382,382,382,382,382
"Idaho","linear_increase_sd","Past",2020-03-30,"daily_cases",69,69,69,69,69,69,69,69
"Idaho","return_normal","Past",2020-03-30,"daily_cases",69,69,69,69,69,69,69,69
"Idaho","status_quo","Past",2020-03-30,"daily_cases",69,69,69,69,69,69,69,69
"Idaho","linear_increase_sd","Past",2020-03-30,"daily_deaths",2,2,2,2,2,2,2,2
"Idaho","return_normal","Past",2020-03-30,"daily_deaths",2,2,2,2,2,2,2,2
"Idaho","status_quo","Past",2020-03-30,"daily_deaths",2,2,2,2,2,2,2,2
"Idaho","linear_increase_sd","Past",2020-03-30,"daily_hosps",6,6,6,6,6,6,6,6
"Idaho","return_normal","Past",2020-03-30,"daily_hosps",6,6,6,6,6,6,6,6
"Idaho","status_quo","Past",2020-03-30,"daily_hosps",6,6,6,6,6,6,6,6
"Idaho","linear_increase_sd","Past",2020-03-30,"latent_trend",NA,NA,NA,0.544825172313369,NA,NA,NA,NA
"Idaho","return_normal","Past",2020-03-30,"latent_trend",NA,NA,NA,0.544825172313369,NA,NA,NA,NA
"Idaho","status_quo","Past",2020-03-30,"latent_trend",NA,NA,NA,0.544825172313369,NA,NA,NA,NA
"Idaho","linear_increase_sd","Past",2020-03-30,"mobility_trend",NA,NA,NA,0.671000825913951,NA,NA,NA,NA
"Idaho","return_normal","Past",2020-03-30,"mobility_trend",NA,NA,NA,0.671000825913951,NA,NA,NA,NA
"Idaho","status_quo","Past",2020-03-30,"mobility_trend",NA,NA,NA,0.671000825913951,NA,NA,NA,NA
"Idaho",NA,"Past",2020-03-31,"actual_cumulative_cases",NA,NA,NA,415,NA,NA,NA,NA
"Idaho",NA,"Past",2020-03-31,"actual_cumulative_deaths",NA,NA,NA,7,NA,NA,NA,NA
"Idaho",NA,"Past",2020-03-31,"actual_daily_cases",NA,NA,NA,105,NA,NA,NA,NA
"Idaho",NA,"Past",2020-03-31,"actual_daily_deaths",NA,NA,NA,1,NA,NA,NA,NA
"Idaho","linear_increase_sd","Past",2020-03-31,"combined_trend",NA,NA,NA,0.345268406513608,NA,NA,NA,NA
"Idaho","return_normal","Past",2020-03-31,"combined_trend",NA,NA,NA,0.345268406513608,NA,NA,NA,NA
"Idaho","status_quo","Past",2020-03-31,"combined_trend",NA,NA,NA,0.345268406513608,NA,NA,NA,NA
"Idaho","linear_increase_sd","Past",2020-03-31,"cumulative_all_infections",5569,5569,5569,5569,5569,5569,5569,5569
"Idaho","return_normal","Past",2020-03-31,"cumulative_all_infections",5569,5569,5569,5569,5569,5569,5569,5569
"Idaho","status_quo","Past",2020-03-31,"cumulative_all_infections",5569,5569,5569,5569,5569,5569,5569,5569
"Idaho","linear_increase_sd","Past",2020-03-31,"cumulative_cases",523,523,523,523,523,523,523,523
"Idaho","return_normal","Past",2020-03-31,"cumulative_cases",523,523,523,523,523,523,523,523
"Idaho","status_quo","Past",2020-03-31,"cumulative_cases",523,523,523,523,523,523,523,523
"Idaho","linear_increase_sd","Past",2020-03-31,"cumulative_deaths",17,17,17,17,17,17,17,17
"Idaho","return_normal","Past",2020-03-31,"cumulative_deaths",17,17,17,17,17,17,17,17
"Idaho","status_quo","Past",2020-03-31,"cumulative_deaths",17,17,17,17,17,17,17,17
"Idaho","linear_increase_sd","Past",2020-03-31,"cumulative_hosps",43,43,43,43,43,43,43,43
"Idaho","return_normal","Past",2020-03-31,"cumulative_hosps",43,43,43,43,43,43,43,43
"Idaho","status_quo","Past",2020-03-31,"cumulative_hosps",43,43,43,43,43,43,43,43
"Idaho","linear_increase_sd","Past",2020-03-31,"daily_all_infections",374,374,374,374,374,374,374,374
"Idaho","return_normal","Past",2020-03-31,"daily_all_infections",374,374,374,374,374,374,374,374
"Idaho","status_quo","Past",2020-03-31,"daily_all_infections",374,374,374,374,374,374,374,374
"Idaho","linear_increase_sd","Past",2020-03-31,"daily_cases",61,61,61,61,61,61,61,61
"Idaho","return_normal","Past",2020-03-31,"daily_cases",61,61,61,61,61,61,61,61
"Idaho","status_quo","Past",2020-03-31,"daily_cases",61,61,61,61,61,61,61,61
"Idaho","linear_increase_sd","Past",2020-03-31,"daily_deaths",2,2,2,2,2,2,2,2
"Idaho","return_normal","Past",2020-03-31,"daily_deaths",2,2,2,2,2,2,2,2
"Idaho","status_quo","Past",2020-03-31,"daily_deaths",2,2,2,2,2,2,2,2
"Idaho","linear_increase_sd","Past",2020-03-31,"daily_hosps",6,6,6,6,6,6,6,6
"Idaho","return_normal","Past",2020-03-31,"daily_hosps",6,6,6,6,6,6,6,6
"Idaho","status_quo","Past",2020-03-31,"daily_hosps",6,6,6,6,6,6,6,6
"Idaho","linear_increase_sd","Past",2020-03-31,"latent_trend",NA,NA,NA,0.519847483198945,NA,NA,NA,NA
"Idaho","return_normal","Past",2020-03-31,"latent_trend",NA,NA,NA,0.519847483198945,NA,NA,NA,NA
"Idaho","status_quo","Past",2020-03-31,"latent_trend",NA,NA,NA,0.519847483198945,NA,NA,NA,NA
"Idaho","linear_increase_sd","Past",2020-03-31,"mobility_trend",NA,NA,NA,0.664172507653508,NA,NA,NA,NA
"Idaho","return_normal","Past",2020-03-31,"mobility_trend",NA,NA,NA,0.664172507653508,NA,NA,NA,NA
"Idaho","status_quo","Past",2020-03-31,"mobility_trend",NA,NA,NA,0.664172507653508,NA,NA,NA,NA
"Idaho",NA,"Past",2020-04-01,"actual_cumulative_cases",NA,NA,NA,525,NA,NA,NA,NA
"Idaho",NA,"Past",2020-04-01,"actual_cumulative_deaths",NA,NA,NA,9,NA,NA,NA,NA
"Idaho",NA,"Past",2020-04-01,"actual_daily_cases",NA,NA,NA,110,NA,NA,NA,NA
"Idaho",NA,"Past",2020-04-01,"actual_daily_deaths",NA,NA,NA,2,NA,NA,NA,NA
"Idaho","linear_increase_sd","Past",2020-04-01,"combined_trend",NA,NA,NA,0.325672205272154,NA,NA,NA,NA
"Idaho","return_normal","Past",2020-04-01,"combined_trend",NA,NA,NA,0.325672205272154,NA,NA,NA,NA
"Idaho","status_quo","Past",2020-04-01,"combined_trend",NA,NA,NA,0.325672205272154,NA,NA,NA,NA
"Idaho","linear_increase_sd","Past",2020-04-01,"cumulative_all_infections",5936,5936,5936,5936,5936,5936,5936,5936
"Idaho","return_normal","Past",2020-04-01,"cumulative_all_infections",5936,5936,5936,5936,5936,5936,5936,5936
"Idaho","status_quo","Past",2020-04-01,"cumulative_all_infections",5936,5936,5936,5936,5936,5936,5936,5936
"Idaho","linear_increase_sd","Past",2020-04-01,"cumulative_cases",600,600,600,600,600,600,600,600
"Idaho","return_normal","Past",2020-04-01,"cumulative_cases",600,600,600,600,600,600,600,600
"Idaho","status_quo","Past",2020-04-01,"cumulative_cases",600,600,600,600,600,600,600,600
"Idaho","linear_increase_sd","Past",2020-04-01,"cumulative_deaths",19,19,19,19,19,19,19,19
"Idaho","return_normal","Past",2020-04-01,"cumulative_deaths",19,19,19,19,19,19,19,19
"Idaho","status_quo","Past",2020-04-01,"cumulative_deaths",19,19,19,19,19,19,19,19
"Idaho","linear_increase_sd","Past",2020-04-01,"cumulative_hosps",49,49,49,49,49,49,49,49
"Idaho","return_normal","Past",2020-04-01,"cumulative_hosps",49,49,49,49,49,49,49,49
"Idaho","status_quo","Past",2020-04-01,"cumulative_hosps",49,49,49,49,49,49,49,49
"Idaho","linear_increase_sd","Past",2020-04-01,"daily_all_infections",367,367,367,367,367,367,367,367
"Idaho","return_normal","Past",2020-04-01,"daily_all_infections",367,367,367,367,367,367,367,367
"Idaho","status_quo","Past",2020-04-01,"daily_all_infections",367,367,367,367,367,367,367,367
"Idaho","linear_increase_sd","Past",2020-04-01,"daily_cases",77,77,77,77,77,77,77,77
"Idaho","return_normal","Past",2020-04-01,"daily_cases",77,77,77,77,77,77,77,77
"Idaho","status_quo","Past",2020-04-01,"daily_cases",77,77,77,77,77,77,77,77
"Idaho","linear_increase_sd","Past",2020-04-01,"daily_deaths",2,2,2,2,2,2,2,2
"Idaho","return_normal","Past",2020-04-01,"daily_deaths",2,2,2,2,2,2,2,2
"Idaho","status_quo","Past",2020-04-01,"daily_deaths",2,2,2,2,2,2,2,2
"Idaho","linear_increase_sd","Past",2020-04-01,"daily_hosps",6,6,6,6,6,6,6,6
"Idaho","return_normal","Past",2020-04-01,"daily_hosps",6,6,6,6,6,6,6,6
"Idaho","status_quo","Past",2020-04-01,"daily_hosps",6,6,6,6,6,6,6,6
"Idaho","linear_increase_sd","Past",2020-04-01,"latent_trend",NA,NA,NA,0.494878429898003,NA,NA,NA,NA
"Idaho","return_normal","Past",2020-04-01,"latent_trend",NA,NA,NA,0.494878429898003,NA,NA,NA,NA
"Idaho","status_quo","Past",2020-04-01,"latent_trend",NA,NA,NA,0.494878429898003,NA,NA,NA,NA
"Idaho","linear_increase_sd","Past",2020-04-01,"mobility_trend",NA,NA,NA,0.658085270233493,NA,NA,NA,NA
"Idaho","return_normal","Past",2020-04-01,"mobility_trend",NA,NA,NA,0.658085270233493,NA,NA,NA,NA
"Idaho","status_quo","Past",2020-04-01,"mobility_trend",NA,NA,NA,0.658085270233493,NA,NA,NA,NA
"Idaho",NA,"Past",2020-04-02,"actual_cumulative_cases",NA,NA,NA,669,NA,NA,NA,NA
"Idaho",NA,"Past",2020-04-02,"actual_cumulative_deaths",NA,NA,NA,9,NA,NA,NA,NA
"Idaho",NA,"Past",2020-04-02,"actual_daily_cases",NA,NA,NA,144,NA,NA,NA,NA
"Idaho",NA,"Past",2020-04-02,"actual_daily_deaths",NA,NA,NA,0,NA,NA,NA,NA
"Idaho","linear_increase_sd","Past",2020-04-02,"combined_trend",NA,NA,NA,0.306990181511419,NA,NA,NA,NA
"Idaho","return_normal","Past",2020-04-02,"combined_trend",NA,NA,NA,0.306990181511419,NA,NA,NA,NA
"Idaho","status_quo","Past",2020-04-02,"combined_trend",NA,NA,NA,0.306990181511419,NA,NA,NA,NA
"Idaho","linear_increase_sd","Past",2020-04-02,"cumulative_all_infections",6290,6290,6290,6290,6290,6290,6290,6290
"Idaho","return_normal","Past",2020-04-02,"cumulative_all_infections",6290,6290,6290,6290,6290,6290,6290,6290
"Idaho","status_quo","Past",2020-04-02,"cumulative_all_infections",6290,6290,6290,6290,6290,6290,6290,6290
"Idaho","linear_increase_sd","Past",2020-04-02,"cumulative_cases",682,682,682,682,682,682,682,682
"Idaho","return_normal","Past",2020-04-02,"cumulative_cases",682,682,682,682,682,682,682,682
"Idaho","status_quo","Past",2020-04-02,"cumulative_cases",682,682,682,682,682,682,682,682
"Idaho","linear_increase_sd","Past",2020-04-02,"cumulative_deaths",21,21,21,21,21,21,21,21
"Idaho","return_normal","Past",2020-04-02,"cumulative_deaths",21,21,21,21,21,21,21,21
"Idaho","status_quo","Past",2020-04-02,"cumulative_deaths",21,21,21,21,21,21,21,21
"Idaho","linear_increase_sd","Past",2020-04-02,"cumulative_hosps",56,56,56,56,56,56,56,56
"Idaho","return_normal","Past",2020-04-02,"cumulative_hosps",56,56,56,56,56,56,56,56
"Idaho","status_quo","Past",2020-04-02,"cumulative_hosps",56,56,56,56,56,56,56,56
"Idaho","linear_increase_sd","Past",2020-04-02,"daily_all_infections",354,354,354,354,354,354,354,354
"Idaho","return_normal","Past",2020-04-02,"daily_all_infections",354,354,354,354,354,354,354,354
"Idaho","status_quo","Past",2020-04-02,"daily_all_infections",354,354,354,354,354,354,354,354
"Idaho","linear_increase_sd","Past",2020-04-02,"daily_cases",82,82,82,82,82,82,82,82
"Idaho","return_normal","Past",2020-04-02,"daily_cases",82,82,82,82,82,82,82,82
"Idaho","status_quo","Past",2020-04-02,"daily_cases",82,82,82,82,82,82,82,82
"Idaho","linear_increase_sd","Past",2020-04-02,"daily_deaths",2,2,2,2,2,2,2,2
"Idaho","return_normal","Past",2020-04-02,"daily_deaths",2,2,2,2,2,2,2,2
"Idaho","status_quo","Past",2020-04-02,"daily_deaths",2,2,2,2,2,2,2,2
"Idaho","linear_increase_sd","Past",2020-04-02,"daily_hosps",7,7,7,7,7,7,7,7
"Idaho","return_normal","Past",2020-04-02,"daily_hosps",7,7,7,7,7,7,7,7
"Idaho","status_quo","Past",2020-04-02,"daily_hosps",7,7,7,7,7,7,7,7
"Idaho","linear_increase_sd","Past",2020-04-02,"latent_trend",NA,NA,NA,0.470306711249755,NA,NA,NA,NA
"Idaho","return_normal","Past",2020-04-02,"latent_trend",NA,NA,NA,0.470306711249755,NA,NA,NA,NA
"Idaho","status_quo","Past",2020-04-02,"latent_trend",NA,NA,NA,0.470306711249755,NA,NA,NA,NA
"Idaho","linear_increase_sd","Past",2020-04-02,"mobility_trend",NA,NA,NA,0.652744632743276,NA,NA,NA,NA
"Idaho","return_normal","Past",2020-04-02,"mobility_trend",NA,NA,NA,0.652744632743276,NA,NA,NA,NA
"Idaho","status_quo","Past",2020-04-02,"mobility_trend",NA,NA,NA,0.652744632743276,NA,NA,NA,NA
"Idaho",NA,"Past",2020-04-03,"actual_cumulative_cases",NA,NA,NA,891,NA,NA,NA,NA
"Idaho",NA,"Past",2020-04-03,"actual_cumulative_deaths",NA,NA,NA,9,NA,NA,NA,NA
"Idaho",NA,"Past",2020-04-03,"actual_daily_cases",NA,NA,NA,222,NA,NA,NA,NA
"Idaho",NA,"Past",2020-04-03,"actual_daily_deaths",NA,NA,NA,0,NA,NA,NA,NA
"Idaho","linear_increase_sd","Past",2020-04-03,"combined_trend",NA,NA,NA,0.289405492214556,NA,NA,NA,NA
"Idaho","return_normal","Past",2020-04-03,"combined_trend",NA,NA,NA,0.289405492214556,NA,NA,NA,NA
"Idaho","status_quo","Past",2020-04-03,"combined_trend",NA,NA,NA,0.289405492214556,NA,NA,NA,NA
"Idaho","linear_increase_sd","Past",2020-04-03,"cumulative_all_infections",6628,6628,6628,6628,6628,6628,6628,6628
"Idaho","return_normal","Past",2020-04-03,"cumulative_all_infections",6628,6628,6628,6628,6628,6628,6628,6628
"Idaho","status_quo","Past",2020-04-03,"cumulative_all_infections",6628,6628,6628,6628,6628,6628,6628,6628
"Idaho","linear_increase_sd","Past",2020-04-03,"cumulative_cases",759,759,759,759,759,759,759,759
"Idaho","return_normal","Past",2020-04-03,"cumulative_cases",759,759,759,759,759,759,759,759
"Idaho","status_quo","Past",2020-04-03,"cumulative_cases",759,759,759,759,759,759,759,759
"Idaho","linear_increase_sd","Past",2020-04-03,"cumulative_deaths",23,23,23,23,23,23,23,23
"Idaho","return_normal","Past",2020-04-03,"cumulative_deaths",23,23,23,23,23,23,23,23
"Idaho","status_quo","Past",2020-04-03,"cumulative_deaths",23,23,23,23,23,23,23,23
"Idaho","linear_increase_sd","Past",2020-04-03,"cumulative_hosps",63,63,63,63,63,63,63,63
"Idaho","return_normal","Past",2020-04-03,"cumulative_hosps",63,63,63,63,63,63,63,63
"Idaho","status_quo","Past",2020-04-03,"cumulative_hosps",63,63,63,63,63,63,63,63
"Idaho","linear_increase_sd","Past",2020-04-03,"daily_all_infections",338,338,338,338,338,338,338,338
"Idaho","return_normal","Past",2020-04-03,"daily_all_infections",338,338,338,338,338,338,338,338
"Idaho","status_quo","Past",2020-04-03,"daily_all_infections",338,338,338,338,338,338,338,338
"Idaho","linear_increase_sd","Past",2020-04-03,"daily_cases",77,77,77,77,77,77,77,77
"Idaho","return_normal","Past",2020-04-03,"daily_cases",77,77,77,77,77,77,77,77
"Idaho","status_quo","Past",2020-04-03,"daily_cases",77,77,77,77,77,77,77,77
"Idaho","linear_increase_sd","Past",2020-04-03,"daily_deaths",2,2,2,2,2,2,2,2
"Idaho","return_normal","Past",2020-04-03,"daily_deaths",2,2,2,2,2,2,2,2
"Idaho","status_quo","Past",2020-04-03,"daily_deaths",2,2,2,2,2,2,2,2
"Idaho","linear_increase_sd","Past",2020-04-03,"daily_hosps",7,7,7,7,7,7,7,7
"Idaho","return_normal","Past",2020-04-03,"daily_hosps",7,7,7,7,7,7,7,7
"Idaho","status_quo","Past",2020-04-03,"daily_hosps",7,7,7,7,7,7,7,7
"Idaho","linear_increase_sd","Past",2020-04-03,"latent_trend",NA,NA,NA,0.446508728811395,NA,NA,NA,NA
"Idaho","return_normal","Past",2020-04-03,"latent_trend",NA,NA,NA,0.446508728811395,NA,NA,NA,NA
"Idaho","status_quo","Past",2020-04-03,"latent_trend",NA,NA,NA,0.446508728811395,NA,NA,NA,NA
"Idaho","linear_increase_sd","Past",2020-04-03,"mobility_trend",NA,NA,NA,0.648151925237727,NA,NA,NA,NA
"Idaho","return_normal","Past",2020-04-03,"mobility_trend",NA,NA,NA,0.648151925237727,NA,NA,NA,NA
"Idaho","status_quo","Past",2020-04-03,"mobility_trend",NA,NA,NA,0.648151925237727,NA,NA,NA,NA
"Idaho",NA,"Past",2020-04-04,"actual_cumulative_cases",NA,NA,NA,1013,NA,NA,NA,NA
"Idaho",NA,"Past",2020-04-04,"actual_cumulative_deaths",NA,NA,NA,10,NA,NA,NA,NA
"Idaho",NA,"Past",2020-04-04,"actual_daily_cases",NA,NA,NA,122,NA,NA,NA,NA
"Idaho",NA,"Past",2020-04-04,"actual_daily_deaths",NA,NA,NA,1,NA,NA,NA,NA
"Idaho","linear_increase_sd","Past",2020-04-04,"combined_trend",NA,NA,NA,0.273073466759478,NA,NA,NA,NA
"Idaho","return_normal","Past",2020-04-04,"combined_trend",NA,NA,NA,0.273073466759478,NA,NA,NA,NA
"Idaho","status_quo","Past",2020-04-04,"combined_trend",NA,NA,NA,0.273073466759478,NA,NA,NA,NA
"Idaho","linear_increase_sd","Past",2020-04-04,"cumulative_all_infections",6945,6945,6945,6945,6945,6945,6945,6945
"Idaho","return_normal","Past",2020-04-04,"cumulative_all_infections",6945,6945,6945,6945,6945,6945,6945,6945
"Idaho","status_quo","Past",2020-04-04,"cumulative_all_infections",6945,6945,6945,6945,6945,6945,6945,6945
"Idaho","linear_increase_sd","Past",2020-04-04,"cumulative_cases",843,843,843,843,843,843,843,843
"Idaho","return_normal","Past",2020-04-04,"cumulative_cases",843,843,843,843,843,843,843,843
"Idaho","status_quo","Past",2020-04-04,"cumulative_cases",843,843,843,843,843,843,843,843
"Idaho","linear_increase_sd","Past",2020-04-04,"cumulative_deaths",26,26,26,26,26,26,26,26
"Idaho","return_normal","Past",2020-04-04,"cumulative_deaths",26,26,26,26,26,26,26,26
"Idaho","status_quo","Past",2020-04-04,"cumulative_deaths",26,26,26,26,26,26,26,26
"Idaho","linear_increase_sd","Past",2020-04-04,"cumulative_hosps",71,71,71,71,71,71,71,71
"Idaho","return_normal","Past",2020-04-04,"cumulative_hosps",71,71,71,71,71,71,71,71
"Idaho","status_quo","Past",2020-04-04,"cumulative_hosps",71,71,71,71,71,71,71,71
"Idaho","linear_increase_sd","Past",2020-04-04,"daily_all_infections",317,317,317,317,317,317,317,317
"Idaho","return_normal","Past",2020-04-04,"daily_all_infections",317,317,317,317,317,317,317,317
"Idaho","status_quo","Past",2020-04-04,"daily_all_infections",317,317,317,317,317,317,317,317
"Idaho","linear_increase_sd","Past",2020-04-04,"daily_cases",84,84,84,84,84,84,84,84
"Idaho","return_normal","Past",2020-04-04,"daily_cases",84,84,84,84,84,84,84,84
"Idaho","status_quo","Past",2020-04-04,"daily_cases",84,84,84,84,84,84,84,84
"Idaho","linear_increase_sd","Past",2020-04-04,"daily_deaths",3,3,3,3,3,3,3,3
"Idaho","return_normal","Past",2020-04-04,"daily_deaths",3,3,3,3,3,3,3,3
"Idaho","status_quo","Past",2020-04-04,"daily_deaths",3,3,3,3,3,3,3,3
"Idaho","linear_increase_sd","Past",2020-04-04,"daily_hosps",8,8,8,8,8,8,8,8
"Idaho","return_normal","Past",2020-04-04,"daily_hosps",8,8,8,8,8,8,8,8
"Idaho","status_quo","Past",2020-04-04,"daily_hosps",8,8,8,8,8,8,8,8
"Idaho","linear_increase_sd","Past",2020-04-04,"latent_trend",NA,NA,NA,0.42383513180497,NA,NA,NA,NA
"Idaho","return_normal","Past",2020-04-04,"latent_trend",NA,NA,NA,0.42383513180497,NA,NA,NA,NA
"Idaho","status_quo","Past",2020-04-04,"latent_trend",NA,NA,NA,0.42383513180497,NA,NA,NA,NA
"Idaho","linear_increase_sd","Past",2020-04-04,"mobility_trend",NA,NA,NA,0.64429172163372,NA,NA,NA,NA
"Idaho","return_normal","Past",2020-04-04,"mobility_trend",NA,NA,NA,0.64429172163372,NA,NA,NA,NA
"Idaho","status_quo","Past",2020-04-04,"mobility_trend",NA,NA,NA,0.64429172163372,NA,NA,NA,NA
"Idaho",NA,"Past",2020-04-05,"actual_cumulative_cases",NA,NA,NA,1077,NA,NA,NA,NA
"Idaho",NA,"Past",2020-04-05,"actual_cumulative_deaths",NA,NA,NA,10,NA,NA,NA,NA
"Idaho",NA,"Past",2020-04-05,"actual_daily_cases",NA,NA,NA,64,NA,NA,NA,NA
"Idaho",NA,"Past",2020-04-05,"actual_daily_deaths",NA,NA,NA,0,NA,NA,NA,NA
"Idaho","linear_increase_sd","Past",2020-04-05,"combined_trend",NA,NA,NA,0.258125204813491,NA,NA,NA,NA
"Idaho","return_normal","Past",2020-04-05,"combined_trend",NA,NA,NA,0.258125204813491,NA,NA,NA,NA
"Idaho","status_quo","Past",2020-04-05,"combined_trend",NA,NA,NA,0.258125204813491,NA,NA,NA,NA
"Idaho","linear_increase_sd","Past",2020-04-05,"cumulative_all_infections",7243,7243,7243,7243,7243,7243,7243,7243
"Idaho","return_normal","Past",2020-04-05,"cumulative_all_infections",7243,7243,7243,7243,7243,7243,7243,7243
"Idaho","status_quo","Past",2020-04-05,"cumulative_all_infections",7243,7243,7243,7243,7243,7243,7243,7243
"Idaho","linear_increase_sd","Past",2020-04-05,"cumulative_cases",923,923,923,923,923,923,923,923
"Idaho","return_normal","Past",2020-04-05,"cumulative_cases",923,923,923,923,923,923,923,923
"Idaho","status_quo","Past",2020-04-05,"cumulative_cases",923,923,923,923,923,923,923,923
"Idaho","linear_increase_sd","Past",2020-04-05,"cumulative_deaths",30,30,30,30,30,30,30,30
"Idaho","return_normal","Past",2020-04-05,"cumulative_deaths",30,30,30,30,30,30,30,30
"Idaho","status_quo","Past",2020-04-05,"cumulative_deaths",30,30,30,30,30,30,30,30
"Idaho","linear_increase_sd","Past",2020-04-05,"cumulative_hosps",80,80,80,80,80,80,80,80
"Idaho","return_normal","Past",2020-04-05,"cumulative_hosps",80,80,80,80,80,80,80,80
"Idaho","status_quo","Past",2020-04-05,"cumulative_hosps",80,80,80,80,80,80,80,80
"Idaho","linear_increase_sd","Past",2020-04-05,"daily_all_infections",298,298,298,298,298,298,298,298
"Idaho","return_normal","Past",2020-04-05,"daily_all_infections",298,298,298,298,298,298,298,298
"Idaho","status_quo","Past",2020-04-05,"daily_all_infections",298,298,298,298,298,298,298,298
"Idaho","linear_increase_sd","Past",2020-04-05,"daily_cases",80,80,80,80,80,80,80,80
"Idaho","return_normal","Past",2020-04-05,"daily_cases",80,80,80,80,80,80,80,80
"Idaho","status_quo","Past",2020-04-05,"daily_cases",80,80,80,80,80,80,80,80
"Idaho","linear_increase_sd","Past",2020-04-05,"daily_deaths",4,4,4,4,4,4,4,4
"Idaho","return_normal","Past",2020-04-05,"daily_deaths",4,4,4,4,4,4,4,4
"Idaho","status_quo","Past",2020-04-05,"daily_deaths",4,4,4,4,4,4,4,4
"Idaho","linear_increase_sd","Past",2020-04-05,"daily_hosps",9,9,9,9,9,9,9,9
"Idaho","return_normal","Past",2020-04-05,"daily_hosps",9,9,9,9,9,9,9,9
"Idaho","status_quo","Past",2020-04-05,"daily_hosps",9,9,9,9,9,9,9,9
"Idaho","linear_increase_sd","Past",2020-04-05,"latent_trend",NA,NA,NA,0.402600727808461,NA,NA,NA,NA
"Idaho","return_normal","Past",2020-04-05,"latent_trend",NA,NA,NA,0.402600727808461,NA,NA,NA,NA
"Idaho","status_quo","Past",2020-04-05,"latent_trend",NA,NA,NA,0.402600727808461,NA,NA,NA,NA
"Idaho","linear_increase_sd","Past",2020-04-05,"mobility_trend",NA,NA,NA,0.64114440681363,NA,NA,NA,NA
"Idaho","return_normal","Past",2020-04-05,"mobility_trend",NA,NA,NA,0.64114440681363,NA,NA,NA,NA
"Idaho","status_quo","Past",2020-04-05,"mobility_trend",NA,NA,NA,0.64114440681363,NA,NA,NA,NA
"Idaho",NA,"Past",2020-04-06,"actual_cumulative_cases",NA,NA,NA,1101,NA,NA,NA,NA
"Idaho",NA,"Past",2020-04-06,"actual_cumulative_deaths",NA,NA,NA,10,NA,NA,NA,NA
"Idaho",NA,"Past",2020-04-06,"actual_daily_cases",NA,NA,NA,24,NA,NA,NA,NA
"Idaho",NA,"Past",2020-04-06,"actual_daily_deaths",NA,NA,NA,0,NA,NA,NA,NA
"Idaho","linear_increase_sd","Past",2020-04-06,"combined_trend",NA,NA,NA,0.24466872851497,NA,NA,NA,NA
"Idaho","return_normal","Past",2020-04-06,"combined_trend",NA,NA,NA,0.24466872851497,NA,NA,NA,NA
"Idaho","status_quo","Past",2020-04-06,"combined_trend",NA,NA,NA,0.24466872851497,NA,NA,NA,NA
"Idaho","linear_increase_sd","Past",2020-04-06,"cumulative_all_infections",7523,7523,7523,7523,7523,7523,7523,7523
"Idaho","return_normal","Past",2020-04-06,"cumulative_all_infections",7523,7523,7523,7523,7523,7523,7523,7523
"Idaho","status_quo","Past",2020-04-06,"cumulative_all_infections",7523,7523,7523,7523,7523,7523,7523,7523
"Idaho","linear_increase_sd","Past",2020-04-06,"cumulative_cases",998,998,998,998,998,998,998,998
"Idaho","return_normal","Past",2020-04-06,"cumulative_cases",998,998,998,998,998,998,998,998
"Idaho","status_quo","Past",2020-04-06,"cumulative_cases",998,998,998,998,998,998,998,998
"Idaho","linear_increase_sd","Past",2020-04-06,"cumulative_deaths",33,33,33,33,33,33,33,33
"Idaho","return_normal","Past",2020-04-06,"cumulative_deaths",33,33,33,33,33,33,33,33
"Idaho","status_quo","Past",2020-04-06,"cumulative_deaths",33,33,33,33,33,33,33,33
"Idaho","linear_increase_sd","Past",2020-04-06,"cumulative_hosps",89,89,89,89,89,89,89,89
"Idaho","return_normal","Past",2020-04-06,"cumulative_hosps",89,89,89,89,89,89,89,89
"Idaho","status_quo","Past",2020-04-06,"cumulative_hosps",89,89,89,89,89,89,89,89
"Idaho","linear_increase_sd","Past",2020-04-06,"daily_all_infections",280,280,280,280,280,280,280,280
"Idaho","return_normal","Past",2020-04-06,"daily_all_infections",280,280,280,280,280,280,280,280
"Idaho","status_quo","Past",2020-04-06,"daily_all_infections",280,280,280,280,280,280,280,280
"Idaho","linear_increase_sd","Past",2020-04-06,"daily_cases",75,75,75,75,75,75,75,75
"Idaho","return_normal","Past",2020-04-06,"daily_cases",75,75,75,75,75,75,75,75
"Idaho","status_quo","Past",2020-04-06,"daily_cases",75,75,75,75,75,75,75,75
"Idaho","linear_increase_sd","Past",2020-04-06,"daily_deaths",3,3,3,3,3,3,3,3
"Idaho","return_normal","Past",2020-04-06,"daily_deaths",3,3,3,3,3,3,3,3
"Idaho","status_quo","Past",2020-04-06,"daily_deaths",3,3,3,3,3,3,3,3
"Idaho","linear_increase_sd","Past",2020-04-06,"daily_hosps",9,9,9,9,9,9,9,9
"Idaho","return_normal","Past",2020-04-06,"daily_hosps",9,9,9,9,9,9,9,9
"Idaho","status_quo","Past",2020-04-06,"daily_hosps",9,9,9,9,9,9,9,9
"Idaho","linear_increase_sd","Past",2020-04-06,"latent_trend",NA,NA,NA,0.383078783820705,NA,NA,NA,NA
"Idaho","return_normal","Past",2020-04-06,"latent_trend",NA,NA,NA,0.383078783820705,NA,NA,NA,NA
"Idaho","status_quo","Past",2020-04-06,"latent_trend",NA,NA,NA,0.383078783820705,NA,NA,NA,NA
"Idaho","linear_increase_sd","Past",2020-04-06,"mobility_trend",NA,NA,NA,0.638690365659833,NA,NA,NA,NA
"Idaho","return_normal","Past",2020-04-06,"mobility_trend",NA,NA,NA,0.638690365659833,NA,NA,NA,NA
"Idaho","status_quo","Past",2020-04-06,"mobility_trend",NA,NA,NA,0.638690365659833,NA,NA,NA,NA
"Idaho",NA,"Past",2020-04-07,"actual_cumulative_cases",NA,NA,NA,1170,NA,NA,NA,NA
"Idaho",NA,"Past",2020-04-07,"actual_cumulative_deaths",NA,NA,NA,13,NA,NA,NA,NA
"Idaho",NA,"Past",2020-04-07,"actual_daily_cases",NA,NA,NA,69,NA,NA,NA,NA
"Idaho",NA,"Past",2020-04-07,"actual_daily_deaths",NA,NA,NA,3,NA,NA,NA,NA
"Idaho","linear_increase_sd","Past",2020-04-07,"combined_trend",NA,NA,NA,0.232788563621686,NA,NA,NA,NA
"Idaho","return_normal","Past",2020-04-07,"combined_trend",NA,NA,NA,0.232788563621686,NA,NA,NA,NA
"Idaho","status_quo","Past",2020-04-07,"combined_trend",NA,NA,NA,0.232788563621686,NA,NA,NA,NA
"Idaho","linear_increase_sd","Past",2020-04-07,"cumulative_all_infections",7785,7785,7785,7785,7785,7785,7785,7785
"Idaho","return_normal","Past",2020-04-07,"cumulative_all_infections",7785,7785,7785,7785,7785,7785,7785,7785
"Idaho","status_quo","Past",2020-04-07,"cumulative_all_infections",7785,7785,7785,7785,7785,7785,7785,7785
"Idaho","linear_increase_sd","Past",2020-04-07,"cumulative_cases",1077,1077,1077,1077,1077,1077,1077,1077
"Idaho","return_normal","Past",2020-04-07,"cumulative_cases",1077,1077,1077,1077,1077,1077,1077,1077
"Idaho","status_quo","Past",2020-04-07,"cumulative_cases",1077,1077,1077,1077,1077,1077,1077,1077
"Idaho","linear_increase_sd","Past",2020-04-07,"cumulative_deaths",37,37,37,37,37,37,37,37
"Idaho","return_normal","Past",2020-04-07,"cumulative_deaths",37,37,37,37,37,37,37,37
"Idaho","status_quo","Past",2020-04-07,"cumulative_deaths",37,37,37,37,37,37,37,37
"Idaho","linear_increase_sd","Past",2020-04-07,"cumulative_hosps",98,98,98,98,98,98,98,98
"Idaho","return_normal","Past",2020-04-07,"cumulative_hosps",98,98,98,98,98,98,98,98
"Idaho","status_quo","Past",2020-04-07,"cumulative_hosps",98,98,98,98,98,98,98,98
"Idaho","linear_increase_sd","Past",2020-04-07,"daily_all_infections",262,262,262,262,262,262,262,262
"Idaho","return_normal","Past",2020-04-07,"daily_all_infections",262,262,262,262,262,262,262,262
"Idaho","status_quo","Past",2020-04-07,"daily_all_infections",262,262,262,262,262,262,262,262
"Idaho","linear_increase_sd","Past",2020-04-07,"daily_cases",79,79,79,79,79,79,79,79
"Idaho","return_normal","Past",2020-04-07,"daily_cases",79,79,79,79,79,79,79,79
"Idaho","status_quo","Past",2020-04-07,"daily_cases",79,79,79,79,79,79,79,79
"Idaho","linear_increase_sd","Past",2020-04-07,"daily_deaths",4,4,4,4,4,4,4,4
"Idaho","return_normal","Past",2020-04-07,"daily_deaths",4,4,4,4,4,4,4,4
"Idaho","status_quo","Past",2020-04-07,"daily_deaths",4,4,4,4,4,4,4,4
"Idaho","linear_increase_sd","Past",2020-04-07,"daily_hosps",9,9,9,9,9,9,9,9
"Idaho","return_normal","Past",2020-04-07,"daily_hosps",9,9,9,9,9,9,9,9
"Idaho","status_quo","Past",2020-04-07,"daily_hosps",9,9,9,9,9,9,9,9
"Idaho","linear_increase_sd","Past",2020-04-07,"latent_trend",NA,NA,NA,0.365500086084174,NA,NA,NA,NA
"Idaho","return_normal","Past",2020-04-07,"latent_trend",NA,NA,NA,0.365500086084174,NA,NA,NA,NA
"Idaho","status_quo","Past",2020-04-07,"latent_trend",NA,NA,NA,0.365500086084174,NA,NA,NA,NA
"Idaho","linear_increase_sd","Past",2020-04-07,"mobility_trend",NA,NA,NA,0.636904264827108,NA,NA,NA,NA
"Idaho","return_normal","Past",2020-04-07,"mobility_trend",NA,NA,NA,0.636904264827108,NA,NA,NA,NA
"Idaho","status_quo","Past",2020-04-07,"mobility_trend",NA,NA,NA,0.636904264827108,NA,NA,NA,NA
"Idaho",NA,"Past",2020-04-08,"actual_cumulative_cases",NA,NA,NA,1210,NA,NA,NA,NA
"Idaho",NA,"Past",2020-04-08,"actual_cumulative_deaths",NA,NA,NA,15,NA,NA,NA,NA
"Idaho",NA,"Past",2020-04-08,"actual_daily_cases",NA,NA,NA,40,NA,NA,NA,NA
"Idaho",NA,"Past",2020-04-08,"actual_daily_deaths",NA,NA,NA,2,NA,NA,NA,NA
"Idaho","linear_increase_sd","Past",2020-04-08,"combined_trend",NA,NA,NA,0.222544198917012,NA,NA,NA,NA
"Idaho","return_normal","Past",2020-04-08,"combined_trend",NA,NA,NA,0.222544198917012,NA,NA,NA,NA
"Idaho","status_quo","Past",2020-04-08,"combined_trend",NA,NA,NA,0.222544198917012,NA,NA,NA,NA
"Idaho","linear_increase_sd","Past",2020-04-08,"cumulative_all_infections",8027,8027,8027,8027,8027,8027,8027,8027
"Idaho","return_normal","Past",2020-04-08,"cumulative_all_infections",8027,8027,8027,8027,8027,8027,8027,8027
"Idaho","status_quo","Past",2020-04-08,"cumulative_all_infections",8027,8027,8027,8027,8027,8027,8027,8027
"Idaho","linear_increase_sd","Past",2020-04-08,"cumulative_cases",1147,1147,1147,1147,1147,1147,1147,1147
"Idaho","return_normal","Past",2020-04-08,"cumulative_cases",1147,1147,1147,1147,1147,1147,1147,1147
"Idaho","status_quo","Past",2020-04-08,"cumulative_cases",1147,1147,1147,1147,1147,1147,1147,1147
"Idaho","linear_increase_sd","Past",2020-04-08,"cumulative_deaths",41,41,41,41,41,41,41,41
"Idaho","return_normal","Past",2020-04-08,"cumulative_deaths",41,41,41,41,41,41,41,41
"Idaho","status_quo","Past",2020-04-08,"cumulative_deaths",41,41,41,41,41,41,41,41
"Idaho","linear_increase_sd","Past",2020-04-08,"cumulative_hosps",107,107,107,107,107,107,107,107
"Idaho","return_normal","Past",2020-04-08,"cumulative_hosps",107,107,107,107,107,107,107,107
"Idaho","status_quo","Past",2020-04-08,"cumulative_hosps",107,107,107,107,107,107,107,107
"Idaho","linear_increase_sd","Past",2020-04-08,"daily_all_infections",242,242,242,242,242,242,242,242
"Idaho","return_normal","Past",2020-04-08,"daily_all_infections",242,242,242,242,242,242,242,242
"Idaho","status_quo","Past",2020-04-08,"daily_all_infections",242,242,242,242,242,242,242,242
"Idaho","linear_increase_sd","Past",2020-04-08,"daily_cases",70,70,70,70,70,70,70,70
"Idaho","return_normal","Past",2020-04-08,"daily_cases",70,70,70,70,70,70,70,70
"Idaho","status_quo","Past",2020-04-08,"daily_cases",70,70,70,70,70,70,70,70
"Idaho","linear_increase_sd","Past",2020-04-08,"daily_deaths",4,4,4,4,4,4,4,4
"Idaho","return_normal","Past",2020-04-08,"daily_deaths",4,4,4,4,4,4,4,4
"Idaho","status_quo","Past",2020-04-08,"daily_deaths",4,4,4,4,4,4,4,4
"Idaho","linear_increase_sd","Past",2020-04-08,"daily_hosps",9,9,9,9,9,9,9,9
"Idaho","return_normal","Past",2020-04-08,"daily_hosps",9,9,9,9,9,9,9,9
"Idaho","status_quo","Past",2020-04-08,"daily_hosps",9,9,9,9,9,9,9,9
"Idaho","linear_increase_sd","Past",2020-04-08,"latent_trend",NA,NA,NA,0.350056524231398,NA,NA,NA,NA
"Idaho","return_normal","Past",2020-04-08,"latent_trend",NA,NA,NA,0.350056524231398,NA,NA,NA,NA
"Idaho","status_quo","Past",2020-04-08,"latent_trend",NA,NA,NA,0.350056524231398,NA,NA,NA,NA
"Idaho","linear_increase_sd","Past",2020-04-08,"mobility_trend",NA,NA,NA,0.635737898059866,NA,NA,NA,NA
"Idaho","return_normal","Past",2020-04-08,"mobility_trend",NA,NA,NA,0.635737898059866,NA,NA,NA,NA
"Idaho","status_quo","Past",2020-04-08,"mobility_trend",NA,NA,NA,0.635737898059866,NA,NA,NA,NA
"Idaho",NA,"Past",2020-04-09,"actual_cumulative_cases",NA,NA,NA,1232,NA,NA,NA,NA
"Idaho",NA,"Past",2020-04-09,"actual_cumulative_deaths",NA,NA,NA,18,NA,NA,NA,NA
"Idaho",NA,"Past",2020-04-09,"actual_daily_cases",NA,NA,NA,22,NA,NA,NA,NA
"Idaho",NA,"Past",2020-04-09,"actual_daily_deaths",NA,NA,NA,3,NA,NA,NA,NA
"Idaho","linear_increase_sd","Past",2020-04-09,"combined_trend",NA,NA,NA,0.213983187170546,NA,NA,NA,NA
"Idaho","return_normal","Past",2020-04-09,"combined_trend",NA,NA,NA,0.213983187170546,NA,NA,NA,NA
"Idaho","status_quo","Past",2020-04-09,"combined_trend",NA,NA,NA,0.213983187170546,NA,NA,NA,NA
"Idaho","linear_increase_sd","Past",2020-04-09,"cumulative_all_infections",8252,8252,8252,8252,8252,8252,8252,8252
"Idaho","return_normal","Past",2020-04-09,"cumulative_all_infections",8252,8252,8252,8252,8252,8252,8252,8252
"Idaho","status_quo","Past",2020-04-09,"cumulative_all_infections",8252,8252,8252,8252,8252,8252,8252,8252
"Idaho","linear_increase_sd","Past",2020-04-09,"cumulative_cases",1226,1226,1226,1226,1226,1226,1226,1226
"Idaho","return_normal","Past",2020-04-09,"cumulative_cases",1226,1226,1226,1226,1226,1226,1226,1226
"Idaho","status_quo","Past",2020-04-09,"cumulative_cases",1226,1226,1226,1226,1226,1226,1226,1226
"Idaho","linear_increase_sd","Past",2020-04-09,"cumulative_deaths",44,44,44,44,44,44,44,44
"Idaho","return_normal","Past",2020-04-09,"cumulative_deaths",44,44,44,44,44,44,44,44
"Idaho","status_quo","Past",2020-04-09,"cumulative_deaths",44,44,44,44,44,44,44,44
"Idaho","linear_increase_sd","Past",2020-04-09,"cumulative_hosps",117,117,117,117,117,117,117,117
"Idaho","return_normal","Past",2020-04-09,"cumulative_hosps",117,117,117,117,117,117,117,117
"Idaho","status_quo","Past",2020-04-09,"cumulative_hosps",117,117,117,117,117,117,117,117
"Idaho","linear_increase_sd","Past",2020-04-09,"daily_all_infections",225,225,225,225,225,225,225,225
"Idaho","return_normal","Past",2020-04-09,"daily_all_infections",225,225,225,225,225,225,225,225
"Idaho","status_quo","Past",2020-04-09,"daily_all_infections",225,225,225,225,225,225,225,225
"Idaho","linear_increase_sd","Past",2020-04-09,"daily_cases",79,79,79,79,79,79,79,79
"Idaho","return_normal","Past",2020-04-09,"daily_cases",79,79,79,79,79,79,79,79
"Idaho","status_quo","Past",2020-04-09,"daily_cases",79,79,79,79,79,79,79,79
"Idaho","linear_increase_sd","Past",2020-04-09,"daily_deaths",3,3,3,3,3,3,3,3
"Idaho","return_normal","Past",2020-04-09,"daily_deaths",3,3,3,3,3,3,3,3
"Idaho","status_quo","Past",2020-04-09,"daily_deaths",3,3,3,3,3,3,3,3
"Idaho","linear_increase_sd","Past",2020-04-09,"daily_hosps",10,10,10,10,10,10,10,10
"Idaho","return_normal","Past",2020-04-09,"daily_hosps",10,10,10,10,10,10,10,10
"Idaho","status_quo","Past",2020-04-09,"daily_hosps",10,10,10,10,10,10,10,10
"Idaho","linear_increase_sd","Past",2020-04-09,"latent_trend",NA,NA,NA,0.336908528910894,NA,NA,NA,NA
"Idaho","return_normal","Past",2020-04-09,"latent_trend",NA,NA,NA,0.336908528910894,NA,NA,NA,NA
"Idaho","status_quo","Past",2020-04-09,"latent_trend",NA,NA,NA,0.336908528910894,NA,NA,NA,NA
"Idaho","linear_increase_sd","Past",2020-04-09,"mobility_trend",NA,NA,NA,0.63513734087492,NA,NA,NA,NA
"Idaho","return_normal","Past",2020-04-09,"mobility_trend",NA,NA,NA,0.63513734087492,NA,NA,NA,NA
"Idaho","status_quo","Past",2020-04-09,"mobility_trend",NA,NA,NA,0.63513734087492,NA,NA,NA,NA
"Idaho",NA,"Past",2020-04-10,"actual_cumulative_cases",NA,NA,NA,1353,NA,NA,NA,NA
"Idaho",NA,"Past",2020-04-10,"actual_cumulative_deaths",NA,NA,NA,24,NA,NA,NA,NA
"Idaho",NA,"Past",2020-04-10,"actual_daily_cases",NA,NA,NA,121,NA,NA,NA,NA
"Idaho",NA,"Past",2020-04-10,"actual_daily_deaths",NA,NA,NA,6,NA,NA,NA,NA
"Idaho","linear_increase_sd","Past",2020-04-10,"combined_trend",NA,NA,NA,0.207148056012646,NA,NA,NA,NA
"Idaho","return_normal","Past",2020-04-10,"combined_trend",NA,NA,NA,0.207148056012646,NA,NA,NA,NA
"Idaho","status_quo","Past",2020-04-10,"combined_trend",NA,NA,NA,0.207148056012646,NA,NA,NA,NA
"Idaho","linear_increase_sd","Past",2020-04-10,"cumulative_all_infections",8461,8461,8461,8461,8461,8461,8461,8461
"Idaho","return_normal","Past",2020-04-10,"cumulative_all_infections",8461,8461,8461,8461,8461,8461,8461,8461
"Idaho","status_quo","Past",2020-04-10,"cumulative_all_infections",8461,8461,8461,8461,8461,8461,8461,8461
"Idaho","linear_increase_sd","Past",2020-04-10,"cumulative_cases",1311,1311,1311,1311,1311,1311,1311,1311
"Idaho","return_normal","Past",2020-04-10,"cumulative_cases",1311,1311,1311,1311,1311,1311,1311,1311
"Idaho","status_quo","Past",2020-04-10,"cumulative_cases",1311,1311,1311,1311,1311,1311,1311,1311
"Idaho","linear_increase_sd","Past",2020-04-10,"cumulative_deaths",48,48,48,48,48,48,48,48
"Idaho","return_normal","Past",2020-04-10,"cumulative_deaths",48,48,48,48,48,48,48,48
"Idaho","status_quo","Past",2020-04-10,"cumulative_deaths",48,48,48,48,48,48,48,48
"Idaho","linear_increase_sd","Past",2020-04-10,"cumulative_hosps",127,127,127,127,127,127,127,127
"Idaho","return_normal","Past",2020-04-10,"cumulative_hosps",127,127,127,127,127,127,127,127
"Idaho","status_quo","Past",2020-04-10,"cumulative_hosps",127,127,127,127,127,127,127,127
"Idaho","linear_increase_sd","Past",2020-04-10,"daily_all_infections",209,209,209,209,209,209,209,209
"Idaho","return_normal","Past",2020-04-10,"daily_all_infections",209,209,209,209,209,209,209,209
"Idaho","status_quo","Past",2020-04-10,"daily_all_infections",209,209,209,209,209,209,209,209
"Idaho","linear_increase_sd","Past",2020-04-10,"daily_cases",85,85,85,85,85,85,85,85
"Idaho","return_normal","Past",2020-04-10,"daily_cases",85,85,85,85,85,85,85,85
"Idaho","status_quo","Past",2020-04-10,"daily_cases",85,85,85,85,85,85,85,85
"Idaho","linear_increase_sd","Past",2020-04-10,"daily_deaths",4,4,4,4,4,4,4,4
"Idaho","return_normal","Past",2020-04-10,"daily_deaths",4,4,4,4,4,4,4,4
"Idaho","status_quo","Past",2020-04-10,"daily_deaths",4,4,4,4,4,4,4,4
"Idaho","linear_increase_sd","Past",2020-04-10,"daily_hosps",10,10,10,10,10,10,10,10
"Idaho","return_normal","Past",2020-04-10,"daily_hosps",10,10,10,10,10,10,10,10
"Idaho","status_quo","Past",2020-04-10,"daily_hosps",10,10,10,10,10,10,10,10
"Idaho","linear_increase_sd","Past",2020-04-10,"latent_trend",NA,NA,NA,0.326190645805706,NA,NA,NA,NA
"Idaho","return_normal","Past",2020-04-10,"latent_trend",NA,NA,NA,0.326190645805706,NA,NA,NA,NA
"Idaho","status_quo","Past",2020-04-10,"latent_trend",NA,NA,NA,0.326190645805706,NA,NA,NA,NA
"Idaho","linear_increase_sd","Past",2020-04-10,"mobility_trend",NA,NA,NA,0.635052104271663,NA,NA,NA,NA
"Idaho","return_normal","Past",2020-04-10,"mobility_trend",NA,NA,NA,0.635052104271663,NA,NA,NA,NA
"Idaho","status_quo","Past",2020-04-10,"mobility_trend",NA,NA,NA,0.635052104271663,NA,NA,NA,NA
"Idaho",NA,"Past",2020-04-11,"actual_cumulative_cases",NA,NA,NA,1396,NA,NA,NA,NA
"Idaho",NA,"Past",2020-04-11,"actual_cumulative_deaths",NA,NA,NA,25,NA,NA,NA,NA
"Idaho",NA,"Past",2020-04-11,"actual_daily_cases",NA,NA,NA,43,NA,NA,NA,NA
"Idaho",NA,"Past",2020-04-11,"actual_daily_deaths",NA,NA,NA,1,NA,NA,NA,NA
"Idaho","linear_increase_sd","Past",2020-04-11,"combined_trend",NA,NA,NA,0.201990197933097,NA,NA,NA,NA
"Idaho","return_normal","Past",2020-04-11,"combined_trend",NA,NA,NA,0.201990197933097,NA,NA,NA,NA
"Idaho","status_quo","Past",2020-04-11,"combined_trend",NA,NA,NA,0.201990197933097,NA,NA,NA,NA
"Idaho","linear_increase_sd","Past",2020-04-11,"cumulative_all_infections",8655,8655,8655,8655,8655,8655,8655,8655
"Idaho","return_normal","Past",2020-04-11,"cumulative_all_infections",8655,8655,8655,8655,8655,8655,8655,8655
"Idaho","status_quo","Past",2020-04-11,"cumulative_all_infections",8655,8655,8655,8655,8655,8655,8655,8655
"Idaho","linear_increase_sd","Past",2020-04-11,"cumulative_cases",1386,1386,1386,1386,1386,1386,1386,1386
"Idaho","return_normal","Past",2020-04-11,"cumulative_cases",1386,1386,1386,1386,1386,1386,1386,1386
"Idaho","status_quo","Past",2020-04-11,"cumulative_cases",1386,1386,1386,1386,1386,1386,1386,1386
"Idaho","linear_increase_sd","Past",2020-04-11,"cumulative_deaths",52,52,52,52,52,52,52,52
"Idaho","return_normal","Past",2020-04-11,"cumulative_deaths",52,52,52,52,52,52,52,52
"Idaho","status_quo","Past",2020-04-11,"cumulative_deaths",52,52,52,52,52,52,52,52
"Idaho","linear_increase_sd","Past",2020-04-11,"cumulative_hosps",137,137,137,137,137,137,137,137
"Idaho","return_normal","Past",2020-04-11,"cumulative_hosps",137,137,137,137,137,137,137,137
"Idaho","status_quo","Past",2020-04-11,"cumulative_hosps",137,137,137,137,137,137,137,137
"Idaho","linear_increase_sd","Past",2020-04-11,"daily_all_infections",194,194,194,194,194,194,194,194
"Idaho","return_normal","Past",2020-04-11,"daily_all_infections",194,194,194,194,194,194,194,194
"Idaho","status_quo","Past",2020-04-11,"daily_all_infections",194,194,194,194,194,194,194,194
"Idaho","linear_increase_sd","Past",2020-04-11,"daily_cases",75,75,75,75,75,75,75,75
"Idaho","return_normal","Past",2020-04-11,"daily_cases",75,75,75,75,75,75,75,75
"Idaho","status_quo","Past",2020-04-11,"daily_cases",75,75,75,75,75,75,75,75
"Idaho","linear_increase_sd","Past",2020-04-11,"daily_deaths",4,4,4,4,4,4,4,4
"Idaho","return_normal","Past",2020-04-11,"daily_deaths",4,4,4,4,4,4,4,4
"Idaho","status_quo","Past",2020-04-11,"daily_deaths",4,4,4,4,4,4,4,4
"Idaho","linear_increase_sd","Past",2020-04-11,"daily_hosps",10,10,10,10,10,10,10,10
"Idaho","return_normal","Past",2020-04-11,"daily_hosps",10,10,10,10,10,10,10,10
"Idaho","status_quo","Past",2020-04-11,"daily_hosps",10,10,10,10,10,10,10,10
"Idaho","linear_increase_sd","Past",2020-04-11,"latent_trend",NA,NA,NA,0.317871818480703,NA,NA,NA,NA
"Idaho","return_normal","Past",2020-04-11,"latent_trend",NA,NA,NA,0.317871818480703,NA,NA,NA,NA
"Idaho","status_quo","Past",2020-04-11,"latent_trend",NA,NA,NA,0.317871818480703,NA,NA,NA,NA
"Idaho","linear_increase_sd","Past",2020-04-11,"mobility_trend",NA,NA,NA,0.635445441179804,NA,NA,NA,NA
"Idaho","return_normal","Past",2020-04-11,"mobility_trend",NA,NA,NA,0.635445441179804,NA,NA,NA,NA
"Idaho","status_quo","Past",2020-04-11,"mobility_trend",NA,NA,NA,0.635445441179804,NA,NA,NA,NA
"Idaho",NA,"Past",2020-04-12,"actual_cumulative_cases",NA,NA,NA,1407,NA,NA,NA,NA
"Idaho",NA,"Past",2020-04-12,"actual_cumulative_deaths",NA,NA,NA,27,NA,NA,NA,NA
"Idaho",NA,"Past",2020-04-12,"actual_daily_cases",NA,NA,NA,11,NA,NA,NA,NA
"Idaho",NA,"Past",2020-04-12,"actual_daily_deaths",NA,NA,NA,2,NA,NA,NA,NA
"Idaho","linear_increase_sd","Past",2020-04-12,"combined_trend",NA,NA,NA,0.198358176903935,NA,NA,NA,NA
"Idaho","return_normal","Past",2020-04-12,"combined_trend",NA,NA,NA,0.198358176903935,NA,NA,NA,NA
"Idaho","status_quo","Past",2020-04-12,"combined_trend",NA,NA,NA,0.198358176903935,NA,NA,NA,NA
"Idaho","linear_increase_sd","Past",2020-04-12,"cumulative_all_infections",8835,8835,8835,8835,8835,8835,8835,8835
"Idaho","return_normal","Past",2020-04-12,"cumulative_all_infections",8835,8835,8835,8835,8835,8835,8835,8835
"Idaho","status_quo","Past",2020-04-12,"cumulative_all_infections",8835,8835,8835,8835,8835,8835,8835,8835
"Idaho","linear_increase_sd","Past",2020-04-12,"cumulative_cases",1448,1448,1448,1448,1448,1448,1448,1448
"Idaho","return_normal","Past",2020-04-12,"cumulative_cases",1448,1448,1448,1448,1448,1448,1448,1448
"Idaho","status_quo","Past",2020-04-12,"cumulative_cases",1448,1448,1448,1448,1448,1448,1448,1448
"Idaho","linear_increase_sd","Past",2020-04-12,"cumulative_deaths",57,57,57,57,57,57,57,57
"Idaho","return_normal","Past",2020-04-12,"cumulative_deaths",57,57,57,57,57,57,57,57
"Idaho","status_quo","Past",2020-04-12,"cumulative_deaths",57,57,57,57,57,57,57,57
"Idaho","linear_increase_sd","Past",2020-04-12,"cumulative_hosps",147,147,147,147,147,147,147,147
"Idaho","return_normal","Past",2020-04-12,"cumulative_hosps",147,147,147,147,147,147,147,147
"Idaho","status_quo","Past",2020-04-12,"cumulative_hosps",147,147,147,147,147,147,147,147
"Idaho","linear_increase_sd","Past",2020-04-12,"daily_all_infections",180,180,180,180,180,180,180,180
"Idaho","return_normal","Past",2020-04-12,"daily_all_infections",180,180,180,180,180,180,180,180
"Idaho","status_quo","Past",2020-04-12,"daily_all_infections",180,180,180,180,180,180,180,180
"Idaho","linear_increase_sd","Past",2020-04-12,"daily_cases",62,62,62,62,62,62,62,62
"Idaho","return_normal","Past",2020-04-12,"daily_cases",62,62,62,62,62,62,62,62
"Idaho","status_quo","Past",2020-04-12,"daily_cases",62,62,62,62,62,62,62,62
"Idaho","linear_increase_sd","Past",2020-04-12,"daily_deaths",5,5,5,5,5,5,5,5
"Idaho","return_normal","Past",2020-04-12,"daily_deaths",5,5,5,5,5,5,5,5
"Idaho","status_quo","Past",2020-04-12,"daily_deaths",5,5,5,5,5,5,5,5
"Idaho","linear_increase_sd","Past",2020-04-12,"daily_hosps",10,10,10,10,10,10,10,10
"Idaho","return_normal","Past",2020-04-12,"daily_hosps",10,10,10,10,10,10,10,10
"Idaho","status_quo","Past",2020-04-12,"daily_hosps",10,10,10,10,10,10,10,10
"Idaho","linear_increase_sd","Past",2020-04-12,"latent_trend",NA,NA,NA,0.311744699584653,NA,NA,NA,NA
"Idaho","return_normal","Past",2020-04-12,"latent_trend",NA,NA,NA,0.311744699584653,NA,NA,NA,NA
"Idaho","status_quo","Past",2020-04-12,"latent_trend",NA,NA,NA,0.311744699584653,NA,NA,NA,NA
"Idaho","linear_increase_sd","Past",2020-04-12,"mobility_trend",NA,NA,NA,0.63628404001163,NA,NA,NA,NA
"Idaho","return_normal","Past",2020-04-12,"mobility_trend",NA,NA,NA,0.63628404001163,NA,NA,NA,NA
"Idaho","status_quo","Past",2020-04-12,"mobility_trend",NA,NA,NA,0.63628404001163,NA,NA,NA,NA
"Idaho",NA,"Past",2020-04-13,"actual_cumulative_cases",NA,NA,NA,1426,NA,NA,NA,NA
"Idaho",NA,"Past",2020-04-13,"actual_cumulative_deaths",NA,NA,NA,27,NA,NA,NA,NA
"Idaho",NA,"Past",2020-04-13,"actual_daily_cases",NA,NA,NA,19,NA,NA,NA,NA
"Idaho",NA,"Past",2020-04-13,"actual_daily_deaths",NA,NA,NA,0,NA,NA,NA,NA
"Idaho","linear_increase_sd","Past",2020-04-13,"combined_trend",NA,NA,NA,0.196114796920595,NA,NA,NA,NA
"Idaho","return_normal","Past",2020-04-13,"combined_trend",NA,NA,NA,0.196114796920595,NA,NA,NA,NA
"Idaho","status_quo","Past",2020-04-13,"combined_trend",NA,NA,NA,0.196114796920595,NA,NA,NA,NA
"Idaho","linear_increase_sd","Past",2020-04-13,"cumulative_all_infections",9004,9004,9004,9004,9004,9004,9004,9004
"Idaho","return_normal","Past",2020-04-13,"cumulative_all_infections",9004,9004,9004,9004,9004,9004,9004,9004
"Idaho","status_quo","Past",2020-04-13,"cumulative_all_infections",9004,9004,9004,9004,9004,9004,9004,9004
"Idaho","linear_increase_sd","Past",2020-04-13,"cumulative_cases",1514,1514,1514,1514,1514,1514,1514,1514
"Idaho","return_normal","Past",2020-04-13,"cumulative_cases",1514,1514,1514,1514,1514,1514,1514,1514
"Idaho","status_quo","Past",2020-04-13,"cumulative_cases",1514,1514,1514,1514,1514,1514,1514,1514
"Idaho","linear_increase_sd","Past",2020-04-13,"cumulative_deaths",61,61,61,61,61,61,61,61
"Idaho","return_normal","Past",2020-04-13,"cumulative_deaths",61,61,61,61,61,61,61,61
"Idaho","status_quo","Past",2020-04-13,"cumulative_deaths",61,61,61,61,61,61,61,61
"Idaho","linear_increase_sd","Past",2020-04-13,"cumulative_hosps",156,156,156,156,156,156,156,156
"Idaho","return_normal","Past",2020-04-13,"cumulative_hosps",156,156,156,156,156,156,156,156
"Idaho","status_quo","Past",2020-04-13,"cumulative_hosps",156,156,156,156,156,156,156,156
"Idaho","linear_increase_sd","Past",2020-04-13,"daily_all_infections",169,169,169,169,169,169,169,169
"Idaho","return_normal","Past",2020-04-13,"daily_all_infections",169,169,169,169,169,169,169,169
"Idaho","status_quo","Past",2020-04-13,"daily_all_infections",169,169,169,169,169,169,169,169
"Idaho","linear_increase_sd","Past",2020-04-13,"daily_cases",66,66,66,66,66,66,66,66
"Idaho","return_normal","Past",2020-04-13,"daily_cases",66,66,66,66,66,66,66,66
"Idaho","status_quo","Past",2020-04-13,"daily_cases",66,66,66,66,66,66,66,66
"Idaho","linear_increase_sd","Past",2020-04-13,"daily_deaths",4,4,4,4,4,4,4,4
"Idaho","return_normal","Past",2020-04-13,"daily_deaths",4,4,4,4,4,4,4,4
"Idaho","status_quo","Past",2020-04-13,"daily_deaths",4,4,4,4,4,4,4,4
"Idaho","linear_increase_sd","Past",2020-04-13,"daily_hosps",9,9,9,9,9,9,9,9
"Idaho","return_normal","Past",2020-04-13,"daily_hosps",9,9,9,9,9,9,9,9
"Idaho","status_quo","Past",2020-04-13,"daily_hosps",9,9,9,9,9,9,9,9
"Idaho","linear_increase_sd","Past",2020-04-13,"latent_trend",NA,NA,NA,0.307614363595574,NA,NA,NA,NA
"Idaho","return_normal","Past",2020-04-13,"latent_trend",NA,NA,NA,0.307614363595574,NA,NA,NA,NA
"Idaho","status_quo","Past",2020-04-13,"latent_trend",NA,NA,NA,0.307614363595574,NA,NA,NA,NA
"Idaho","linear_increase_sd","Past",2020-04-13,"mobility_trend",NA,NA,NA,0.637534589179425,NA,NA,NA,NA
"Idaho","return_normal","Past",2020-04-13,"mobility_trend",NA,NA,NA,0.637534589179425,NA,NA,NA,NA
"Idaho","status_quo","Past",2020-04-13,"mobility_trend",NA,NA,NA,0.637534589179425,NA,NA,NA,NA
"Idaho",NA,"Past",2020-04-14,"actual_cumulative_cases",NA,NA,NA,1453,NA,NA,NA,NA
"Idaho",NA,"Past",2020-04-14,"actual_cumulative_deaths",NA,NA,NA,33,NA,NA,NA,NA
"Idaho",NA,"Past",2020-04-14,"actual_daily_cases",NA,NA,NA,27,NA,NA,NA,NA
"Idaho",NA,"Past",2020-04-14,"actual_daily_deaths",NA,NA,NA,6,NA,NA,NA,NA
"Idaho","linear_increase_sd","Past",2020-04-14,"combined_trend",NA,NA,NA,0.195141381237434,NA,NA,NA,NA
"Idaho","return_normal","Past",2020-04-14,"combined_trend",NA,NA,NA,0.195141381237434,NA,NA,NA,NA
"Idaho","status_quo","Past",2020-04-14,"combined_trend",NA,NA,NA,0.195141381237434,NA,NA,NA,NA
"Idaho","linear_increase_sd","Past",2020-04-14,"cumulative_all_infections",9163,9163,9163,9163,9163,9163,9163,9163
"Idaho","return_normal","Past",2020-04-14,"cumulative_all_infections",9163,9163,9163,9163,9163,9163,9163,9163
"Idaho","status_quo","Past",2020-04-14,"cumulative_all_infections",9163,9163,9163,9163,9163,9163,9163,9163
"Idaho","linear_increase_sd","Past",2020-04-14,"cumulative_cases",1586,1586,1586,1586,1586,1586,1586,1586
"Idaho","return_normal","Past",2020-04-14,"cumulative_cases",1586,1586,1586,1586,1586,1586,1586,1586
"Idaho","status_quo","Past",2020-04-14,"cumulative_cases",1586,1586,1586,1586,1586,1586,1586,1586
"Idaho","linear_increase_sd","Past",2020-04-14,"cumulative_deaths",65,65,65,65,65,65,65,65
"Idaho","return_normal","Past",2020-04-14,"cumulative_deaths",65,65,65,65,65,65,65,65
"Idaho","status_quo","Past",2020-04-14,"cumulative_deaths",65,65,65,65,65,65,65,65
"Idaho","linear_increase_sd","Past",2020-04-14,"cumulative_hosps",166,166,166,166,166,166,166,166
"Idaho","return_normal","Past",2020-04-14,"cumulative_hosps",166,166,166,166,166,166,166,166
"Idaho","status_quo","Past",2020-04-14,"cumulative_hosps",166,166,166,166,166,166,166,166
"Idaho","linear_increase_sd","Past",2020-04-14,"daily_all_infections",159,159,159,159,159,159,159,159
"Idaho","return_normal","Past",2020-04-14,"daily_all_infections",159,159,159,159,159,159,159,159
"Idaho","status_quo","Past",2020-04-14,"daily_all_infections",159,159,159,159,159,159,159,159
"Idaho","linear_increase_sd","Past",2020-04-14,"daily_cases",72,72,72,72,72,72,72,72
"Idaho","return_normal","Past",2020-04-14,"daily_cases",72,72,72,72,72,72,72,72
"Idaho","status_quo","Past",2020-04-14,"daily_cases",72,72,72,72,72,72,72,72
"Idaho","linear_increase_sd","Past",2020-04-14,"daily_deaths",4,4,4,4,4,4,4,4
"Idaho","return_normal","Past",2020-04-14,"daily_deaths",4,4,4,4,4,4,4,4
"Idaho","status_quo","Past",2020-04-14,"daily_deaths",4,4,4,4,4,4,4,4
"Idaho","linear_increase_sd","Past",2020-04-14,"daily_hosps",10,10,10,10,10,10,10,10
"Idaho","return_normal","Past",2020-04-14,"daily_hosps",10,10,10,10,10,10,10,10
"Idaho","status_quo","Past",2020-04-14,"daily_hosps",10,10,10,10,10,10,10,10
"Idaho","linear_increase_sd","Past",2020-04-14,"latent_trend",NA,NA,NA,0.3053084609861,NA,NA,NA,NA
"Idaho","return_normal","Past",2020-04-14,"latent_trend",NA,NA,NA,0.3053084609861,NA,NA,NA,NA
"Idaho","status_quo","Past",2020-04-14,"latent_trend",NA,NA,NA,0.3053084609861,NA,NA,NA,NA
"Idaho","linear_increase_sd","Past",2020-04-14,"mobility_trend",NA,NA,NA,0.639161393061812,NA,NA,NA,NA
"Idaho","return_normal","Past",2020-04-14,"mobility_trend",NA,NA,NA,0.639161393061812,NA,NA,NA,NA
"Idaho","status_quo","Past",2020-04-14,"mobility_trend",NA,NA,NA,0.639161393061812,NA,NA,NA,NA
"Idaho",NA,"Past",2020-04-15,"actual_cumulative_cases",NA,NA,NA,1464,NA,NA,NA,NA
"Idaho",NA,"Past",2020-04-15,"actual_cumulative_deaths",NA,NA,NA,39,NA,NA,NA,NA
"Idaho",NA,"Past",2020-04-15,"actual_daily_cases",NA,NA,NA,11,NA,NA,NA,NA
"Idaho",NA,"Past",2020-04-15,"actual_daily_deaths",NA,NA,NA,6,NA,NA,NA,NA
"Idaho","linear_increase_sd","Past",2020-04-15,"combined_trend",NA,NA,NA,0.19533268679096,NA,NA,NA,NA
"Idaho","return_normal","Past",2020-04-15,"combined_trend",NA,NA,NA,0.19533268679096,NA,NA,NA,NA
"Idaho","status_quo","Past",2020-04-15,"combined_trend",NA,NA,NA,0.19533268679096,NA,NA,NA,NA
"Idaho","linear_increase_sd","Past",2020-04-15,"cumulative_all_infections",9312,9312,9312,9312,9312,9312,9312,9312
"Idaho","return_normal","Past",2020-04-15,"cumulative_all_infections",9312,9312,9312,9312,9312,9312,9312,9312
"Idaho","status_quo","Past",2020-04-15,"cumulative_all_infections",9312,9312,9312,9312,9312,9312,9312,9312
"Idaho","linear_increase_sd","Past",2020-04-15,"cumulative_cases",1640,1640,1640,1640,1640,1640,1640,1640
"Idaho","return_normal","Past",2020-04-15,"cumulative_cases",1640,1640,1640,1640,1640,1640,1640,1640
"Idaho","status_quo","Past",2020-04-15,"cumulative_cases",1640,1640,1640,1640,1640,1640,1640,1640
"Idaho","linear_increase_sd","Past",2020-04-15,"cumulative_deaths",70,70,70,70,70,70,70,70
"Idaho","return_normal","Past",2020-04-15,"cumulative_deaths",70,70,70,70,70,70,70,70
"Idaho","status_quo","Past",2020-04-15,"cumulative_deaths",70,70,70,70,70,70,70,70
"Idaho","linear_increase_sd","Past",2020-04-15,"cumulative_hosps",174,174,174,174,174,174,174,174
"Idaho","return_normal","Past",2020-04-15,"cumulative_hosps",174,174,174,174,174,174,174,174
"Idaho","status_quo","Past",2020-04-15,"cumulative_hosps",174,174,174,174,174,174,174,174
"Idaho","linear_increase_sd","Past",2020-04-15,"daily_all_infections",149,149,149,149,149,149,149,149
"Idaho","return_normal","Past",2020-04-15,"daily_all_infections",149,149,149,149,149,149,149,149
"Idaho","status_quo","Past",2020-04-15,"daily_all_infections",149,149,149,149,149,149,149,149
"Idaho","linear_increase_sd","Past",2020-04-15,"daily_cases",54,54,54,54,54,54,54,54
"Idaho","return_normal","Past",2020-04-15,"daily_cases",54,54,54,54,54,54,54,54
"Idaho","status_quo","Past",2020-04-15,"daily_cases",54,54,54,54,54,54,54,54
"Idaho","linear_increase_sd","Past",2020-04-15,"daily_deaths",5,5,5,5,5,5,5,5
"Idaho","return_normal","Past",2020-04-15,"daily_deaths",5,5,5,5,5,5,5,5
"Idaho","status_quo","Past",2020-04-15,"daily_deaths",5,5,5,5,5,5,5,5
"Idaho","linear_increase_sd","Past",2020-04-15,"daily_hosps",8,8,8,8,8,8,8,8
"Idaho","return_normal","Past",2020-04-15,"daily_hosps",8,8,8,8,8,8,8,8
"Idaho","status_quo","Past",2020-04-15,"daily_hosps",8,8,8,8,8,8,8,8
"Idaho","linear_increase_sd","Past",2020-04-15,"latent_trend",NA,NA,NA,0.304674514079598,NA,NA,NA,NA
"Idaho","return_normal","Past",2020-04-15,"latent_trend",NA,NA,NA,0.304674514079598,NA,NA,NA,NA
"Idaho","status_quo","Past",2020-04-15,"latent_trend",NA,NA,NA,0.304674514079598,NA,NA,NA,NA
"Idaho","linear_increase_sd","Past",2020-04-15,"mobility_trend",NA,NA,NA,0.641119219902745,NA,NA,NA,NA
"Idaho","return_normal","Past",2020-04-15,"mobility_trend",NA,NA,NA,0.641119219902745,NA,NA,NA,NA
"Idaho","status_quo","Past",2020-04-15,"mobility_trend",NA,NA,NA,0.641119219902745,NA,NA,NA,NA
"Idaho",NA,"Past",2020-04-16,"actual_cumulative_cases",NA,NA,NA,1587,NA,NA,NA,NA
"Idaho",NA,"Past",2020-04-16,"actual_cumulative_deaths",NA,NA,NA,41,NA,NA,NA,NA
"Idaho",NA,"Past",2020-04-16,"actual_daily_cases",NA,NA,NA,123,NA,NA,NA,NA
"Idaho",NA,"Past",2020-04-16,"actual_daily_deaths",NA,NA,NA,2,NA,NA,NA,NA
"Idaho","linear_increase_sd","Past",2020-04-16,"combined_trend",NA,NA,NA,0.196595873086778,NA,NA,NA,NA
"Idaho","return_normal","Past",2020-04-16,"combined_trend",NA,NA,NA,0.196595873086778,NA,NA,NA,NA
"Idaho","status_quo","Past",2020-04-16,"combined_trend",NA,NA,NA,0.196595873086778,NA,NA,NA,NA
"Idaho","linear_increase_sd","Past",2020-04-16,"cumulative_all_infections",9448,9448,9448,9448,9448,9448,9448,9448
"Idaho","return_normal","Past",2020-04-16,"cumulative_all_infections",9448,9448,9448,9448,9448,9448,9448,9448
"Idaho","status_quo","Past",2020-04-16,"cumulative_all_infections",9448,9448,9448,9448,9448,9448,9448,9448
"Idaho","linear_increase_sd","Past",2020-04-16,"cumulative_cases",1694,1694,1694,1694,1694,1694,1694,1694
"Idaho","return_normal","Past",2020-04-16,"cumulative_cases",1694,1694,1694,1694,1694,1694,1694,1694
"Idaho","status_quo","Past",2020-04-16,"cumulative_cases",1694,1694,1694,1694,1694,1694,1694,1694
"Idaho","linear_increase_sd","Past",2020-04-16,"cumulative_deaths",74,74,74,74,74,74,74,74
"Idaho","return_normal","Past",2020-04-16,"cumulative_deaths",74,74,74,74,74,74,74,74
"Idaho","status_quo","Past",2020-04-16,"cumulative_deaths",74,74,74,74,74,74,74,74
"Idaho","linear_increase_sd","Past",2020-04-16,"cumulative_hosps",183,183,183,183,183,183,183,183
"Idaho","return_normal","Past",2020-04-16,"cumulative_hosps",183,183,183,183,183,183,183,183
"Idaho","status_quo","Past",2020-04-16,"cumulative_hosps",183,183,183,183,183,183,183,183
"Idaho","linear_increase_sd","Past",2020-04-16,"daily_all_infections",136,136,136,136,136,136,136,136
"Idaho","return_normal","Past",2020-04-16,"daily_all_infections",136,136,136,136,136,136,136,136
"Idaho","status_quo","Past",2020-04-16,"daily_all_infections",136,136,136,136,136,136,136,136
"Idaho","linear_increase_sd","Past",2020-04-16,"daily_cases",54,54,54,54,54,54,54,54
"Idaho","return_normal","Past",2020-04-16,"daily_cases",54,54,54,54,54,54,54,54
"Idaho","status_quo","Past",2020-04-16,"daily_cases",54,54,54,54,54,54,54,54
"Idaho","linear_increase_sd","Past",2020-04-16,"daily_deaths",4,4,4,4,4,4,4,4
"Idaho","return_normal","Past",2020-04-16,"daily_deaths",4,4,4,4,4,4,4,4
"Idaho","status_quo","Past",2020-04-16,"daily_deaths",4,4,4,4,4,4,4,4
"Idaho","linear_increase_sd","Past",2020-04-16,"daily_hosps",9,9,9,9,9,9,9,9
"Idaho","return_normal","Past",2020-04-16,"daily_hosps",9,9,9,9,9,9,9,9
"Idaho","status_quo","Past",2020-04-16,"daily_hosps",9,9,9,9,9,9,9,9
"Idaho","linear_increase_sd","Past",2020-04-16,"latent_trend",NA,NA,NA,0.305576558041771,NA,NA,NA,NA
"Idaho","return_normal","Past",2020-04-16,"latent_trend",NA,NA,NA,0.305576558041771,NA,NA,NA,NA
"Idaho","status_quo","Past",2020-04-16,"latent_trend",NA,NA,NA,0.305576558041771,NA,NA,NA,NA
"Idaho","linear_increase_sd","Past",2020-04-16,"mobility_trend",NA,NA,NA,0.643360453912513,NA,NA,NA,NA
"Idaho","return_normal","Past",2020-04-16,"mobility_trend",NA,NA,NA,0.643360453912513,NA,NA,NA,NA
"Idaho","status_quo","Past",2020-04-16,"mobility_trend",NA,NA,NA,0.643360453912513,NA,NA,NA,NA
"Idaho",NA,"Past",2020-04-17,"actual_cumulative_cases",NA,NA,NA,1609,NA,NA,NA,NA
"Idaho",NA,"Past",2020-04-17,"actual_cumulative_deaths",NA,NA,NA,41,NA,NA,NA,NA
"Idaho",NA,"Past",2020-04-17,"actual_daily_cases",NA,NA,NA,22,NA,NA,NA,NA
"Idaho",NA,"Past",2020-04-17,"actual_daily_deaths",NA,NA,NA,0,NA,NA,NA,NA
"Idaho","linear_increase_sd","Past",2020-04-17,"combined_trend",NA,NA,NA,0.198847875673181,NA,NA,NA,NA
"Idaho","return_normal","Past",2020-04-17,"combined_trend",NA,NA,NA,0.198847875673181,NA,NA,NA,NA
"Idaho","status_quo","Past",2020-04-17,"combined_trend",NA,NA,NA,0.198847875673181,NA,NA,NA,NA
"Idaho","linear_increase_sd","Past",2020-04-17,"cumulative_all_infections",9579,9579,9579,9579,9579,9579,9579,9579
"Idaho","return_normal","Past",2020-04-17,"cumulative_all_infections",9579,9579,9579,9579,9579,9579,9579,9579
"Idaho","status_quo","Past",2020-04-17,"cumulative_all_infections",9579,9579,9579,9579,9579,9579,9579,9579
"Idaho","linear_increase_sd","Past",2020-04-17,"cumulative_cases",1742,1742,1742,1742,1742,1742,1742,1742
"Idaho","return_normal","Past",2020-04-17,"cumulative_cases",1742,1742,1742,1742,1742,1742,1742,1742
"Idaho","status_quo","Past",2020-04-17,"cumulative_cases",1742,1742,1742,1742,1742,1742,1742,1742
"Idaho","linear_increase_sd","Past",2020-04-17,"cumulative_deaths",78,78,78,78,78,78,78,78
"Idaho","return_normal","Past",2020-04-17,"cumulative_deaths",78,78,78,78,78,78,78,78
"Idaho","status_quo","Past",2020-04-17,"cumulative_deaths",78,78,78,78,78,78,78,78
"Idaho","linear_increase_sd","Past",2020-04-17,"cumulative_hosps",191,191,191,191,191,191,191,191
"Idaho","return_normal","Past",2020-04-17,"cumulative_hosps",191,191,191,191,191,191,191,191
"Idaho","status_quo","Past",2020-04-17,"cumulative_hosps",191,191,191,191,191,191,191,191
"Idaho","linear_increase_sd","Past",2020-04-17,"daily_all_infections",131,131,131,131,131,131,131,131
"Idaho","return_normal","Past",2020-04-17,"daily_all_infections",131,131,131,131,131,131,131,131
"Idaho","status_quo","Past",2020-04-17,"daily_all_infections",131,131,131,131,131,131,131,131
"Idaho","linear_increase_sd","Past",2020-04-17,"daily_cases",48,48,48,48,48,48,48,48
"Idaho","return_normal","Past",2020-04-17,"daily_cases",48,48,48,48,48,48,48,48
"Idaho","status_quo","Past",2020-04-17,"daily_cases",48,48,48,48,48,48,48,48
"Idaho","linear_increase_sd","Past",2020-04-17,"daily_deaths",4,4,4,4,4,4,4,4
"Idaho","return_normal","Past",2020-04-17,"daily_deaths",4,4,4,4,4,4,4,4
"Idaho","status_quo","Past",2020-04-17,"daily_deaths",4,4,4,4,4,4,4,4
"Idaho","linear_increase_sd","Past",2020-04-17,"daily_hosps",8,8,8,8,8,8,8,8
"Idaho","return_normal","Past",2020-04-17,"daily_hosps",8,8,8,8,8,8,8,8
"Idaho","status_quo","Past",2020-04-17,"daily_hosps",8,8,8,8,8,8,8,8
"Idaho","linear_increase_sd","Past",2020-04-17,"latent_trend",NA,NA,NA,0.307891508384233,NA,NA,NA,NA
"Idaho","return_normal","Past",2020-04-17,"latent_trend",NA,NA,NA,0.307891508384233,NA,NA,NA,NA
"Idaho","status_quo","Past",2020-04-17,"latent_trend",NA,NA,NA,0.307891508384233,NA,NA,NA,NA
"Idaho","linear_increase_sd","Past",2020-04-17,"mobility_trend",NA,NA,NA,0.645837479301405,NA,NA,NA,NA
"Idaho","return_normal","Past",2020-04-17,"mobility_trend",NA,NA,NA,0.645837479301405,NA,NA,NA,NA
"Idaho","status_quo","Past",2020-04-17,"mobility_trend",NA,NA,NA,0.645837479301405,NA,NA,NA,NA
"Idaho",NA,"Past",2020-04-18,"actual_cumulative_cases",NA,NA,NA,1655,NA,NA,NA,NA
"Idaho",NA,"Past",2020-04-18,"actual_cumulative_deaths",NA,NA,NA,43,NA,NA,NA,NA
"Idaho",NA,"Past",2020-04-18,"actual_daily_cases",NA,NA,NA,46,NA,NA,NA,NA
"Idaho",NA,"Past",2020-04-18,"actual_daily_deaths",NA,NA,NA,2,NA,NA,NA,NA
"Idaho","linear_increase_sd","Past",2020-04-18,"combined_trend",NA,NA,NA,0.202016351512777,NA,NA,NA,NA
"Idaho","return_normal","Past",2020-04-18,"combined_trend",NA,NA,NA,0.202016351512777,NA,NA,NA,NA
"Idaho","status_quo","Past",2020-04-18,"combined_trend",NA,NA,NA,0.202016351512777,NA,NA,NA,NA
"Idaho","linear_increase_sd","Past",2020-04-18,"cumulative_all_infections",9703,9703,9703,9703,9703,9703,9703,9703
"Idaho","return_normal","Past",2020-04-18,"cumulative_all_infections",9703,9703,9703,9703,9703,9703,9703,9703
"Idaho","status_quo","Past",2020-04-18,"cumulative_all_infections",9703,9703,9703,9703,9703,9703,9703,9703
"Idaho","linear_increase_sd","Past",2020-04-18,"cumulative_cases",1788,1788,1788,1788,1788,1788,1788,1788
"Idaho","return_normal","Past",2020-04-18,"cumulative_cases",1788,1788,1788,1788,1788,1788,1788,1788
"Idaho","status_quo","Past",2020-04-18,"cumulative_cases",1788,1788,1788,1788,1788,1788,1788,1788
"Idaho","linear_increase_sd","Past",2020-04-18,"cumulative_deaths",82,82,82,82,82,82,82,82
"Idaho","return_normal","Past",2020-04-18,"cumulative_deaths",82,82,82,82,82,82,82,82
"Idaho","status_quo","Past",2020-04-18,"cumulative_deaths",82,82,82,82,82,82,82,82
"Idaho","linear_increase_sd","Past",2020-04-18,"cumulative_hosps",199,199,199,199,199,199,199,199
"Idaho","return_normal","Past",2020-04-18,"cumulative_hosps",199,199,199,199,199,199,199,199
"Idaho","status_quo","Past",2020-04-18,"cumulative_hosps",199,199,199,199,199,199,199,199
"Idaho","linear_increase_sd","Past",2020-04-18,"daily_all_infections",124,124,124,124,124,124,124,124
"Idaho","return_normal","Past",2020-04-18,"daily_all_infections",124,124,124,124,124,124,124,124
"Idaho","status_quo","Past",2020-04-18,"daily_all_infections",124,124,124,124,124,124,124,124
"Idaho","linear_increase_sd","Past",2020-04-18,"daily_cases",46,46,46,46,46,46,46,46
"Idaho","return_normal","Past",2020-04-18,"daily_cases",46,46,46,46,46,46,46,46
"Idaho","status_quo","Past",2020-04-18,"daily_cases",46,46,46,46,46,46,46,46
"Idaho","linear_increase_sd","Past",2020-04-18,"daily_deaths",4,4,4,4,4,4,4,4
"Idaho","return_normal","Past",2020-04-18,"daily_deaths",4,4,4,4,4,4,4,4
"Idaho","status_quo","Past",2020-04-18,"daily_deaths",4,4,4,4,4,4,4,4
"Idaho","linear_increase_sd","Past",2020-04-18,"daily_hosps",8,8,8,8,8,8,8,8
"Idaho","return_normal","Past",2020-04-18,"daily_hosps",8,8,8,8,8,8,8,8
"Idaho","status_quo","Past",2020-04-18,"daily_hosps",8,8,8,8,8,8,8,8
"Idaho","linear_increase_sd","Past",2020-04-18,"latent_trend",NA,NA,NA,0.311505503180695,NA,NA,NA,NA
"Idaho","return_normal","Past",2020-04-18,"latent_trend",NA,NA,NA,0.311505503180695,NA,NA,NA,NA
"Idaho","status_quo","Past",2020-04-18,"latent_trend",NA,NA,NA,0.311505503180695,NA,NA,NA,NA
"Idaho","linear_increase_sd","Past",2020-04-18,"mobility_trend",NA,NA,NA,0.648516156055173,NA,NA,NA,NA
"Idaho","return_normal","Past",2020-04-18,"mobility_trend",NA,NA,NA,0.648516156055173,NA,NA,NA,NA
"Idaho","status_quo","Past",2020-04-18,"mobility_trend",NA,NA,NA,0.648516156055173,NA,NA,NA,NA
"Idaho",NA,"Past",2020-04-19,"actual_cumulative_cases",NA,NA,NA,1668,NA,NA,NA,NA
"Idaho",NA,"Past",2020-04-19,"actual_cumulative_deaths",NA,NA,NA,44,NA,NA,NA,NA
"Idaho",NA,"Past",2020-04-19,"actual_daily_cases",NA,NA,NA,13,NA,NA,NA,NA
"Idaho",NA,"Past",2020-04-19,"actual_daily_deaths",NA,NA,NA,1,NA,NA,NA,NA
"Idaho","linear_increase_sd","Past",2020-04-19,"combined_trend",NA,NA,NA,0.206049723814568,NA,NA,NA,NA
"Idaho","return_normal","Past",2020-04-19,"combined_trend",NA,NA,NA,0.206049723814568,NA,NA,NA,NA
"Idaho","status_quo","Past",2020-04-19,"combined_trend",NA,NA,NA,0.206049723814568,NA,NA,NA,NA
"Idaho","linear_increase_sd","Past",2020-04-19,"cumulative_all_infections",9821,9821,9821,9821,9821,9821,9821,9821
"Idaho","return_normal","Past",2020-04-19,"cumulative_all_infections",9821,9821,9821,9821,9821,9821,9821,9821
"Idaho","status_quo","Past",2020-04-19,"cumulative_all_infections",9821,9821,9821,9821,9821,9821,9821,9821
"Idaho","linear_increase_sd","Past",2020-04-19,"cumulative_cases",1833,1833,1833,1833,1833,1833,1833,1833
"Idaho","return_normal","Past",2020-04-19,"cumulative_cases",1833,1833,1833,1833,1833,1833,1833,1833
"Idaho","status_quo","Past",2020-04-19,"cumulative_cases",1833,1833,1833,1833,1833,1833,1833,1833
"Idaho","linear_increase_sd","Past",2020-04-19,"cumulative_deaths",86,86,86,86,86,86,86,86
"Idaho","return_normal","Past",2020-04-19,"cumulative_deaths",86,86,86,86,86,86,86,86
"Idaho","status_quo","Past",2020-04-19,"cumulative_deaths",86,86,86,86,86,86,86,86
"Idaho","linear_increase_sd","Past",2020-04-19,"cumulative_hosps",207,207,207,207,207,207,207,207
"Idaho","return_normal","Past",2020-04-19,"cumulative_hosps",207,207,207,207,207,207,207,207
"Idaho","status_quo","Past",2020-04-19,"cumulative_hosps",207,207,207,207,207,207,207,207
"Idaho","linear_increase_sd","Past",2020-04-19,"daily_all_infections",118,118,118,118,118,118,118,118
"Idaho","return_normal","Past",2020-04-19,"daily_all_infections",118,118,118,118,118,118,118,118
"Idaho","status_quo","Past",2020-04-19,"daily_all_infections",118,118,118,118,118,118,118,118
"Idaho","linear_increase_sd","Past",2020-04-19,"daily_cases",45,45,45,45,45,45,45,45
"Idaho","return_normal","Past",2020-04-19,"daily_cases",45,45,45,45,45,45,45,45
"Idaho","status_quo","Past",2020-04-19,"daily_cases",45,45,45,45,45,45,45,45
"Idaho","linear_increase_sd","Past",2020-04-19,"daily_deaths",4,4,4,4,4,4,4,4
"Idaho","return_normal","Past",2020-04-19,"daily_deaths",4,4,4,4,4,4,4,4
"Idaho","status_quo","Past",2020-04-19,"daily_deaths",4,4,4,4,4,4,4,4
"Idaho","linear_increase_sd","Past",2020-04-19,"daily_hosps",8,8,8,8,8,8,8,8
"Idaho","return_normal","Past",2020-04-19,"daily_hosps",8,8,8,8,8,8,8,8
"Idaho","status_quo","Past",2020-04-19,"daily_hosps",8,8,8,8,8,8,8,8
"Idaho","linear_increase_sd","Past",2020-04-19,"latent_trend",NA,NA,NA,0.316310384766746,NA,NA,NA,NA
"Idaho","return_normal","Past",2020-04-19,"latent_trend",NA,NA,NA,0.316310384766746,NA,NA,NA,NA
"Idaho","status_quo","Past",2020-04-19,"latent_trend",NA,NA,NA,0.316310384766746,NA,NA,NA,NA
"Idaho","linear_increase_sd","Past",2020-04-19,"mobility_trend",NA,NA,NA,0.651416247261415,NA,NA,NA,NA
"Idaho","return_normal","Past",2020-04-19,"mobility_trend",NA,NA,NA,0.651416247261415,NA,NA,NA,NA
"Idaho","status_quo","Past",2020-04-19,"mobility_trend",NA,NA,NA,0.651416247261415,NA,NA,NA,NA
"Idaho",NA,"Past",2020-04-20,"actual_cumulative_cases",NA,NA,NA,1672,NA,NA,NA,NA
"Idaho",NA,"Past",2020-04-20,"actual_cumulative_deaths",NA,NA,NA,45,NA,NA,NA,NA
"Idaho",NA,"Past",2020-04-20,"actual_daily_cases",NA,NA,NA,4,NA,NA,NA,NA
"Idaho",NA,"Past",2020-04-20,"actual_daily_deaths",NA,NA,NA,1,NA,NA,NA,NA
"Idaho","linear_increase_sd","Past",2020-04-20,"combined_trend",NA,NA,NA,0.21090305929917,NA,NA,NA,NA
"Idaho","return_normal","Past",2020-04-20,"combined_trend",NA,NA,NA,0.21090305929917,NA,NA,NA,NA
"Idaho","status_quo","Past",2020-04-20,"combined_trend",NA,NA,NA,0.21090305929917,NA,NA,NA,NA
"Idaho","linear_increase_sd","Past",2020-04-20,"cumulative_all_infections",9934,9934,9934,9934,9934,9934,9934,9934
"Idaho","return_normal","Past",2020-04-20,"cumulative_all_infections",9934,9934,9934,9934,9934,9934,9934,9934
"Idaho","status_quo","Past",2020-04-20,"cumulative_all_infections",9934,9934,9934,9934,9934,9934,9934,9934
"Idaho","linear_increase_sd","Past",2020-04-20,"cumulative_cases",1870,1870,1870,1870,1870,1870,1870,1870
"Idaho","return_normal","Past",2020-04-20,"cumulative_cases",1870,1870,1870,1870,1870,1870,1870,1870
"Idaho","status_quo","Past",2020-04-20,"cumulative_cases",1870,1870,1870,1870,1870,1870,1870,1870
"Idaho","linear_increase_sd","Past",2020-04-20,"cumulative_deaths",90,90,90,90,90,90,90,90
"Idaho","return_normal","Past",2020-04-20,"cumulative_deaths",90,90,90,90,90,90,90,90
"Idaho","status_quo","Past",2020-04-20,"cumulative_deaths",90,90,90,90,90,90,90,90
"Idaho","linear_increase_sd","Past",2020-04-20,"cumulative_hosps",214,214,214,214,214,214,214,214
"Idaho","return_normal","Past",2020-04-20,"cumulative_hosps",214,214,214,214,214,214,214,214
"Idaho","status_quo","Past",2020-04-20,"cumulative_hosps",214,214,214,214,214,214,214,214
"Idaho","linear_increase_sd","Past",2020-04-20,"daily_all_infections",113,113,113,113,113,113,113,113
"Idaho","return_normal","Past",2020-04-20,"daily_all_infections",113,113,113,113,113,113,113,113
"Idaho","status_quo","Past",2020-04-20,"daily_all_infections",113,113,113,113,113,113,113,113
"Idaho","linear_increase_sd","Past",2020-04-20,"daily_cases",37,37,37,37,37,37,37,37
"Idaho","return_normal","Past",2020-04-20,"daily_cases",37,37,37,37,37,37,37,37
"Idaho","status_quo","Past",2020-04-20,"daily_cases",37,37,37,37,37,37,37,37
"Idaho","linear_increase_sd","Past",2020-04-20,"daily_deaths",4,4,4,4,4,4,4,4
"Idaho","return_normal","Past",2020-04-20,"daily_deaths",4,4,4,4,4,4,4,4
"Idaho","status_quo","Past",2020-04-20,"daily_deaths",4,4,4,4,4,4,4,4
"Idaho","linear_increase_sd","Past",2020-04-20,"daily_hosps",7,7,7,7,7,7,7,7
"Idaho","return_normal","Past",2020-04-20,"daily_hosps",7,7,7,7,7,7,7,7
"Idaho","status_quo","Past",2020-04-20,"daily_hosps",7,7,7,7,7,7,7,7
"Idaho","linear_increase_sd","Past",2020-04-20,"latent_trend",NA,NA,NA,0.322200436540312,NA,NA,NA,NA
"Idaho","return_normal","Past",2020-04-20,"latent_trend",NA,NA,NA,0.322200436540312,NA,NA,NA,NA
"Idaho","status_quo","Past",2020-04-20,"latent_trend",NA,NA,NA,0.322200436540312,NA,NA,NA,NA
"Idaho","linear_increase_sd","Past",2020-04-20,"mobility_trend",NA,NA,NA,0.654570991783192,NA,NA,NA,NA
"Idaho","return_normal","Past",2020-04-20,"mobility_trend",NA,NA,NA,0.654570991783192,NA,NA,NA,NA
"Idaho","status_quo","Past",2020-04-20,"mobility_trend",NA,NA,NA,0.654570991783192,NA,NA,NA,NA
"Idaho",NA,"Past",2020-04-21,"actual_cumulative_cases",NA,NA,NA,1736,NA,NA,NA,NA
"Idaho",NA,"Past",2020-04-21,"actual_cumulative_deaths",NA,NA,NA,48,NA,NA,NA,NA
"Idaho",NA,"Past",2020-04-21,"actual_daily_cases",NA,NA,NA,64,NA,NA,NA,NA
"Idaho",NA,"Past",2020-04-21,"actual_daily_deaths",NA,NA,NA,3,NA,NA,NA,NA
"Idaho","linear_increase_sd","Past",2020-04-21,"combined_trend",NA,NA,NA,0.216533414580881,NA,NA,NA,NA
"Idaho","return_normal","Past",2020-04-21,"combined_trend",NA,NA,NA,0.216533414580881,NA,NA,NA,NA
"Idaho","status_quo","Past",2020-04-21,"combined_trend",NA,NA,NA,0.216533414580881,NA,NA,NA,NA
"Idaho","linear_increase_sd","Past",2020-04-21,"cumulative_all_infections",10043,10043,10043,10043,10043,10043,10043,10043
"Idaho","return_normal","Past",2020-04-21,"cumulative_all_infections",10043,10043,10043,10043,10043,10043,10043,10043
"Idaho","status_quo","Past",2020-04-21,"cumulative_all_infections",10043,10043,10043,10043,10043,10043,10043,10043
"Idaho","linear_increase_sd","Past",2020-04-21,"cumulative_cases",1916,1916,1916,1916,1916,1916,1916,1916
"Idaho","return_normal","Past",2020-04-21,"cumulative_cases",1916,1916,1916,1916,1916,1916,1916,1916
"Idaho","status_quo","Past",2020-04-21,"cumulative_cases",1916,1916,1916,1916,1916,1916,1916,1916
"Idaho","linear_increase_sd","Past",2020-04-21,"cumulative_deaths",93,93,93,93,93,93,93,93
"Idaho","return_normal","Past",2020-04-21,"cumulative_deaths",93,93,93,93,93,93,93,93
"Idaho","status_quo","Past",2020-04-21,"cumulative_deaths",93,93,93,93,93,93,93,93
"Idaho","linear_increase_sd","Past",2020-04-21,"cumulative_hosps",221,221,221,221,221,221,221,221
"Idaho","return_normal","Past",2020-04-21,"cumulative_hosps",221,221,221,221,221,221,221,221
"Idaho","status_quo","Past",2020-04-21,"cumulative_hosps",221,221,221,221,221,221,221,221
"Idaho","linear_increase_sd","Past",2020-04-21,"daily_all_infections",109,109,109,109,109,109,109,109
"Idaho","return_normal","Past",2020-04-21,"daily_all_infections",109,109,109,109,109,109,109,109
"Idaho","status_quo","Past",2020-04-21,"daily_all_infections",109,109,109,109,109,109,109,109
"Idaho","linear_increase_sd","Past",2020-04-21,"daily_cases",46,46,46,46,46,46,46,46
"Idaho","return_normal","Past",2020-04-21,"daily_cases",46,46,46,46,46,46,46,46
"Idaho","status_quo","Past",2020-04-21,"daily_cases",46,46,46,46,46,46,46,46
"Idaho","linear_increase_sd","Past",2020-04-21,"daily_deaths",3,3,3,3,3,3,3,3
"Idaho","return_normal","Past",2020-04-21,"daily_deaths",3,3,3,3,3,3,3,3
"Idaho","status_quo","Past",2020-04-21,"daily_deaths",3,3,3,3,3,3,3,3
"Idaho","linear_increase_sd","Past",2020-04-21,"daily_hosps",7,7,7,7,7,7,7,7
"Idaho","return_normal","Past",2020-04-21,"daily_hosps",7,7,7,7,7,7,7,7
"Idaho","status_quo","Past",2020-04-21,"daily_hosps",7,7,7,7,7,7,7,7
"Idaho","linear_increase_sd","Past",2020-04-21,"latent_trend",NA,NA,NA,0.329069462943637,NA,NA,NA,NA
"Idaho","return_normal","Past",2020-04-21,"latent_trend",NA,NA,NA,0.329069462943637,NA,NA,NA,NA
"Idaho","status_quo","Past",2020-04-21,"latent_trend",NA,NA,NA,0.329069462943637,NA,NA,NA,NA
"Idaho","linear_increase_sd","Past",2020-04-21,"mobility_trend",NA,NA,NA,0.65801734577228,NA,NA,NA,NA
"Idaho","return_normal","Past",2020-04-21,"mobility_trend",NA,NA,NA,0.65801734577228,NA,NA,NA,NA
"Idaho","status_quo","Past",2020-04-21,"mobility_trend",NA,NA,NA,0.65801734577228,NA,NA,NA,NA
"Idaho",NA,"Past",2020-04-22,"actual_cumulative_cases",NA,NA,NA,1766,NA,NA,NA,NA
"Idaho",NA,"Past",2020-04-22,"actual_cumulative_deaths",NA,NA,NA,51,NA,NA,NA,NA
"Idaho",NA,"Past",2020-04-22,"actual_daily_cases",NA,NA,NA,30,NA,NA,NA,NA
"Idaho",NA,"Past",2020-04-22,"actual_daily_deaths",NA,NA,NA,3,NA,NA,NA,NA
"Idaho","linear_increase_sd","Past",2020-04-22,"combined_trend",NA,NA,NA,0.222902125905195,NA,NA,NA,NA
"Idaho","return_normal","Past",2020-04-22,"combined_trend",NA,NA,NA,0.222902125905195,NA,NA,NA,NA
"Idaho","status_quo","Past",2020-04-22,"combined_trend",NA,NA,NA,0.222902125905195,NA,NA,NA,NA
"Idaho","linear_increase_sd","Past",2020-04-22,"cumulative_all_infections",10149,10149,10149,10149,10149,10149,10149,10149
"Idaho","return_normal","Past",2020-04-22,"cumulative_all_infections",10149,10149,10149,10149,10149,10149,10149,10149
"Idaho","status_quo","Past",2020-04-22,"cumulative_all_infections",10149,10149,10149,10149,10149,10149,10149,10149
"Idaho","linear_increase_sd","Past",2020-04-22,"cumulative_cases",1955,1955,1955,1955,1955,1955,1955,1955
"Idaho","return_normal","Past",2020-04-22,"cumulative_cases",1955,1955,1955,1955,1955,1955,1955,1955
"Idaho","status_quo","Past",2020-04-22,"cumulative_cases",1955,1955,1955,1955,1955,1955,1955,1955
"Idaho","linear_increase_sd","Past",2020-04-22,"cumulative_deaths",96,96,96,96,96,96,96,96
"Idaho","return_normal","Past",2020-04-22,"cumulative_deaths",96,96,96,96,96,96,96,96
"Idaho","status_quo","Past",2020-04-22,"cumulative_deaths",96,96,96,96,96,96,96,96
"Idaho","linear_increase_sd","Past",2020-04-22,"cumulative_hosps",227,227,227,227,227,227,227,227
"Idaho","return_normal","Past",2020-04-22,"cumulative_hosps",227,227,227,227,227,227,227,227
"Idaho","status_quo","Past",2020-04-22,"cumulative_hosps",227,227,227,227,227,227,227,227
"Idaho","linear_increase_sd","Past",2020-04-22,"daily_all_infections",106,106,106,106,106,106,106,106
"Idaho","return_normal","Past",2020-04-22,"daily_all_infections",106,106,106,106,106,106,106,106
"Idaho","status_quo","Past",2020-04-22,"daily_all_infections",106,106,106,106,106,106,106,106
"Idaho","linear_increase_sd","Past",2020-04-22,"daily_cases",39,39,39,39,39,39,39,39
"Idaho","return_normal","Past",2020-04-22,"daily_cases",39,39,39,39,39,39,39,39
"Idaho","status_quo","Past",2020-04-22,"daily_cases",39,39,39,39,39,39,39,39
"Idaho","linear_increase_sd","Past",2020-04-22,"daily_deaths",3,3,3,3,3,3,3,3
"Idaho","return_normal","Past",2020-04-22,"daily_deaths",3,3,3,3,3,3,3,3
"Idaho","status_quo","Past",2020-04-22,"daily_deaths",3,3,3,3,3,3,3,3
"Idaho","linear_increase_sd","Past",2020-04-22,"daily_hosps",6,6,6,6,6,6,6,6
"Idaho","return_normal","Past",2020-04-22,"daily_hosps",6,6,6,6,6,6,6,6
"Idaho","status_quo","Past",2020-04-22,"daily_hosps",6,6,6,6,6,6,6,6
"Idaho","linear_increase_sd","Past",2020-04-22,"latent_trend",NA,NA,NA,0.336808284881528,NA,NA,NA,NA
"Idaho","return_normal","Past",2020-04-22,"latent_trend",NA,NA,NA,0.336808284881528,NA,NA,NA,NA
"Idaho","status_quo","Past",2020-04-22,"latent_trend",NA,NA,NA,0.336808284881528,NA,NA,NA,NA
"Idaho","linear_increase_sd","Past",2020-04-22,"mobility_trend",NA,NA,NA,0.661807134535306,NA,NA,NA,NA
"Idaho","return_normal","Past",2020-04-22,"mobility_trend",NA,NA,NA,0.661807134535306,NA,NA,NA,NA
"Idaho","status_quo","Past",2020-04-22,"mobility_trend",NA,NA,NA,0.661807134535306,NA,NA,NA,NA
"Idaho",NA,"Past",2020-04-23,"actual_cumulative_cases",NA,NA,NA,1802,NA,NA,NA,NA
"Idaho",NA,"Past",2020-04-23,"actual_cumulative_deaths",NA,NA,NA,54,NA,NA,NA,NA
"Idaho",NA,"Past",2020-04-23,"actual_daily_cases",NA,NA,NA,36,NA,NA,NA,NA
"Idaho",NA,"Past",2020-04-23,"actual_daily_deaths",NA,NA,NA,3,NA,NA,NA,NA
"Idaho","linear_increase_sd","Past",2020-04-23,"combined_trend",NA,NA,NA,0.229970190160967,NA,NA,NA,NA
"Idaho","return_normal","Past",2020-04-23,"combined_trend",NA,NA,NA,0.229970190160967,NA,NA,NA,NA
"Idaho","status_quo","Past",2020-04-23,"combined_trend",NA,NA,NA,0.229970190160967,NA,NA,NA,NA
"Idaho","linear_increase_sd","Past",2020-04-23,"cumulative_all_infections",10251,10251,10251,10251,10251,10251,10251,10251
"Idaho","return_normal","Past",2020-04-23,"cumulative_all_infections",10251,10251,10251,10251,10251,10251,10251,10251
"Idaho","status_quo","Past",2020-04-23,"cumulative_all_infections",10251,10251,10251,10251,10251,10251,10251,10251
"Idaho","linear_increase_sd","Past",2020-04-23,"cumulative_cases",1991,1991,1991,1991,1991,1991,1991,1991
"Idaho","return_normal","Past",2020-04-23,"cumulative_cases",1991,1991,1991,1991,1991,1991,1991,1991
"Idaho","status_quo","Past",2020-04-23,"cumulative_cases",1991,1991,1991,1991,1991,1991,1991,1991
"Idaho","linear_increase_sd","Past",2020-04-23,"cumulative_deaths",99,99,99,99,99,99,99,99
"Idaho","return_normal","Past",2020-04-23,"cumulative_deaths",99,99,99,99,99,99,99,99
"Idaho","status_quo","Past",2020-04-23,"cumulative_deaths",99,99,99,99,99,99,99,99
"Idaho","linear_increase_sd","Past",2020-04-23,"cumulative_hosps",233,233,233,233,233,233,233,233
"Idaho","return_normal","Past",2020-04-23,"cumulative_hosps",233,233,233,233,233,233,233,233
"Idaho","status_quo","Past",2020-04-23,"cumulative_hosps",233,233,233,233,233,233,233,233
"Idaho","linear_increase_sd","Past",2020-04-23,"daily_all_infections",102,102,102,102,102,102,102,102
"Idaho","return_normal","Past",2020-04-23,"daily_all_infections",102,102,102,102,102,102,102,102
"Idaho","status_quo","Past",2020-04-23,"daily_all_infections",102,102,102,102,102,102,102,102
"Idaho","linear_increase_sd","Past",2020-04-23,"daily_cases",36,36,36,36,36,36,36,36
"Idaho","return_normal","Past",2020-04-23,"daily_cases",36,36,36,36,36,36,36,36
"Idaho","status_quo","Past",2020-04-23,"daily_cases",36,36,36,36,36,36,36,36
"Idaho","linear_increase_sd","Past",2020-04-23,"daily_deaths",3,3,3,3,3,3,3,3
"Idaho","return_normal","Past",2020-04-23,"daily_deaths",3,3,3,3,3,3,3,3
"Idaho","status_quo","Past",2020-04-23,"daily_deaths",3,3,3,3,3,3,3,3
"Idaho","linear_increase_sd","Past",2020-04-23,"daily_hosps",6,6,6,6,6,6,6,6
"Idaho","return_normal","Past",2020-04-23,"daily_hosps",6,6,6,6,6,6,6,6
"Idaho","status_quo","Past",2020-04-23,"daily_hosps",6,6,6,6,6,6,6,6
"Idaho","linear_increase_sd","Past",2020-04-23,"latent_trend",NA,NA,NA,0.34530271121855,NA,NA,NA,NA
"Idaho","return_normal","Past",2020-04-23,"latent_trend",NA,NA,NA,0.34530271121855,NA,NA,NA,NA
"Idaho","status_quo","Past",2020-04-23,"latent_trend",NA,NA,NA,0.34530271121855,NA,NA,NA,NA
"Idaho","linear_increase_sd","Past",2020-04-23,"mobility_trend",NA,NA,NA,0.665995900667613,NA,NA,NA,NA
"Idaho","return_normal","Past",2020-04-23,"mobility_trend",NA,NA,NA,0.665995900667613,NA,NA,NA,NA
"Idaho","status_quo","Past",2020-04-23,"mobility_trend",NA,NA,NA,0.665995900667613,NA,NA,NA,NA
"Idaho",NA,"Past",2020-04-24,"actual_cumulative_cases",NA,NA,NA,1836,NA,NA,NA,NA
"Idaho",NA,"Past",2020-04-24,"actual_cumulative_deaths",NA,NA,NA,54,NA,NA,NA,NA
"Idaho",NA,"Past",2020-04-24,"actual_daily_cases",NA,NA,NA,34,NA,NA,NA,NA
"Idaho",NA,"Past",2020-04-24,"actual_daily_deaths",NA,NA,NA,0,NA,NA,NA,NA
"Idaho","linear_increase_sd","Past",2020-04-24,"combined_trend",NA,NA,NA,0.237696011198683,NA,NA,NA,NA
"Idaho","return_normal","Past",2020-04-24,"combined_trend",NA,NA,NA,0.237696011198683,NA,NA,NA,NA
"Idaho","status_quo","Past",2020-04-24,"combined_trend",NA,NA,NA,0.237696011198683,NA,NA,NA,NA
"Idaho","linear_increase_sd","Past",2020-04-24,"cumulative_all_infections",10349,10349,10349,10349,10349,10349,10349,10349
"Idaho","return_normal","Past",2020-04-24,"cumulative_all_infections",10349,10349,10349,10349,10349,10349,10349,10349
"Idaho","status_quo","Past",2020-04-24,"cumulative_all_infections",10349,10349,10349,10349,10349,10349,10349,10349
"Idaho","linear_increase_sd","Past",2020-04-24,"cumulative_cases",2026,2026,2026,2026,2026,2026,2026,2026
"Idaho","return_normal","Past",2020-04-24,"cumulative_cases",2026,2026,2026,2026,2026,2026,2026,2026
"Idaho","status_quo","Past",2020-04-24,"cumulative_cases",2026,2026,2026,2026,2026,2026,2026,2026
"Idaho","linear_increase_sd","Past",2020-04-24,"cumulative_deaths",102,102,102,102,102,102,102,102
"Idaho","return_normal","Past",2020-04-24,"cumulative_deaths",102,102,102,102,102,102,102,102
"Idaho","status_quo","Past",2020-04-24,"cumulative_deaths",102,102,102,102,102,102,102,102
"Idaho","linear_increase_sd","Past",2020-04-24,"cumulative_hosps",239,239,239,239,239,239,239,239
"Idaho","return_normal","Past",2020-04-24,"cumulative_hosps",239,239,239,239,239,239,239,239
"Idaho","status_quo","Past",2020-04-24,"cumulative_hosps",239,239,239,239,239,239,239,239
"Idaho","linear_increase_sd","Past",2020-04-24,"daily_all_infections",98,98,98,98,98,98,98,98
"Idaho","return_normal","Past",2020-04-24,"daily_all_infections",98,98,98,98,98,98,98,98
"Idaho","status_quo","Past",2020-04-24,"daily_all_infections",98,98,98,98,98,98,98,98
"Idaho","linear_increase_sd","Past",2020-04-24,"daily_cases",35,35,35,35,35,35,35,35
"Idaho","return_normal","Past",2020-04-24,"daily_cases",35,35,35,35,35,35,35,35
"Idaho","status_quo","Past",2020-04-24,"daily_cases",35,35,35,35,35,35,35,35
"Idaho","linear_increase_sd","Past",2020-04-24,"daily_deaths",3,3,3,3,3,3,3,3
"Idaho","return_normal","Past",2020-04-24,"daily_deaths",3,3,3,3,3,3,3,3
"Idaho","status_quo","Past",2020-04-24,"daily_deaths",3,3,3,3,3,3,3,3
"Idaho","linear_increase_sd","Past",2020-04-24,"daily_hosps",6,6,6,6,6,6,6,6
"Idaho","return_normal","Past",2020-04-24,"daily_hosps",6,6,6,6,6,6,6,6
"Idaho","status_quo","Past",2020-04-24,"daily_hosps",6,6,6,6,6,6,6,6
"Idaho","linear_increase_sd","Past",2020-04-24,"latent_trend",NA,NA,NA,0.354432034229064,NA,NA,NA,NA
"Idaho","return_normal","Past",2020-04-24,"latent_trend",NA,NA,NA,0.354432034229064,NA,NA,NA,NA
"Idaho","status_quo","Past",2020-04-24,"latent_trend",NA,NA,NA,0.354432034229064,NA,NA,NA,NA
"Idaho","linear_increase_sd","Past",2020-04-24,"mobility_trend",NA,NA,NA,0.670639186764545,NA,NA,NA,NA
"Idaho","return_normal","Past",2020-04-24,"mobility_trend",NA,NA,NA,0.670639186764545,NA,NA,NA,NA
"Idaho","status_quo","Past",2020-04-24,"mobility_trend",NA,NA,NA,0.670639186764545,NA,NA,NA,NA
"Idaho",NA,"Past",2020-04-25,"actual_cumulative_cases",NA,NA,NA,1870,NA,NA,NA,NA
"Idaho",NA,"Past",2020-04-25,"actual_cumulative_deaths",NA,NA,NA,54,NA,NA,NA,NA
"Idaho",NA,"Past",2020-04-25,"actual_daily_cases",NA,NA,NA,34,NA,NA,NA,NA
"Idaho",NA,"Past",2020-04-25,"actual_daily_deaths",NA,NA,NA,0,NA,NA,NA,NA
"Idaho","linear_increase_sd","Past",2020-04-25,"combined_trend",NA,NA,NA,0.246030979785351,NA,NA,NA,NA
"Idaho","return_normal","Past",2020-04-25,"combined_trend",NA,NA,NA,0.246030979785351,NA,NA,NA,NA
"Idaho","status_quo","Past",2020-04-25,"combined_trend",NA,NA,NA,0.246030979785351,NA,NA,NA,NA
"Idaho","linear_increase_sd","Past",2020-04-25,"cumulative_all_infections",10446,10446,10446,10446,10446,10446,10446,10446
"Idaho","return_normal","Past",2020-04-25,"cumulative_all_infections",10446,10446,10446,10446,10446,10446,10446,10446
"Idaho","status_quo","Past",2020-04-25,"cumulative_all_infections",10446,10446,10446,10446,10446,10446,10446,10446
"Idaho","linear_increase_sd","Past",2020-04-25,"cumulative_cases",2062,2062,2062,2062,2062,2062,2062,2062
"Idaho","return_normal","Past",2020-04-25,"cumulative_cases",2062,2062,2062,2062,2062,2062,2062,2062
"Idaho","status_quo","Past",2020-04-25,"cumulative_cases",2062,2062,2062,2062,2062,2062,2062,2062
"Idaho","linear_increase_sd","Past",2020-04-25,"cumulative_deaths",105,105,105,105,105,105,105,105
"Idaho","return_normal","Past",2020-04-25,"cumulative_deaths",105,105,105,105,105,105,105,105
"Idaho","status_quo","Past",2020-04-25,"cumulative_deaths",105,105,105,105,105,105,105,105
"Idaho","linear_increase_sd","Past",2020-04-25,"cumulative_hosps",245,245,245,245,245,245,245,245
"Idaho","return_normal","Past",2020-04-25,"cumulative_hosps",245,245,245,245,245,245,245,245
"Idaho","status_quo","Past",2020-04-25,"cumulative_hosps",245,245,245,245,245,245,245,245
"Idaho","linear_increase_sd","Past",2020-04-25,"daily_all_infections",97,97,97,97,97,97,97,97
"Idaho","return_normal","Past",2020-04-25,"daily_all_infections",97,97,97,97,97,97,97,97
"Idaho","status_quo","Past",2020-04-25,"daily_all_infections",97,97,97,97,97,97,97,97
"Idaho","linear_increase_sd","Past",2020-04-25,"daily_cases",36,36,36,36,36,36,36,36
"Idaho","return_normal","Past",2020-04-25,"daily_cases",36,36,36,36,36,36,36,36
"Idaho","status_quo","Past",2020-04-25,"daily_cases",36,36,36,36,36,36,36,36
"Idaho","linear_increase_sd","Past",2020-04-25,"daily_deaths",3,3,3,3,3,3,3,3
"Idaho","return_normal","Past",2020-04-25,"daily_deaths",3,3,3,3,3,3,3,3
"Idaho","status_quo","Past",2020-04-25,"daily_deaths",3,3,3,3,3,3,3,3
"Idaho","linear_increase_sd","Past",2020-04-25,"daily_hosps",6,6,6,6,6,6,6,6
"Idaho","return_normal","Past",2020-04-25,"daily_hosps",6,6,6,6,6,6,6,6
"Idaho","status_quo","Past",2020-04-25,"daily_hosps",6,6,6,6,6,6,6,6
"Idaho","linear_increase_sd","Past",2020-04-25,"latent_trend",NA,NA,NA,0.364068079558751,NA,NA,NA,NA
"Idaho","return_normal","Past",2020-04-25,"latent_trend",NA,NA,NA,0.364068079558751,NA,NA,NA,NA
"Idaho","status_quo","Past",2020-04-25,"latent_trend",NA,NA,NA,0.364068079558751,NA,NA,NA,NA
"Idaho","linear_increase_sd","Past",2020-04-25,"mobility_trend",NA,NA,NA,0.67578289226438,NA,NA,NA,NA
"Idaho","return_normal","Past",2020-04-25,"mobility_trend",NA,NA,NA,0.67578289226438,NA,NA,NA,NA
"Idaho","status_quo","Past",2020-04-25,"mobility_trend",NA,NA,NA,0.67578289226438,NA,NA,NA,NA
"Idaho",NA,"Past",2020-04-26,"actual_cumulative_cases",NA,NA,NA,1887,NA,NA,NA,NA
"Idaho",NA,"Past",2020-04-26,"actual_cumulative_deaths",NA,NA,NA,56,NA,NA,NA,NA
"Idaho",NA,"Past",2020-04-26,"actual_daily_cases",NA,NA,NA,17,NA,NA,NA,NA
"Idaho",NA,"Past",2020-04-26,"actual_daily_deaths",NA,NA,NA,2,NA,NA,NA,NA
"Idaho","linear_increase_sd","Past",2020-04-26,"combined_trend",NA,NA,NA,0.254907428162686,NA,NA,NA,NA
"Idaho","return_normal","Past",2020-04-26,"combined_trend",NA,NA,NA,0.254907428162686,NA,NA,NA,NA
"Idaho","status_quo","Past",2020-04-26,"combined_trend",NA,NA,NA,0.254907428162686,NA,NA,NA,NA
"Idaho","linear_increase_sd","Past",2020-04-26,"cumulative_all_infections",10541,10541,10541,10541,10541,10541,10541,10541
"Idaho","return_normal","Past",2020-04-26,"cumulative_all_infections",10541,10541,10541,10541,10541,10541,10541,10541
"Idaho","status_quo","Past",2020-04-26,"cumulative_all_infections",10541,10541,10541,10541,10541,10541,10541,10541
"Idaho","linear_increase_sd","Past",2020-04-26,"cumulative_cases",2096,2096,2096,2096,2096,2096,2096,2096
"Idaho","return_normal","Past",2020-04-26,"cumulative_cases",2096,2096,2096,2096,2096,2096,2096,2096
"Idaho","status_quo","Past",2020-04-26,"cumulative_cases",2096,2096,2096,2096,2096,2096,2096,2096
"Idaho","linear_increase_sd","Past",2020-04-26,"cumulative_deaths",108,108,108,108,108,108,108,108
"Idaho","return_normal","Past",2020-04-26,"cumulative_deaths",108,108,108,108,108,108,108,108
"Idaho","status_quo","Past",2020-04-26,"cumulative_deaths",108,108,108,108,108,108,108,108
"Idaho","linear_increase_sd","Past",2020-04-26,"cumulative_hosps",250,250,250,250,250,250,250,250
"Idaho","return_normal","Past",2020-04-26,"cumulative_hosps",250,250,250,250,250,250,250,250
"Idaho","status_quo","Past",2020-04-26,"cumulative_hosps",250,250,250,250,250,250,250,250
"Idaho","linear_increase_sd","Past",2020-04-26,"daily_all_infections",95,95,95,95,95,95,95,95
"Idaho","return_normal","Past",2020-04-26,"daily_all_infections",95,95,95,95,95,95,95,95
"Idaho","status_quo","Past",2020-04-26,"daily_all_infections",95,95,95,95,95,95,95,95
"Idaho","linear_increase_sd","Past",2020-04-26,"daily_cases",34,34,34,34,34,34,34,34
"Idaho","return_normal","Past",2020-04-26,"daily_cases",34,34,34,34,34,34,34,34
"Idaho","status_quo","Past",2020-04-26,"daily_cases",34,34,34,34,34,34,34,34
"Idaho","linear_increase_sd","Past",2020-04-26,"daily_deaths",3,3,3,3,3,3,3,3
"Idaho","return_normal","Past",2020-04-26,"daily_deaths",3,3,3,3,3,3,3,3
"Idaho","status_quo","Past",2020-04-26,"daily_deaths",3,3,3,3,3,3,3,3
"Idaho","linear_increase_sd","Past",2020-04-26,"daily_hosps",5,5,5,5,5,5,5,5
"Idaho","return_normal","Past",2020-04-26,"daily_hosps",5,5,5,5,5,5,5,5
"Idaho","status_quo","Past",2020-04-26,"daily_hosps",5,5,5,5,5,5,5,5
"Idaho","linear_increase_sd","Past",2020-04-26,"latent_trend",NA,NA,NA,0.374074817942009,NA,NA,NA,NA
"Idaho","return_normal","Past",2020-04-26,"latent_trend",NA,NA,NA,0.374074817942009,NA,NA,NA,NA
"Idaho","status_quo","Past",2020-04-26,"latent_trend",NA,NA,NA,0.374074817942009,NA,NA,NA,NA
"Idaho","linear_increase_sd","Past",2020-04-26,"mobility_trend",NA,NA,NA,0.681434343977153,NA,NA,NA,NA
"Idaho","return_normal","Past",2020-04-26,"mobility_trend",NA,NA,NA,0.681434343977153,NA,NA,NA,NA
"Idaho","status_quo","Past",2020-04-26,"mobility_trend",NA,NA,NA,0.681434343977153,NA,NA,NA,NA
"Idaho",NA,"Past",2020-04-27,"actual_cumulative_cases",NA,NA,NA,1897,NA,NA,NA,NA
"Idaho",NA,"Past",2020-04-27,"actual_cumulative_deaths",NA,NA,NA,56,NA,NA,NA,NA
"Idaho",NA,"Past",2020-04-27,"actual_daily_cases",NA,NA,NA,10,NA,NA,NA,NA
"Idaho",NA,"Past",2020-04-27,"actual_daily_deaths",NA,NA,NA,0,NA,NA,NA,NA
"Idaho","linear_increase_sd","Past",2020-04-27,"combined_trend",NA,NA,NA,0.264247164224466,NA,NA,NA,NA
"Idaho","return_normal","Past",2020-04-27,"combined_trend",NA,NA,NA,0.264247164224466,NA,NA,NA,NA
"Idaho","status_quo","Past",2020-04-27,"combined_trend",NA,NA,NA,0.264247164224466,NA,NA,NA,NA
"Idaho","linear_increase_sd","Past",2020-04-27,"cumulative_all_infections",10635,10635,10635,10635,10635,10635,10635,10635
"Idaho","return_normal","Past",2020-04-27,"cumulative_all_infections",10635,10635,10635,10635,10635,10635,10635,10635
"Idaho","status_quo","Past",2020-04-27,"cumulative_all_infections",10635,10635,10635,10635,10635,10635,10635,10635
"Idaho","linear_increase_sd","Past",2020-04-27,"cumulative_cases",2124,2124,2124,2124,2124,2124,2124,2124
"Idaho","return_normal","Past",2020-04-27,"cumulative_cases",2124,2124,2124,2124,2124,2124,2124,2124
"Idaho","status_quo","Past",2020-04-27,"cumulative_cases",2124,2124,2124,2124,2124,2124,2124,2124
"Idaho","linear_increase_sd","Past",2020-04-27,"cumulative_deaths",111,111,111,111,111,111,111,111
"Idaho","return_normal","Past",2020-04-27,"cumulative_deaths",111,111,111,111,111,111,111,111
"Idaho","status_quo","Past",2020-04-27,"cumulative_deaths",111,111,111,111,111,111,111,111
"Idaho","linear_increase_sd","Past",2020-04-27,"cumulative_hosps",255,255,255,255,255,255,255,255
"Idaho","return_normal","Past",2020-04-27,"cumulative_hosps",255,255,255,255,255,255,255,255
"Idaho","status_quo","Past",2020-04-27,"cumulative_hosps",255,255,255,255,255,255,255,255
"Idaho","linear_increase_sd","Past",2020-04-27,"daily_all_infections",94,94,94,94,94,94,94,94
"Idaho","return_normal","Past",2020-04-27,"daily_all_infections",94,94,94,94,94,94,94,94
"Idaho","status_quo","Past",2020-04-27,"daily_all_infections",94,94,94,94,94,94,94,94
"Idaho","linear_increase_sd","Past",2020-04-27,"daily_cases",28,28,28,28,28,28,28,28
"Idaho","return_normal","Past",2020-04-27,"daily_cases",28,28,28,28,28,28,28,28
"Idaho","status_quo","Past",2020-04-27,"daily_cases",28,28,28,28,28,28,28,28
"Idaho","linear_increase_sd","Past",2020-04-27,"daily_deaths",3,3,3,3,3,3,3,3
"Idaho","return_normal","Past",2020-04-27,"daily_deaths",3,3,3,3,3,3,3,3
"Idaho","status_quo","Past",2020-04-27,"daily_deaths",3,3,3,3,3,3,3,3
"Idaho","linear_increase_sd","Past",2020-04-27,"daily_hosps",5,5,5,5,5,5,5,5
"Idaho","return_normal","Past",2020-04-27,"daily_hosps",5,5,5,5,5,5,5,5
"Idaho","status_quo","Past",2020-04-27,"daily_hosps",5,5,5,5,5,5,5,5
"Idaho","linear_increase_sd","Past",2020-04-27,"latent_trend",NA,NA,NA,0.384308517042017,NA,NA,NA,NA
"Idaho","return_normal","Past",2020-04-27,"latent_trend",NA,NA,NA,0.384308517042017,NA,NA,NA,NA
"Idaho","status_quo","Past",2020-04-27,"latent_trend",NA,NA,NA,0.384308517042017,NA,NA,NA,NA
"Idaho","linear_increase_sd","Past",2020-04-27,"mobility_trend",NA,NA,NA,0.687591225555833,NA,NA,NA,NA
"Idaho","return_normal","Past",2020-04-27,"mobility_trend",NA,NA,NA,0.687591225555833,NA,NA,NA,NA
"Idaho","status_quo","Past",2020-04-27,"mobility_trend",NA,NA,NA,0.687591225555833,NA,NA,NA,NA
"Idaho",NA,"Past",2020-04-28,"actual_cumulative_cases",NA,NA,NA,1917,NA,NA,NA,NA
"Idaho",NA,"Past",2020-04-28,"actual_cumulative_deaths",NA,NA,NA,58,NA,NA,NA,NA
"Idaho",NA,"Past",2020-04-28,"actual_daily_cases",NA,NA,NA,20,NA,NA,NA,NA
"Idaho",NA,"Past",2020-04-28,"actual_daily_deaths",NA,NA,NA,2,NA,NA,NA,NA
"Idaho","linear_increase_sd","Past",2020-04-28,"combined_trend",NA,NA,NA,0.273963536082225,NA,NA,NA,NA
"Idaho","return_normal","Past",2020-04-28,"combined_trend",NA,NA,NA,0.273963536082225,NA,NA,NA,NA
"Idaho","status_quo","Past",2020-04-28,"combined_trend",NA,NA,NA,0.273963536082225,NA,NA,NA,NA
"Idaho","linear_increase_sd","Past",2020-04-28,"cumulative_all_infections",10728,10728,10728,10728,10728,10728,10728,10728
"Idaho","return_normal","Past",2020-04-28,"cumulative_all_infections",10728,10728,10728,10728,10728,10728,10728,10728
"Idaho","status_quo","Past",2020-04-28,"cumulative_all_infections",10728,10728,10728,10728,10728,10728,10728,10728
"Idaho","linear_increase_sd","Past",2020-04-28,"cumulative_cases",2155,2155,2155,2155,2155,2155,2155,2155
"Idaho","return_normal","Past",2020-04-28,"cumulative_cases",2155,2155,2155,2155,2155,2155,2155,2155
"Idaho","status_quo","Past",2020-04-28,"cumulative_cases",2155,2155,2155,2155,2155,2155,2155,2155
"Idaho","linear_increase_sd","Past",2020-04-28,"cumulative_deaths",114,114,114,114,114,114,114,114
"Idaho","return_normal","Past",2020-04-28,"cumulative_deaths",114,114,114,114,114,114,114,114
"Idaho","status_quo","Past",2020-04-28,"cumulative_deaths",114,114,114,114,114,114,114,114
"Idaho","linear_increase_sd","Past",2020-04-28,"cumulative_hosps",260,260,260,260,260,260,260,260
"Idaho","return_normal","Past",2020-04-28,"cumulative_hosps",260,260,260,260,260,260,260,260
"Idaho","status_quo","Past",2020-04-28,"cumulative_hosps",260,260,260,260,260,260,260,260
"Idaho","linear_increase_sd","Past",2020-04-28,"daily_all_infections",93,93,93,93,93,93,93,93
"Idaho","return_normal","Past",2020-04-28,"daily_all_infections",93,93,93,93,93,93,93,93
"Idaho","status_quo","Past",2020-04-28,"daily_all_infections",93,93,93,93,93,93,93,93
"Idaho","linear_increase_sd","Past",2020-04-28,"daily_cases",31,31,31,31,31,31,31,31
"Idaho","return_normal","Past",2020-04-28,"daily_cases",31,31,31,31,31,31,31,31
"Idaho","status_quo","Past",2020-04-28,"daily_cases",31,31,31,31,31,31,31,31
"Idaho","linear_increase_sd","Past",2020-04-28,"daily_deaths",3,3,3,3,3,3,3,3
"Idaho","return_normal","Past",2020-04-28,"daily_deaths",3,3,3,3,3,3,3,3
"Idaho","status_quo","Past",2020-04-28,"daily_deaths",3,3,3,3,3,3,3,3
"Idaho","linear_increase_sd","Past",2020-04-28,"daily_hosps",5,5,5,5,5,5,5,5
"Idaho","return_normal","Past",2020-04-28,"daily_hosps",5,5,5,5,5,5,5,5
"Idaho","status_quo","Past",2020-04-28,"daily_hosps",5,5,5,5,5,5,5,5
"Idaho","linear_increase_sd","Past",2020-04-28,"latent_trend",NA,NA,NA,0.394618379494472,NA,NA,NA,NA
"Idaho","return_normal","Past",2020-04-28,"latent_trend",NA,NA,NA,0.394618379494472,NA,NA,NA,NA
"Idaho","status_quo","Past",2020-04-28,"latent_trend",NA,NA,NA,0.394618379494472,NA,NA,NA,NA
"Idaho","linear_increase_sd","Past",2020-04-28,"mobility_trend",NA,NA,NA,0.694249305957789,NA,NA,NA,NA
"Idaho","return_normal","Past",2020-04-28,"mobility_trend",NA,NA,NA,0.694249305957789,NA,NA,NA,NA
"Idaho","status_quo","Past",2020-04-28,"mobility_trend",NA,NA,NA,0.694249305957789,NA,NA,NA,NA
"Idaho",NA,"Past",2020-04-29,"actual_cumulative_cases",NA,NA,NA,1952,NA,NA,NA,NA
"Idaho",NA,"Past",2020-04-29,"actual_cumulative_deaths",NA,NA,NA,60,NA,NA,NA,NA
"Idaho",NA,"Past",2020-04-29,"actual_daily_cases",NA,NA,NA,35,NA,NA,NA,NA
"Idaho",NA,"Past",2020-04-29,"actual_daily_deaths",NA,NA,NA,2,NA,NA,NA,NA
"Idaho","linear_increase_sd","Past",2020-04-29,"combined_trend",NA,NA,NA,0.283958755467834,NA,NA,NA,NA
"Idaho","return_normal","Past",2020-04-29,"combined_trend",NA,NA,NA,0.283958755467834,NA,NA,NA,NA
"Idaho","status_quo","Past",2020-04-29,"combined_trend",NA,NA,NA,0.283958755467834,NA,NA,NA,NA
"Idaho","linear_increase_sd","Past",2020-04-29,"cumulative_all_infections",10821,10821,10821,10821,10821,10821,10821,10821
"Idaho","return_normal","Past",2020-04-29,"cumulative_all_infections",10821,10821,10821,10821,10821,10821,10821,10821
"Idaho","status_quo","Past",2020-04-29,"cumulative_all_infections",10821,10821,10821,10821,10821,10821,10821,10821
"Idaho","linear_increase_sd","Past",2020-04-29,"cumulative_cases",2183,2183,2183,2183,2183,2183,2183,2183
"Idaho","return_normal","Past",2020-04-29,"cumulative_cases",2183,2183,2183,2183,2183,2183,2183,2183
"Idaho","status_quo","Past",2020-04-29,"cumulative_cases",2183,2183,2183,2183,2183,2183,2183,2183
"Idaho","linear_increase_sd","Past",2020-04-29,"cumulative_deaths",117,117,117,117,117,117,117,117
"Idaho","return_normal","Past",2020-04-29,"cumulative_deaths",117,117,117,117,117,117,117,117
"Idaho","status_quo","Past",2020-04-29,"cumulative_deaths",117,117,117,117,117,117,117,117
"Idaho","linear_increase_sd","Past",2020-04-29,"cumulative_hosps",265,265,265,265,265,265,265,265
"Idaho","return_normal","Past",2020-04-29,"cumulative_hosps",265,265,265,265,265,265,265,265
"Idaho","status_quo","Past",2020-04-29,"cumulative_hosps",265,265,265,265,265,265,265,265
"Idaho","linear_increase_sd","Past",2020-04-29,"daily_all_infections",93,93,93,93,93,93,93,93
"Idaho","return_normal","Past",2020-04-29,"daily_all_infections",93,93,93,93,93,93,93,93
"Idaho","status_quo","Past",2020-04-29,"daily_all_infections",93,93,93,93,93,93,93,93
"Idaho","linear_increase_sd","Past",2020-04-29,"daily_cases",28,28,28,28,28,28,28,28
"Idaho","return_normal","Past",2020-04-29,"daily_cases",28,28,28,28,28,28,28,28
"Idaho","status_quo","Past",2020-04-29,"daily_cases",28,28,28,28,28,28,28,28
"Idaho","linear_increase_sd","Past",2020-04-29,"daily_deaths",3,3,3,3,3,3,3,3
"Idaho","return_normal","Past",2020-04-29,"daily_deaths",3,3,3,3,3,3,3,3
"Idaho","status_quo","Past",2020-04-29,"daily_deaths",3,3,3,3,3,3,3,3
"Idaho","linear_increase_sd","Past",2020-04-29,"daily_hosps",5,5,5,5,5,5,5,5
"Idaho","return_normal","Past",2020-04-29,"daily_hosps",5,5,5,5,5,5,5,5
"Idaho","status_quo","Past",2020-04-29,"daily_hosps",5,5,5,5,5,5,5,5
"Idaho","linear_increase_sd","Past",2020-04-29,"latent_trend",NA,NA,NA,0.40484758104386,NA,NA,NA,NA
"Idaho","return_normal","Past",2020-04-29,"latent_trend",NA,NA,NA,0.40484758104386,NA,NA,NA,NA
"Idaho","status_quo","Past",2020-04-29,"latent_trend",NA,NA,NA,0.40484758104386,NA,NA,NA,NA
"Idaho","linear_increase_sd","Past",2020-04-29,"mobility_trend",NA,NA,NA,0.701396695357977,NA,NA,NA,NA
"Idaho","return_normal","Past",2020-04-29,"mobility_trend",NA,NA,NA,0.701396695357977,NA,NA,NA,NA
"Idaho","status_quo","Past",2020-04-29,"mobility_trend",NA,NA,NA,0.701396695357977,NA,NA,NA,NA
"Idaho",NA,"Past",2020-04-30,"actual_cumulative_cases",NA,NA,NA,1984,NA,NA,NA,NA
"Idaho",NA,"Past",2020-04-30,"actual_cumulative_deaths",NA,NA,NA,60,NA,NA,NA,NA
"Idaho",NA,"Past",2020-04-30,"actual_daily_cases",NA,NA,NA,32,NA,NA,NA,NA
"Idaho",NA,"Past",2020-04-30,"actual_daily_deaths",NA,NA,NA,0,NA,NA,NA,NA
"Idaho","linear_increase_sd","Past",2020-04-30,"combined_trend",NA,NA,NA,0.294125854020253,NA,NA,NA,NA
"Idaho","return_normal","Past",2020-04-30,"combined_trend",NA,NA,NA,0.294125854020253,NA,NA,NA,NA
"Idaho","status_quo","Past",2020-04-30,"combined_trend",NA,NA,NA,0.294125854020253,NA,NA,NA,NA
"Idaho","linear_increase_sd","Past",2020-04-30,"cumulative_all_infections",10913,10913,10913,10913,10913,10913,10913,10913
"Idaho","return_normal","Past",2020-04-30,"cumulative_all_infections",10913,10913,10913,10913,10913,10913,10913,10913
"Idaho","status_quo","Past",2020-04-30,"cumulative_all_infections",10913,10913,10913,10913,10913,10913,10913,10913
"Idaho","linear_increase_sd","Past",2020-04-30,"cumulative_cases",2211,2211,2211,2211,2211,2211,2211,2211
"Idaho","return_normal","Past",2020-04-30,"cumulative_cases",2211,2211,2211,2211,2211,2211,2211,2211
"Idaho","status_quo","Past",2020-04-30,"cumulative_cases",2211,2211,2211,2211,2211,2211,2211,2211
"Idaho","linear_increase_sd","Past",2020-04-30,"cumulative_deaths",119,119,119,119,119,119,119,119
"Idaho","return_normal","Past",2020-04-30,"cumulative_deaths",119,119,119,119,119,119,119,119
"Idaho","status_quo","Past",2020-04-30,"cumulative_deaths",119,119,119,119,119,119,119,119
"Idaho","linear_increase_sd","Past",2020-04-30,"cumulative_hosps",270,270,270,270,270,270,270,270
"Idaho","return_normal","Past",2020-04-30,"cumulative_hosps",270,270,270,270,270,270,270,270
"Idaho","status_quo","Past",2020-04-30,"cumulative_hosps",270,270,270,270,270,270,270,270
"Idaho","linear_increase_sd","Past",2020-04-30,"daily_all_infections",92,92,92,92,92,92,92,92
"Idaho","return_normal","Past",2020-04-30,"daily_all_infections",92,92,92,92,92,92,92,92
"Idaho","status_quo","Past",2020-04-30,"daily_all_infections",92,92,92,92,92,92,92,92
"Idaho","linear_increase_sd","Past",2020-04-30,"daily_cases",28,28,28,28,28,28,28,28
"Idaho","return_normal","Past",2020-04-30,"daily_cases",28,28,28,28,28,28,28,28
"Idaho","status_quo","Past",2020-04-30,"daily_cases",28,28,28,28,28,28,28,28
"Idaho","linear_increase_sd","Past",2020-04-30,"daily_deaths",2,2,2,2,2,2,2,2
"Idaho","return_normal","Past",2020-04-30,"daily_deaths",2,2,2,2,2,2,2,2
"Idaho","status_quo","Past",2020-04-30,"daily_deaths",2,2,2,2,2,2,2,2
"Idaho","linear_increase_sd","Past",2020-04-30,"daily_hosps",5,5,5,5,5,5,5,5
"Idaho","return_normal","Past",2020-04-30,"daily_hosps",5,5,5,5,5,5,5,5
"Idaho","status_quo","Past",2020-04-30,"daily_hosps",5,5,5,5,5,5,5,5
"Idaho","linear_increase_sd","Past",2020-04-30,"latent_trend",NA,NA,NA,0.41483459482028,NA,NA,NA,NA
"Idaho","return_normal","Past",2020-04-30,"latent_trend",NA,NA,NA,0.41483459482028,NA,NA,NA,NA
"Idaho","status_quo","Past",2020-04-30,"latent_trend",NA,NA,NA,0.41483459482028,NA,NA,NA,NA
"Idaho","linear_increase_sd","Past",2020-04-30,"mobility_trend",NA,NA,NA,0.709019589235748,NA,NA,NA,NA
"Idaho","return_normal","Past",2020-04-30,"mobility_trend",NA,NA,NA,0.709019589235748,NA,NA,NA,NA
"Idaho","status_quo","Past",2020-04-30,"mobility_trend",NA,NA,NA,0.709019589235748,NA,NA,NA,NA
"Idaho",NA,"Past",2020-05-01,"actual_cumulative_cases",NA,NA,NA,2015,NA,NA,NA,NA
"Idaho",NA,"Past",2020-05-01,"actual_cumulative_deaths",NA,NA,NA,63,NA,NA,NA,NA
"Idaho",NA,"Past",2020-05-01,"actual_daily_cases",NA,NA,NA,31,NA,NA,NA,NA
"Idaho",NA,"Past",2020-05-01,"actual_daily_deaths",NA,NA,NA,3,NA,NA,NA,NA
"Idaho","linear_increase_sd","Past",2020-05-01,"combined_trend",NA,NA,NA,0.304349534198816,NA,NA,NA,NA
"Idaho","return_normal","Past",2020-05-01,"combined_trend",NA,NA,NA,0.304349534198816,NA,NA,NA,NA
"Idaho","status_quo","Past",2020-05-01,"combined_trend",NA,NA,NA,0.304349534198816,NA,NA,NA,NA
"Idaho","linear_increase_sd","Past",2020-05-01,"cumulative_all_infections",11005,11005,11005,11005,11005,11005,11005,11005
"Idaho","return_normal","Past",2020-05-01,"cumulative_all_infections",11005,11005,11005,11005,11005,11005,11005,11005
"Idaho","status_quo","Past",2020-05-01,"cumulative_all_infections",11005,11005,11005,11005,11005,11005,11005,11005
"Idaho","linear_increase_sd","Past",2020-05-01,"cumulative_cases",2241,2241,2241,2241,2241,2241,2241,2241
"Idaho","return_normal","Past",2020-05-01,"cumulative_cases",2241,2241,2241,2241,2241,2241,2241,2241
"Idaho","status_quo","Past",2020-05-01,"cumulative_cases",2241,2241,2241,2241,2241,2241,2241,2241
"Idaho","linear_increase_sd","Past",2020-05-01,"cumulative_deaths",121,121,121,121,121,121,121,121
"Idaho","return_normal","Past",2020-05-01,"cumulative_deaths",121,121,121,121,121,121,121,121
"Idaho","status_quo","Past",2020-05-01,"cumulative_deaths",121,121,121,121,121,121,121,121
"Idaho","linear_increase_sd","Past",2020-05-01,"cumulative_hosps",274,274,274,274,274,274,274,274
"Idaho","return_normal","Past",2020-05-01,"cumulative_hosps",274,274,274,274,274,274,274,274
"Idaho","status_quo","Past",2020-05-01,"cumulative_hosps",274,274,274,274,274,274,274,274
"Idaho","linear_increase_sd","Past",2020-05-01,"daily_all_infections",92,92,92,92,92,92,92,92
"Idaho","return_normal","Past",2020-05-01,"daily_all_infections",92,92,92,92,92,92,92,92
"Idaho","status_quo","Past",2020-05-01,"daily_all_infections",92,92,92,92,92,92,92,92
"Idaho","linear_increase_sd","Past",2020-05-01,"daily_cases",30,30,30,30,30,30,30,30
"Idaho","return_normal","Past",2020-05-01,"daily_cases",30,30,30,30,30,30,30,30
"Idaho","status_quo","Past",2020-05-01,"daily_cases",30,30,30,30,30,30,30,30
"Idaho","linear_increase_sd","Past",2020-05-01,"daily_deaths",2,2,2,2,2,2,2,2
"Idaho","return_normal","Past",2020-05-01,"daily_deaths",2,2,2,2,2,2,2,2
"Idaho","status_quo","Past",2020-05-01,"daily_deaths",2,2,2,2,2,2,2,2
"Idaho","linear_increase_sd","Past",2020-05-01,"daily_hosps",4,4,4,4,4,4,4,4
"Idaho","return_normal","Past",2020-05-01,"daily_hosps",4,4,4,4,4,4,4,4
"Idaho","status_quo","Past",2020-05-01,"daily_hosps",4,4,4,4,4,4,4,4
"Idaho","linear_increase_sd","Past",2020-05-01,"latent_trend",NA,NA,NA,0.424414668585071,NA,NA,NA,NA
"Idaho","return_normal","Past",2020-05-01,"latent_trend",NA,NA,NA,0.424414668585071,NA,NA,NA,NA
"Idaho","status_quo","Past",2020-05-01,"latent_trend",NA,NA,NA,0.424414668585071,NA,NA,NA,NA
"Idaho","linear_increase_sd","Past",2020-05-01,"mobility_trend",NA,NA,NA,0.717104183070455,NA,NA,NA,NA
"Idaho","return_normal","Past",2020-05-01,"mobility_trend",NA,NA,NA,0.717104183070455,NA,NA,NA,NA
"Idaho","status_quo","Past",2020-05-01,"mobility_trend",NA,NA,NA,0.717104183070455,NA,NA,NA,NA
"Idaho",NA,"Past",2020-05-02,"actual_cumulative_cases",NA,NA,NA,2035,NA,NA,NA,NA
"Idaho",NA,"Past",2020-05-02,"actual_cumulative_deaths",NA,NA,NA,63,NA,NA,NA,NA
"Idaho",NA,"Past",2020-05-02,"actual_daily_cases",NA,NA,NA,20,NA,NA,NA,NA
"Idaho",NA,"Past",2020-05-02,"actual_daily_deaths",NA,NA,NA,0,NA,NA,NA,NA
"Idaho","linear_increase_sd","Past",2020-05-02,"combined_trend",NA,NA,NA,0.31450141915505,NA,NA,NA,NA
"Idaho","return_normal","Past",2020-05-02,"combined_trend",NA,NA,NA,0.31450141915505,NA,NA,NA,NA
"Idaho","status_quo","Past",2020-05-02,"combined_trend",NA,NA,NA,0.31450141915505,NA,NA,NA,NA
"Idaho","linear_increase_sd","Past",2020-05-02,"cumulative_all_infections",11099,11099,11099,11099,11099,11099,11099,11099
"Idaho","return_normal","Past",2020-05-02,"cumulative_all_infections",11099,11099,11099,11099,11099,11099,11099,11099
"Idaho","status_quo","Past",2020-05-02,"cumulative_all_infections",11099,11099,11099,11099,11099,11099,11099,11099
"Idaho","linear_increase_sd","Past",2020-05-02,"cumulative_cases",2265,2265,2265,2265,2265,2265,2265,2265
"Idaho","return_normal","Past",2020-05-02,"cumulative_cases",2265,2265,2265,2265,2265,2265,2265,2265
"Idaho","status_quo","Past",2020-05-02,"cumulative_cases",2265,2265,2265,2265,2265,2265,2265,2265
"Idaho","linear_increase_sd","Past",2020-05-02,"cumulative_deaths",123,123,123,123,123,123,123,123
"Idaho","return_normal","Past",2020-05-02,"cumulative_deaths",123,123,123,123,123,123,123,123
"Idaho","status_quo","Past",2020-05-02,"cumulative_deaths",123,123,123,123,123,123,123,123
"Idaho","linear_increase_sd","Past",2020-05-02,"cumulative_hosps",279,279,279,279,279,279,279,279
"Idaho","return_normal","Past",2020-05-02,"cumulative_hosps",279,279,279,279,279,279,279,279
"Idaho","status_quo","Past",2020-05-02,"cumulative_hosps",279,279,279,279,279,279,279,279
"Idaho","linear_increase_sd","Past",2020-05-02,"daily_all_infections",94,94,94,94,94,94,94,94
"Idaho","return_normal","Past",2020-05-02,"daily_all_infections",94,94,94,94,94,94,94,94
"Idaho","status_quo","Past",2020-05-02,"daily_all_infections",94,94,94,94,94,94,94,94
"Idaho","linear_increase_sd","Past",2020-05-02,"daily_cases",24,24,24,24,24,24,24,24
"Idaho","return_normal","Past",2020-05-02,"daily_cases",24,24,24,24,24,24,24,24
"Idaho","status_quo","Past",2020-05-02,"daily_cases",24,24,24,24,24,24,24,24
"Idaho","linear_increase_sd","Past",2020-05-02,"daily_deaths",2,2,2,2,2,2,2,2
"Idaho","return_normal","Past",2020-05-02,"daily_deaths",2,2,2,2,2,2,2,2
"Idaho","status_quo","Past",2020-05-02,"daily_deaths",2,2,2,2,2,2,2,2
"Idaho","linear_increase_sd","Past",2020-05-02,"daily_hosps",5,5,5,5,5,5,5,5
"Idaho","return_normal","Past",2020-05-02,"daily_hosps",5,5,5,5,5,5,5,5
"Idaho","status_quo","Past",2020-05-02,"daily_hosps",5,5,5,5,5,5,5,5
"Idaho","linear_increase_sd","Past",2020-05-02,"latent_trend",NA,NA,NA,0.433421314700818,NA,NA,NA,NA
"Idaho","return_normal","Past",2020-05-02,"latent_trend",NA,NA,NA,0.433421314700818,NA,NA,NA,NA
"Idaho","status_quo","Past",2020-05-02,"latent_trend",NA,NA,NA,0.433421314700818,NA,NA,NA,NA
"Idaho","linear_increase_sd","Past",2020-05-02,"mobility_trend",NA,NA,NA,0.725625179214233,NA,NA,NA,NA
"Idaho","return_normal","Past",2020-05-02,"mobility_trend",NA,NA,NA,0.725625179214233,NA,NA,NA,NA
"Idaho","status_quo","Past",2020-05-02,"mobility_trend",NA,NA,NA,0.725625179214233,NA,NA,NA,NA
"Idaho",NA,"Past",2020-05-03,"actual_cumulative_cases",NA,NA,NA,2061,NA,NA,NA,NA
"Idaho",NA,"Past",2020-05-03,"actual_cumulative_deaths",NA,NA,NA,63,NA,NA,NA,NA
"Idaho",NA,"Past",2020-05-03,"actual_daily_cases",NA,NA,NA,26,NA,NA,NA,NA
"Idaho",NA,"Past",2020-05-03,"actual_daily_deaths",NA,NA,NA,0,NA,NA,NA,NA
"Idaho","linear_increase_sd","Past",2020-05-03,"combined_trend",NA,NA,NA,0.324424595230182,NA,NA,NA,NA
"Idaho","return_normal","Past",2020-05-03,"combined_trend",NA,NA,NA,0.324424595230182,NA,NA,NA,NA
"Idaho","status_quo","Past",2020-05-03,"combined_trend",NA,NA,NA,0.324424595230182,NA,NA,NA,NA
"Idaho","linear_increase_sd","Past",2020-05-03,"cumulative_all_infections",11192,11192,11192,11192,11192,11192,11192,11192
"Idaho","return_normal","Past",2020-05-03,"cumulative_all_infections",11192,11192,11192,11192,11192,11192,11192,11192
"Idaho","status_quo","Past",2020-05-03,"cumulative_all_infections",11192,11192,11192,11192,11192,11192,11192,11192
"Idaho","linear_increase_sd","Past",2020-05-03,"cumulative_cases",2291,2291,2291,2291,2291,2291,2291,2291
"Idaho","return_normal","Past",2020-05-03,"cumulative_cases",2291,2291,2291,2291,2291,2291,2291,2291
"Idaho","status_quo","Past",2020-05-03,"cumulative_cases",2291,2291,2291,2291,2291,2291,2291,2291
"Idaho","linear_increase_sd","Past",2020-05-03,"cumulative_deaths",125,125,125,125,125,125,125,125
"Idaho","return_normal","Past",2020-05-03,"cumulative_deaths",125,125,125,125,125,125,125,125
"Idaho","status_quo","Past",2020-05-03,"cumulative_deaths",125,125,125,125,125,125,125,125
"Idaho","linear_increase_sd","Past",2020-05-03,"cumulative_hosps",283,283,283,283,283,283,283,283
"Idaho","return_normal","Past",2020-05-03,"cumulative_hosps",283,283,283,283,283,283,283,283
"Idaho","status_quo","Past",2020-05-03,"cumulative_hosps",283,283,283,283,283,283,283,283
"Idaho","linear_increase_sd","Past",2020-05-03,"daily_all_infections",93,93,93,93,93,93,93,93
"Idaho","return_normal","Past",2020-05-03,"daily_all_infections",93,93,93,93,93,93,93,93
"Idaho","status_quo","Past",2020-05-03,"daily_all_infections",93,93,93,93,93,93,93,93
"Idaho","linear_increase_sd","Past",2020-05-03,"daily_cases",26,26,26,26,26,26,26,26
"Idaho","return_normal","Past",2020-05-03,"daily_cases",26,26,26,26,26,26,26,26
"Idaho","status_quo","Past",2020-05-03,"daily_cases",26,26,26,26,26,26,26,26
"Idaho","linear_increase_sd","Past",2020-05-03,"daily_deaths",2,2,2,2,2,2,2,2
"Idaho","return_normal","Past",2020-05-03,"daily_deaths",2,2,2,2,2,2,2,2
"Idaho","status_quo","Past",2020-05-03,"daily_deaths",2,2,2,2,2,2,2,2
"Idaho","linear_increase_sd","Past",2020-05-03,"daily_hosps",4,4,4,4,4,4,4,4
"Idaho","return_normal","Past",2020-05-03,"daily_hosps",4,4,4,4,4,4,4,4
"Idaho","status_quo","Past",2020-05-03,"daily_hosps",4,4,4,4,4,4,4,4
"Idaho","linear_increase_sd","Past",2020-05-03,"latent_trend",NA,NA,NA,0.441687679839585,NA,NA,NA,NA
"Idaho","return_normal","Past",2020-05-03,"latent_trend",NA,NA,NA,0.441687679839585,NA,NA,NA,NA
"Idaho","status_quo","Past",2020-05-03,"latent_trend",NA,NA,NA,0.441687679839585,NA,NA,NA,NA
"Idaho","linear_increase_sd","Past",2020-05-03,"mobility_trend",NA,NA,NA,0.73451130751034,NA,NA,NA,NA
"Idaho","return_normal","Past",2020-05-03,"mobility_trend",NA,NA,NA,0.73451130751034,NA,NA,NA,NA
"Idaho","status_quo","Past",2020-05-03,"mobility_trend",NA,NA,NA,0.73451130751034,NA,NA,NA,NA
"Idaho",NA,"Past",2020-05-04,"actual_cumulative_cases",NA,NA,NA,2061,NA,NA,NA,NA
"Idaho",NA,"Past",2020-05-04,"actual_cumulative_deaths",NA,NA,NA,64,NA,NA,NA,NA
"Idaho",NA,"Past",2020-05-04,"actual_daily_cases",NA,NA,NA,0,NA,NA,NA,NA
"Idaho",NA,"Past",2020-05-04,"actual_daily_deaths",NA,NA,NA,1,NA,NA,NA,NA
"Idaho","linear_increase_sd","Past",2020-05-04,"combined_trend",NA,NA,NA,0.333947693618639,NA,NA,NA,NA
"Idaho","return_normal","Past",2020-05-04,"combined_trend",NA,NA,NA,0.333947693618639,NA,NA,NA,NA
"Idaho","status_quo","Past",2020-05-04,"combined_trend",NA,NA,NA,0.333947693618639,NA,NA,NA,NA
"Idaho","linear_increase_sd","Past",2020-05-04,"cumulative_all_infections",11289,11289,11289,11289,11289,11289,11289,11289
"Idaho","return_normal","Past",2020-05-04,"cumulative_all_infections",11289,11289,11289,11289,11289,11289,11289,11289
"Idaho","status_quo","Past",2020-05-04,"cumulative_all_infections",11289,11289,11289,11289,11289,11289,11289,11289
"Idaho","linear_increase_sd","Past",2020-05-04,"cumulative_cases",2320,2320,2320,2320,2320,2320,2320,2320
"Idaho","return_normal","Past",2020-05-04,"cumulative_cases",2320,2320,2320,2320,2320,2320,2320,2320
"Idaho","status_quo","Past",2020-05-04,"cumulative_cases",2320,2320,2320,2320,2320,2320,2320,2320
"Idaho","linear_increase_sd","Past",2020-05-04,"cumulative_deaths",127,127,127,127,127,127,127,127
"Idaho","return_normal","Past",2020-05-04,"cumulative_deaths",127,127,127,127,127,127,127,127
"Idaho","status_quo","Past",2020-05-04,"cumulative_deaths",127,127,127,127,127,127,127,127
"Idaho","linear_increase_sd","Past",2020-05-04,"cumulative_hosps",287,287,287,287,287,287,287,287
"Idaho","return_normal","Past",2020-05-04,"cumulative_hosps",287,287,287,287,287,287,287,287
"Idaho","status_quo","Past",2020-05-04,"cumulative_hosps",287,287,287,287,287,287,287,287
"Idaho","linear_increase_sd","Past",2020-05-04,"daily_all_infections",97,97,97,97,97,97,97,97
"Idaho","return_normal","Past",2020-05-04,"daily_all_infections",97,97,97,97,97,97,97,97
"Idaho","status_quo","Past",2020-05-04,"daily_all_infections",97,97,97,97,97,97,97,97
"Idaho","linear_increase_sd","Past",2020-05-04,"daily_cases",29,29,29,29,29,29,29,29
"Idaho","return_normal","Past",2020-05-04,"daily_cases",29,29,29,29,29,29,29,29
"Idaho","status_quo","Past",2020-05-04,"daily_cases",29,29,29,29,29,29,29,29
"Idaho","linear_increase_sd","Past",2020-05-04,"daily_deaths",2,2,2,2,2,2,2,2
"Idaho","return_normal","Past",2020-05-04,"daily_deaths",2,2,2,2,2,2,2,2
"Idaho","status_quo","Past",2020-05-04,"daily_deaths",2,2,2,2,2,2,2,2
"Idaho","linear_increase_sd","Past",2020-05-04,"daily_hosps",4,4,4,4,4,4,4,4
"Idaho","return_normal","Past",2020-05-04,"daily_hosps",4,4,4,4,4,4,4,4
"Idaho","status_quo","Past",2020-05-04,"daily_hosps",4,4,4,4,4,4,4,4
"Idaho","linear_increase_sd","Past",2020-05-04,"latent_trend",NA,NA,NA,0.449047683585625,NA,NA,NA,NA
"Idaho","return_normal","Past",2020-05-04,"latent_trend",NA,NA,NA,0.449047683585625,NA,NA,NA,NA
"Idaho","status_quo","Past",2020-05-04,"latent_trend",NA,NA,NA,0.449047683585625,NA,NA,NA,NA
"Idaho","linear_increase_sd","Past",2020-05-04,"mobility_trend",NA,NA,NA,0.743679804674822,NA,NA,NA,NA
"Idaho","return_normal","Past",2020-05-04,"mobility_trend",NA,NA,NA,0.743679804674822,NA,NA,NA,NA
"Idaho","status_quo","Past",2020-05-04,"mobility_trend",NA,NA,NA,0.743679804674822,NA,NA,NA,NA
"Idaho",NA,"Past",2020-05-05,"actual_cumulative_cases",NA,NA,NA,2106,NA,NA,NA,NA
"Idaho",NA,"Past",2020-05-05,"actual_cumulative_deaths",NA,NA,NA,64,NA,NA,NA,NA
"Idaho",NA,"Past",2020-05-05,"actual_daily_cases",NA,NA,NA,45,NA,NA,NA,NA
"Idaho",NA,"Past",2020-05-05,"actual_daily_deaths",NA,NA,NA,0,NA,NA,NA,NA
"Idaho","linear_increase_sd","Past",2020-05-05,"combined_trend",NA,NA,NA,0.342890462918389,NA,NA,NA,NA
"Idaho","return_normal","Past",2020-05-05,"combined_trend",NA,NA,NA,0.342890462918389,NA,NA,NA,NA
"Idaho","status_quo","Past",2020-05-05,"combined_trend",NA,NA,NA,0.342890462918389,NA,NA,NA,NA
"Idaho","linear_increase_sd","Past",2020-05-05,"cumulative_all_infections",11386,11386,11386,11386,11386,11386,11386,11386
"Idaho","return_normal","Past",2020-05-05,"cumulative_all_infections",11386,11386,11386,11386,11386,11386,11386,11386
"Idaho","status_quo","Past",2020-05-05,"cumulative_all_infections",11386,11386,11386,11386,11386,11386,11386,11386
"Idaho","linear_increase_sd","Past",2020-05-05,"cumulative_cases",2342,2342,2342,2342,2342,2342,2342,2342
"Idaho","return_normal","Past",2020-05-05,"cumulative_cases",2342,2342,2342,2342,2342,2342,2342,2342
"Idaho","status_quo","Past",2020-05-05,"cumulative_cases",2342,2342,2342,2342,2342,2342,2342,2342
"Idaho","linear_increase_sd","Past",2020-05-05,"cumulative_deaths",129,129,129,129,129,129,129,129
"Idaho","return_normal","Past",2020-05-05,"cumulative_deaths",129,129,129,129,129,129,129,129
"Idaho","status_quo","Past",2020-05-05,"cumulative_deaths",129,129,129,129,129,129,129,129
"Idaho","linear_increase_sd","Past",2020-05-05,"cumulative_hosps",291,291,291,291,291,291,291,291
"Idaho","return_normal","Past",2020-05-05,"cumulative_hosps",291,291,291,291,291,291,291,291
"Idaho","status_quo","Past",2020-05-05,"cumulative_hosps",291,291,291,291,291,291,291,291
"Idaho","linear_increase_sd","Past",2020-05-05,"daily_all_infections",97,97,97,97,97,97,97,97
"Idaho","return_normal","Past",2020-05-05,"daily_all_infections",97,97,97,97,97,97,97,97
"Idaho","status_quo","Past",2020-05-05,"daily_all_infections",97,97,97,97,97,97,97,97
"Idaho","linear_increase_sd","Past",2020-05-05,"daily_cases",22,22,22,22,22,22,22,22
"Idaho","return_normal","Past",2020-05-05,"daily_cases",22,22,22,22,22,22,22,22
"Idaho","status_quo","Past",2020-05-05,"daily_cases",22,22,22,22,22,22,22,22
"Idaho","linear_increase_sd","Past",2020-05-05,"daily_deaths",2,2,2,2,2,2,2,2
"Idaho","return_normal","Past",2020-05-05,"daily_deaths",2,2,2,2,2,2,2,2
"Idaho","status_quo","Past",2020-05-05,"daily_deaths",2,2,2,2,2,2,2,2
"Idaho","linear_increase_sd","Past",2020-05-05,"daily_hosps",4,4,4,4,4,4,4,4
"Idaho","return_normal","Past",2020-05-05,"daily_hosps",4,4,4,4,4,4,4,4
"Idaho","status_quo","Past",2020-05-05,"daily_hosps",4,4,4,4,4,4,4,4
"Idaho","linear_increase_sd","Past",2020-05-05,"latent_trend",NA,NA,NA,0.455336851132705,NA,NA,NA,NA
"Idaho","return_normal","Past",2020-05-05,"latent_trend",NA,NA,NA,0.455336851132705,NA,NA,NA,NA
"Idaho","status_quo","Past",2020-05-05,"latent_trend",NA,NA,NA,0.455336851132705,NA,NA,NA,NA
"Idaho","linear_increase_sd","Past",2020-05-05,"mobility_trend",NA,NA,NA,0.753047907423719,NA,NA,NA,NA
"Idaho","return_normal","Past",2020-05-05,"mobility_trend",NA,NA,NA,0.753047907423719,NA,NA,NA,NA
"Idaho","status_quo","Past",2020-05-05,"mobility_trend",NA,NA,NA,0.753047907423719,NA,NA,NA,NA
"Idaho",NA,"Past",2020-05-06,"actual_cumulative_cases",NA,NA,NA,2127,NA,NA,NA,NA
"Idaho",NA,"Past",2020-05-06,"actual_cumulative_deaths",NA,NA,NA,65,NA,NA,NA,NA
"Idaho",NA,"Past",2020-05-06,"actual_daily_cases",NA,NA,NA,21,NA,NA,NA,NA
"Idaho",NA,"Past",2020-05-06,"actual_daily_deaths",NA,NA,NA,1,NA,NA,NA,NA
"Idaho","linear_increase_sd","Past",2020-05-06,"combined_trend",NA,NA,NA,0.351081303363008,NA,NA,NA,NA
"Idaho","return_normal","Past",2020-05-06,"combined_trend",NA,NA,NA,0.351081303363008,NA,NA,NA,NA
"Idaho","status_quo","Past",2020-05-06,"combined_trend",NA,NA,NA,0.351081303363008,NA,NA,NA,NA
"Idaho","linear_increase_sd","Past",2020-05-06,"cumulative_all_infections",11484,11484,11484,11484,11484,11484,11484,11484
"Idaho","return_normal","Past",2020-05-06,"cumulative_all_infections",11484,11484,11484,11484,11484,11484,11484,11484
"Idaho","status_quo","Past",2020-05-06,"cumulative_all_infections",11484,11484,11484,11484,11484,11484,11484,11484
"Idaho","linear_increase_sd","Past",2020-05-06,"cumulative_cases",2368,2368,2368,2368,2368,2368,2368,2368
"Idaho","return_normal","Past",2020-05-06,"cumulative_cases",2368,2368,2368,2368,2368,2368,2368,2368
"Idaho","status_quo","Past",2020-05-06,"cumulative_cases",2368,2368,2368,2368,2368,2368,2368,2368
"Idaho","linear_increase_sd","Past",2020-05-06,"cumulative_deaths",131,131,131,131,131,131,131,131
"Idaho","return_normal","Past",2020-05-06,"cumulative_deaths",131,131,131,131,131,131,131,131
"Idaho","status_quo","Past",2020-05-06,"cumulative_deaths",131,131,131,131,131,131,131,131
"Idaho","linear_increase_sd","Past",2020-05-06,"cumulative_hosps",295,295,295,295,295,295,295,295
"Idaho","return_normal","Past",2020-05-06,"cumulative_hosps",295,295,295,295,295,295,295,295
"Idaho","status_quo","Past",2020-05-06,"cumulative_hosps",295,295,295,295,295,295,295,295
"Idaho","linear_increase_sd","Past",2020-05-06,"daily_all_infections",98,98,98,98,98,98,98,98
"Idaho","return_normal","Past",2020-05-06,"daily_all_infections",98,98,98,98,98,98,98,98
"Idaho","status_quo","Past",2020-05-06,"daily_all_infections",98,98,98,98,98,98,98,98
"Idaho","linear_increase_sd","Past",2020-05-06,"daily_cases",26,26,26,26,26,26,26,26
"Idaho","return_normal","Past",2020-05-06,"daily_cases",26,26,26,26,26,26,26,26
"Idaho","status_quo","Past",2020-05-06,"daily_cases",26,26,26,26,26,26,26,26
"Idaho","linear_increase_sd","Past",2020-05-06,"daily_deaths",2,2,2,2,2,2,2,2
"Idaho","return_normal","Past",2020-05-06,"daily_deaths",2,2,2,2,2,2,2,2
"Idaho","status_quo","Past",2020-05-06,"daily_deaths",2,2,2,2,2,2,2,2
"Idaho","linear_increase_sd","Past",2020-05-06,"daily_hosps",4,4,4,4,4,4,4,4
"Idaho","return_normal","Past",2020-05-06,"daily_hosps",4,4,4,4,4,4,4,4
"Idaho","status_quo","Past",2020-05-06,"daily_hosps",4,4,4,4,4,4,4,4
"Idaho","linear_increase_sd","Past",2020-05-06,"latent_trend",NA,NA,NA,0.460418287676253,NA,NA,NA,NA
"Idaho","return_normal","Past",2020-05-06,"latent_trend",NA,NA,NA,0.460418287676253,NA,NA,NA,NA
"Idaho","status_quo","Past",2020-05-06,"latent_trend",NA,NA,NA,0.460418287676253,NA,NA,NA,NA
"Idaho","linear_increase_sd","Past",2020-05-06,"mobility_trend",NA,NA,NA,0.762526843003843,NA,NA,NA,NA
"Idaho","return_normal","Past",2020-05-06,"mobility_trend",NA,NA,NA,0.762526843003843,NA,NA,NA,NA
"Idaho","status_quo","Past",2020-05-06,"mobility_trend",NA,NA,NA,0.762526843003843,NA,NA,NA,NA
"Idaho",NA,"Past",2020-05-07,"actual_cumulative_cases",NA,NA,NA,2158,NA,NA,NA,NA
"Idaho",NA,"Past",2020-05-07,"actual_cumulative_deaths",NA,NA,NA,66,NA,NA,NA,NA
"Idaho",NA,"Past",2020-05-07,"actual_daily_cases",NA,NA,NA,31,NA,NA,NA,NA
"Idaho",NA,"Past",2020-05-07,"actual_daily_deaths",NA,NA,NA,1,NA,NA,NA,NA
"Idaho","linear_increase_sd","Past",2020-05-07,"combined_trend",NA,NA,NA,0.358452874767007,NA,NA,NA,NA
"Idaho","return_normal","Past",2020-05-07,"combined_trend",NA,NA,NA,0.358452874767007,NA,NA,NA,NA
"Idaho","status_quo","Past",2020-05-07,"combined_trend",NA,NA,NA,0.358452874767007,NA,NA,NA,NA
"Idaho","linear_increase_sd","Past",2020-05-07,"cumulative_all_infections",11584,11584,11584,11584,11584,11584,11584,11584
"Idaho","return_normal","Past",2020-05-07,"cumulative_all_infections",11584,11584,11584,11584,11584,11584,11584,11584
"Idaho","status_quo","Past",2020-05-07,"cumulative_all_infections",11584,11584,11584,11584,11584,11584,11584,11584
"Idaho","linear_increase_sd","Past",2020-05-07,"cumulative_cases",2398,2398,2398,2398,2398,2398,2398,2398
"Idaho","return_normal","Past",2020-05-07,"cumulative_cases",2398,2398,2398,2398,2398,2398,2398,2398
"Idaho","status_quo","Past",2020-05-07,"cumulative_cases",2398,2398,2398,2398,2398,2398,2398,2398
"Idaho","linear_increase_sd","Past",2020-05-07,"cumulative_deaths",133,133,133,133,133,133,133,133
"Idaho","return_normal","Past",2020-05-07,"cumulative_deaths",133,133,133,133,133,133,133,133
"Idaho","status_quo","Past",2020-05-07,"cumulative_deaths",133,133,133,133,133,133,133,133
"Idaho","linear_increase_sd","Past",2020-05-07,"cumulative_hosps",299,299,299,299,299,299,299,299
"Idaho","return_normal","Past",2020-05-07,"cumulative_hosps",299,299,299,299,299,299,299,299
"Idaho","status_quo","Past",2020-05-07,"cumulative_hosps",299,299,299,299,299,299,299,299
"Idaho","linear_increase_sd","Past",2020-05-07,"daily_all_infections",100,100,100,100,100,100,100,100
"Idaho","return_normal","Past",2020-05-07,"daily_all_infections",100,100,100,100,100,100,100,100
"Idaho","status_quo","Past",2020-05-07,"daily_all_infections",100,100,100,100,100,100,100,100
"Idaho","linear_increase_sd","Past",2020-05-07,"daily_cases",30,30,30,30,30,30,30,30
"Idaho","return_normal","Past",2020-05-07,"daily_cases",30,30,30,30,30,30,30,30
"Idaho","status_quo","Past",2020-05-07,"daily_cases",30,30,30,30,30,30,30,30
"Idaho","linear_increase_sd","Past",2020-05-07,"daily_deaths",2,2,2,2,2,2,2,2
"Idaho","return_normal","Past",2020-05-07,"daily_deaths",2,2,2,2,2,2,2,2
"Idaho","status_quo","Past",2020-05-07,"daily_deaths",2,2,2,2,2,2,2,2
"Idaho","linear_increase_sd","Past",2020-05-07,"daily_hosps",4,4,4,4,4,4,4,4
"Idaho","return_normal","Past",2020-05-07,"daily_hosps",4,4,4,4,4,4,4,4
"Idaho","status_quo","Past",2020-05-07,"daily_hosps",4,4,4,4,4,4,4,4
"Idaho","linear_increase_sd","Past",2020-05-07,"latent_trend",NA,NA,NA,0.464314909333978,NA,NA,NA,NA
"Idaho","return_normal","Past",2020-05-07,"latent_trend",NA,NA,NA,0.464314909333978,NA,NA,NA,NA
"Idaho","status_quo","Past",2020-05-07,"latent_trend",NA,NA,NA,0.464314909333978,NA,NA,NA,NA
"Idaho","linear_increase_sd","Past",2020-05-07,"mobility_trend",NA,NA,NA,0.772003800785072,NA,NA,NA,NA
"Idaho","return_normal","Past",2020-05-07,"mobility_trend",NA,NA,NA,0.772003800785072,NA,NA,NA,NA
"Idaho","status_quo","Past",2020-05-07,"mobility_trend",NA,NA,NA,0.772003800785072,NA,NA,NA,NA
"Idaho",NA,"Past",2020-05-08,"actual_cumulative_cases",NA,NA,NA,2178,NA,NA,NA,NA
"Idaho",NA,"Past",2020-05-08,"actual_cumulative_deaths",NA,NA,NA,67,NA,NA,NA,NA
"Idaho",NA,"Past",2020-05-08,"actual_daily_cases",NA,NA,NA,20,NA,NA,NA,NA
"Idaho",NA,"Past",2020-05-08,"actual_daily_deaths",NA,NA,NA,1,NA,NA,NA,NA
"Idaho","linear_increase_sd","Past",2020-05-08,"combined_trend",NA,NA,NA,0.364982906851954,NA,NA,NA,NA
"Idaho","return_normal","Past",2020-05-08,"combined_trend",NA,NA,NA,0.364982906851954,NA,NA,NA,NA
"Idaho","status_quo","Past",2020-05-08,"combined_trend",NA,NA,NA,0.364982906851954,NA,NA,NA,NA
"Idaho","linear_increase_sd","Past",2020-05-08,"cumulative_all_infections",11686,11686,11686,11686,11686,11686,11686,11686
"Idaho","return_normal","Past",2020-05-08,"cumulative_all_infections",11686,11686,11686,11686,11686,11686,11686,11686
"Idaho","status_quo","Past",2020-05-08,"cumulative_all_infections",11686,11686,11686,11686,11686,11686,11686,11686
"Idaho","linear_increase_sd","Past",2020-05-08,"cumulative_cases",2425,2425,2425,2425,2425,2425,2425,2425
"Idaho","return_normal","Past",2020-05-08,"cumulative_cases",2425,2425,2425,2425,2425,2425,2425,2425
"Idaho","status_quo","Past",2020-05-08,"cumulative_cases",2425,2425,2425,2425,2425,2425,2425,2425
"Idaho","linear_increase_sd","Past",2020-05-08,"cumulative_deaths",134,134,134,134,134,134,134,134
"Idaho","return_normal","Past",2020-05-08,"cumulative_deaths",134,134,134,134,134,134,134,134
"Idaho","status_quo","Past",2020-05-08,"cumulative_deaths",134,134,134,134,134,134,134,134
"Idaho","linear_increase_sd","Past",2020-05-08,"cumulative_hosps",303,303,303,303,303,303,303,303
"Idaho","return_normal","Past",2020-05-08,"cumulative_hosps",303,303,303,303,303,303,303,303
"Idaho","status_quo","Past",2020-05-08,"cumulative_hosps",303,303,303,303,303,303,303,303
"Idaho","linear_increase_sd","Past",2020-05-08,"daily_all_infections",102,102,102,102,102,102,102,102
"Idaho","return_normal","Past",2020-05-08,"daily_all_infections",102,102,102,102,102,102,102,102
"Idaho","status_quo","Past",2020-05-08,"daily_all_infections",102,102,102,102,102,102,102,102
"Idaho","linear_increase_sd","Past",2020-05-08,"daily_cases",27,27,27,27,27,27,27,27
"Idaho","return_normal","Past",2020-05-08,"daily_cases",27,27,27,27,27,27,27,27
"Idaho","status_quo","Past",2020-05-08,"daily_cases",27,27,27,27,27,27,27,27
"Idaho","linear_increase_sd","Past",2020-05-08,"daily_deaths",1,1,1,1,1,1,1,1
"Idaho","return_normal","Past",2020-05-08,"daily_deaths",1,1,1,1,1,1,1,1
"Idaho","status_quo","Past",2020-05-08,"daily_deaths",1,1,1,1,1,1,1,1
"Idaho","linear_increase_sd","Past",2020-05-08,"daily_hosps",4,4,4,4,4,4,4,4
"Idaho","return_normal","Past",2020-05-08,"daily_hosps",4,4,4,4,4,4,4,4
"Idaho","status_quo","Past",2020-05-08,"daily_hosps",4,4,4,4,4,4,4,4
"Idaho","linear_increase_sd","Past",2020-05-08,"latent_trend",NA,NA,NA,0.467112374864843,NA,NA,NA,NA
"Idaho","return_normal","Past",2020-05-08,"latent_trend",NA,NA,NA,0.467112374864843,NA,NA,NA,NA
"Idaho","status_quo","Past",2020-05-08,"latent_trend",NA,NA,NA,0.467112374864843,NA,NA,NA,NA
"Idaho","linear_increase_sd","Past",2020-05-08,"mobility_trend",NA,NA,NA,0.781359960668053,NA,NA,NA,NA
"Idaho","return_normal","Past",2020-05-08,"mobility_trend",NA,NA,NA,0.781359960668053,NA,NA,NA,NA
"Idaho","status_quo","Past",2020-05-08,"mobility_trend",NA,NA,NA,0.781359960668053,NA,NA,NA,NA
"Idaho",NA,"Past",2020-05-09,"actual_cumulative_cases",NA,NA,NA,2205,NA,NA,NA,NA
"Idaho",NA,"Past",2020-05-09,"actual_cumulative_deaths",NA,NA,NA,67,NA,NA,NA,NA
"Idaho",NA,"Past",2020-05-09,"actual_daily_cases",NA,NA,NA,27,NA,NA,NA,NA
"Idaho",NA,"Past",2020-05-09,"actual_daily_deaths",NA,NA,NA,0,NA,NA,NA,NA
"Idaho","linear_increase_sd","Past",2020-05-09,"combined_trend",NA,NA,NA,0.370660829823233,NA,NA,NA,NA
"Idaho","return_normal","Past",2020-05-09,"combined_trend",NA,NA,NA,0.370660829823233,NA,NA,NA,NA
"Idaho","status_quo","Past",2020-05-09,"combined_trend",NA,NA,NA,0.370660829823233,NA,NA,NA,NA
"Idaho","linear_increase_sd","Past",2020-05-09,"cumulative_all_infections",11789,11789,11789,11789,11789,11789,11789,11789
"Idaho","return_normal","Past",2020-05-09,"cumulative_all_infections",11789,11789,11789,11789,11789,11789,11789,11789
"Idaho","status_quo","Past",2020-05-09,"cumulative_all_infections",11789,11789,11789,11789,11789,11789,11789,11789
"Idaho","linear_increase_sd","Past",2020-05-09,"cumulative_cases",2452,2452,2452,2452,2452,2452,2452,2452
"Idaho","return_normal","Past",2020-05-09,"cumulative_cases",2452,2452,2452,2452,2452,2452,2452,2452
"Idaho","status_quo","Past",2020-05-09,"cumulative_cases",2452,2452,2452,2452,2452,2452,2452,2452
"Idaho","linear_increase_sd","Past",2020-05-09,"cumulative_deaths",136,136,136,136,136,136,136,136
"Idaho","return_normal","Past",2020-05-09,"cumulative_deaths",136,136,136,136,136,136,136,136
"Idaho","status_quo","Past",2020-05-09,"cumulative_deaths",136,136,136,136,136,136,136,136
"Idaho","linear_increase_sd","Past",2020-05-09,"cumulative_hosps",307,307,307,307,307,307,307,307
"Idaho","return_normal","Past",2020-05-09,"cumulative_hosps",307,307,307,307,307,307,307,307
"Idaho","status_quo","Past",2020-05-09,"cumulative_hosps",307,307,307,307,307,307,307,307
"Idaho","linear_increase_sd","Past",2020-05-09,"daily_all_infections",103,103,103,103,103,103,103,103
"Idaho","return_normal","Past",2020-05-09,"daily_all_infections",103,103,103,103,103,103,103,103
"Idaho","status_quo","Past",2020-05-09,"daily_all_infections",103,103,103,103,103,103,103,103
"Idaho","linear_increase_sd","Past",2020-05-09,"daily_cases",27,27,27,27,27,27,27,27
"Idaho","return_normal","Past",2020-05-09,"daily_cases",27,27,27,27,27,27,27,27
"Idaho","status_quo","Past",2020-05-09,"daily_cases",27,27,27,27,27,27,27,27
"Idaho","linear_increase_sd","Past",2020-05-09,"daily_deaths",2,2,2,2,2,2,2,2
"Idaho","return_normal","Past",2020-05-09,"daily_deaths",2,2,2,2,2,2,2,2
"Idaho","status_quo","Past",2020-05-09,"daily_deaths",2,2,2,2,2,2,2,2
"Idaho","linear_increase_sd","Past",2020-05-09,"daily_hosps",4,4,4,4,4,4,4,4
"Idaho","return_normal","Past",2020-05-09,"daily_hosps",4,4,4,4,4,4,4,4
"Idaho","status_quo","Past",2020-05-09,"daily_hosps",4,4,4,4,4,4,4,4
"Idaho","linear_increase_sd","Past",2020-05-09,"latent_trend",NA,NA,NA,0.46889849277423,NA,NA,NA,NA
"Idaho","return_normal","Past",2020-05-09,"latent_trend",NA,NA,NA,0.46889849277423,NA,NA,NA,NA
"Idaho","status_quo","Past",2020-05-09,"latent_trend",NA,NA,NA,0.46889849277423,NA,NA,NA,NA
"Idaho","linear_increase_sd","Past",2020-05-09,"mobility_trend",NA,NA,NA,0.79049268772485,NA,NA,NA,NA
"Idaho","return_normal","Past",2020-05-09,"mobility_trend",NA,NA,NA,0.79049268772485,NA,NA,NA,NA
"Idaho","status_quo","Past",2020-05-09,"mobility_trend",NA,NA,NA,0.79049268772485,NA,NA,NA,NA
"Idaho",NA,"Past",2020-05-10,"actual_cumulative_cases",NA,NA,NA,2230,NA,NA,NA,NA
"Idaho",NA,"Past",2020-05-10,"actual_cumulative_deaths",NA,NA,NA,67,NA,NA,NA,NA
"Idaho",NA,"Past",2020-05-10,"actual_daily_cases",NA,NA,NA,25,NA,NA,NA,NA
"Idaho",NA,"Past",2020-05-10,"actual_daily_deaths",NA,NA,NA,0,NA,NA,NA,NA
"Idaho","linear_increase_sd","Past",2020-05-10,"combined_trend",NA,NA,NA,0.37551118761972,NA,NA,NA,NA
"Idaho","return_normal","Past",2020-05-10,"combined_trend",NA,NA,NA,0.37551118761972,NA,NA,NA,NA
"Idaho","status_quo","Past",2020-05-10,"combined_trend",NA,NA,NA,0.37551118761972,NA,NA,NA,NA
"Idaho","linear_increase_sd","Past",2020-05-10,"cumulative_all_infections",11895,11895,11895,11895,11895,11895,11895,11895
"Idaho","return_normal","Past",2020-05-10,"cumulative_all_infections",11895,11895,11895,11895,11895,11895,11895,11895
"Idaho","status_quo","Past",2020-05-10,"cumulative_all_infections",11895,11895,11895,11895,11895,11895,11895,11895
"Idaho","linear_increase_sd","Past",2020-05-10,"cumulative_cases",2477,2477,2477,2477,2477,2477,2477,2477
"Idaho","return_normal","Past",2020-05-10,"cumulative_cases",2477,2477,2477,2477,2477,2477,2477,2477
"Idaho","status_quo","Past",2020-05-10,"cumulative_cases",2477,2477,2477,2477,2477,2477,2477,2477
"Idaho","linear_increase_sd","Past",2020-05-10,"cumulative_deaths",137,137,137,137,137,137,137,137
"Idaho","return_normal","Past",2020-05-10,"cumulative_deaths",137,137,137,137,137,137,137,137
"Idaho","status_quo","Past",2020-05-10,"cumulative_deaths",137,137,137,137,137,137,137,137
"Idaho","linear_increase_sd","Past",2020-05-10,"cumulative_hosps",311,311,311,311,311,311,311,311
"Idaho","return_normal","Past",2020-05-10,"cumulative_hosps",311,311,311,311,311,311,311,311
"Idaho","status_quo","Past",2020-05-10,"cumulative_hosps",311,311,311,311,311,311,311,311
"Idaho","linear_increase_sd","Past",2020-05-10,"daily_all_infections",106,106,106,106,106,106,106,106
"Idaho","return_normal","Past",2020-05-10,"daily_all_infections",106,106,106,106,106,106,106,106
"Idaho","status_quo","Past",2020-05-10,"daily_all_infections",106,106,106,106,106,106,106,106
"Idaho","linear_increase_sd","Past",2020-05-10,"daily_cases",25,25,25,25,25,25,25,25
"Idaho","return_normal","Past",2020-05-10,"daily_cases",25,25,25,25,25,25,25,25
"Idaho","status_quo","Past",2020-05-10,"daily_cases",25,25,25,25,25,25,25,25
"Idaho","linear_increase_sd","Past",2020-05-10,"daily_deaths",1,1,1,1,1,1,1,1
"Idaho","return_normal","Past",2020-05-10,"daily_deaths",1,1,1,1,1,1,1,1
"Idaho","status_quo","Past",2020-05-10,"daily_deaths",1,1,1,1,1,1,1,1
"Idaho","linear_increase_sd","Past",2020-05-10,"daily_hosps",4,4,4,4,4,4,4,4
"Idaho","return_normal","Past",2020-05-10,"daily_hosps",4,4,4,4,4,4,4,4
"Idaho","status_quo","Past",2020-05-10,"daily_hosps",4,4,4,4,4,4,4,4
"Idaho","linear_increase_sd","Past",2020-05-10,"latent_trend",NA,NA,NA,0.469762394122526,NA,NA,NA,NA
"Idaho","return_normal","Past",2020-05-10,"latent_trend",NA,NA,NA,0.469762394122526,NA,NA,NA,NA
"Idaho","status_quo","Past",2020-05-10,"latent_trend",NA,NA,NA,0.469762394122526,NA,NA,NA,NA
"Idaho","linear_increase_sd","Past",2020-05-10,"mobility_trend",NA,NA,NA,0.799364087713196,NA,NA,NA,NA
"Idaho","return_normal","Past",2020-05-10,"mobility_trend",NA,NA,NA,0.799364087713196,NA,NA,NA,NA
"Idaho","status_quo","Past",2020-05-10,"mobility_trend",NA,NA,NA,0.799364087713196,NA,NA,NA,NA
"Idaho",NA,"Past",2020-05-11,"actual_cumulative_cases",NA,NA,NA,2230,NA,NA,NA,NA
"Idaho",NA,"Past",2020-05-11,"actual_cumulative_deaths",NA,NA,NA,67,NA,NA,NA,NA
"Idaho",NA,"Past",2020-05-11,"actual_daily_cases",NA,NA,NA,0,NA,NA,NA,NA
"Idaho",NA,"Past",2020-05-11,"actual_daily_deaths",NA,NA,NA,0,NA,NA,NA,NA
"Idaho","linear_increase_sd","Past",2020-05-11,"combined_trend",NA,NA,NA,0.379571270660915,NA,NA,NA,NA
"Idaho","return_normal","Past",2020-05-11,"combined_trend",NA,NA,NA,0.379571270660915,NA,NA,NA,NA
"Idaho","status_quo","Past",2020-05-11,"combined_trend",NA,NA,NA,0.379571270660915,NA,NA,NA,NA
"Idaho","linear_increase_sd","Past",2020-05-11,"cumulative_all_infections",12003,12003,12003,12003,12003,12003,12003,12003
"Idaho","return_normal","Past",2020-05-11,"cumulative_all_infections",12003,12003,12003,12003,12003,12003,12003,12003
"Idaho","status_quo","Past",2020-05-11,"cumulative_all_infections",12003,12003,12003,12003,12003,12003,12003,12003
"Idaho","linear_increase_sd","Past",2020-05-11,"cumulative_cases",2502,2502,2502,2502,2502,2502,2502,2502
"Idaho","return_normal","Past",2020-05-11,"cumulative_cases",2502,2502,2502,2502,2502,2502,2502,2502
"Idaho","status_quo","Past",2020-05-11,"cumulative_cases",2502,2502,2502,2502,2502,2502,2502,2502
"Idaho","linear_increase_sd","Past",2020-05-11,"cumulative_deaths",139,139,139,139,139,139,139,139
"Idaho","return_normal","Past",2020-05-11,"cumulative_deaths",139,139,139,139,139,139,139,139
"Idaho","status_quo","Past",2020-05-11,"cumulative_deaths",139,139,139,139,139,139,139,139
"Idaho","linear_increase_sd","Past",2020-05-11,"cumulative_hosps",315,315,315,315,315,315,315,315
"Idaho","return_normal","Past",2020-05-11,"cumulative_hosps",315,315,315,315,315,315,315,315
"Idaho","status_quo","Past",2020-05-11,"cumulative_hosps",315,315,315,315,315,315,315,315
"Idaho","linear_increase_sd","Past",2020-05-11,"daily_all_infections",108,108,108,108,108,108,108,108
"Idaho","return_normal","Past",2020-05-11,"daily_all_infections",108,108,108,108,108,108,108,108
"Idaho","status_quo","Past",2020-05-11,"daily_all_infections",108,108,108,108,108,108,108,108
"Idaho","linear_increase_sd","Past",2020-05-11,"daily_cases",25,25,25,25,25,25,25,25
"Idaho","return_normal","Past",2020-05-11,"daily_cases",25,25,25,25,25,25,25,25
"Idaho","status_quo","Past",2020-05-11,"daily_cases",25,25,25,25,25,25,25,25
"Idaho","linear_increase_sd","Past",2020-05-11,"daily_deaths",2,2,2,2,2,2,2,2
"Idaho","return_normal","Past",2020-05-11,"daily_deaths",2,2,2,2,2,2,2,2
"Idaho","status_quo","Past",2020-05-11,"daily_deaths",2,2,2,2,2,2,2,2
"Idaho","linear_increase_sd","Past",2020-05-11,"daily_hosps",4,4,4,4,4,4,4,4
"Idaho","return_normal","Past",2020-05-11,"daily_hosps",4,4,4,4,4,4,4,4
"Idaho","status_quo","Past",2020-05-11,"daily_hosps",4,4,4,4,4,4,4,4
"Idaho","linear_increase_sd","Past",2020-05-11,"latent_trend",NA,NA,NA,0.469794070092843,NA,NA,NA,NA
"Idaho","return_normal","Past",2020-05-11,"latent_trend",NA,NA,NA,0.469794070092843,NA,NA,NA,NA
"Idaho","status_quo","Past",2020-05-11,"latent_trend",NA,NA,NA,0.469794070092843,NA,NA,NA,NA
"Idaho","linear_increase_sd","Past",2020-05-11,"mobility_trend",NA,NA,NA,0.807952451562239,NA,NA,NA,NA
"Idaho","return_normal","Past",2020-05-11,"mobility_trend",NA,NA,NA,0.807952451562239,NA,NA,NA,NA
"Idaho","status_quo","Past",2020-05-11,"mobility_trend",NA,NA,NA,0.807952451562239,NA,NA,NA,NA
"Idaho",NA,"Past",2020-05-12,"actual_cumulative_cases",NA,NA,NA,2260,NA,NA,NA,NA
"Idaho",NA,"Past",2020-05-12,"actual_cumulative_deaths",NA,NA,NA,70,NA,NA,NA,NA
"Idaho",NA,"Past",2020-05-12,"actual_daily_cases",NA,NA,NA,30,NA,NA,NA,NA
"Idaho",NA,"Past",2020-05-12,"actual_daily_deaths",NA,NA,NA,3,NA,NA,NA,NA
"Idaho","linear_increase_sd","Past",2020-05-12,"combined_trend",NA,NA,NA,0.382883345691748,NA,NA,NA,NA
"Idaho","return_normal","Past",2020-05-12,"combined_trend",NA,NA,NA,0.382883345691748,NA,NA,NA,NA
"Idaho","status_quo","Past",2020-05-12,"combined_trend",NA,NA,NA,0.382883345691748,NA,NA,NA,NA
"Idaho","linear_increase_sd","Past",2020-05-12,"cumulative_all_infections",12114,12114,12114,12114,12114,12114,12114,12114
"Idaho","return_normal","Past",2020-05-12,"cumulative_all_infections",12114,12114,12114,12114,12114,12114,12114,12114
"Idaho","status_quo","Past",2020-05-12,"cumulative_all_infections",12114,12114,12114,12114,12114,12114,12114,12114
"Idaho","linear_increase_sd","Past",2020-05-12,"cumulative_cases",2530,2530,2530,2530,2530,2530,2530,2530
"Idaho","return_normal","Past",2020-05-12,"cumulative_cases",2530,2530,2530,2530,2530,2530,2530,2530
"Idaho","status_quo","Past",2020-05-12,"cumulative_cases",2530,2530,2530,2530,2530,2530,2530,2530
"Idaho","linear_increase_sd","Past",2020-05-12,"cumulative_deaths",140,140,140,140,140,140,140,140
"Idaho","return_normal","Past",2020-05-12,"cumulative_deaths",140,140,140,140,140,140,140,140
"Idaho","status_quo","Past",2020-05-12,"cumulative_deaths",140,140,140,140,140,140,140,140
"Idaho","linear_increase_sd","Past",2020-05-12,"cumulative_hosps",319,319,319,319,319,319,319,319
"Idaho","return_normal","Past",2020-05-12,"cumulative_hosps",319,319,319,319,319,319,319,319
"Idaho","status_quo","Past",2020-05-12,"cumulative_hosps",319,319,319,319,319,319,319,319
"Idaho","linear_increase_sd","Past",2020-05-12,"daily_all_infections",111,111,111,111,111,111,111,111
"Idaho","return_normal","Past",2020-05-12,"daily_all_infections",111,111,111,111,111,111,111,111
"Idaho","status_quo","Past",2020-05-12,"daily_all_infections",111,111,111,111,111,111,111,111
"Idaho","linear_increase_sd","Past",2020-05-12,"daily_cases",28,28,28,28,28,28,28,28
"Idaho","return_normal","Past",2020-05-12,"daily_cases",28,28,28,28,28,28,28,28
"Idaho","status_quo","Past",2020-05-12,"daily_cases",28,28,28,28,28,28,28,28
"Idaho","linear_increase_sd","Past",2020-05-12,"daily_deaths",1,1,1,1,1,1,1,1
"Idaho","return_normal","Past",2020-05-12,"daily_deaths",1,1,1,1,1,1,1,1
"Idaho","status_quo","Past",2020-05-12,"daily_deaths",1,1,1,1,1,1,1,1
"Idaho","linear_increase_sd","Past",2020-05-12,"daily_hosps",4,4,4,4,4,4,4,4
"Idaho","return_normal","Past",2020-05-12,"daily_hosps",4,4,4,4,4,4,4,4
"Idaho","status_quo","Past",2020-05-12,"daily_hosps",4,4,4,4,4,4,4,4
"Idaho","linear_increase_sd","Past",2020-05-12,"latent_trend",NA,NA,NA,0.46908407955728,NA,NA,NA,NA
"Idaho","return_normal","Past",2020-05-12,"latent_trend",NA,NA,NA,0.46908407955728,NA,NA,NA,NA
"Idaho","status_quo","Past",2020-05-12,"latent_trend",NA,NA,NA,0.46908407955728,NA,NA,NA,NA
"Idaho","linear_increase_sd","Past",2020-05-12,"mobility_trend",NA,NA,NA,0.816236070201128,NA,NA,NA,NA
"Idaho","return_normal","Past",2020-05-12,"mobility_trend",NA,NA,NA,0.816236070201128,NA,NA,NA,NA
"Idaho","status_quo","Past",2020-05-12,"mobility_trend",NA,NA,NA,0.816236070201128,NA,NA,NA,NA
"Idaho",NA,"Past",2020-05-13,"actual_cumulative_cases",NA,NA,NA,2293,NA,NA,NA,NA
"Idaho",NA,"Past",2020-05-13,"actual_cumulative_deaths",NA,NA,NA,70,NA,NA,NA,NA
"Idaho",NA,"Past",2020-05-13,"actual_daily_cases",NA,NA,NA,33,NA,NA,NA,NA
"Idaho",NA,"Past",2020-05-13,"actual_daily_deaths",NA,NA,NA,NA,NA,NA,NA,NA
"Idaho","linear_increase_sd","Past",2020-05-13,"combined_trend",NA,NA,NA,0.385495120149917,NA,NA,NA,NA
"Idaho","return_normal","Past",2020-05-13,"combined_trend",NA,NA,NA,0.385495120149917,NA,NA,NA,NA
"Idaho","status_quo","Past",2020-05-13,"combined_trend",NA,NA,NA,0.385495120149917,NA,NA,NA,NA
"Idaho","linear_increase_sd","Past",2020-05-13,"cumulative_all_infections",12227,12227,12227,12227,12227,12227,12227,12227
"Idaho","return_normal","Past",2020-05-13,"cumulative_all_infections",12227,12227,12227,12227,12227,12227,12227,12227
"Idaho","status_quo","Past",2020-05-13,"cumulative_all_infections",12227,12227,12227,12227,12227,12227,12227,12227
"Idaho","linear_increase_sd","Past",2020-05-13,"cumulative_cases",2562,2562,2562,2562,2562,2562,2562,2562
"Idaho","return_normal","Past",2020-05-13,"cumulative_cases",2562,2562,2562,2562,2562,2562,2562,2562
"Idaho","status_quo","Past",2020-05-13,"cumulative_cases",2562,2562,2562,2562,2562,2562,2562,2562
"Idaho","linear_increase_sd","Past",2020-05-13,"cumulative_deaths",142,142,142,142,142,142,142,142
"Idaho","return_normal","Past",2020-05-13,"cumulative_deaths",142,142,142,142,142,142,142,142
"Idaho","status_quo","Past",2020-05-13,"cumulative_deaths",142,142,142,142,142,142,142,142
"Idaho","linear_increase_sd","Past",2020-05-13,"cumulative_hosps",323,323,323,323,323,323,323,323
"Idaho","return_normal","Past",2020-05-13,"cumulative_hosps",323,323,323,323,323,323,323,323
"Idaho","status_quo","Past",2020-05-13,"cumulative_hosps",323,323,323,323,323,323,323,323
"Idaho","linear_increase_sd","Past",2020-05-13,"daily_all_infections",113,113,113,113,113,113,113,113
"Idaho","return_normal","Past",2020-05-13,"daily_all_infections",113,113,113,113,113,113,113,113
"Idaho","status_quo","Past",2020-05-13,"daily_all_infections",113,113,113,113,113,113,113,113
"Idaho","linear_increase_sd","Past",2020-05-13,"daily_cases",32,32,32,32,32,32,32,32
"Idaho","return_normal","Past",2020-05-13,"daily_cases",32,32,32,32,32,32,32,32
"Idaho","status_quo","Past",2020-05-13,"daily_cases",32,32,32,32,32,32,32,32
"Idaho","linear_increase_sd","Past",2020-05-13,"daily_deaths",2,2,2,2,2,2,2,2
"Idaho","return_normal","Past",2020-05-13,"daily_deaths",2,2,2,2,2,2,2,2
"Idaho","status_quo","Past",2020-05-13,"daily_deaths",2,2,2,2,2,2,2,2
"Idaho","linear_increase_sd","Past",2020-05-13,"daily_hosps",4,4,4,4,4,4,4,4
"Idaho","return_normal","Past",2020-05-13,"daily_hosps",4,4,4,4,4,4,4,4
"Idaho","status_quo","Past",2020-05-13,"daily_hosps",4,4,4,4,4,4,4,4
"Idaho","linear_increase_sd","Past",2020-05-13,"latent_trend",NA,NA,NA,0.467723364713367,NA,NA,NA,NA
"Idaho","return_normal","Past",2020-05-13,"latent_trend",NA,NA,NA,0.467723364713367,NA,NA,NA,NA
"Idaho","status_quo","Past",2020-05-13,"latent_trend",NA,NA,NA,0.467723364713367,NA,NA,NA,NA
"Idaho","linear_increase_sd","Past",2020-05-13,"mobility_trend",NA,NA,NA,0.824194704034421,NA,NA,NA,NA
"Idaho","return_normal","Past",2020-05-13,"mobility_trend",NA,NA,NA,0.824194704034421,NA,NA,NA,NA
"Idaho","status_quo","Past",2020-05-13,"mobility_trend",NA,NA,NA,0.824194704034421,NA,NA,NA,NA
"Idaho",NA,"Past",2020-05-14,"actual_cumulative_cases",NA,NA,NA,2324,NA,NA,NA,NA
"Idaho",NA,"Past",2020-05-14,"actual_cumulative_deaths",NA,NA,NA,70,NA,NA,NA,NA
"Idaho",NA,"Past",2020-05-14,"actual_daily_cases",NA,NA,NA,31,NA,NA,NA,NA
"Idaho",NA,"Past",2020-05-14,"actual_daily_deaths",NA,NA,NA,0,NA,NA,NA,NA
"Idaho","linear_increase_sd","Past",2020-05-14,"combined_trend",NA,NA,NA,0.38746155856122,NA,NA,NA,NA
"Idaho","return_normal","Past",2020-05-14,"combined_trend",NA,NA,NA,0.38746155856122,NA,NA,NA,NA
"Idaho","status_quo","Past",2020-05-14,"combined_trend",NA,NA,NA,0.38746155856122,NA,NA,NA,NA
"Idaho","linear_increase_sd","Past",2020-05-14,"cumulative_all_infections",12341,12341,12341,12341,12341,12341,12341,12341
"Idaho","return_normal","Past",2020-05-14,"cumulative_all_infections",12341,12341,12341,12341,12341,12341,12341,12341
"Idaho","status_quo","Past",2020-05-14,"cumulative_all_infections",12341,12341,12341,12341,12341,12341,12341,12341
"Idaho","linear_increase_sd","Past",2020-05-14,"cumulative_cases",2599,2599,2599,2599,2599,2599,2599,2599
"Idaho","return_normal","Past",2020-05-14,"cumulative_cases",2599,2599,2599,2599,2599,2599,2599,2599
"Idaho","status_quo","Past",2020-05-14,"cumulative_cases",2599,2599,2599,2599,2599,2599,2599,2599
"Idaho","linear_increase_sd","Past",2020-05-14,"cumulative_deaths",144,144,144,144,144,144,144,144
"Idaho","return_normal","Past",2020-05-14,"cumulative_deaths",144,144,144,144,144,144,144,144
"Idaho","status_quo","Past",2020-05-14,"cumulative_deaths",144,144,144,144,144,144,144,144
"Idaho","linear_increase_sd","Past",2020-05-14,"cumulative_hosps",327,327,327,327,327,327,327,327
"Idaho","return_normal","Past",2020-05-14,"cumulative_hosps",327,327,327,327,327,327,327,327
"Idaho","status_quo","Past",2020-05-14,"cumulative_hosps",327,327,327,327,327,327,327,327
"Idaho","linear_increase_sd","Past",2020-05-14,"daily_all_infections",114,114,114,114,114,114,114,114
"Idaho","return_normal","Past",2020-05-14,"daily_all_infections",114,114,114,114,114,114,114,114
"Idaho","status_quo","Past",2020-05-14,"daily_all_infections",114,114,114,114,114,114,114,114
"Idaho","linear_increase_sd","Past",2020-05-14,"daily_cases",37,37,37,37,37,37,37,37
"Idaho","return_normal","Past",2020-05-14,"daily_cases",37,37,37,37,37,37,37,37
"Idaho","status_quo","Past",2020-05-14,"daily_cases",37,37,37,37,37,37,37,37
"Idaho","linear_increase_sd","Past",2020-05-14,"daily_deaths",2,2,2,2,2,2,2,2
"Idaho","return_normal","Past",2020-05-14,"daily_deaths",2,2,2,2,2,2,2,2
"Idaho","status_quo","Past",2020-05-14,"daily_deaths",2,2,2,2,2,2,2,2
"Idaho","linear_increase_sd","Past",2020-05-14,"daily_hosps",4,4,4,4,4,4,4,4
"Idaho","return_normal","Past",2020-05-14,"daily_hosps",4,4,4,4,4,4,4,4
"Idaho","status_quo","Past",2020-05-14,"daily_hosps",4,4,4,4,4,4,4,4
"Idaho","linear_increase_sd","Past",2020-05-14,"latent_trend",NA,NA,NA,0.465803127360069,NA,NA,NA,NA
"Idaho","return_normal","Past",2020-05-14,"latent_trend",NA,NA,NA,0.465803127360069,NA,NA,NA,NA
"Idaho","status_quo","Past",2020-05-14,"latent_trend",NA,NA,NA,0.465803127360069,NA,NA,NA,NA
"Idaho","linear_increase_sd","Past",2020-05-14,"mobility_trend",NA,NA,NA,0.831813991368311,NA,NA,NA,NA
"Idaho","return_normal","Past",2020-05-14,"mobility_trend",NA,NA,NA,0.831813991368311,NA,NA,NA,NA
"Idaho","status_quo","Past",2020-05-14,"mobility_trend",NA,NA,NA,0.831813991368311,NA,NA,NA,NA
"Idaho",NA,"Past",2020-05-15,"actual_cumulative_cases",NA,NA,NA,2351,NA,NA,NA,NA
"Idaho",NA,"Past",2020-05-15,"actual_cumulative_deaths",NA,NA,NA,73,NA,NA,NA,NA
"Idaho",NA,"Past",2020-05-15,"actual_daily_cases",NA,NA,NA,27,NA,NA,NA,NA
"Idaho",NA,"Past",2020-05-15,"actual_daily_deaths",NA,NA,NA,3,NA,NA,NA,NA
"Idaho","linear_increase_sd","Past",2020-05-15,"combined_trend",NA,NA,NA,0.388842515058412,NA,NA,NA,NA
"Idaho","return_normal","Past",2020-05-15,"combined_trend",NA,NA,NA,0.388842515058412,NA,NA,NA,NA
"Idaho","status_quo","Past",2020-05-15,"combined_trend",NA,NA,NA,0.388842515058412,NA,NA,NA,NA
"Idaho","linear_increase_sd","Past",2020-05-15,"cumulative_all_infections",12459,12459,12459,12459,12459,12459,12459,12459
"Idaho","return_normal","Past",2020-05-15,"cumulative_all_infections",12459,12459,12459,12459,12459,12459,12459,12459
"Idaho","status_quo","Past",2020-05-15,"cumulative_all_infections",12459,12459,12459,12459,12459,12459,12459,12459
"Idaho","linear_increase_sd","Past",2020-05-15,"cumulative_cases",2639,2639,2639,2639,2639,2639,2639,2639
"Idaho","return_normal","Past",2020-05-15,"cumulative_cases",2639,2639,2639,2639,2639,2639,2639,2639
"Idaho","status_quo","Past",2020-05-15,"cumulative_cases",2639,2639,2639,2639,2639,2639,2639,2639
"Idaho","linear_increase_sd","Past",2020-05-15,"cumulative_deaths",145,145,145,145,145,145,145,145
"Idaho","return_normal","Past",2020-05-15,"cumulative_deaths",145,145,145,145,145,145,145,145
"Idaho","status_quo","Past",2020-05-15,"cumulative_deaths",145,145,145,145,145,145,145,145
"Idaho","linear_increase_sd","Past",2020-05-15,"cumulative_hosps",331,331,331,331,331,331,331,331
"Idaho","return_normal","Past",2020-05-15,"cumulative_hosps",331,331,331,331,331,331,331,331
"Idaho","status_quo","Past",2020-05-15,"cumulative_hosps",331,331,331,331,331,331,331,331
"Idaho","linear_increase_sd","Past",2020-05-15,"daily_all_infections",118,118,118,118,118,118,118,118
"Idaho","return_normal","Past",2020-05-15,"daily_all_infections",118,118,118,118,118,118,118,118
"Idaho","status_quo","Past",2020-05-15,"daily_all_infections",118,118,118,118,118,118,118,118
"Idaho","linear_increase_sd","Past",2020-05-15,"daily_cases",40,40,40,40,40,40,40,40
"Idaho","return_normal","Past",2020-05-15,"daily_cases",40,40,40,40,40,40,40,40
"Idaho","status_quo","Past",2020-05-15,"daily_cases",40,40,40,40,40,40,40,40
"Idaho","linear_increase_sd","Past",2020-05-15,"daily_deaths",1,1,1,1,1,1,1,1
"Idaho","return_normal","Past",2020-05-15,"daily_deaths",1,1,1,1,1,1,1,1
"Idaho","status_quo","Past",2020-05-15,"daily_deaths",1,1,1,1,1,1,1,1
"Idaho","linear_increase_sd","Past",2020-05-15,"daily_hosps",4,4,4,4,4,4,4,4
"Idaho","return_normal","Past",2020-05-15,"daily_hosps",4,4,4,4,4,4,4,4
"Idaho","status_quo","Past",2020-05-15,"daily_hosps",4,4,4,4,4,4,4,4
"Idaho","linear_increase_sd","Past",2020-05-15,"latent_trend",NA,NA,NA,0.463414731747056,NA,NA,NA,NA
"Idaho","return_normal","Past",2020-05-15,"latent_trend",NA,NA,NA,0.463414731747056,NA,NA,NA,NA
"Idaho","status_quo","Past",2020-05-15,"latent_trend",NA,NA,NA,0.463414731747056,NA,NA,NA,NA
"Idaho","linear_increase_sd","Past",2020-05-15,"mobility_trend",NA,NA,NA,0.839081039984401,NA,NA,NA,NA
"Idaho","return_normal","Past",2020-05-15,"mobility_trend",NA,NA,NA,0.839081039984401,NA,NA,NA,NA
"Idaho","status_quo","Past",2020-05-15,"mobility_trend",NA,NA,NA,0.839081039984401,NA,NA,NA,NA
"Idaho",NA,"Past",2020-05-16,"actual_cumulative_cases",NA,NA,NA,2389,NA,NA,NA,NA
"Idaho",NA,"Past",2020-05-16,"actual_cumulative_deaths",NA,NA,NA,74,NA,NA,NA,NA
"Idaho",NA,"Past",2020-05-16,"actual_daily_cases",NA,NA,NA,38,NA,NA,NA,NA
"Idaho",NA,"Past",2020-05-16,"actual_daily_deaths",NA,NA,NA,1,NA,NA,NA,NA
"Idaho","linear_increase_sd","Past",2020-05-16,"combined_trend",NA,NA,NA,0.389701721107437,NA,NA,NA,NA
"Idaho","return_normal","Past",2020-05-16,"combined_trend",NA,NA,NA,0.389701721107437,NA,NA,NA,NA
"Idaho","status_quo","Past",2020-05-16,"combined_trend",NA,NA,NA,0.389701721107437,NA,NA,NA,NA
"Idaho","linear_increase_sd","Past",2020-05-16,"cumulative_all_infections",12579,12579,12579,12579,12579,12579,12579,12579
"Idaho","return_normal","Past",2020-05-16,"cumulative_all_infections",12579,12579,12579,12579,12579,12579,12579,12579
"Idaho","status_quo","Past",2020-05-16,"cumulative_all_infections",12579,12579,12579,12579,12579,12579,12579,12579
"Idaho","linear_increase_sd","Past",2020-05-16,"cumulative_cases",2674,2674,2674,2674,2674,2674,2674,2674
"Idaho","return_normal","Past",2020-05-16,"cumulative_cases",2674,2674,2674,2674,2674,2674,2674,2674
"Idaho","status_quo","Past",2020-05-16,"cumulative_cases",2674,2674,2674,2674,2674,2674,2674,2674
"Idaho","linear_increase_sd","Past",2020-05-16,"cumulative_deaths",146,146,146,146,146,146,146,146
"Idaho","return_normal","Past",2020-05-16,"cumulative_deaths",146,146,146,146,146,146,146,146
"Idaho","status_quo","Past",2020-05-16,"cumulative_deaths",146,146,146,146,146,146,146,146
"Idaho","linear_increase_sd","Past",2020-05-16,"cumulative_hosps",335,335,335,335,335,335,335,335
"Idaho","return_normal","Past",2020-05-16,"cumulative_hosps",335,335,335,335,335,335,335,335
"Idaho","status_quo","Past",2020-05-16,"cumulative_hosps",335,335,335,335,335,335,335,335
"Idaho","linear_increase_sd","Past",2020-05-16,"daily_all_infections",120,120,120,120,120,120,120,120
"Idaho","return_normal","Past",2020-05-16,"daily_all_infections",120,120,120,120,120,120,120,120
"Idaho","status_quo","Past",2020-05-16,"daily_all_infections",120,120,120,120,120,120,120,120
"Idaho","linear_increase_sd","Past",2020-05-16,"daily_cases",35,35,35,35,35,35,35,35
"Idaho","return_normal","Past",2020-05-16,"daily_cases",35,35,35,35,35,35,35,35
"Idaho","status_quo","Past",2020-05-16,"daily_cases",35,35,35,35,35,35,35,35
"Idaho","linear_increase_sd","Past",2020-05-16,"daily_deaths",1,1,1,1,1,1,1,1
"Idaho","return_normal","Past",2020-05-16,"daily_deaths",1,1,1,1,1,1,1,1
"Idaho","status_quo","Past",2020-05-16,"daily_deaths",1,1,1,1,1,1,1,1
"Idaho","linear_increase_sd","Past",2020-05-16,"daily_hosps",4,4,4,4,4,4,4,4
"Idaho","return_normal","Past",2020-05-16,"daily_hosps",4,4,4,4,4,4,4,4
"Idaho","status_quo","Past",2020-05-16,"daily_hosps",4,4,4,4,4,4,4,4
"Idaho","linear_increase_sd","Past",2020-05-16,"latent_trend",NA,NA,NA,0.460649611882702,NA,NA,NA,NA
"Idaho","return_normal","Past",2020-05-16,"latent_trend",NA,NA,NA,0.460649611882702,NA,NA,NA,NA
"Idaho","status_quo","Past",2020-05-16,"latent_trend",NA,NA,NA,0.460649611882702,NA,NA,NA,NA
"Idaho","linear_increase_sd","Past",2020-05-16,"mobility_trend",NA,NA,NA,0.845982957664293,NA,NA,NA,NA
"Idaho","return_normal","Past",2020-05-16,"mobility_trend",NA,NA,NA,0.845982957664293,NA,NA,NA,NA
"Idaho","status_quo","Past",2020-05-16,"mobility_trend",NA,NA,NA,0.845982957664293,NA,NA,NA,NA
"Idaho",NA,"Past",2020-05-17,"actual_cumulative_cases",NA,NA,NA,2419,NA,NA,NA,NA
"Idaho",NA,"Past",2020-05-17,"actual_cumulative_deaths",NA,NA,NA,74,NA,NA,NA,NA
"Idaho",NA,"Past",2020-05-17,"actual_daily_cases",NA,NA,NA,30,NA,NA,NA,NA
"Idaho",NA,"Past",2020-05-17,"actual_daily_deaths",NA,NA,NA,0,NA,NA,NA,NA
"Idaho","linear_increase_sd","Past",2020-05-17,"combined_trend",NA,NA,NA,0.390106105789119,NA,NA,NA,NA
"Idaho","return_normal","Past",2020-05-17,"combined_trend",NA,NA,NA,0.390106105789119,NA,NA,NA,NA
"Idaho","status_quo","Past",2020-05-17,"combined_trend",NA,NA,NA,0.390106105789119,NA,NA,NA,NA
"Idaho","linear_increase_sd","Past",2020-05-17,"cumulative_all_infections",12700,12700,12700,12700,12700,12700,12700,12700
"Idaho","return_normal","Past",2020-05-17,"cumulative_all_infections",12700,12700,12700,12700,12700,12700,12700,12700
"Idaho","status_quo","Past",2020-05-17,"cumulative_all_infections",12700,12700,12700,12700,12700,12700,12700,12700
"Idaho","linear_increase_sd","Past",2020-05-17,"cumulative_cases",2706,2706,2706,2706,2706,2706,2706,2706
"Idaho","return_normal","Past",2020-05-17,"cumulative_cases",2706,2706,2706,2706,2706,2706,2706,2706
"Idaho","status_quo","Past",2020-05-17,"cumulative_cases",2706,2706,2706,2706,2706,2706,2706,2706
"Idaho","linear_increase_sd","Past",2020-05-17,"cumulative_deaths",148,148,148,148,148,148,148,148
"Idaho","return_normal","Past",2020-05-17,"cumulative_deaths",148,148,148,148,148,148,148,148
"Idaho","status_quo","Past",2020-05-17,"cumulative_deaths",148,148,148,148,148,148,148,148
"Idaho","linear_increase_sd","Past",2020-05-17,"cumulative_hosps",339,339,339,339,339,339,339,339
"Idaho","return_normal","Past",2020-05-17,"cumulative_hosps",339,339,339,339,339,339,339,339
"Idaho","status_quo","Past",2020-05-17,"cumulative_hosps",339,339,339,339,339,339,339,339
"Idaho","linear_increase_sd","Past",2020-05-17,"daily_all_infections",121,121,121,121,121,121,121,121
"Idaho","return_normal","Past",2020-05-17,"daily_all_infections",121,121,121,121,121,121,121,121
"Idaho","status_quo","Past",2020-05-17,"daily_all_infections",121,121,121,121,121,121,121,121
"Idaho","linear_increase_sd","Past",2020-05-17,"daily_cases",32,32,32,32,32,32,32,32
"Idaho","return_normal","Past",2020-05-17,"daily_cases",32,32,32,32,32,32,32,32
"Idaho","status_quo","Past",2020-05-17,"daily_cases",32,32,32,32,32,32,32,32
"Idaho","linear_increase_sd","Past",2020-05-17,"daily_deaths",2,2,2,2,2,2,2,2
"Idaho","return_normal","Past",2020-05-17,"daily_deaths",2,2,2,2,2,2,2,2
"Idaho","status_quo","Past",2020-05-17,"daily_deaths",2,2,2,2,2,2,2,2
"Idaho","linear_increase_sd","Past",2020-05-17,"daily_hosps",4,4,4,4,4,4,4,4
"Idaho","return_normal","Past",2020-05-17,"daily_hosps",4,4,4,4,4,4,4,4
"Idaho","status_quo","Past",2020-05-17,"daily_hosps",4,4,4,4,4,4,4,4
"Idaho","linear_increase_sd","Past",2020-05-17,"latent_trend",NA,NA,NA,0.457599171577459,NA,NA,NA,NA
"Idaho","return_normal","Past",2020-05-17,"latent_trend",NA,NA,NA,0.457599171577459,NA,NA,NA,NA
"Idaho","status_quo","Past",2020-05-17,"latent_trend",NA,NA,NA,0.457599171577459,NA,NA,NA,NA
"Idaho","linear_increase_sd","Past",2020-05-17,"mobility_trend",NA,NA,NA,0.852506145158272,NA,NA,NA,NA
"Idaho","return_normal","Past",2020-05-17,"mobility_trend",NA,NA,NA,0.852506145158272,NA,NA,NA,NA
"Idaho","status_quo","Past",2020-05-17,"mobility_trend",NA,NA,NA,0.852506145158272,NA,NA,NA,NA
"Idaho",NA,"Past",2020-05-18,"actual_cumulative_cases",NA,NA,NA,2419,NA,NA,NA,NA
"Idaho",NA,"Past",2020-05-18,"actual_cumulative_deaths",NA,NA,NA,74,NA,NA,NA,NA
"Idaho",NA,"Past",2020-05-18,"actual_daily_cases",NA,NA,NA,0,NA,NA,NA,NA
"Idaho",NA,"Past",2020-05-18,"actual_daily_deaths",NA,NA,NA,0,NA,NA,NA,NA
"Idaho","linear_increase_sd","Past",2020-05-18,"combined_trend",NA,NA,NA,0.390124450916569,NA,NA,NA,NA
"Idaho","return_normal","Past",2020-05-18,"combined_trend",NA,NA,NA,0.390124450916569,NA,NA,NA,NA
"Idaho","status_quo","Past",2020-05-18,"combined_trend",NA,NA,NA,0.390124450916569,NA,NA,NA,NA
"Idaho","linear_increase_sd","Past",2020-05-18,"cumulative_all_infections",12825,12825,12825,12825,12825,12825,12825,12825
"Idaho","return_normal","Past",2020-05-18,"cumulative_all_infections",12825,12825,12825,12825,12825,12825,12825,12825
"Idaho","status_quo","Past",2020-05-18,"cumulative_all_infections",12825,12825,12825,12825,12825,12825,12825,12825
"Idaho","linear_increase_sd","Past",2020-05-18,"cumulative_cases",2745,2745,2745,2745,2745,2745,2745,2745
"Idaho","return_normal","Past",2020-05-18,"cumulative_cases",2745,2745,2745,2745,2745,2745,2745,2745
"Idaho","status_quo","Past",2020-05-18,"cumulative_cases",2745,2745,2745,2745,2745,2745,2745,2745
"Idaho","linear_increase_sd","Past",2020-05-18,"cumulative_deaths",149,149,149,149,149,149,149,149
"Idaho","return_normal","Past",2020-05-18,"cumulative_deaths",149,149,149,149,149,149,149,149
"Idaho","status_quo","Past",2020-05-18,"cumulative_deaths",149,149,149,149,149,149,149,149
"Idaho","linear_increase_sd","Past",2020-05-18,"cumulative_hosps",343,343,343,343,343,343,343,343
"Idaho","return_normal","Past",2020-05-18,"cumulative_hosps",343,343,343,343,343,343,343,343
"Idaho","status_quo","Past",2020-05-18,"cumulative_hosps",343,343,343,343,343,343,343,343
"Idaho","linear_increase_sd","Past",2020-05-18,"daily_all_infections",125,125,125,125,125,125,125,125
"Idaho","return_normal","Past",2020-05-18,"daily_all_infections",125,125,125,125,125,125,125,125
"Idaho","status_quo","Past",2020-05-18,"daily_all_infections",125,125,125,125,125,125,125,125
"Idaho","linear_increase_sd","Past",2020-05-18,"daily_cases",39,39,39,39,39,39,39,39
"Idaho","return_normal","Past",2020-05-18,"daily_cases",39,39,39,39,39,39,39,39
"Idaho","status_quo","Past",2020-05-18,"daily_cases",39,39,39,39,39,39,39,39
"Idaho","linear_increase_sd","Past",2020-05-18,"daily_deaths",1,1,1,1,1,1,1,1
"Idaho","return_normal","Past",2020-05-18,"daily_deaths",1,1,1,1,1,1,1,1
"Idaho","status_quo","Past",2020-05-18,"daily_deaths",1,1,1,1,1,1,1,1
"Idaho","linear_increase_sd","Past",2020-05-18,"daily_hosps",4,4,4,4,4,4,4,4
"Idaho","return_normal","Past",2020-05-18,"daily_hosps",4,4,4,4,4,4,4,4
"Idaho","status_quo","Past",2020-05-18,"daily_hosps",4,4,4,4,4,4,4,4
"Idaho","linear_increase_sd","Past",2020-05-18,"latent_trend",NA,NA,NA,0.454354674241871,NA,NA,NA,NA
"Idaho","return_normal","Past",2020-05-18,"latent_trend",NA,NA,NA,0.454354674241871,NA,NA,NA,NA
"Idaho","status_quo","Past",2020-05-18,"latent_trend",NA,NA,NA,0.454354674241871,NA,NA,NA,NA
"Idaho","linear_increase_sd","Past",2020-05-18,"mobility_trend",NA,NA,NA,0.858634175091352,NA,NA,NA,NA
"Idaho","return_normal","Past",2020-05-18,"mobility_trend",NA,NA,NA,0.858634175091352,NA,NA,NA,NA
"Idaho","status_quo","Past",2020-05-18,"mobility_trend",NA,NA,NA,0.858634175091352,NA,NA,NA,NA
"Idaho",NA,"Past",2020-05-19,"actual_cumulative_cases",NA,NA,NA,2455,NA,NA,NA,NA
"Idaho",NA,"Past",2020-05-19,"actual_cumulative_deaths",NA,NA,NA,75,NA,NA,NA,NA
"Idaho",NA,"Past",2020-05-19,"actual_daily_cases",NA,NA,NA,36,NA,NA,NA,NA
"Idaho",NA,"Past",2020-05-19,"actual_daily_deaths",NA,NA,NA,1,NA,NA,NA,NA
"Idaho","linear_increase_sd","Past",2020-05-19,"combined_trend",NA,NA,NA,0.389827970570489,NA,NA,NA,NA
"Idaho","return_normal","Past",2020-05-19,"combined_trend",NA,NA,NA,0.389827970570489,NA,NA,NA,NA
"Idaho","status_quo","Past",2020-05-19,"combined_trend",NA,NA,NA,0.389827970570489,NA,NA,NA,NA
"Idaho","linear_increase_sd","Past",2020-05-19,"cumulative_all_infections",12949,12949,12949,12949,12949,12949,12949,12949
"Idaho","return_normal","Past",2020-05-19,"cumulative_all_infections",12949,12949,12949,12949,12949,12949,12949,12949
"Idaho","status_quo","Past",2020-05-19,"cumulative_all_infections",12949,12949,12949,12949,12949,12949,12949,12949
"Idaho","linear_increase_sd","Past",2020-05-19,"cumulative_cases",2784,2784,2784,2784,2784,2784,2784,2784
"Idaho","return_normal","Past",2020-05-19,"cumulative_cases",2784,2784,2784,2784,2784,2784,2784,2784
"Idaho","status_quo","Past",2020-05-19,"cumulative_cases",2784,2784,2784,2784,2784,2784,2784,2784
"Idaho","linear_increase_sd","Past",2020-05-19,"cumulative_deaths",150,150,150,150,150,150,150,150
"Idaho","return_normal","Past",2020-05-19,"cumulative_deaths",150,150,150,150,150,150,150,150
"Idaho","status_quo","Past",2020-05-19,"cumulative_deaths",150,150,150,150,150,150,150,150
"Idaho","linear_increase_sd","Past",2020-05-19,"cumulative_hosps",347,347,347,347,347,347,347,347
"Idaho","return_normal","Past",2020-05-19,"cumulative_hosps",347,347,347,347,347,347,347,347
"Idaho","status_quo","Past",2020-05-19,"cumulative_hosps",347,347,347,347,347,347,347,347
"Idaho","linear_increase_sd","Past",2020-05-19,"daily_all_infections",124,124,124,124,124,124,124,124
"Idaho","return_normal","Past",2020-05-19,"daily_all_infections",124,124,124,124,124,124,124,124
"Idaho","status_quo","Past",2020-05-19,"daily_all_infections",124,124,124,124,124,124,124,124
"Idaho","linear_increase_sd","Past",2020-05-19,"daily_cases",39,39,39,39,39,39,39,39
"Idaho","return_normal","Past",2020-05-19,"daily_cases",39,39,39,39,39,39,39,39
"Idaho","status_quo","Past",2020-05-19,"daily_cases",39,39,39,39,39,39,39,39
"Idaho","linear_increase_sd","Past",2020-05-19,"daily_deaths",1,1,1,1,1,1,1,1
"Idaho","return_normal","Past",2020-05-19,"daily_deaths",1,1,1,1,1,1,1,1
"Idaho","status_quo","Past",2020-05-19,"daily_deaths",1,1,1,1,1,1,1,1
"Idaho","linear_increase_sd","Past",2020-05-19,"daily_hosps",4,4,4,4,4,4,4,4
"Idaho","return_normal","Past",2020-05-19,"daily_hosps",4,4,4,4,4,4,4,4
"Idaho","status_quo","Past",2020-05-19,"daily_hosps",4,4,4,4,4,4,4,4
"Idaho","linear_increase_sd","Past",2020-05-19,"latent_trend",NA,NA,NA,0.451007126490772,NA,NA,NA,NA
"Idaho","return_normal","Past",2020-05-19,"latent_trend",NA,NA,NA,0.451007126490772,NA,NA,NA,NA
"Idaho","status_quo","Past",2020-05-19,"latent_trend",NA,NA,NA,0.451007126490772,NA,NA,NA,NA
"Idaho","linear_increase_sd","Past",2020-05-19,"mobility_trend",NA,NA,NA,0.864349913057228,NA,NA,NA,NA
"Idaho","return_normal","Past",2020-05-19,"mobility_trend",NA,NA,NA,0.864349913057228,NA,NA,NA,NA
"Idaho","status_quo","Past",2020-05-19,"mobility_trend",NA,NA,NA,0.864349913057228,NA,NA,NA,NA
"Idaho",NA,"Past",2020-05-20,"actual_cumulative_cases",NA,NA,NA,2476,NA,NA,NA,NA
"Idaho",NA,"Past",2020-05-20,"actual_cumulative_deaths",NA,NA,NA,78,NA,NA,NA,NA
"Idaho",NA,"Past",2020-05-20,"actual_daily_cases",NA,NA,NA,21,NA,NA,NA,NA
"Idaho",NA,"Past",2020-05-20,"actual_daily_deaths",NA,NA,NA,3,NA,NA,NA,NA
"Idaho","linear_increase_sd","Past",2020-05-20,"combined_trend",NA,NA,NA,0.389288598896336,NA,NA,NA,NA
"Idaho","return_normal","Past",2020-05-20,"combined_trend",NA,NA,NA,0.389288598896336,NA,NA,NA,NA
"Idaho","status_quo","Past",2020-05-20,"combined_trend",NA,NA,NA,0.389288598896336,NA,NA,NA,NA
"Idaho","linear_increase_sd","Past",2020-05-20,"cumulative_all_infections",13075,13075,13075,13075,13075,13075,13075,13075
"Idaho","return_normal","Past",2020-05-20,"cumulative_all_infections",13075,13075,13075,13075,13075,13075,13075,13075
"Idaho","status_quo","Past",2020-05-20,"cumulative_all_infections",13075,13075,13075,13075,13075,13075,13075,13075
"Idaho","linear_increase_sd","Past",2020-05-20,"cumulative_cases",2822,2822,2822,2822,2822,2822,2822,2822
"Idaho","return_normal","Past",2020-05-20,"cumulative_cases",2822,2822,2822,2822,2822,2822,2822,2822
"Idaho","status_quo","Past",2020-05-20,"cumulative_cases",2822,2822,2822,2822,2822,2822,2822,2822
"Idaho","linear_increase_sd","Past",2020-05-20,"cumulative_deaths",151,151,151,151,151,151,151,151
"Idaho","return_normal","Past",2020-05-20,"cumulative_deaths",151,151,151,151,151,151,151,151
"Idaho","status_quo","Past",2020-05-20,"cumulative_deaths",151,151,151,151,151,151,151,151
"Idaho","linear_increase_sd","Past",2020-05-20,"cumulative_hosps",351,351,351,351,351,351,351,351
"Idaho","return_normal","Past",2020-05-20,"cumulative_hosps",351,351,351,351,351,351,351,351
"Idaho","status_quo","Past",2020-05-20,"cumulative_hosps",351,351,351,351,351,351,351,351
"Idaho","linear_increase_sd","Past",2020-05-20,"daily_all_infections",126,126,126,126,126,126,126,126
"Idaho","return_normal","Past",2020-05-20,"daily_all_infections",126,126,126,126,126,126,126,126
"Idaho","status_quo","Past",2020-05-20,"daily_all_infections",126,126,126,126,126,126,126,126
"Idaho","linear_increase_sd","Past",2020-05-20,"daily_cases",38,38,38,38,38,38,38,38
"Idaho","return_normal","Past",2020-05-20,"daily_cases",38,38,38,38,38,38,38,38
"Idaho","status_quo","Past",2020-05-20,"daily_cases",38,38,38,38,38,38,38,38
"Idaho","linear_increase_sd","Past",2020-05-20,"daily_deaths",1,1,1,1,1,1,1,1
"Idaho","return_normal","Past",2020-05-20,"daily_deaths",1,1,1,1,1,1,1,1
"Idaho","status_quo","Past",2020-05-20,"daily_deaths",1,1,1,1,1,1,1,1
"Idaho","linear_increase_sd","Past",2020-05-20,"daily_hosps",4,4,4,4,4,4,4,4
"Idaho","return_normal","Past",2020-05-20,"daily_hosps",4,4,4,4,4,4,4,4
"Idaho","status_quo","Past",2020-05-20,"daily_hosps",4,4,4,4,4,4,4,4
"Idaho","linear_increase_sd","Past",2020-05-20,"latent_trend",NA,NA,NA,0.447647164882788,NA,NA,NA,NA
"Idaho","return_normal","Past",2020-05-20,"latent_trend",NA,NA,NA,0.447647164882788,NA,NA,NA,NA
"Idaho","status_quo","Past",2020-05-20,"latent_trend",NA,NA,NA,0.447647164882788,NA,NA,NA,NA
"Idaho","linear_increase_sd","Past",2020-05-20,"mobility_trend",NA,NA,NA,0.86963266928825,NA,NA,NA,NA
"Idaho","return_normal","Past",2020-05-20,"mobility_trend",NA,NA,NA,0.86963266928825,NA,NA,NA,NA
"Idaho","status_quo","Past",2020-05-20,"mobility_trend",NA,NA,NA,0.86963266928825,NA,NA,NA,NA
"Idaho",NA,"Past",2020-05-21,"actual_cumulative_cases",NA,NA,NA,2506,NA,NA,NA,NA
"Idaho",NA,"Past",2020-05-21,"actual_cumulative_deaths",NA,NA,NA,78,NA,NA,NA,NA
"Idaho",NA,"Past",2020-05-21,"actual_daily_cases",NA,NA,NA,30,NA,NA,NA,NA
"Idaho",NA,"Past",2020-05-21,"actual_daily_deaths",NA,NA,NA,0,NA,NA,NA,NA
"Idaho","linear_increase_sd","Past",2020-05-21,"combined_trend",NA,NA,NA,0.388573841630933,NA,NA,NA,NA
"Idaho","return_normal","Past",2020-05-21,"combined_trend",NA,NA,NA,0.388573841630933,NA,NA,NA,NA
"Idaho","status_quo","Past",2020-05-21,"combined_trend",NA,NA,NA,0.388573841630933,NA,NA,NA,NA
"Idaho","linear_increase_sd","Past",2020-05-21,"cumulative_all_infections",13208,13208,13208,13208,13208,13208,13208,13208
"Idaho","return_normal","Past",2020-05-21,"cumulative_all_infections",13208,13208,13208,13208,13208,13208,13208,13208
"Idaho","status_quo","Past",2020-05-21,"cumulative_all_infections",13208,13208,13208,13208,13208,13208,13208,13208
"Idaho","linear_increase_sd","Past",2020-05-21,"cumulative_cases",2861,2861,2861,2861,2861,2861,2861,2861
"Idaho","return_normal","Past",2020-05-21,"cumulative_cases",2861,2861,2861,2861,2861,2861,2861,2861
"Idaho","status_quo","Past",2020-05-21,"cumulative_cases",2861,2861,2861,2861,2861,2861,2861,2861
"Idaho","linear_increase_sd","Past",2020-05-21,"cumulative_deaths",152,152,152,152,152,152,152,152
"Idaho","return_normal","Past",2020-05-21,"cumulative_deaths",152,152,152,152,152,152,152,152
"Idaho","status_quo","Past",2020-05-21,"cumulative_deaths",152,152,152,152,152,152,152,152
"Idaho","linear_increase_sd","Past",2020-05-21,"cumulative_hosps",355,355,355,355,355,355,355,355
"Idaho","return_normal","Past",2020-05-21,"cumulative_hosps",355,355,355,355,355,355,355,355
"Idaho","status_quo","Past",2020-05-21,"cumulative_hosps",355,355,355,355,355,355,355,355
"Idaho","linear_increase_sd","Past",2020-05-21,"daily_all_infections",133,133,133,133,133,133,133,133
"Idaho","return_normal","Past",2020-05-21,"daily_all_infections",133,133,133,133,133,133,133,133
"Idaho","status_quo","Past",2020-05-21,"daily_all_infections",133,133,133,133,133,133,133,133
"Idaho","linear_increase_sd","Past",2020-05-21,"daily_cases",39,39,39,39,39,39,39,39
"Idaho","return_normal","Past",2020-05-21,"daily_cases",39,39,39,39,39,39,39,39
"Idaho","status_quo","Past",2020-05-21,"daily_cases",39,39,39,39,39,39,39,39
"Idaho","linear_increase_sd","Past",2020-05-21,"daily_deaths",1,1,1,1,1,1,1,1
"Idaho","return_normal","Past",2020-05-21,"daily_deaths",1,1,1,1,1,1,1,1
"Idaho","status_quo","Past",2020-05-21,"daily_deaths",1,1,1,1,1,1,1,1
"Idaho","linear_increase_sd","Past",2020-05-21,"daily_hosps",4,4,4,4,4,4,4,4
"Idaho","return_normal","Past",2020-05-21,"daily_hosps",4,4,4,4,4,4,4,4
"Idaho","status_quo","Past",2020-05-21,"daily_hosps",4,4,4,4,4,4,4,4
"Idaho","linear_increase_sd","Past",2020-05-21,"latent_trend",NA,NA,NA,0.444364958625137,NA,NA,NA,NA
"Idaho","return_normal","Past",2020-05-21,"latent_trend",NA,NA,NA,0.444364958625137,NA,NA,NA,NA
"Idaho","status_quo","Past",2020-05-21,"latent_trend",NA,NA,NA,0.444364958625137,NA,NA,NA,NA
"Idaho","linear_increase_sd","Past",2020-05-21,"mobility_trend",NA,NA,NA,0.874447532571376,NA,NA,NA,NA
"Idaho","return_normal","Past",2020-05-21,"mobility_trend",NA,NA,NA,0.874447532571376,NA,NA,NA,NA
"Idaho","status_quo","Past",2020-05-21,"mobility_trend",NA,NA,NA,0.874447532571376,NA,NA,NA,NA
"Idaho",NA,"Past",2020-05-22,"actual_cumulative_cases",NA,NA,NA,2534,NA,NA,NA,NA
"Idaho",NA,"Past",2020-05-22,"actual_cumulative_deaths",NA,NA,NA,78,NA,NA,NA,NA
"Idaho",NA,"Past",2020-05-22,"actual_daily_cases",NA,NA,NA,28,NA,NA,NA,NA
"Idaho",NA,"Past",2020-05-22,"actual_daily_deaths",NA,NA,NA,0,NA,NA,NA,NA
"Idaho","linear_increase_sd","Past",2020-05-22,"combined_trend",NA,NA,NA,0.387751226523665,NA,NA,NA,NA
"Idaho","return_normal","Past",2020-05-22,"combined_trend",NA,NA,NA,0.387751226523665,NA,NA,NA,NA
"Idaho","status_quo","Past",2020-05-22,"combined_trend",NA,NA,NA,0.387751226523665,NA,NA,NA,NA
"Idaho","linear_increase_sd","Past",2020-05-22,"cumulative_all_infections",13339,13339,13339,13339,13339,13339,13339,13339
"Idaho","return_normal","Past",2020-05-22,"cumulative_all_infections",13339,13339,13339,13339,13339,13339,13339,13339
"Idaho","status_quo","Past",2020-05-22,"cumulative_all_infections",13339,13339,13339,13339,13339,13339,13339,13339
"Idaho","linear_increase_sd","Past",2020-05-22,"cumulative_cases",2906,2906,2906,2906,2906,2906,2906,2906
"Idaho","return_normal","Past",2020-05-22,"cumulative_cases",2906,2906,2906,2906,2906,2906,2906,2906
"Idaho","status_quo","Past",2020-05-22,"cumulative_cases",2906,2906,2906,2906,2906,2906,2906,2906
"Idaho","linear_increase_sd","Past",2020-05-22,"cumulative_deaths",153,153,153,153,153,153,153,153
"Idaho","return_normal","Past",2020-05-22,"cumulative_deaths",153,153,153,153,153,153,153,153
"Idaho","status_quo","Past",2020-05-22,"cumulative_deaths",153,153,153,153,153,153,153,153
"Idaho","linear_increase_sd","Past",2020-05-22,"cumulative_hosps",359,359,359,359,359,359,359,359
"Idaho","return_normal","Past",2020-05-22,"cumulative_hosps",359,359,359,359,359,359,359,359
"Idaho","status_quo","Past",2020-05-22,"cumulative_hosps",359,359,359,359,359,359,359,359
"Idaho","linear_increase_sd","Past",2020-05-22,"daily_all_infections",131,131,131,131,131,131,131,131
"Idaho","return_normal","Past",2020-05-22,"daily_all_infections",131,131,131,131,131,131,131,131
"Idaho","status_quo","Past",2020-05-22,"daily_all_infections",131,131,131,131,131,131,131,131
"Idaho","linear_increase_sd","Past",2020-05-22,"daily_cases",45,45,45,45,45,45,45,45
"Idaho","return_normal","Past",2020-05-22,"daily_cases",45,45,45,45,45,45,45,45
"Idaho","status_quo","Past",2020-05-22,"daily_cases",45,45,45,45,45,45,45,45
"Idaho","linear_increase_sd","Past",2020-05-22,"daily_deaths",1,1,1,1,1,1,1,1
"Idaho","return_normal","Past",2020-05-22,"daily_deaths",1,1,1,1,1,1,1,1
"Idaho","status_quo","Past",2020-05-22,"daily_deaths",1,1,1,1,1,1,1,1
"Idaho","linear_increase_sd","Past",2020-05-22,"daily_hosps",4,4,4,4,4,4,4,4
"Idaho","return_normal","Past",2020-05-22,"daily_hosps",4,4,4,4,4,4,4,4
"Idaho","status_quo","Past",2020-05-22,"daily_hosps",4,4,4,4,4,4,4,4
"Idaho","linear_increase_sd","Past",2020-05-22,"latent_trend",NA,NA,NA,0.441250142806499,NA,NA,NA,NA
"Idaho","return_normal","Past",2020-05-22,"latent_trend",NA,NA,NA,0.441250142806499,NA,NA,NA,NA
"Idaho","status_quo","Past",2020-05-22,"latent_trend",NA,NA,NA,0.441250142806499,NA,NA,NA,NA
"Idaho","linear_increase_sd","Past",2020-05-22,"mobility_trend",NA,NA,NA,0.878756036332221,NA,NA,NA,NA
"Idaho","return_normal","Past",2020-05-22,"mobility_trend",NA,NA,NA,0.878756036332221,NA,NA,NA,NA
"Idaho","status_quo","Past",2020-05-22,"mobility_trend",NA,NA,NA,0.878756036332221,NA,NA,NA,NA
"Idaho",NA,"Past",2020-05-23,"actual_cumulative_cases",NA,NA,NA,2595,NA,NA,NA,NA
"Idaho",NA,"Past",2020-05-23,"actual_cumulative_deaths",NA,NA,NA,80,NA,NA,NA,NA
"Idaho",NA,"Past",2020-05-23,"actual_daily_cases",NA,NA,NA,61,NA,NA,NA,NA
"Idaho",NA,"Past",2020-05-23,"actual_daily_deaths",NA,NA,NA,2,NA,NA,NA,NA
"Idaho","linear_increase_sd","Past",2020-05-23,"combined_trend",NA,NA,NA,0.386889403069218,NA,NA,NA,NA
"Idaho","return_normal","Past",2020-05-23,"combined_trend",NA,NA,NA,0.386889403069218,NA,NA,NA,NA
"Idaho","status_quo","Past",2020-05-23,"combined_trend",NA,NA,NA,0.386889403069218,NA,NA,NA,NA
"Idaho","linear_increase_sd","Past",2020-05-23,"cumulative_all_infections",13472,13472,13472,13472,13472,13472,13472,13472
"Idaho","return_normal","Past",2020-05-23,"cumulative_all_infections",13472,13472,13472,13472,13472,13472,13472,13472
"Idaho","status_quo","Past",2020-05-23,"cumulative_all_infections",13472,13472,13472,13472,13472,13472,13472,13472
"Idaho","linear_increase_sd","Past",2020-05-23,"cumulative_cases",2943,2943,2943,2943,2943,2943,2943,2943
"Idaho","return_normal","Past",2020-05-23,"cumulative_cases",2943,2943,2943,2943,2943,2943,2943,2943
"Idaho","status_quo","Past",2020-05-23,"cumulative_cases",2943,2943,2943,2943,2943,2943,2943,2943
"Idaho","linear_increase_sd","Past",2020-05-23,"cumulative_deaths",154,154,154,154,154,154,154,154
"Idaho","return_normal","Past",2020-05-23,"cumulative_deaths",154,154,154,154,154,154,154,154
"Idaho","status_quo","Past",2020-05-23,"cumulative_deaths",154,154,154,154,154,154,154,154
"Idaho","linear_increase_sd","Past",2020-05-23,"cumulative_hosps",364,364,364,364,364,364,364,364
"Idaho","return_normal","Past",2020-05-23,"cumulative_hosps",364,364,364,364,364,364,364,364
"Idaho","status_quo","Past",2020-05-23,"cumulative_hosps",364,364,364,364,364,364,364,364
"Idaho","linear_increase_sd","Past",2020-05-23,"daily_all_infections",133,133,133,133,133,133,133,133
"Idaho","return_normal","Past",2020-05-23,"daily_all_infections",133,133,133,133,133,133,133,133
"Idaho","status_quo","Past",2020-05-23,"daily_all_infections",133,133,133,133,133,133,133,133
"Idaho","linear_increase_sd","Past",2020-05-23,"daily_cases",37,37,37,37,37,37,37,37
"Idaho","return_normal","Past",2020-05-23,"daily_cases",37,37,37,37,37,37,37,37
"Idaho","status_quo","Past",2020-05-23,"daily_cases",37,37,37,37,37,37,37,37
"Idaho","linear_increase_sd","Past",2020-05-23,"daily_deaths",1,1,1,1,1,1,1,1
"Idaho","return_normal","Past",2020-05-23,"daily_deaths",1,1,1,1,1,1,1,1
"Idaho","status_quo","Past",2020-05-23,"daily_deaths",1,1,1,1,1,1,1,1
"Idaho","linear_increase_sd","Past",2020-05-23,"daily_hosps",5,5,5,5,5,5,5,5
"Idaho","return_normal","Past",2020-05-23,"daily_hosps",5,5,5,5,5,5,5,5
"Idaho","status_quo","Past",2020-05-23,"daily_hosps",5,5,5,5,5,5,5,5
"Idaho","linear_increase_sd","Past",2020-05-23,"latent_trend",NA,NA,NA,0.438391796730784,NA,NA,NA,NA
"Idaho","return_normal","Past",2020-05-23,"latent_trend",NA,NA,NA,0.438391796730784,NA,NA,NA,NA
"Idaho","status_quo","Past",2020-05-23,"latent_trend",NA,NA,NA,0.438391796730784,NA,NA,NA,NA
"Idaho","linear_increase_sd","Past",2020-05-23,"mobility_trend",NA,NA,NA,0.882519713996397,NA,NA,NA,NA
"Idaho","return_normal","Past",2020-05-23,"mobility_trend",NA,NA,NA,0.882519713996397,NA,NA,NA,NA
"Idaho","status_quo","Past",2020-05-23,"mobility_trend",NA,NA,NA,0.882519713996397,NA,NA,NA,NA
"Idaho",NA,"Past",2020-05-24,"actual_cumulative_cases",NA,NA,NA,2626,NA,NA,NA,NA
"Idaho",NA,"Past",2020-05-24,"actual_cumulative_deaths",NA,NA,NA,80,NA,NA,NA,NA
"Idaho",NA,"Past",2020-05-24,"actual_daily_cases",NA,NA,NA,31,NA,NA,NA,NA
"Idaho",NA,"Past",2020-05-24,"actual_daily_deaths",NA,NA,NA,0,NA,NA,NA,NA
"Idaho","linear_increase_sd","Past",2020-05-24,"combined_trend",NA,NA,NA,0.38606597938177,NA,NA,NA,NA
"Idaho","return_normal","Past",2020-05-24,"combined_trend",NA,NA,NA,0.38606597938177,NA,NA,NA,NA
"Idaho","status_quo","Past",2020-05-24,"combined_trend",NA,NA,NA,0.38606597938177,NA,NA,NA,NA
"Idaho","linear_increase_sd","Past",2020-05-24,"cumulative_all_infections",13608,13608,13608,13608,13608,13608,13608,13608
"Idaho","return_normal","Past",2020-05-24,"cumulative_all_infections",13608,13608,13608,13608,13608,13608,13608,13608
"Idaho","status_quo","Past",2020-05-24,"cumulative_all_infections",13608,13608,13608,13608,13608,13608,13608,13608
"Idaho","linear_increase_sd","Past",2020-05-24,"cumulative_cases",2980,2980,2980,2980,2980,2980,2980,2980
"Idaho","return_normal","Past",2020-05-24,"cumulative_cases",2980,2980,2980,2980,2980,2980,2980,2980
"Idaho","status_quo","Past",2020-05-24,"cumulative_cases",2980,2980,2980,2980,2980,2980,2980,2980
"Idaho","linear_increase_sd","Past",2020-05-24,"cumulative_deaths",155,155,155,155,155,155,155,155
"Idaho","return_normal","Past",2020-05-24,"cumulative_deaths",155,155,155,155,155,155,155,155
"Idaho","status_quo","Past",2020-05-24,"cumulative_deaths",155,155,155,155,155,155,155,155
"Idaho","linear_increase_sd","Past",2020-05-24,"cumulative_hosps",368,368,368,368,368,368,368,368
"Idaho","return_normal","Past",2020-05-24,"cumulative_hosps",368,368,368,368,368,368,368,368
"Idaho","status_quo","Past",2020-05-24,"cumulative_hosps",368,368,368,368,368,368,368,368
"Idaho","linear_increase_sd","Past",2020-05-24,"daily_all_infections",136,136,136,136,136,136,136,136
"Idaho","return_normal","Past",2020-05-24,"daily_all_infections",136,136,136,136,136,136,136,136
"Idaho","status_quo","Past",2020-05-24,"daily_all_infections",136,136,136,136,136,136,136,136
"Idaho","linear_increase_sd","Past",2020-05-24,"daily_cases",37,37,37,37,37,37,37,37
"Idaho","return_normal","Past",2020-05-24,"daily_cases",37,37,37,37,37,37,37,37
"Idaho","status_quo","Past",2020-05-24,"daily_cases",37,37,37,37,37,37,37,37
"Idaho","linear_increase_sd","Past",2020-05-24,"daily_deaths",1,1,1,1,1,1,1,1
"Idaho","return_normal","Past",2020-05-24,"daily_deaths",1,1,1,1,1,1,1,1
"Idaho","status_quo","Past",2020-05-24,"daily_deaths",1,1,1,1,1,1,1,1
"Idaho","linear_increase_sd","Past",2020-05-24,"daily_hosps",4,4,4,4,4,4,4,4
"Idaho","return_normal","Past",2020-05-24,"daily_hosps",4,4,4,4,4,4,4,4
"Idaho","status_quo","Past",2020-05-24,"daily_hosps",4,4,4,4,4,4,4,4
"Idaho","linear_increase_sd","Past",2020-05-24,"latent_trend",NA,NA,NA,0.435878480291228,NA,NA,NA,NA
"Idaho","return_normal","Past",2020-05-24,"latent_trend",NA,NA,NA,0.435878480291228,NA,NA,NA,NA
"Idaho","status_quo","Past",2020-05-24,"latent_trend",NA,NA,NA,0.435878480291228,NA,NA,NA,NA
"Idaho","linear_increase_sd","Past",2020-05-24,"mobility_trend",NA,NA,NA,0.885719292964002,NA,NA,NA,NA
"Idaho","return_normal","Past",2020-05-24,"mobility_trend",NA,NA,NA,0.885719292964002,NA,NA,NA,NA
"Idaho","status_quo","Past",2020-05-24,"mobility_trend",NA,NA,NA,0.885719292964002,NA,NA,NA,NA
"Idaho",NA,"Past",2020-05-25,"actual_cumulative_cases",NA,NA,NA,2626,NA,NA,NA,NA
"Idaho",NA,"Past",2020-05-25,"actual_cumulative_deaths",NA,NA,NA,80,NA,NA,NA,NA
"Idaho",NA,"Past",2020-05-25,"actual_daily_cases",NA,NA,NA,0,NA,NA,NA,NA
"Idaho",NA,"Past",2020-05-25,"actual_daily_deaths",NA,NA,NA,0,NA,NA,NA,NA
"Idaho","linear_increase_sd","Past",2020-05-25,"combined_trend",NA,NA,NA,0.385391769150886,NA,NA,NA,NA
"Idaho","return_normal","Past",2020-05-25,"combined_trend",NA,NA,NA,0.385391769150886,NA,NA,NA,NA
"Idaho","status_quo","Past",2020-05-25,"combined_trend",NA,NA,NA,0.385391769150886,NA,NA,NA,NA
"Idaho","linear_increase_sd","Past",2020-05-25,"cumulative_all_infections",13747,13747,13747,13747,13747,13747,13747,13747
"Idaho","return_normal","Past",2020-05-25,"cumulative_all_infections",13747,13747,13747,13747,13747,13747,13747,13747
"Idaho","status_quo","Past",2020-05-25,"cumulative_all_infections",13747,13747,13747,13747,13747,13747,13747,13747
"Idaho","linear_increase_sd","Past",2020-05-25,"cumulative_cases",3018,3018,3018,3018,3018,3018,3018,3018
"Idaho","return_normal","Past",2020-05-25,"cumulative_cases",3018,3018,3018,3018,3018,3018,3018,3018
"Idaho","status_quo","Past",2020-05-25,"cumulative_cases",3018,3018,3018,3018,3018,3018,3018,3018
"Idaho","linear_increase_sd","Past",2020-05-25,"cumulative_deaths",156,156,156,156,156,156,156,156
"Idaho","return_normal","Past",2020-05-25,"cumulative_deaths",156,156,156,156,156,156,156,156
"Idaho","status_quo","Past",2020-05-25,"cumulative_deaths",156,156,156,156,156,156,156,156
"Idaho","linear_increase_sd","Past",2020-05-25,"cumulative_hosps",372,372,372,372,372,372,372,372
"Idaho","return_normal","Past",2020-05-25,"cumulative_hosps",372,372,372,372,372,372,372,372
"Idaho","status_quo","Past",2020-05-25,"cumulative_hosps",372,372,372,372,372,372,372,372
"Idaho","linear_increase_sd","Past",2020-05-25,"daily_all_infections",139,139,139,139,139,139,139,139
"Idaho","return_normal","Past",2020-05-25,"daily_all_infections",139,139,139,139,139,139,139,139
"Idaho","status_quo","Past",2020-05-25,"daily_all_infections",139,139,139,139,139,139,139,139
"Idaho","linear_increase_sd","Past",2020-05-25,"daily_cases",38,38,38,38,38,38,38,38
"Idaho","return_normal","Past",2020-05-25,"daily_cases",38,38,38,38,38,38,38,38
"Idaho","status_quo","Past",2020-05-25,"daily_cases",38,38,38,38,38,38,38,38
"Idaho","linear_increase_sd","Past",2020-05-25,"daily_deaths",1,1,1,1,1,1,1,1
"Idaho","return_normal","Past",2020-05-25,"daily_deaths",1,1,1,1,1,1,1,1
"Idaho","status_quo","Past",2020-05-25,"daily_deaths",1,1,1,1,1,1,1,1
"Idaho","linear_increase_sd","Past",2020-05-25,"daily_hosps",4,4,4,4,4,4,4,4
"Idaho","return_normal","Past",2020-05-25,"daily_hosps",4,4,4,4,4,4,4,4
"Idaho","status_quo","Past",2020-05-25,"daily_hosps",4,4,4,4,4,4,4,4
"Idaho","linear_increase_sd","Past",2020-05-25,"latent_trend",NA,NA,NA,0.433798338148629,NA,NA,NA,NA
"Idaho","return_normal","Past",2020-05-25,"latent_trend",NA,NA,NA,0.433798338148629,NA,NA,NA,NA
"Idaho","status_quo","Past",2020-05-25,"latent_trend",NA,NA,NA,0.433798338148629,NA,NA,NA,NA
"Idaho","linear_increase_sd","Past",2020-05-25,"mobility_trend",NA,NA,NA,0.88841227653307,NA,NA,NA,NA
"Idaho","return_normal","Past",2020-05-25,"mobility_trend",NA,NA,NA,0.88841227653307,NA,NA,NA,NA
"Idaho","status_quo","Past",2020-05-25,"mobility_trend",NA,NA,NA,0.88841227653307,NA,NA,NA,NA
"Idaho",NA,"Past",2020-05-26,"actual_cumulative_cases",NA,NA,NA,2626,NA,NA,NA,NA
"Idaho",NA,"Past",2020-05-26,"actual_cumulative_deaths",NA,NA,NA,80,NA,NA,NA,NA
"Idaho",NA,"Past",2020-05-26,"actual_daily_cases",NA,NA,NA,0,NA,NA,NA,NA
"Idaho",NA,"Past",2020-05-26,"actual_daily_deaths",NA,NA,NA,0,NA,NA,NA,NA
"Idaho","linear_increase_sd","Past",2020-05-26,"combined_trend",NA,NA,NA,0.38498487437857,NA,NA,NA,NA
"Idaho","return_normal","Past",2020-05-26,"combined_trend",NA,NA,NA,0.38498487437857,NA,NA,NA,NA
"Idaho","status_quo","Past",2020-05-26,"combined_trend",NA,NA,NA,0.38498487437857,NA,NA,NA,NA
"Idaho","linear_increase_sd","Past",2020-05-26,"cumulative_all_infections",13890,13890,13890,13890,13890,13890,13890,13890
"Idaho","return_normal","Past",2020-05-26,"cumulative_all_infections",13890,13890,13890,13890,13890,13890,13890,13890
"Idaho","status_quo","Past",2020-05-26,"cumulative_all_infections",13890,13890,13890,13890,13890,13890,13890,13890
"Idaho","linear_increase_sd","Past",2020-05-26,"cumulative_cases",3057,3057,3057,3057,3057,3057,3057,3057
"Idaho","return_normal","Past",2020-05-26,"cumulative_cases",3057,3057,3057,3057,3057,3057,3057,3057
"Idaho","status_quo","Past",2020-05-26,"cumulative_cases",3057,3057,3057,3057,3057,3057,3057,3057
"Idaho","linear_increase_sd","Past",2020-05-26,"cumulative_deaths",158,158,158,158,158,158,158,158
"Idaho","return_normal","Past",2020-05-26,"cumulative_deaths",158,158,158,158,158,158,158,158
"Idaho","status_quo","Past",2020-05-26,"cumulative_deaths",158,158,158,158,158,158,158,158
"Idaho","linear_increase_sd","Past",2020-05-26,"cumulative_hosps",377,377,377,377,377,377,377,377
"Idaho","return_normal","Past",2020-05-26,"cumulative_hosps",377,377,377,377,377,377,377,377
"Idaho","status_quo","Past",2020-05-26,"cumulative_hosps",377,377,377,377,377,377,377,377
"Idaho","linear_increase_sd","Past",2020-05-26,"daily_all_infections",143,143,143,143,143,143,143,143
"Idaho","return_normal","Past",2020-05-26,"daily_all_infections",143,143,143,143,143,143,143,143
"Idaho","status_quo","Past",2020-05-26,"daily_all_infections",143,143,143,143,143,143,143,143
"Idaho","linear_increase_sd","Past",2020-05-26,"daily_cases",39,39,39,39,39,39,39,39
"Idaho","return_normal","Past",2020-05-26,"daily_cases",39,39,39,39,39,39,39,39
"Idaho","status_quo","Past",2020-05-26,"daily_cases",39,39,39,39,39,39,39,39
"Idaho","linear_increase_sd","Past",2020-05-26,"daily_deaths",2,2,2,2,2,2,2,2
"Idaho","return_normal","Past",2020-05-26,"daily_deaths",2,2,2,2,2,2,2,2
"Idaho","status_quo","Past",2020-05-26,"daily_deaths",2,2,2,2,2,2,2,2
"Idaho","linear_increase_sd","Past",2020-05-26,"daily_hosps",5,5,5,5,5,5,5,5
"Idaho","return_normal","Past",2020-05-26,"daily_hosps",5,5,5,5,5,5,5,5
"Idaho","status_quo","Past",2020-05-26,"daily_hosps",5,5,5,5,5,5,5,5
"Idaho","linear_increase_sd","Past",2020-05-26,"latent_trend",NA,NA,NA,0.432239276861115,NA,NA,NA,NA
"Idaho","return_normal","Past",2020-05-26,"latent_trend",NA,NA,NA,0.432239276861115,NA,NA,NA,NA
"Idaho","status_quo","Past",2020-05-26,"latent_trend",NA,NA,NA,0.432239276861115,NA,NA,NA,NA
"Idaho","linear_increase_sd","Past",2020-05-26,"mobility_trend",NA,NA,NA,0.890675361976119,NA,NA,NA,NA
"Idaho","return_normal","Past",2020-05-26,"mobility_trend",NA,NA,NA,0.890675361976119,NA,NA,NA,NA
"Idaho","status_quo","Past",2020-05-26,"mobility_trend",NA,NA,NA,0.890675361976119,NA,NA,NA,NA
"Idaho",NA,"Past",2020-05-27,"actual_cumulative_cases",NA,NA,NA,2699,NA,NA,NA,NA
"Idaho",NA,"Past",2020-05-27,"actual_cumulative_deaths",NA,NA,NA,82,NA,NA,NA,NA
"Idaho",NA,"Past",2020-05-27,"actual_daily_cases",NA,NA,NA,73,NA,NA,NA,NA
"Idaho",NA,"Past",2020-05-27,"actual_daily_deaths",NA,NA,NA,2,NA,NA,NA,NA
"Idaho","linear_increase_sd","Past",2020-05-27,"combined_trend",NA,NA,NA,0.384964953949614,NA,NA,NA,NA
"Idaho","return_normal","Past",2020-05-27,"combined_trend",NA,NA,NA,0.384964953949614,NA,NA,NA,NA
"Idaho","status_quo","Past",2020-05-27,"combined_trend",NA,NA,NA,0.384964953949614,NA,NA,NA,NA
"Idaho","linear_increase_sd","Past",2020-05-27,"cumulative_all_infections",14032,14032,14032,14032,14032,14032,14032,14032
"Idaho","return_normal","Past",2020-05-27,"cumulative_all_infections",14032,14032,14032,14032,14032,14032,14032,14032
"Idaho","status_quo","Past",2020-05-27,"cumulative_all_infections",14032,14032,14032,14032,14032,14032,14032,14032
"Idaho","linear_increase_sd","Past",2020-05-27,"cumulative_cases",3102,3102,3102,3102,3102,3102,3102,3102
"Idaho","return_normal","Past",2020-05-27,"cumulative_cases",3102,3102,3102,3102,3102,3102,3102,3102
"Idaho","status_quo","Past",2020-05-27,"cumulative_cases",3102,3102,3102,3102,3102,3102,3102,3102
"Idaho","linear_increase_sd","Past",2020-05-27,"cumulative_deaths",159,159,159,159,159,159,159,159
"Idaho","return_normal","Past",2020-05-27,"cumulative_deaths",159,159,159,159,159,159,159,159
"Idaho","status_quo","Past",2020-05-27,"cumulative_deaths",159,159,159,159,159,159,159,159
"Idaho","linear_increase_sd","Past",2020-05-27,"cumulative_hosps",382,382,382,382,382,382,382,382
"Idaho","return_normal","Past",2020-05-27,"cumulative_hosps",382,382,382,382,382,382,382,382
"Idaho","status_quo","Past",2020-05-27,"cumulative_hosps",382,382,382,382,382,382,382,382
"Idaho","linear_increase_sd","Past",2020-05-27,"daily_all_infections",142,142,142,142,142,142,142,142
"Idaho","return_normal","Past",2020-05-27,"daily_all_infections",142,142,142,142,142,142,142,142
"Idaho","status_quo","Past",2020-05-27,"daily_all_infections",142,142,142,142,142,142,142,142
"Idaho","linear_increase_sd","Past",2020-05-27,"daily_cases",45,45,45,45,45,45,45,45
"Idaho","return_normal","Past",2020-05-27,"daily_cases",45,45,45,45,45,45,45,45
"Idaho","status_quo","Past",2020-05-27,"daily_cases",45,45,45,45,45,45,45,45
"Idaho","linear_increase_sd","Past",2020-05-27,"daily_deaths",1,1,1,1,1,1,1,1
"Idaho","return_normal","Past",2020-05-27,"daily_deaths",1,1,1,1,1,1,1,1
"Idaho","status_quo","Past",2020-05-27,"daily_deaths",1,1,1,1,1,1,1,1
"Idaho","linear_increase_sd","Past",2020-05-27,"daily_hosps",5,5,5,5,5,5,5,5
"Idaho","return_normal","Past",2020-05-27,"daily_hosps",5,5,5,5,5,5,5,5
"Idaho","status_quo","Past",2020-05-27,"daily_hosps",5,5,5,5,5,5,5,5
"Idaho","linear_increase_sd","Past",2020-05-27,"latent_trend",NA,NA,NA,0.43128921412752,NA,NA,NA,NA
"Idaho","return_normal","Past",2020-05-27,"latent_trend",NA,NA,NA,0.43128921412752,NA,NA,NA,NA
"Idaho","status_quo","Past",2020-05-27,"latent_trend",NA,NA,NA,0.43128921412752,NA,NA,NA,NA
"Idaho","linear_increase_sd","Past",2020-05-27,"mobility_trend",NA,NA,NA,0.892591192498012,NA,NA,NA,NA
"Idaho","return_normal","Past",2020-05-27,"mobility_trend",NA,NA,NA,0.892591192498012,NA,NA,NA,NA
"Idaho","status_quo","Past",2020-05-27,"mobility_trend",NA,NA,NA,0.892591192498012,NA,NA,NA,NA
"Idaho",NA,"Past",2020-05-28,"actual_cumulative_cases",NA,NA,NA,2731,NA,NA,NA,NA
"Idaho",NA,"Past",2020-05-28,"actual_cumulative_deaths",NA,NA,NA,83,NA,NA,NA,NA
"Idaho",NA,"Past",2020-05-28,"actual_daily_cases",NA,NA,NA,32,NA,NA,NA,NA
"Idaho",NA,"Past",2020-05-28,"actual_daily_deaths",NA,NA,NA,1,NA,NA,NA,NA
"Idaho","linear_increase_sd","Past",2020-05-28,"combined_trend",NA,NA,NA,0.385461274161286,NA,NA,NA,NA
"Idaho","return_normal","Past",2020-05-28,"combined_trend",NA,NA,NA,0.385461274161286,NA,NA,NA,NA
"Idaho","status_quo","Past",2020-05-28,"combined_trend",NA,NA,NA,0.385461274161286,NA,NA,NA,NA
"Idaho","linear_increase_sd","Past",2020-05-28,"cumulative_all_infections",14177,14177,14177,14177,14177,14177,14177,14177
"Idaho","return_normal","Past",2020-05-28,"cumulative_all_infections",14177,14177,14177,14177,14177,14177,14177,14177
"Idaho","status_quo","Past",2020-05-28,"cumulative_all_infections",14177,14177,14177,14177,14177,14177,14177,14177
"Idaho","linear_increase_sd","Past",2020-05-28,"cumulative_cases",3150,3150,3150,3150,3150,3150,3150,3150
"Idaho","return_normal","Past",2020-05-28,"cumulative_cases",3150,3150,3150,3150,3150,3150,3150,3150
"Idaho","status_quo","Past",2020-05-28,"cumulative_cases",3150,3150,3150,3150,3150,3150,3150,3150
"Idaho","linear_increase_sd","Past",2020-05-28,"cumulative_deaths",161,161,161,161,161,161,161,161
"Idaho","return_normal","Past",2020-05-28,"cumulative_deaths",161,161,161,161,161,161,161,161
"Idaho","status_quo","Past",2020-05-28,"cumulative_deaths",161,161,161,161,161,161,161,161
"Idaho","linear_increase_sd","Past",2020-05-28,"cumulative_hosps",387,387,387,387,387,387,387,387
"Idaho","return_normal","Past",2020-05-28,"cumulative_hosps",387,387,387,387,387,387,387,387
"Idaho","status_quo","Past",2020-05-28,"cumulative_hosps",387,387,387,387,387,387,387,387
"Idaho","linear_increase_sd","Past",2020-05-28,"daily_all_infections",145,145,145,145,145,145,145,145
"Idaho","return_normal","Past",2020-05-28,"daily_all_infections",145,145,145,145,145,145,145,145
"Idaho","status_quo","Past",2020-05-28,"daily_all_infections",145,145,145,145,145,145,145,145
"Idaho","linear_increase_sd","Past",2020-05-28,"daily_cases",48,48,48,48,48,48,48,48
"Idaho","return_normal","Past",2020-05-28,"daily_cases",48,48,48,48,48,48,48,48
"Idaho","status_quo","Past",2020-05-28,"daily_cases",48,48,48,48,48,48,48,48
"Idaho","linear_increase_sd","Past",2020-05-28,"daily_deaths",2,2,2,2,2,2,2,2
"Idaho","return_normal","Past",2020-05-28,"daily_deaths",2,2,2,2,2,2,2,2
"Idaho","status_quo","Past",2020-05-28,"daily_deaths",2,2,2,2,2,2,2,2
"Idaho","linear_increase_sd","Past",2020-05-28,"daily_hosps",5,5,5,5,5,5,5,5
"Idaho","return_normal","Past",2020-05-28,"daily_hosps",5,5,5,5,5,5,5,5
"Idaho","status_quo","Past",2020-05-28,"daily_hosps",5,5,5,5,5,5,5,5
"Idaho","linear_increase_sd","Past",2020-05-28,"latent_trend",NA,NA,NA,0.431036391962755,NA,NA,NA,NA
"Idaho","return_normal","Past",2020-05-28,"latent_trend",NA,NA,NA,0.431036391962755,NA,NA,NA,NA
"Idaho","status_quo","Past",2020-05-28,"latent_trend",NA,NA,NA,0.431036391962755,NA,NA,NA,NA
"Idaho","linear_increase_sd","Past",2020-05-28,"mobility_trend",NA,NA,NA,0.894266195033002,NA,NA,NA,NA
"Idaho","return_normal","Past",2020-05-28,"mobility_trend",NA,NA,NA,0.894266195033002,NA,NA,NA,NA
"Idaho","status_quo","Past",2020-05-28,"mobility_trend",NA,NA,NA,0.894266195033002,NA,NA,NA,NA
"Idaho",NA,"Past",2020-05-29,"actual_cumulative_cases",NA,NA,NA,2769,NA,NA,NA,NA
"Idaho",NA,"Past",2020-05-29,"actual_cumulative_deaths",NA,NA,NA,83,NA,NA,NA,NA
"Idaho",NA,"Past",2020-05-29,"actual_daily_cases",NA,NA,NA,38,NA,NA,NA,NA
"Idaho",NA,"Past",2020-05-29,"actual_daily_deaths",NA,NA,NA,0,NA,NA,NA,NA
"Idaho","linear_increase_sd","Past",2020-05-29,"combined_trend",NA,NA,NA,0.386605669516255,NA,NA,NA,NA
"Idaho","return_normal","Past",2020-05-29,"combined_trend",NA,NA,NA,0.386605669516255,NA,NA,NA,NA
"Idaho","status_quo","Past",2020-05-29,"combined_trend",NA,NA,NA,0.386605669516255,NA,NA,NA,NA
"Idaho","linear_increase_sd","Past",2020-05-29,"cumulative_all_infections",14326,14326,14326,14326,14326,14326,14326,14326
"Idaho","return_normal","Past",2020-05-29,"cumulative_all_infections",14326,14326,14326,14326,14326,14326,14326,14326
"Idaho","status_quo","Past",2020-05-29,"cumulative_all_infections",14326,14326,14326,14326,14326,14326,14326,14326
"Idaho","linear_increase_sd","Past",2020-05-29,"cumulative_cases",3195,3195,3195,3195,3195,3195,3195,3195
"Idaho","return_normal","Past",2020-05-29,"cumulative_cases",3195,3195,3195,3195,3195,3195,3195,3195
"Idaho","status_quo","Past",2020-05-29,"cumulative_cases",3195,3195,3195,3195,3195,3195,3195,3195
"Idaho","linear_increase_sd","Past",2020-05-29,"cumulative_deaths",162,162,162,162,162,162,162,162
"Idaho","return_normal","Past",2020-05-29,"cumulative_deaths",162,162,162,162,162,162,162,162
"Idaho","status_quo","Past",2020-05-29,"cumulative_deaths",162,162,162,162,162,162,162,162
"Idaho","linear_increase_sd","Past",2020-05-29,"cumulative_hosps",392,392,392,392,392,392,392,392
"Idaho","return_normal","Past",2020-05-29,"cumulative_hosps",392,392,392,392,392,392,392,392
"Idaho","status_quo","Past",2020-05-29,"cumulative_hosps",392,392,392,392,392,392,392,392
"Idaho","linear_increase_sd","Past",2020-05-29,"daily_all_infections",149,149,149,149,149,149,149,149
"Idaho","return_normal","Past",2020-05-29,"daily_all_infections",149,149,149,149,149,149,149,149
"Idaho","status_quo","Past",2020-05-29,"daily_all_infections",149,149,149,149,149,149,149,149
"Idaho","linear_increase_sd","Past",2020-05-29,"daily_cases",45,45,45,45,45,45,45,45
"Idaho","return_normal","Past",2020-05-29,"daily_cases",45,45,45,45,45,45,45,45
"Idaho","status_quo","Past",2020-05-29,"daily_cases",45,45,45,45,45,45,45,45
"Idaho","linear_increase_sd","Past",2020-05-29,"daily_deaths",1,1,1,1,1,1,1,1
"Idaho","return_normal","Past",2020-05-29,"daily_deaths",1,1,1,1,1,1,1,1
"Idaho","status_quo","Past",2020-05-29,"daily_deaths",1,1,1,1,1,1,1,1
"Idaho","linear_increase_sd","Past",2020-05-29,"daily_hosps",5,5,5,5,5,5,5,5
"Idaho","return_normal","Past",2020-05-29,"daily_hosps",5,5,5,5,5,5,5,5
"Idaho","status_quo","Past",2020-05-29,"daily_hosps",5,5,5,5,5,5,5,5
"Idaho","linear_increase_sd","Past",2020-05-29,"latent_trend",NA,NA,NA,0.431569736840212,NA,NA,NA,NA
"Idaho","return_normal","Past",2020-05-29,"latent_trend",NA,NA,NA,0.431569736840212,NA,NA,NA,NA
"Idaho","status_quo","Past",2020-05-29,"latent_trend",NA,NA,NA,0.431569736840212,NA,NA,NA,NA
"Idaho","linear_increase_sd","Past",2020-05-29,"mobility_trend",NA,NA,NA,0.895812742447682,NA,NA,NA,NA
"Idaho","return_normal","Past",2020-05-29,"mobility_trend",NA,NA,NA,0.895812742447682,NA,NA,NA,NA
"Idaho","status_quo","Past",2020-05-29,"mobility_trend",NA,NA,NA,0.895812742447682,NA,NA,NA,NA
"Idaho",NA,"Past",2020-05-30,"actual_cumulative_cases",NA,NA,NA,2803,NA,NA,NA,NA
"Idaho",NA,"Past",2020-05-30,"actual_cumulative_deaths",NA,NA,NA,83,NA,NA,NA,NA
"Idaho",NA,"Past",2020-05-30,"actual_daily_cases",NA,NA,NA,34,NA,NA,NA,NA
"Idaho",NA,"Past",2020-05-30,"actual_daily_deaths",NA,NA,NA,0,NA,NA,NA,NA
"Idaho","linear_increase_sd","Past",2020-05-30,"combined_trend",NA,NA,NA,0.388530979527811,NA,NA,NA,NA
"Idaho","return_normal","Past",2020-05-30,"combined_trend",NA,NA,NA,0.388530979527811,NA,NA,NA,NA
"Idaho","status_quo","Past",2020-05-30,"combined_trend",NA,NA,NA,0.388530979527811,NA,NA,NA,NA
"Idaho","linear_increase_sd","Past",2020-05-30,"cumulative_all_infections",14477,14477,14477,14477,14477,14477,14477,14477
"Idaho","return_normal","Past",2020-05-30,"cumulative_all_infections",14477,14477,14477,14477,14477,14477,14477,14477
"Idaho","status_quo","Past",2020-05-30,"cumulative_all_infections",14477,14477,14477,14477,14477,14477,14477,14477
"Idaho","linear_increase_sd","Past",2020-05-30,"cumulative_cases",3237,3237,3237,3237,3237,3237,3237,3237
"Idaho","return_normal","Past",2020-05-30,"cumulative_cases",3237,3237,3237,3237,3237,3237,3237,3237
"Idaho","status_quo","Past",2020-05-30,"cumulative_cases",3237,3237,3237,3237,3237,3237,3237,3237
"Idaho","linear_increase_sd","Past",2020-05-30,"cumulative_deaths",163,163,163,163,163,163,163,163
"Idaho","return_normal","Past",2020-05-30,"cumulative_deaths",163,163,163,163,163,163,163,163
"Idaho","status_quo","Past",2020-05-30,"cumulative_deaths",163,163,163,163,163,163,163,163
"Idaho","linear_increase_sd","Past",2020-05-30,"cumulative_hosps",397,397,397,397,397,397,397,397
"Idaho","return_normal","Past",2020-05-30,"cumulative_hosps",397,397,397,397,397,397,397,397
"Idaho","status_quo","Past",2020-05-30,"cumulative_hosps",397,397,397,397,397,397,397,397
"Idaho","linear_increase_sd","Past",2020-05-30,"daily_all_infections",151,151,151,151,151,151,151,151
"Idaho","return_normal","Past",2020-05-30,"daily_all_infections",151,151,151,151,151,151,151,151
"Idaho","status_quo","Past",2020-05-30,"daily_all_infections",151,151,151,151,151,151,151,151
"Idaho","linear_increase_sd","Past",2020-05-30,"daily_cases",42,42,42,42,42,42,42,42
"Idaho","return_normal","Past",2020-05-30,"daily_cases",42,42,42,42,42,42,42,42
"Idaho","status_quo","Past",2020-05-30,"daily_cases",42,42,42,42,42,42,42,42
"Idaho","linear_increase_sd","Past",2020-05-30,"daily_deaths",1,1,1,1,1,1,1,1
"Idaho","return_normal","Past",2020-05-30,"daily_deaths",1,1,1,1,1,1,1,1
"Idaho","status_quo","Past",2020-05-30,"daily_deaths",1,1,1,1,1,1,1,1
"Idaho","linear_increase_sd","Past",2020-05-30,"daily_hosps",5,5,5,5,5,5,5,5
"Idaho","return_normal","Past",2020-05-30,"daily_hosps",5,5,5,5,5,5,5,5
"Idaho","status_quo","Past",2020-05-30,"daily_hosps",5,5,5,5,5,5,5,5
"Idaho","linear_increase_sd","Past",2020-05-30,"latent_trend",NA,NA,NA,0.432979239418567,NA,NA,NA,NA
"Idaho","return_normal","Past",2020-05-30,"latent_trend",NA,NA,NA,0.432979239418567,NA,NA,NA,NA
"Idaho","status_quo","Past",2020-05-30,"latent_trend",NA,NA,NA,0.432979239418567,NA,NA,NA,NA
"Idaho","linear_increase_sd","Past",2020-05-30,"mobility_trend",NA,NA,NA,0.897343207608651,NA,NA,NA,NA
"Idaho","return_normal","Past",2020-05-30,"mobility_trend",NA,NA,NA,0.897343207608651,NA,NA,NA,NA
"Idaho","status_quo","Past",2020-05-30,"mobility_trend",NA,NA,NA,0.897343207608651,NA,NA,NA,NA
"Idaho",NA,"Past",2020-05-31,"actual_cumulative_cases",NA,NA,NA,2839,NA,NA,NA,NA
"Idaho",NA,"Past",2020-05-31,"actual_cumulative_deaths",NA,NA,NA,83,NA,NA,NA,NA
"Idaho",NA,"Past",2020-05-31,"actual_daily_cases",NA,NA,NA,36,NA,NA,NA,NA
"Idaho",NA,"Past",2020-05-31,"actual_daily_deaths",NA,NA,NA,0,NA,NA,NA,NA
"Idaho","linear_increase_sd","Past",2020-05-31,"combined_trend",NA,NA,NA,0.391366907508198,NA,NA,NA,NA
"Idaho","return_normal","Past",2020-05-31,"combined_trend",NA,NA,NA,0.391366907508198,NA,NA,NA,NA
"Idaho","status_quo","Past",2020-05-31,"combined_trend",NA,NA,NA,0.391366907508198,NA,NA,NA,NA
"Idaho","linear_increase_sd","Past",2020-05-31,"cumulative_all_infections",14632,14632,14632,14632,14632,14632,14632,14632
"Idaho","return_normal","Past",2020-05-31,"cumulative_all_infections",14632,14632,14632,14632,14632,14632,14632,14632
"Idaho","status_quo","Past",2020-05-31,"cumulative_all_infections",14632,14632,14632,14632,14632,14632,14632,14632
"Idaho","linear_increase_sd","Past",2020-05-31,"cumulative_cases",3286,3286,3286,3286,3286,3286,3286,3286
"Idaho","return_normal","Past",2020-05-31,"cumulative_cases",3286,3286,3286,3286,3286,3286,3286,3286
"Idaho","status_quo","Past",2020-05-31,"cumulative_cases",3286,3286,3286,3286,3286,3286,3286,3286
"Idaho","linear_increase_sd","Past",2020-05-31,"cumulative_deaths",165,165,165,165,165,165,165,165
"Idaho","return_normal","Past",2020-05-31,"cumulative_deaths",165,165,165,165,165,165,165,165
"Idaho","status_quo","Past",2020-05-31,"cumulative_deaths",165,165,165,165,165,165,165,165
"Idaho","linear_increase_sd","Past",2020-05-31,"cumulative_hosps",403,403,403,403,403,403,403,403
"Idaho","return_normal","Past",2020-05-31,"cumulative_hosps",403,403,403,403,403,403,403,403
"Idaho","status_quo","Past",2020-05-31,"cumulative_hosps",403,403,403,403,403,403,403,403
"Idaho","linear_increase_sd","Past",2020-05-31,"daily_all_infections",155,155,155,155,155,155,155,155
"Idaho","return_normal","Past",2020-05-31,"daily_all_infections",155,155,155,155,155,155,155,155
"Idaho","status_quo","Past",2020-05-31,"daily_all_infections",155,155,155,155,155,155,155,155
"Idaho","linear_increase_sd","Past",2020-05-31,"daily_cases",49,49,49,49,49,49,49,49
"Idaho","return_normal","Past",2020-05-31,"daily_cases",49,49,49,49,49,49,49,49
"Idaho","status_quo","Past",2020-05-31,"daily_cases",49,49,49,49,49,49,49,49
"Idaho","linear_increase_sd","Past",2020-05-31,"daily_deaths",2,2,2,2,2,2,2,2
"Idaho","return_normal","Past",2020-05-31,"daily_deaths",2,2,2,2,2,2,2,2
"Idaho","status_quo","Past",2020-05-31,"daily_deaths",2,2,2,2,2,2,2,2
"Idaho","linear_increase_sd","Past",2020-05-31,"daily_hosps",6,6,6,6,6,6,6,6
"Idaho","return_normal","Past",2020-05-31,"daily_hosps",6,6,6,6,6,6,6,6
"Idaho","status_quo","Past",2020-05-31,"daily_hosps",6,6,6,6,6,6,6,6
"Idaho","linear_increase_sd","Past",2020-05-31,"latent_trend",NA,NA,NA,0.435355613789721,NA,NA,NA,NA
"Idaho","return_normal","Past",2020-05-31,"latent_trend",NA,NA,NA,0.435355613789721,NA,NA,NA,NA
"Idaho","status_quo","Past",2020-05-31,"latent_trend",NA,NA,NA,0.435355613789721,NA,NA,NA,NA
"Idaho","linear_increase_sd","Past",2020-05-31,"mobility_trend",NA,NA,NA,0.898959138487714,NA,NA,NA,NA
"Idaho","return_normal","Past",2020-05-31,"mobility_trend",NA,NA,NA,0.898959138487714,NA,NA,NA,NA
"Idaho","status_quo","Past",2020-05-31,"mobility_trend",NA,NA,NA,0.898959138487714,NA,NA,NA,NA
"Idaho",NA,"Past",2020-06-01,"actual_cumulative_cases",NA,NA,NA,2839,NA,NA,NA,NA
"Idaho",NA,"Past",2020-06-01,"actual_cumulative_deaths",NA,NA,NA,83,NA,NA,NA,NA
"Idaho",NA,"Past",2020-06-01,"actual_daily_cases",NA,NA,NA,0,NA,NA,NA,NA
"Idaho",NA,"Past",2020-06-01,"actual_daily_deaths",NA,NA,NA,0,NA,NA,NA,NA
"Idaho","linear_increase_sd","Past",2020-06-01,"combined_trend",NA,NA,NA,0.395172492671627,NA,NA,NA,NA
"Idaho","return_normal","Past",2020-06-01,"combined_trend",NA,NA,NA,0.395172492671627,NA,NA,NA,NA
"Idaho","status_quo","Past",2020-06-01,"combined_trend",NA,NA,NA,0.395172492671627,NA,NA,NA,NA
"Idaho","linear_increase_sd","Past",2020-06-01,"cumulative_all_infections",14791,14791,14791,14791,14791,14791,14791,14791
"Idaho","return_normal","Past",2020-06-01,"cumulative_all_infections",14791,14791,14791,14791,14791,14791,14791,14791
"Idaho","status_quo","Past",2020-06-01,"cumulative_all_infections",14791,14791,14791,14791,14791,14791,14791,14791
"Idaho","linear_increase_sd","Past",2020-06-01,"cumulative_cases",3329,3329,3329,3329,3329,3329,3329,3329
"Idaho","return_normal","Past",2020-06-01,"cumulative_cases",3329,3329,3329,3329,3329,3329,3329,3329
"Idaho","status_quo","Past",2020-06-01,"cumulative_cases",3329,3329,3329,3329,3329,3329,3329,3329
"Idaho","linear_increase_sd","Past",2020-06-01,"cumulative_deaths",166,166,166,166,166,166,166,166
"Idaho","return_normal","Past",2020-06-01,"cumulative_deaths",166,166,166,166,166,166,166,166
"Idaho","status_quo","Past",2020-06-01,"cumulative_deaths",166,166,166,166,166,166,166,166
"Idaho","linear_increase_sd","Past",2020-06-01,"cumulative_hosps",409,409,409,409,409,409,409,409
"Idaho","return_normal","Past",2020-06-01,"cumulative_hosps",409,409,409,409,409,409,409,409
"Idaho","status_quo","Past",2020-06-01,"cumulative_hosps",409,409,409,409,409,409,409,409
"Idaho","linear_increase_sd","Past",2020-06-01,"daily_all_infections",159,159,159,159,159,159,159,159
"Idaho","return_normal","Past",2020-06-01,"daily_all_infections",159,159,159,159,159,159,159,159
"Idaho","status_quo","Past",2020-06-01,"daily_all_infections",159,159,159,159,159,159,159,159
"Idaho","linear_increase_sd","Past",2020-06-01,"daily_cases",43,43,43,43,43,43,43,43
"Idaho","return_normal","Past",2020-06-01,"daily_cases",43,43,43,43,43,43,43,43
"Idaho","status_quo","Past",2020-06-01,"daily_cases",43,43,43,43,43,43,43,43
"Idaho","linear_increase_sd","Past",2020-06-01,"daily_deaths",1,1,1,1,1,1,1,1
"Idaho","return_normal","Past",2020-06-01,"daily_deaths",1,1,1,1,1,1,1,1
"Idaho","status_quo","Past",2020-06-01,"daily_deaths",1,1,1,1,1,1,1,1
"Idaho","linear_increase_sd","Past",2020-06-01,"daily_hosps",6,6,6,6,6,6,6,6
"Idaho","return_normal","Past",2020-06-01,"daily_hosps",6,6,6,6,6,6,6,6
"Idaho","status_quo","Past",2020-06-01,"daily_hosps",6,6,6,6,6,6,6,6
"Idaho","linear_increase_sd","Past",2020-06-01,"latent_trend",NA,NA,NA,0.438730156315757,NA,NA,NA,NA
"Idaho","return_normal","Past",2020-06-01,"latent_trend",NA,NA,NA,0.438730156315757,NA,NA,NA,NA
"Idaho","status_quo","Past",2020-06-01,"latent_trend",NA,NA,NA,0.438730156315757,NA,NA,NA,NA
"Idaho","linear_increase_sd","Past",2020-06-01,"mobility_trend",NA,NA,NA,0.90071878347751,NA,NA,NA,NA
"Idaho","return_normal","Past",2020-06-01,"mobility_trend",NA,NA,NA,0.90071878347751,NA,NA,NA,NA
"Idaho","status_quo","Past",2020-06-01,"mobility_trend",NA,NA,NA,0.90071878347751,NA,NA,NA,NA
"Idaho",NA,"Past",2020-06-02,"actual_cumulative_cases",NA,NA,NA,2906,NA,NA,NA,NA
"Idaho",NA,"Past",2020-06-02,"actual_cumulative_deaths",NA,NA,NA,84,NA,NA,NA,NA
"Idaho",NA,"Past",2020-06-02,"actual_daily_cases",NA,NA,NA,67,NA,NA,NA,NA
"Idaho",NA,"Past",2020-06-02,"actual_daily_deaths",NA,NA,NA,1,NA,NA,NA,NA
"Idaho","linear_increase_sd","Past",2020-06-02,"combined_trend",NA,NA,NA,0.399907501003259,NA,NA,NA,NA
"Idaho","return_normal","Past",2020-06-02,"combined_trend",NA,NA,NA,0.399907501003259,NA,NA,NA,NA
"Idaho","status_quo","Past",2020-06-02,"combined_trend",NA,NA,NA,0.399907501003259,NA,NA,NA,NA
"Idaho","linear_increase_sd","Past",2020-06-02,"cumulative_all_infections",14954,14954,14954,14954,14954,14954,14954,14954
"Idaho","return_normal","Past",2020-06-02,"cumulative_all_infections",14954,14954,14954,14954,14954,14954,14954,14954
"Idaho","status_quo","Past",2020-06-02,"cumulative_all_infections",14954,14954,14954,14954,14954,14954,14954,14954
"Idaho","linear_increase_sd","Past",2020-06-02,"cumulative_cases",3372,3372,3372,3372,3372,3372,3372,3372
"Idaho","return_normal","Past",2020-06-02,"cumulative_cases",3372,3372,3372,3372,3372,3372,3372,3372
"Idaho","status_quo","Past",2020-06-02,"cumulative_cases",3372,3372,3372,3372,3372,3372,3372,3372
"Idaho","linear_increase_sd","Past",2020-06-02,"cumulative_deaths",167,167,167,167,167,167,167,167
"Idaho","return_normal","Past",2020-06-02,"cumulative_deaths",167,167,167,167,167,167,167,167
"Idaho","status_quo","Past",2020-06-02,"cumulative_deaths",167,167,167,167,167,167,167,167
"Idaho","linear_increase_sd","Past",2020-06-02,"cumulative_hosps",415,415,415,415,415,415,415,415
"Idaho","return_normal","Past",2020-06-02,"cumulative_hosps",415,415,415,415,415,415,415,415
"Idaho","status_quo","Past",2020-06-02,"cumulative_hosps",415,415,415,415,415,415,415,415
"Idaho","linear_increase_sd","Past",2020-06-02,"daily_all_infections",163,163,163,163,163,163,163,163
"Idaho","return_normal","Past",2020-06-02,"daily_all_infections",163,163,163,163,163,163,163,163
"Idaho","status_quo","Past",2020-06-02,"daily_all_infections",163,163,163,163,163,163,163,163
"Idaho","linear_increase_sd","Past",2020-06-02,"daily_cases",43,43,43,43,43,43,43,43
"Idaho","return_normal","Past",2020-06-02,"daily_cases",43,43,43,43,43,43,43,43
"Idaho","status_quo","Past",2020-06-02,"daily_cases",43,43,43,43,43,43,43,43
"Idaho","linear_increase_sd","Past",2020-06-02,"daily_deaths",1,1,1,1,1,1,1,1
"Idaho","return_normal","Past",2020-06-02,"daily_deaths",1,1,1,1,1,1,1,1
"Idaho","status_quo","Past",2020-06-02,"daily_deaths",1,1,1,1,1,1,1,1
"Idaho","linear_increase_sd","Past",2020-06-02,"daily_hosps",6,6,6,6,6,6,6,6
"Idaho","return_normal","Past",2020-06-02,"daily_hosps",6,6,6,6,6,6,6,6
"Idaho","status_quo","Past",2020-06-02,"daily_hosps",6,6,6,6,6,6,6,6
"Idaho","linear_increase_sd","Past",2020-06-02,"latent_trend",NA,NA,NA,0.443027566268516,NA,NA,NA,NA
"Idaho","return_normal","Past",2020-06-02,"latent_trend",NA,NA,NA,0.443027566268516,NA,NA,NA,NA
"Idaho","status_quo","Past",2020-06-02,"latent_trend",NA,NA,NA,0.443027566268516,NA,NA,NA,NA
"Idaho","linear_increase_sd","Past",2020-06-02,"mobility_trend",NA,NA,NA,0.902669566075891,NA,NA,NA,NA
"Idaho","return_normal","Past",2020-06-02,"mobility_trend",NA,NA,NA,0.902669566075891,NA,NA,NA,NA
"Idaho","status_quo","Past",2020-06-02,"mobility_trend",NA,NA,NA,0.902669566075891,NA,NA,NA,NA
"Idaho",NA,"Past",2020-06-03,"actual_cumulative_cases",NA,NA,NA,2933,NA,NA,NA,NA
"Idaho",NA,"Past",2020-06-03,"actual_cumulative_deaths",NA,NA,NA,84,NA,NA,NA,NA
"Idaho",NA,"Past",2020-06-03,"actual_daily_cases",NA,NA,NA,27,NA,NA,NA,NA
"Idaho",NA,"Past",2020-06-03,"actual_daily_deaths",NA,NA,NA,0,NA,NA,NA,NA
"Idaho","linear_increase_sd","Past",2020-06-03,"combined_trend",NA,NA,NA,0.405522962345507,NA,NA,NA,NA
"Idaho","return_normal","Past",2020-06-03,"combined_trend",NA,NA,NA,0.405522962345507,NA,NA,NA,NA
"Idaho","status_quo","Past",2020-06-03,"combined_trend",NA,NA,NA,0.405522962345507,NA,NA,NA,NA
"Idaho","linear_increase_sd","Past",2020-06-03,"cumulative_all_infections",15124,15124,15124,15124,15124,15124,15124,15124
"Idaho","return_normal","Past",2020-06-03,"cumulative_all_infections",15124,15124,15124,15124,15124,15124,15124,15124
"Idaho","status_quo","Past",2020-06-03,"cumulative_all_infections",15124,15124,15124,15124,15124,15124,15124,15124
"Idaho","linear_increase_sd","Past",2020-06-03,"cumulative_cases",3424,3424,3424,3424,3424,3424,3424,3424
"Idaho","return_normal","Past",2020-06-03,"cumulative_cases",3424,3424,3424,3424,3424,3424,3424,3424
"Idaho","status_quo","Past",2020-06-03,"cumulative_cases",3424,3424,3424,3424,3424,3424,3424,3424
"Idaho","linear_increase_sd","Past",2020-06-03,"cumulative_deaths",168,168,168,168,168,168,168,168
"Idaho","return_normal","Past",2020-06-03,"cumulative_deaths",168,168,168,168,168,168,168,168
"Idaho","status_quo","Past",2020-06-03,"cumulative_deaths",168,168,168,168,168,168,168,168
"Idaho","linear_increase_sd","Past",2020-06-03,"cumulative_hosps",420,420,420,420,420,420,420,420
"Idaho","return_normal","Past",2020-06-03,"cumulative_hosps",420,420,420,420,420,420,420,420
"Idaho","status_quo","Past",2020-06-03,"cumulative_hosps",420,420,420,420,420,420,420,420
"Idaho","linear_increase_sd","Past",2020-06-03,"daily_all_infections",170,170,170,170,170,170,170,170
"Idaho","return_normal","Past",2020-06-03,"daily_all_infections",170,170,170,170,170,170,170,170
"Idaho","status_quo","Past",2020-06-03,"daily_all_infections",170,170,170,170,170,170,170,170
"Idaho","linear_increase_sd","Past",2020-06-03,"daily_cases",52,52,52,52,52,52,52,52
"Idaho","return_normal","Past",2020-06-03,"daily_cases",52,52,52,52,52,52,52,52
"Idaho","status_quo","Past",2020-06-03,"daily_cases",52,52,52,52,52,52,52,52
"Idaho","linear_increase_sd","Past",2020-06-03,"daily_deaths",1,1,1,1,1,1,1,1
"Idaho","return_normal","Past",2020-06-03,"daily_deaths",1,1,1,1,1,1,1,1
"Idaho","status_quo","Past",2020-06-03,"daily_deaths",1,1,1,1,1,1,1,1
"Idaho","linear_increase_sd","Past",2020-06-03,"daily_hosps",5,5,5,5,5,5,5,5
"Idaho","return_normal","Past",2020-06-03,"daily_hosps",5,5,5,5,5,5,5,5
"Idaho","status_quo","Past",2020-06-03,"daily_hosps",5,5,5,5,5,5,5,5
"Idaho","linear_increase_sd","Past",2020-06-03,"latent_trend",NA,NA,NA,0.448161539840268,NA,NA,NA,NA
"Idaho","return_normal","Past",2020-06-03,"latent_trend",NA,NA,NA,0.448161539840268,NA,NA,NA,NA
"Idaho","status_quo","Past",2020-06-03,"latent_trend",NA,NA,NA,0.448161539840268,NA,NA,NA,NA
"Idaho","linear_increase_sd","Past",2020-06-03,"mobility_trend",NA,NA,NA,0.904858909780706,NA,NA,NA,NA
"Idaho","return_normal","Past",2020-06-03,"mobility_trend",NA,NA,NA,0.904858909780706,NA,NA,NA,NA
"Idaho","status_quo","Past",2020-06-03,"mobility_trend",NA,NA,NA,0.904858909780706,NA,NA,NA,NA
"Idaho",NA,"Past",2020-06-04,"actual_cumulative_cases",NA,NA,NA,2990,NA,NA,NA,NA
"Idaho",NA,"Past",2020-06-04,"actual_cumulative_deaths",NA,NA,NA,84,NA,NA,NA,NA
"Idaho",NA,"Past",2020-06-04,"actual_daily_cases",NA,NA,NA,57,NA,NA,NA,NA
"Idaho",NA,"Past",2020-06-04,"actual_daily_deaths",NA,NA,NA,0,NA,NA,NA,NA
"Idaho","linear_increase_sd","Past",2020-06-04,"combined_trend",NA,NA,NA,0.411970569742084,NA,NA,NA,NA
"Idaho","return_normal","Past",2020-06-04,"combined_trend",NA,NA,NA,0.411970569742084,NA,NA,NA,NA
"Idaho","status_quo","Past",2020-06-04,"combined_trend",NA,NA,NA,0.411970569742084,NA,NA,NA,NA
"Idaho","linear_increase_sd","Past",2020-06-04,"cumulative_all_infections",15298,15298,15298,15298,15298,15298,15298,15298
"Idaho","return_normal","Past",2020-06-04,"cumulative_all_infections",15298,15298,15298,15298,15298,15298,15298,15298
"Idaho","status_quo","Past",2020-06-04,"cumulative_all_infections",15298,15298,15298,15298,15298,15298,15298,15298
"Idaho","linear_increase_sd","Past",2020-06-04,"cumulative_cases",3478,3478,3478,3478,3478,3478,3478,3478
"Idaho","return_normal","Past",2020-06-04,"cumulative_cases",3478,3478,3478,3478,3478,3478,3478,3478
"Idaho","status_quo","Past",2020-06-04,"cumulative_cases",3478,3478,3478,3478,3478,3478,3478,3478
"Idaho","linear_increase_sd","Past",2020-06-04,"cumulative_deaths",169,169,169,169,169,169,169,169
"Idaho","return_normal","Past",2020-06-04,"cumulative_deaths",169,169,169,169,169,169,169,169
"Idaho","status_quo","Past",2020-06-04,"cumulative_deaths",169,169,169,169,169,169,169,169
"Idaho","linear_increase_sd","Past",2020-06-04,"cumulative_hosps",426,426,426,426,426,426,426,426
"Idaho","return_normal","Past",2020-06-04,"cumulative_hosps",426,426,426,426,426,426,426,426
"Idaho","status_quo","Past",2020-06-04,"cumulative_hosps",426,426,426,426,426,426,426,426
"Idaho","linear_increase_sd","Past",2020-06-04,"daily_all_infections",174,174,174,174,174,174,174,174
"Idaho","return_normal","Past",2020-06-04,"daily_all_infections",174,174,174,174,174,174,174,174
"Idaho","status_quo","Past",2020-06-04,"daily_all_infections",174,174,174,174,174,174,174,174
"Idaho","linear_increase_sd","Past",2020-06-04,"daily_cases",54,54,54,54,54,54,54,54
"Idaho","return_normal","Past",2020-06-04,"daily_cases",54,54,54,54,54,54,54,54
"Idaho","status_quo","Past",2020-06-04,"daily_cases",54,54,54,54,54,54,54,54
"Idaho","linear_increase_sd","Past",2020-06-04,"daily_deaths",1,1,1,1,1,1,1,1
"Idaho","return_normal","Past",2020-06-04,"daily_deaths",1,1,1,1,1,1,1,1
"Idaho","status_quo","Past",2020-06-04,"daily_deaths",1,1,1,1,1,1,1,1
"Idaho","linear_increase_sd","Past",2020-06-04,"daily_hosps",6,6,6,6,6,6,6,6
"Idaho","return_normal","Past",2020-06-04,"daily_hosps",6,6,6,6,6,6,6,6
"Idaho","status_quo","Past",2020-06-04,"daily_hosps",6,6,6,6,6,6,6,6
"Idaho","linear_increase_sd","Past",2020-06-04,"latent_trend",NA,NA,NA,0.454045062539438,NA,NA,NA,NA
"Idaho","return_normal","Past",2020-06-04,"latent_trend",NA,NA,NA,0.454045062539438,NA,NA,NA,NA
"Idaho","status_quo","Past",2020-06-04,"latent_trend",NA,NA,NA,0.454045062539438,NA,NA,NA,NA
"Idaho","linear_increase_sd","Past",2020-06-04,"mobility_trend",NA,NA,NA,0.907334103443313,NA,NA,NA,NA
"Idaho","return_normal","Past",2020-06-04,"mobility_trend",NA,NA,NA,0.907334103443313,NA,NA,NA,NA
"Idaho","status_quo","Past",2020-06-04,"mobility_trend",NA,NA,NA,0.907334103443313,NA,NA,NA,NA
"Idaho",NA,"Past",2020-06-05,"actual_cumulative_cases",NA,NA,NA,3054,NA,NA,NA,NA
"Idaho",NA,"Past",2020-06-05,"actual_cumulative_deaths",NA,NA,NA,84,NA,NA,NA,NA
"Idaho",NA,"Past",2020-06-05,"actual_daily_cases",NA,NA,NA,64,NA,NA,NA,NA
"Idaho",NA,"Past",2020-06-05,"actual_daily_deaths",NA,NA,NA,0,NA,NA,NA,NA
"Idaho","linear_increase_sd","Past",2020-06-05,"combined_trend",NA,NA,NA,0.419202169232932,NA,NA,NA,NA
"Idaho","return_normal","Past",2020-06-05,"combined_trend",NA,NA,NA,0.419202169232932,NA,NA,NA,NA
"Idaho","status_quo","Past",2020-06-05,"combined_trend",NA,NA,NA,0.419202169232932,NA,NA,NA,NA
"Idaho","linear_increase_sd","Past",2020-06-05,"cumulative_all_infections",15478,15478,15478,15478,15478,15478,15478,15478
"Idaho","return_normal","Past",2020-06-05,"cumulative_all_infections",15478,15478,15478,15478,15478,15478,15478,15478
"Idaho","status_quo","Past",2020-06-05,"cumulative_all_infections",15478,15478,15478,15478,15478,15478,15478,15478
"Idaho","linear_increase_sd","Past",2020-06-05,"cumulative_cases",3536,3536,3536,3536,3536,3536,3536,3536
"Idaho","return_normal","Past",2020-06-05,"cumulative_cases",3536,3536,3536,3536,3536,3536,3536,3536
"Idaho","status_quo","Past",2020-06-05,"cumulative_cases",3536,3536,3536,3536,3536,3536,3536,3536
"Idaho","linear_increase_sd","Past",2020-06-05,"cumulative_deaths",170,170,170,170,170,170,170,170
"Idaho","return_normal","Past",2020-06-05,"cumulative_deaths",170,170,170,170,170,170,170,170
"Idaho","status_quo","Past",2020-06-05,"cumulative_deaths",170,170,170,170,170,170,170,170
"Idaho","linear_increase_sd","Past",2020-06-05,"cumulative_hosps",432,432,432,432,432,432,432,432
"Idaho","return_normal","Past",2020-06-05,"cumulative_hosps",432,432,432,432,432,432,432,432
"Idaho","status_quo","Past",2020-06-05,"cumulative_hosps",432,432,432,432,432,432,432,432
"Idaho","linear_increase_sd","Past",2020-06-05,"daily_all_infections",180,180,180,180,180,180,180,180
"Idaho","return_normal","Past",2020-06-05,"daily_all_infections",180,180,180,180,180,180,180,180
"Idaho","status_quo","Past",2020-06-05,"daily_all_infections",180,180,180,180,180,180,180,180
"Idaho","linear_increase_sd","Past",2020-06-05,"daily_cases",58,58,58,58,58,58,58,58
"Idaho","return_normal","Past",2020-06-05,"daily_cases",58,58,58,58,58,58,58,58
"Idaho","status_quo","Past",2020-06-05,"daily_cases",58,58,58,58,58,58,58,58
"Idaho","linear_increase_sd","Past",2020-06-05,"daily_deaths",1,1,1,1,1,1,1,1
"Idaho","return_normal","Past",2020-06-05,"daily_deaths",1,1,1,1,1,1,1,1
"Idaho","status_quo","Past",2020-06-05,"daily_deaths",1,1,1,1,1,1,1,1
"Idaho","linear_increase_sd","Past",2020-06-05,"daily_hosps",6,6,6,6,6,6,6,6
"Idaho","return_normal","Past",2020-06-05,"daily_hosps",6,6,6,6,6,6,6,6
"Idaho","status_quo","Past",2020-06-05,"daily_hosps",6,6,6,6,6,6,6,6
"Idaho","linear_increase_sd","Past",2020-06-05,"latent_trend",NA,NA,NA,0.460589904127169,NA,NA,NA,NA
"Idaho","return_normal","Past",2020-06-05,"latent_trend",NA,NA,NA,0.460589904127169,NA,NA,NA,NA
"Idaho","status_quo","Past",2020-06-05,"latent_trend",NA,NA,NA,0.460589904127169,NA,NA,NA,NA
"Idaho","linear_increase_sd","Past",2020-06-05,"mobility_trend",NA,NA,NA,0.910141897329104,NA,NA,NA,NA
"Idaho","return_normal","Past",2020-06-05,"mobility_trend",NA,NA,NA,0.910141897329104,NA,NA,NA,NA
"Idaho","status_quo","Past",2020-06-05,"mobility_trend",NA,NA,NA,0.910141897329104,NA,NA,NA,NA
"Idaho",NA,"Past",2020-06-06,"actual_cumulative_cases",NA,NA,NA,3111,NA,NA,NA,NA
"Idaho",NA,"Past",2020-06-06,"actual_cumulative_deaths",NA,NA,NA,84,NA,NA,NA,NA
"Idaho",NA,"Past",2020-06-06,"actual_daily_cases",NA,NA,NA,57,NA,NA,NA,NA
"Idaho",NA,"Past",2020-06-06,"actual_daily_deaths",NA,NA,NA,0,NA,NA,NA,NA
"Idaho","linear_increase_sd","Past",2020-06-06,"combined_trend",NA,NA,NA,0.427169657331701,NA,NA,NA,NA
"Idaho","return_normal","Past",2020-06-06,"combined_trend",NA,NA,NA,0.427169657331701,NA,NA,NA,NA
"Idaho","status_quo","Past",2020-06-06,"combined_trend",NA,NA,NA,0.427169657331701,NA,NA,NA,NA
"Idaho","linear_increase_sd","Past",2020-06-06,"cumulative_all_infections",15667,15667,15667,15667,15667,15667,15667,15667
"Idaho","return_normal","Past",2020-06-06,"cumulative_all_infections",15667,15667,15667,15667,15667,15667,15667,15667
"Idaho","status_quo","Past",2020-06-06,"cumulative_all_infections",15667,15667,15667,15667,15667,15667,15667,15667
"Idaho","linear_increase_sd","Past",2020-06-06,"cumulative_cases",3594,3594,3594,3594,3594,3594,3594,3594
"Idaho","return_normal","Past",2020-06-06,"cumulative_cases",3594,3594,3594,3594,3594,3594,3594,3594
"Idaho","status_quo","Past",2020-06-06,"cumulative_cases",3594,3594,3594,3594,3594,3594,3594,3594
"Idaho","linear_increase_sd","Past",2020-06-06,"cumulative_deaths",171,171,171,171,171,171,171,171
"Idaho","return_normal","Past",2020-06-06,"cumulative_deaths",171,171,171,171,171,171,171,171
"Idaho","status_quo","Past",2020-06-06,"cumulative_deaths",171,171,171,171,171,171,171,171
"Idaho","linear_increase_sd","Past",2020-06-06,"cumulative_hosps",438,438,438,438,438,438,438,438
"Idaho","return_normal","Past",2020-06-06,"cumulative_hosps",438,438,438,438,438,438,438,438
"Idaho","status_quo","Past",2020-06-06,"cumulative_hosps",438,438,438,438,438,438,438,438
"Idaho","linear_increase_sd","Past",2020-06-06,"daily_all_infections",189,189,189,189,189,189,189,189
"Idaho","return_normal","Past",2020-06-06,"daily_all_infections",189,189,189,189,189,189,189,189
"Idaho","status_quo","Past",2020-06-06,"daily_all_infections",189,189,189,189,189,189,189,189
"Idaho","linear_increase_sd","Past",2020-06-06,"daily_cases",58,58,58,58,58,58,58,58
"Idaho","return_normal","Past",2020-06-06,"daily_cases",58,58,58,58,58,58,58,58
"Idaho","status_quo","Past",2020-06-06,"daily_cases",58,58,58,58,58,58,58,58
"Idaho","linear_increase_sd","Past",2020-06-06,"daily_deaths",1,1,1,1,1,1,1,1
"Idaho","return_normal","Past",2020-06-06,"daily_deaths",1,1,1,1,1,1,1,1
"Idaho","status_quo","Past",2020-06-06,"daily_deaths",1,1,1,1,1,1,1,1
"Idaho","linear_increase_sd","Past",2020-06-06,"daily_hosps",6,6,6,6,6,6,6,6
"Idaho","return_normal","Past",2020-06-06,"daily_hosps",6,6,6,6,6,6,6,6
"Idaho","status_quo","Past",2020-06-06,"daily_hosps",6,6,6,6,6,6,6,6
"Idaho","linear_increase_sd","Past",2020-06-06,"latent_trend",NA,NA,NA,0.467706271017055,NA,NA,NA,NA
"Idaho","return_normal","Past",2020-06-06,"latent_trend",NA,NA,NA,0.467706271017055,NA,NA,NA,NA
"Idaho","status_quo","Past",2020-06-06,"latent_trend",NA,NA,NA,0.467706271017055,NA,NA,NA,NA
"Idaho","linear_increase_sd","Past",2020-06-06,"mobility_trend",NA,NA,NA,0.913328907056977,NA,NA,NA,NA
"Idaho","return_normal","Past",2020-06-06,"mobility_trend",NA,NA,NA,0.913328907056977,NA,NA,NA,NA
"Idaho","status_quo","Past",2020-06-06,"mobility_trend",NA,NA,NA,0.913328907056977,NA,NA,NA,NA
"Idaho",NA,"Past",2020-06-07,"actual_cumulative_cases",NA,NA,NA,3139,NA,NA,NA,NA
"Idaho",NA,"Past",2020-06-07,"actual_cumulative_deaths",NA,NA,NA,84,NA,NA,NA,NA
"Idaho",NA,"Past",2020-06-07,"actual_daily_cases",NA,NA,NA,28,NA,NA,NA,NA
"Idaho",NA,"Past",2020-06-07,"actual_daily_deaths",NA,NA,NA,0,NA,NA,NA,NA
"Idaho","linear_increase_sd","Past",2020-06-07,"combined_trend",NA,NA,NA,0.435818395222503,NA,NA,NA,NA
"Idaho","return_normal","Past",2020-06-07,"combined_trend",NA,NA,NA,0.435818395222503,NA,NA,NA,NA
"Idaho","status_quo","Past",2020-06-07,"combined_trend",NA,NA,NA,0.435818395222503,NA,NA,NA,NA
"Idaho","linear_increase_sd","Past",2020-06-07,"cumulative_all_infections",15865,15865,15865,15865,15865,15865,15865,15865
"Idaho","return_normal","Past",2020-06-07,"cumulative_all_infections",15865,15865,15865,15865,15865,15865,15865,15865
"Idaho","status_quo","Past",2020-06-07,"cumulative_all_infections",15865,15865,15865,15865,15865,15865,15865,15865
"Idaho","linear_increase_sd","Past",2020-06-07,"cumulative_cases",3644,3644,3644,3644,3644,3644,3644,3644
"Idaho","return_normal","Past",2020-06-07,"cumulative_cases",3644,3644,3644,3644,3644,3644,3644,3644
"Idaho","status_quo","Past",2020-06-07,"cumulative_cases",3644,3644,3644,3644,3644,3644,3644,3644
"Idaho","linear_increase_sd","Past",2020-06-07,"cumulative_deaths",173,173,173,173,173,173,173,173
"Idaho","return_normal","Past",2020-06-07,"cumulative_deaths",173,173,173,173,173,173,173,173
"Idaho","status_quo","Past",2020-06-07,"cumulative_deaths",173,173,173,173,173,173,173,173
"Idaho","linear_increase_sd","Past",2020-06-07,"cumulative_hosps",444,444,444,444,444,444,444,444
"Idaho","return_normal","Past",2020-06-07,"cumulative_hosps",444,444,444,444,444,444,444,444
"Idaho","status_quo","Past",2020-06-07,"cumulative_hosps",444,444,444,444,444,444,444,444
"Idaho","linear_increase_sd","Past",2020-06-07,"daily_all_infections",198,198,198,198,198,198,198,198
"Idaho","return_normal","Past",2020-06-07,"daily_all_infections",198,198,198,198,198,198,198,198
"Idaho","status_quo","Past",2020-06-07,"daily_all_infections",198,198,198,198,198,198,198,198
"Idaho","linear_increase_sd","Past",2020-06-07,"daily_cases",50,50,50,50,50,50,50,50
"Idaho","return_normal","Past",2020-06-07,"daily_cases",50,50,50,50,50,50,50,50
"Idaho","status_quo","Past",2020-06-07,"daily_cases",50,50,50,50,50,50,50,50
"Idaho","linear_increase_sd","Past",2020-06-07,"daily_deaths",2,2,2,2,2,2,2,2
"Idaho","return_normal","Past",2020-06-07,"daily_deaths",2,2,2,2,2,2,2,2
"Idaho","status_quo","Past",2020-06-07,"daily_deaths",2,2,2,2,2,2,2,2
"Idaho","linear_increase_sd","Past",2020-06-07,"daily_hosps",6,6,6,6,6,6,6,6
"Idaho","return_normal","Past",2020-06-07,"daily_hosps",6,6,6,6,6,6,6,6
"Idaho","status_quo","Past",2020-06-07,"daily_hosps",6,6,6,6,6,6,6,6
"Idaho","linear_increase_sd","Past",2020-06-07,"latent_trend",NA,NA,NA,0.475302630297369,NA,NA,NA,NA
"Idaho","return_normal","Past",2020-06-07,"latent_trend",NA,NA,NA,0.475302630297369,NA,NA,NA,NA
"Idaho","status_quo","Past",2020-06-07,"latent_trend",NA,NA,NA,0.475302630297369,NA,NA,NA,NA
"Idaho","linear_increase_sd","Past",2020-06-07,"mobility_trend",NA,NA,NA,0.916928220973314,NA,NA,NA,NA
"Idaho","return_normal","Past",2020-06-07,"mobility_trend",NA,NA,NA,0.916928220973314,NA,NA,NA,NA
"Idaho","status_quo","Past",2020-06-07,"mobility_trend",NA,NA,NA,0.916928220973314,NA,NA,NA,NA
"Idaho",NA,"Past",2020-06-08,"actual_cumulative_cases",NA,NA,NA,3139,NA,NA,NA,NA
"Idaho",NA,"Past",2020-06-08,"actual_cumulative_deaths",NA,NA,NA,84,NA,NA,NA,NA
"Idaho",NA,"Past",2020-06-08,"actual_daily_cases",NA,NA,NA,0,NA,NA,NA,NA
"Idaho",NA,"Past",2020-06-08,"actual_daily_deaths",NA,NA,NA,0,NA,NA,NA,NA
"Idaho","linear_increase_sd","Past",2020-06-08,"combined_trend",NA,NA,NA,0.445066902907584,NA,NA,NA,NA
"Idaho","return_normal","Past",2020-06-08,"combined_trend",NA,NA,NA,0.445066902907584,NA,NA,NA,NA
"Idaho","status_quo","Past",2020-06-08,"combined_trend",NA,NA,NA,0.445066902907584,NA,NA,NA,NA
"Idaho","linear_increase_sd","Past",2020-06-08,"cumulative_all_infections",16073,16073,16073,16073,16073,16073,16073,16073
"Idaho","return_normal","Past",2020-06-08,"cumulative_all_infections",16073,16073,16073,16073,16073,16073,16073,16073
"Idaho","status_quo","Past",2020-06-08,"cumulative_all_infections",16073,16073,16073,16073,16073,16073,16073,16073
"Idaho","linear_increase_sd","Past",2020-06-08,"cumulative_cases",3696,3696,3696,3696,3696,3696,3696,3696
"Idaho","return_normal","Past",2020-06-08,"cumulative_cases",3696,3696,3696,3696,3696,3696,3696,3696
"Idaho","status_quo","Past",2020-06-08,"cumulative_cases",3696,3696,3696,3696,3696,3696,3696,3696
"Idaho","linear_increase_sd","Past",2020-06-08,"cumulative_deaths",174,174,174,174,174,174,174,174
"Idaho","return_normal","Past",2020-06-08,"cumulative_deaths",174,174,174,174,174,174,174,174
"Idaho","status_quo","Past",2020-06-08,"cumulative_deaths",174,174,174,174,174,174,174,174
"Idaho","linear_increase_sd","Past",2020-06-08,"cumulative_hosps",450,450,450,450,450,450,450,450
"Idaho","return_normal","Past",2020-06-08,"cumulative_hosps",450,450,450,450,450,450,450,450
"Idaho","status_quo","Past",2020-06-08,"cumulative_hosps",450,450,450,450,450,450,450,450
"Idaho","linear_increase_sd","Past",2020-06-08,"daily_all_infections",208,208,208,208,208,208,208,208
"Idaho","return_normal","Past",2020-06-08,"daily_all_infections",208,208,208,208,208,208,208,208
"Idaho","status_quo","Past",2020-06-08,"daily_all_infections",208,208,208,208,208,208,208,208
"Idaho","linear_increase_sd","Past",2020-06-08,"daily_cases",52,52,52,52,52,52,52,52
"Idaho","return_normal","Past",2020-06-08,"daily_cases",52,52,52,52,52,52,52,52
"Idaho","status_quo","Past",2020-06-08,"daily_cases",52,52,52,52,52,52,52,52
"Idaho","linear_increase_sd","Past",2020-06-08,"daily_deaths",1,1,1,1,1,1,1,1
"Idaho","return_normal","Past",2020-06-08,"daily_deaths",1,1,1,1,1,1,1,1
"Idaho","status_quo","Past",2020-06-08,"daily_deaths",1,1,1,1,1,1,1,1
"Idaho","linear_increase_sd","Past",2020-06-08,"daily_hosps",6,6,6,6,6,6,6,6
"Idaho","return_normal","Past",2020-06-08,"daily_hosps",6,6,6,6,6,6,6,6
"Idaho","status_quo","Past",2020-06-08,"daily_hosps",6,6,6,6,6,6,6,6
"Idaho","linear_increase_sd","Past",2020-06-08,"latent_trend",NA,NA,NA,0.483285707759273,NA,NA,NA,NA
"Idaho","return_normal","Past",2020-06-08,"latent_trend",NA,NA,NA,0.483285707759273,NA,NA,NA,NA
"Idaho","status_quo","Past",2020-06-08,"latent_trend",NA,NA,NA,0.483285707759273,NA,NA,NA,NA
"Idaho","linear_increase_sd","Past",2020-06-08,"mobility_trend",NA,NA,NA,0.920918818334422,NA,NA,NA,NA
"Idaho","return_normal","Past",2020-06-08,"mobility_trend",NA,NA,NA,0.920918818334422,NA,NA,NA,NA
"Idaho","status_quo","Past",2020-06-08,"mobility_trend",NA,NA,NA,0.920918818334422,NA,NA,NA,NA
"Idaho",NA,"Past",2020-06-09,"actual_cumulative_cases",NA,NA,NA,3189,NA,NA,NA,NA
"Idaho",NA,"Past",2020-06-09,"actual_cumulative_deaths",NA,NA,NA,84,NA,NA,NA,NA
"Idaho",NA,"Past",2020-06-09,"actual_daily_cases",NA,NA,NA,50,NA,NA,NA,NA
"Idaho",NA,"Past",2020-06-09,"actual_daily_deaths",NA,NA,NA,0,NA,NA,NA,NA
"Idaho","linear_increase_sd","Past",2020-06-09,"combined_trend",NA,NA,NA,0.454824431596462,NA,NA,NA,NA
"Idaho","return_normal","Past",2020-06-09,"combined_trend",NA,NA,NA,0.454824431596462,NA,NA,NA,NA
"Idaho","status_quo","Past",2020-06-09,"combined_trend",NA,NA,NA,0.454824431596462,NA,NA,NA,NA
"Idaho","linear_increase_sd","Past",2020-06-09,"cumulative_all_infections",16294,16294,16294,16294,16294,16294,16294,16294
"Idaho","return_normal","Past",2020-06-09,"cumulative_all_infections",16294,16294,16294,16294,16294,16294,16294,16294
"Idaho","status_quo","Past",2020-06-09,"cumulative_all_infections",16294,16294,16294,16294,16294,16294,16294,16294
"Idaho","linear_increase_sd","Past",2020-06-09,"cumulative_cases",3757,3757,3757,3757,3757,3757,3757,3757
"Idaho","return_normal","Past",2020-06-09,"cumulative_cases",3757,3757,3757,3757,3757,3757,3757,3757
"Idaho","status_quo","Past",2020-06-09,"cumulative_cases",3757,3757,3757,3757,3757,3757,3757,3757
"Idaho","linear_increase_sd","Past",2020-06-09,"cumulative_deaths",176,176,176,176,176,176,176,176
"Idaho","return_normal","Past",2020-06-09,"cumulative_deaths",176,176,176,176,176,176,176,176
"Idaho","status_quo","Past",2020-06-09,"cumulative_deaths",176,176,176,176,176,176,176,176
"Idaho","linear_increase_sd","Past",2020-06-09,"cumulative_hosps",456,456,456,456,456,456,456,456
"Idaho","return_normal","Past",2020-06-09,"cumulative_hosps",456,456,456,456,456,456,456,456
"Idaho","status_quo","Past",2020-06-09,"cumulative_hosps",456,456,456,456,456,456,456,456
"Idaho","linear_increase_sd","Past",2020-06-09,"daily_all_infections",221,221,221,221,221,221,221,221
"Idaho","return_normal","Past",2020-06-09,"daily_all_infections",221,221,221,221,221,221,221,221
"Idaho","status_quo","Past",2020-06-09,"daily_all_infections",221,221,221,221,221,221,221,221
"Idaho","linear_increase_sd","Past",2020-06-09,"daily_cases",61,61,61,61,61,61,61,61
"Idaho","return_normal","Past",2020-06-09,"daily_cases",61,61,61,61,61,61,61,61
"Idaho","status_quo","Past",2020-06-09,"daily_cases",61,61,61,61,61,61,61,61
"Idaho","linear_increase_sd","Past",2020-06-09,"daily_deaths",2,2,2,2,2,2,2,2
"Idaho","return_normal","Past",2020-06-09,"daily_deaths",2,2,2,2,2,2,2,2
"Idaho","status_quo","Past",2020-06-09,"daily_deaths",2,2,2,2,2,2,2,2
"Idaho","linear_increase_sd","Past",2020-06-09,"daily_hosps",6,6,6,6,6,6,6,6
"Idaho","return_normal","Past",2020-06-09,"daily_hosps",6,6,6,6,6,6,6,6
"Idaho","status_quo","Past",2020-06-09,"daily_hosps",6,6,6,6,6,6,6,6
"Idaho","linear_increase_sd","Past",2020-06-09,"latent_trend",NA,NA,NA,0.491560651001772,NA,NA,NA,NA
"Idaho","return_normal","Past",2020-06-09,"latent_trend",NA,NA,NA,0.491560651001772,NA,NA,NA,NA
"Idaho","status_quo","Past",2020-06-09,"latent_trend",NA,NA,NA,0.491560651001772,NA,NA,NA,NA
"Idaho","linear_increase_sd","Past",2020-06-09,"mobility_trend",NA,NA,NA,0.925266151124089,NA,NA,NA,NA
"Idaho","return_normal","Past",2020-06-09,"mobility_trend",NA,NA,NA,0.925266151124089,NA,NA,NA,NA
"Idaho","status_quo","Past",2020-06-09,"mobility_trend",NA,NA,NA,0.925266151124089,NA,NA,NA,NA
"Idaho",NA,"Past",2020-06-10,"actual_cumulative_cases",NA,NA,NA,3220,NA,NA,NA,NA
"Idaho",NA,"Past",2020-06-10,"actual_cumulative_deaths",NA,NA,NA,86,NA,NA,NA,NA
"Idaho",NA,"Past",2020-06-10,"actual_daily_cases",NA,NA,NA,31,NA,NA,NA,NA
"Idaho",NA,"Past",2020-06-10,"actual_daily_deaths",NA,NA,NA,2,NA,NA,NA,NA
"Idaho","linear_increase_sd","Past",2020-06-10,"combined_trend",NA,NA,NA,0.464996978099764,NA,NA,NA,NA
"Idaho","return_normal","Past",2020-06-10,"combined_trend",NA,NA,NA,0.464996978099764,NA,NA,NA,NA
"Idaho","status_quo","Past",2020-06-10,"combined_trend",NA,NA,NA,0.464996978099764,NA,NA,NA,NA
"Idaho","linear_increase_sd","Past",2020-06-10,"cumulative_all_infections",16526,16526,16526,16526,16526,16526,16526,16526
"Idaho","return_normal","Past",2020-06-10,"cumulative_all_infections",16526,16526,16526,16526,16526,16526,16526,16526
"Idaho","status_quo","Past",2020-06-10,"cumulative_all_infections",16526,16526,16526,16526,16526,16526,16526,16526
"Idaho","linear_increase_sd","Past",2020-06-10,"cumulative_cases",3814,3814,3814,3814,3814,3814,3814,3814
"Idaho","return_normal","Past",2020-06-10,"cumulative_cases",3814,3814,3814,3814,3814,3814,3814,3814
"Idaho","status_quo","Past",2020-06-10,"cumulative_cases",3814,3814,3814,3814,3814,3814,3814,3814
"Idaho","linear_increase_sd","Past",2020-06-10,"cumulative_deaths",178,178,178,178,178,178,178,178
"Idaho","return_normal","Past",2020-06-10,"cumulative_deaths",178,178,178,178,178,178,178,178
"Idaho","status_quo","Past",2020-06-10,"cumulative_deaths",178,178,178,178,178,178,178,178
"Idaho","linear_increase_sd","Past",2020-06-10,"cumulative_hosps",463,463,463,463,463,463,463,463
"Idaho","return_normal","Past",2020-06-10,"cumulative_hosps",463,463,463,463,463,463,463,463
"Idaho","status_quo","Past",2020-06-10,"cumulative_hosps",463,463,463,463,463,463,463,463
"Idaho","linear_increase_sd","Past",2020-06-10,"daily_all_infections",232,232,232,232,232,232,232,232
"Idaho","return_normal","Past",2020-06-10,"daily_all_infections",232,232,232,232,232,232,232,232
"Idaho","status_quo","Past",2020-06-10,"daily_all_infections",232,232,232,232,232,232,232,232
"Idaho","linear_increase_sd","Past",2020-06-10,"daily_cases",57,57,57,57,57,57,57,57
"Idaho","return_normal","Past",2020-06-10,"daily_cases",57,57,57,57,57,57,57,57
"Idaho","status_quo","Past",2020-06-10,"daily_cases",57,57,57,57,57,57,57,57
"Idaho","linear_increase_sd","Past",2020-06-10,"daily_deaths",2,2,2,2,2,2,2,2
"Idaho","return_normal","Past",2020-06-10,"daily_deaths",2,2,2,2,2,2,2,2
"Idaho","status_quo","Past",2020-06-10,"daily_deaths",2,2,2,2,2,2,2,2
"Idaho","linear_increase_sd","Past",2020-06-10,"daily_hosps",7,7,7,7,7,7,7,7
"Idaho","return_normal","Past",2020-06-10,"daily_hosps",7,7,7,7,7,7,7,7
"Idaho","status_quo","Past",2020-06-10,"daily_hosps",7,7,7,7,7,7,7,7
"Idaho","linear_increase_sd","Past",2020-06-10,"latent_trend",NA,NA,NA,0.50003133812113,NA,NA,NA,NA
"Idaho","return_normal","Past",2020-06-10,"latent_trend",NA,NA,NA,0.50003133812113,NA,NA,NA,NA
"Idaho","status_quo","Past",2020-06-10,"latent_trend",NA,NA,NA,0.50003133812113,NA,NA,NA,NA
"Idaho","linear_increase_sd","Past",2020-06-10,"mobility_trend",NA,NA,NA,0.929935671326106,NA,NA,NA,NA
"Idaho","return_normal","Past",2020-06-10,"mobility_trend",NA,NA,NA,0.929935671326106,NA,NA,NA,NA
"Idaho","status_quo","Past",2020-06-10,"mobility_trend",NA,NA,NA,0.929935671326106,NA,NA,NA,NA
"Idaho",NA,"Past",2020-06-11,"actual_cumulative_cases",NA,NA,NA,3260,NA,NA,NA,NA
"Idaho",NA,"Past",2020-06-11,"actual_cumulative_deaths",NA,NA,NA,86,NA,NA,NA,NA
"Idaho",NA,"Past",2020-06-11,"actual_daily_cases",NA,NA,NA,40,NA,NA,NA,NA
"Idaho",NA,"Past",2020-06-11,"actual_daily_deaths",NA,NA,NA,0,NA,NA,NA,NA
"Idaho","linear_increase_sd","Past",2020-06-11,"combined_trend",NA,NA,NA,0.475485927278679,NA,NA,NA,NA
"Idaho","return_normal","Past",2020-06-11,"combined_trend",NA,NA,NA,0.475485927278679,NA,NA,NA,NA
"Idaho","status_quo","Past",2020-06-11,"combined_trend",NA,NA,NA,0.475485927278679,NA,NA,NA,NA
"Idaho","linear_increase_sd","Past",2020-06-11,"cumulative_all_infections",16772,16772,16772,16772,16772,16772,16772,16772
"Idaho","return_normal","Past",2020-06-11,"cumulative_all_infections",16772,16772,16772,16772,16772,16772,16772,16772
"Idaho","status_quo","Past",2020-06-11,"cumulative_all_infections",16772,16772,16772,16772,16772,16772,16772,16772
"Idaho","linear_increase_sd","Past",2020-06-11,"cumulative_cases",3879,3879,3879,3879,3879,3879,3879,3879
"Idaho","return_normal","Past",2020-06-11,"cumulative_cases",3879,3879,3879,3879,3879,3879,3879,3879
"Idaho","status_quo","Past",2020-06-11,"cumulative_cases",3879,3879,3879,3879,3879,3879,3879,3879
"Idaho","linear_increase_sd","Past",2020-06-11,"cumulative_deaths",180,180,180,180,180,180,180,180
"Idaho","return_normal","Past",2020-06-11,"cumulative_deaths",180,180,180,180,180,180,180,180
"Idaho","status_quo","Past",2020-06-11,"cumulative_deaths",180,180,180,180,180,180,180,180
"Idaho","linear_increase_sd","Past",2020-06-11,"cumulative_hosps",469,469,469,469,469,469,469,469
"Idaho","return_normal","Past",2020-06-11,"cumulative_hosps",469,469,469,469,469,469,469,469
"Idaho","status_quo","Past",2020-06-11,"cumulative_hosps",469,469,469,469,469,469,469,469
"Idaho","linear_increase_sd","Past",2020-06-11,"daily_all_infections",246,246,246,246,246,246,246,246
"Idaho","return_normal","Past",2020-06-11,"daily_all_infections",246,246,246,246,246,246,246,246
"Idaho","status_quo","Past",2020-06-11,"daily_all_infections",246,246,246,246,246,246,246,246
"Idaho","linear_increase_sd","Past",2020-06-11,"daily_cases",65,65,65,65,65,65,65,65
"Idaho","return_normal","Past",2020-06-11,"daily_cases",65,65,65,65,65,65,65,65
"Idaho","status_quo","Past",2020-06-11,"daily_cases",65,65,65,65,65,65,65,65
"Idaho","linear_increase_sd","Past",2020-06-11,"daily_deaths",2,2,2,2,2,2,2,2
"Idaho","return_normal","Past",2020-06-11,"daily_deaths",2,2,2,2,2,2,2,2
"Idaho","status_quo","Past",2020-06-11,"daily_deaths",2,2,2,2,2,2,2,2
"Idaho","linear_increase_sd","Past",2020-06-11,"daily_hosps",6,6,6,6,6,6,6,6
"Idaho","return_normal","Past",2020-06-11,"daily_hosps",6,6,6,6,6,6,6,6
"Idaho","status_quo","Past",2020-06-11,"daily_hosps",6,6,6,6,6,6,6,6
"Idaho","linear_increase_sd","Past",2020-06-11,"latent_trend",NA,NA,NA,0.508600803143597,NA,NA,NA,NA
"Idaho","return_normal","Past",2020-06-11,"latent_trend",NA,NA,NA,0.508600803143597,NA,NA,NA,NA
"Idaho","status_quo","Past",2020-06-11,"latent_trend",NA,NA,NA,0.508600803143597,NA,NA,NA,NA
"Idaho","linear_increase_sd","Past",2020-06-11,"mobility_trend",NA,NA,NA,0.934890240714841,NA,NA,NA,NA
"Idaho","return_normal","Past",2020-06-11,"mobility_trend",NA,NA,NA,0.934890240714841,NA,NA,NA,NA
"Idaho","status_quo","Past",2020-06-11,"mobility_trend",NA,NA,NA,0.934890240714841,NA,NA,NA,NA
"Idaho",NA,"Past",2020-06-12,"actual_cumulative_cases",NA,NA,NA,3302,NA,NA,NA,NA
"Idaho",NA,"Past",2020-06-12,"actual_cumulative_deaths",NA,NA,NA,87,NA,NA,NA,NA
"Idaho",NA,"Past",2020-06-12,"actual_daily_cases",NA,NA,NA,42,NA,NA,NA,NA
"Idaho",NA,"Past",2020-06-12,"actual_daily_deaths",NA,NA,NA,1,NA,NA,NA,NA
"Idaho","linear_increase_sd","Past",2020-06-12,"combined_trend",NA,NA,NA,0.486184031646287,NA,NA,NA,NA
"Idaho","return_normal","Past",2020-06-12,"combined_trend",NA,NA,NA,0.486184031646287,NA,NA,NA,NA
"Idaho","status_quo","Past",2020-06-12,"combined_trend",NA,NA,NA,0.486184031646287,NA,NA,NA,NA
"Idaho","linear_increase_sd","Past",2020-06-12,"cumulative_all_infections",17029,17029,17029,17029,17029,17029,17029,17029
"Idaho","return_normal","Past",2020-06-12,"cumulative_all_infections",17029,17029,17029,17029,17029,17029,17029,17029
"Idaho","status_quo","Past",2020-06-12,"cumulative_all_infections",17029,17029,17029,17029,17029,17029,17029,17029
"Idaho","linear_increase_sd","Past",2020-06-12,"cumulative_cases",3945,3945,3945,3945,3945,3945,3945,3945
"Idaho","return_normal","Past",2020-06-12,"cumulative_cases",3945,3945,3945,3945,3945,3945,3945,3945
"Idaho","status_quo","Past",2020-06-12,"cumulative_cases",3945,3945,3945,3945,3945,3945,3945,3945
"Idaho","linear_increase_sd","Past",2020-06-12,"cumulative_deaths",182,182,182,182,182,182,182,182
"Idaho","return_normal","Past",2020-06-12,"cumulative_deaths",182,182,182,182,182,182,182,182
"Idaho","status_quo","Past",2020-06-12,"cumulative_deaths",182,182,182,182,182,182,182,182
"Idaho","linear_increase_sd","Past",2020-06-12,"cumulative_hosps",476,476,476,476,476,476,476,476
"Idaho","return_normal","Past",2020-06-12,"cumulative_hosps",476,476,476,476,476,476,476,476
"Idaho","status_quo","Past",2020-06-12,"cumulative_hosps",476,476,476,476,476,476,476,476
"Idaho","linear_increase_sd","Past",2020-06-12,"daily_all_infections",257,257,257,257,257,257,257,257
"Idaho","return_normal","Past",2020-06-12,"daily_all_infections",257,257,257,257,257,257,257,257
"Idaho","status_quo","Past",2020-06-12,"daily_all_infections",257,257,257,257,257,257,257,257
"Idaho","linear_increase_sd","Past",2020-06-12,"daily_cases",66,66,66,66,66,66,66,66
"Idaho","return_normal","Past",2020-06-12,"daily_cases",66,66,66,66,66,66,66,66
"Idaho","status_quo","Past",2020-06-12,"daily_cases",66,66,66,66,66,66,66,66
"Idaho","linear_increase_sd","Past",2020-06-12,"daily_deaths",2,2,2,2,2,2,2,2
"Idaho","return_normal","Past",2020-06-12,"daily_deaths",2,2,2,2,2,2,2,2
"Idaho","status_quo","Past",2020-06-12,"daily_deaths",2,2,2,2,2,2,2,2
"Idaho","linear_increase_sd","Past",2020-06-12,"daily_hosps",7,7,7,7,7,7,7,7
"Idaho","return_normal","Past",2020-06-12,"daily_hosps",7,7,7,7,7,7,7,7
"Idaho","status_quo","Past",2020-06-12,"daily_hosps",7,7,7,7,7,7,7,7
"Idaho","linear_increase_sd","Past",2020-06-12,"latent_trend",NA,NA,NA,0.51717174177047,NA,NA,NA,NA
"Idaho","return_normal","Past",2020-06-12,"latent_trend",NA,NA,NA,0.51717174177047,NA,NA,NA,NA
"Idaho","status_quo","Past",2020-06-12,"latent_trend",NA,NA,NA,0.51717174177047,NA,NA,NA,NA
"Idaho","linear_increase_sd","Past",2020-06-12,"mobility_trend",NA,NA,NA,0.940082360226991,NA,NA,NA,NA
"Idaho","return_normal","Past",2020-06-12,"mobility_trend",NA,NA,NA,0.940082360226991,NA,NA,NA,NA
"Idaho","status_quo","Past",2020-06-12,"mobility_trend",NA,NA,NA,0.940082360226991,NA,NA,NA,NA
"Idaho",NA,"Past",2020-06-13,"actual_cumulative_cases",NA,NA,NA,3353,NA,NA,NA,NA
"Idaho",NA,"Past",2020-06-13,"actual_cumulative_deaths",NA,NA,NA,88,NA,NA,NA,NA
"Idaho",NA,"Past",2020-06-13,"actual_daily_cases",NA,NA,NA,51,NA,NA,NA,NA
"Idaho",NA,"Past",2020-06-13,"actual_daily_deaths",NA,NA,NA,1,NA,NA,NA,NA
"Idaho","linear_increase_sd","Past",2020-06-13,"combined_trend",NA,NA,NA,0.496979285340185,NA,NA,NA,NA
"Idaho","return_normal","Past",2020-06-13,"combined_trend",NA,NA,NA,0.496979285340185,NA,NA,NA,NA
"Idaho","status_quo","Past",2020-06-13,"combined_trend",NA,NA,NA,0.496979285340185,NA,NA,NA,NA
"Idaho","linear_increase_sd","Past",2020-06-13,"cumulative_all_infections",17308,17308,17308,17308,17308,17308,17308,17308
"Idaho","return_normal","Past",2020-06-13,"cumulative_all_infections",17308,17308,17308,17308,17308,17308,17308,17308
"Idaho","status_quo","Past",2020-06-13,"cumulative_all_infections",17308,17308,17308,17308,17308,17308,17308,17308
"Idaho","linear_increase_sd","Past",2020-06-13,"cumulative_cases",4014,4014,4014,4014,4014,4014,4014,4014
"Idaho","return_normal","Past",2020-06-13,"cumulative_cases",4014,4014,4014,4014,4014,4014,4014,4014
"Idaho","status_quo","Past",2020-06-13,"cumulative_cases",4014,4014,4014,4014,4014,4014,4014,4014
"Idaho","linear_increase_sd","Past",2020-06-13,"cumulative_deaths",184,184,184,184,184,184,184,184
"Idaho","return_normal","Past",2020-06-13,"cumulative_deaths",184,184,184,184,184,184,184,184
"Idaho","status_quo","Past",2020-06-13,"cumulative_deaths",184,184,184,184,184,184,184,184
"Idaho","linear_increase_sd","Past",2020-06-13,"cumulative_hosps",483,483,483,483,483,483,483,483
"Idaho","return_normal","Past",2020-06-13,"cumulative_hosps",483,483,483,483,483,483,483,483
"Idaho","status_quo","Past",2020-06-13,"cumulative_hosps",483,483,483,483,483,483,483,483
"Idaho","linear_increase_sd","Past",2020-06-13,"daily_all_infections",279,279,279,279,279,279,279,279
"Idaho","return_normal","Past",2020-06-13,"daily_all_infections",279,279,279,279,279,279,279,279
"Idaho","status_quo","Past",2020-06-13,"daily_all_infections",279,279,279,279,279,279,279,279
"Idaho","linear_increase_sd","Past",2020-06-13,"daily_cases",69,69,69,69,69,69,69,69
"Idaho","return_normal","Past",2020-06-13,"daily_cases",69,69,69,69,69,69,69,69
"Idaho","status_quo","Past",2020-06-13,"daily_cases",69,69,69,69,69,69,69,69
"Idaho","linear_increase_sd","Past",2020-06-13,"daily_deaths",2,2,2,2,2,2,2,2
"Idaho","return_normal","Past",2020-06-13,"daily_deaths",2,2,2,2,2,2,2,2
"Idaho","status_quo","Past",2020-06-13,"daily_deaths",2,2,2,2,2,2,2,2
"Idaho","linear_increase_sd","Past",2020-06-13,"daily_hosps",7,7,7,7,7,7,7,7
"Idaho","return_normal","Past",2020-06-13,"daily_hosps",7,7,7,7,7,7,7,7
"Idaho","status_quo","Past",2020-06-13,"daily_hosps",7,7,7,7,7,7,7,7
"Idaho","linear_increase_sd","Past",2020-06-13,"latent_trend",NA,NA,NA,0.525647055692311,NA,NA,NA,NA
"Idaho","return_normal","Past",2020-06-13,"latent_trend",NA,NA,NA,0.525647055692311,NA,NA,NA,NA
"Idaho","status_quo","Past",2020-06-13,"latent_trend",NA,NA,NA,0.525647055692311,NA,NA,NA,NA
"Idaho","linear_increase_sd","Past",2020-06-13,"mobility_trend",NA,NA,NA,0.945461940589834,NA,NA,NA,NA
"Idaho","return_normal","Past",2020-06-13,"mobility_trend",NA,NA,NA,0.945461940589834,NA,NA,NA,NA
"Idaho","status_quo","Past",2020-06-13,"mobility_trend",NA,NA,NA,0.945461940589834,NA,NA,NA,NA
"Idaho",NA,"Past",2020-06-14,"actual_cumulative_cases",NA,NA,NA,3399,NA,NA,NA,NA
"Idaho",NA,"Past",2020-06-14,"actual_cumulative_deaths",NA,NA,NA,88,NA,NA,NA,NA
"Idaho",NA,"Past",2020-06-14,"actual_daily_cases",NA,NA,NA,46,NA,NA,NA,NA
"Idaho",NA,"Past",2020-06-14,"actual_daily_deaths",NA,NA,NA,0,NA,NA,NA,NA
"Idaho","linear_increase_sd","Past",2020-06-14,"combined_trend",NA,NA,NA,0.507756532006832,NA,NA,NA,NA
"Idaho","return_normal","Past",2020-06-14,"combined_trend",NA,NA,NA,0.507756532006832,NA,NA,NA,NA
"Idaho","status_quo","Past",2020-06-14,"combined_trend",NA,NA,NA,0.507756532006832,NA,NA,NA,NA
"Idaho","linear_increase_sd","Past",2020-06-14,"cumulative_all_infections",17607,17607,17607,17607,17607,17607,17607,17607
"Idaho","return_normal","Past",2020-06-14,"cumulative_all_infections",17607,17607,17607,17607,17607,17607,17607,17607
"Idaho","status_quo","Past",2020-06-14,"cumulative_all_infections",17607,17607,17607,17607,17607,17607,17607,17607
"Idaho","linear_increase_sd","Past",2020-06-14,"cumulative_cases",4083,4083,4083,4083,4083,4083,4083,4083
"Idaho","return_normal","Past",2020-06-14,"cumulative_cases",4083,4083,4083,4083,4083,4083,4083,4083
"Idaho","status_quo","Past",2020-06-14,"cumulative_cases",4083,4083,4083,4083,4083,4083,4083,4083
"Idaho","linear_increase_sd","Past",2020-06-14,"cumulative_deaths",186,186,186,186,186,186,186,186
"Idaho","return_normal","Past",2020-06-14,"cumulative_deaths",186,186,186,186,186,186,186,186
"Idaho","status_quo","Past",2020-06-14,"cumulative_deaths",186,186,186,186,186,186,186,186
"Idaho","linear_increase_sd","Past",2020-06-14,"cumulative_hosps",490,490,490,490,490,490,490,490
"Idaho","return_normal","Past",2020-06-14,"cumulative_hosps",490,490,490,490,490,490,490,490
"Idaho","status_quo","Past",2020-06-14,"cumulative_hosps",490,490,490,490,490,490,490,490
"Idaho","linear_increase_sd","Past",2020-06-14,"daily_all_infections",299,299,299,299,299,299,299,299
"Idaho","return_normal","Past",2020-06-14,"daily_all_infections",299,299,299,299,299,299,299,299
"Idaho","status_quo","Past",2020-06-14,"daily_all_infections",299,299,299,299,299,299,299,299
"Idaho","linear_increase_sd","Past",2020-06-14,"daily_cases",69,69,69,69,69,69,69,69
"Idaho","return_normal","Past",2020-06-14,"daily_cases",69,69,69,69,69,69,69,69
"Idaho","status_quo","Past",2020-06-14,"daily_cases",69,69,69,69,69,69,69,69
"Idaho","linear_increase_sd","Past",2020-06-14,"daily_deaths",2,2,2,2,2,2,2,2
"Idaho","return_normal","Past",2020-06-14,"daily_deaths",2,2,2,2,2,2,2,2
"Idaho","status_quo","Past",2020-06-14,"daily_deaths",2,2,2,2,2,2,2,2
"Idaho","linear_increase_sd","Past",2020-06-14,"daily_hosps",7,7,7,7,7,7,7,7
"Idaho","return_normal","Past",2020-06-14,"daily_hosps",7,7,7,7,7,7,7,7
"Idaho","status_quo","Past",2020-06-14,"daily_hosps",7,7,7,7,7,7,7,7
"Idaho","linear_increase_sd","Past",2020-06-14,"latent_trend",NA,NA,NA,0.53393039108959,NA,NA,NA,NA
"Idaho","return_normal","Past",2020-06-14,"latent_trend",NA,NA,NA,0.53393039108959,NA,NA,NA,NA
"Idaho","status_quo","Past",2020-06-14,"latent_trend",NA,NA,NA,0.53393039108959,NA,NA,NA,NA
"Idaho","linear_increase_sd","Past",2020-06-14,"mobility_trend",NA,NA,NA,0.950978892530645,NA,NA,NA,NA
"Idaho","return_normal","Past",2020-06-14,"mobility_trend",NA,NA,NA,0.950978892530645,NA,NA,NA,NA
"Idaho","status_quo","Past",2020-06-14,"mobility_trend",NA,NA,NA,0.950978892530645,NA,NA,NA,NA
"Idaho",NA,"Past",2020-06-15,"actual_cumulative_cases",NA,NA,NA,3399,NA,NA,NA,NA
"Idaho",NA,"Past",2020-06-15,"actual_cumulative_deaths",NA,NA,NA,88,NA,NA,NA,NA
"Idaho",NA,"Past",2020-06-15,"actual_daily_cases",NA,NA,NA,0,NA,NA,NA,NA
"Idaho",NA,"Past",2020-06-15,"actual_daily_deaths",NA,NA,NA,0,NA,NA,NA,NA
"Idaho","linear_increase_sd","Past",2020-06-15,"combined_trend",NA,NA,NA,0.518396544063828,NA,NA,NA,NA
"Idaho","return_normal","Past",2020-06-15,"combined_trend",NA,NA,NA,0.518396544063828,NA,NA,NA,NA
"Idaho","status_quo","Past",2020-06-15,"combined_trend",NA,NA,NA,0.518396544063828,NA,NA,NA,NA
"Idaho","linear_increase_sd","Past",2020-06-15,"cumulative_all_infections",17927,17927,17927,17927,17927,17927,17927,17927
"Idaho","return_normal","Past",2020-06-15,"cumulative_all_infections",17927,17927,17927,17927,17927,17927,17927,17927
"Idaho","status_quo","Past",2020-06-15,"cumulative_all_infections",17927,17927,17927,17927,17927,17927,17927,17927
"Idaho","linear_increase_sd","Past",2020-06-15,"cumulative_cases",4157,4157,4157,4157,4157,4157,4157,4157
"Idaho","return_normal","Past",2020-06-15,"cumulative_cases",4157,4157,4157,4157,4157,4157,4157,4157
"Idaho","status_quo","Past",2020-06-15,"cumulative_cases",4157,4157,4157,4157,4157,4157,4157,4157
"Idaho","linear_increase_sd","Past",2020-06-15,"cumulative_deaths",188,188,188,188,188,188,188,188
"Idaho","return_normal","Past",2020-06-15,"cumulative_deaths",188,188,188,188,188,188,188,188
"Idaho","status_quo","Past",2020-06-15,"cumulative_deaths",188,188,188,188,188,188,188,188
"Idaho","linear_increase_sd","Past",2020-06-15,"cumulative_hosps",497,497,497,497,497,497,497,497
"Idaho","return_normal","Past",2020-06-15,"cumulative_hosps",497,497,497,497,497,497,497,497
"Idaho","status_quo","Past",2020-06-15,"cumulative_hosps",497,497,497,497,497,497,497,497
"Idaho","linear_increase_sd","Past",2020-06-15,"daily_all_infections",320,320,320,320,320,320,320,320
"Idaho","return_normal","Past",2020-06-15,"daily_all_infections",320,320,320,320,320,320,320,320
"Idaho","status_quo","Past",2020-06-15,"daily_all_infections",320,320,320,320,320,320,320,320
"Idaho","linear_increase_sd","Past",2020-06-15,"daily_cases",74,74,74,74,74,74,74,74
"Idaho","return_normal","Past",2020-06-15,"daily_cases",74,74,74,74,74,74,74,74
"Idaho","status_quo","Past",2020-06-15,"daily_cases",74,74,74,74,74,74,74,74
"Idaho","linear_increase_sd","Past",2020-06-15,"daily_deaths",2,2,2,2,2,2,2,2
"Idaho","return_normal","Past",2020-06-15,"daily_deaths",2,2,2,2,2,2,2,2
"Idaho","status_quo","Past",2020-06-15,"daily_deaths",2,2,2,2,2,2,2,2
"Idaho","linear_increase_sd","Past",2020-06-15,"daily_hosps",7,7,7,7,7,7,7,7
"Idaho","return_normal","Past",2020-06-15,"daily_hosps",7,7,7,7,7,7,7,7
"Idaho","status_quo","Past",2020-06-15,"daily_hosps",7,7,7,7,7,7,7,7
"Idaho","linear_increase_sd","Past",2020-06-15,"latent_trend",NA,NA,NA,0.541926627166414,NA,NA,NA,NA
"Idaho","return_normal","Past",2020-06-15,"latent_trend",NA,NA,NA,0.541926627166414,NA,NA,NA,NA
"Idaho","status_quo","Past",2020-06-15,"latent_trend",NA,NA,NA,0.541926627166414,NA,NA,NA,NA
"Idaho","linear_increase_sd","Past",2020-06-15,"mobility_trend",NA,NA,NA,0.956580684684901,NA,NA,NA,NA
"Idaho","return_normal","Past",2020-06-15,"mobility_trend",NA,NA,NA,0.956580684684901,NA,NA,NA,NA
"Idaho","status_quo","Past",2020-06-15,"mobility_trend",NA,NA,NA,0.956580684684901,NA,NA,NA,NA
"Idaho",NA,"Past",2020-06-16,"actual_cumulative_cases",NA,NA,NA,3462,NA,NA,NA,NA
"Idaho",NA,"Past",2020-06-16,"actual_cumulative_deaths",NA,NA,NA,89,NA,NA,NA,NA
"Idaho",NA,"Past",2020-06-16,"actual_daily_cases",NA,NA,NA,63,NA,NA,NA,NA
"Idaho",NA,"Past",2020-06-16,"actual_daily_deaths",NA,NA,NA,1,NA,NA,NA,NA
"Idaho","linear_increase_sd","Past",2020-06-16,"combined_trend",NA,NA,NA,0.528772332908956,NA,NA,NA,NA
"Idaho","return_normal","Past",2020-06-16,"combined_trend",NA,NA,NA,0.528772332908956,NA,NA,NA,NA
"Idaho","status_quo","Past",2020-06-16,"combined_trend",NA,NA,NA,0.528772332908956,NA,NA,NA,NA
"Idaho","linear_increase_sd","Past",2020-06-16,"cumulative_all_infections",18270,18270,18270,18270,18270,18270,18270,18270
"Idaho","return_normal","Past",2020-06-16,"cumulative_all_infections",18270,18270,18270,18270,18270,18270,18270,18270
"Idaho","status_quo","Past",2020-06-16,"cumulative_all_infections",18270,18270,18270,18270,18270,18270,18270,18270
"Idaho","linear_increase_sd","Past",2020-06-16,"cumulative_cases",4242,4242,4242,4242,4242,4242,4242,4242
"Idaho","return_normal","Past",2020-06-16,"cumulative_cases",4242,4242,4242,4242,4242,4242,4242,4242
"Idaho","status_quo","Past",2020-06-16,"cumulative_cases",4242,4242,4242,4242,4242,4242,4242,4242
"Idaho","linear_increase_sd","Past",2020-06-16,"cumulative_deaths",189,189,189,189,189,189,189,189
"Idaho","return_normal","Past",2020-06-16,"cumulative_deaths",189,189,189,189,189,189,189,189
"Idaho","status_quo","Past",2020-06-16,"cumulative_deaths",189,189,189,189,189,189,189,189
"Idaho","linear_increase_sd","Past",2020-06-16,"cumulative_hosps",505,505,505,505,505,505,505,505
"Idaho","return_normal","Past",2020-06-16,"cumulative_hosps",505,505,505,505,505,505,505,505
"Idaho","status_quo","Past",2020-06-16,"cumulative_hosps",505,505,505,505,505,505,505,505
"Idaho","linear_increase_sd","Past",2020-06-16,"daily_all_infections",343,343,343,343,343,343,343,343
"Idaho","return_normal","Past",2020-06-16,"daily_all_infections",343,343,343,343,343,343,343,343
"Idaho","status_quo","Past",2020-06-16,"daily_all_infections",343,343,343,343,343,343,343,343
"Idaho","linear_increase_sd","Past",2020-06-16,"daily_cases",85,85,85,85,85,85,85,85
"Idaho","return_normal","Past",2020-06-16,"daily_cases",85,85,85,85,85,85,85,85
"Idaho","status_quo","Past",2020-06-16,"daily_cases",85,85,85,85,85,85,85,85
"Idaho","linear_increase_sd","Past",2020-06-16,"daily_deaths",1,1,1,1,1,1,1,1
"Idaho","return_normal","Past",2020-06-16,"daily_deaths",1,1,1,1,1,1,1,1
"Idaho","status_quo","Past",2020-06-16,"daily_deaths",1,1,1,1,1,1,1,1
"Idaho","linear_increase_sd","Past",2020-06-16,"daily_hosps",8,8,8,8,8,8,8,8
"Idaho","return_normal","Past",2020-06-16,"daily_hosps",8,8,8,8,8,8,8,8
"Idaho","status_quo","Past",2020-06-16,"daily_hosps",8,8,8,8,8,8,8,8
"Idaho","linear_increase_sd","Past",2020-06-16,"latent_trend",NA,NA,NA,0.549542273621944,NA,NA,NA,NA
"Idaho","return_normal","Past",2020-06-16,"latent_trend",NA,NA,NA,0.549542273621944,NA,NA,NA,NA
"Idaho","status_quo","Past",2020-06-16,"latent_trend",NA,NA,NA,0.549542273621944,NA,NA,NA,NA
"Idaho","linear_increase_sd","Past",2020-06-16,"mobility_trend",NA,NA,NA,0.962205017320876,NA,NA,NA,NA
"Idaho","return_normal","Past",2020-06-16,"mobility_trend",NA,NA,NA,0.962205017320876,NA,NA,NA,NA
"Idaho","status_quo","Past",2020-06-16,"mobility_trend",NA,NA,NA,0.962205017320876,NA,NA,NA,NA
"Idaho",NA,"Past",2020-06-17,"actual_cumulative_cases",NA,NA,NA,3540,NA,NA,NA,NA
"Idaho",NA,"Past",2020-06-17,"actual_cumulative_deaths",NA,NA,NA,89,NA,NA,NA,NA
"Idaho",NA,"Past",2020-06-17,"actual_daily_cases",NA,NA,NA,78,NA,NA,NA,NA
"Idaho",NA,"Past",2020-06-17,"actual_daily_deaths",NA,NA,NA,0,NA,NA,NA,NA
"Idaho","linear_increase_sd","Past",2020-06-17,"combined_trend",NA,NA,NA,0.538753306516015,NA,NA,NA,NA
"Idaho","return_normal","Past",2020-06-17,"combined_trend",NA,NA,NA,0.538753306516015,NA,NA,NA,NA
"Idaho","status_quo","Past",2020-06-17,"combined_trend",NA,NA,NA,0.538753306516015,NA,NA,NA,NA
"Idaho","linear_increase_sd","Past",2020-06-17,"cumulative_all_infections",18640,18640,18640,18640,18640,18640,18640,18640
"Idaho","return_normal","Past",2020-06-17,"cumulative_all_infections",18640,18640,18640,18640,18640,18640,18640,18640
"Idaho","status_quo","Past",2020-06-17,"cumulative_all_infections",18640,18640,18640,18640,18640,18640,18640,18640
"Idaho","linear_increase_sd","Past",2020-06-17,"cumulative_cases",4338,4338,4338,4338,4338,4338,4338,4338
"Idaho","return_normal","Past",2020-06-17,"cumulative_cases",4338,4338,4338,4338,4338,4338,4338,4338
"Idaho","status_quo","Past",2020-06-17,"cumulative_cases",4338,4338,4338,4338,4338,4338,4338,4338
"Idaho","linear_increase_sd","Past",2020-06-17,"cumulative_deaths",191,191,191,191,191,191,191,191
"Idaho","return_normal","Past",2020-06-17,"cumulative_deaths",191,191,191,191,191,191,191,191
"Idaho","status_quo","Past",2020-06-17,"cumulative_deaths",191,191,191,191,191,191,191,191
"Idaho","linear_increase_sd","Past",2020-06-17,"cumulative_hosps",513,513,513,513,513,513,513,513
"Idaho","return_normal","Past",2020-06-17,"cumulative_hosps",513,513,513,513,513,513,513,513
"Idaho","status_quo","Past",2020-06-17,"cumulative_hosps",513,513,513,513,513,513,513,513
"Idaho","linear_increase_sd","Past",2020-06-17,"daily_all_infections",370,370,370,370,370,370,370,370
"Idaho","return_normal","Past",2020-06-17,"daily_all_infections",370,370,370,370,370,370,370,370
"Idaho","status_quo","Past",2020-06-17,"daily_all_infections",370,370,370,370,370,370,370,370
"Idaho","linear_increase_sd","Past",2020-06-17,"daily_cases",96,96,96,96,96,96,96,96
"Idaho","return_normal","Past",2020-06-17,"daily_cases",96,96,96,96,96,96,96,96
"Idaho","status_quo","Past",2020-06-17,"daily_cases",96,96,96,96,96,96,96,96
"Idaho","linear_increase_sd","Past",2020-06-17,"daily_deaths",2,2,2,2,2,2,2,2
"Idaho","return_normal","Past",2020-06-17,"daily_deaths",2,2,2,2,2,2,2,2
"Idaho","status_quo","Past",2020-06-17,"daily_deaths",2,2,2,2,2,2,2,2
"Idaho","linear_increase_sd","Past",2020-06-17,"daily_hosps",8,8,8,8,8,8,8,8
"Idaho","return_normal","Past",2020-06-17,"daily_hosps",8,8,8,8,8,8,8,8
"Idaho","status_quo","Past",2020-06-17,"daily_hosps",8,8,8,8,8,8,8,8
"Idaho","linear_increase_sd","Past",2020-06-17,"latent_trend",NA,NA,NA,0.556685741577577,NA,NA,NA,NA
"Idaho","return_normal","Past",2020-06-17,"latent_trend",NA,NA,NA,0.556685741577577,NA,NA,NA,NA
"Idaho","status_quo","Past",2020-06-17,"latent_trend",NA,NA,NA,0.556685741577577,NA,NA,NA,NA
"Idaho","linear_increase_sd","Past",2020-06-17,"mobility_trend",NA,NA,NA,0.967787148615044,NA,NA,NA,NA
"Idaho","return_normal","Past",2020-06-17,"mobility_trend",NA,NA,NA,0.967787148615044,NA,NA,NA,NA
"Idaho","status_quo","Past",2020-06-17,"mobility_trend",NA,NA,NA,0.967787148615044,NA,NA,NA,NA
"Idaho",NA,"Past",2020-06-18,"actual_cumulative_cases",NA,NA,NA,3632,NA,NA,NA,NA
"Idaho",NA,"Past",2020-06-18,"actual_cumulative_deaths",NA,NA,NA,89,NA,NA,NA,NA
"Idaho",NA,"Past",2020-06-18,"actual_daily_cases",NA,NA,NA,92,NA,NA,NA,NA
"Idaho",NA,"Past",2020-06-18,"actual_daily_deaths",NA,NA,NA,0,NA,NA,NA,NA
"Idaho","linear_increase_sd","Past",2020-06-18,"combined_trend",NA,NA,NA,0.548207251538371,NA,NA,NA,NA
"Idaho","return_normal","Past",2020-06-18,"combined_trend",NA,NA,NA,0.548207251538371,NA,NA,NA,NA
"Idaho","status_quo","Past",2020-06-18,"combined_trend",NA,NA,NA,0.548207251538371,NA,NA,NA,NA
"Idaho","linear_increase_sd","Past",2020-06-18,"cumulative_all_infections",19037,19037,19037,19037,19037,19037,19037,19037
"Idaho","return_normal","Past",2020-06-18,"cumulative_all_infections",19037,19037,19037,19037,19037,19037,19037,19037
"Idaho","status_quo","Past",2020-06-18,"cumulative_all_infections",19037,19037,19037,19037,19037,19037,19037,19037
"Idaho","linear_increase_sd","Past",2020-06-18,"cumulative_cases",4434,4434,4434,4434,4434,4434,4434,4434
"Idaho","return_normal","Past",2020-06-18,"cumulative_cases",4434,4434,4434,4434,4434,4434,4434,4434
"Idaho","status_quo","Past",2020-06-18,"cumulative_cases",4434,4434,4434,4434,4434,4434,4434,4434
"Idaho","linear_increase_sd","Past",2020-06-18,"cumulative_deaths",193,193,193,193,193,193,193,193
"Idaho","return_normal","Past",2020-06-18,"cumulative_deaths",193,193,193,193,193,193,193,193
"Idaho","status_quo","Past",2020-06-18,"cumulative_deaths",193,193,193,193,193,193,193,193
"Idaho","linear_increase_sd","Past",2020-06-18,"cumulative_hosps",522,522,522,522,522,522,522,522
"Idaho","return_normal","Past",2020-06-18,"cumulative_hosps",522,522,522,522,522,522,522,522
"Idaho","status_quo","Past",2020-06-18,"cumulative_hosps",522,522,522,522,522,522,522,522
"Idaho","linear_increase_sd","Past",2020-06-18,"daily_all_infections",397,397,397,397,397,397,397,397
"Idaho","return_normal","Past",2020-06-18,"daily_all_infections",397,397,397,397,397,397,397,397
"Idaho","status_quo","Past",2020-06-18,"daily_all_infections",397,397,397,397,397,397,397,397
"Idaho","linear_increase_sd","Past",2020-06-18,"daily_cases",96,96,96,96,96,96,96,96
"Idaho","return_normal","Past",2020-06-18,"daily_cases",96,96,96,96,96,96,96,96
"Idaho","status_quo","Past",2020-06-18,"daily_cases",96,96,96,96,96,96,96,96
"Idaho","linear_increase_sd","Past",2020-06-18,"daily_deaths",2,2,2,2,2,2,2,2
"Idaho","return_normal","Past",2020-06-18,"daily_deaths",2,2,2,2,2,2,2,2
"Idaho","status_quo","Past",2020-06-18,"daily_deaths",2,2,2,2,2,2,2,2
"Idaho","linear_increase_sd","Past",2020-06-18,"daily_hosps",9,9,9,9,9,9,9,9
"Idaho","return_normal","Past",2020-06-18,"daily_hosps",9,9,9,9,9,9,9,9
"Idaho","status_quo","Past",2020-06-18,"daily_hosps",9,9,9,9,9,9,9,9
"Idaho","linear_increase_sd","Past",2020-06-18,"latent_trend",NA,NA,NA,0.563267460187642,NA,NA,NA,NA
"Idaho","return_normal","Past",2020-06-18,"latent_trend",NA,NA,NA,0.563267460187642,NA,NA,NA,NA
"Idaho","status_quo","Past",2020-06-18,"latent_trend",NA,NA,NA,0.563267460187642,NA,NA,NA,NA
"Idaho","linear_increase_sd","Past",2020-06-18,"mobility_trend",NA,NA,NA,0.973262775299938,NA,NA,NA,NA
"Idaho","return_normal","Past",2020-06-18,"mobility_trend",NA,NA,NA,0.973262775299938,NA,NA,NA,NA
"Idaho","status_quo","Past",2020-06-18,"mobility_trend",NA,NA,NA,0.973262775299938,NA,NA,NA,NA
"Idaho",NA,"Past",2020-06-19,"actual_cumulative_cases",NA,NA,NA,3743,NA,NA,NA,NA
"Idaho",NA,"Past",2020-06-19,"actual_cumulative_deaths",NA,NA,NA,90,NA,NA,NA,NA
"Idaho",NA,"Past",2020-06-19,"actual_daily_cases",NA,NA,NA,111,NA,NA,NA,NA
"Idaho",NA,"Past",2020-06-19,"actual_daily_deaths",NA,NA,NA,1,NA,NA,NA,NA
"Idaho","linear_increase_sd","Past",2020-06-19,"combined_trend",NA,NA,NA,0.557001497321252,NA,NA,NA,NA
"Idaho","return_normal","Past",2020-06-19,"combined_trend",NA,NA,NA,0.557001497321252,NA,NA,NA,NA
"Idaho","status_quo","Past",2020-06-19,"combined_trend",NA,NA,NA,0.557001497321252,NA,NA,NA,NA
"Idaho","linear_increase_sd","Past",2020-06-19,"cumulative_all_infections",19472,19472,19472,19472,19472,19472,19472,19472
"Idaho","return_normal","Past",2020-06-19,"cumulative_all_infections",19472,19472,19472,19472,19472,19472,19472,19472
"Idaho","status_quo","Past",2020-06-19,"cumulative_all_infections",19472,19472,19472,19472,19472,19472,19472,19472
"Idaho","linear_increase_sd","Past",2020-06-19,"cumulative_cases",4536,4536,4536,4536,4536,4536,4536,4536
"Idaho","return_normal","Past",2020-06-19,"cumulative_cases",4536,4536,4536,4536,4536,4536,4536,4536
"Idaho","status_quo","Past",2020-06-19,"cumulative_cases",4536,4536,4536,4536,4536,4536,4536,4536
"Idaho","linear_increase_sd","Past",2020-06-19,"cumulative_deaths",195,195,195,195,195,195,195,195
"Idaho","return_normal","Past",2020-06-19,"cumulative_deaths",195,195,195,195,195,195,195,195
"Idaho","status_quo","Past",2020-06-19,"cumulative_deaths",195,195,195,195,195,195,195,195
"Idaho","linear_increase_sd","Past",2020-06-19,"cumulative_hosps",531,531,531,531,531,531,531,531
"Idaho","return_normal","Past",2020-06-19,"cumulative_hosps",531,531,531,531,531,531,531,531
"Idaho","status_quo","Past",2020-06-19,"cumulative_hosps",531,531,531,531,531,531,531,531
"Idaho","linear_increase_sd","Past",2020-06-19,"daily_all_infections",435,435,435,435,435,435,435,435
"Idaho","return_normal","Past",2020-06-19,"daily_all_infections",435,435,435,435,435,435,435,435
"Idaho","status_quo","Past",2020-06-19,"daily_all_infections",435,435,435,435,435,435,435,435
"Idaho","linear_increase_sd","Past",2020-06-19,"daily_cases",102,102,102,102,102,102,102,102
"Idaho","return_normal","Past",2020-06-19,"daily_cases",102,102,102,102,102,102,102,102
"Idaho","status_quo","Past",2020-06-19,"daily_cases",102,102,102,102,102,102,102,102
"Idaho","linear_increase_sd","Past",2020-06-19,"daily_deaths",2,2,2,2,2,2,2,2
"Idaho","return_normal","Past",2020-06-19,"daily_deaths",2,2,2,2,2,2,2,2
"Idaho","status_quo","Past",2020-06-19,"daily_deaths",2,2,2,2,2,2,2,2
"Idaho","linear_increase_sd","Past",2020-06-19,"daily_hosps",9,9,9,9,9,9,9,9
"Idaho","return_normal","Past",2020-06-19,"daily_hosps",9,9,9,9,9,9,9,9
"Idaho","status_quo","Past",2020-06-19,"daily_hosps",9,9,9,9,9,9,9,9
"Idaho","linear_increase_sd","Past",2020-06-19,"latent_trend",NA,NA,NA,0.569199820401571,NA,NA,NA,NA
"Idaho","return_normal","Past",2020-06-19,"latent_trend",NA,NA,NA,0.569199820401571,NA,NA,NA,NA
"Idaho","status_quo","Past",2020-06-19,"latent_trend",NA,NA,NA,0.569199820401571,NA,NA,NA,NA
"Idaho","linear_increase_sd","Past",2020-06-19,"mobility_trend",NA,NA,NA,0.978569348332342,NA,NA,NA,NA
"Idaho","return_normal","Past",2020-06-19,"mobility_trend",NA,NA,NA,0.978569348332342,NA,NA,NA,NA
"Idaho","status_quo","Past",2020-06-19,"mobility_trend",NA,NA,NA,0.978569348332342,NA,NA,NA,NA
"Idaho",NA,"Past",2020-06-20,"actual_cumulative_cases",NA,NA,NA,3871,NA,NA,NA,NA
"Idaho",NA,"Past",2020-06-20,"actual_cumulative_deaths",NA,NA,NA,90,NA,NA,NA,NA
"Idaho",NA,"Past",2020-06-20,"actual_daily_cases",NA,NA,NA,128,NA,NA,NA,NA
"Idaho",NA,"Past",2020-06-20,"actual_daily_deaths",NA,NA,NA,0,NA,NA,NA,NA
"Idaho","linear_increase_sd","Past",2020-06-20,"combined_trend",NA,NA,NA,0.565002536182216,NA,NA,NA,NA
"Idaho","return_normal","Past",2020-06-20,"combined_trend",NA,NA,NA,0.565002536182216,NA,NA,NA,NA
"Idaho","status_quo","Past",2020-06-20,"combined_trend",NA,NA,NA,0.565002536182216,NA,NA,NA,NA
"Idaho","linear_increase_sd","Past",2020-06-20,"cumulative_all_infections",19942,19942,19942,19942,19942,19942,19942,19942
"Idaho","return_normal","Past",2020-06-20,"cumulative_all_infections",19942,19942,19942,19942,19942,19942,19942,19942
"Idaho","status_quo","Past",2020-06-20,"cumulative_all_infections",19942,19942,19942,19942,19942,19942,19942,19942
"Idaho","linear_increase_sd","Past",2020-06-20,"cumulative_cases",4650,4650,4650,4650,4650,4650,4650,4650
"Idaho","return_normal","Past",2020-06-20,"cumulative_cases",4650,4650,4650,4650,4650,4650,4650,4650
"Idaho","status_quo","Past",2020-06-20,"cumulative_cases",4650,4650,4650,4650,4650,4650,4650,4650
"Idaho","linear_increase_sd","Past",2020-06-20,"cumulative_deaths",197,197,197,197,197,197,197,197
"Idaho","return_normal","Past",2020-06-20,"cumulative_deaths",197,197,197,197,197,197,197,197
"Idaho","status_quo","Past",2020-06-20,"cumulative_deaths",197,197,197,197,197,197,197,197
"Idaho","linear_increase_sd","Past",2020-06-20,"cumulative_hosps",540,540,540,540,540,540,540,540
"Idaho","return_normal","Past",2020-06-20,"cumulative_hosps",540,540,540,540,540,540,540,540
"Idaho","status_quo","Past",2020-06-20,"cumulative_hosps",540,540,540,540,540,540,540,540
"Idaho","linear_increase_sd","Past",2020-06-20,"daily_all_infections",470,470,470,470,470,470,470,470
"Idaho","return_normal","Past",2020-06-20,"daily_all_infections",470,470,470,470,470,470,470,470
"Idaho","status_quo","Past",2020-06-20,"daily_all_infections",470,470,470,470,470,470,470,470
"Idaho","linear_increase_sd","Past",2020-06-20,"daily_cases",114,114,114,114,114,114,114,114
"Idaho","return_normal","Past",2020-06-20,"daily_cases",114,114,114,114,114,114,114,114
"Idaho","status_quo","Past",2020-06-20,"daily_cases",114,114,114,114,114,114,114,114
"Idaho","linear_increase_sd","Past",2020-06-20,"daily_deaths",2,2,2,2,2,2,2,2
"Idaho","return_normal","Past",2020-06-20,"daily_deaths",2,2,2,2,2,2,2,2
"Idaho","status_quo","Past",2020-06-20,"daily_deaths",2,2,2,2,2,2,2,2
"Idaho","linear_increase_sd","Past",2020-06-20,"daily_hosps",9,9,9,9,9,9,9,9
"Idaho","return_normal","Past",2020-06-20,"daily_hosps",9,9,9,9,9,9,9,9
"Idaho","status_quo","Past",2020-06-20,"daily_hosps",9,9,9,9,9,9,9,9
"Idaho","linear_increase_sd","Past",2020-06-20,"latent_trend",NA,NA,NA,0.57439693754492,NA,NA,NA,NA
"Idaho","return_normal","Past",2020-06-20,"latent_trend",NA,NA,NA,0.57439693754492,NA,NA,NA,NA
"Idaho","status_quo","Past",2020-06-20,"latent_trend",NA,NA,NA,0.57439693754492,NA,NA,NA,NA
"Idaho","linear_increase_sd","Past",2020-06-20,"mobility_trend",NA,NA,NA,0.983644757225103,NA,NA,NA,NA
"Idaho","return_normal","Past",2020-06-20,"mobility_trend",NA,NA,NA,0.983644757225103,NA,NA,NA,NA
"Idaho","status_quo","Past",2020-06-20,"mobility_trend",NA,NA,NA,0.983644757225103,NA,NA,NA,NA
"Idaho",NA,"Past",2020-06-21,"actual_cumulative_cases",NA,NA,NA,4006,NA,NA,NA,NA
"Idaho",NA,"Past",2020-06-21,"actual_cumulative_deaths",NA,NA,NA,90,NA,NA,NA,NA
"Idaho",NA,"Past",2020-06-21,"actual_daily_cases",NA,NA,NA,135,NA,NA,NA,NA
"Idaho",NA,"Past",2020-06-21,"actual_daily_deaths",NA,NA,NA,0,NA,NA,NA,NA
"Idaho","linear_increase_sd","Past",2020-06-21,"combined_trend",NA,NA,NA,0.572076018048501,NA,NA,NA,NA
"Idaho","return_normal","Past",2020-06-21,"combined_trend",NA,NA,NA,0.572076018048501,NA,NA,NA,NA
"Idaho","status_quo","Past",2020-06-21,"combined_trend",NA,NA,NA,0.572076018048501,NA,NA,NA,NA
"Idaho","linear_increase_sd","Past",2020-06-21,"cumulative_all_infections",20447,20447,20447,20447,20447,20447,20447,20447
"Idaho","return_normal","Past",2020-06-21,"cumulative_all_infections",20447,20447,20447,20447,20447,20447,20447,20447
"Idaho","status_quo","Past",2020-06-21,"cumulative_all_infections",20447,20447,20447,20447,20447,20447,20447,20447
"Idaho","linear_increase_sd","Past",2020-06-21,"cumulative_cases",4741,4741,4741,4741,4741,4741,4741,4741
"Idaho","return_normal","Past",2020-06-21,"cumulative_cases",4741,4741,4741,4741,4741,4741,4741,4741
"Idaho","status_quo","Past",2020-06-21,"cumulative_cases",4741,4741,4741,4741,4741,4741,4741,4741
"Idaho","linear_increase_sd","Past",2020-06-21,"cumulative_deaths",199,199,199,199,199,199,199,199
"Idaho","return_normal","Past",2020-06-21,"cumulative_deaths",199,199,199,199,199,199,199,199
"Idaho","status_quo","Past",2020-06-21,"cumulative_deaths",199,199,199,199,199,199,199,199
"Idaho","linear_increase_sd","Past",2020-06-21,"cumulative_hosps",550,550,550,550,550,550,550,550
"Idaho","return_normal","Past",2020-06-21,"cumulative_hosps",550,550,550,550,550,550,550,550
"Idaho","status_quo","Past",2020-06-21,"cumulative_hosps",550,550,550,550,550,550,550,550
"Idaho","linear_increase_sd","Past",2020-06-21,"daily_all_infections",505,505,505,505,505,505,505,505
"Idaho","return_normal","Past",2020-06-21,"daily_all_infections",505,505,505,505,505,505,505,505
"Idaho","status_quo","Past",2020-06-21,"daily_all_infections",505,505,505,505,505,505,505,505
"Idaho","linear_increase_sd","Past",2020-06-21,"daily_cases",91,91,91,91,91,91,91,91
"Idaho","return_normal","Past",2020-06-21,"daily_cases",91,91,91,91,91,91,91,91
"Idaho","status_quo","Past",2020-06-21,"daily_cases",91,91,91,91,91,91,91,91
"Idaho","linear_increase_sd","Past",2020-06-21,"daily_deaths",2,2,2,2,2,2,2,2
"Idaho","return_normal","Past",2020-06-21,"daily_deaths",2,2,2,2,2,2,2,2
"Idaho","status_quo","Past",2020-06-21,"daily_deaths",2,2,2,2,2,2,2,2
"Idaho","linear_increase_sd","Past",2020-06-21,"daily_hosps",10,10,10,10,10,10,10,10
"Idaho","return_normal","Past",2020-06-21,"daily_hosps",10,10,10,10,10,10,10,10
"Idaho","status_quo","Past",2020-06-21,"daily_hosps",10,10,10,10,10,10,10,10
"Idaho","linear_increase_sd","Past",2020-06-21,"latent_trend",NA,NA,NA,0.578774235073178,NA,NA,NA,NA
"Idaho","return_normal","Past",2020-06-21,"latent_trend",NA,NA,NA,0.578774235073178,NA,NA,NA,NA
"Idaho","status_quo","Past",2020-06-21,"latent_trend",NA,NA,NA,0.578774235073178,NA,NA,NA,NA
"Idaho","linear_increase_sd","Past",2020-06-21,"mobility_trend",NA,NA,NA,0.988426891491066,NA,NA,NA,NA
"Idaho","return_normal","Past",2020-06-21,"mobility_trend",NA,NA,NA,0.988426891491066,NA,NA,NA,NA
"Idaho","status_quo","Past",2020-06-21,"mobility_trend",NA,NA,NA,0.988426891491066,NA,NA,NA,NA
"Idaho",NA,"Past",2020-06-22,"actual_cumulative_cases",NA,NA,NA,4006,NA,NA,NA,NA
"Idaho",NA,"Past",2020-06-22,"actual_cumulative_deaths",NA,NA,NA,90,NA,NA,NA,NA
"Idaho",NA,"Past",2020-06-22,"actual_daily_cases",NA,NA,NA,0,NA,NA,NA,NA
"Idaho",NA,"Past",2020-06-22,"actual_daily_deaths",NA,NA,NA,0,NA,NA,NA,NA
"Idaho","linear_increase_sd","Past",2020-06-22,"combined_trend",NA,NA,NA,0.578093762750177,NA,NA,NA,NA
"Idaho","return_normal","Past",2020-06-22,"combined_trend",NA,NA,NA,0.578093762750177,NA,NA,NA,NA
"Idaho","status_quo","Past",2020-06-22,"combined_trend",NA,NA,NA,0.578093762750177,NA,NA,NA,NA
"Idaho","linear_increase_sd","Past",2020-06-22,"cumulative_all_infections",20997,20997,20997,20997,20997,20997,20997,20997
"Idaho","return_normal","Past",2020-06-22,"cumulative_all_infections",20997,20997,20997,20997,20997,20997,20997,20997
"Idaho","status_quo","Past",2020-06-22,"cumulative_all_infections",20997,20997,20997,20997,20997,20997,20997,20997
"Idaho","linear_increase_sd","Past",2020-06-22,"cumulative_cases",4851,4851,4851,4851,4851,4851,4851,4851
"Idaho","return_normal","Past",2020-06-22,"cumulative_cases",4851,4851,4851,4851,4851,4851,4851,4851
"Idaho","status_quo","Past",2020-06-22,"cumulative_cases",4851,4851,4851,4851,4851,4851,4851,4851
"Idaho","linear_increase_sd","Past",2020-06-22,"cumulative_deaths",201,201,201,201,201,201,201,201
"Idaho","return_normal","Past",2020-06-22,"cumulative_deaths",201,201,201,201,201,201,201,201
"Idaho","status_quo","Past",2020-06-22,"cumulative_deaths",201,201,201,201,201,201,201,201
"Idaho","linear_increase_sd","Past",2020-06-22,"cumulative_hosps",560,560,560,560,560,560,560,560
"Idaho","return_normal","Past",2020-06-22,"cumulative_hosps",560,560,560,560,560,560,560,560
"Idaho","status_quo","Past",2020-06-22,"cumulative_hosps",560,560,560,560,560,560,560,560
"Idaho","linear_increase_sd","Past",2020-06-22,"daily_all_infections",550,550,550,550,550,550,550,550
"Idaho","return_normal","Past",2020-06-22,"daily_all_infections",550,550,550,550,550,550,550,550
"Idaho","status_quo","Past",2020-06-22,"daily_all_infections",550,550,550,550,550,550,550,550
"Idaho","linear_increase_sd","Past",2020-06-22,"daily_cases",110,110,110,110,110,110,110,110
"Idaho","return_normal","Past",2020-06-22,"daily_cases",110,110,110,110,110,110,110,110
"Idaho","status_quo","Past",2020-06-22,"daily_cases",110,110,110,110,110,110,110,110
"Idaho","linear_increase_sd","Past",2020-06-22,"daily_deaths",2,2,2,2,2,2,2,2
"Idaho","return_normal","Past",2020-06-22,"daily_deaths",2,2,2,2,2,2,2,2
"Idaho","status_quo","Past",2020-06-22,"daily_deaths",2,2,2,2,2,2,2,2
"Idaho","linear_increase_sd","Past",2020-06-22,"daily_hosps",10,10,10,10,10,10,10,10
"Idaho","return_normal","Past",2020-06-22,"daily_hosps",10,10,10,10,10,10,10,10
"Idaho","status_quo","Past",2020-06-22,"daily_hosps",10,10,10,10,10,10,10,10
"Idaho","linear_increase_sd","Past",2020-06-22,"latent_trend",NA,NA,NA,0.58224786274961,NA,NA,NA,NA
"Idaho","return_normal","Past",2020-06-22,"latent_trend",NA,NA,NA,0.58224786274961,NA,NA,NA,NA
"Idaho","status_quo","Past",2020-06-22,"latent_trend",NA,NA,NA,0.58224786274961,NA,NA,NA,NA
"Idaho","linear_increase_sd","Past",2020-06-22,"mobility_trend",NA,NA,NA,0.992865409621572,NA,NA,NA,NA
"Idaho","return_normal","Past",2020-06-22,"mobility_trend",NA,NA,NA,0.992865409621572,NA,NA,NA,NA
"Idaho","status_quo","Past",2020-06-22,"mobility_trend",NA,NA,NA,0.992865409621572,NA,NA,NA,NA
"Idaho",NA,"Past",2020-06-23,"actual_cumulative_cases",NA,NA,NA,4254,NA,NA,NA,NA
"Idaho",NA,"Past",2020-06-23,"actual_cumulative_deaths",NA,NA,NA,90,NA,NA,NA,NA
"Idaho",NA,"Past",2020-06-23,"actual_daily_cases",NA,NA,NA,248,NA,NA,NA,NA
"Idaho",NA,"Past",2020-06-23,"actual_daily_deaths",NA,NA,NA,0,NA,NA,NA,NA
"Idaho","linear_increase_sd","Past",2020-06-23,"combined_trend",NA,NA,NA,0.582954655028666,NA,NA,NA,NA
"Idaho","return_normal","Past",2020-06-23,"combined_trend",NA,NA,NA,0.582954655028666,NA,NA,NA,NA
"Idaho","status_quo","Past",2020-06-23,"combined_trend",NA,NA,NA,0.582954655028666,NA,NA,NA,NA
"Idaho","linear_increase_sd","Past",2020-06-23,"cumulative_all_infections",21595,21595,21595,21595,21595,21595,21595,21595
"Idaho","return_normal","Past",2020-06-23,"cumulative_all_infections",21595,21595,21595,21595,21595,21595,21595,21595
"Idaho","status_quo","Past",2020-06-23,"cumulative_all_infections",21595,21595,21595,21595,21595,21595,21595,21595
"Idaho","linear_increase_sd","Past",2020-06-23,"cumulative_cases",4982,4982,4982,4982,4982,4982,4982,4982
"Idaho","return_normal","Past",2020-06-23,"cumulative_cases",4982,4982,4982,4982,4982,4982,4982,4982
"Idaho","status_quo","Past",2020-06-23,"cumulative_cases",4982,4982,4982,4982,4982,4982,4982,4982
"Idaho","linear_increase_sd","Past",2020-06-23,"cumulative_deaths",204,204,204,204,204,204,204,204
"Idaho","return_normal","Past",2020-06-23,"cumulative_deaths",204,204,204,204,204,204,204,204
"Idaho","status_quo","Past",2020-06-23,"cumulative_deaths",204,204,204,204,204,204,204,204
"Idaho","linear_increase_sd","Past",2020-06-23,"cumulative_hosps",571,571,571,571,571,571,571,571
"Idaho","return_normal","Past",2020-06-23,"cumulative_hosps",571,571,571,571,571,571,571,571
"Idaho","status_quo","Past",2020-06-23,"cumulative_hosps",571,571,571,571,571,571,571,571
"Idaho","linear_increase_sd","Past",2020-06-23,"daily_all_infections",598,598,598,598,598,598,598,598
"Idaho","return_normal","Past",2020-06-23,"daily_all_infections",598,598,598,598,598,598,598,598
"Idaho","status_quo","Past",2020-06-23,"daily_all_infections",598,598,598,598,598,598,598,598
"Idaho","linear_increase_sd","Past",2020-06-23,"daily_cases",131,131,131,131,131,131,131,131
"Idaho","return_normal","Past",2020-06-23,"daily_cases",131,131,131,131,131,131,131,131
"Idaho","status_quo","Past",2020-06-23,"daily_cases",131,131,131,131,131,131,131,131
"Idaho","linear_increase_sd","Past",2020-06-23,"daily_deaths",3,3,3,3,3,3,3,3
"Idaho","return_normal","Past",2020-06-23,"daily_deaths",3,3,3,3,3,3,3,3
"Idaho","status_quo","Past",2020-06-23,"daily_deaths",3,3,3,3,3,3,3,3
"Idaho","linear_increase_sd","Past",2020-06-23,"daily_hosps",11,11,11,11,11,11,11,11
"Idaho","return_normal","Past",2020-06-23,"daily_hosps",11,11,11,11,11,11,11,11
"Idaho","status_quo","Past",2020-06-23,"daily_hosps",11,11,11,11,11,11,11,11
"Idaho","linear_increase_sd","Past",2020-06-23,"latent_trend",NA,NA,NA,0.584733973599733,NA,NA,NA,NA
"Idaho","return_normal","Past",2020-06-23,"latent_trend",NA,NA,NA,0.584733973599733,NA,NA,NA,NA
"Idaho","status_quo","Past",2020-06-23,"latent_trend",NA,NA,NA,0.584733973599733,NA,NA,NA,NA
"Idaho","linear_increase_sd","Past",2020-06-23,"mobility_trend",NA,NA,NA,0.99695704602195,NA,NA,NA,NA
"Idaho","return_normal","Past",2020-06-23,"mobility_trend",NA,NA,NA,0.99695704602195,NA,NA,NA,NA
"Idaho","status_quo","Past",2020-06-23,"mobility_trend",NA,NA,NA,0.99695704602195,NA,NA,NA,NA
"Idaho",NA,"Past",2020-06-24,"actual_cumulative_cases",NA,NA,NA,4402,NA,NA,NA,NA
"Idaho",NA,"Past",2020-06-24,"actual_cumulative_deaths",NA,NA,NA,90,NA,NA,NA,NA
"Idaho",NA,"Past",2020-06-24,"actual_daily_cases",NA,NA,NA,148,NA,NA,NA,NA
"Idaho",NA,"Past",2020-06-24,"actual_daily_deaths",NA,NA,NA,0,NA,NA,NA,NA
"Idaho","linear_increase_sd","Past",2020-06-24,"combined_trend",NA,NA,NA,0.586147895611538,NA,NA,NA,NA
"Idaho","return_normal","Past",2020-06-24,"combined_trend",NA,NA,NA,0.586147895611538,NA,NA,NA,NA
"Idaho","status_quo","Past",2020-06-24,"combined_trend",NA,NA,NA,0.586147895611538,NA,NA,NA,NA
"Idaho","linear_increase_sd","Past",2020-06-24,"cumulative_all_infections",22240,22240,22240,22240,22240,22240,22240,22240
"Idaho","return_normal","Past",2020-06-24,"cumulative_all_infections",22240,22240,22240,22240,22240,22240,22240,22240
"Idaho","status_quo","Past",2020-06-24,"cumulative_all_infections",22240,22240,22240,22240,22240,22240,22240,22240
"Idaho","linear_increase_sd","Past",2020-06-24,"cumulative_cases",5139,5139,5139,5139,5139,5139,5139,5139
"Idaho","return_normal","Past",2020-06-24,"cumulative_cases",5139,5139,5139,5139,5139,5139,5139,5139
"Idaho","status_quo","Past",2020-06-24,"cumulative_cases",5139,5139,5139,5139,5139,5139,5139,5139
"Idaho","linear_increase_sd","Past",2020-06-24,"cumulative_deaths",206,206,206,206,206,206,206,206
"Idaho","return_normal","Past",2020-06-24,"cumulative_deaths",206,206,206,206,206,206,206,206
"Idaho","status_quo","Past",2020-06-24,"cumulative_deaths",206,206,206,206,206,206,206,206
"Idaho","linear_increase_sd","Past",2020-06-24,"cumulative_hosps",583,583,583,583,583,583,583,583
"Idaho","return_normal","Past",2020-06-24,"cumulative_hosps",583,583,583,583,583,583,583,583
"Idaho","status_quo","Past",2020-06-24,"cumulative_hosps",583,583,583,583,583,583,583,583
"Idaho","linear_increase_sd","Past",2020-06-24,"daily_all_infections",645,645,645,645,645,645,645,645
"Idaho","return_normal","Past",2020-06-24,"daily_all_infections",645,645,645,645,645,645,645,645
"Idaho","status_quo","Past",2020-06-24,"daily_all_infections",645,645,645,645,645,645,645,645
"Idaho","linear_increase_sd","Past",2020-06-24,"daily_cases",157,157,157,157,157,157,157,157
"Idaho","return_normal","Past",2020-06-24,"daily_cases",157,157,157,157,157,157,157,157
"Idaho","status_quo","Past",2020-06-24,"daily_cases",157,157,157,157,157,157,157,157
"Idaho","linear_increase_sd","Past",2020-06-24,"daily_deaths",2,2,2,2,2,2,2,2
"Idaho","return_normal","Past",2020-06-24,"daily_deaths",2,2,2,2,2,2,2,2
"Idaho","status_quo","Past",2020-06-24,"daily_deaths",2,2,2,2,2,2,2,2
"Idaho","linear_increase_sd","Past",2020-06-24,"daily_hosps",12,12,12,12,12,12,12,12
"Idaho","return_normal","Past",2020-06-24,"daily_hosps",12,12,12,12,12,12,12,12
"Idaho","status_quo","Past",2020-06-24,"daily_hosps",12,12,12,12,12,12,12,12
"Idaho","linear_increase_sd","Past",2020-06-24,"latent_trend",NA,NA,NA,0.586147895611538,NA,NA,NA,NA
"Idaho","return_normal","Past",2020-06-24,"latent_trend",NA,NA,NA,0.586147895611538,NA,NA,NA,NA
"Idaho","status_quo","Past",2020-06-24,"latent_trend",NA,NA,NA,0.586147895611538,NA,NA,NA,NA
"Idaho","linear_increase_sd","Past",2020-06-24,"mobility_trend",NA,NA,NA,1,NA,NA,NA,NA
"Idaho","return_normal","Past",2020-06-24,"mobility_trend",NA,NA,NA,1,NA,NA,NA,NA
"Idaho","status_quo","Past",2020-06-24,"mobility_trend",NA,NA,NA,1,NA,NA,NA,NA
"Idaho",NA,"Past",2020-06-25,"actual_cumulative_cases",NA,NA,NA,4645,NA,NA,NA,NA
"Idaho",NA,"Past",2020-06-25,"actual_cumulative_deaths",NA,NA,NA,91,NA,NA,NA,NA
"Idaho",NA,"Past",2020-06-25,"actual_daily_cases",NA,NA,NA,243,NA,NA,NA,NA
"Idaho",NA,"Past",2020-06-25,"actual_daily_deaths",NA,NA,NA,1,NA,NA,NA,NA
"Idaho","linear_increase_sd","Past",2020-06-25,"combined_trend",NA,NA,NA,0.586403246926392,NA,NA,NA,NA
"Idaho","return_normal","Past",2020-06-25,"combined_trend",NA,NA,NA,0.586403246926392,NA,NA,NA,NA
"Idaho","status_quo","Past",2020-06-25,"combined_trend",NA,NA,NA,0.586403246926392,NA,NA,NA,NA
"Idaho","linear_increase_sd","Past",2020-06-25,"cumulative_all_infections",22936,22936,22936,22936,22936,22936,22936,22936
"Idaho","return_normal","Past",2020-06-25,"cumulative_all_infections",22936,22936,22936,22936,22936,22936,22936,22936
"Idaho","status_quo","Past",2020-06-25,"cumulative_all_infections",22936,22936,22936,22936,22936,22936,22936,22936
"Idaho","linear_increase_sd","Past",2020-06-25,"cumulative_cases",5280,5280,5280,5280,5280,5280,5280,5280
"Idaho","return_normal","Past",2020-06-25,"cumulative_cases",5280,5280,5280,5280,5280,5280,5280,5280
"Idaho","status_quo","Past",2020-06-25,"cumulative_cases",5280,5280,5280,5280,5280,5280,5280,5280
"Idaho","linear_increase_sd","Past",2020-06-25,"cumulative_deaths",208,208,208,208,208,208,208,208
"Idaho","return_normal","Past",2020-06-25,"cumulative_deaths",208,208,208,208,208,208,208,208
"Idaho","status_quo","Past",2020-06-25,"cumulative_deaths",208,208,208,208,208,208,208,208
"Idaho","linear_increase_sd","Past",2020-06-25,"cumulative_hosps",596,596,596,596,596,596,596,596
"Idaho","return_normal","Past",2020-06-25,"cumulative_hosps",596,596,596,596,596,596,596,596
"Idaho","status_quo","Past",2020-06-25,"cumulative_hosps",596,596,596,596,596,596,596,596
"Idaho","linear_increase_sd","Past",2020-06-25,"daily_all_infections",696,696,696,696,696,696,696,696
"Idaho","return_normal","Past",2020-06-25,"daily_all_infections",696,696,696,696,696,696,696,696
"Idaho","status_quo","Past",2020-06-25,"daily_all_infections",696,696,696,696,696,696,696,696
"Idaho","linear_increase_sd","Past",2020-06-25,"daily_cases",141,141,141,141,141,141,141,141
"Idaho","return_normal","Past",2020-06-25,"daily_cases",141,141,141,141,141,141,141,141
"Idaho","status_quo","Past",2020-06-25,"daily_cases",141,141,141,141,141,141,141,141
"Idaho","linear_increase_sd","Past",2020-06-25,"daily_deaths",2,2,2,2,2,2,2,2
"Idaho","return_normal","Past",2020-06-25,"daily_deaths",2,2,2,2,2,2,2,2
"Idaho","status_quo","Past",2020-06-25,"daily_deaths",2,2,2,2,2,2,2,2
"Idaho","linear_increase_sd","Past",2020-06-25,"daily_hosps",13,13,13,13,13,13,13,13
"Idaho","return_normal","Past",2020-06-25,"daily_hosps",13,13,13,13,13,13,13,13
"Idaho","status_quo","Past",2020-06-25,"daily_hosps",13,13,13,13,13,13,13,13
"Idaho","linear_increase_sd","Past",2020-06-25,"latent_trend",NA,NA,NA,0.586403246926392,NA,NA,NA,NA
"Idaho","return_normal","Past",2020-06-25,"latent_trend",NA,NA,NA,0.586403246926392,NA,NA,NA,NA
"Idaho","status_quo","Past",2020-06-25,"latent_trend",NA,NA,NA,0.586403246926392,NA,NA,NA,NA
"Idaho","linear_increase_sd","Past",2020-06-25,"mobility_trend",NA,NA,NA,1,NA,NA,NA,NA
"Idaho","return_normal","Past",2020-06-25,"mobility_trend",NA,NA,NA,1,NA,NA,NA,NA
"Idaho","status_quo","Past",2020-06-25,"mobility_trend",NA,NA,NA,1,NA,NA,NA,NA
"Idaho",NA,"Past",2020-06-26,"actual_cumulative_cases",NA,NA,NA,4865,NA,NA,NA,NA
"Idaho",NA,"Past",2020-06-26,"actual_cumulative_deaths",NA,NA,NA,91,NA,NA,NA,NA
"Idaho",NA,"Past",2020-06-26,"actual_daily_cases",NA,NA,NA,220,NA,NA,NA,NA
"Idaho",NA,"Past",2020-06-26,"actual_daily_deaths",NA,NA,NA,0,NA,NA,NA,NA
"Idaho","linear_increase_sd","Past",2020-06-26,"combined_trend",NA,NA,NA,0.585421123490008,NA,NA,NA,NA
"Idaho","return_normal","Past",2020-06-26,"combined_trend",NA,NA,NA,0.585421123490008,NA,NA,NA,NA
"Idaho","status_quo","Past",2020-06-26,"combined_trend",NA,NA,NA,0.585421123490008,NA,NA,NA,NA
"Idaho","linear_increase_sd","Past",2020-06-26,"cumulative_all_infections",23686,23686,23686,23686,23686,23686,23686,23686
"Idaho","return_normal","Past",2020-06-26,"cumulative_all_infections",23686,23686,23686,23686,23686,23686,23686,23686
"Idaho","status_quo","Past",2020-06-26,"cumulative_all_infections",23686,23686,23686,23686,23686,23686,23686,23686
"Idaho","linear_increase_sd","Past",2020-06-26,"cumulative_cases",5438,5438,5438,5438,5438,5438,5438,5438
"Idaho","return_normal","Past",2020-06-26,"cumulative_cases",5438,5438,5438,5438,5438,5438,5438,5438
"Idaho","status_quo","Past",2020-06-26,"cumulative_cases",5438,5438,5438,5438,5438,5438,5438,5438
"Idaho","linear_increase_sd","Past",2020-06-26,"cumulative_deaths",210,210,210,210,210,210,210,210
"Idaho","return_normal","Past",2020-06-26,"cumulative_deaths",210,210,210,210,210,210,210,210
"Idaho","status_quo","Past",2020-06-26,"cumulative_deaths",210,210,210,210,210,210,210,210
"Idaho","linear_increase_sd","Past",2020-06-26,"cumulative_hosps",610,610,610,610,610,610,610,610
"Idaho","return_normal","Past",2020-06-26,"cumulative_hosps",610,610,610,610,610,610,610,610
"Idaho","status_quo","Past",2020-06-26,"cumulative_hosps",610,610,610,610,610,610,610,610
"Idaho","linear_increase_sd","Past",2020-06-26,"daily_all_infections",750,750,750,750,750,750,750,750
"Idaho","return_normal","Past",2020-06-26,"daily_all_infections",750,750,750,750,750,750,750,750
"Idaho","status_quo","Past",2020-06-26,"daily_all_infections",750,750,750,750,750,750,750,750
"Idaho","linear_increase_sd","Past",2020-06-26,"daily_cases",158,158,158,158,158,158,158,158
"Idaho","return_normal","Past",2020-06-26,"daily_cases",158,158,158,158,158,158,158,158
"Idaho","status_quo","Past",2020-06-26,"daily_cases",158,158,158,158,158,158,158,158
"Idaho","linear_increase_sd","Past",2020-06-26,"daily_deaths",2,2,2,2,2,2,2,2
"Idaho","return_normal","Past",2020-06-26,"daily_deaths",2,2,2,2,2,2,2,2
"Idaho","status_quo","Past",2020-06-26,"daily_deaths",2,2,2,2,2,2,2,2
"Idaho","linear_increase_sd","Past",2020-06-26,"daily_hosps",14,14,14,14,14,14,14,14
"Idaho","return_normal","Past",2020-06-26,"daily_hosps",14,14,14,14,14,14,14,14
"Idaho","status_quo","Past",2020-06-26,"daily_hosps",14,14,14,14,14,14,14,14
"Idaho","linear_increase_sd","Past",2020-06-26,"latent_trend",NA,NA,NA,0.585421123490008,NA,NA,NA,NA
"Idaho","return_normal","Past",2020-06-26,"latent_trend",NA,NA,NA,0.585421123490008,NA,NA,NA,NA
"Idaho","status_quo","Past",2020-06-26,"latent_trend",NA,NA,NA,0.585421123490008,NA,NA,NA,NA
"Idaho","linear_increase_sd","Past",2020-06-26,"mobility_trend",NA,NA,NA,1,NA,NA,NA,NA
"Idaho","return_normal","Past",2020-06-26,"mobility_trend",NA,NA,NA,1,NA,NA,NA,NA
"Idaho","status_quo","Past",2020-06-26,"mobility_trend",NA,NA,NA,1,NA,NA,NA,NA
"Idaho",NA,"Past",2020-06-27,"actual_cumulative_cases",NA,NA,NA,5148,NA,NA,NA,NA
"Idaho",NA,"Past",2020-06-27,"actual_cumulative_deaths",NA,NA,NA,91,NA,NA,NA,NA
"Idaho",NA,"Past",2020-06-27,"actual_daily_cases",NA,NA,NA,283,NA,NA,NA,NA
"Idaho",NA,"Past",2020-06-27,"actual_daily_deaths",NA,NA,NA,0,NA,NA,NA,NA
"Idaho","linear_increase_sd","Past",2020-06-27,"combined_trend",NA,NA,NA,0.583218345961379,NA,NA,NA,NA
"Idaho","return_normal","Past",2020-06-27,"combined_trend",NA,NA,NA,0.583218345961379,NA,NA,NA,NA
"Idaho","status_quo","Past",2020-06-27,"combined_trend",NA,NA,NA,0.583218345961379,NA,NA,NA,NA
"Idaho","linear_increase_sd","Past",2020-06-27,"cumulative_all_infections",24493,24493,24493,24493,24493,24493,24493,24493
"Idaho","return_normal","Past",2020-06-27,"cumulative_all_infections",24493,24493,24493,24493,24493,24493,24493,24493
"Idaho","status_quo","Past",2020-06-27,"cumulative_all_infections",24493,24493,24493,24493,24493,24493,24493,24493
"Idaho","linear_increase_sd","Past",2020-06-27,"cumulative_cases",5622,5622,5622,5622,5622,5622,5622,5622
"Idaho","return_normal","Past",2020-06-27,"cumulative_cases",5622,5622,5622,5622,5622,5622,5622,5622
"Idaho","status_quo","Past",2020-06-27,"cumulative_cases",5622,5622,5622,5622,5622,5622,5622,5622
"Idaho","linear_increase_sd","Past",2020-06-27,"cumulative_deaths",212,212,212,212,212,212,212,212
"Idaho","return_normal","Past",2020-06-27,"cumulative_deaths",212,212,212,212,212,212,212,212
"Idaho","status_quo","Past",2020-06-27,"cumulative_deaths",212,212,212,212,212,212,212,212
"Idaho","linear_increase_sd","Past",2020-06-27,"cumulative_hosps",625,625,625,625,625,625,625,625
"Idaho","return_normal","Past",2020-06-27,"cumulative_hosps",625,625,625,625,625,625,625,625
"Idaho","status_quo","Past",2020-06-27,"cumulative_hosps",625,625,625,625,625,625,625,625
"Idaho","linear_increase_sd","Past",2020-06-27,"daily_all_infections",807,807,807,807,807,807,807,807
"Idaho","return_normal","Past",2020-06-27,"daily_all_infections",807,807,807,807,807,807,807,807
"Idaho","status_quo","Past",2020-06-27,"daily_all_infections",807,807,807,807,807,807,807,807
"Idaho","linear_increase_sd","Past",2020-06-27,"daily_cases",184,184,184,184,184,184,184,184
"Idaho","return_normal","Past",2020-06-27,"daily_cases",184,184,184,184,184,184,184,184
"Idaho","status_quo","Past",2020-06-27,"daily_cases",184,184,184,184,184,184,184,184
"Idaho","linear_increase_sd","Past",2020-06-27,"daily_deaths",2,2,2,2,2,2,2,2
"Idaho","return_normal","Past",2020-06-27,"daily_deaths",2,2,2,2,2,2,2,2
"Idaho","status_quo","Past",2020-06-27,"daily_deaths",2,2,2,2,2,2,2,2
"Idaho","linear_increase_sd","Past",2020-06-27,"daily_hosps",15,15,15,15,15,15,15,15
"Idaho","return_normal","Past",2020-06-27,"daily_hosps",15,15,15,15,15,15,15,15
"Idaho","status_quo","Past",2020-06-27,"daily_hosps",15,15,15,15,15,15,15,15
"Idaho","linear_increase_sd","Past",2020-06-27,"latent_trend",NA,NA,NA,0.583218345961379,NA,NA,NA,NA
"Idaho","return_normal","Past",2020-06-27,"latent_trend",NA,NA,NA,0.583218345961379,NA,NA,NA,NA
"Idaho","status_quo","Past",2020-06-27,"latent_trend",NA,NA,NA,0.583218345961379,NA,NA,NA,NA
"Idaho","linear_increase_sd","Past",2020-06-27,"mobility_trend",NA,NA,NA,1,NA,NA,NA,NA
"Idaho","return_normal","Past",2020-06-27,"mobility_trend",NA,NA,NA,1,NA,NA,NA,NA
"Idaho","status_quo","Past",2020-06-27,"mobility_trend",NA,NA,NA,1,NA,NA,NA,NA
"Idaho",NA,"Past",2020-06-28,"actual_cumulative_cases",NA,NA,NA,5319,NA,NA,NA,NA
"Idaho",NA,"Past",2020-06-28,"actual_cumulative_deaths",NA,NA,NA,92,NA,NA,NA,NA
"Idaho",NA,"Past",2020-06-28,"actual_daily_cases",NA,NA,NA,171,NA,NA,NA,NA
"Idaho",NA,"Past",2020-06-28,"actual_daily_deaths",NA,NA,NA,1,NA,NA,NA,NA
"Idaho","linear_increase_sd","Past",2020-06-28,"combined_trend",NA,NA,NA,0.579865199958706,NA,NA,NA,NA
"Idaho","return_normal","Past",2020-06-28,"combined_trend",NA,NA,NA,0.579865199958706,NA,NA,NA,NA
"Idaho","status_quo","Past",2020-06-28,"combined_trend",NA,NA,NA,0.579865199958706,NA,NA,NA,NA
"Idaho","linear_increase_sd","Past",2020-06-28,"cumulative_all_infections",25366,25366,25366,25366,25366,25366,25366,25366
"Idaho","return_normal","Past",2020-06-28,"cumulative_all_infections",25366,25366,25366,25366,25366,25366,25366,25366
"Idaho","status_quo","Past",2020-06-28,"cumulative_all_infections",25366,25366,25366,25366,25366,25366,25366,25366
"Idaho","linear_increase_sd","Past",2020-06-28,"cumulative_cases",5819,5819,5819,5819,5819,5819,5819,5819
"Idaho","return_normal","Past",2020-06-28,"cumulative_cases",5819,5819,5819,5819,5819,5819,5819,5819
"Idaho","status_quo","Past",2020-06-28,"cumulative_cases",5819,5819,5819,5819,5819,5819,5819,5819
"Idaho","linear_increase_sd","Past",2020-06-28,"cumulative_deaths",214,214,214,214,214,214,214,214
"Idaho","return_normal","Past",2020-06-28,"cumulative_deaths",214,214,214,214,214,214,214,214
"Idaho","status_quo","Past",2020-06-28,"cumulative_deaths",214,214,214,214,214,214,214,214
"Idaho","linear_increase_sd","Past",2020-06-28,"cumulative_hosps",640,640,640,640,640,640,640,640
"Idaho","return_normal","Past",2020-06-28,"cumulative_hosps",640,640,640,640,640,640,640,640
"Idaho","status_quo","Past",2020-06-28,"cumulative_hosps",640,640,640,640,640,640,640,640
"Idaho","linear_increase_sd","Past",2020-06-28,"daily_all_infections",873,873,873,873,873,873,873,873
"Idaho","return_normal","Past",2020-06-28,"daily_all_infections",873,873,873,873,873,873,873,873
"Idaho","status_quo","Past",2020-06-28,"daily_all_infections",873,873,873,873,873,873,873,873
"Idaho","linear_increase_sd","Past",2020-06-28,"daily_cases",197,197,197,197,197,197,197,197
"Idaho","return_normal","Past",2020-06-28,"daily_cases",197,197,197,197,197,197,197,197
"Idaho","status_quo","Past",2020-06-28,"daily_cases",197,197,197,197,197,197,197,197
"Idaho","linear_increase_sd","Past",2020-06-28,"daily_deaths",2,2,2,2,2,2,2,2
"Idaho","return_normal","Past",2020-06-28,"daily_deaths",2,2,2,2,2,2,2,2
"Idaho","status_quo","Past",2020-06-28,"daily_deaths",2,2,2,2,2,2,2,2
"Idaho","linear_increase_sd","Past",2020-06-28,"daily_hosps",15,15,15,15,15,15,15,15
"Idaho","return_normal","Past",2020-06-28,"daily_hosps",15,15,15,15,15,15,15,15
"Idaho","status_quo","Past",2020-06-28,"daily_hosps",15,15,15,15,15,15,15,15
"Idaho","linear_increase_sd","Past",2020-06-28,"latent_trend",NA,NA,NA,0.579865199958706,NA,NA,NA,NA
"Idaho","return_normal","Past",2020-06-28,"latent_trend",NA,NA,NA,0.579865199958706,NA,NA,NA,NA
"Idaho","status_quo","Past",2020-06-28,"latent_trend",NA,NA,NA,0.579865199958706,NA,NA,NA,NA
"Idaho","linear_increase_sd","Past",2020-06-28,"mobility_trend",NA,NA,NA,1,NA,NA,NA,NA
"Idaho","return_normal","Past",2020-06-28,"mobility_trend",NA,NA,NA,1,NA,NA,NA,NA
"Idaho","status_quo","Past",2020-06-28,"mobility_trend",NA,NA,NA,1,NA,NA,NA,NA
"Idaho",NA,"Past",2020-06-29,"actual_cumulative_cases",NA,NA,NA,5319,NA,NA,NA,NA
"Idaho",NA,"Past",2020-06-29,"actual_cumulative_deaths",NA,NA,NA,92,NA,NA,NA,NA
"Idaho",NA,"Past",2020-06-29,"actual_daily_cases",NA,NA,NA,0,NA,NA,NA,NA
"Idaho",NA,"Past",2020-06-29,"actual_daily_deaths",NA,NA,NA,0,NA,NA,NA,NA
"Idaho","linear_increase_sd","Past",2020-06-29,"combined_trend",NA,NA,NA,0.575430926128364,NA,NA,NA,NA
"Idaho","return_normal","Past",2020-06-29,"combined_trend",NA,NA,NA,0.575430926128364,NA,NA,NA,NA
"Idaho","status_quo","Past",2020-06-29,"combined_trend",NA,NA,NA,0.575430926128364,NA,NA,NA,NA
"Idaho","linear_increase_sd","Past",2020-06-29,"cumulative_all_infections",26303,26303,26303,26303,26303,26303,26303,26303
"Idaho","return_normal","Past",2020-06-29,"cumulative_all_infections",26303,26303,26303,26303,26303,26303,26303,26303
"Idaho","status_quo","Past",2020-06-29,"cumulative_all_infections",26303,26303,26303,26303,26303,26303,26303,26303
"Idaho","linear_increase_sd","Past",2020-06-29,"cumulative_cases",6060,6060,6060,6060,6060,6060,6060,6060
"Idaho","return_normal","Past",2020-06-29,"cumulative_cases",6060,6060,6060,6060,6060,6060,6060,6060
"Idaho","status_quo","Past",2020-06-29,"cumulative_cases",6060,6060,6060,6060,6060,6060,6060,6060
"Idaho","linear_increase_sd","Past",2020-06-29,"cumulative_deaths",217,217,217,217,217,217,217,217
"Idaho","return_normal","Past",2020-06-29,"cumulative_deaths",217,217,217,217,217,217,217,217
"Idaho","status_quo","Past",2020-06-29,"cumulative_deaths",217,217,217,217,217,217,217,217
"Idaho","linear_increase_sd","Past",2020-06-29,"cumulative_hosps",656,656,656,656,656,656,656,656
"Idaho","return_normal","Past",2020-06-29,"cumulative_hosps",656,656,656,656,656,656,656,656
"Idaho","status_quo","Past",2020-06-29,"cumulative_hosps",656,656,656,656,656,656,656,656
"Idaho","linear_increase_sd","Past",2020-06-29,"daily_all_infections",937,937,937,937,937,937,937,937
"Idaho","return_normal","Past",2020-06-29,"daily_all_infections",937,937,937,937,937,937,937,937
"Idaho","status_quo","Past",2020-06-29,"daily_all_infections",937,937,937,937,937,937,937,937
"Idaho","linear_increase_sd","Past",2020-06-29,"daily_cases",241,241,241,241,241,241,241,241
"Idaho","return_normal","Past",2020-06-29,"daily_cases",241,241,241,241,241,241,241,241
"Idaho","status_quo","Past",2020-06-29,"daily_cases",241,241,241,241,241,241,241,241
"Idaho","linear_increase_sd","Past",2020-06-29,"daily_deaths",3,3,3,3,3,3,3,3
"Idaho","return_normal","Past",2020-06-29,"daily_deaths",3,3,3,3,3,3,3,3
"Idaho","status_quo","Past",2020-06-29,"daily_deaths",3,3,3,3,3,3,3,3
"Idaho","linear_increase_sd","Past",2020-06-29,"daily_hosps",16,16,16,16,16,16,16,16
"Idaho","return_normal","Past",2020-06-29,"daily_hosps",16,16,16,16,16,16,16,16
"Idaho","status_quo","Past",2020-06-29,"daily_hosps",16,16,16,16,16,16,16,16
"Idaho","linear_increase_sd","Past",2020-06-29,"latent_trend",NA,NA,NA,0.575430926128364,NA,NA,NA,NA
"Idaho","return_normal","Past",2020-06-29,"latent_trend",NA,NA,NA,0.575430926128364,NA,NA,NA,NA
"Idaho","status_quo","Past",2020-06-29,"latent_trend",NA,NA,NA,0.575430926128364,NA,NA,NA,NA
"Idaho","linear_increase_sd","Past",2020-06-29,"mobility_trend",NA,NA,NA,1,NA,NA,NA,NA
"Idaho","return_normal","Past",2020-06-29,"mobility_trend",NA,NA,NA,1,NA,NA,NA,NA
"Idaho","status_quo","Past",2020-06-29,"mobility_trend",NA,NA,NA,1,NA,NA,NA,NA
"Idaho",NA,"Past",2020-06-30,"actual_cumulative_cases",NA,NA,NA,5752,NA,NA,NA,NA
"Idaho",NA,"Past",2020-06-30,"actual_cumulative_deaths",NA,NA,NA,92,NA,NA,NA,NA
"Idaho",NA,"Past",2020-06-30,"actual_daily_cases",NA,NA,NA,433,NA,NA,NA,NA
"Idaho",NA,"Past",2020-06-30,"actual_daily_deaths",NA,NA,NA,0,NA,NA,NA,NA
"Idaho","linear_increase_sd","Past",2020-06-30,"combined_trend",NA,NA,NA,0.569984053636573,NA,NA,NA,NA
"Idaho","return_normal","Past",2020-06-30,"combined_trend",NA,NA,NA,0.569984053636573,NA,NA,NA,NA
"Idaho","status_quo","Past",2020-06-30,"combined_trend",NA,NA,NA,0.569984053636573,NA,NA,NA,NA
"Idaho","linear_increase_sd","Past",2020-06-30,"cumulative_all_infections",27304,27304,27304,27304,27304,27304,27304,27304
"Idaho","return_normal","Past",2020-06-30,"cumulative_all_infections",27304,27304,27304,27304,27304,27304,27304,27304
"Idaho","status_quo","Past",2020-06-30,"cumulative_all_infections",27304,27304,27304,27304,27304,27304,27304,27304
"Idaho","linear_increase_sd","Past",2020-06-30,"cumulative_cases",6332,6332,6332,6332,6332,6332,6332,6332
"Idaho","return_normal","Past",2020-06-30,"cumulative_cases",6332,6332,6332,6332,6332,6332,6332,6332
"Idaho","status_quo","Past",2020-06-30,"cumulative_cases",6332,6332,6332,6332,6332,6332,6332,6332
"Idaho","linear_increase_sd","Past",2020-06-30,"cumulative_deaths",219,219,219,219,219,219,219,219
"Idaho","return_normal","Past",2020-06-30,"cumulative_deaths",219,219,219,219,219,219,219,219
"Idaho","status_quo","Past",2020-06-30,"cumulative_deaths",219,219,219,219,219,219,219,219
"Idaho","linear_increase_sd","Past",2020-06-30,"cumulative_hosps",674,674,674,674,674,674,674,674
"Idaho","return_normal","Past",2020-06-30,"cumulative_hosps",674,674,674,674,674,674,674,674
"Idaho","status_quo","Past",2020-06-30,"cumulative_hosps",674,674,674,674,674,674,674,674
"Idaho","linear_increase_sd","Past",2020-06-30,"daily_all_infections",1001,1001,1001,1001,1001,1001,1001,1001
"Idaho","return_normal","Past",2020-06-30,"daily_all_infections",1001,1001,1001,1001,1001,1001,1001,1001
"Idaho","status_quo","Past",2020-06-30,"daily_all_infections",1001,1001,1001,1001,1001,1001,1001,1001
"Idaho","linear_increase_sd","Past",2020-06-30,"daily_cases",272,272,272,272,272,272,272,272
"Idaho","return_normal","Past",2020-06-30,"daily_cases",272,272,272,272,272,272,272,272
"Idaho","status_quo","Past",2020-06-30,"daily_cases",272,272,272,272,272,272,272,272
"Idaho","linear_increase_sd","Past",2020-06-30,"daily_deaths",2,2,2,2,2,2,2,2
"Idaho","return_normal","Past",2020-06-30,"daily_deaths",2,2,2,2,2,2,2,2
"Idaho","status_quo","Past",2020-06-30,"daily_deaths",2,2,2,2,2,2,2,2
"Idaho","linear_increase_sd","Past",2020-06-30,"daily_hosps",18,18,18,18,18,18,18,18
"Idaho","return_normal","Past",2020-06-30,"daily_hosps",18,18,18,18,18,18,18,18
"Idaho","status_quo","Past",2020-06-30,"daily_hosps",18,18,18,18,18,18,18,18
"Idaho","linear_increase_sd","Past",2020-06-30,"latent_trend",NA,NA,NA,0.569984053636573,NA,NA,NA,NA
"Idaho","return_normal","Past",2020-06-30,"latent_trend",NA,NA,NA,0.569984053636573,NA,NA,NA,NA
"Idaho","status_quo","Past",2020-06-30,"latent_trend",NA,NA,NA,0.569984053636573,NA,NA,NA,NA
"Idaho","linear_increase_sd","Past",2020-06-30,"mobility_trend",NA,NA,NA,1,NA,NA,NA,NA
"Idaho","return_normal","Past",2020-06-30,"mobility_trend",NA,NA,NA,1,NA,NA,NA,NA
"Idaho","status_quo","Past",2020-06-30,"mobility_trend",NA,NA,NA,1,NA,NA,NA,NA
"Idaho",NA,"Past",2020-07-01,"actual_cumulative_cases",NA,NA,NA,6117,NA,NA,NA,NA
"Idaho",NA,"Past",2020-07-01,"actual_cumulative_deaths",NA,NA,NA,93,NA,NA,NA,NA
"Idaho",NA,"Past",2020-07-01,"actual_daily_cases",NA,NA,NA,365,NA,NA,NA,NA
"Idaho",NA,"Past",2020-07-01,"actual_daily_deaths",NA,NA,NA,1,NA,NA,NA,NA
"Idaho","linear_increase_sd","Past",2020-07-01,"combined_trend",NA,NA,NA,0.563593349722115,NA,NA,NA,NA
"Idaho","return_normal","Past",2020-07-01,"combined_trend",NA,NA,NA,0.563593349722115,NA,NA,NA,NA
"Idaho","status_quo","Past",2020-07-01,"combined_trend",NA,NA,NA,0.563593349722115,NA,NA,NA,NA
"Idaho","linear_increase_sd","Past",2020-07-01,"cumulative_all_infections",28361,28361,28361,28361,28361,28361,28361,28361
"Idaho","return_normal","Past",2020-07-01,"cumulative_all_infections",28361,28361,28361,28361,28361,28361,28361,28361
"Idaho","status_quo","Past",2020-07-01,"cumulative_all_infections",28361,28361,28361,28361,28361,28361,28361,28361
"Idaho","linear_increase_sd","Past",2020-07-01,"cumulative_cases",6576,6576,6576,6576,6576,6576,6576,6576
"Idaho","return_normal","Past",2020-07-01,"cumulative_cases",6576,6576,6576,6576,6576,6576,6576,6576
"Idaho","status_quo","Past",2020-07-01,"cumulative_cases",6576,6576,6576,6576,6576,6576,6576,6576
"Idaho","linear_increase_sd","Past",2020-07-01,"cumulative_deaths",222,222,222,222,222,222,222,222
"Idaho","return_normal","Past",2020-07-01,"cumulative_deaths",222,222,222,222,222,222,222,222
"Idaho","status_quo","Past",2020-07-01,"cumulative_deaths",222,222,222,222,222,222,222,222
"Idaho","linear_increase_sd","Past",2020-07-01,"cumulative_hosps",694,694,694,694,694,694,694,694
"Idaho","return_normal","Past",2020-07-01,"cumulative_hosps",694,694,694,694,694,694,694,694
"Idaho","status_quo","Past",2020-07-01,"cumulative_hosps",694,694,694,694,694,694,694,694
"Idaho","linear_increase_sd","Past",2020-07-01,"daily_all_infections",1057,1057,1057,1057,1057,1057,1057,1057
"Idaho","return_normal","Past",2020-07-01,"daily_all_infections",1057,1057,1057,1057,1057,1057,1057,1057
"Idaho","status_quo","Past",2020-07-01,"daily_all_infections",1057,1057,1057,1057,1057,1057,1057,1057
"Idaho","linear_increase_sd","Past",2020-07-01,"daily_cases",244,244,244,244,244,244,244,244
"Idaho","return_normal","Past",2020-07-01,"daily_cases",244,244,244,244,244,244,244,244
"Idaho","status_quo","Past",2020-07-01,"daily_cases",244,244,244,244,244,244,244,244
"Idaho","linear_increase_sd","Past",2020-07-01,"daily_deaths",3,3,3,3,3,3,3,3
"Idaho","return_normal","Past",2020-07-01,"daily_deaths",3,3,3,3,3,3,3,3
"Idaho","status_quo","Past",2020-07-01,"daily_deaths",3,3,3,3,3,3,3,3
"Idaho","linear_increase_sd","Past",2020-07-01,"daily_hosps",20,20,20,20,20,20,20,20
"Idaho","return_normal","Past",2020-07-01,"daily_hosps",20,20,20,20,20,20,20,20
"Idaho","status_quo","Past",2020-07-01,"daily_hosps",20,20,20,20,20,20,20,20
"Idaho","linear_increase_sd","Past",2020-07-01,"latent_trend",NA,NA,NA,0.563593349722115,NA,NA,NA,NA
"Idaho","return_normal","Past",2020-07-01,"latent_trend",NA,NA,NA,0.563593349722115,NA,NA,NA,NA
"Idaho","status_quo","Past",2020-07-01,"latent_trend",NA,NA,NA,0.563593349722115,NA,NA,NA,NA
"Idaho","linear_increase_sd","Past",2020-07-01,"mobility_trend",NA,NA,NA,1,NA,NA,NA,NA
"Idaho","return_normal","Past",2020-07-01,"mobility_trend",NA,NA,NA,1,NA,NA,NA,NA
"Idaho","status_quo","Past",2020-07-01,"mobility_trend",NA,NA,NA,1,NA,NA,NA,NA
"Idaho",NA,"Past",2020-07-02,"actual_cumulative_cases",NA,NA,NA,6370,NA,NA,NA,NA
"Idaho",NA,"Past",2020-07-02,"actual_cumulative_deaths",NA,NA,NA,93,NA,NA,NA,NA
"Idaho",NA,"Past",2020-07-02,"actual_daily_cases",NA,NA,NA,253,NA,NA,NA,NA
"Idaho",NA,"Past",2020-07-02,"actual_daily_deaths",NA,NA,NA,0,NA,NA,NA,NA
"Idaho","linear_increase_sd","Past",2020-07-02,"combined_trend",NA,NA,NA,0.55632869008811,NA,NA,NA,NA
"Idaho","return_normal","Past",2020-07-02,"combined_trend",NA,NA,NA,0.55632869008811,NA,NA,NA,NA
"Idaho","status_quo","Past",2020-07-02,"combined_trend",NA,NA,NA,0.55632869008811,NA,NA,NA,NA
"Idaho","linear_increase_sd","Past",2020-07-02,"cumulative_all_infections",29489,29489,29489,29489,29489,29489,29489,29489
"Idaho","return_normal","Past",2020-07-02,"cumulative_all_infections",29489,29489,29489,29489,29489,29489,29489,29489
"Idaho","status_quo","Past",2020-07-02,"cumulative_all_infections",29489,29489,29489,29489,29489,29489,29489,29489
"Idaho","linear_increase_sd","Past",2020-07-02,"cumulative_cases",6824,6824,6824,6824,6824,6824,6824,6824
"Idaho","return_normal","Past",2020-07-02,"cumulative_cases",6824,6824,6824,6824,6824,6824,6824,6824
"Idaho","status_quo","Past",2020-07-02,"cumulative_cases",6824,6824,6824,6824,6824,6824,6824,6824
"Idaho","linear_increase_sd","Past",2020-07-02,"cumulative_deaths",225,225,225,225,225,225,225,225
"Idaho","return_normal","Past",2020-07-02,"cumulative_deaths",225,225,225,225,225,225,225,225
"Idaho","status_quo","Past",2020-07-02,"cumulative_deaths",225,225,225,225,225,225,225,225
"Idaho","linear_increase_sd","Past",2020-07-02,"cumulative_hosps",714,714,714,714,714,714,714,714
"Idaho","return_normal","Past",2020-07-02,"cumulative_hosps",714,714,714,714,714,714,714,714
"Idaho","status_quo","Past",2020-07-02,"cumulative_hosps",714,714,714,714,714,714,714,714
"Idaho","linear_increase_sd","Past",2020-07-02,"daily_all_infections",1128,1128,1128,1128,1128,1128,1128,1128
"Idaho","return_normal","Past",2020-07-02,"daily_all_infections",1128,1128,1128,1128,1128,1128,1128,1128
"Idaho","status_quo","Past",2020-07-02,"daily_all_infections",1128,1128,1128,1128,1128,1128,1128,1128
"Idaho","linear_increase_sd","Past",2020-07-02,"daily_cases",248,248,248,248,248,248,248,248
"Idaho","return_normal","Past",2020-07-02,"daily_cases",248,248,248,248,248,248,248,248
"Idaho","status_quo","Past",2020-07-02,"daily_cases",248,248,248,248,248,248,248,248
"Idaho","linear_increase_sd","Past",2020-07-02,"daily_deaths",3,3,3,3,3,3,3,3
"Idaho","return_normal","Past",2020-07-02,"daily_deaths",3,3,3,3,3,3,3,3
"Idaho","status_quo","Past",2020-07-02,"daily_deaths",3,3,3,3,3,3,3,3
"Idaho","linear_increase_sd","Past",2020-07-02,"daily_hosps",20,20,20,20,20,20,20,20
"Idaho","return_normal","Past",2020-07-02,"daily_hosps",20,20,20,20,20,20,20,20
"Idaho","status_quo","Past",2020-07-02,"daily_hosps",20,20,20,20,20,20,20,20
"Idaho","linear_increase_sd","Past",2020-07-02,"latent_trend",NA,NA,NA,0.55632869008811,NA,NA,NA,NA
"Idaho","return_normal","Past",2020-07-02,"latent_trend",NA,NA,NA,0.55632869008811,NA,NA,NA,NA
"Idaho","status_quo","Past",2020-07-02,"latent_trend",NA,NA,NA,0.55632869008811,NA,NA,NA,NA
"Idaho","linear_increase_sd","Past",2020-07-02,"mobility_trend",NA,NA,NA,1,NA,NA,NA,NA
"Idaho","return_normal","Past",2020-07-02,"mobility_trend",NA,NA,NA,1,NA,NA,NA,NA
"Idaho","status_quo","Past",2020-07-02,"mobility_trend",NA,NA,NA,1,NA,NA,NA,NA
"Idaho",NA,"Past",2020-07-03,"actual_cumulative_cases",NA,NA,NA,6593,NA,NA,NA,NA
"Idaho",NA,"Past",2020-07-03,"actual_cumulative_deaths",NA,NA,NA,93,NA,NA,NA,NA
"Idaho",NA,"Past",2020-07-03,"actual_daily_cases",NA,NA,NA,223,NA,NA,NA,NA
"Idaho",NA,"Past",2020-07-03,"actual_daily_deaths",NA,NA,NA,0,NA,NA,NA,NA
"Idaho","linear_increase_sd","Past",2020-07-03,"combined_trend",NA,NA,NA,0.548261807022602,NA,NA,NA,NA
"Idaho","return_normal","Past",2020-07-03,"combined_trend",NA,NA,NA,0.548261807022602,NA,NA,NA,NA
"Idaho","status_quo","Past",2020-07-03,"combined_trend",NA,NA,NA,0.548261807022602,NA,NA,NA,NA
"Idaho","linear_increase_sd","Past",2020-07-03,"cumulative_all_infections",30688,30688,30688,30688,30688,30688,30688,30688
"Idaho","return_normal","Past",2020-07-03,"cumulative_all_infections",30688,30688,30688,30688,30688,30688,30688,30688
"Idaho","status_quo","Past",2020-07-03,"cumulative_all_infections",30688,30688,30688,30688,30688,30688,30688,30688
"Idaho","linear_increase_sd","Past",2020-07-03,"cumulative_cases",7092,7092,7092,7092,7092,7092,7092,7092
"Idaho","return_normal","Past",2020-07-03,"cumulative_cases",7092,7092,7092,7092,7092,7092,7092,7092
"Idaho","status_quo","Past",2020-07-03,"cumulative_cases",7092,7092,7092,7092,7092,7092,7092,7092
"Idaho","linear_increase_sd","Past",2020-07-03,"cumulative_deaths",228,228,228,228,228,228,228,228
"Idaho","return_normal","Past",2020-07-03,"cumulative_deaths",228,228,228,228,228,228,228,228
"Idaho","status_quo","Past",2020-07-03,"cumulative_deaths",228,228,228,228,228,228,228,228
"Idaho","linear_increase_sd","Past",2020-07-03,"cumulative_hosps",737,737,737,737,737,737,737,737
"Idaho","return_normal","Past",2020-07-03,"cumulative_hosps",737,737,737,737,737,737,737,737
"Idaho","status_quo","Past",2020-07-03,"cumulative_hosps",737,737,737,737,737,737,737,737
"Idaho","linear_increase_sd","Past",2020-07-03,"daily_all_infections",1199,1199,1199,1199,1199,1199,1199,1199
"Idaho","return_normal","Past",2020-07-03,"daily_all_infections",1199,1199,1199,1199,1199,1199,1199,1199
"Idaho","status_quo","Past",2020-07-03,"daily_all_infections",1199,1199,1199,1199,1199,1199,1199,1199
"Idaho","linear_increase_sd","Past",2020-07-03,"daily_cases",268,268,268,268,268,268,268,268
"Idaho","return_normal","Past",2020-07-03,"daily_cases",268,268,268,268,268,268,268,268
"Idaho","status_quo","Past",2020-07-03,"daily_cases",268,268,268,268,268,268,268,268
"Idaho","linear_increase_sd","Past",2020-07-03,"daily_deaths",3,3,3,3,3,3,3,3
"Idaho","return_normal","Past",2020-07-03,"daily_deaths",3,3,3,3,3,3,3,3
"Idaho","status_quo","Past",2020-07-03,"daily_deaths",3,3,3,3,3,3,3,3
"Idaho","linear_increase_sd","Past",2020-07-03,"daily_hosps",23,23,23,23,23,23,23,23
"Idaho","return_normal","Past",2020-07-03,"daily_hosps",23,23,23,23,23,23,23,23
"Idaho","status_quo","Past",2020-07-03,"daily_hosps",23,23,23,23,23,23,23,23
"Idaho","linear_increase_sd","Past",2020-07-03,"latent_trend",NA,NA,NA,0.548261807022602,NA,NA,NA,NA
"Idaho","return_normal","Past",2020-07-03,"latent_trend",NA,NA,NA,0.548261807022602,NA,NA,NA,NA
"Idaho","status_quo","Past",2020-07-03,"latent_trend",NA,NA,NA,0.548261807022602,NA,NA,NA,NA
"Idaho","linear_increase_sd","Past",2020-07-03,"mobility_trend",NA,NA,NA,1,NA,NA,NA,NA
"Idaho","return_normal","Past",2020-07-03,"mobility_trend",NA,NA,NA,1,NA,NA,NA,NA
"Idaho","status_quo","Past",2020-07-03,"mobility_trend",NA,NA,NA,1,NA,NA,NA,NA
"Idaho",NA,"Past",2020-07-04,"actual_cumulative_cases",NA,NA,NA,6994,NA,NA,NA,NA
"Idaho",NA,"Past",2020-07-04,"actual_cumulative_deaths",NA,NA,NA,94,NA,NA,NA,NA
"Idaho",NA,"Past",2020-07-04,"actual_daily_cases",NA,NA,NA,401,NA,NA,NA,NA
"Idaho",NA,"Past",2020-07-04,"actual_daily_deaths",NA,NA,NA,1,NA,NA,NA,NA
"Idaho","linear_increase_sd","Past",2020-07-04,"combined_trend",NA,NA,NA,0.539466879836251,NA,NA,NA,NA
"Idaho","return_normal","Past",2020-07-04,"combined_trend",NA,NA,NA,0.539466879836251,NA,NA,NA,NA
"Idaho","status_quo","Past",2020-07-04,"combined_trend",NA,NA,NA,0.539466879836251,NA,NA,NA,NA
"Idaho","linear_increase_sd","Past",2020-07-04,"cumulative_all_infections",31957,31957,31957,31957,31957,31957,31957,31957
"Idaho","return_normal","Past",2020-07-04,"cumulative_all_infections",31957,31957,31957,31957,31957,31957,31957,31957
"Idaho","status_quo","Past",2020-07-04,"cumulative_all_infections",31957,31957,31957,31957,31957,31957,31957,31957
"Idaho","linear_increase_sd","Past",2020-07-04,"cumulative_cases",7417,7417,7417,7417,7417,7417,7417,7417
"Idaho","return_normal","Past",2020-07-04,"cumulative_cases",7417,7417,7417,7417,7417,7417,7417,7417
"Idaho","status_quo","Past",2020-07-04,"cumulative_cases",7417,7417,7417,7417,7417,7417,7417,7417
"Idaho","linear_increase_sd","Past",2020-07-04,"cumulative_deaths",232,232,232,232,232,232,232,232
"Idaho","return_normal","Past",2020-07-04,"cumulative_deaths",232,232,232,232,232,232,232,232
"Idaho","status_quo","Past",2020-07-04,"cumulative_deaths",232,232,232,232,232,232,232,232
"Idaho","linear_increase_sd","Past",2020-07-04,"cumulative_hosps",762,762,762,762,762,762,762,762
"Idaho","return_normal","Past",2020-07-04,"cumulative_hosps",762,762,762,762,762,762,762,762
"Idaho","status_quo","Past",2020-07-04,"cumulative_hosps",762,762,762,762,762,762,762,762
"Idaho","linear_increase_sd","Past",2020-07-04,"daily_all_infections",1269,1269,1269,1269,1269,1269,1269,1269
"Idaho","return_normal","Past",2020-07-04,"daily_all_infections",1269,1269,1269,1269,1269,1269,1269,1269
"Idaho","status_quo","Past",2020-07-04,"daily_all_infections",1269,1269,1269,1269,1269,1269,1269,1269
"Idaho","linear_increase_sd","Past",2020-07-04,"daily_cases",325,325,325,325,325,325,325,325
"Idaho","return_normal","Past",2020-07-04,"daily_cases",325,325,325,325,325,325,325,325
"Idaho","status_quo","Past",2020-07-04,"daily_cases",325,325,325,325,325,325,325,325
"Idaho","linear_increase_sd","Past",2020-07-04,"daily_deaths",4,4,4,4,4,4,4,4
"Idaho","return_normal","Past",2020-07-04,"daily_deaths",4,4,4,4,4,4,4,4
"Idaho","status_quo","Past",2020-07-04,"daily_deaths",4,4,4,4,4,4,4,4
"Idaho","linear_increase_sd","Past",2020-07-04,"daily_hosps",25,25,25,25,25,25,25,25
"Idaho","return_normal","Past",2020-07-04,"daily_hosps",25,25,25,25,25,25,25,25
"Idaho","status_quo","Past",2020-07-04,"daily_hosps",25,25,25,25,25,25,25,25
"Idaho","linear_increase_sd","Past",2020-07-04,"latent_trend",NA,NA,NA,0.539466879836251,NA,NA,NA,NA
"Idaho","return_normal","Past",2020-07-04,"latent_trend",NA,NA,NA,0.539466879836251,NA,NA,NA,NA
"Idaho","status_quo","Past",2020-07-04,"latent_trend",NA,NA,NA,0.539466879836251,NA,NA,NA,NA
"Idaho","linear_increase_sd","Past",2020-07-04,"mobility_trend",NA,NA,NA,1,NA,NA,NA,NA
"Idaho","return_normal","Past",2020-07-04,"mobility_trend",NA,NA,NA,1,NA,NA,NA,NA
"Idaho","status_quo","Past",2020-07-04,"mobility_trend",NA,NA,NA,1,NA,NA,NA,NA
"Idaho",NA,"Past",2020-07-05,"actual_cumulative_cases",NA,NA,NA,7370,NA,NA,NA,NA
"Idaho",NA,"Past",2020-07-05,"actual_cumulative_deaths",NA,NA,NA,94,NA,NA,NA,NA
"Idaho",NA,"Past",2020-07-05,"actual_daily_cases",NA,NA,NA,376,NA,NA,NA,NA
"Idaho",NA,"Past",2020-07-05,"actual_daily_deaths",NA,NA,NA,0,NA,NA,NA,NA
"Idaho","linear_increase_sd","Past",2020-07-05,"combined_trend",NA,NA,NA,0.530020940069054,NA,NA,NA,NA
"Idaho","return_normal","Past",2020-07-05,"combined_trend",NA,NA,NA,0.530020940069054,NA,NA,NA,NA
"Idaho","status_quo","Past",2020-07-05,"combined_trend",NA,NA,NA,0.530020940069054,NA,NA,NA,NA
"Idaho","linear_increase_sd","Past",2020-07-05,"cumulative_all_infections",33279,33279,33279,33279,33279,33279,33279,33279
"Idaho","return_normal","Past",2020-07-05,"cumulative_all_infections",33279,33279,33279,33279,33279,33279,33279,33279
"Idaho","status_quo","Past",2020-07-05,"cumulative_all_infections",33279,33279,33279,33279,33279,33279,33279,33279
"Idaho","linear_increase_sd","Past",2020-07-05,"cumulative_cases",7741,7741,7741,7741,7741,7741,7741,7741
"Idaho","return_normal","Past",2020-07-05,"cumulative_cases",7741,7741,7741,7741,7741,7741,7741,7741
"Idaho","status_quo","Past",2020-07-05,"cumulative_cases",7741,7741,7741,7741,7741,7741,7741,7741
"Idaho","linear_increase_sd","Past",2020-07-05,"cumulative_deaths",235,235,235,235,235,235,235,235
"Idaho","return_normal","Past",2020-07-05,"cumulative_deaths",235,235,235,235,235,235,235,235
"Idaho","status_quo","Past",2020-07-05,"cumulative_deaths",235,235,235,235,235,235,235,235
"Idaho","linear_increase_sd","Past",2020-07-05,"cumulative_hosps",789,789,789,789,789,789,789,789
"Idaho","return_normal","Past",2020-07-05,"cumulative_hosps",789,789,789,789,789,789,789,789
"Idaho","status_quo","Past",2020-07-05,"cumulative_hosps",789,789,789,789,789,789,789,789
"Idaho","linear_increase_sd","Past",2020-07-05,"daily_all_infections",1322,1322,1322,1322,1322,1322,1322,1322
"Idaho","return_normal","Past",2020-07-05,"daily_all_infections",1322,1322,1322,1322,1322,1322,1322,1322
"Idaho","status_quo","Past",2020-07-05,"daily_all_infections",1322,1322,1322,1322,1322,1322,1322,1322
"Idaho","linear_increase_sd","Past",2020-07-05,"daily_cases",324,324,324,324,324,324,324,324
"Idaho","return_normal","Past",2020-07-05,"daily_cases",324,324,324,324,324,324,324,324
"Idaho","status_quo","Past",2020-07-05,"daily_cases",324,324,324,324,324,324,324,324
"Idaho","linear_increase_sd","Past",2020-07-05,"daily_deaths",3,3,3,3,3,3,3,3
"Idaho","return_normal","Past",2020-07-05,"daily_deaths",3,3,3,3,3,3,3,3
"Idaho","status_quo","Past",2020-07-05,"daily_deaths",3,3,3,3,3,3,3,3
"Idaho","linear_increase_sd","Past",2020-07-05,"daily_hosps",27,27,27,27,27,27,27,27
"Idaho","return_normal","Past",2020-07-05,"daily_hosps",27,27,27,27,27,27,27,27
"Idaho","status_quo","Past",2020-07-05,"daily_hosps",27,27,27,27,27,27,27,27
"Idaho","linear_increase_sd","Past",2020-07-05,"latent_trend",NA,NA,NA,0.530020940069054,NA,NA,NA,NA
"Idaho","return_normal","Past",2020-07-05,"latent_trend",NA,NA,NA,0.530020940069054,NA,NA,NA,NA
"Idaho","status_quo","Past",2020-07-05,"latent_trend",NA,NA,NA,0.530020940069054,NA,NA,NA,NA
"Idaho","linear_increase_sd","Past",2020-07-05,"mobility_trend",NA,NA,NA,1,NA,NA,NA,NA
"Idaho","return_normal","Past",2020-07-05,"mobility_trend",NA,NA,NA,1,NA,NA,NA,NA
"Idaho","status_quo","Past",2020-07-05,"mobility_trend",NA,NA,NA,1,NA,NA,NA,NA
"Idaho",NA,"Past",2020-07-06,"actual_cumulative_cases",NA,NA,NA,7733,NA,NA,NA,NA
"Idaho",NA,"Past",2020-07-06,"actual_cumulative_deaths",NA,NA,NA,94,NA,NA,NA,NA
"Idaho",NA,"Past",2020-07-06,"actual_daily_cases",NA,NA,NA,363,NA,NA,NA,NA
"Idaho",NA,"Past",2020-07-06,"actual_daily_deaths",NA,NA,NA,0,NA,NA,NA,NA
"Idaho","linear_increase_sd","Past",2020-07-06,"combined_trend",NA,NA,NA,0.520004072523804,NA,NA,NA,NA
"Idaho","return_normal","Past",2020-07-06,"combined_trend",NA,NA,NA,0.520004072523804,NA,NA,NA,NA
"Idaho","status_quo","Past",2020-07-06,"combined_trend",NA,NA,NA,0.520004072523804,NA,NA,NA,NA
"Idaho","linear_increase_sd","Past",2020-07-06,"cumulative_all_infections",34664,34664,34664,34664,34664,34664,34664,34664
"Idaho","return_normal","Past",2020-07-06,"cumulative_all_infections",34664,34664,34664,34664,34664,34664,34664,34664
"Idaho","status_quo","Past",2020-07-06,"cumulative_all_infections",34664,34664,34664,34664,34664,34664,34664,34664
"Idaho","linear_increase_sd","Past",2020-07-06,"cumulative_cases",8098,8098,8098,8098,8098,8098,8098,8098
"Idaho","return_normal","Past",2020-07-06,"cumulative_cases",8098,8098,8098,8098,8098,8098,8098,8098
"Idaho","status_quo","Past",2020-07-06,"cumulative_cases",8098,8098,8098,8098,8098,8098,8098,8098
"Idaho","linear_increase_sd","Past",2020-07-06,"cumulative_deaths",239,239,239,239,239,239,239,239
"Idaho","return_normal","Past",2020-07-06,"cumulative_deaths",239,239,239,239,239,239,239,239
"Idaho","status_quo","Past",2020-07-06,"cumulative_deaths",239,239,239,239,239,239,239,239
"Idaho","linear_increase_sd","Past",2020-07-06,"cumulative_hosps",818,818,818,818,818,818,818,818
"Idaho","return_normal","Past",2020-07-06,"cumulative_hosps",818,818,818,818,818,818,818,818
"Idaho","status_quo","Past",2020-07-06,"cumulative_hosps",818,818,818,818,818,818,818,818
"Idaho","linear_increase_sd","Past",2020-07-06,"daily_all_infections",1385,1385,1385,1385,1385,1385,1385,1385
"Idaho","return_normal","Past",2020-07-06,"daily_all_infections",1385,1385,1385,1385,1385,1385,1385,1385
"Idaho","status_quo","Past",2020-07-06,"daily_all_infections",1385,1385,1385,1385,1385,1385,1385,1385
"Idaho","linear_increase_sd","Past",2020-07-06,"daily_cases",357,357,357,357,357,357,357,357
"Idaho","return_normal","Past",2020-07-06,"daily_cases",357,357,357,357,357,357,357,357
"Idaho","status_quo","Past",2020-07-06,"daily_cases",357,357,357,357,357,357,357,357
"Idaho","linear_increase_sd","Past",2020-07-06,"daily_deaths",4,4,4,4,4,4,4,4
"Idaho","return_normal","Past",2020-07-06,"daily_deaths",4,4,4,4,4,4,4,4
"Idaho","status_quo","Past",2020-07-06,"daily_deaths",4,4,4,4,4,4,4,4
"Idaho","linear_increase_sd","Past",2020-07-06,"daily_hosps",29,29,29,29,29,29,29,29
"Idaho","return_normal","Past",2020-07-06,"daily_hosps",29,29,29,29,29,29,29,29
"Idaho","status_quo","Past",2020-07-06,"daily_hosps",29,29,29,29,29,29,29,29
"Idaho","linear_increase_sd","Past",2020-07-06,"latent_trend",NA,NA,NA,0.520004072523804,NA,NA,NA,NA
"Idaho","return_normal","Past",2020-07-06,"latent_trend",NA,NA,NA,0.520004072523804,NA,NA,NA,NA
"Idaho","status_quo","Past",2020-07-06,"latent_trend",NA,NA,NA,0.520004072523804,NA,NA,NA,NA
"Idaho","linear_increase_sd","Past",2020-07-06,"mobility_trend",NA,NA,NA,1,NA,NA,NA,NA
"Idaho","return_normal","Past",2020-07-06,"mobility_trend",NA,NA,NA,1,NA,NA,NA,NA
"Idaho","status_quo","Past",2020-07-06,"mobility_trend",NA,NA,NA,1,NA,NA,NA,NA
"Idaho",NA,"Past",2020-07-07,"actual_cumulative_cases",NA,NA,NA,8052,NA,NA,NA,NA
"Idaho",NA,"Past",2020-07-07,"actual_cumulative_deaths",NA,NA,NA,95,NA,NA,NA,NA
"Idaho",NA,"Past",2020-07-07,"actual_daily_cases",NA,NA,NA,319,NA,NA,NA,NA
"Idaho",NA,"Past",2020-07-07,"actual_daily_deaths",NA,NA,NA,1,NA,NA,NA,NA
"Idaho","linear_increase_sd","Past",2020-07-07,"combined_trend",NA,NA,NA,0.50949940280159,NA,NA,NA,NA
"Idaho","return_normal","Past",2020-07-07,"combined_trend",NA,NA,NA,0.50949940280159,NA,NA,NA,NA
"Idaho","status_quo","Past",2020-07-07,"combined_trend",NA,NA,NA,0.50949940280159,NA,NA,NA,NA
"Idaho","linear_increase_sd","Past",2020-07-07,"cumulative_all_infections",36107,36107,36107,36107,36107,36107,36107,36107
"Idaho","return_normal","Past",2020-07-07,"cumulative_all_infections",36107,36107,36107,36107,36107,36107,36107,36107
"Idaho","status_quo","Past",2020-07-07,"cumulative_all_infections",36107,36107,36107,36107,36107,36107,36107,36107
"Idaho","linear_increase_sd","Past",2020-07-07,"cumulative_cases",8451,8451,8451,8451,8451,8451,8451,8451
"Idaho","return_normal","Past",2020-07-07,"cumulative_cases",8451,8451,8451,8451,8451,8451,8451,8451
"Idaho","status_quo","Past",2020-07-07,"cumulative_cases",8451,8451,8451,8451,8451,8451,8451,8451
"Idaho","linear_increase_sd","Past",2020-07-07,"cumulative_deaths",243,243,243,243,243,243,243,243
"Idaho","return_normal","Past",2020-07-07,"cumulative_deaths",243,243,243,243,243,243,243,243
"Idaho","status_quo","Past",2020-07-07,"cumulative_deaths",243,243,243,243,243,243,243,243
"Idaho","linear_increase_sd","Past",2020-07-07,"cumulative_hosps",849,849,849,849,849,849,849,849
"Idaho","return_normal","Past",2020-07-07,"cumulative_hosps",849,849,849,849,849,849,849,849
"Idaho","status_quo","Past",2020-07-07,"cumulative_hosps",849,849,849,849,849,849,849,849
"Idaho","linear_increase_sd","Past",2020-07-07,"daily_all_infections",1443,1443,1443,1443,1443,1443,1443,1443
"Idaho","return_normal","Past",2020-07-07,"daily_all_infections",1443,1443,1443,1443,1443,1443,1443,1443
"Idaho","status_quo","Past",2020-07-07,"daily_all_infections",1443,1443,1443,1443,1443,1443,1443,1443
"Idaho","linear_increase_sd","Past",2020-07-07,"daily_cases",353,353,353,353,353,353,353,353
"Idaho","return_normal","Past",2020-07-07,"daily_cases",353,353,353,353,353,353,353,353
"Idaho","status_quo","Past",2020-07-07,"daily_cases",353,353,353,353,353,353,353,353
"Idaho","linear_increase_sd","Past",2020-07-07,"daily_deaths",4,4,4,4,4,4,4,4
"Idaho","return_normal","Past",2020-07-07,"daily_deaths",4,4,4,4,4,4,4,4
"Idaho","status_quo","Past",2020-07-07,"daily_deaths",4,4,4,4,4,4,4,4
"Idaho","linear_increase_sd","Past",2020-07-07,"daily_hosps",31,31,31,31,31,31,31,31
"Idaho","return_normal","Past",2020-07-07,"daily_hosps",31,31,31,31,31,31,31,31
"Idaho","status_quo","Past",2020-07-07,"daily_hosps",31,31,31,31,31,31,31,31
"Idaho","linear_increase_sd","Past",2020-07-07,"latent_trend",NA,NA,NA,0.50949940280159,NA,NA,NA,NA
"Idaho","return_normal","Past",2020-07-07,"latent_trend",NA,NA,NA,0.50949940280159,NA,NA,NA,NA
"Idaho","status_quo","Past",2020-07-07,"latent_trend",NA,NA,NA,0.50949940280159,NA,NA,NA,NA
"Idaho","linear_increase_sd","Past",2020-07-07,"mobility_trend",NA,NA,NA,1,NA,NA,NA,NA
"Idaho","return_normal","Past",2020-07-07,"mobility_trend",NA,NA,NA,1,NA,NA,NA,NA
"Idaho","status_quo","Past",2020-07-07,"mobility_trend",NA,NA,NA,1,NA,NA,NA,NA
"Idaho",NA,"Past",2020-07-08,"actual_cumulative_cases",NA,NA,NA,8539,NA,NA,NA,NA
"Idaho",NA,"Past",2020-07-08,"actual_cumulative_deaths",NA,NA,NA,95,NA,NA,NA,NA
"Idaho",NA,"Past",2020-07-08,"actual_daily_cases",NA,NA,NA,487,NA,NA,NA,NA
"Idaho",NA,"Past",2020-07-08,"actual_daily_deaths",NA,NA,NA,0,NA,NA,NA,NA
"Idaho","linear_increase_sd","Past",2020-07-08,"combined_trend",NA,NA,NA,0.498592872591405,NA,NA,NA,NA
"Idaho","return_normal","Past",2020-07-08,"combined_trend",NA,NA,NA,0.498592872591405,NA,NA,NA,NA
"Idaho","status_quo","Past",2020-07-08,"combined_trend",NA,NA,NA,0.498592872591405,NA,NA,NA,NA
"Idaho","linear_increase_sd","Past",2020-07-08,"cumulative_all_infections",37616,37616,37616,37616,37616,37616,37616,37616
"Idaho","return_normal","Past",2020-07-08,"cumulative_all_infections",37616,37616,37616,37616,37616,37616,37616,37616
"Idaho","status_quo","Past",2020-07-08,"cumulative_all_infections",37616,37616,37616,37616,37616,37616,37616,37616
"Idaho","linear_increase_sd","Past",2020-07-08,"cumulative_cases",8831,8831,8831,8831,8831,8831,8831,8831
"Idaho","return_normal","Past",2020-07-08,"cumulative_cases",8831,8831,8831,8831,8831,8831,8831,8831
"Idaho","status_quo","Past",2020-07-08,"cumulative_cases",8831,8831,8831,8831,8831,8831,8831,8831
"Idaho","linear_increase_sd","Past",2020-07-08,"cumulative_deaths",247,247,247,247,247,247,247,247
"Idaho","return_normal","Past",2020-07-08,"cumulative_deaths",247,247,247,247,247,247,247,247
"Idaho","status_quo","Past",2020-07-08,"cumulative_deaths",247,247,247,247,247,247,247,247
"Idaho","linear_increase_sd","Past",2020-07-08,"cumulative_hosps",882,882,882,882,882,882,882,882
"Idaho","return_normal","Past",2020-07-08,"cumulative_hosps",882,882,882,882,882,882,882,882
"Idaho","status_quo","Past",2020-07-08,"cumulative_hosps",882,882,882,882,882,882,882,882
"Idaho","linear_increase_sd","Past",2020-07-08,"daily_all_infections",1509,1509,1509,1509,1509,1509,1509,1509
"Idaho","return_normal","Past",2020-07-08,"daily_all_infections",1509,1509,1509,1509,1509,1509,1509,1509
"Idaho","status_quo","Past",2020-07-08,"daily_all_infections",1509,1509,1509,1509,1509,1509,1509,1509
"Idaho","linear_increase_sd","Past",2020-07-08,"daily_cases",380,380,380,380,380,380,380,380
"Idaho","return_normal","Past",2020-07-08,"daily_cases",380,380,380,380,380,380,380,380
"Idaho","status_quo","Past",2020-07-08,"daily_cases",380,380,380,380,380,380,380,380
"Idaho","linear_increase_sd","Past",2020-07-08,"daily_deaths",4,4,4,4,4,4,4,4
"Idaho","return_normal","Past",2020-07-08,"daily_deaths",4,4,4,4,4,4,4,4
"Idaho","status_quo","Past",2020-07-08,"daily_deaths",4,4,4,4,4,4,4,4
"Idaho","linear_increase_sd","Past",2020-07-08,"daily_hosps",33,33,33,33,33,33,33,33
"Idaho","return_normal","Past",2020-07-08,"daily_hosps",33,33,33,33,33,33,33,33
"Idaho","status_quo","Past",2020-07-08,"daily_hosps",33,33,33,33,33,33,33,33
"Idaho","linear_increase_sd","Past",2020-07-08,"latent_trend",NA,NA,NA,0.498592872591405,NA,NA,NA,NA
"Idaho","return_normal","Past",2020-07-08,"latent_trend",NA,NA,NA,0.498592872591405,NA,NA,NA,NA
"Idaho","status_quo","Past",2020-07-08,"latent_trend",NA,NA,NA,0.498592872591405,NA,NA,NA,NA
"Idaho","linear_increase_sd","Past",2020-07-08,"mobility_trend",NA,NA,NA,1,NA,NA,NA,NA
"Idaho","return_normal","Past",2020-07-08,"mobility_trend",NA,NA,NA,1,NA,NA,NA,NA
"Idaho","status_quo","Past",2020-07-08,"mobility_trend",NA,NA,NA,1,NA,NA,NA,NA
"Idaho",NA,"Past",2020-07-09,"actual_cumulative_cases",NA,NA,NA,8969,NA,NA,NA,NA
"Idaho",NA,"Past",2020-07-09,"actual_cumulative_deaths",NA,NA,NA,99,NA,NA,NA,NA
"Idaho",NA,"Past",2020-07-09,"actual_daily_cases",NA,NA,NA,430,NA,NA,NA,NA
"Idaho",NA,"Past",2020-07-09,"actual_daily_deaths",NA,NA,NA,4,NA,NA,NA,NA
"Idaho","linear_increase_sd","Past",2020-07-09,"combined_trend",NA,NA,NA,0.487372815141847,NA,NA,NA,NA
"Idaho","return_normal","Past",2020-07-09,"combined_trend",NA,NA,NA,0.487372815141847,NA,NA,NA,NA
"Idaho","status_quo","Past",2020-07-09,"combined_trend",NA,NA,NA,0.487372815141847,NA,NA,NA,NA
"Idaho","linear_increase_sd","Past",2020-07-09,"cumulative_all_infections",39175,39175,39175,39175,39175,39175,39175,39175
"Idaho","return_normal","Past",2020-07-09,"cumulative_all_infections",39175,39175,39175,39175,39175,39175,39175,39175
"Idaho","status_quo","Past",2020-07-09,"cumulative_all_infections",39175,39175,39175,39175,39175,39175,39175,39175
"Idaho","linear_increase_sd","Past",2020-07-09,"cumulative_cases",9270,9270,9270,9270,9270,9270,9270,9270
"Idaho","return_normal","Past",2020-07-09,"cumulative_cases",9270,9270,9270,9270,9270,9270,9270,9270
"Idaho","status_quo","Past",2020-07-09,"cumulative_cases",9270,9270,9270,9270,9270,9270,9270,9270
"Idaho","linear_increase_sd","Past",2020-07-09,"cumulative_deaths",252,252,252,252,252,252,252,252
"Idaho","return_normal","Past",2020-07-09,"cumulative_deaths",252,252,252,252,252,252,252,252
"Idaho","status_quo","Past",2020-07-09,"cumulative_deaths",252,252,252,252,252,252,252,252
"Idaho","linear_increase_sd","Past",2020-07-09,"cumulative_hosps",919,919,919,919,919,919,919,919
"Idaho","return_normal","Past",2020-07-09,"cumulative_hosps",919,919,919,919,919,919,919,919
"Idaho","status_quo","Past",2020-07-09,"cumulative_hosps",919,919,919,919,919,919,919,919
"Idaho","linear_increase_sd","Past",2020-07-09,"daily_all_infections",1559,1559,1559,1559,1559,1559,1559,1559
"Idaho","return_normal","Past",2020-07-09,"daily_all_infections",1559,1559,1559,1559,1559,1559,1559,1559
"Idaho","status_quo","Past",2020-07-09,"daily_all_infections",1559,1559,1559,1559,1559,1559,1559,1559
"Idaho","linear_increase_sd","Past",2020-07-09,"daily_cases",439,439,439,439,439,439,439,439
"Idaho","return_normal","Past",2020-07-09,"daily_cases",439,439,439,439,439,439,439,439
"Idaho","status_quo","Past",2020-07-09,"daily_cases",439,439,439,439,439,439,439,439
"Idaho","linear_increase_sd","Past",2020-07-09,"daily_deaths",5,5,5,5,5,5,5,5
"Idaho","return_normal","Past",2020-07-09,"daily_deaths",5,5,5,5,5,5,5,5
"Idaho","status_quo","Past",2020-07-09,"daily_deaths",5,5,5,5,5,5,5,5
"Idaho","linear_increase_sd","Past",2020-07-09,"daily_hosps",37,37,37,37,37,37,37,37
"Idaho","return_normal","Past",2020-07-09,"daily_hosps",37,37,37,37,37,37,37,37
"Idaho","status_quo","Past",2020-07-09,"daily_hosps",37,37,37,37,37,37,37,37
"Idaho","linear_increase_sd","Past",2020-07-09,"latent_trend",NA,NA,NA,0.487372815141847,NA,NA,NA,NA
"Idaho","return_normal","Past",2020-07-09,"latent_trend",NA,NA,NA,0.487372815141847,NA,NA,NA,NA
"Idaho","status_quo","Past",2020-07-09,"latent_trend",NA,NA,NA,0.487372815141847,NA,NA,NA,NA
"Idaho","linear_increase_sd","Past",2020-07-09,"mobility_trend",NA,NA,NA,1,NA,NA,NA,NA
"Idaho","return_normal","Past",2020-07-09,"mobility_trend",NA,NA,NA,1,NA,NA,NA,NA
"Idaho","status_quo","Past",2020-07-09,"mobility_trend",NA,NA,NA,1,NA,NA,NA,NA
"Idaho",NA,"Past",2020-07-10,"actual_cumulative_cases",NA,NA,NA,9428,NA,NA,NA,NA
"Idaho",NA,"Past",2020-07-10,"actual_cumulative_deaths",NA,NA,NA,101,NA,NA,NA,NA
"Idaho",NA,"Past",2020-07-10,"actual_daily_cases",NA,NA,NA,459,NA,NA,NA,NA
"Idaho",NA,"Past",2020-07-10,"actual_daily_deaths",NA,NA,NA,2,NA,NA,NA,NA
"Idaho","linear_increase_sd","Past",2020-07-10,"combined_trend",NA,NA,NA,0.475929354500564,NA,NA,NA,NA
"Idaho","return_normal","Past",2020-07-10,"combined_trend",NA,NA,NA,0.475929354500564,NA,NA,NA,NA
"Idaho","status_quo","Past",2020-07-10,"combined_trend",NA,NA,NA,0.475929354500564,NA,NA,NA,NA
"Idaho","linear_increase_sd","Past",2020-07-10,"cumulative_all_infections",40770,40770,40770,40770,40770,40770,40770,40770
"Idaho","return_normal","Past",2020-07-10,"cumulative_all_infections",40770,40770,40770,40770,40770,40770,40770,40770
"Idaho","status_quo","Past",2020-07-10,"cumulative_all_infections",40770,40770,40770,40770,40770,40770,40770,40770
"Idaho","linear_increase_sd","Past",2020-07-10,"cumulative_cases",9758,9758,9758,9758,9758,9758,9758,9758
"Idaho","return_normal","Past",2020-07-10,"cumulative_cases",9758,9758,9758,9758,9758,9758,9758,9758
"Idaho","status_quo","Past",2020-07-10,"cumulative_cases",9758,9758,9758,9758,9758,9758,9758,9758
"Idaho","linear_increase_sd","Past",2020-07-10,"cumulative_deaths",256,256,256,256,256,256,256,256
"Idaho","return_normal","Past",2020-07-10,"cumulative_deaths",256,256,256,256,256,256,256,256
"Idaho","status_quo","Past",2020-07-10,"cumulative_deaths",256,256,256,256,256,256,256,256
"Idaho","linear_increase_sd","Past",2020-07-10,"cumulative_hosps",957,957,957,957,957,957,957,957
"Idaho","return_normal","Past",2020-07-10,"cumulative_hosps",957,957,957,957,957,957,957,957
"Idaho","status_quo","Past",2020-07-10,"cumulative_hosps",957,957,957,957,957,957,957,957
"Idaho","linear_increase_sd","Past",2020-07-10,"daily_all_infections",1595,1595,1595,1595,1595,1595,1595,1595
"Idaho","return_normal","Past",2020-07-10,"daily_all_infections",1595,1595,1595,1595,1595,1595,1595,1595
"Idaho","status_quo","Past",2020-07-10,"daily_all_infections",1595,1595,1595,1595,1595,1595,1595,1595
"Idaho","linear_increase_sd","Past",2020-07-10,"daily_cases",488,488,488,488,488,488,488,488
"Idaho","return_normal","Past",2020-07-10,"daily_cases",488,488,488,488,488,488,488,488
"Idaho","status_quo","Past",2020-07-10,"daily_cases",488,488,488,488,488,488,488,488
"Idaho","linear_increase_sd","Past",2020-07-10,"daily_deaths",4,4,4,4,4,4,4,4
"Idaho","return_normal","Past",2020-07-10,"daily_deaths",4,4,4,4,4,4,4,4
"Idaho","status_quo","Past",2020-07-10,"daily_deaths",4,4,4,4,4,4,4,4
"Idaho","linear_increase_sd","Past",2020-07-10,"daily_hosps",38,38,38,38,38,38,38,38
"Idaho","return_normal","Past",2020-07-10,"daily_hosps",38,38,38,38,38,38,38,38
"Idaho","status_quo","Past",2020-07-10,"daily_hosps",38,38,38,38,38,38,38,38
"Idaho","linear_increase_sd","Past",2020-07-10,"latent_trend",NA,NA,NA,0.475929354500564,NA,NA,NA,NA
"Idaho","return_normal","Past",2020-07-10,"latent_trend",NA,NA,NA,0.475929354500564,NA,NA,NA,NA
"Idaho","status_quo","Past",2020-07-10,"latent_trend",NA,NA,NA,0.475929354500564,NA,NA,NA,NA
"Idaho","linear_increase_sd","Past",2020-07-10,"mobility_trend",NA,NA,NA,1,NA,NA,NA,NA
"Idaho","return_normal","Past",2020-07-10,"mobility_trend",NA,NA,NA,1,NA,NA,NA,NA
"Idaho","status_quo","Past",2020-07-10,"mobility_trend",NA,NA,NA,1,NA,NA,NA,NA
"Idaho",NA,"Past",2020-07-11,"actual_cumulative_cases",NA,NA,NA,9928,NA,NA,NA,NA
"Idaho",NA,"Past",2020-07-11,"actual_cumulative_deaths",NA,NA,NA,102,NA,NA,NA,NA
"Idaho",NA,"Past",2020-07-11,"actual_daily_cases",NA,NA,NA,500,NA,NA,NA,NA
"Idaho",NA,"Past",2020-07-11,"actual_daily_deaths",NA,NA,NA,1,NA,NA,NA,NA
"Idaho","linear_increase_sd","Past",2020-07-11,"combined_trend",NA,NA,NA,0.464353662456339,NA,NA,NA,NA
"Idaho","return_normal","Past",2020-07-11,"combined_trend",NA,NA,NA,0.464353662456339,NA,NA,NA,NA
"Idaho","status_quo","Past",2020-07-11,"combined_trend",NA,NA,NA,0.464353662456339,NA,NA,NA,NA
"Idaho","linear_increase_sd","Past",2020-07-11,"cumulative_all_infections",42405,42405,42405,42405,42405,42405,42405,42405
"Idaho","return_normal","Past",2020-07-11,"cumulative_all_infections",42405,42405,42405,42405,42405,42405,42405,42405
"Idaho","status_quo","Past",2020-07-11,"cumulative_all_infections",42405,42405,42405,42405,42405,42405,42405,42405
"Idaho","linear_increase_sd","Past",2020-07-11,"cumulative_cases",10195,10195,10195,10195,10195,10195,10195,10195
"Idaho","return_normal","Past",2020-07-11,"cumulative_cases",10195,10195,10195,10195,10195,10195,10195,10195
"Idaho","status_quo","Past",2020-07-11,"cumulative_cases",10195,10195,10195,10195,10195,10195,10195,10195
"Idaho","linear_increase_sd","Past",2020-07-11,"cumulative_deaths",262,262,262,262,262,262,262,262
"Idaho","return_normal","Past",2020-07-11,"cumulative_deaths",262,262,262,262,262,262,262,262
"Idaho","status_quo","Past",2020-07-11,"cumulative_deaths",262,262,262,262,262,262,262,262
"Idaho","linear_increase_sd","Past",2020-07-11,"cumulative_hosps",998,998,998,998,998,998,998,998
"Idaho","return_normal","Past",2020-07-11,"cumulative_hosps",998,998,998,998,998,998,998,998
"Idaho","status_quo","Past",2020-07-11,"cumulative_hosps",998,998,998,998,998,998,998,998
"Idaho","linear_increase_sd","Past",2020-07-11,"daily_all_infections",1635,1635,1635,1635,1635,1635,1635,1635
"Idaho","return_normal","Past",2020-07-11,"daily_all_infections",1635,1635,1635,1635,1635,1635,1635,1635
"Idaho","status_quo","Past",2020-07-11,"daily_all_infections",1635,1635,1635,1635,1635,1635,1635,1635
"Idaho","linear_increase_sd","Past",2020-07-11,"daily_cases",437,437,437,437,437,437,437,437
"Idaho","return_normal","Past",2020-07-11,"daily_cases",437,437,437,437,437,437,437,437
"Idaho","status_quo","Past",2020-07-11,"daily_cases",437,437,437,437,437,437,437,437
"Idaho","linear_increase_sd","Past",2020-07-11,"daily_deaths",6,6,6,6,6,6,6,6
"Idaho","return_normal","Past",2020-07-11,"daily_deaths",6,6,6,6,6,6,6,6
"Idaho","status_quo","Past",2020-07-11,"daily_deaths",6,6,6,6,6,6,6,6
"Idaho","linear_increase_sd","Past",2020-07-11,"daily_hosps",41,41,41,41,41,41,41,41
"Idaho","return_normal","Past",2020-07-11,"daily_hosps",41,41,41,41,41,41,41,41
"Idaho","status_quo","Past",2020-07-11,"daily_hosps",41,41,41,41,41,41,41,41
"Idaho","linear_increase_sd","Past",2020-07-11,"latent_trend",NA,NA,NA,0.464353662456339,NA,NA,NA,NA
"Idaho","return_normal","Past",2020-07-11,"latent_trend",NA,NA,NA,0.464353662456339,NA,NA,NA,NA
"Idaho","status_quo","Past",2020-07-11,"latent_trend",NA,NA,NA,0.464353662456339,NA,NA,NA,NA
"Idaho","linear_increase_sd","Past",2020-07-11,"mobility_trend",NA,NA,NA,1,NA,NA,NA,NA
"Idaho","return_normal","Past",2020-07-11,"mobility_trend",NA,NA,NA,1,NA,NA,NA,NA
"Idaho","status_quo","Past",2020-07-11,"mobility_trend",NA,NA,NA,1,NA,NA,NA,NA
"Idaho",NA,"Past",2020-07-12,"actual_cumulative_cases",NA,NA,NA,10505,NA,NA,NA,NA
"Idaho",NA,"Past",2020-07-12,"actual_cumulative_deaths",NA,NA,NA,103,NA,NA,NA,NA
"Idaho",NA,"Past",2020-07-12,"actual_daily_cases",NA,NA,NA,577,NA,NA,NA,NA
"Idaho",NA,"Past",2020-07-12,"actual_daily_deaths",NA,NA,NA,1,NA,NA,NA,NA
"Idaho","linear_increase_sd","Past",2020-07-12,"combined_trend",NA,NA,NA,0.452737115809886,NA,NA,NA,NA
"Idaho","return_normal","Past",2020-07-12,"combined_trend",NA,NA,NA,0.452737115809886,NA,NA,NA,NA
"Idaho","status_quo","Past",2020-07-12,"combined_trend",NA,NA,NA,0.452737115809886,NA,NA,NA,NA
"Idaho","linear_increase_sd","Past",2020-07-12,"cumulative_all_infections",44078,44078,44078,44078,44078,44078,44078,44078
"Idaho","return_normal","Past",2020-07-12,"cumulative_all_infections",44078,44078,44078,44078,44078,44078,44078,44078
"Idaho","status_quo","Past",2020-07-12,"cumulative_all_infections",44078,44078,44078,44078,44078,44078,44078,44078
"Idaho","linear_increase_sd","Past",2020-07-12,"cumulative_cases",10638,10638,10638,10638,10638,10638,10638,10638
"Idaho","return_normal","Past",2020-07-12,"cumulative_cases",10638,10638,10638,10638,10638,10638,10638,10638
"Idaho","status_quo","Past",2020-07-12,"cumulative_cases",10638,10638,10638,10638,10638,10638,10638,10638
"Idaho","linear_increase_sd","Past",2020-07-12,"cumulative_deaths",268,268,268,268,268,268,268,268
"Idaho","return_normal","Past",2020-07-12,"cumulative_deaths",268,268,268,268,268,268,268,268
"Idaho","status_quo","Past",2020-07-12,"cumulative_deaths",268,268,268,268,268,268,268,268
"Idaho","linear_increase_sd","Past",2020-07-12,"cumulative_hosps",1042,1042,1042,1042,1042,1042,1042,1042
"Idaho","return_normal","Past",2020-07-12,"cumulative_hosps",1042,1042,1042,1042,1042,1042,1042,1042
"Idaho","status_quo","Past",2020-07-12,"cumulative_hosps",1042,1042,1042,1042,1042,1042,1042,1042
"Idaho","linear_increase_sd","Past",2020-07-12,"daily_all_infections",1673,1673,1673,1673,1673,1673,1673,1673
"Idaho","return_normal","Past",2020-07-12,"daily_all_infections",1673,1673,1673,1673,1673,1673,1673,1673
"Idaho","status_quo","Past",2020-07-12,"daily_all_infections",1673,1673,1673,1673,1673,1673,1673,1673
"Idaho","linear_increase_sd","Past",2020-07-12,"daily_cases",443,443,443,443,443,443,443,443
"Idaho","return_normal","Past",2020-07-12,"daily_cases",443,443,443,443,443,443,443,443
"Idaho","status_quo","Past",2020-07-12,"daily_cases",443,443,443,443,443,443,443,443
"Idaho","linear_increase_sd","Past",2020-07-12,"daily_deaths",6,6,6,6,6,6,6,6
"Idaho","return_normal","Past",2020-07-12,"daily_deaths",6,6,6,6,6,6,6,6
"Idaho","status_quo","Past",2020-07-12,"daily_deaths",6,6,6,6,6,6,6,6
"Idaho","linear_increase_sd","Past",2020-07-12,"daily_hosps",44,44,44,44,44,44,44,44
"Idaho","return_normal","Past",2020-07-12,"daily_hosps",44,44,44,44,44,44,44,44
"Idaho","status_quo","Past",2020-07-12,"daily_hosps",44,44,44,44,44,44,44,44
"Idaho","linear_increase_sd","Past",2020-07-12,"latent_trend",NA,NA,NA,0.452737115809886,NA,NA,NA,NA
"Idaho","return_normal","Past",2020-07-12,"latent_trend",NA,NA,NA,0.452737115809886,NA,NA,NA,NA
"Idaho","status_quo","Past",2020-07-12,"latent_trend",NA,NA,NA,0.452737115809886,NA,NA,NA,NA
"Idaho","linear_increase_sd","Past",2020-07-12,"mobility_trend",NA,NA,NA,1,NA,NA,NA,NA
"Idaho","return_normal","Past",2020-07-12,"mobility_trend",NA,NA,NA,1,NA,NA,NA,NA
"Idaho","status_quo","Past",2020-07-12,"mobility_trend",NA,NA,NA,1,NA,NA,NA,NA
"Idaho",NA,"Past",2020-07-13,"actual_cumulative_cases",NA,NA,NA,10902,NA,NA,NA,NA
"Idaho",NA,"Past",2020-07-13,"actual_cumulative_deaths",NA,NA,NA,103,NA,NA,NA,NA
"Idaho",NA,"Past",2020-07-13,"actual_daily_cases",NA,NA,NA,397,NA,NA,NA,NA
"Idaho",NA,"Past",2020-07-13,"actual_daily_deaths",NA,NA,NA,0,NA,NA,NA,NA
"Idaho","linear_increase_sd","Past",2020-07-13,"combined_trend",NA,NA,NA,0.441170402850925,NA,NA,NA,NA
"Idaho","return_normal","Past",2020-07-13,"combined_trend",NA,NA,NA,0.441170402850925,NA,NA,NA,NA
"Idaho","status_quo","Past",2020-07-13,"combined_trend",NA,NA,NA,0.441170402850925,NA,NA,NA,NA
"Idaho","linear_increase_sd","Past",2020-07-13,"cumulative_all_infections",45776,45776,45776,45776,45776,45776,45776,45776
"Idaho","return_normal","Past",2020-07-13,"cumulative_all_infections",45776,45776,45776,45776,45776,45776,45776,45776
"Idaho","status_quo","Past",2020-07-13,"cumulative_all_infections",45776,45776,45776,45776,45776,45776,45776,45776
"Idaho","linear_increase_sd","Past",2020-07-13,"cumulative_cases",11227,11227,11227,11227,11227,11227,11227,11227
"Idaho","return_normal","Past",2020-07-13,"cumulative_cases",11227,11227,11227,11227,11227,11227,11227,11227
"Idaho","status_quo","Past",2020-07-13,"cumulative_cases",11227,11227,11227,11227,11227,11227,11227,11227
"Idaho","linear_increase_sd","Past",2020-07-13,"cumulative_deaths",274,274,274,274,274,274,274,274
"Idaho","return_normal","Past",2020-07-13,"cumulative_deaths",274,274,274,274,274,274,274,274
"Idaho","status_quo","Past",2020-07-13,"cumulative_deaths",274,274,274,274,274,274,274,274
"Idaho","linear_increase_sd","Past",2020-07-13,"cumulative_hosps",1090,1090,1090,1090,1090,1090,1090,1090
"Idaho","return_normal","Past",2020-07-13,"cumulative_hosps",1090,1090,1090,1090,1090,1090,1090,1090
"Idaho","status_quo","Past",2020-07-13,"cumulative_hosps",1090,1090,1090,1090,1090,1090,1090,1090
"Idaho","linear_increase_sd","Past",2020-07-13,"daily_all_infections",1698,1698,1698,1698,1698,1698,1698,1698
"Idaho","return_normal","Past",2020-07-13,"daily_all_infections",1698,1698,1698,1698,1698,1698,1698,1698
"Idaho","status_quo","Past",2020-07-13,"daily_all_infections",1698,1698,1698,1698,1698,1698,1698,1698
"Idaho","linear_increase_sd","Past",2020-07-13,"daily_cases",589,589,589,589,589,589,589,589
"Idaho","return_normal","Past",2020-07-13,"daily_cases",589,589,589,589,589,589,589,589
"Idaho","status_quo","Past",2020-07-13,"daily_cases",589,589,589,589,589,589,589,589
"Idaho","linear_increase_sd","Past",2020-07-13,"daily_deaths",6,6,6,6,6,6,6,6
"Idaho","return_normal","Past",2020-07-13,"daily_deaths",6,6,6,6,6,6,6,6
"Idaho","status_quo","Past",2020-07-13,"daily_deaths",6,6,6,6,6,6,6,6
"Idaho","linear_increase_sd","Past",2020-07-13,"daily_hosps",48,48,48,48,48,48,48,48
"Idaho","return_normal","Past",2020-07-13,"daily_hosps",48,48,48,48,48,48,48,48
"Idaho","status_quo","Past",2020-07-13,"daily_hosps",48,48,48,48,48,48,48,48
"Idaho","linear_increase_sd","Past",2020-07-13,"latent_trend",NA,NA,NA,0.441170402850925,NA,NA,NA,NA
"Idaho","return_normal","Past",2020-07-13,"latent_trend",NA,NA,NA,0.441170402850925,NA,NA,NA,NA
"Idaho","status_quo","Past",2020-07-13,"latent_trend",NA,NA,NA,0.441170402850925,NA,NA,NA,NA
"Idaho","linear_increase_sd","Past",2020-07-13,"mobility_trend",NA,NA,NA,1,NA,NA,NA,NA
"Idaho","return_normal","Past",2020-07-13,"mobility_trend",NA,NA,NA,1,NA,NA,NA,NA
"Idaho","status_quo","Past",2020-07-13,"mobility_trend",NA,NA,NA,1,NA,NA,NA,NA
"Idaho",NA,"Past",2020-07-14,"actual_cumulative_cases",NA,NA,NA,11402,NA,NA,NA,NA
"Idaho",NA,"Past",2020-07-14,"actual_cumulative_deaths",NA,NA,NA,103,NA,NA,NA,NA
"Idaho",NA,"Past",2020-07-14,"actual_daily_cases",NA,NA,NA,500,NA,NA,NA,NA
"Idaho",NA,"Past",2020-07-14,"actual_daily_deaths",NA,NA,NA,0,NA,NA,NA,NA
"Idaho","linear_increase_sd","Past",2020-07-14,"combined_trend",NA,NA,NA,0.429742631139613,NA,NA,NA,NA
"Idaho","return_normal","Past",2020-07-14,"combined_trend",NA,NA,NA,0.429742631139613,NA,NA,NA,NA
"Idaho","status_quo","Past",2020-07-14,"combined_trend",NA,NA,NA,0.429742631139613,NA,NA,NA,NA
"Idaho","linear_increase_sd","Past",2020-07-14,"cumulative_all_infections",47497,47497,47497,47497,47497,47497,47497,47497
"Idaho","return_normal","Past",2020-07-14,"cumulative_all_infections",47497,47497,47497,47497,47497,47497,47497,47497
"Idaho","status_quo","Past",2020-07-14,"cumulative_all_infections",47497,47497,47497,47497,47497,47497,47497,47497
"Idaho","linear_increase_sd","Past",2020-07-14,"cumulative_cases",11702,11702,11702,11702,11702,11702,11702,11702
"Idaho","return_normal","Past",2020-07-14,"cumulative_cases",11702,11702,11702,11702,11702,11702,11702,11702
"Idaho","status_quo","Past",2020-07-14,"cumulative_cases",11702,11702,11702,11702,11702,11702,11702,11702
"Idaho","linear_increase_sd","Past",2020-07-14,"cumulative_deaths",280,280,280,280,280,280,280,280
"Idaho","return_normal","Past",2020-07-14,"cumulative_deaths",280,280,280,280,280,280,280,280
"Idaho","status_quo","Past",2020-07-14,"cumulative_deaths",280,280,280,280,280,280,280,280
"Idaho","linear_increase_sd","Past",2020-07-14,"cumulative_hosps",1139,1139,1139,1139,1139,1139,1139,1139
"Idaho","return_normal","Past",2020-07-14,"cumulative_hosps",1139,1139,1139,1139,1139,1139,1139,1139
"Idaho","status_quo","Past",2020-07-14,"cumulative_hosps",1139,1139,1139,1139,1139,1139,1139,1139
"Idaho","linear_increase_sd","Past",2020-07-14,"daily_all_infections",1721,1721,1721,1721,1721,1721,1721,1721
"Idaho","return_normal","Past",2020-07-14,"daily_all_infections",1721,1721,1721,1721,1721,1721,1721,1721
"Idaho","status_quo","Past",2020-07-14,"daily_all_infections",1721,1721,1721,1721,1721,1721,1721,1721
"Idaho","linear_increase_sd","Past",2020-07-14,"daily_cases",475,475,475,475,475,475,475,475
"Idaho","return_normal","Past",2020-07-14,"daily_cases",475,475,475,475,475,475,475,475
"Idaho","status_quo","Past",2020-07-14,"daily_cases",475,475,475,475,475,475,475,475
"Idaho","linear_increase_sd","Past",2020-07-14,"daily_deaths",6,6,6,6,6,6,6,6
"Idaho","return_normal","Past",2020-07-14,"daily_deaths",6,6,6,6,6,6,6,6
"Idaho","status_quo","Past",2020-07-14,"daily_deaths",6,6,6,6,6,6,6,6
"Idaho","linear_increase_sd","Past",2020-07-14,"daily_hosps",49,49,49,49,49,49,49,49
"Idaho","return_normal","Past",2020-07-14,"daily_hosps",49,49,49,49,49,49,49,49
"Idaho","status_quo","Past",2020-07-14,"daily_hosps",49,49,49,49,49,49,49,49
"Idaho","linear_increase_sd","Past",2020-07-14,"latent_trend",NA,NA,NA,0.429742631139613,NA,NA,NA,NA
"Idaho","return_normal","Past",2020-07-14,"latent_trend",NA,NA,NA,0.429742631139613,NA,NA,NA,NA
"Idaho","status_quo","Past",2020-07-14,"latent_trend",NA,NA,NA,0.429742631139613,NA,NA,NA,NA
"Idaho","linear_increase_sd","Past",2020-07-14,"mobility_trend",NA,NA,NA,1,NA,NA,NA,NA
"Idaho","return_normal","Past",2020-07-14,"mobility_trend",NA,NA,NA,1,NA,NA,NA,NA
"Idaho","status_quo","Past",2020-07-14,"mobility_trend",NA,NA,NA,1,NA,NA,NA,NA
"Idaho",NA,"Past",2020-07-15,"actual_cumulative_cases",NA,NA,NA,11718,NA,NA,NA,NA
"Idaho",NA,"Past",2020-07-15,"actual_cumulative_deaths",NA,NA,NA,104,NA,NA,NA,NA
"Idaho",NA,"Past",2020-07-15,"actual_daily_cases",NA,NA,NA,316,NA,NA,NA,NA
"Idaho",NA,"Past",2020-07-15,"actual_daily_deaths",NA,NA,NA,1,NA,NA,NA,NA
"Idaho","linear_increase_sd","Past",2020-07-15,"combined_trend",NA,NA,NA,0.418540488575752,NA,NA,NA,NA
"Idaho","return_normal","Past",2020-07-15,"combined_trend",NA,NA,NA,0.418540488575752,NA,NA,NA,NA
"Idaho","status_quo","Past",2020-07-15,"combined_trend",NA,NA,NA,0.418540488575752,NA,NA,NA,NA
"Idaho","linear_increase_sd","Past",2020-07-15,"cumulative_all_infections",49222,49222,49222,49222,49222,49222,49222,49222
"Idaho","return_normal","Past",2020-07-15,"cumulative_all_infections",49222,49222,49222,49222,49222,49222,49222,49222
"Idaho","status_quo","Past",2020-07-15,"cumulative_all_infections",49222,49222,49222,49222,49222,49222,49222,49222
"Idaho","linear_increase_sd","Past",2020-07-15,"cumulative_cases",12253,12253,12253,12253,12253,12253,12253,12253
"Idaho","return_normal","Past",2020-07-15,"cumulative_cases",12253,12253,12253,12253,12253,12253,12253,12253
"Idaho","status_quo","Past",2020-07-15,"cumulative_cases",12253,12253,12253,12253,12253,12253,12253,12253
"Idaho","linear_increase_sd","Past",2020-07-15,"cumulative_deaths",286,286,286,286,286,286,286,286
"Idaho","return_normal","Past",2020-07-15,"cumulative_deaths",286,286,286,286,286,286,286,286
"Idaho","status_quo","Past",2020-07-15,"cumulative_deaths",286,286,286,286,286,286,286,286
"Idaho","linear_increase_sd","Past",2020-07-15,"cumulative_hosps",1189,1189,1189,1189,1189,1189,1189,1189
"Idaho","return_normal","Past",2020-07-15,"cumulative_hosps",1189,1189,1189,1189,1189,1189,1189,1189
"Idaho","status_quo","Past",2020-07-15,"cumulative_hosps",1189,1189,1189,1189,1189,1189,1189,1189
"Idaho","linear_increase_sd","Past",2020-07-15,"daily_all_infections",1725,1725,1725,1725,1725,1725,1725,1725
"Idaho","return_normal","Past",2020-07-15,"daily_all_infections",1725,1725,1725,1725,1725,1725,1725,1725
"Idaho","status_quo","Past",2020-07-15,"daily_all_infections",1725,1725,1725,1725,1725,1725,1725,1725
"Idaho","linear_increase_sd","Past",2020-07-15,"daily_cases",551,551,551,551,551,551,551,551
"Idaho","return_normal","Past",2020-07-15,"daily_cases",551,551,551,551,551,551,551,551
"Idaho","status_quo","Past",2020-07-15,"daily_cases",551,551,551,551,551,551,551,551
"Idaho","linear_increase_sd","Past",2020-07-15,"daily_deaths",6,6,6,6,6,6,6,6
"Idaho","return_normal","Past",2020-07-15,"daily_deaths",6,6,6,6,6,6,6,6
"Idaho","status_quo","Past",2020-07-15,"daily_deaths",6,6,6,6,6,6,6,6
"Idaho","linear_increase_sd","Past",2020-07-15,"daily_hosps",50,50,50,50,50,50,50,50
"Idaho","return_normal","Past",2020-07-15,"daily_hosps",50,50,50,50,50,50,50,50
"Idaho","status_quo","Past",2020-07-15,"daily_hosps",50,50,50,50,50,50,50,50
"Idaho","linear_increase_sd","Past",2020-07-15,"latent_trend",NA,NA,NA,0.418540488575752,NA,NA,NA,NA
"Idaho","return_normal","Past",2020-07-15,"latent_trend",NA,NA,NA,0.418540488575752,NA,NA,NA,NA
"Idaho","status_quo","Past",2020-07-15,"latent_trend",NA,NA,NA,0.418540488575752,NA,NA,NA,NA
"Idaho","linear_increase_sd","Past",2020-07-15,"mobility_trend",NA,NA,NA,1,NA,NA,NA,NA
"Idaho","return_normal","Past",2020-07-15,"mobility_trend",NA,NA,NA,1,NA,NA,NA,NA
"Idaho","status_quo","Past",2020-07-15,"mobility_trend",NA,NA,NA,1,NA,NA,NA,NA
"Idaho",NA,"Past",2020-07-16,"actual_cumulative_cases",NA,NA,NA,12445,NA,NA,NA,NA
"Idaho",NA,"Past",2020-07-16,"actual_cumulative_deaths",NA,NA,NA,111,NA,NA,NA,NA
"Idaho",NA,"Past",2020-07-16,"actual_daily_cases",NA,NA,NA,727,NA,NA,NA,NA
"Idaho",NA,"Past",2020-07-16,"actual_daily_deaths",NA,NA,NA,7,NA,NA,NA,NA
"Idaho","linear_increase_sd","Past",2020-07-16,"combined_trend",NA,NA,NA,0.407647506325757,NA,NA,NA,NA
"Idaho","return_normal","Past",2020-07-16,"combined_trend",NA,NA,NA,0.407647506325757,NA,NA,NA,NA
"Idaho","status_quo","Past",2020-07-16,"combined_trend",NA,NA,NA,0.407647506325757,NA,NA,NA,NA
"Idaho","linear_increase_sd","Past",2020-07-16,"cumulative_all_infections",50951,50951,50951,50951,50951,50951,50951,50951
"Idaho","return_normal","Past",2020-07-16,"cumulative_all_infections",50951,50951,50951,50951,50951,50951,50951,50951
"Idaho","status_quo","Past",2020-07-16,"cumulative_all_infections",50951,50951,50951,50951,50951,50951,50951,50951
"Idaho","linear_increase_sd","Past",2020-07-16,"cumulative_cases",12801,12801,12801,12801,12801,12801,12801,12801
"Idaho","return_normal","Past",2020-07-16,"cumulative_cases",12801,12801,12801,12801,12801,12801,12801,12801
"Idaho","status_quo","Past",2020-07-16,"cumulative_cases",12801,12801,12801,12801,12801,12801,12801,12801
"Idaho","linear_increase_sd","Past",2020-07-16,"cumulative_deaths",294,294,294,294,294,294,294,294
"Idaho","return_normal","Past",2020-07-16,"cumulative_deaths",294,294,294,294,294,294,294,294
"Idaho","status_quo","Past",2020-07-16,"cumulative_deaths",294,294,294,294,294,294,294,294
"Idaho","linear_increase_sd","Past",2020-07-16,"cumulative_hosps",1243,1243,1243,1243,1243,1243,1243,1243
"Idaho","return_normal","Past",2020-07-16,"cumulative_hosps",1243,1243,1243,1243,1243,1243,1243,1243
"Idaho","status_quo","Past",2020-07-16,"cumulative_hosps",1243,1243,1243,1243,1243,1243,1243,1243
"Idaho","linear_increase_sd","Past",2020-07-16,"daily_all_infections",1729,1729,1729,1729,1729,1729,1729,1729
"Idaho","return_normal","Past",2020-07-16,"daily_all_infections",1729,1729,1729,1729,1729,1729,1729,1729
"Idaho","status_quo","Past",2020-07-16,"daily_all_infections",1729,1729,1729,1729,1729,1729,1729,1729
"Idaho","linear_increase_sd","Past",2020-07-16,"daily_cases",548,548,548,548,548,548,548,548
"Idaho","return_normal","Past",2020-07-16,"daily_cases",548,548,548,548,548,548,548,548
"Idaho","status_quo","Past",2020-07-16,"daily_cases",548,548,548,548,548,548,548,548
"Idaho","linear_increase_sd","Past",2020-07-16,"daily_deaths",8,8,8,8,8,8,8,8
"Idaho","return_normal","Past",2020-07-16,"daily_deaths",8,8,8,8,8,8,8,8
"Idaho","status_quo","Past",2020-07-16,"daily_deaths",8,8,8,8,8,8,8,8
"Idaho","linear_increase_sd","Past",2020-07-16,"daily_hosps",54,54,54,54,54,54,54,54
"Idaho","return_normal","Past",2020-07-16,"daily_hosps",54,54,54,54,54,54,54,54
"Idaho","status_quo","Past",2020-07-16,"daily_hosps",54,54,54,54,54,54,54,54
"Idaho","linear_increase_sd","Past",2020-07-16,"latent_trend",NA,NA,NA,0.407647506325757,NA,NA,NA,NA
"Idaho","return_normal","Past",2020-07-16,"latent_trend",NA,NA,NA,0.407647506325757,NA,NA,NA,NA
"Idaho","status_quo","Past",2020-07-16,"latent_trend",NA,NA,NA,0.407647506325757,NA,NA,NA,NA
"Idaho","linear_increase_sd","Past",2020-07-16,"mobility_trend",NA,NA,NA,1,NA,NA,NA,NA
"Idaho","return_normal","Past",2020-07-16,"mobility_trend",NA,NA,NA,1,NA,NA,NA,NA
"Idaho","status_quo","Past",2020-07-16,"mobility_trend",NA,NA,NA,1,NA,NA,NA,NA
"Idaho",NA,"Past",2020-07-17,"actual_cumulative_cases",NA,NA,NA,13133,NA,NA,NA,NA
"Idaho",NA,"Past",2020-07-17,"actual_cumulative_deaths",NA,NA,NA,115,NA,NA,NA,NA
"Idaho",NA,"Past",2020-07-17,"actual_daily_cases",NA,NA,NA,688,NA,NA,NA,NA
"Idaho",NA,"Past",2020-07-17,"actual_daily_deaths",NA,NA,NA,4,NA,NA,NA,NA
"Idaho","linear_increase_sd","Past",2020-07-17,"combined_trend",NA,NA,NA,0.397143465842385,NA,NA,NA,NA
"Idaho","return_normal","Past",2020-07-17,"combined_trend",NA,NA,NA,0.397143465842385,NA,NA,NA,NA
"Idaho","status_quo","Past",2020-07-17,"combined_trend",NA,NA,NA,0.397143465842385,NA,NA,NA,NA
"Idaho","linear_increase_sd","Past",2020-07-17,"cumulative_all_infections",52686,52686,52686,52686,52686,52686,52686,52686
"Idaho","return_normal","Past",2020-07-17,"cumulative_all_infections",52686,52686,52686,52686,52686,52686,52686,52686
"Idaho","status_quo","Past",2020-07-17,"cumulative_all_infections",52686,52686,52686,52686,52686,52686,52686,52686
"Idaho","linear_increase_sd","Past",2020-07-17,"cumulative_cases",13338,13338,13338,13338,13338,13338,13338,13338
"Idaho","return_normal","Past",2020-07-17,"cumulative_cases",13338,13338,13338,13338,13338,13338,13338,13338
"Idaho","status_quo","Past",2020-07-17,"cumulative_cases",13338,13338,13338,13338,13338,13338,13338,13338
"Idaho","linear_increase_sd","Past",2020-07-17,"cumulative_deaths",301,301,301,301,301,301,301,301
"Idaho","return_normal","Past",2020-07-17,"cumulative_deaths",301,301,301,301,301,301,301,301
"Idaho","status_quo","Past",2020-07-17,"cumulative_deaths",301,301,301,301,301,301,301,301
"Idaho","linear_increase_sd","Past",2020-07-17,"cumulative_hosps",1300,1300,1300,1300,1300,1300,1300,1300
"Idaho","return_normal","Past",2020-07-17,"cumulative_hosps",1300,1300,1300,1300,1300,1300,1300,1300
"Idaho","status_quo","Past",2020-07-17,"cumulative_hosps",1300,1300,1300,1300,1300,1300,1300,1300
"Idaho","linear_increase_sd","Past",2020-07-17,"daily_all_infections",1735,1735,1735,1735,1735,1735,1735,1735
"Idaho","return_normal","Past",2020-07-17,"daily_all_infections",1735,1735,1735,1735,1735,1735,1735,1735
"Idaho","status_quo","Past",2020-07-17,"daily_all_infections",1735,1735,1735,1735,1735,1735,1735,1735
"Idaho","linear_increase_sd","Past",2020-07-17,"daily_cases",537,537,537,537,537,537,537,537
"Idaho","return_normal","Past",2020-07-17,"daily_cases",537,537,537,537,537,537,537,537
"Idaho","status_quo","Past",2020-07-17,"daily_cases",537,537,537,537,537,537,537,537
"Idaho","linear_increase_sd","Past",2020-07-17,"daily_deaths",7,7,7,7,7,7,7,7
"Idaho","return_normal","Past",2020-07-17,"daily_deaths",7,7,7,7,7,7,7,7
"Idaho","status_quo","Past",2020-07-17,"daily_deaths",7,7,7,7,7,7,7,7
"Idaho","linear_increase_sd","Past",2020-07-17,"daily_hosps",57,57,57,57,57,57,57,57
"Idaho","return_normal","Past",2020-07-17,"daily_hosps",57,57,57,57,57,57,57,57
"Idaho","status_quo","Past",2020-07-17,"daily_hosps",57,57,57,57,57,57,57,57
"Idaho","linear_increase_sd","Past",2020-07-17,"latent_trend",NA,NA,NA,0.397143465842385,NA,NA,NA,NA
"Idaho","return_normal","Past",2020-07-17,"latent_trend",NA,NA,NA,0.397143465842385,NA,NA,NA,NA
"Idaho","status_quo","Past",2020-07-17,"latent_trend",NA,NA,NA,0.397143465842385,NA,NA,NA,NA
"Idaho","linear_increase_sd","Past",2020-07-17,"mobility_trend",NA,NA,NA,1,NA,NA,NA,NA
"Idaho","return_normal","Past",2020-07-17,"mobility_trend",NA,NA,NA,1,NA,NA,NA,NA
"Idaho","status_quo","Past",2020-07-17,"mobility_trend",NA,NA,NA,1,NA,NA,NA,NA
"Idaho",NA,"Past",2020-07-18,"actual_cumulative_cases",NA,NA,NA,13752,NA,NA,NA,NA
"Idaho",NA,"Past",2020-07-18,"actual_cumulative_deaths",NA,NA,NA,119,NA,NA,NA,NA
"Idaho",NA,"Past",2020-07-18,"actual_daily_cases",NA,NA,NA,619,NA,NA,NA,NA
"Idaho",NA,"Past",2020-07-18,"actual_daily_deaths",NA,NA,NA,4,NA,NA,NA,NA
"Idaho","linear_increase_sd","Past",2020-07-18,"combined_trend",NA,NA,NA,0.387103983621411,NA,NA,NA,NA
"Idaho","return_normal","Past",2020-07-18,"combined_trend",NA,NA,NA,0.387103983621411,NA,NA,NA,NA
"Idaho","status_quo","Past",2020-07-18,"combined_trend",NA,NA,NA,0.387103983621411,NA,NA,NA,NA
"Idaho","linear_increase_sd","Past",2020-07-18,"cumulative_all_infections",54410,54410,54410,54410,54410,54410,54410,54410
"Idaho","return_normal","Past",2020-07-18,"cumulative_all_infections",54410,54410,54410,54410,54410,54410,54410,54410
"Idaho","status_quo","Past",2020-07-18,"cumulative_all_infections",54410,54410,54410,54410,54410,54410,54410,54410
"Idaho","linear_increase_sd","Past",2020-07-18,"cumulative_cases",13920,13920,13920,13920,13920,13920,13920,13920
"Idaho","return_normal","Past",2020-07-18,"cumulative_cases",13920,13920,13920,13920,13920,13920,13920,13920
"Idaho","status_quo","Past",2020-07-18,"cumulative_cases",13920,13920,13920,13920,13920,13920,13920,13920
"Idaho","linear_increase_sd","Past",2020-07-18,"cumulative_deaths",308,308,308,308,308,308,308,308
"Idaho","return_normal","Past",2020-07-18,"cumulative_deaths",308,308,308,308,308,308,308,308
"Idaho","status_quo","Past",2020-07-18,"cumulative_deaths",308,308,308,308,308,308,308,308
"Idaho","linear_increase_sd","Past",2020-07-18,"cumulative_hosps",1358,1358,1358,1358,1358,1358,1358,1358
"Idaho","return_normal","Past",2020-07-18,"cumulative_hosps",1358,1358,1358,1358,1358,1358,1358,1358
"Idaho","status_quo","Past",2020-07-18,"cumulative_hosps",1358,1358,1358,1358,1358,1358,1358,1358
"Idaho","linear_increase_sd","Past",2020-07-18,"daily_all_infections",1724,1724,1724,1724,1724,1724,1724,1724
"Idaho","return_normal","Past",2020-07-18,"daily_all_infections",1724,1724,1724,1724,1724,1724,1724,1724
"Idaho","status_quo","Past",2020-07-18,"daily_all_infections",1724,1724,1724,1724,1724,1724,1724,1724
"Idaho","linear_increase_sd","Past",2020-07-18,"daily_cases",582,582,582,582,582,582,582,582
"Idaho","return_normal","Past",2020-07-18,"daily_cases",582,582,582,582,582,582,582,582
"Idaho","status_quo","Past",2020-07-18,"daily_cases",582,582,582,582,582,582,582,582
"Idaho","linear_increase_sd","Past",2020-07-18,"daily_deaths",7,7,7,7,7,7,7,7
"Idaho","return_normal","Past",2020-07-18,"daily_deaths",7,7,7,7,7,7,7,7
"Idaho","status_quo","Past",2020-07-18,"daily_deaths",7,7,7,7,7,7,7,7
"Idaho","linear_increase_sd","Past",2020-07-18,"daily_hosps",58,58,58,58,58,58,58,58
"Idaho","return_normal","Past",2020-07-18,"daily_hosps",58,58,58,58,58,58,58,58
"Idaho","status_quo","Past",2020-07-18,"daily_hosps",58,58,58,58,58,58,58,58
"Idaho","linear_increase_sd","Past",2020-07-18,"latent_trend",NA,NA,NA,0.387103983621411,NA,NA,NA,NA
"Idaho","return_normal","Past",2020-07-18,"latent_trend",NA,NA,NA,0.387103983621411,NA,NA,NA,NA
"Idaho","status_quo","Past",2020-07-18,"latent_trend",NA,NA,NA,0.387103983621411,NA,NA,NA,NA
"Idaho","linear_increase_sd","Past",2020-07-18,"mobility_trend",NA,NA,NA,1,NA,NA,NA,NA
"Idaho","return_normal","Past",2020-07-18,"mobility_trend",NA,NA,NA,1,NA,NA,NA,NA
"Idaho","status_quo","Past",2020-07-18,"mobility_trend",NA,NA,NA,1,NA,NA,NA,NA
"Idaho",NA,"Past",2020-07-19,"actual_cumulative_cases",NA,NA,NA,14302,NA,NA,NA,NA
"Idaho",NA,"Past",2020-07-19,"actual_cumulative_deaths",NA,NA,NA,120,NA,NA,NA,NA
"Idaho",NA,"Past",2020-07-19,"actual_daily_cases",NA,NA,NA,550,NA,NA,NA,NA
"Idaho",NA,"Past",2020-07-19,"actual_daily_deaths",NA,NA,NA,1,NA,NA,NA,NA
"Idaho","linear_increase_sd","Past",2020-07-19,"combined_trend",NA,NA,NA,0.377600297351947,NA,NA,NA,NA
"Idaho","return_normal","Past",2020-07-19,"combined_trend",NA,NA,NA,0.377600297351947,NA,NA,NA,NA
"Idaho","status_quo","Past",2020-07-19,"combined_trend",NA,NA,NA,0.377600297351947,NA,NA,NA,NA
"Idaho","linear_increase_sd","Past",2020-07-19,"cumulative_all_infections",56125,56125,56125,56125,56125,56125,56125,56125
"Idaho","return_normal","Past",2020-07-19,"cumulative_all_infections",56125,56125,56125,56125,56125,56125,56125,56125
"Idaho","status_quo","Past",2020-07-19,"cumulative_all_infections",56125,56125,56125,56125,56125,56125,56125,56125
"Idaho","linear_increase_sd","Past",2020-07-19,"cumulative_cases",14515,14515,14515,14515,14515,14515,14515,14515
"Idaho","return_normal","Past",2020-07-19,"cumulative_cases",14515,14515,14515,14515,14515,14515,14515,14515
"Idaho","status_quo","Past",2020-07-19,"cumulative_cases",14515,14515,14515,14515,14515,14515,14515,14515
"Idaho","linear_increase_sd","Past",2020-07-19,"cumulative_deaths",316,316,316,316,316,316,316,316
"Idaho","return_normal","Past",2020-07-19,"cumulative_deaths",316,316,316,316,316,316,316,316
"Idaho","status_quo","Past",2020-07-19,"cumulative_deaths",316,316,316,316,316,316,316,316
"Idaho","linear_increase_sd","Past",2020-07-19,"cumulative_hosps",1417,1417,1417,1417,1417,1417,1417,1417
"Idaho","return_normal","Past",2020-07-19,"cumulative_hosps",1417,1417,1417,1417,1417,1417,1417,1417
"Idaho","status_quo","Past",2020-07-19,"cumulative_hosps",1417,1417,1417,1417,1417,1417,1417,1417
"Idaho","linear_increase_sd","Past",2020-07-19,"daily_all_infections",1715,1715,1715,1715,1715,1715,1715,1715
"Idaho","return_normal","Past",2020-07-19,"daily_all_infections",1715,1715,1715,1715,1715,1715,1715,1715
"Idaho","status_quo","Past",2020-07-19,"daily_all_infections",1715,1715,1715,1715,1715,1715,1715,1715
"Idaho","linear_increase_sd","Past",2020-07-19,"daily_cases",595,595,595,595,595,595,595,595
"Idaho","return_normal","Past",2020-07-19,"daily_cases",595,595,595,595,595,595,595,595
"Idaho","status_quo","Past",2020-07-19,"daily_cases",595,595,595,595,595,595,595,595
"Idaho","linear_increase_sd","Past",2020-07-19,"daily_deaths",8,8,8,8,8,8,8,8
"Idaho","return_normal","Past",2020-07-19,"daily_deaths",8,8,8,8,8,8,8,8
"Idaho","status_quo","Past",2020-07-19,"daily_deaths",8,8,8,8,8,8,8,8
"Idaho","linear_increase_sd","Past",2020-07-19,"daily_hosps",59,59,59,59,59,59,59,59
"Idaho","return_normal","Past",2020-07-19,"daily_hosps",59,59,59,59,59,59,59,59
"Idaho","status_quo","Past",2020-07-19,"daily_hosps",59,59,59,59,59,59,59,59
"Idaho","linear_increase_sd","Past",2020-07-19,"latent_trend",NA,NA,NA,0.377600297351947,NA,NA,NA,NA
"Idaho","return_normal","Past",2020-07-19,"latent_trend",NA,NA,NA,0.377600297351947,NA,NA,NA,NA
"Idaho","status_quo","Past",2020-07-19,"latent_trend",NA,NA,NA,0.377600297351947,NA,NA,NA,NA
"Idaho","linear_increase_sd","Past",2020-07-19,"mobility_trend",NA,NA,NA,1,NA,NA,NA,NA
"Idaho","return_normal","Past",2020-07-19,"mobility_trend",NA,NA,NA,1,NA,NA,NA,NA
"Idaho","status_quo","Past",2020-07-19,"mobility_trend",NA,NA,NA,1,NA,NA,NA,NA
"Idaho",NA,"Past",2020-07-20,"actual_cumulative_cases",NA,NA,NA,14873,NA,NA,NA,NA
"Idaho",NA,"Past",2020-07-20,"actual_cumulative_deaths",NA,NA,NA,120,NA,NA,NA,NA
"Idaho",NA,"Past",2020-07-20,"actual_daily_cases",NA,NA,NA,571,NA,NA,NA,NA
"Idaho",NA,"Past",2020-07-20,"actual_daily_deaths",NA,NA,NA,0,NA,NA,NA,NA
"Idaho","linear_increase_sd","Past",2020-07-20,"combined_trend",NA,NA,NA,0.368699266665656,NA,NA,NA,NA
"Idaho","return_normal","Past",2020-07-20,"combined_trend",NA,NA,NA,0.368699266665656,NA,NA,NA,NA
"Idaho","status_quo","Past",2020-07-20,"combined_trend",NA,NA,NA,0.368699266665656,NA,NA,NA,NA
"Idaho","linear_increase_sd","Past",2020-07-20,"cumulative_all_infections",57826,57826,57826,57826,57826,57826,57826,57826
"Idaho","return_normal","Past",2020-07-20,"cumulative_all_infections",57826,57826,57826,57826,57826,57826,57826,57826
"Idaho","status_quo","Past",2020-07-20,"cumulative_all_infections",57826,57826,57826,57826,57826,57826,57826,57826
"Idaho","linear_increase_sd","Past",2020-07-20,"cumulative_cases",15077,15077,15077,15077,15077,15077,15077,15077
"Idaho","return_normal","Past",2020-07-20,"cumulative_cases",15077,15077,15077,15077,15077,15077,15077,15077
"Idaho","status_quo","Past",2020-07-20,"cumulative_cases",15077,15077,15077,15077,15077,15077,15077,15077
"Idaho","linear_increase_sd","Past",2020-07-20,"cumulative_deaths",325,325,325,325,325,325,325,325
"Idaho","return_normal","Past",2020-07-20,"cumulative_deaths",325,325,325,325,325,325,325,325
"Idaho","status_quo","Past",2020-07-20,"cumulative_deaths",325,325,325,325,325,325,325,325
"Idaho","linear_increase_sd","Past",2020-07-20,"cumulative_hosps",1482,1482,1482,1482,1482,1482,1482,1482
"Idaho","return_normal","Past",2020-07-20,"cumulative_hosps",1482,1482,1482,1482,1482,1482,1482,1482
"Idaho","status_quo","Past",2020-07-20,"cumulative_hosps",1482,1482,1482,1482,1482,1482,1482,1482
"Idaho","linear_increase_sd","Past",2020-07-20,"daily_all_infections",1701,1701,1701,1701,1701,1701,1701,1701
"Idaho","return_normal","Past",2020-07-20,"daily_all_infections",1701,1701,1701,1701,1701,1701,1701,1701
"Idaho","status_quo","Past",2020-07-20,"daily_all_infections",1701,1701,1701,1701,1701,1701,1701,1701
"Idaho","linear_increase_sd","Past",2020-07-20,"daily_cases",562,562,562,562,562,562,562,562
"Idaho","return_normal","Past",2020-07-20,"daily_cases",562,562,562,562,562,562,562,562
"Idaho","status_quo","Past",2020-07-20,"daily_cases",562,562,562,562,562,562,562,562
"Idaho","linear_increase_sd","Past",2020-07-20,"daily_deaths",9,9,9,9,9,9,9,9
"Idaho","return_normal","Past",2020-07-20,"daily_deaths",9,9,9,9,9,9,9,9
"Idaho","status_quo","Past",2020-07-20,"daily_deaths",9,9,9,9,9,9,9,9
"Idaho","linear_increase_sd","Past",2020-07-20,"daily_hosps",65,65,65,65,65,65,65,65
"Idaho","return_normal","Past",2020-07-20,"daily_hosps",65,65,65,65,65,65,65,65
"Idaho","status_quo","Past",2020-07-20,"daily_hosps",65,65,65,65,65,65,65,65
"Idaho","linear_increase_sd","Past",2020-07-20,"latent_trend",NA,NA,NA,0.368699266665656,NA,NA,NA,NA
"Idaho","return_normal","Past",2020-07-20,"latent_trend",NA,NA,NA,0.368699266665656,NA,NA,NA,NA
"Idaho","status_quo","Past",2020-07-20,"latent_trend",NA,NA,NA,0.368699266665656,NA,NA,NA,NA
"Idaho","linear_increase_sd","Past",2020-07-20,"mobility_trend",NA,NA,NA,1,NA,NA,NA,NA
"Idaho","return_normal","Past",2020-07-20,"mobility_trend",NA,NA,NA,1,NA,NA,NA,NA
"Idaho","status_quo","Past",2020-07-20,"mobility_trend",NA,NA,NA,1,NA,NA,NA,NA
"Idaho",NA,"Past",2020-07-21,"actual_cumulative_cases",NA,NA,NA,15266,NA,NA,NA,NA
"Idaho",NA,"Past",2020-07-21,"actual_cumulative_deaths",NA,NA,NA,123,NA,NA,NA,NA
"Idaho",NA,"Past",2020-07-21,"actual_daily_cases",NA,NA,NA,393,NA,NA,NA,NA
"Idaho",NA,"Past",2020-07-21,"actual_daily_deaths",NA,NA,NA,3,NA,NA,NA,NA
"Idaho","linear_increase_sd","Past",2020-07-21,"combined_trend",NA,NA,NA,0.360463549028353,NA,NA,NA,NA
"Idaho","return_normal","Past",2020-07-21,"combined_trend",NA,NA,NA,0.360463549028353,NA,NA,NA,NA
"Idaho","status_quo","Past",2020-07-21,"combined_trend",NA,NA,NA,0.360463549028353,NA,NA,NA,NA
"Idaho","linear_increase_sd","Past",2020-07-21,"cumulative_all_infections",59508,59508,59508,59508,59508,59508,59508,59508
"Idaho","return_normal","Past",2020-07-21,"cumulative_all_infections",59508,59508,59508,59508,59508,59508,59508,59508
"Idaho","status_quo","Past",2020-07-21,"cumulative_all_infections",59508,59508,59508,59508,59508,59508,59508,59508
"Idaho","linear_increase_sd","Past",2020-07-21,"cumulative_cases",15579,15579,15579,15579,15579,15579,15579,15579
"Idaho","return_normal","Past",2020-07-21,"cumulative_cases",15579,15579,15579,15579,15579,15579,15579,15579
"Idaho","status_quo","Past",2020-07-21,"cumulative_cases",15579,15579,15579,15579,15579,15579,15579,15579
"Idaho","linear_increase_sd","Past",2020-07-21,"cumulative_deaths",334,334,334,334,334,334,334,334
"Idaho","return_normal","Past",2020-07-21,"cumulative_deaths",334,334,334,334,334,334,334,334
"Idaho","status_quo","Past",2020-07-21,"cumulative_deaths",334,334,334,334,334,334,334,334
"Idaho","linear_increase_sd","Past",2020-07-21,"cumulative_hosps",1547,1547,1547,1547,1547,1547,1547,1547
"Idaho","return_normal","Past",2020-07-21,"cumulative_hosps",1547,1547,1547,1547,1547,1547,1547,1547
"Idaho","status_quo","Past",2020-07-21,"cumulative_hosps",1547,1547,1547,1547,1547,1547,1547,1547
"Idaho","linear_increase_sd","Past",2020-07-21,"daily_all_infections",1682,1682,1682,1682,1682,1682,1682,1682
"Idaho","return_normal","Past",2020-07-21,"daily_all_infections",1682,1682,1682,1682,1682,1682,1682,1682
"Idaho","status_quo","Past",2020-07-21,"daily_all_infections",1682,1682,1682,1682,1682,1682,1682,1682
"Idaho","linear_increase_sd","Past",2020-07-21,"daily_cases",502,502,502,502,502,502,502,502
"Idaho","return_normal","Past",2020-07-21,"daily_cases",502,502,502,502,502,502,502,502
"Idaho","status_quo","Past",2020-07-21,"daily_cases",502,502,502,502,502,502,502,502
"Idaho","linear_increase_sd","Past",2020-07-21,"daily_deaths",9,9,9,9,9,9,9,9
"Idaho","return_normal","Past",2020-07-21,"daily_deaths",9,9,9,9,9,9,9,9
"Idaho","status_quo","Past",2020-07-21,"daily_deaths",9,9,9,9,9,9,9,9
"Idaho","linear_increase_sd","Past",2020-07-21,"daily_hosps",65,65,65,65,65,65,65,65
"Idaho","return_normal","Past",2020-07-21,"daily_hosps",65,65,65,65,65,65,65,65
"Idaho","status_quo","Past",2020-07-21,"daily_hosps",65,65,65,65,65,65,65,65
"Idaho","linear_increase_sd","Past",2020-07-21,"latent_trend",NA,NA,NA,0.360463549028353,NA,NA,NA,NA
"Idaho","return_normal","Past",2020-07-21,"latent_trend",NA,NA,NA,0.360463549028353,NA,NA,NA,NA
"Idaho","status_quo","Past",2020-07-21,"latent_trend",NA,NA,NA,0.360463549028353,NA,NA,NA,NA
"Idaho","linear_increase_sd","Past",2020-07-21,"mobility_trend",NA,NA,NA,1,NA,NA,NA,NA
"Idaho","return_normal","Past",2020-07-21,"mobility_trend",NA,NA,NA,1,NA,NA,NA,NA
"Idaho","status_quo","Past",2020-07-21,"mobility_trend",NA,NA,NA,1,NA,NA,NA,NA
"Idaho",NA,"Past",2020-07-22,"actual_cumulative_cases",NA,NA,NA,15822,NA,NA,NA,NA
"Idaho",NA,"Past",2020-07-22,"actual_cumulative_deaths",NA,NA,NA,127,NA,NA,NA,NA
"Idaho",NA,"Past",2020-07-22,"actual_daily_cases",NA,NA,NA,556,NA,NA,NA,NA
"Idaho",NA,"Past",2020-07-22,"actual_daily_deaths",NA,NA,NA,4,NA,NA,NA,NA
"Idaho","linear_increase_sd","Past",2020-07-22,"combined_trend",NA,NA,NA,0.352930621137631,NA,NA,NA,NA
"Idaho","return_normal","Past",2020-07-22,"combined_trend",NA,NA,NA,0.352930621137631,NA,NA,NA,NA
"Idaho","status_quo","Past",2020-07-22,"combined_trend",NA,NA,NA,0.352930621137631,NA,NA,NA,NA
"Idaho","linear_increase_sd","Past",2020-07-22,"cumulative_all_infections",61155,61155,61155,61155,61155,61155,61155,61155
"Idaho","return_normal","Past",2020-07-22,"cumulative_all_infections",61155,61155,61155,61155,61155,61155,61155,61155
"Idaho","status_quo","Past",2020-07-22,"cumulative_all_infections",61155,61155,61155,61155,61155,61155,61155,61155
"Idaho","linear_increase_sd","Past",2020-07-22,"cumulative_cases",16215,16215,16215,16215,16215,16215,16215,16215
"Idaho","return_normal","Past",2020-07-22,"cumulative_cases",16215,16215,16215,16215,16215,16215,16215,16215
"Idaho","status_quo","Past",2020-07-22,"cumulative_cases",16215,16215,16215,16215,16215,16215,16215,16215
"Idaho","linear_increase_sd","Past",2020-07-22,"cumulative_deaths",343,343,343,343,343,343,343,343
"Idaho","return_normal","Past",2020-07-22,"cumulative_deaths",343,343,343,343,343,343,343,343
"Idaho","status_quo","Past",2020-07-22,"cumulative_deaths",343,343,343,343,343,343,343,343
"Idaho","linear_increase_sd","Past",2020-07-22,"cumulative_hosps",1615,1615,1615,1615,1615,1615,1615,1615
"Idaho","return_normal","Past",2020-07-22,"cumulative_hosps",1615,1615,1615,1615,1615,1615,1615,1615
"Idaho","status_quo","Past",2020-07-22,"cumulative_hosps",1615,1615,1615,1615,1615,1615,1615,1615
"Idaho","linear_increase_sd","Past",2020-07-22,"daily_all_infections",1647,1647,1647,1647,1647,1647,1647,1647
"Idaho","return_normal","Past",2020-07-22,"daily_all_infections",1647,1647,1647,1647,1647,1647,1647,1647
"Idaho","status_quo","Past",2020-07-22,"daily_all_infections",1647,1647,1647,1647,1647,1647,1647,1647
"Idaho","linear_increase_sd","Past",2020-07-22,"daily_cases",636,636,636,636,636,636,636,636
"Idaho","return_normal","Past",2020-07-22,"daily_cases",636,636,636,636,636,636,636,636
"Idaho","status_quo","Past",2020-07-22,"daily_cases",636,636,636,636,636,636,636,636
"Idaho","linear_increase_sd","Past",2020-07-22,"daily_deaths",9,9,9,9,9,9,9,9
"Idaho","return_normal","Past",2020-07-22,"daily_deaths",9,9,9,9,9,9,9,9
"Idaho","status_quo","Past",2020-07-22,"daily_deaths",9,9,9,9,9,9,9,9
"Idaho","linear_increase_sd","Past",2020-07-22,"daily_hosps",68,68,68,68,68,68,68,68
"Idaho","return_normal","Past",2020-07-22,"daily_hosps",68,68,68,68,68,68,68,68
"Idaho","status_quo","Past",2020-07-22,"daily_hosps",68,68,68,68,68,68,68,68
"Idaho","linear_increase_sd","Past",2020-07-22,"latent_trend",NA,NA,NA,0.352930621137631,NA,NA,NA,NA
"Idaho","return_normal","Past",2020-07-22,"latent_trend",NA,NA,NA,0.352930621137631,NA,NA,NA,NA
"Idaho","status_quo","Past",2020-07-22,"latent_trend",NA,NA,NA,0.352930621137631,NA,NA,NA,NA
"Idaho","linear_increase_sd","Past",2020-07-22,"mobility_trend",NA,NA,NA,1,NA,NA,NA,NA
"Idaho","return_normal","Past",2020-07-22,"mobility_trend",NA,NA,NA,1,NA,NA,NA,NA
"Idaho","status_quo","Past",2020-07-22,"mobility_trend",NA,NA,NA,1,NA,NA,NA,NA
"Idaho",NA,"Past",2020-07-23,"actual_cumulative_cases",NA,NA,NA,16322,NA,NA,NA,NA
"Idaho",NA,"Past",2020-07-23,"actual_cumulative_deaths",NA,NA,NA,136,NA,NA,NA,NA
"Idaho",NA,"Past",2020-07-23,"actual_daily_cases",NA,NA,NA,500,NA,NA,NA,NA
"Idaho",NA,"Past",2020-07-23,"actual_daily_deaths",NA,NA,NA,9,NA,NA,NA,NA
"Idaho","linear_increase_sd","Past",2020-07-23,"combined_trend",NA,NA,NA,0.346079839281594,NA,NA,NA,NA
"Idaho","return_normal","Past",2020-07-23,"combined_trend",NA,NA,NA,0.346079839281594,NA,NA,NA,NA
"Idaho","status_quo","Past",2020-07-23,"combined_trend",NA,NA,NA,0.346079839281594,NA,NA,NA,NA
"Idaho","linear_increase_sd","Past",2020-07-23,"cumulative_all_infections",62783,62783,62783,62783,62783,62783,62783,62783
"Idaho","return_normal","Past",2020-07-23,"cumulative_all_infections",62783,62783,62783,62783,62783,62783,62783,62783
"Idaho","status_quo","Past",2020-07-23,"cumulative_all_infections",62783,62783,62783,62783,62783,62783,62783,62783
"Idaho","linear_increase_sd","Past",2020-07-23,"cumulative_cases",16802,16802,16802,16802,16802,16802,16802,16802
"Idaho","return_normal","Past",2020-07-23,"cumulative_cases",16802,16802,16802,16802,16802,16802,16802,16802
"Idaho","status_quo","Past",2020-07-23,"cumulative_cases",16802,16802,16802,16802,16802,16802,16802,16802
"Idaho","linear_increase_sd","Past",2020-07-23,"cumulative_deaths",352,352,352,352,352,352,352,352
"Idaho","return_normal","Past",2020-07-23,"cumulative_deaths",352,352,352,352,352,352,352,352
"Idaho","status_quo","Past",2020-07-23,"cumulative_deaths",352,352,352,352,352,352,352,352
"Idaho","linear_increase_sd","Past",2020-07-23,"cumulative_hosps",1682,1682,1682,1682,1682,1682,1682,1682
"Idaho","return_normal","Past",2020-07-23,"cumulative_hosps",1682,1682,1682,1682,1682,1682,1682,1682
"Idaho","status_quo","Past",2020-07-23,"cumulative_hosps",1682,1682,1682,1682,1682,1682,1682,1682
"Idaho","linear_increase_sd","Past",2020-07-23,"daily_all_infections",1628,1628,1628,1628,1628,1628,1628,1628
"Idaho","return_normal","Past",2020-07-23,"daily_all_infections",1628,1628,1628,1628,1628,1628,1628,1628
"Idaho","status_quo","Past",2020-07-23,"daily_all_infections",1628,1628,1628,1628,1628,1628,1628,1628
"Idaho","linear_increase_sd","Past",2020-07-23,"daily_cases",587,587,587,587,587,587,587,587
"Idaho","return_normal","Past",2020-07-23,"daily_cases",587,587,587,587,587,587,587,587
"Idaho","status_quo","Past",2020-07-23,"daily_cases",587,587,587,587,587,587,587,587
"Idaho","linear_increase_sd","Past",2020-07-23,"daily_deaths",9,9,9,9,9,9,9,9
"Idaho","return_normal","Past",2020-07-23,"daily_deaths",9,9,9,9,9,9,9,9
"Idaho","status_quo","Past",2020-07-23,"daily_deaths",9,9,9,9,9,9,9,9
"Idaho","linear_increase_sd","Past",2020-07-23,"daily_hosps",67,67,67,67,67,67,67,67
"Idaho","return_normal","Past",2020-07-23,"daily_hosps",67,67,67,67,67,67,67,67
"Idaho","status_quo","Past",2020-07-23,"daily_hosps",67,67,67,67,67,67,67,67
"Idaho","linear_increase_sd","Past",2020-07-23,"latent_trend",NA,NA,NA,0.346079839281594,NA,NA,NA,NA
"Idaho","return_normal","Past",2020-07-23,"latent_trend",NA,NA,NA,0.346079839281594,NA,NA,NA,NA
"Idaho","status_quo","Past",2020-07-23,"latent_trend",NA,NA,NA,0.346079839281594,NA,NA,NA,NA
"Idaho","linear_increase_sd","Past",2020-07-23,"mobility_trend",NA,NA,NA,1,NA,NA,NA,NA
"Idaho","return_normal","Past",2020-07-23,"mobility_trend",NA,NA,NA,1,NA,NA,NA,NA
"Idaho","status_quo","Past",2020-07-23,"mobility_trend",NA,NA,NA,1,NA,NA,NA,NA
"Idaho",NA,"Past",2020-07-24,"actual_cumulative_cases",NA,NA,NA,16736,NA,NA,NA,NA
"Idaho",NA,"Past",2020-07-24,"actual_cumulative_deaths",NA,NA,NA,139,NA,NA,NA,NA
"Idaho",NA,"Past",2020-07-24,"actual_daily_cases",NA,NA,NA,414,NA,NA,NA,NA
"Idaho",NA,"Past",2020-07-24,"actual_daily_deaths",NA,NA,NA,3,NA,NA,NA,NA
"Idaho","linear_increase_sd","Past",2020-07-24,"combined_trend",NA,NA,NA,0.339881809029214,NA,NA,NA,NA
"Idaho","return_normal","Past",2020-07-24,"combined_trend",NA,NA,NA,0.339881809029214,NA,NA,NA,NA
"Idaho","status_quo","Past",2020-07-24,"combined_trend",NA,NA,NA,0.339881809029214,NA,NA,NA,NA
"Idaho","linear_increase_sd","Past",2020-07-24,"cumulative_all_infections",64378,64378,64378,64378,64378,64378,64378,64378
"Idaho","return_normal","Past",2020-07-24,"cumulative_all_infections",64378,64378,64378,64378,64378,64378,64378,64378
"Idaho","status_quo","Past",2020-07-24,"cumulative_all_infections",64378,64378,64378,64378,64378,64378,64378,64378
"Idaho","linear_increase_sd","Past",2020-07-24,"cumulative_cases",17397,17397,17397,17397,17397,17397,17397,17397
"Idaho","return_normal","Past",2020-07-24,"cumulative_cases",17397,17397,17397,17397,17397,17397,17397,17397
"Idaho","status_quo","Past",2020-07-24,"cumulative_cases",17397,17397,17397,17397,17397,17397,17397,17397
"Idaho","linear_increase_sd","Past",2020-07-24,"cumulative_deaths",360,360,360,360,360,360,360,360
"Idaho","return_normal","Past",2020-07-24,"cumulative_deaths",360,360,360,360,360,360,360,360
"Idaho","status_quo","Past",2020-07-24,"cumulative_deaths",360,360,360,360,360,360,360,360
"Idaho","linear_increase_sd","Past",2020-07-24,"cumulative_hosps",1752,1752,1752,1752,1752,1752,1752,1752
"Idaho","return_normal","Past",2020-07-24,"cumulative_hosps",1752,1752,1752,1752,1752,1752,1752,1752
"Idaho","status_quo","Past",2020-07-24,"cumulative_hosps",1752,1752,1752,1752,1752,1752,1752,1752
"Idaho","linear_increase_sd","Past",2020-07-24,"daily_all_infections",1595,1595,1595,1595,1595,1595,1595,1595
"Idaho","return_normal","Past",2020-07-24,"daily_all_infections",1595,1595,1595,1595,1595,1595,1595,1595
"Idaho","status_quo","Past",2020-07-24,"daily_all_infections",1595,1595,1595,1595,1595,1595,1595,1595
"Idaho","linear_increase_sd","Past",2020-07-24,"daily_cases",595,595,595,595,595,595,595,595
"Idaho","return_normal","Past",2020-07-24,"daily_cases",595,595,595,595,595,595,595,595
"Idaho","status_quo","Past",2020-07-24,"daily_cases",595,595,595,595,595,595,595,595
"Idaho","linear_increase_sd","Past",2020-07-24,"daily_deaths",8,8,8,8,8,8,8,8
"Idaho","return_normal","Past",2020-07-24,"daily_deaths",8,8,8,8,8,8,8,8
"Idaho","status_quo","Past",2020-07-24,"daily_deaths",8,8,8,8,8,8,8,8
"Idaho","linear_increase_sd","Past",2020-07-24,"daily_hosps",70,70,70,70,70,70,70,70
"Idaho","return_normal","Past",2020-07-24,"daily_hosps",70,70,70,70,70,70,70,70
"Idaho","status_quo","Past",2020-07-24,"daily_hosps",70,70,70,70,70,70,70,70
"Idaho","linear_increase_sd","Past",2020-07-24,"latent_trend",NA,NA,NA,0.339881809029214,NA,NA,NA,NA
"Idaho","return_normal","Past",2020-07-24,"latent_trend",NA,NA,NA,0.339881809029214,NA,NA,NA,NA
"Idaho","status_quo","Past",2020-07-24,"latent_trend",NA,NA,NA,0.339881809029214,NA,NA,NA,NA
"Idaho","linear_increase_sd","Past",2020-07-24,"mobility_trend",NA,NA,NA,1,NA,NA,NA,NA
"Idaho","return_normal","Past",2020-07-24,"mobility_trend",NA,NA,NA,1,NA,NA,NA,NA
"Idaho","status_quo","Past",2020-07-24,"mobility_trend",NA,NA,NA,1,NA,NA,NA,NA
"Idaho",NA,"Past",2020-07-25,"actual_cumulative_cases",NA,NA,NA,17264,NA,NA,NA,NA
"Idaho",NA,"Past",2020-07-25,"actual_cumulative_deaths",NA,NA,NA,145,NA,NA,NA,NA
"Idaho",NA,"Past",2020-07-25,"actual_daily_cases",NA,NA,NA,528,NA,NA,NA,NA
"Idaho",NA,"Past",2020-07-25,"actual_daily_deaths",NA,NA,NA,6,NA,NA,NA,NA
"Idaho","linear_increase_sd","Past",2020-07-25,"combined_trend",NA,NA,NA,0.334307962463936,NA,NA,NA,NA
"Idaho","return_normal","Past",2020-07-25,"combined_trend",NA,NA,NA,0.334307962463936,NA,NA,NA,NA
"Idaho","status_quo","Past",2020-07-25,"combined_trend",NA,NA,NA,0.334307962463936,NA,NA,NA,NA
"Idaho","linear_increase_sd","Past",2020-07-25,"cumulative_all_infections",65944,65944,65944,65944,65944,65944,65944,65944
"Idaho","return_normal","Past",2020-07-25,"cumulative_all_infections",65944,65944,65944,65944,65944,65944,65944,65944
"Idaho","status_quo","Past",2020-07-25,"cumulative_all_infections",65944,65944,65944,65944,65944,65944,65944,65944
"Idaho","linear_increase_sd","Past",2020-07-25,"cumulative_cases",18075,18075,18075,18075,18075,18075,18075,18075
"Idaho","return_normal","Past",2020-07-25,"cumulative_cases",18075,18075,18075,18075,18075,18075,18075,18075
"Idaho","status_quo","Past",2020-07-25,"cumulative_cases",18075,18075,18075,18075,18075,18075,18075,18075
"Idaho","linear_increase_sd","Past",2020-07-25,"cumulative_deaths",370,370,370,370,370,370,370,370
"Idaho","return_normal","Past",2020-07-25,"cumulative_deaths",370,370,370,370,370,370,370,370
"Idaho","status_quo","Past",2020-07-25,"cumulative_deaths",370,370,370,370,370,370,370,370
"Idaho","linear_increase_sd","Past",2020-07-25,"cumulative_hosps",1823,1823,1823,1823,1823,1823,1823,1823
"Idaho","return_normal","Past",2020-07-25,"cumulative_hosps",1823,1823,1823,1823,1823,1823,1823,1823
"Idaho","status_quo","Past",2020-07-25,"cumulative_hosps",1823,1823,1823,1823,1823,1823,1823,1823
"Idaho","linear_increase_sd","Past",2020-07-25,"daily_all_infections",1566,1566,1566,1566,1566,1566,1566,1566
"Idaho","return_normal","Past",2020-07-25,"daily_all_infections",1566,1566,1566,1566,1566,1566,1566,1566
"Idaho","status_quo","Past",2020-07-25,"daily_all_infections",1566,1566,1566,1566,1566,1566,1566,1566
"Idaho","linear_increase_sd","Past",2020-07-25,"daily_cases",678,678,678,678,678,678,678,678
"Idaho","return_normal","Past",2020-07-25,"daily_cases",678,678,678,678,678,678,678,678
"Idaho","status_quo","Past",2020-07-25,"daily_cases",678,678,678,678,678,678,678,678
"Idaho","linear_increase_sd","Past",2020-07-25,"daily_deaths",10,10,10,10,10,10,10,10
"Idaho","return_normal","Past",2020-07-25,"daily_deaths",10,10,10,10,10,10,10,10
"Idaho","status_quo","Past",2020-07-25,"daily_deaths",10,10,10,10,10,10,10,10
"Idaho","linear_increase_sd","Past",2020-07-25,"daily_hosps",71,71,71,71,71,71,71,71
"Idaho","return_normal","Past",2020-07-25,"daily_hosps",71,71,71,71,71,71,71,71
"Idaho","status_quo","Past",2020-07-25,"daily_hosps",71,71,71,71,71,71,71,71
"Idaho","linear_increase_sd","Past",2020-07-25,"latent_trend",NA,NA,NA,0.334307962463936,NA,NA,NA,NA
"Idaho","return_normal","Past",2020-07-25,"latent_trend",NA,NA,NA,0.334307962463936,NA,NA,NA,NA
"Idaho","status_quo","Past",2020-07-25,"latent_trend",NA,NA,NA,0.334307962463936,NA,NA,NA,NA
"Idaho","linear_increase_sd","Past",2020-07-25,"mobility_trend",NA,NA,NA,1,NA,NA,NA,NA
"Idaho","return_normal","Past",2020-07-25,"mobility_trend",NA,NA,NA,1,NA,NA,NA,NA
"Idaho","status_quo","Past",2020-07-25,"mobility_trend",NA,NA,NA,1,NA,NA,NA,NA
"Idaho",NA,"Past",2020-07-26,"actual_cumulative_cases",NA,NA,NA,17827,NA,NA,NA,NA
"Idaho",NA,"Past",2020-07-26,"actual_cumulative_deaths",NA,NA,NA,147,NA,NA,NA,NA
"Idaho",NA,"Past",2020-07-26,"actual_daily_cases",NA,NA,NA,563,NA,NA,NA,NA
"Idaho",NA,"Past",2020-07-26,"actual_daily_deaths",NA,NA,NA,2,NA,NA,NA,NA
"Idaho","linear_increase_sd","Past",2020-07-26,"combined_trend",NA,NA,NA,0.329330762134655,NA,NA,NA,NA
"Idaho","return_normal","Past",2020-07-26,"combined_trend",NA,NA,NA,0.329330762134655,NA,NA,NA,NA
"Idaho","status_quo","Past",2020-07-26,"combined_trend",NA,NA,NA,0.329330762134655,NA,NA,NA,NA
"Idaho","linear_increase_sd","Past",2020-07-26,"cumulative_all_infections",67475,67475,67475,67475,67475,67475,67475,67475
"Idaho","return_normal","Past",2020-07-26,"cumulative_all_infections",67475,67475,67475,67475,67475,67475,67475,67475
"Idaho","status_quo","Past",2020-07-26,"cumulative_all_infections",67475,67475,67475,67475,67475,67475,67475,67475
"Idaho","linear_increase_sd","Past",2020-07-26,"cumulative_cases",18737,18737,18737,18737,18737,18737,18737,18737
"Idaho","return_normal","Past",2020-07-26,"cumulative_cases",18737,18737,18737,18737,18737,18737,18737,18737
"Idaho","status_quo","Past",2020-07-26,"cumulative_cases",18737,18737,18737,18737,18737,18737,18737,18737
"Idaho","linear_increase_sd","Past",2020-07-26,"cumulative_deaths",380,380,380,380,380,380,380,380
"Idaho","return_normal","Past",2020-07-26,"cumulative_deaths",380,380,380,380,380,380,380,380
"Idaho","status_quo","Past",2020-07-26,"cumulative_deaths",380,380,380,380,380,380,380,380
"Idaho","linear_increase_sd","Past",2020-07-26,"cumulative_hosps",1894,1894,1894,1894,1894,1894,1894,1894
"Idaho","return_normal","Past",2020-07-26,"cumulative_hosps",1894,1894,1894,1894,1894,1894,1894,1894
"Idaho","status_quo","Past",2020-07-26,"cumulative_hosps",1894,1894,1894,1894,1894,1894,1894,1894
"Idaho","linear_increase_sd","Past",2020-07-26,"daily_all_infections",1531,1531,1531,1531,1531,1531,1531,1531
"Idaho","return_normal","Past",2020-07-26,"daily_all_infections",1531,1531,1531,1531,1531,1531,1531,1531
"Idaho","status_quo","Past",2020-07-26,"daily_all_infections",1531,1531,1531,1531,1531,1531,1531,1531
"Idaho","linear_increase_sd","Past",2020-07-26,"daily_cases",662,662,662,662,662,662,662,662
"Idaho","return_normal","Past",2020-07-26,"daily_cases",662,662,662,662,662,662,662,662
"Idaho","status_quo","Past",2020-07-26,"daily_cases",662,662,662,662,662,662,662,662
"Idaho","linear_increase_sd","Past",2020-07-26,"daily_deaths",10,10,10,10,10,10,10,10
"Idaho","return_normal","Past",2020-07-26,"daily_deaths",10,10,10,10,10,10,10,10
"Idaho","status_quo","Past",2020-07-26,"daily_deaths",10,10,10,10,10,10,10,10
"Idaho","linear_increase_sd","Past",2020-07-26,"daily_hosps",71,71,71,71,71,71,71,71
"Idaho","return_normal","Past",2020-07-26,"daily_hosps",71,71,71,71,71,71,71,71
"Idaho","status_quo","Past",2020-07-26,"daily_hosps",71,71,71,71,71,71,71,71
"Idaho","linear_increase_sd","Past",2020-07-26,"latent_trend",NA,NA,NA,0.329330762134655,NA,NA,NA,NA
"Idaho","return_normal","Past",2020-07-26,"latent_trend",NA,NA,NA,0.329330762134655,NA,NA,NA,NA
"Idaho","status_quo","Past",2020-07-26,"latent_trend",NA,NA,NA,0.329330762134655,NA,NA,NA,NA
"Idaho","linear_increase_sd","Past",2020-07-26,"mobility_trend",NA,NA,NA,1,NA,NA,NA,NA
"Idaho","return_normal","Past",2020-07-26,"mobility_trend",NA,NA,NA,1,NA,NA,NA,NA
"Idaho","status_quo","Past",2020-07-26,"mobility_trend",NA,NA,NA,1,NA,NA,NA,NA
"Idaho",NA,"Past",2020-07-27,"actual_cumulative_cases",NA,NA,NA,18177,NA,NA,NA,NA
"Idaho",NA,"Past",2020-07-27,"actual_cumulative_deaths",NA,NA,NA,147,NA,NA,NA,NA
"Idaho",NA,"Past",2020-07-27,"actual_daily_cases",NA,NA,NA,350,NA,NA,NA,NA
"Idaho",NA,"Past",2020-07-27,"actual_daily_deaths",NA,NA,NA,0,NA,NA,NA,NA
"Idaho","linear_increase_sd","Past",2020-07-27,"combined_trend",NA,NA,NA,0.324923841153443,NA,NA,NA,NA
"Idaho","return_normal","Past",2020-07-27,"combined_trend",NA,NA,NA,0.324923841153443,NA,NA,NA,NA
"Idaho","status_quo","Past",2020-07-27,"combined_trend",NA,NA,NA,0.324923841153443,NA,NA,NA,NA
"Idaho","linear_increase_sd","Past",2020-07-27,"cumulative_all_infections",68969,68969,68969,68969,68969,68969,68969,68969
"Idaho","return_normal","Past",2020-07-27,"cumulative_all_infections",68969,68969,68969,68969,68969,68969,68969,68969
"Idaho","status_quo","Past",2020-07-27,"cumulative_all_infections",68969,68969,68969,68969,68969,68969,68969,68969
"Idaho","linear_increase_sd","Past",2020-07-27,"cumulative_cases",19305,19305,19305,19305,19305,19305,19305,19305
"Idaho","return_normal","Past",2020-07-27,"cumulative_cases",19305,19305,19305,19305,19305,19305,19305,19305
"Idaho","status_quo","Past",2020-07-27,"cumulative_cases",19305,19305,19305,19305,19305,19305,19305,19305
"Idaho","linear_increase_sd","Past",2020-07-27,"cumulative_deaths",390,390,390,390,390,390,390,390
"Idaho","return_normal","Past",2020-07-27,"cumulative_deaths",390,390,390,390,390,390,390,390
"Idaho","status_quo","Past",2020-07-27,"cumulative_deaths",390,390,390,390,390,390,390,390
"Idaho","linear_increase_sd","Past",2020-07-27,"cumulative_hosps",1966,1966,1966,1966,1966,1966,1966,1966
"Idaho","return_normal","Past",2020-07-27,"cumulative_hosps",1966,1966,1966,1966,1966,1966,1966,1966
"Idaho","status_quo","Past",2020-07-27,"cumulative_hosps",1966,1966,1966,1966,1966,1966,1966,1966
"Idaho","linear_increase_sd","Past",2020-07-27,"daily_all_infections",1494,1494,1494,1494,1494,1494,1494,1494
"Idaho","return_normal","Past",2020-07-27,"daily_all_infections",1494,1494,1494,1494,1494,1494,1494,1494
"Idaho","status_quo","Past",2020-07-27,"daily_all_infections",1494,1494,1494,1494,1494,1494,1494,1494
"Idaho","linear_increase_sd","Past",2020-07-27,"daily_cases",568,568,568,568,568,568,568,568
"Idaho","return_normal","Past",2020-07-27,"daily_cases",568,568,568,568,568,568,568,568
"Idaho","status_quo","Past",2020-07-27,"daily_cases",568,568,568,568,568,568,568,568
"Idaho","linear_increase_sd","Past",2020-07-27,"daily_deaths",10,10,10,10,10,10,10,10
"Idaho","return_normal","Past",2020-07-27,"daily_deaths",10,10,10,10,10,10,10,10
"Idaho","status_quo","Past",2020-07-27,"daily_deaths",10,10,10,10,10,10,10,10
"Idaho","linear_increase_sd","Past",2020-07-27,"daily_hosps",72,72,72,72,72,72,72,72
"Idaho","return_normal","Past",2020-07-27,"daily_hosps",72,72,72,72,72,72,72,72
"Idaho","status_quo","Past",2020-07-27,"daily_hosps",72,72,72,72,72,72,72,72
"Idaho","linear_increase_sd","Past",2020-07-27,"latent_trend",NA,NA,NA,0.324923841153443,NA,NA,NA,NA
"Idaho","return_normal","Past",2020-07-27,"latent_trend",NA,NA,NA,0.324923841153443,NA,NA,NA,NA
"Idaho","status_quo","Past",2020-07-27,"latent_trend",NA,NA,NA,0.324923841153443,NA,NA,NA,NA
"Idaho","linear_increase_sd","Past",2020-07-27,"mobility_trend",NA,NA,NA,1,NA,NA,NA,NA
"Idaho","return_normal","Past",2020-07-27,"mobility_trend",NA,NA,NA,1,NA,NA,NA,NA
"Idaho","status_quo","Past",2020-07-27,"mobility_trend",NA,NA,NA,1,NA,NA,NA,NA
"Idaho",NA,"Past",2020-07-28,"actual_cumulative_cases",NA,NA,NA,18694,NA,NA,NA,NA
"Idaho",NA,"Past",2020-07-28,"actual_cumulative_deaths",NA,NA,NA,153,NA,NA,NA,NA
"Idaho",NA,"Past",2020-07-28,"actual_daily_cases",NA,NA,NA,517,NA,NA,NA,NA
"Idaho",NA,"Past",2020-07-28,"actual_daily_deaths",NA,NA,NA,6,NA,NA,NA,NA
"Idaho","linear_increase_sd","Past",2020-07-28,"combined_trend",NA,NA,NA,0.321062090396387,NA,NA,NA,NA
"Idaho","return_normal","Past",2020-07-28,"combined_trend",NA,NA,NA,0.321062090396387,NA,NA,NA,NA
"Idaho","status_quo","Past",2020-07-28,"combined_trend",NA,NA,NA,0.321062090396387,NA,NA,NA,NA
"Idaho","linear_increase_sd","Past",2020-07-28,"cumulative_all_infections",70436,70436,70436,70436,70436,70436,70436,70436
"Idaho","return_normal","Past",2020-07-28,"cumulative_all_infections",70436,70436,70436,70436,70436,70436,70436,70436
"Idaho","status_quo","Past",2020-07-28,"cumulative_all_infections",70436,70436,70436,70436,70436,70436,70436,70436
"Idaho","linear_increase_sd","Past",2020-07-28,"cumulative_cases",19914,19914,19914,19914,19914,19914,19914,19914
"Idaho","return_normal","Past",2020-07-28,"cumulative_cases",19914,19914,19914,19914,19914,19914,19914,19914
"Idaho","status_quo","Past",2020-07-28,"cumulative_cases",19914,19914,19914,19914,19914,19914,19914,19914
"Idaho","linear_increase_sd","Past",2020-07-28,"cumulative_deaths",402,402,402,402,402,402,402,402
"Idaho","return_normal","Past",2020-07-28,"cumulative_deaths",402,402,402,402,402,402,402,402
"Idaho","status_quo","Past",2020-07-28,"cumulative_deaths",402,402,402,402,402,402,402,402
"Idaho","linear_increase_sd","Past",2020-07-28,"cumulative_hosps",2039,2039,2039,2039,2039,2039,2039,2039
"Idaho","return_normal","Past",2020-07-28,"cumulative_hosps",2039,2039,2039,2039,2039,2039,2039,2039
"Idaho","status_quo","Past",2020-07-28,"cumulative_hosps",2039,2039,2039,2039,2039,2039,2039,2039
"Idaho","linear_increase_sd","Past",2020-07-28,"daily_all_infections",1467,1467,1467,1467,1467,1467,1467,1467
"Idaho","return_normal","Past",2020-07-28,"daily_all_infections",1467,1467,1467,1467,1467,1467,1467,1467
"Idaho","status_quo","Past",2020-07-28,"daily_all_infections",1467,1467,1467,1467,1467,1467,1467,1467
"Idaho","linear_increase_sd","Past",2020-07-28,"daily_cases",609,609,609,609,609,609,609,609
"Idaho","return_normal","Past",2020-07-28,"daily_cases",609,609,609,609,609,609,609,609
"Idaho","status_quo","Past",2020-07-28,"daily_cases",609,609,609,609,609,609,609,609
"Idaho","linear_increase_sd","Past",2020-07-28,"daily_deaths",12,12,12,12,12,12,12,12
"Idaho","return_normal","Past",2020-07-28,"daily_deaths",12,12,12,12,12,12,12,12
"Idaho","status_quo","Past",2020-07-28,"daily_deaths",12,12,12,12,12,12,12,12
"Idaho","linear_increase_sd","Past",2020-07-28,"daily_hosps",73,73,73,73,73,73,73,73
"Idaho","return_normal","Past",2020-07-28,"daily_hosps",73,73,73,73,73,73,73,73
"Idaho","status_quo","Past",2020-07-28,"daily_hosps",73,73,73,73,73,73,73,73
"Idaho","linear_increase_sd","Past",2020-07-28,"latent_trend",NA,NA,NA,0.321062090396387,NA,NA,NA,NA
"Idaho","return_normal","Past",2020-07-28,"latent_trend",NA,NA,NA,0.321062090396387,NA,NA,NA,NA
"Idaho","status_quo","Past",2020-07-28,"latent_trend",NA,NA,NA,0.321062090396387,NA,NA,NA,NA
"Idaho","linear_increase_sd","Past",2020-07-28,"mobility_trend",NA,NA,NA,1,NA,NA,NA,NA
"Idaho","return_normal","Past",2020-07-28,"mobility_trend",NA,NA,NA,1,NA,NA,NA,NA
"Idaho","status_quo","Past",2020-07-28,"mobility_trend",NA,NA,NA,1,NA,NA,NA,NA
"Idaho",NA,"Past",2020-07-29,"actual_cumulative_cases",NA,NA,NA,19222,NA,NA,NA,NA
"Idaho",NA,"Past",2020-07-29,"actual_cumulative_deaths",NA,NA,NA,161,NA,NA,NA,NA
"Idaho",NA,"Past",2020-07-29,"actual_daily_cases",NA,NA,NA,528,NA,NA,NA,NA
"Idaho",NA,"Past",2020-07-29,"actual_daily_deaths",NA,NA,NA,8,NA,NA,NA,NA
"Idaho","linear_increase_sd","Past",2020-07-29,"combined_trend",NA,NA,NA,0.317721702417126,NA,NA,NA,NA
"Idaho","return_normal","Past",2020-07-29,"combined_trend",NA,NA,NA,0.317721702417126,NA,NA,NA,NA
"Idaho","status_quo","Past",2020-07-29,"combined_trend",NA,NA,NA,0.317721702417126,NA,NA,NA,NA
"Idaho","linear_increase_sd","Past",2020-07-29,"cumulative_all_infections",71868,71868,71868,71868,71868,71868,71868,71868
"Idaho","return_normal","Past",2020-07-29,"cumulative_all_infections",71868,71868,71868,71868,71868,71868,71868,71868
"Idaho","status_quo","Past",2020-07-29,"cumulative_all_infections",71868,71868,71868,71868,71868,71868,71868,71868
"Idaho","linear_increase_sd","Past",2020-07-29,"cumulative_cases",20422,20422,20422,20422,20422,20422,20422,20422
"Idaho","return_normal","Past",2020-07-29,"cumulative_cases",20422,20422,20422,20422,20422,20422,20422,20422
"Idaho","status_quo","Past",2020-07-29,"cumulative_cases",20422,20422,20422,20422,20422,20422,20422,20422
"Idaho","linear_increase_sd","Past",2020-07-29,"cumulative_deaths",413,413,413,413,413,413,413,413
"Idaho","return_normal","Past",2020-07-29,"cumulative_deaths",413,413,413,413,413,413,413,413
"Idaho","status_quo","Past",2020-07-29,"cumulative_deaths",413,413,413,413,413,413,413,413
"Idaho","linear_increase_sd","Past",2020-07-29,"cumulative_hosps",2109,2109,2109,2109,2109,2109,2109,2109
"Idaho","return_normal","Past",2020-07-29,"cumulative_hosps",2109,2109,2109,2109,2109,2109,2109,2109
"Idaho","status_quo","Past",2020-07-29,"cumulative_hosps",2109,2109,2109,2109,2109,2109,2109,2109
"Idaho","linear_increase_sd","Past",2020-07-29,"daily_all_infections",1432,1432,1432,1432,1432,1432,1432,1432
"Idaho","return_normal","Past",2020-07-29,"daily_all_infections",1432,1432,1432,1432,1432,1432,1432,1432
"Idaho","status_quo","Past",2020-07-29,"daily_all_infections",1432,1432,1432,1432,1432,1432,1432,1432
"Idaho","linear_increase_sd","Past",2020-07-29,"daily_cases",508,508,508,508,508,508,508,508
"Idaho","return_normal","Past",2020-07-29,"daily_cases",508,508,508,508,508,508,508,508
"Idaho","status_quo","Past",2020-07-29,"daily_cases",508,508,508,508,508,508,508,508
"Idaho","linear_increase_sd","Past",2020-07-29,"daily_deaths",11,11,11,11,11,11,11,11
"Idaho","return_normal","Past",2020-07-29,"daily_deaths",11,11,11,11,11,11,11,11
"Idaho","status_quo","Past",2020-07-29,"daily_deaths",11,11,11,11,11,11,11,11
"Idaho","linear_increase_sd","Past",2020-07-29,"daily_hosps",70,70,70,70,70,70,70,70
"Idaho","return_normal","Past",2020-07-29,"daily_hosps",70,70,70,70,70,70,70,70
"Idaho","status_quo","Past",2020-07-29,"daily_hosps",70,70,70,70,70,70,70,70
"Idaho","linear_increase_sd","Past",2020-07-29,"latent_trend",NA,NA,NA,0.317721702417126,NA,NA,NA,NA
"Idaho","return_normal","Past",2020-07-29,"latent_trend",NA,NA,NA,0.317721702417126,NA,NA,NA,NA
"Idaho","status_quo","Past",2020-07-29,"latent_trend",NA,NA,NA,0.317721702417126,NA,NA,NA,NA
"Idaho","linear_increase_sd","Past",2020-07-29,"mobility_trend",NA,NA,NA,1,NA,NA,NA,NA
"Idaho","return_normal","Past",2020-07-29,"mobility_trend",NA,NA,NA,1,NA,NA,NA,NA
"Idaho","status_quo","Past",2020-07-29,"mobility_trend",NA,NA,NA,1,NA,NA,NA,NA
"Idaho",NA,"Past",2020-07-30,"actual_cumulative_cases",NA,NA,NA,19679,NA,NA,NA,NA
"Idaho",NA,"Past",2020-07-30,"actual_cumulative_deaths",NA,NA,NA,174,NA,NA,NA,NA
"Idaho",NA,"Past",2020-07-30,"actual_daily_cases",NA,NA,NA,457,NA,NA,NA,NA
"Idaho",NA,"Past",2020-07-30,"actual_daily_deaths",NA,NA,NA,13,NA,NA,NA,NA
"Idaho","linear_increase_sd","Past",2020-07-30,"combined_trend",NA,NA,NA,0.314880180368792,NA,NA,NA,NA
"Idaho","return_normal","Past",2020-07-30,"combined_trend",NA,NA,NA,0.314880180368792,NA,NA,NA,NA
"Idaho","status_quo","Past",2020-07-30,"combined_trend",NA,NA,NA,0.314880180368792,NA,NA,NA,NA
"Idaho","linear_increase_sd","Past",2020-07-30,"cumulative_all_infections",73259,73259,73259,73259,73259,73259,73259,73259
"Idaho","return_normal","Past",2020-07-30,"cumulative_all_infections",73259,73259,73259,73259,73259,73259,73259,73259
"Idaho","status_quo","Past",2020-07-30,"cumulative_all_infections",73259,73259,73259,73259,73259,73259,73259,73259
"Idaho","linear_increase_sd","Past",2020-07-30,"cumulative_cases",21021,21021,21021,21021,21021,21021,21021,21021
"Idaho","return_normal","Past",2020-07-30,"cumulative_cases",21021,21021,21021,21021,21021,21021,21021,21021
"Idaho","status_quo","Past",2020-07-30,"cumulative_cases",21021,21021,21021,21021,21021,21021,21021,21021
"Idaho","linear_increase_sd","Past",2020-07-30,"cumulative_deaths",424,424,424,424,424,424,424,424
"Idaho","return_normal","Past",2020-07-30,"cumulative_deaths",424,424,424,424,424,424,424,424
"Idaho","status_quo","Past",2020-07-30,"cumulative_deaths",424,424,424,424,424,424,424,424
"Idaho","linear_increase_sd","Past",2020-07-30,"cumulative_hosps",2180,2180,2180,2180,2180,2180,2180,2180
"Idaho","return_normal","Past",2020-07-30,"cumulative_hosps",2180,2180,2180,2180,2180,2180,2180,2180
"Idaho","status_quo","Past",2020-07-30,"cumulative_hosps",2180,2180,2180,2180,2180,2180,2180,2180
"Idaho","linear_increase_sd","Past",2020-07-30,"daily_all_infections",1391,1391,1391,1391,1391,1391,1391,1391
"Idaho","return_normal","Past",2020-07-30,"daily_all_infections",1391,1391,1391,1391,1391,1391,1391,1391
"Idaho","status_quo","Past",2020-07-30,"daily_all_infections",1391,1391,1391,1391,1391,1391,1391,1391
"Idaho","linear_increase_sd","Past",2020-07-30,"daily_cases",599,599,599,599,599,599,599,599
"Idaho","return_normal","Past",2020-07-30,"daily_cases",599,599,599,599,599,599,599,599
"Idaho","status_quo","Past",2020-07-30,"daily_cases",599,599,599,599,599,599,599,599
"Idaho","linear_increase_sd","Past",2020-07-30,"daily_deaths",11,11,11,11,11,11,11,11
"Idaho","return_normal","Past",2020-07-30,"daily_deaths",11,11,11,11,11,11,11,11
"Idaho","status_quo","Past",2020-07-30,"daily_deaths",11,11,11,11,11,11,11,11
"Idaho","linear_increase_sd","Past",2020-07-30,"daily_hosps",71,71,71,71,71,71,71,71
"Idaho","return_normal","Past",2020-07-30,"daily_hosps",71,71,71,71,71,71,71,71
"Idaho","status_quo","Past",2020-07-30,"daily_hosps",71,71,71,71,71,71,71,71
"Idaho","linear_increase_sd","Past",2020-07-30,"latent_trend",NA,NA,NA,0.314880180368792,NA,NA,NA,NA
"Idaho","return_normal","Past",2020-07-30,"latent_trend",NA,NA,NA,0.314880180368792,NA,NA,NA,NA
"Idaho","status_quo","Past",2020-07-30,"latent_trend",NA,NA,NA,0.314880180368792,NA,NA,NA,NA
"Idaho","linear_increase_sd","Past",2020-07-30,"mobility_trend",NA,NA,NA,1,NA,NA,NA,NA
"Idaho","return_normal","Past",2020-07-30,"mobility_trend",NA,NA,NA,1,NA,NA,NA,NA
"Idaho","status_quo","Past",2020-07-30,"mobility_trend",NA,NA,NA,1,NA,NA,NA,NA
"Idaho",NA,"Past",2020-07-31,"actual_cumulative_cases",NA,NA,NA,20246,NA,NA,NA,NA
"Idaho",NA,"Past",2020-07-31,"actual_cumulative_deaths",NA,NA,NA,178,NA,NA,NA,NA
"Idaho",NA,"Past",2020-07-31,"actual_daily_cases",NA,NA,NA,567,NA,NA,NA,NA
"Idaho",NA,"Past",2020-07-31,"actual_daily_deaths",NA,NA,NA,4,NA,NA,NA,NA
"Idaho","linear_increase_sd","Past",2020-07-31,"combined_trend",NA,NA,NA,0.312516318999924,NA,NA,NA,NA
"Idaho","return_normal","Past",2020-07-31,"combined_trend",NA,NA,NA,0.312516318999924,NA,NA,NA,NA
"Idaho","status_quo","Past",2020-07-31,"combined_trend",NA,NA,NA,0.312516318999924,NA,NA,NA,NA
"Idaho","linear_increase_sd","Past",2020-07-31,"cumulative_all_infections",74620,74620,74620,74620,74620,74620,74620,74620
"Idaho","return_normal","Past",2020-07-31,"cumulative_all_infections",74620,74620,74620,74620,74620,74620,74620,74620
"Idaho","status_quo","Past",2020-07-31,"cumulative_all_infections",74620,74620,74620,74620,74620,74620,74620,74620
"Idaho","linear_increase_sd","Past",2020-07-31,"cumulative_cases",21627,21627,21627,21627,21627,21627,21627,21627
"Idaho","return_normal","Past",2020-07-31,"cumulative_cases",21627,21627,21627,21627,21627,21627,21627,21627
"Idaho","status_quo","Past",2020-07-31,"cumulative_cases",21627,21627,21627,21627,21627,21627,21627,21627
"Idaho","linear_increase_sd","Past",2020-07-31,"cumulative_deaths",436,436,436,436,436,436,436,436
"Idaho","return_normal","Past",2020-07-31,"cumulative_deaths",436,436,436,436,436,436,436,436
"Idaho","status_quo","Past",2020-07-31,"cumulative_deaths",436,436,436,436,436,436,436,436
"Idaho","linear_increase_sd","Past",2020-07-31,"cumulative_hosps",2252,2252,2252,2252,2252,2252,2252,2252
"Idaho","return_normal","Past",2020-07-31,"cumulative_hosps",2252,2252,2252,2252,2252,2252,2252,2252
"Idaho","status_quo","Past",2020-07-31,"cumulative_hosps",2252,2252,2252,2252,2252,2252,2252,2252
"Idaho","linear_increase_sd","Past",2020-07-31,"daily_all_infections",1361,1361,1361,1361,1361,1361,1361,1361
"Idaho","return_normal","Past",2020-07-31,"daily_all_infections",1361,1361,1361,1361,1361,1361,1361,1361
"Idaho","status_quo","Past",2020-07-31,"daily_all_infections",1361,1361,1361,1361,1361,1361,1361,1361
"Idaho","linear_increase_sd","Past",2020-07-31,"daily_cases",606,606,606,606,606,606,606,606
"Idaho","return_normal","Past",2020-07-31,"daily_cases",606,606,606,606,606,606,606,606
"Idaho","status_quo","Past",2020-07-31,"daily_cases",606,606,606,606,606,606,606,606
"Idaho","linear_increase_sd","Past",2020-07-31,"daily_deaths",12,12,12,12,12,12,12,12
"Idaho","return_normal","Past",2020-07-31,"daily_deaths",12,12,12,12,12,12,12,12
"Idaho","status_quo","Past",2020-07-31,"daily_deaths",12,12,12,12,12,12,12,12
"Idaho","linear_increase_sd","Past",2020-07-31,"daily_hosps",72,72,72,72,72,72,72,72
"Idaho","return_normal","Past",2020-07-31,"daily_hosps",72,72,72,72,72,72,72,72
"Idaho","status_quo","Past",2020-07-31,"daily_hosps",72,72,72,72,72,72,72,72
"Idaho","linear_increase_sd","Past",2020-07-31,"latent_trend",NA,NA,NA,0.312516318999924,NA,NA,NA,NA
"Idaho","return_normal","Past",2020-07-31,"latent_trend",NA,NA,NA,0.312516318999924,NA,NA,NA,NA
"Idaho","status_quo","Past",2020-07-31,"latent_trend",NA,NA,NA,0.312516318999924,NA,NA,NA,NA
"Idaho","linear_increase_sd","Past",2020-07-31,"mobility_trend",NA,NA,NA,1,NA,NA,NA,NA
"Idaho","return_normal","Past",2020-07-31,"mobility_trend",NA,NA,NA,1,NA,NA,NA,NA
"Idaho","status_quo","Past",2020-07-31,"mobility_trend",NA,NA,NA,1,NA,NA,NA,NA
"Idaho",NA,"Past",2020-08-01,"actual_cumulative_cases",NA,NA,NA,20721,NA,NA,NA,NA
"Idaho",NA,"Past",2020-08-01,"actual_cumulative_deaths",NA,NA,NA,190,NA,NA,NA,NA
"Idaho",NA,"Past",2020-08-01,"actual_daily_cases",NA,NA,NA,475,NA,NA,NA,NA
"Idaho",NA,"Past",2020-08-01,"actual_daily_deaths",NA,NA,NA,12,NA,NA,NA,NA
"Idaho","linear_increase_sd","Past",2020-08-01,"combined_trend",NA,NA,NA,0.31061016367276,NA,NA,NA,NA
"Idaho","return_normal","Past",2020-08-01,"combined_trend",NA,NA,NA,0.31061016367276,NA,NA,NA,NA
"Idaho","status_quo","Past",2020-08-01,"combined_trend",NA,NA,NA,0.31061016367276,NA,NA,NA,NA
"Idaho","linear_increase_sd","Past",2020-08-01,"cumulative_all_infections",75951,75951,75951,75951,75951,75951,75951,75951
"Idaho","return_normal","Past",2020-08-01,"cumulative_all_infections",75951,75951,75951,75951,75951,75951,75951,75951
"Idaho","status_quo","Past",2020-08-01,"cumulative_all_infections",75951,75951,75951,75951,75951,75951,75951,75951
"Idaho","linear_increase_sd","Past",2020-08-01,"cumulative_cases",22154,22154,22154,22154,22154,22154,22154,22154
"Idaho","return_normal","Past",2020-08-01,"cumulative_cases",22154,22154,22154,22154,22154,22154,22154,22154
"Idaho","status_quo","Past",2020-08-01,"cumulative_cases",22154,22154,22154,22154,22154,22154,22154,22154
"Idaho","linear_increase_sd","Past",2020-08-01,"cumulative_deaths",449,449,449,449,449,449,449,449
"Idaho","return_normal","Past",2020-08-01,"cumulative_deaths",449,449,449,449,449,449,449,449
"Idaho","status_quo","Past",2020-08-01,"cumulative_deaths",449,449,449,449,449,449,449,449
"Idaho","linear_increase_sd","Past",2020-08-01,"cumulative_hosps",2324,2324,2324,2324,2324,2324,2324,2324
"Idaho","return_normal","Past",2020-08-01,"cumulative_hosps",2324,2324,2324,2324,2324,2324,2324,2324
"Idaho","status_quo","Past",2020-08-01,"cumulative_hosps",2324,2324,2324,2324,2324,2324,2324,2324
"Idaho","linear_increase_sd","Past",2020-08-01,"daily_all_infections",1331,1331,1331,1331,1331,1331,1331,1331
"Idaho","return_normal","Past",2020-08-01,"daily_all_infections",1331,1331,1331,1331,1331,1331,1331,1331
"Idaho","status_quo","Past",2020-08-01,"daily_all_infections",1331,1331,1331,1331,1331,1331,1331,1331
"Idaho","linear_increase_sd","Past",2020-08-01,"daily_cases",527,527,527,527,527,527,527,527
"Idaho","return_normal","Past",2020-08-01,"daily_cases",527,527,527,527,527,527,527,527
"Idaho","status_quo","Past",2020-08-01,"daily_cases",527,527,527,527,527,527,527,527
"Idaho","linear_increase_sd","Past",2020-08-01,"daily_deaths",13,13,13,13,13,13,13,13
"Idaho","return_normal","Past",2020-08-01,"daily_deaths",13,13,13,13,13,13,13,13
"Idaho","status_quo","Past",2020-08-01,"daily_deaths",13,13,13,13,13,13,13,13
"Idaho","linear_increase_sd","Past",2020-08-01,"daily_hosps",72,72,72,72,72,72,72,72
"Idaho","return_normal","Past",2020-08-01,"daily_hosps",72,72,72,72,72,72,72,72
"Idaho","status_quo","Past",2020-08-01,"daily_hosps",72,72,72,72,72,72,72,72
"Idaho","linear_increase_sd","Past",2020-08-01,"latent_trend",NA,NA,NA,0.31061016367276,NA,NA,NA,NA
"Idaho","return_normal","Past",2020-08-01,"latent_trend",NA,NA,NA,0.31061016367276,NA,NA,NA,NA
"Idaho","status_quo","Past",2020-08-01,"latent_trend",NA,NA,NA,0.31061016367276,NA,NA,NA,NA
"Idaho","linear_increase_sd","Past",2020-08-01,"mobility_trend",NA,NA,NA,1,NA,NA,NA,NA
"Idaho","return_normal","Past",2020-08-01,"mobility_trend",NA,NA,NA,1,NA,NA,NA,NA
"Idaho","status_quo","Past",2020-08-01,"mobility_trend",NA,NA,NA,1,NA,NA,NA,NA
"Idaho",NA,"Past",2020-08-02,"actual_cumulative_cases",NA,NA,NA,21114,NA,NA,NA,NA
"Idaho",NA,"Past",2020-08-02,"actual_cumulative_deaths",NA,NA,NA,198,NA,NA,NA,NA
"Idaho",NA,"Past",2020-08-02,"actual_daily_cases",NA,NA,NA,393,NA,NA,NA,NA
"Idaho",NA,"Past",2020-08-02,"actual_daily_deaths",NA,NA,NA,8,NA,NA,NA,NA
"Idaho","linear_increase_sd","Past",2020-08-02,"combined_trend",NA,NA,NA,0.309142952361606,NA,NA,NA,NA
"Idaho","return_normal","Past",2020-08-02,"combined_trend",NA,NA,NA,0.309142952361606,NA,NA,NA,NA
"Idaho","status_quo","Past",2020-08-02,"combined_trend",NA,NA,NA,0.309142952361606,NA,NA,NA,NA
"Idaho","linear_increase_sd","Past",2020-08-02,"cumulative_all_infections",77248,77248,77248,77248,77248,77248,77248,77248
"Idaho","return_normal","Past",2020-08-02,"cumulative_all_infections",77248,77248,77248,77248,77248,77248,77248,77248
"Idaho","status_quo","Past",2020-08-02,"cumulative_all_infections",77248,77248,77248,77248,77248,77248,77248,77248
"Idaho","linear_increase_sd","Past",2020-08-02,"cumulative_cases",22716,22716,22716,22716,22716,22716,22716,22716
"Idaho","return_normal","Past",2020-08-02,"cumulative_cases",22716,22716,22716,22716,22716,22716,22716,22716
"Idaho","status_quo","Past",2020-08-02,"cumulative_cases",22716,22716,22716,22716,22716,22716,22716,22716
"Idaho","linear_increase_sd","Past",2020-08-02,"cumulative_deaths",460,460,460,460,460,460,460,460
"Idaho","return_normal","Past",2020-08-02,"cumulative_deaths",460,460,460,460,460,460,460,460
"Idaho","status_quo","Past",2020-08-02,"cumulative_deaths",460,460,460,460,460,460,460,460
"Idaho","linear_increase_sd","Past",2020-08-02,"cumulative_hosps",2394,2394,2394,2394,2394,2394,2394,2394
"Idaho","return_normal","Past",2020-08-02,"cumulative_hosps",2394,2394,2394,2394,2394,2394,2394,2394
"Idaho","status_quo","Past",2020-08-02,"cumulative_hosps",2394,2394,2394,2394,2394,2394,2394,2394
"Idaho","linear_increase_sd","Past",2020-08-02,"daily_all_infections",1297,1297,1297,1297,1297,1297,1297,1297
"Idaho","return_normal","Past",2020-08-02,"daily_all_infections",1297,1297,1297,1297,1297,1297,1297,1297
"Idaho","status_quo","Past",2020-08-02,"daily_all_infections",1297,1297,1297,1297,1297,1297,1297,1297
"Idaho","linear_increase_sd","Past",2020-08-02,"daily_cases",562,562,562,562,562,562,562,562
"Idaho","return_normal","Past",2020-08-02,"daily_cases",562,562,562,562,562,562,562,562
"Idaho","status_quo","Past",2020-08-02,"daily_cases",562,562,562,562,562,562,562,562
"Idaho","linear_increase_sd","Past",2020-08-02,"daily_deaths",11,11,11,11,11,11,11,11
"Idaho","return_normal","Past",2020-08-02,"daily_deaths",11,11,11,11,11,11,11,11
"Idaho","status_quo","Past",2020-08-02,"daily_deaths",11,11,11,11,11,11,11,11
"Idaho","linear_increase_sd","Past",2020-08-02,"daily_hosps",70,70,70,70,70,70,70,70
"Idaho","return_normal","Past",2020-08-02,"daily_hosps",70,70,70,70,70,70,70,70
"Idaho","status_quo","Past",2020-08-02,"daily_hosps",70,70,70,70,70,70,70,70
"Idaho","linear_increase_sd","Past",2020-08-02,"latent_trend",NA,NA,NA,0.309142952361606,NA,NA,NA,NA
"Idaho","return_normal","Past",2020-08-02,"latent_trend",NA,NA,NA,0.309142952361606,NA,NA,NA,NA
"Idaho","status_quo","Past",2020-08-02,"latent_trend",NA,NA,NA,0.309142952361606,NA,NA,NA,NA
"Idaho","linear_increase_sd","Past",2020-08-02,"mobility_trend",NA,NA,NA,1,NA,NA,NA,NA
"Idaho","return_normal","Past",2020-08-02,"mobility_trend",NA,NA,NA,1,NA,NA,NA,NA
"Idaho","status_quo","Past",2020-08-02,"mobility_trend",NA,NA,NA,1,NA,NA,NA,NA
"Idaho",NA,"Past",2020-08-03,"actual_cumulative_cases",NA,NA,NA,21344,NA,NA,NA,NA
"Idaho",NA,"Past",2020-08-03,"actual_cumulative_deaths",NA,NA,NA,198,NA,NA,NA,NA
"Idaho",NA,"Past",2020-08-03,"actual_daily_cases",NA,NA,NA,230,NA,NA,NA,NA
"Idaho",NA,"Past",2020-08-03,"actual_daily_deaths",NA,NA,NA,0,NA,NA,NA,NA
"Idaho","linear_increase_sd","Past",2020-08-03,"combined_trend",NA,NA,NA,0.308097044727767,NA,NA,NA,NA
"Idaho","return_normal","Past",2020-08-03,"combined_trend",NA,NA,NA,0.308097044727767,NA,NA,NA,NA
"Idaho","status_quo","Past",2020-08-03,"combined_trend",NA,NA,NA,0.308097044727767,NA,NA,NA,NA
"Idaho","linear_increase_sd","Past",2020-08-03,"cumulative_all_infections",78516,78516,78516,78516,78516,78516,78516,78516
"Idaho","return_normal","Past",2020-08-03,"cumulative_all_infections",78516,78516,78516,78516,78516,78516,78516,78516
"Idaho","status_quo","Past",2020-08-03,"cumulative_all_infections",78516,78516,78516,78516,78516,78516,78516,78516
"Idaho","linear_increase_sd","Past",2020-08-03,"cumulative_cases",23193,23193,23193,23193,23193,23193,23193,23193
"Idaho","return_normal","Past",2020-08-03,"cumulative_cases",23193,23193,23193,23193,23193,23193,23193,23193
"Idaho","status_quo","Past",2020-08-03,"cumulative_cases",23193,23193,23193,23193,23193,23193,23193,23193
"Idaho","linear_increase_sd","Past",2020-08-03,"cumulative_deaths",471,471,471,471,471,471,471,471
"Idaho","return_normal","Past",2020-08-03,"cumulative_deaths",471,471,471,471,471,471,471,471
"Idaho","status_quo","Past",2020-08-03,"cumulative_deaths",471,471,471,471,471,471,471,471
"Idaho","linear_increase_sd","Past",2020-08-03,"cumulative_hosps",2463,2463,2463,2463,2463,2463,2463,2463
"Idaho","return_normal","Past",2020-08-03,"cumulative_hosps",2463,2463,2463,2463,2463,2463,2463,2463
"Idaho","status_quo","Past",2020-08-03,"cumulative_hosps",2463,2463,2463,2463,2463,2463,2463,2463
"Idaho","linear_increase_sd","Past",2020-08-03,"daily_all_infections",1268,1268,1268,1268,1268,1268,1268,1268
"Idaho","return_normal","Past",2020-08-03,"daily_all_infections",1268,1268,1268,1268,1268,1268,1268,1268
"Idaho","status_quo","Past",2020-08-03,"daily_all_infections",1268,1268,1268,1268,1268,1268,1268,1268
"Idaho","linear_increase_sd","Past",2020-08-03,"daily_cases",477,477,477,477,477,477,477,477
"Idaho","return_normal","Past",2020-08-03,"daily_cases",477,477,477,477,477,477,477,477
"Idaho","status_quo","Past",2020-08-03,"daily_cases",477,477,477,477,477,477,477,477
"Idaho","linear_increase_sd","Past",2020-08-03,"daily_deaths",11,11,11,11,11,11,11,11
"Idaho","return_normal","Past",2020-08-03,"daily_deaths",11,11,11,11,11,11,11,11
"Idaho","status_quo","Past",2020-08-03,"daily_deaths",11,11,11,11,11,11,11,11
"Idaho","linear_increase_sd","Past",2020-08-03,"daily_hosps",69,69,69,69,69,69,69,69
"Idaho","return_normal","Past",2020-08-03,"daily_hosps",69,69,69,69,69,69,69,69
"Idaho","status_quo","Past",2020-08-03,"daily_hosps",69,69,69,69,69,69,69,69
"Idaho","linear_increase_sd","Past",2020-08-03,"latent_trend",NA,NA,NA,0.308097044727767,NA,NA,NA,NA
"Idaho","return_normal","Past",2020-08-03,"latent_trend",NA,NA,NA,0.308097044727767,NA,NA,NA,NA
"Idaho","status_quo","Past",2020-08-03,"latent_trend",NA,NA,NA,0.308097044727767,NA,NA,NA,NA
"Idaho","linear_increase_sd","Past",2020-08-03,"mobility_trend",NA,NA,NA,1,NA,NA,NA,NA
"Idaho","return_normal","Past",2020-08-03,"mobility_trend",NA,NA,NA,1,NA,NA,NA,NA
"Idaho","status_quo","Past",2020-08-03,"mobility_trend",NA,NA,NA,1,NA,NA,NA,NA
"Idaho",NA,"Past",2020-08-04,"actual_cumulative_cases",NA,NA,NA,21675,NA,NA,NA,NA
"Idaho",NA,"Past",2020-08-04,"actual_cumulative_deaths",NA,NA,NA,201,NA,NA,NA,NA
"Idaho",NA,"Past",2020-08-04,"actual_daily_cases",NA,NA,NA,331,NA,NA,NA,NA
"Idaho",NA,"Past",2020-08-04,"actual_daily_deaths",NA,NA,NA,3,NA,NA,NA,NA
"Idaho","linear_increase_sd","Past",2020-08-04,"combined_trend",NA,NA,NA,0.307455841631416,NA,NA,NA,NA
"Idaho","return_normal","Past",2020-08-04,"combined_trend",NA,NA,NA,0.307455841631416,NA,NA,NA,NA
"Idaho","status_quo","Past",2020-08-04,"combined_trend",NA,NA,NA,0.307455841631416,NA,NA,NA,NA
"Idaho","linear_increase_sd","Past",2020-08-04,"cumulative_all_infections",79743,79743,79743,79743,79743,79743,79743,79743
"Idaho","return_normal","Past",2020-08-04,"cumulative_all_infections",79743,79743,79743,79743,79743,79743,79743,79743
"Idaho","status_quo","Past",2020-08-04,"cumulative_all_infections",79743,79743,79743,79743,79743,79743,79743,79743
"Idaho","linear_increase_sd","Past",2020-08-04,"cumulative_cases",23684,23684,23684,23684,23684,23684,23684,23684
"Idaho","return_normal","Past",2020-08-04,"cumulative_cases",23684,23684,23684,23684,23684,23684,23684,23684
"Idaho","status_quo","Past",2020-08-04,"cumulative_cases",23684,23684,23684,23684,23684,23684,23684,23684
"Idaho","linear_increase_sd","Past",2020-08-04,"cumulative_deaths",483,483,483,483,483,483,483,483
"Idaho","return_normal","Past",2020-08-04,"cumulative_deaths",483,483,483,483,483,483,483,483
"Idaho","status_quo","Past",2020-08-04,"cumulative_deaths",483,483,483,483,483,483,483,483
"Idaho","linear_increase_sd","Past",2020-08-04,"cumulative_hosps",2530,2530,2530,2530,2530,2530,2530,2530
"Idaho","return_normal","Past",2020-08-04,"cumulative_hosps",2530,2530,2530,2530,2530,2530,2530,2530
"Idaho","status_quo","Past",2020-08-04,"cumulative_hosps",2530,2530,2530,2530,2530,2530,2530,2530
"Idaho","linear_increase_sd","Past",2020-08-04,"daily_all_infections",1227,1227,1227,1227,1227,1227,1227,1227
"Idaho","return_normal","Past",2020-08-04,"daily_all_infections",1227,1227,1227,1227,1227,1227,1227,1227
"Idaho","status_quo","Past",2020-08-04,"daily_all_infections",1227,1227,1227,1227,1227,1227,1227,1227
"Idaho","linear_increase_sd","Past",2020-08-04,"daily_cases",491,491,491,491,491,491,491,491
"Idaho","return_normal","Past",2020-08-04,"daily_cases",491,491,491,491,491,491,491,491
"Idaho","status_quo","Past",2020-08-04,"daily_cases",491,491,491,491,491,491,491,491
"Idaho","linear_increase_sd","Past",2020-08-04,"daily_deaths",12,12,12,12,12,12,12,12
"Idaho","return_normal","Past",2020-08-04,"daily_deaths",12,12,12,12,12,12,12,12
"Idaho","status_quo","Past",2020-08-04,"daily_deaths",12,12,12,12,12,12,12,12
"Idaho","linear_increase_sd","Past",2020-08-04,"daily_hosps",67,67,67,67,67,67,67,67
"Idaho","return_normal","Past",2020-08-04,"daily_hosps",67,67,67,67,67,67,67,67
"Idaho","status_quo","Past",2020-08-04,"daily_hosps",67,67,67,67,67,67,67,67
"Idaho","linear_increase_sd","Past",2020-08-04,"latent_trend",NA,NA,NA,0.307455841631416,NA,NA,NA,NA
"Idaho","return_normal","Past",2020-08-04,"latent_trend",NA,NA,NA,0.307455841631416,NA,NA,NA,NA
"Idaho","status_quo","Past",2020-08-04,"latent_trend",NA,NA,NA,0.307455841631416,NA,NA,NA,NA
"Idaho","linear_increase_sd","Past",2020-08-04,"mobility_trend",NA,NA,NA,1,NA,NA,NA,NA
"Idaho","return_normal","Past",2020-08-04,"mobility_trend",NA,NA,NA,1,NA,NA,NA,NA
"Idaho","status_quo","Past",2020-08-04,"mobility_trend",NA,NA,NA,1,NA,NA,NA,NA
"Idaho",NA,"Past",2020-08-05,"actual_cumulative_cases",NA,NA,NA,22234,NA,NA,NA,NA
"Idaho",NA,"Past",2020-08-05,"actual_cumulative_deaths",NA,NA,NA,211,NA,NA,NA,NA
"Idaho",NA,"Past",2020-08-05,"actual_daily_cases",NA,NA,NA,559,NA,NA,NA,NA
"Idaho",NA,"Past",2020-08-05,"actual_daily_deaths",NA,NA,NA,10,NA,NA,NA,NA
"Idaho","linear_increase_sd","Past",2020-08-05,"combined_trend",NA,NA,NA,0.307014197873747,NA,NA,NA,NA
"Idaho","return_normal","Past",2020-08-05,"combined_trend",NA,NA,NA,0.307014197873747,NA,NA,NA,NA
"Idaho","status_quo","Past",2020-08-05,"combined_trend",NA,NA,NA,0.307014197873747,NA,NA,NA,NA
"Idaho","linear_increase_sd","Past",2020-08-05,"cumulative_all_infections",80950,80950,80950,80950,80950,80950,80950,80950
"Idaho","return_normal","Past",2020-08-05,"cumulative_all_infections",80950,80950,80950,80950,80950,80950,80950,80950
"Idaho","status_quo","Past",2020-08-05,"cumulative_all_infections",80950,80950,80950,80950,80950,80950,80950,80950
"Idaho","linear_increase_sd","Past",2020-08-05,"cumulative_cases",24241,24241,24241,24241,24241,24241,24241,24241
"Idaho","return_normal","Past",2020-08-05,"cumulative_cases",24241,24241,24241,24241,24241,24241,24241,24241
"Idaho","status_quo","Past",2020-08-05,"cumulative_cases",24241,24241,24241,24241,24241,24241,24241,24241
"Idaho","linear_increase_sd","Past",2020-08-05,"cumulative_deaths",495,495,495,495,495,495,495,495
"Idaho","return_normal","Past",2020-08-05,"cumulative_deaths",495,495,495,495,495,495,495,495
"Idaho","status_quo","Past",2020-08-05,"cumulative_deaths",495,495,495,495,495,495,495,495
"Idaho","linear_increase_sd","Past",2020-08-05,"cumulative_hosps",2598,2598,2598,2598,2598,2598,2598,2598
"Idaho","return_normal","Past",2020-08-05,"cumulative_hosps",2598,2598,2598,2598,2598,2598,2598,2598
"Idaho","status_quo","Past",2020-08-05,"cumulative_hosps",2598,2598,2598,2598,2598,2598,2598,2598
"Idaho","linear_increase_sd","Past",2020-08-05,"daily_all_infections",1207,1207,1207,1207,1207,1207,1207,1207
"Idaho","return_normal","Past",2020-08-05,"daily_all_infections",1207,1207,1207,1207,1207,1207,1207,1207
"Idaho","status_quo","Past",2020-08-05,"daily_all_infections",1207,1207,1207,1207,1207,1207,1207,1207
"Idaho","linear_increase_sd","Past",2020-08-05,"daily_cases",557,557,557,557,557,557,557,557
"Idaho","return_normal","Past",2020-08-05,"daily_cases",557,557,557,557,557,557,557,557
"Idaho","status_quo","Past",2020-08-05,"daily_cases",557,557,557,557,557,557,557,557
"Idaho","linear_increase_sd","Past",2020-08-05,"daily_deaths",12,12,12,12,12,12,12,12
"Idaho","return_normal","Past",2020-08-05,"daily_deaths",12,12,12,12,12,12,12,12
"Idaho","status_quo","Past",2020-08-05,"daily_deaths",12,12,12,12,12,12,12,12
"Idaho","linear_increase_sd","Past",2020-08-05,"daily_hosps",68,68,68,68,68,68,68,68
"Idaho","return_normal","Past",2020-08-05,"daily_hosps",68,68,68,68,68,68,68,68
"Idaho","status_quo","Past",2020-08-05,"daily_hosps",68,68,68,68,68,68,68,68
"Idaho","linear_increase_sd","Past",2020-08-05,"latent_trend",NA,NA,NA,0.307203697821352,NA,NA,NA,NA
"Idaho","return_normal","Past",2020-08-05,"latent_trend",NA,NA,NA,0.307203697821352,NA,NA,NA,NA
"Idaho","status_quo","Past",2020-08-05,"latent_trend",NA,NA,NA,0.307203697821352,NA,NA,NA,NA
"Idaho","linear_increase_sd","Past",2020-08-05,"mobility_trend",NA,NA,NA,0.999383145616577,NA,NA,NA,NA
"Idaho","return_normal","Past",2020-08-05,"mobility_trend",NA,NA,NA,0.999383145616577,NA,NA,NA,NA
"Idaho","status_quo","Past",2020-08-05,"mobility_trend",NA,NA,NA,0.999383145616577,NA,NA,NA,NA
"Idaho",NA,"Past",2020-08-06,"actual_cumulative_cases",NA,NA,NA,22707,NA,NA,NA,NA
"Idaho",NA,"Past",2020-08-06,"actual_cumulative_deaths",NA,NA,NA,218,NA,NA,NA,NA
"Idaho",NA,"Past",2020-08-06,"actual_daily_cases",NA,NA,NA,473,NA,NA,NA,NA
"Idaho",NA,"Past",2020-08-06,"actual_daily_deaths",NA,NA,NA,7,NA,NA,NA,NA
"Idaho","linear_increase_sd","Past",2020-08-06,"combined_trend",NA,NA,NA,0.306537068276667,NA,NA,NA,NA
"Idaho","return_normal","Past",2020-08-06,"combined_trend",NA,NA,NA,0.306537068276667,NA,NA,NA,NA
"Idaho","status_quo","Past",2020-08-06,"combined_trend",NA,NA,NA,0.306537068276667,NA,NA,NA,NA
"Idaho","linear_increase_sd","Past",2020-08-06,"cumulative_all_infections",82129,82129,82129,82129,82129,82129,82129,82129
"Idaho","return_normal","Past",2020-08-06,"cumulative_all_infections",82129,82129,82129,82129,82129,82129,82129,82129
"Idaho","status_quo","Past",2020-08-06,"cumulative_all_infections",82129,82129,82129,82129,82129,82129,82129,82129
"Idaho","linear_increase_sd","Past",2020-08-06,"cumulative_cases",24791,24791,24791,24791,24791,24791,24791,24791
"Idaho","return_normal","Past",2020-08-06,"cumulative_cases",24791,24791,24791,24791,24791,24791,24791,24791
"Idaho","status_quo","Past",2020-08-06,"cumulative_cases",24791,24791,24791,24791,24791,24791,24791,24791
"Idaho","linear_increase_sd","Past",2020-08-06,"cumulative_deaths",506,506,506,506,506,506,506,506
"Idaho","return_normal","Past",2020-08-06,"cumulative_deaths",506,506,506,506,506,506,506,506
"Idaho","status_quo","Past",2020-08-06,"cumulative_deaths",506,506,506,506,506,506,506,506
"Idaho","linear_increase_sd","Past",2020-08-06,"cumulative_hosps",2664,2664,2664,2664,2664,2664,2664,2664
"Idaho","return_normal","Past",2020-08-06,"cumulative_hosps",2664,2664,2664,2664,2664,2664,2664,2664
"Idaho","status_quo","Past",2020-08-06,"cumulative_hosps",2664,2664,2664,2664,2664,2664,2664,2664
"Idaho","linear_increase_sd","Past",2020-08-06,"daily_all_infections",1179,1179,1179,1179,1179,1179,1179,1179
"Idaho","return_normal","Past",2020-08-06,"daily_all_infections",1179,1179,1179,1179,1179,1179,1179,1179
"Idaho","status_quo","Past",2020-08-06,"daily_all_infections",1179,1179,1179,1179,1179,1179,1179,1179
"Idaho","linear_increase_sd","Past",2020-08-06,"daily_cases",550,550,550,550,550,550,550,550
"Idaho","return_normal","Past",2020-08-06,"daily_cases",550,550,550,550,550,550,550,550
"Idaho","status_quo","Past",2020-08-06,"daily_cases",550,550,550,550,550,550,550,550
"Idaho","linear_increase_sd","Past",2020-08-06,"daily_deaths",11,11,11,11,11,11,11,11
"Idaho","return_normal","Past",2020-08-06,"daily_deaths",11,11,11,11,11,11,11,11
"Idaho","status_quo","Past",2020-08-06,"daily_deaths",11,11,11,11,11,11,11,11
"Idaho","linear_increase_sd","Past",2020-08-06,"daily_hosps",66,66,66,66,66,66,66,66
"Idaho","return_normal","Past",2020-08-06,"daily_hosps",66,66,66,66,66,66,66,66
"Idaho","status_quo","Past",2020-08-06,"daily_hosps",66,66,66,66,66,66,66,66
"Idaho","linear_increase_sd","Past",2020-08-06,"latent_trend",NA,NA,NA,0.307325830029891,NA,NA,NA,NA
"Idaho","return_normal","Past",2020-08-06,"latent_trend",NA,NA,NA,0.307325830029891,NA,NA,NA,NA
"Idaho","status_quo","Past",2020-08-06,"latent_trend",NA,NA,NA,0.307325830029891,NA,NA,NA,NA
"Idaho","linear_increase_sd","Past",2020-08-06,"mobility_trend",NA,NA,NA,0.997433467427234,NA,NA,NA,NA
"Idaho","return_normal","Past",2020-08-06,"mobility_trend",NA,NA,NA,0.997433467427234,NA,NA,NA,NA
"Idaho","status_quo","Past",2020-08-06,"mobility_trend",NA,NA,NA,0.997433467427234,NA,NA,NA,NA
"Idaho",NA,"Past",2020-08-07,"actual_cumulative_cases",NA,NA,NA,23399,NA,NA,NA,NA
"Idaho",NA,"Past",2020-08-07,"actual_cumulative_deaths",NA,NA,NA,224,NA,NA,NA,NA
"Idaho",NA,"Past",2020-08-07,"actual_daily_cases",NA,NA,NA,692,NA,NA,NA,NA
"Idaho",NA,"Past",2020-08-07,"actual_daily_deaths",NA,NA,NA,6,NA,NA,NA,NA
"Idaho","linear_increase_sd","Past",2020-08-07,"combined_trend",NA,NA,NA,0.306475468313302,NA,NA,NA,NA
"Idaho","return_normal","Past",2020-08-07,"combined_trend",NA,NA,NA,0.306475468313302,NA,NA,NA,NA
"Idaho","status_quo","Past",2020-08-07,"combined_trend",NA,NA,NA,0.306475468313302,NA,NA,NA,NA
"Idaho","linear_increase_sd","Past",2020-08-07,"cumulative_all_infections",83273,83273,83273,83273,83273,83273,83273,83273
"Idaho","return_normal","Past",2020-08-07,"cumulative_all_infections",83273,83273,83273,83273,83273,83273,83273,83273
"Idaho","status_quo","Past",2020-08-07,"cumulative_all_infections",83273,83273,83273,83273,83273,83273,83273,83273
"Idaho","linear_increase_sd","Past",2020-08-07,"cumulative_cases",25236,25236,25236,25236,25236,25236,25236,25236
"Idaho","return_normal","Past",2020-08-07,"cumulative_cases",25236,25236,25236,25236,25236,25236,25236,25236
"Idaho","status_quo","Past",2020-08-07,"cumulative_cases",25236,25236,25236,25236,25236,25236,25236,25236
"Idaho","linear_increase_sd","Past",2020-08-07,"cumulative_deaths",516,516,516,516,516,516,516,516
"Idaho","return_normal","Past",2020-08-07,"cumulative_deaths",516,516,516,516,516,516,516,516
"Idaho","status_quo","Past",2020-08-07,"cumulative_deaths",516,516,516,516,516,516,516,516
"Idaho","linear_increase_sd","Past",2020-08-07,"cumulative_hosps",2728,2728,2728,2728,2728,2728,2728,2728
"Idaho","return_normal","Past",2020-08-07,"cumulative_hosps",2728,2728,2728,2728,2728,2728,2728,2728
"Idaho","status_quo","Past",2020-08-07,"cumulative_hosps",2728,2728,2728,2728,2728,2728,2728,2728
"Idaho","linear_increase_sd","Past",2020-08-07,"daily_all_infections",1144,1144,1144,1144,1144,1144,1144,1144
"Idaho","return_normal","Past",2020-08-07,"daily_all_infections",1144,1144,1144,1144,1144,1144,1144,1144
"Idaho","status_quo","Past",2020-08-07,"daily_all_infections",1144,1144,1144,1144,1144,1144,1144,1144
"Idaho","linear_increase_sd","Past",2020-08-07,"daily_cases",445,445,445,445,445,445,445,445
"Idaho","return_normal","Past",2020-08-07,"daily_cases",445,445,445,445,445,445,445,445
"Idaho","status_quo","Past",2020-08-07,"daily_cases",445,445,445,445,445,445,445,445
"Idaho","linear_increase_sd","Past",2020-08-07,"daily_deaths",10,10,10,10,10,10,10,10
"Idaho","return_normal","Past",2020-08-07,"daily_deaths",10,10,10,10,10,10,10,10
"Idaho","status_quo","Past",2020-08-07,"daily_deaths",10,10,10,10,10,10,10,10
"Idaho","linear_increase_sd","Past",2020-08-07,"daily_hosps",64,64,64,64,64,64,64,64
"Idaho","return_normal","Past",2020-08-07,"daily_hosps",64,64,64,64,64,64,64,64
"Idaho","status_quo","Past",2020-08-07,"daily_hosps",64,64,64,64,64,64,64,64
"Idaho","linear_increase_sd","Past",2020-08-07,"latent_trend",NA,NA,NA,0.307808222280183,NA,NA,NA,NA
"Idaho","return_normal","Past",2020-08-07,"latent_trend",NA,NA,NA,0.307808222280183,NA,NA,NA,NA
"Idaho","status_quo","Past",2020-08-07,"latent_trend",NA,NA,NA,0.307808222280183,NA,NA,NA,NA
"Idaho","linear_increase_sd","Past",2020-08-07,"mobility_trend",NA,NA,NA,0.995670180747581,NA,NA,NA,NA
"Idaho","return_normal","Past",2020-08-07,"mobility_trend",NA,NA,NA,0.995670180747581,NA,NA,NA,NA
"Idaho","status_quo","Past",2020-08-07,"mobility_trend",NA,NA,NA,0.995670180747581,NA,NA,NA,NA
"Idaho",NA,"Past",2020-08-08,"actual_cumulative_cases",NA,NA,NA,23922,NA,NA,NA,NA
"Idaho",NA,"Past",2020-08-08,"actual_cumulative_deaths",NA,NA,NA,230,NA,NA,NA,NA
"Idaho",NA,"Past",2020-08-08,"actual_daily_cases",NA,NA,NA,523,NA,NA,NA,NA
"Idaho",NA,"Past",2020-08-08,"actual_daily_deaths",NA,NA,NA,6,NA,NA,NA,NA
"Idaho","linear_increase_sd","Past",2020-08-08,"combined_trend",NA,NA,NA,0.306830381405216,NA,NA,NA,NA
"Idaho","return_normal","Past",2020-08-08,"combined_trend",NA,NA,NA,0.306830381405216,NA,NA,NA,NA
"Idaho","status_quo","Past",2020-08-08,"combined_trend",NA,NA,NA,0.306830381405216,NA,NA,NA,NA
"Idaho","linear_increase_sd","Past",2020-08-08,"cumulative_all_infections",84391,84391,84391,84391,84391,84391,84391,84391
"Idaho","return_normal","Past",2020-08-08,"cumulative_all_infections",84391,84391,84391,84391,84391,84391,84391,84391
"Idaho","status_quo","Past",2020-08-08,"cumulative_all_infections",84391,84391,84391,84391,84391,84391,84391,84391
"Idaho","linear_increase_sd","Past",2020-08-08,"cumulative_cases",25706,25706,25706,25706,25706,25706,25706,25706
"Idaho","return_normal","Past",2020-08-08,"cumulative_cases",25706,25706,25706,25706,25706,25706,25706,25706
"Idaho","status_quo","Past",2020-08-08,"cumulative_cases",25706,25706,25706,25706,25706,25706,25706,25706
"Idaho","linear_increase_sd","Past",2020-08-08,"cumulative_deaths",527,527,527,527,527,527,527,527
"Idaho","return_normal","Past",2020-08-08,"cumulative_deaths",527,527,527,527,527,527,527,527
"Idaho","status_quo","Past",2020-08-08,"cumulative_deaths",527,527,527,527,527,527,527,527
"Idaho","linear_increase_sd","Past",2020-08-08,"cumulative_hosps",2793,2793,2793,2793,2793,2793,2793,2793
"Idaho","return_normal","Past",2020-08-08,"cumulative_hosps",2793,2793,2793,2793,2793,2793,2793,2793
"Idaho","status_quo","Past",2020-08-08,"cumulative_hosps",2793,2793,2793,2793,2793,2793,2793,2793
"Idaho","linear_increase_sd","Past",2020-08-08,"daily_all_infections",1118,1118,1118,1118,1118,1118,1118,1118
"Idaho","return_normal","Past",2020-08-08,"daily_all_infections",1118,1118,1118,1118,1118,1118,1118,1118
"Idaho","status_quo","Past",2020-08-08,"daily_all_infections",1118,1118,1118,1118,1118,1118,1118,1118
"Idaho","linear_increase_sd","Past",2020-08-08,"daily_cases",470,470,470,470,470,470,470,470
"Idaho","return_normal","Past",2020-08-08,"daily_cases",470,470,470,470,470,470,470,470
"Idaho","status_quo","Past",2020-08-08,"daily_cases",470,470,470,470,470,470,470,470
"Idaho","linear_increase_sd","Past",2020-08-08,"daily_deaths",11,11,11,11,11,11,11,11
"Idaho","return_normal","Past",2020-08-08,"daily_deaths",11,11,11,11,11,11,11,11
"Idaho","status_quo","Past",2020-08-08,"daily_deaths",11,11,11,11,11,11,11,11
"Idaho","linear_increase_sd","Past",2020-08-08,"daily_hosps",65,65,65,65,65,65,65,65
"Idaho","return_normal","Past",2020-08-08,"daily_hosps",65,65,65,65,65,65,65,65
"Idaho","status_quo","Past",2020-08-08,"daily_hosps",65,65,65,65,65,65,65,65
"Idaho","linear_increase_sd","Past",2020-08-08,"latent_trend",NA,NA,NA,0.308637529874994,NA,NA,NA,NA
"Idaho","return_normal","Past",2020-08-08,"latent_trend",NA,NA,NA,0.308637529874994,NA,NA,NA,NA
"Idaho","status_quo","Past",2020-08-08,"latent_trend",NA,NA,NA,0.308637529874994,NA,NA,NA,NA
"Idaho","linear_increase_sd","Past",2020-08-08,"mobility_trend",NA,NA,NA,0.994144754623619,NA,NA,NA,NA
"Idaho","return_normal","Past",2020-08-08,"mobility_trend",NA,NA,NA,0.994144754623619,NA,NA,NA,NA
"Idaho","status_quo","Past",2020-08-08,"mobility_trend",NA,NA,NA,0.994144754623619,NA,NA,NA,NA
"Idaho",NA,"Past",2020-08-09,"actual_cumulative_cases",NA,NA,NA,24495,NA,NA,NA,NA
"Idaho",NA,"Past",2020-08-09,"actual_cumulative_deaths",NA,NA,NA,236,NA,NA,NA,NA
"Idaho",NA,"Past",2020-08-09,"actual_daily_cases",NA,NA,NA,573,NA,NA,NA,NA
"Idaho",NA,"Past",2020-08-09,"actual_daily_deaths",NA,NA,NA,6,NA,NA,NA,NA
"Idaho","linear_increase_sd","Past",2020-08-09,"combined_trend",NA,NA,NA,0.307583095671836,NA,NA,NA,NA
"Idaho","return_normal","Past",2020-08-09,"combined_trend",NA,NA,NA,0.307583095671836,NA,NA,NA,NA
"Idaho","status_quo","Past",2020-08-09,"combined_trend",NA,NA,NA,0.307583095671836,NA,NA,NA,NA
"Idaho","linear_increase_sd","Past",2020-08-09,"cumulative_all_infections",85490,85490,85490,85490,85490,85490,85490,85490
"Idaho","return_normal","Past",2020-08-09,"cumulative_all_infections",85490,85490,85490,85490,85490,85490,85490,85490
"Idaho","status_quo","Past",2020-08-09,"cumulative_all_infections",85490,85490,85490,85490,85490,85490,85490,85490
"Idaho","linear_increase_sd","Past",2020-08-09,"cumulative_cases",26137,26137,26137,26137,26137,26137,26137,26137
"Idaho","return_normal","Past",2020-08-09,"cumulative_cases",26137,26137,26137,26137,26137,26137,26137,26137
"Idaho","status_quo","Past",2020-08-09,"cumulative_cases",26137,26137,26137,26137,26137,26137,26137,26137
"Idaho","linear_increase_sd","Past",2020-08-09,"cumulative_deaths",538,538,538,538,538,538,538,538
"Idaho","return_normal","Past",2020-08-09,"cumulative_deaths",538,538,538,538,538,538,538,538
"Idaho","status_quo","Past",2020-08-09,"cumulative_deaths",538,538,538,538,538,538,538,538
"Idaho","linear_increase_sd","Past",2020-08-09,"cumulative_hosps",2856,2856,2856,2856,2856,2856,2856,2856
"Idaho","return_normal","Past",2020-08-09,"cumulative_hosps",2856,2856,2856,2856,2856,2856,2856,2856
"Idaho","status_quo","Past",2020-08-09,"cumulative_hosps",2856,2856,2856,2856,2856,2856,2856,2856
"Idaho","linear_increase_sd","Past",2020-08-09,"daily_all_infections",1099,1099,1099,1099,1099,1099,1099,1099
"Idaho","return_normal","Past",2020-08-09,"daily_all_infections",1099,1099,1099,1099,1099,1099,1099,1099
"Idaho","status_quo","Past",2020-08-09,"daily_all_infections",1099,1099,1099,1099,1099,1099,1099,1099
"Idaho","linear_increase_sd","Past",2020-08-09,"daily_cases",431,431,431,431,431,431,431,431
"Idaho","return_normal","Past",2020-08-09,"daily_cases",431,431,431,431,431,431,431,431
"Idaho","status_quo","Past",2020-08-09,"daily_cases",431,431,431,431,431,431,431,431
"Idaho","linear_increase_sd","Past",2020-08-09,"daily_deaths",11,11,11,11,11,11,11,11
"Idaho","return_normal","Past",2020-08-09,"daily_deaths",11,11,11,11,11,11,11,11
"Idaho","status_quo","Past",2020-08-09,"daily_deaths",11,11,11,11,11,11,11,11
"Idaho","linear_increase_sd","Past",2020-08-09,"daily_hosps",63,63,63,63,63,63,63,63
"Idaho","return_normal","Past",2020-08-09,"daily_hosps",63,63,63,63,63,63,63,63
"Idaho","status_quo","Past",2020-08-09,"daily_hosps",63,63,63,63,63,63,63,63
"Idaho","linear_increase_sd","Past",2020-08-09,"latent_trend",NA,NA,NA,0.309800983267781,NA,NA,NA,NA
"Idaho","return_normal","Past",2020-08-09,"latent_trend",NA,NA,NA,0.309800983267781,NA,NA,NA,NA
"Idaho","status_quo","Past",2020-08-09,"latent_trend",NA,NA,NA,0.309800983267781,NA,NA,NA,NA
"Idaho","linear_increase_sd","Past",2020-08-09,"mobility_trend",NA,NA,NA,0.992840927835184,NA,NA,NA,NA
"Idaho","return_normal","Past",2020-08-09,"mobility_trend",NA,NA,NA,0.992840927835184,NA,NA,NA,NA
"Idaho","status_quo","Past",2020-08-09,"mobility_trend",NA,NA,NA,0.992840927835184,NA,NA,NA,NA
"Idaho",NA,"Past",2020-08-10,"actual_cumulative_cases",NA,NA,NA,24671,NA,NA,NA,NA
"Idaho",NA,"Past",2020-08-10,"actual_cumulative_deaths",NA,NA,NA,238,NA,NA,NA,NA
"Idaho",NA,"Past",2020-08-10,"actual_daily_cases",NA,NA,NA,176,NA,NA,NA,NA
"Idaho",NA,"Past",2020-08-10,"actual_daily_deaths",NA,NA,NA,2,NA,NA,NA,NA
"Idaho","linear_increase_sd","Past",2020-08-10,"combined_trend",NA,NA,NA,0.30871055643104,NA,NA,NA,NA
"Idaho","return_normal","Past",2020-08-10,"combined_trend",NA,NA,NA,0.30871055643104,NA,NA,NA,NA
"Idaho","status_quo","Past",2020-08-10,"combined_trend",NA,NA,NA,0.30871055643104,NA,NA,NA,NA
"Idaho","linear_increase_sd","Past",2020-08-10,"cumulative_all_infections",86562,86562,86562,86562,86562,86562,86562,86562
"Idaho","return_normal","Past",2020-08-10,"cumulative_all_infections",86562,86562,86562,86562,86562,86562,86562,86562
"Idaho","status_quo","Past",2020-08-10,"cumulative_all_infections",86562,86562,86562,86562,86562,86562,86562,86562
"Idaho","linear_increase_sd","Past",2020-08-10,"cumulative_cases",26553,26553,26553,26553,26553,26553,26553,26553
"Idaho","return_normal","Past",2020-08-10,"cumulative_cases",26553,26553,26553,26553,26553,26553,26553,26553
"Idaho","status_quo","Past",2020-08-10,"cumulative_cases",26553,26553,26553,26553,26553,26553,26553,26553
"Idaho","linear_increase_sd","Past",2020-08-10,"cumulative_deaths",548,548,548,548,548,548,548,548
"Idaho","return_normal","Past",2020-08-10,"cumulative_deaths",548,548,548,548,548,548,548,548
"Idaho","status_quo","Past",2020-08-10,"cumulative_deaths",548,548,548,548,548,548,548,548
"Idaho","linear_increase_sd","Past",2020-08-10,"cumulative_hosps",2917,2917,2917,2917,2917,2917,2917,2917
"Idaho","return_normal","Past",2020-08-10,"cumulative_hosps",2917,2917,2917,2917,2917,2917,2917,2917
"Idaho","status_quo","Past",2020-08-10,"cumulative_hosps",2917,2917,2917,2917,2917,2917,2917,2917
"Idaho","linear_increase_sd","Past",2020-08-10,"daily_all_infections",1072,1072,1072,1072,1072,1072,1072,1072
"Idaho","return_normal","Past",2020-08-10,"daily_all_infections",1072,1072,1072,1072,1072,1072,1072,1072
"Idaho","status_quo","Past",2020-08-10,"daily_all_infections",1072,1072,1072,1072,1072,1072,1072,1072
"Idaho","linear_increase_sd","Past",2020-08-10,"daily_cases",416,416,416,416,416,416,416,416
"Idaho","return_normal","Past",2020-08-10,"daily_cases",416,416,416,416,416,416,416,416
"Idaho","status_quo","Past",2020-08-10,"daily_cases",416,416,416,416,416,416,416,416
"Idaho","linear_increase_sd","Past",2020-08-10,"daily_deaths",10,10,10,10,10,10,10,10
"Idaho","return_normal","Past",2020-08-10,"daily_deaths",10,10,10,10,10,10,10,10
"Idaho","status_quo","Past",2020-08-10,"daily_deaths",10,10,10,10,10,10,10,10
"Idaho","linear_increase_sd","Past",2020-08-10,"daily_hosps",61,61,61,61,61,61,61,61
"Idaho","return_normal","Past",2020-08-10,"daily_hosps",61,61,61,61,61,61,61,61
"Idaho","status_quo","Past",2020-08-10,"daily_hosps",61,61,61,61,61,61,61,61
"Idaho","linear_increase_sd","Past",2020-08-10,"latent_trend",NA,NA,NA,0.311286292807767,NA,NA,NA,NA
"Idaho","return_normal","Past",2020-08-10,"latent_trend",NA,NA,NA,0.311286292807767,NA,NA,NA,NA
"Idaho","status_quo","Past",2020-08-10,"latent_trend",NA,NA,NA,0.311286292807767,NA,NA,NA,NA
"Idaho","linear_increase_sd","Past",2020-08-10,"mobility_trend",NA,NA,NA,0.99172550659557,NA,NA,NA,NA
"Idaho","return_normal","Past",2020-08-10,"mobility_trend",NA,NA,NA,0.99172550659557,NA,NA,NA,NA
"Idaho","status_quo","Past",2020-08-10,"mobility_trend",NA,NA,NA,0.99172550659557,NA,NA,NA,NA
"Idaho",NA,"Past",2020-08-11,"actual_cumulative_cases",NA,NA,NA,25100,NA,NA,NA,NA
"Idaho",NA,"Past",2020-08-11,"actual_cumulative_deaths",NA,NA,NA,240,NA,NA,NA,NA
"Idaho",NA,"Past",2020-08-11,"actual_daily_cases",NA,NA,NA,429,NA,NA,NA,NA
"Idaho",NA,"Past",2020-08-11,"actual_daily_deaths",NA,NA,NA,2,NA,NA,NA,NA
"Idaho","linear_increase_sd","Past",2020-08-11,"combined_trend",NA,NA,NA,0.310188842449403,NA,NA,NA,NA
"Idaho","return_normal","Past",2020-08-11,"combined_trend",NA,NA,NA,0.310188842449403,NA,NA,NA,NA
"Idaho","status_quo","Past",2020-08-11,"combined_trend",NA,NA,NA,0.310188842449403,NA,NA,NA,NA
"Idaho","linear_increase_sd","Past",2020-08-11,"cumulative_all_infections",87612,87612,87612,87612,87612,87612,87612,87612
"Idaho","return_normal","Past",2020-08-11,"cumulative_all_infections",87612,87612,87612,87612,87612,87612,87612,87612
"Idaho","status_quo","Past",2020-08-11,"cumulative_all_infections",87612,87612,87612,87612,87612,87612,87612,87612
"Idaho","linear_increase_sd","Past",2020-08-11,"cumulative_cases",27012,27012,27012,27012,27012,27012,27012,27012
"Idaho","return_normal","Past",2020-08-11,"cumulative_cases",27012,27012,27012,27012,27012,27012,27012,27012
"Idaho","status_quo","Past",2020-08-11,"cumulative_cases",27012,27012,27012,27012,27012,27012,27012,27012
"Idaho","linear_increase_sd","Past",2020-08-11,"cumulative_deaths",557,557,557,557,557,557,557,557
"Idaho","return_normal","Past",2020-08-11,"cumulative_deaths",557,557,557,557,557,557,557,557
"Idaho","status_quo","Past",2020-08-11,"cumulative_deaths",557,557,557,557,557,557,557,557
"Idaho","linear_increase_sd","Past",2020-08-11,"cumulative_hosps",2977,2977,2977,2977,2977,2977,2977,2977
"Idaho","return_normal","Past",2020-08-11,"cumulative_hosps",2977,2977,2977,2977,2977,2977,2977,2977
"Idaho","status_quo","Past",2020-08-11,"cumulative_hosps",2977,2977,2977,2977,2977,2977,2977,2977
"Idaho","linear_increase_sd","Past",2020-08-11,"daily_all_infections",1050,1050,1050,1050,1050,1050,1050,1050
"Idaho","return_normal","Past",2020-08-11,"daily_all_infections",1050,1050,1050,1050,1050,1050,1050,1050
"Idaho","status_quo","Past",2020-08-11,"daily_all_infections",1050,1050,1050,1050,1050,1050,1050,1050
"Idaho","linear_increase_sd","Past",2020-08-11,"daily_cases",459,459,459,459,459,459,459,459
"Idaho","return_normal","Past",2020-08-11,"daily_cases",459,459,459,459,459,459,459,459
"Idaho","status_quo","Past",2020-08-11,"daily_cases",459,459,459,459,459,459,459,459
"Idaho","linear_increase_sd","Past",2020-08-11,"daily_deaths",9,9,9,9,9,9,9,9
"Idaho","return_normal","Past",2020-08-11,"daily_deaths",9,9,9,9,9,9,9,9
"Idaho","status_quo","Past",2020-08-11,"daily_deaths",9,9,9,9,9,9,9,9
"Idaho","linear_increase_sd","Past",2020-08-11,"daily_hosps",60,60,60,60,60,60,60,60
"Idaho","return_normal","Past",2020-08-11,"daily_hosps",60,60,60,60,60,60,60,60
"Idaho","status_quo","Past",2020-08-11,"daily_hosps",60,60,60,60,60,60,60,60
"Idaho","linear_increase_sd","Past",2020-08-11,"latent_trend",NA,NA,NA,0.313081555190696,NA,NA,NA,NA
"Idaho","return_normal","Past",2020-08-11,"latent_trend",NA,NA,NA,0.313081555190696,NA,NA,NA,NA
"Idaho","status_quo","Past",2020-08-11,"latent_trend",NA,NA,NA,0.313081555190696,NA,NA,NA,NA
"Idaho","linear_increase_sd","Past",2020-08-11,"mobility_trend",NA,NA,NA,0.990760513695763,NA,NA,NA,NA
"Idaho","return_normal","Past",2020-08-11,"mobility_trend",NA,NA,NA,0.990760513695763,NA,NA,NA,NA
"Idaho","status_quo","Past",2020-08-11,"mobility_trend",NA,NA,NA,0.990760513695763,NA,NA,NA,NA
"Idaho",NA,"Past",2020-08-12,"actual_cumulative_cases",NA,NA,NA,25595,NA,NA,NA,NA
"Idaho",NA,"Past",2020-08-12,"actual_cumulative_deaths",NA,NA,NA,247,NA,NA,NA,NA
"Idaho",NA,"Past",2020-08-12,"actual_daily_cases",NA,NA,NA,495,NA,NA,NA,NA
"Idaho",NA,"Past",2020-08-12,"actual_daily_deaths",NA,NA,NA,7,NA,NA,NA,NA
"Idaho","linear_increase_sd","Past",2020-08-12,"combined_trend",NA,NA,NA,0.311988375277145,NA,NA,NA,NA
"Idaho","return_normal","Past",2020-08-12,"combined_trend",NA,NA,NA,0.311988375277145,NA,NA,NA,NA
"Idaho","status_quo","Past",2020-08-12,"combined_trend",NA,NA,NA,0.311988375277145,NA,NA,NA,NA
"Idaho","linear_increase_sd","Past",2020-08-12,"cumulative_all_infections",88644,88644,88644,88644,88644,88644,88644,88644
"Idaho","return_normal","Past",2020-08-12,"cumulative_all_infections",88644,88644,88644,88644,88644,88644,88644,88644
"Idaho","status_quo","Past",2020-08-12,"cumulative_all_infections",88644,88644,88644,88644,88644,88644,88644,88644
"Idaho","linear_increase_sd","Past",2020-08-12,"cumulative_cases",27419,27419,27419,27419,27419,27419,27419,27419
"Idaho","return_normal","Past",2020-08-12,"cumulative_cases",27419,27419,27419,27419,27419,27419,27419,27419
"Idaho","status_quo","Past",2020-08-12,"cumulative_cases",27419,27419,27419,27419,27419,27419,27419,27419
"Idaho","linear_increase_sd","Past",2020-08-12,"cumulative_deaths",567,567,567,567,567,567,567,567
"Idaho","return_normal","Past",2020-08-12,"cumulative_deaths",567,567,567,567,567,567,567,567
"Idaho","status_quo","Past",2020-08-12,"cumulative_deaths",567,567,567,567,567,567,567,567
"Idaho","linear_increase_sd","Past",2020-08-12,"cumulative_hosps",3035,3035,3035,3035,3035,3035,3035,3035
"Idaho","return_normal","Past",2020-08-12,"cumulative_hosps",3035,3035,3035,3035,3035,3035,3035,3035
"Idaho","status_quo","Past",2020-08-12,"cumulative_hosps",3035,3035,3035,3035,3035,3035,3035,3035
"Idaho","linear_increase_sd","Past",2020-08-12,"daily_all_infections",1032,1032,1032,1032,1032,1032,1032,1032
"Idaho","return_normal","Past",2020-08-12,"daily_all_infections",1032,1032,1032,1032,1032,1032,1032,1032
"Idaho","status_quo","Past",2020-08-12,"daily_all_infections",1032,1032,1032,1032,1032,1032,1032,1032
"Idaho","linear_increase_sd","Past",2020-08-12,"daily_cases",407,407,407,407,407,407,407,407
"Idaho","return_normal","Past",2020-08-12,"daily_cases",407,407,407,407,407,407,407,407
"Idaho","status_quo","Past",2020-08-12,"daily_cases",407,407,407,407,407,407,407,407
"Idaho","linear_increase_sd","Past",2020-08-12,"daily_deaths",10,10,10,10,10,10,10,10
"Idaho","return_normal","Past",2020-08-12,"daily_deaths",10,10,10,10,10,10,10,10
"Idaho","status_quo","Past",2020-08-12,"daily_deaths",10,10,10,10,10,10,10,10
"Idaho","linear_increase_sd","Past",2020-08-12,"daily_hosps",58,58,58,58,58,58,58,58
"Idaho","return_normal","Past",2020-08-12,"daily_hosps",58,58,58,58,58,58,58,58
"Idaho","status_quo","Past",2020-08-12,"daily_hosps",58,58,58,58,58,58,58,58
"Idaho","linear_increase_sd","Past",2020-08-12,"latent_trend",NA,NA,NA,0.31517516232695,NA,NA,NA,NA
"Idaho","return_normal","Past",2020-08-12,"latent_trend",NA,NA,NA,0.31517516232695,NA,NA,NA,NA
"Idaho","status_quo","Past",2020-08-12,"latent_trend",NA,NA,NA,0.31517516232695,NA,NA,NA,NA
"Idaho","linear_increase_sd","Past",2020-08-12,"mobility_trend",NA,NA,NA,0.989888838237516,NA,NA,NA,NA
"Idaho","return_normal","Past",2020-08-12,"mobility_trend",NA,NA,NA,0.989888838237516,NA,NA,NA,NA
"Idaho","status_quo","Past",2020-08-12,"mobility_trend",NA,NA,NA,0.989888838237516,NA,NA,NA,NA
"Idaho",NA,"Past",2020-08-13,"actual_cumulative_cases",NA,NA,NA,26133,NA,NA,NA,NA
"Idaho",NA,"Past",2020-08-13,"actual_cumulative_deaths",NA,NA,NA,247,NA,NA,NA,NA
"Idaho",NA,"Past",2020-08-13,"actual_daily_cases",NA,NA,NA,538,NA,NA,NA,NA
"Idaho",NA,"Past",2020-08-13,"actual_daily_deaths",NA,NA,NA,0,NA,NA,NA,NA
"Idaho","linear_increase_sd","Past",2020-08-13,"combined_trend",NA,NA,NA,0.314078029134974,NA,NA,NA,NA
"Idaho","return_normal","Past",2020-08-13,"combined_trend",NA,NA,NA,0.314078029134974,NA,NA,NA,NA
"Idaho","status_quo","Past",2020-08-13,"combined_trend",NA,NA,NA,0.314078029134974,NA,NA,NA,NA
"Idaho","linear_increase_sd","Past",2020-08-13,"cumulative_all_infections",89651,89651,89651,89651,89651,89651,89651,89651
"Idaho","return_normal","Past",2020-08-13,"cumulative_all_infections",89651,89651,89651,89651,89651,89651,89651,89651
"Idaho","status_quo","Past",2020-08-13,"cumulative_all_infections",89651,89651,89651,89651,89651,89651,89651,89651
"Idaho","linear_increase_sd","Past",2020-08-13,"cumulative_cases",27887,27887,27887,27887,27887,27887,27887,27887
"Idaho","return_normal","Past",2020-08-13,"cumulative_cases",27887,27887,27887,27887,27887,27887,27887,27887
"Idaho","status_quo","Past",2020-08-13,"cumulative_cases",27887,27887,27887,27887,27887,27887,27887,27887
"Idaho","linear_increase_sd","Past",2020-08-13,"cumulative_deaths",576,576,576,576,576,576,576,576
"Idaho","return_normal","Past",2020-08-13,"cumulative_deaths",576,576,576,576,576,576,576,576
"Idaho","status_quo","Past",2020-08-13,"cumulative_deaths",576,576,576,576,576,576,576,576
"Idaho","linear_increase_sd","Past",2020-08-13,"cumulative_hosps",3092,3092,3092,3092,3092,3092,3092,3092
"Idaho","return_normal","Past",2020-08-13,"cumulative_hosps",3092,3092,3092,3092,3092,3092,3092,3092
"Idaho","status_quo","Past",2020-08-13,"cumulative_hosps",3092,3092,3092,3092,3092,3092,3092,3092
"Idaho","linear_increase_sd","Past",2020-08-13,"daily_all_infections",1007,1007,1007,1007,1007,1007,1007,1007
"Idaho","return_normal","Past",2020-08-13,"daily_all_infections",1007,1007,1007,1007,1007,1007,1007,1007
"Idaho","status_quo","Past",2020-08-13,"daily_all_infections",1007,1007,1007,1007,1007,1007,1007,1007
"Idaho","linear_increase_sd","Past",2020-08-13,"daily_cases",468,468,468,468,468,468,468,468
"Idaho","return_normal","Past",2020-08-13,"daily_cases",468,468,468,468,468,468,468,468
"Idaho","status_quo","Past",2020-08-13,"daily_cases",468,468,468,468,468,468,468,468
"Idaho","linear_increase_sd","Past",2020-08-13,"daily_deaths",9,9,9,9,9,9,9,9
"Idaho","return_normal","Past",2020-08-13,"daily_deaths",9,9,9,9,9,9,9,9
"Idaho","status_quo","Past",2020-08-13,"daily_deaths",9,9,9,9,9,9,9,9
"Idaho","linear_increase_sd","Past",2020-08-13,"daily_hosps",57,57,57,57,57,57,57,57
"Idaho","return_normal","Past",2020-08-13,"daily_hosps",57,57,57,57,57,57,57,57
"Idaho","status_quo","Past",2020-08-13,"daily_hosps",57,57,57,57,57,57,57,57
"Idaho","linear_increase_sd","Past",2020-08-13,"latent_trend",NA,NA,NA,0.317555713250514,NA,NA,NA,NA
"Idaho","return_normal","Past",2020-08-13,"latent_trend",NA,NA,NA,0.317555713250514,NA,NA,NA,NA
"Idaho","status_quo","Past",2020-08-13,"latent_trend",NA,NA,NA,0.317555713250514,NA,NA,NA,NA
"Idaho","linear_increase_sd","Past",2020-08-13,"mobility_trend",NA,NA,NA,0.989048585900275,NA,NA,NA,NA
"Idaho","return_normal","Past",2020-08-13,"mobility_trend",NA,NA,NA,0.989048585900275,NA,NA,NA,NA
"Idaho","status_quo","Past",2020-08-13,"mobility_trend",NA,NA,NA,0.989048585900275,NA,NA,NA,NA
"Idaho",NA,"Past",2020-08-14,"actual_cumulative_cases",NA,NA,NA,26631,NA,NA,NA,NA
"Idaho",NA,"Past",2020-08-14,"actual_cumulative_deaths",NA,NA,NA,252,NA,NA,NA,NA
"Idaho",NA,"Past",2020-08-14,"actual_daily_cases",NA,NA,NA,498,NA,NA,NA,NA
"Idaho",NA,"Past",2020-08-14,"actual_daily_deaths",NA,NA,NA,5,NA,NA,NA,NA
"Idaho","linear_increase_sd","Past",2020-08-14,"combined_trend",NA,NA,NA,0.31642634012378,NA,NA,NA,NA
"Idaho","return_normal","Past",2020-08-14,"combined_trend",NA,NA,NA,0.31642634012378,NA,NA,NA,NA
"Idaho","status_quo","Past",2020-08-14,"combined_trend",NA,NA,NA,0.31642634012378,NA,NA,NA,NA
"Idaho","linear_increase_sd","Past",2020-08-14,"cumulative_all_infections",90652,90652,90652,90652,90652,90652,90652,90652
"Idaho","return_normal","Past",2020-08-14,"cumulative_all_infections",90652,90652,90652,90652,90652,90652,90652,90652
"Idaho","status_quo","Past",2020-08-14,"cumulative_all_infections",90652,90652,90652,90652,90652,90652,90652,90652
"Idaho","linear_increase_sd","Past",2020-08-14,"cumulative_cases",28343,28343,28343,28343,28343,28343,28343,28343
"Idaho","return_normal","Past",2020-08-14,"cumulative_cases",28343,28343,28343,28343,28343,28343,28343,28343
"Idaho","status_quo","Past",2020-08-14,"cumulative_cases",28343,28343,28343,28343,28343,28343,28343,28343
"Idaho","linear_increase_sd","Past",2020-08-14,"cumulative_deaths",586,586,586,586,586,586,586,586
"Idaho","return_normal","Past",2020-08-14,"cumulative_deaths",586,586,586,586,586,586,586,586
"Idaho","status_quo","Past",2020-08-14,"cumulative_deaths",586,586,586,586,586,586,586,586
"Idaho","linear_increase_sd","Past",2020-08-14,"cumulative_hosps",3148,3148,3148,3148,3148,3148,3148,3148
"Idaho","return_normal","Past",2020-08-14,"cumulative_hosps",3148,3148,3148,3148,3148,3148,3148,3148
"Idaho","status_quo","Past",2020-08-14,"cumulative_hosps",3148,3148,3148,3148,3148,3148,3148,3148
"Idaho","linear_increase_sd","Past",2020-08-14,"daily_all_infections",1001,1001,1001,1001,1001,1001,1001,1001
"Idaho","return_normal","Past",2020-08-14,"daily_all_infections",1001,1001,1001,1001,1001,1001,1001,1001
"Idaho","status_quo","Past",2020-08-14,"daily_all_infections",1001,1001,1001,1001,1001,1001,1001,1001
"Idaho","linear_increase_sd","Past",2020-08-14,"daily_cases",456,456,456,456,456,456,456,456
"Idaho","return_normal","Past",2020-08-14,"daily_cases",456,456,456,456,456,456,456,456
"Idaho","status_quo","Past",2020-08-14,"daily_cases",456,456,456,456,456,456,456,456
"Idaho","linear_increase_sd","Past",2020-08-14,"daily_deaths",10,10,10,10,10,10,10,10
"Idaho","return_normal","Past",2020-08-14,"daily_deaths",10,10,10,10,10,10,10,10
"Idaho","status_quo","Past",2020-08-14,"daily_deaths",10,10,10,10,10,10,10,10
"Idaho","linear_increase_sd","Past",2020-08-14,"daily_hosps",56,56,56,56,56,56,56,56
"Idaho","return_normal","Past",2020-08-14,"daily_hosps",56,56,56,56,56,56,56,56
"Idaho","status_quo","Past",2020-08-14,"daily_hosps",56,56,56,56,56,56,56,56
"Idaho","linear_increase_sd","Past",2020-08-14,"latent_trend",NA,NA,NA,0.320211929628704,NA,NA,NA,NA
"Idaho","return_normal","Past",2020-08-14,"latent_trend",NA,NA,NA,0.320211929628704,NA,NA,NA,NA
"Idaho","status_quo","Past",2020-08-14,"latent_trend",NA,NA,NA,0.320211929628704,NA,NA,NA,NA
"Idaho","linear_increase_sd","Past",2020-08-14,"mobility_trend",NA,NA,NA,0.988177862363485,NA,NA,NA,NA
"Idaho","return_normal","Past",2020-08-14,"mobility_trend",NA,NA,NA,0.988177862363485,NA,NA,NA,NA
"Idaho","status_quo","Past",2020-08-14,"mobility_trend",NA,NA,NA,0.988177862363485,NA,NA,NA,NA
"Idaho",NA,"Past",2020-08-15,"actual_cumulative_cases",NA,NA,NA,27173,NA,NA,NA,NA
"Idaho",NA,"Past",2020-08-15,"actual_cumulative_deaths",NA,NA,NA,266,NA,NA,NA,NA
"Idaho",NA,"Past",2020-08-15,"actual_daily_cases",NA,NA,NA,542,NA,NA,NA,NA
"Idaho",NA,"Past",2020-08-15,"actual_daily_deaths",NA,NA,NA,14,NA,NA,NA,NA
"Idaho","linear_increase_sd","Past",2020-08-15,"combined_trend",NA,NA,NA,0.319001376444924,NA,NA,NA,NA
"Idaho","return_normal","Past",2020-08-15,"combined_trend",NA,NA,NA,0.319001376444924,NA,NA,NA,NA
"Idaho","status_quo","Past",2020-08-15,"combined_trend",NA,NA,NA,0.319001376444924,NA,NA,NA,NA
"Idaho","linear_increase_sd","Past",2020-08-15,"cumulative_all_infections",91635,91635,91635,91635,91635,91635,91635,91635
"Idaho","return_normal","Past",2020-08-15,"cumulative_all_infections",91635,91635,91635,91635,91635,91635,91635,91635
"Idaho","status_quo","Past",2020-08-15,"cumulative_all_infections",91635,91635,91635,91635,91635,91635,91635,91635
"Idaho","linear_increase_sd","Past",2020-08-15,"cumulative_cases",28704,28704,28704,28704,28704,28704,28704,28704
"Idaho","return_normal","Past",2020-08-15,"cumulative_cases",28704,28704,28704,28704,28704,28704,28704,28704
"Idaho","status_quo","Past",2020-08-15,"cumulative_cases",28704,28704,28704,28704,28704,28704,28704,28704
"Idaho","linear_increase_sd","Past",2020-08-15,"cumulative_deaths",595,595,595,595,595,595,595,595
"Idaho","return_normal","Past",2020-08-15,"cumulative_deaths",595,595,595,595,595,595,595,595
"Idaho","status_quo","Past",2020-08-15,"cumulative_deaths",595,595,595,595,595,595,595,595
"Idaho","linear_increase_sd","Past",2020-08-15,"cumulative_hosps",3202,3202,3202,3202,3202,3202,3202,3202
"Idaho","return_normal","Past",2020-08-15,"cumulative_hosps",3202,3202,3202,3202,3202,3202,3202,3202
"Idaho","status_quo","Past",2020-08-15,"cumulative_hosps",3202,3202,3202,3202,3202,3202,3202,3202
"Idaho","linear_increase_sd","Past",2020-08-15,"daily_all_infections",983,983,983,983,983,983,983,983
"Idaho","return_normal","Past",2020-08-15,"daily_all_infections",983,983,983,983,983,983,983,983
"Idaho","status_quo","Past",2020-08-15,"daily_all_infections",983,983,983,983,983,983,983,983
"Idaho","linear_increase_sd","Past",2020-08-15,"daily_cases",361,361,361,361,361,361,361,361
"Idaho","return_normal","Past",2020-08-15,"daily_cases",361,361,361,361,361,361,361,361
"Idaho","status_quo","Past",2020-08-15,"daily_cases",361,361,361,361,361,361,361,361
"Idaho","linear_increase_sd","Past",2020-08-15,"daily_deaths",9,9,9,9,9,9,9,9
"Idaho","return_normal","Past",2020-08-15,"daily_deaths",9,9,9,9,9,9,9,9
"Idaho","status_quo","Past",2020-08-15,"daily_deaths",9,9,9,9,9,9,9,9
"Idaho","linear_increase_sd","Past",2020-08-15,"daily_hosps",54,54,54,54,54,54,54,54
"Idaho","return_normal","Past",2020-08-15,"daily_hosps",54,54,54,54,54,54,54,54
"Idaho","status_quo","Past",2020-08-15,"daily_hosps",54,54,54,54,54,54,54,54
"Idaho","linear_increase_sd","Past",2020-08-15,"latent_trend",NA,NA,NA,0.323132575387045,NA,NA,NA,NA
"Idaho","return_normal","Past",2020-08-15,"latent_trend",NA,NA,NA,0.323132575387045,NA,NA,NA,NA
"Idaho","status_quo","Past",2020-08-15,"latent_trend",NA,NA,NA,0.323132575387045,NA,NA,NA,NA
"Idaho","linear_increase_sd","Past",2020-08-15,"mobility_trend",NA,NA,NA,0.987215157935802,NA,NA,NA,NA
"Idaho","return_normal","Past",2020-08-15,"mobility_trend",NA,NA,NA,0.987215157935802,NA,NA,NA,NA
"Idaho","status_quo","Past",2020-08-15,"mobility_trend",NA,NA,NA,0.987215157935802,NA,NA,NA,NA
"Idaho",NA,"Past",2020-08-16,"actual_cumulative_cases",NA,NA,NA,27477,NA,NA,NA,NA
"Idaho",NA,"Past",2020-08-16,"actual_cumulative_deaths",NA,NA,NA,270,NA,NA,NA,NA
"Idaho",NA,"Past",2020-08-16,"actual_daily_cases",NA,NA,NA,304,NA,NA,NA,NA
"Idaho",NA,"Past",2020-08-16,"actual_daily_deaths",NA,NA,NA,4,NA,NA,NA,NA
"Idaho","linear_increase_sd","Past",2020-08-16,"combined_trend",NA,NA,NA,0.321770914026128,NA,NA,NA,NA
"Idaho","return_normal","Past",2020-08-16,"combined_trend",NA,NA,NA,0.321770914026128,NA,NA,NA,NA
"Idaho","status_quo","Past",2020-08-16,"combined_trend",NA,NA,NA,0.321770914026128,NA,NA,NA,NA
"Idaho","linear_increase_sd","Past",2020-08-16,"cumulative_all_infections",92603,92603,92603,92603,92603,92603,92603,92603
"Idaho","return_normal","Past",2020-08-16,"cumulative_all_infections",92603,92603,92603,92603,92603,92603,92603,92603
"Idaho","status_quo","Past",2020-08-16,"cumulative_all_infections",92603,92603,92603,92603,92603,92603,92603,92603
"Idaho","linear_increase_sd","Past",2020-08-16,"cumulative_cases",29077,29077,29077,29077,29077,29077,29077,29077
"Idaho","return_normal","Past",2020-08-16,"cumulative_cases",29077,29077,29077,29077,29077,29077,29077,29077
"Idaho","status_quo","Past",2020-08-16,"cumulative_cases",29077,29077,29077,29077,29077,29077,29077,29077
"Idaho","linear_increase_sd","Past",2020-08-16,"cumulative_deaths",604,604,604,604,604,604,604,604
"Idaho","return_normal","Past",2020-08-16,"cumulative_deaths",604,604,604,604,604,604,604,604
"Idaho","status_quo","Past",2020-08-16,"cumulative_deaths",604,604,604,604,604,604,604,604
"Idaho","linear_increase_sd","Past",2020-08-16,"cumulative_hosps",3255,3255,3255,3255,3255,3255,3255,3255
"Idaho","return_normal","Past",2020-08-16,"cumulative_hosps",3255,3255,3255,3255,3255,3255,3255,3255
"Idaho","status_quo","Past",2020-08-16,"cumulative_hosps",3255,3255,3255,3255,3255,3255,3255,3255
"Idaho","linear_increase_sd","Past",2020-08-16,"daily_all_infections",968,968,968,968,968,968,968,968
"Idaho","return_normal","Past",2020-08-16,"daily_all_infections",968,968,968,968,968,968,968,968
"Idaho","status_quo","Past",2020-08-16,"daily_all_infections",968,968,968,968,968,968,968,968
"Idaho","linear_increase_sd","Past",2020-08-16,"daily_cases",373,373,373,373,373,373,373,373
"Idaho","return_normal","Past",2020-08-16,"daily_cases",373,373,373,373,373,373,373,373
"Idaho","status_quo","Past",2020-08-16,"daily_cases",373,373,373,373,373,373,373,373
"Idaho","linear_increase_sd","Past",2020-08-16,"daily_deaths",9,9,9,9,9,9,9,9
"Idaho","return_normal","Past",2020-08-16,"daily_deaths",9,9,9,9,9,9,9,9
"Idaho","status_quo","Past",2020-08-16,"daily_deaths",9,9,9,9,9,9,9,9
"Idaho","linear_increase_sd","Past",2020-08-16,"daily_hosps",53,53,53,53,53,53,53,53
"Idaho","return_normal","Past",2020-08-16,"daily_hosps",53,53,53,53,53,53,53,53
"Idaho","status_quo","Past",2020-08-16,"daily_hosps",53,53,53,53,53,53,53,53
"Idaho","linear_increase_sd","Past",2020-08-16,"latent_trend",NA,NA,NA,0.326306409494122,NA,NA,NA,NA
"Idaho","return_normal","Past",2020-08-16,"latent_trend",NA,NA,NA,0.326306409494122,NA,NA,NA,NA
"Idaho","status_quo","Past",2020-08-16,"latent_trend",NA,NA,NA,0.326306409494122,NA,NA,NA,NA
"Idaho","linear_increase_sd","Past",2020-08-16,"mobility_trend",NA,NA,NA,0.986100501442723,NA,NA,NA,NA
"Idaho","return_normal","Past",2020-08-16,"mobility_trend",NA,NA,NA,0.986100501442723,NA,NA,NA,NA
"Idaho","status_quo","Past",2020-08-16,"mobility_trend",NA,NA,NA,0.986100501442723,NA,NA,NA,NA
"Idaho",NA,"Past",2020-08-17,"actual_cumulative_cases",NA,NA,NA,27660,NA,NA,NA,NA
"Idaho",NA,"Past",2020-08-17,"actual_cumulative_deaths",NA,NA,NA,270,NA,NA,NA,NA
"Idaho",NA,"Past",2020-08-17,"actual_daily_cases",NA,NA,NA,183,NA,NA,NA,NA
"Idaho",NA,"Past",2020-08-17,"actual_daily_deaths",NA,NA,NA,0,NA,NA,NA,NA
"Idaho","linear_increase_sd","Past",2020-08-17,"combined_trend",NA,NA,NA,0.324702314787274,NA,NA,NA,NA
"Idaho","return_normal","Past",2020-08-17,"combined_trend",NA,NA,NA,0.324702314787274,NA,NA,NA,NA
"Idaho","status_quo","Past",2020-08-17,"combined_trend",NA,NA,NA,0.324702314787274,NA,NA,NA,NA
"Idaho","linear_increase_sd","Past",2020-08-17,"cumulative_all_infections",93554,93554,93554,93554,93554,93554,93554,93554
"Idaho","return_normal","Past",2020-08-17,"cumulative_all_infections",93554,93554,93554,93554,93554,93554,93554,93554
"Idaho","status_quo","Past",2020-08-17,"cumulative_all_infections",93554,93554,93554,93554,93554,93554,93554,93554
"Idaho","linear_increase_sd","Past",2020-08-17,"cumulative_cases",29451,29451,29451,29451,29451,29451,29451,29451
"Idaho","return_normal","Past",2020-08-17,"cumulative_cases",29451,29451,29451,29451,29451,29451,29451,29451
"Idaho","status_quo","Past",2020-08-17,"cumulative_cases",29451,29451,29451,29451,29451,29451,29451,29451
"Idaho","linear_increase_sd","Past",2020-08-17,"cumulative_deaths",612,612,612,612,612,612,612,612
"Idaho","return_normal","Past",2020-08-17,"cumulative_deaths",612,612,612,612,612,612,612,612
"Idaho","status_quo","Past",2020-08-17,"cumulative_deaths",612,612,612,612,612,612,612,612
"Idaho","linear_increase_sd","Past",2020-08-17,"cumulative_hosps",3305,3305,3305,3305,3305,3305,3305,3305
"Idaho","return_normal","Past",2020-08-17,"cumulative_hosps",3305,3305,3305,3305,3305,3305,3305,3305
"Idaho","status_quo","Past",2020-08-17,"cumulative_hosps",3305,3305,3305,3305,3305,3305,3305,3305
"Idaho","linear_increase_sd","Past",2020-08-17,"daily_all_infections",951,951,951,951,951,951,951,951
"Idaho","return_normal","Past",2020-08-17,"daily_all_infections",951,951,951,951,951,951,951,951
"Idaho","status_quo","Past",2020-08-17,"daily_all_infections",951,951,951,951,951,951,951,951
"Idaho","linear_increase_sd","Past",2020-08-17,"daily_cases",374,374,374,374,374,374,374,374
"Idaho","return_normal","Past",2020-08-17,"daily_cases",374,374,374,374,374,374,374,374
"Idaho","status_quo","Past",2020-08-17,"daily_cases",374,374,374,374,374,374,374,374
"Idaho","linear_increase_sd","Past",2020-08-17,"daily_deaths",8,8,8,8,8,8,8,8
"Idaho","return_normal","Past",2020-08-17,"daily_deaths",8,8,8,8,8,8,8,8
"Idaho","status_quo","Past",2020-08-17,"daily_deaths",8,8,8,8,8,8,8,8
"Idaho","linear_increase_sd","Past",2020-08-17,"daily_hosps",50,50,50,50,50,50,50,50
"Idaho","return_normal","Past",2020-08-17,"daily_hosps",50,50,50,50,50,50,50,50
"Idaho","status_quo","Past",2020-08-17,"daily_hosps",50,50,50,50,50,50,50,50
"Idaho","linear_increase_sd","Past",2020-08-17,"latent_trend",NA,NA,NA,0.329722569625525,NA,NA,NA,NA
"Idaho","return_normal","Past",2020-08-17,"latent_trend",NA,NA,NA,0.329722569625525,NA,NA,NA,NA
"Idaho","status_quo","Past",2020-08-17,"latent_trend",NA,NA,NA,0.329722569625525,NA,NA,NA,NA
"Idaho","linear_increase_sd","Past",2020-08-17,"mobility_trend",NA,NA,NA,0.984774306338956,NA,NA,NA,NA
"Idaho","return_normal","Past",2020-08-17,"mobility_trend",NA,NA,NA,0.984774306338956,NA,NA,NA,NA
"Idaho","status_quo","Past",2020-08-17,"mobility_trend",NA,NA,NA,0.984774306338956,NA,NA,NA,NA
"Idaho",NA,"Past",2020-08-18,"actual_cumulative_cases",NA,NA,NA,27942,NA,NA,NA,NA
"Idaho",NA,"Past",2020-08-18,"actual_cumulative_deaths",NA,NA,NA,274,NA,NA,NA,NA
"Idaho",NA,"Past",2020-08-18,"actual_daily_cases",NA,NA,NA,282,NA,NA,NA,NA
"Idaho",NA,"Past",2020-08-18,"actual_daily_deaths",NA,NA,NA,4,NA,NA,NA,NA
"Idaho","linear_increase_sd","Past",2020-08-18,"combined_trend",NA,NA,NA,0.327762142314566,NA,NA,NA,NA
"Idaho","return_normal","Past",2020-08-18,"combined_trend",NA,NA,NA,0.327762142314566,NA,NA,NA,NA
"Idaho","status_quo","Past",2020-08-18,"combined_trend",NA,NA,NA,0.327762142314566,NA,NA,NA,NA
"Idaho","linear_increase_sd","Past",2020-08-18,"cumulative_all_infections",94497,94497,94497,94497,94497,94497,94497,94497
"Idaho","return_normal","Past",2020-08-18,"cumulative_all_infections",94497,94497,94497,94497,94497,94497,94497,94497
"Idaho","status_quo","Past",2020-08-18,"cumulative_all_infections",94497,94497,94497,94497,94497,94497,94497,94497
"Idaho","linear_increase_sd","Past",2020-08-18,"cumulative_cases",29814,29814,29814,29814,29814,29814,29814,29814
"Idaho","return_normal","Past",2020-08-18,"cumulative_cases",29814,29814,29814,29814,29814,29814,29814,29814
"Idaho","status_quo","Past",2020-08-18,"cumulative_cases",29814,29814,29814,29814,29814,29814,29814,29814
"Idaho","linear_increase_sd","Past",2020-08-18,"cumulative_deaths",621,621,621,621,621,621,621,621
"Idaho","return_normal","Past",2020-08-18,"cumulative_deaths",621,621,621,621,621,621,621,621
"Idaho","status_quo","Past",2020-08-18,"cumulative_deaths",621,621,621,621,621,621,621,621
"Idaho","linear_increase_sd","Past",2020-08-18,"cumulative_hosps",3356,3356,3356,3356,3356,3356,3356,3356
"Idaho","return_normal","Past",2020-08-18,"cumulative_hosps",3356,3356,3356,3356,3356,3356,3356,3356
"Idaho","status_quo","Past",2020-08-18,"cumulative_hosps",3356,3356,3356,3356,3356,3356,3356,3356
"Idaho","linear_increase_sd","Past",2020-08-18,"daily_all_infections",943,943,943,943,943,943,943,943
"Idaho","return_normal","Past",2020-08-18,"daily_all_infections",943,943,943,943,943,943,943,943
"Idaho","status_quo","Past",2020-08-18,"daily_all_infections",943,943,943,943,943,943,943,943
"Idaho","linear_increase_sd","Past",2020-08-18,"daily_cases",363,363,363,363,363,363,363,363
"Idaho","return_normal","Past",2020-08-18,"daily_cases",363,363,363,363,363,363,363,363
"Idaho","status_quo","Past",2020-08-18,"daily_cases",363,363,363,363,363,363,363,363
"Idaho","linear_increase_sd","Past",2020-08-18,"daily_deaths",9,9,9,9,9,9,9,9
"Idaho","return_normal","Past",2020-08-18,"daily_deaths",9,9,9,9,9,9,9,9
"Idaho","status_quo","Past",2020-08-18,"daily_deaths",9,9,9,9,9,9,9,9
"Idaho","linear_increase_sd","Past",2020-08-18,"daily_hosps",51,51,51,51,51,51,51,51
"Idaho","return_normal","Past",2020-08-18,"daily_hosps",51,51,51,51,51,51,51,51
"Idaho","status_quo","Past",2020-08-18,"daily_hosps",51,51,51,51,51,51,51,51
"Idaho","linear_increase_sd","Past",2020-08-18,"latent_trend",NA,NA,NA,0.333370437830977,NA,NA,NA,NA
"Idaho","return_normal","Past",2020-08-18,"latent_trend",NA,NA,NA,0.333370437830977,NA,NA,NA,NA
"Idaho","status_quo","Past",2020-08-18,"latent_trend",NA,NA,NA,0.333370437830977,NA,NA,NA,NA
"Idaho","linear_increase_sd","Past",2020-08-18,"mobility_trend",NA,NA,NA,0.98317698607921,NA,NA,NA,NA
"Idaho","return_normal","Past",2020-08-18,"mobility_trend",NA,NA,NA,0.98317698607921,NA,NA,NA,NA
"Idaho","status_quo","Past",2020-08-18,"mobility_trend",NA,NA,NA,0.98317698607921,NA,NA,NA,NA
"Idaho",NA,"Past",2020-08-19,"actual_cumulative_cases",NA,NA,NA,28326,NA,NA,NA,NA
"Idaho",NA,"Past",2020-08-19,"actual_cumulative_deaths",NA,NA,NA,283,NA,NA,NA,NA
"Idaho",NA,"Past",2020-08-19,"actual_daily_cases",NA,NA,NA,384,NA,NA,NA,NA
"Idaho",NA,"Past",2020-08-19,"actual_daily_deaths",NA,NA,NA,9,NA,NA,NA,NA
"Idaho","linear_increase_sd","Past",2020-08-19,"combined_trend",NA,NA,NA,0.330914072296734,NA,NA,NA,NA
"Idaho","return_normal","Past",2020-08-19,"combined_trend",NA,NA,NA,0.330914072296734,NA,NA,NA,NA
"Idaho","status_quo","Past",2020-08-19,"combined_trend",NA,NA,NA,0.330914072296734,NA,NA,NA,NA
"Idaho","linear_increase_sd","Past",2020-08-19,"cumulative_all_infections",95430,95430,95430,95430,95430,95430,95430,95430
"Idaho","return_normal","Past",2020-08-19,"cumulative_all_infections",95430,95430,95430,95430,95430,95430,95430,95430
"Idaho","status_quo","Past",2020-08-19,"cumulative_all_infections",95430,95430,95430,95430,95430,95430,95430,95430
"Idaho","linear_increase_sd","Past",2020-08-19,"cumulative_cases",30201,30201,30201,30201,30201,30201,30201,30201
"Idaho","return_normal","Past",2020-08-19,"cumulative_cases",30201,30201,30201,30201,30201,30201,30201,30201
"Idaho","status_quo","Past",2020-08-19,"cumulative_cases",30201,30201,30201,30201,30201,30201,30201,30201
"Idaho","linear_increase_sd","Past",2020-08-19,"cumulative_deaths",628,628,628,628,628,628,628,628
"Idaho","return_normal","Past",2020-08-19,"cumulative_deaths",628,628,628,628,628,628,628,628
"Idaho","status_quo","Past",2020-08-19,"cumulative_deaths",628,628,628,628,628,628,628,628
"Idaho","linear_increase_sd","Past",2020-08-19,"cumulative_hosps",3406,3406,3406,3406,3406,3406,3406,3406
"Idaho","return_normal","Past",2020-08-19,"cumulative_hosps",3406,3406,3406,3406,3406,3406,3406,3406
"Idaho","status_quo","Past",2020-08-19,"cumulative_hosps",3406,3406,3406,3406,3406,3406,3406,3406
"Idaho","linear_increase_sd","Past",2020-08-19,"daily_all_infections",933,933,933,933,933,933,933,933
"Idaho","return_normal","Past",2020-08-19,"daily_all_infections",933,933,933,933,933,933,933,933
"Idaho","status_quo","Past",2020-08-19,"daily_all_infections",933,933,933,933,933,933,933,933
"Idaho","linear_increase_sd","Past",2020-08-19,"daily_cases",387,387,387,387,387,387,387,387
"Idaho","return_normal","Past",2020-08-19,"daily_cases",387,387,387,387,387,387,387,387
"Idaho","status_quo","Past",2020-08-19,"daily_cases",387,387,387,387,387,387,387,387
"Idaho","linear_increase_sd","Past",2020-08-19,"daily_deaths",7,7,7,7,7,7,7,7
"Idaho","return_normal","Past",2020-08-19,"daily_deaths",7,7,7,7,7,7,7,7
"Idaho","status_quo","Past",2020-08-19,"daily_deaths",7,7,7,7,7,7,7,7
"Idaho","linear_increase_sd","Past",2020-08-19,"daily_hosps",50,50,50,50,50,50,50,50
"Idaho","return_normal","Past",2020-08-19,"daily_hosps",50,50,50,50,50,50,50,50
"Idaho","status_quo","Past",2020-08-19,"daily_hosps",50,50,50,50,50,50,50,50
"Idaho","linear_increase_sd","Past",2020-08-19,"latent_trend",NA,NA,NA,0.337239201231035,NA,NA,NA,NA
"Idaho","return_normal","Past",2020-08-19,"latent_trend",NA,NA,NA,0.337239201231035,NA,NA,NA,NA
"Idaho","status_quo","Past",2020-08-19,"latent_trend",NA,NA,NA,0.337239201231035,NA,NA,NA,NA
"Idaho","linear_increase_sd","Past",2020-08-19,"mobility_trend",NA,NA,NA,0.981244384071565,NA,NA,NA,NA
"Idaho","return_normal","Past",2020-08-19,"mobility_trend",NA,NA,NA,0.981244384071565,NA,NA,NA,NA
"Idaho","status_quo","Past",2020-08-19,"mobility_trend",NA,NA,NA,0.981244384071565,NA,NA,NA,NA
"Idaho",NA,"Past",2020-08-20,"actual_cumulative_cases",NA,NA,NA,28696,NA,NA,NA,NA
"Idaho",NA,"Past",2020-08-20,"actual_cumulative_deaths",NA,NA,NA,292,NA,NA,NA,NA
"Idaho",NA,"Past",2020-08-20,"actual_daily_cases",NA,NA,NA,370,NA,NA,NA,NA
"Idaho",NA,"Past",2020-08-20,"actual_daily_deaths",NA,NA,NA,9,NA,NA,NA,NA
"Idaho","linear_increase_sd","Past",2020-08-20,"combined_trend",NA,NA,NA,0.334113956699634,NA,NA,NA,NA
"Idaho","return_normal","Past",2020-08-20,"combined_trend",NA,NA,NA,0.334113956699634,NA,NA,NA,NA
"Idaho","status_quo","Past",2020-08-20,"combined_trend",NA,NA,NA,0.334113956699634,NA,NA,NA,NA
"Idaho","linear_increase_sd","Past",2020-08-20,"cumulative_all_infections",96360,96360,96360,96360,96360,96360,96360,96360
"Idaho","return_normal","Past",2020-08-20,"cumulative_all_infections",96360,96360,96360,96360,96360,96360,96360,96360
"Idaho","status_quo","Past",2020-08-20,"cumulative_all_infections",96360,96360,96360,96360,96360,96360,96360,96360
"Idaho","linear_increase_sd","Past",2020-08-20,"cumulative_cases",30555,30555,30555,30555,30555,30555,30555,30555
"Idaho","return_normal","Past",2020-08-20,"cumulative_cases",30555,30555,30555,30555,30555,30555,30555,30555
"Idaho","status_quo","Past",2020-08-20,"cumulative_cases",30555,30555,30555,30555,30555,30555,30555,30555
"Idaho","linear_increase_sd","Past",2020-08-20,"cumulative_deaths",636,636,636,636,636,636,636,636
"Idaho","return_normal","Past",2020-08-20,"cumulative_deaths",636,636,636,636,636,636,636,636
"Idaho","status_quo","Past",2020-08-20,"cumulative_deaths",636,636,636,636,636,636,636,636
"Idaho","linear_increase_sd","Past",2020-08-20,"cumulative_hosps",3456,3456,3456,3456,3456,3456,3456,3456
"Idaho","return_normal","Past",2020-08-20,"cumulative_hosps",3456,3456,3456,3456,3456,3456,3456,3456
"Idaho","status_quo","Past",2020-08-20,"cumulative_hosps",3456,3456,3456,3456,3456,3456,3456,3456
"Idaho","linear_increase_sd","Past",2020-08-20,"daily_all_infections",930,930,930,930,930,930,930,930
"Idaho","return_normal","Past",2020-08-20,"daily_all_infections",930,930,930,930,930,930,930,930
"Idaho","status_quo","Past",2020-08-20,"daily_all_infections",930,930,930,930,930,930,930,930
"Idaho","linear_increase_sd","Past",2020-08-20,"daily_cases",354,354,354,354,354,354,354,354
"Idaho","return_normal","Past",2020-08-20,"daily_cases",354,354,354,354,354,354,354,354
"Idaho","status_quo","Past",2020-08-20,"daily_cases",354,354,354,354,354,354,354,354
"Idaho","linear_increase_sd","Past",2020-08-20,"daily_deaths",8,8,8,8,8,8,8,8
"Idaho","return_normal","Past",2020-08-20,"daily_deaths",8,8,8,8,8,8,8,8
"Idaho","status_quo","Past",2020-08-20,"daily_deaths",8,8,8,8,8,8,8,8
"Idaho","linear_increase_sd","Past",2020-08-20,"daily_hosps",50,50,50,50,50,50,50,50
"Idaho","return_normal","Past",2020-08-20,"daily_hosps",50,50,50,50,50,50,50,50
"Idaho","status_quo","Past",2020-08-20,"daily_hosps",50,50,50,50,50,50,50,50
"Idaho","linear_increase_sd","Past",2020-08-20,"latent_trend",NA,NA,NA,0.341317788251969,NA,NA,NA,NA
"Idaho","return_normal","Past",2020-08-20,"latent_trend",NA,NA,NA,0.341317788251969,NA,NA,NA,NA
"Idaho","status_quo","Past",2020-08-20,"latent_trend",NA,NA,NA,0.341317788251969,NA,NA,NA,NA
"Idaho","linear_increase_sd","Past",2020-08-20,"mobility_trend",NA,NA,NA,0.978894063537594,NA,NA,NA,NA
"Idaho","return_normal","Past",2020-08-20,"mobility_trend",NA,NA,NA,0.978894063537594,NA,NA,NA,NA
"Idaho","status_quo","Past",2020-08-20,"mobility_trend",NA,NA,NA,0.978894063537594,NA,NA,NA,NA
"Idaho",NA,"Past",2020-08-21,"actual_cumulative_cases",NA,NA,NA,29120,NA,NA,NA,NA
"Idaho",NA,"Past",2020-08-21,"actual_cumulative_deaths",NA,NA,NA,299,NA,NA,NA,NA
"Idaho",NA,"Past",2020-08-21,"actual_daily_cases",NA,NA,NA,424,NA,NA,NA,NA
"Idaho",NA,"Past",2020-08-21,"actual_daily_deaths",NA,NA,NA,7,NA,NA,NA,NA
"Idaho","linear_increase_sd","Past",2020-08-21,"combined_trend",NA,NA,NA,0.337314031288726,NA,NA,NA,NA
"Idaho","return_normal","Past",2020-08-21,"combined_trend",NA,NA,NA,0.337314031288726,NA,NA,NA,NA
"Idaho","status_quo","Past",2020-08-21,"combined_trend",NA,NA,NA,0.337314031288726,NA,NA,NA,NA
"Idaho","linear_increase_sd","Past",2020-08-21,"cumulative_all_infections",97282,97282,97282,97282,97282,97282,97282,97282
"Idaho","return_normal","Past",2020-08-21,"cumulative_all_infections",97282,97282,97282,97282,97282,97282,97282,97282
"Idaho","status_quo","Past",2020-08-21,"cumulative_all_infections",97282,97282,97282,97282,97282,97282,97282,97282
"Idaho","linear_increase_sd","Past",2020-08-21,"cumulative_cases",30930,30930,30930,30930,30930,30930,30930,30930
"Idaho","return_normal","Past",2020-08-21,"cumulative_cases",30930,30930,30930,30930,30930,30930,30930,30930
"Idaho","status_quo","Past",2020-08-21,"cumulative_cases",30930,30930,30930,30930,30930,30930,30930,30930
"Idaho","linear_increase_sd","Past",2020-08-21,"cumulative_deaths",642,642,642,642,642,642,642,642
"Idaho","return_normal","Past",2020-08-21,"cumulative_deaths",642,642,642,642,642,642,642,642
"Idaho","status_quo","Past",2020-08-21,"cumulative_deaths",642,642,642,642,642,642,642,642
"Idaho","linear_increase_sd","Past",2020-08-21,"cumulative_hosps",3504,3504,3504,3504,3504,3504,3504,3504
"Idaho","return_normal","Past",2020-08-21,"cumulative_hosps",3504,3504,3504,3504,3504,3504,3504,3504
"Idaho","status_quo","Past",2020-08-21,"cumulative_hosps",3504,3504,3504,3504,3504,3504,3504,3504
"Idaho","linear_increase_sd","Past",2020-08-21,"daily_all_infections",922,922,922,922,922,922,922,922
"Idaho","return_normal","Past",2020-08-21,"daily_all_infections",922,922,922,922,922,922,922,922
"Idaho","status_quo","Past",2020-08-21,"daily_all_infections",922,922,922,922,922,922,922,922
"Idaho","linear_increase_sd","Past",2020-08-21,"daily_cases",375,375,375,375,375,375,375,375
"Idaho","return_normal","Past",2020-08-21,"daily_cases",375,375,375,375,375,375,375,375
"Idaho","status_quo","Past",2020-08-21,"daily_cases",375,375,375,375,375,375,375,375
"Idaho","linear_increase_sd","Past",2020-08-21,"daily_deaths",6,6,6,6,6,6,6,6
"Idaho","return_normal","Past",2020-08-21,"daily_deaths",6,6,6,6,6,6,6,6
"Idaho","status_quo","Past",2020-08-21,"daily_deaths",6,6,6,6,6,6,6,6
"Idaho","linear_increase_sd","Past",2020-08-21,"daily_hosps",48,48,48,48,48,48,48,48
"Idaho","return_normal","Past",2020-08-21,"daily_hosps",48,48,48,48,48,48,48,48
"Idaho","status_quo","Past",2020-08-21,"daily_hosps",48,48,48,48,48,48,48,48
"Idaho","linear_increase_sd","Past",2020-08-21,"latent_trend",NA,NA,NA,0.345594822735773,NA,NA,NA,NA
"Idaho","return_normal","Past",2020-08-21,"latent_trend",NA,NA,NA,0.345594822735773,NA,NA,NA,NA
"Idaho","status_quo","Past",2020-08-21,"latent_trend",NA,NA,NA,0.345594822735773,NA,NA,NA,NA
"Idaho","linear_increase_sd","Past",2020-08-21,"mobility_trend",NA,NA,NA,0.976039017652244,NA,NA,NA,NA
"Idaho","return_normal","Past",2020-08-21,"mobility_trend",NA,NA,NA,0.976039017652244,NA,NA,NA,NA
"Idaho","status_quo","Past",2020-08-21,"mobility_trend",NA,NA,NA,0.976039017652244,NA,NA,NA,NA
"Idaho",NA,"Past",2020-08-22,"actual_cumulative_cases",NA,NA,NA,29369,NA,NA,NA,NA
"Idaho",NA,"Past",2020-08-22,"actual_cumulative_deaths",NA,NA,NA,305,NA,NA,NA,NA
"Idaho",NA,"Past",2020-08-22,"actual_daily_cases",NA,NA,NA,249,NA,NA,NA,NA
"Idaho",NA,"Past",2020-08-22,"actual_daily_deaths",NA,NA,NA,6,NA,NA,NA,NA
"Idaho","linear_increase_sd","Past",2020-08-22,"combined_trend",NA,NA,NA,0.34047044081917,NA,NA,NA,NA
"Idaho","return_normal","Past",2020-08-22,"combined_trend",NA,NA,NA,0.34047044081917,NA,NA,NA,NA
"Idaho","status_quo","Past",2020-08-22,"combined_trend",NA,NA,NA,0.34047044081917,NA,NA,NA,NA
"Idaho","linear_increase_sd","Past",2020-08-22,"cumulative_all_infections",98200,98200,98200,98200,98200,98200,98200,98200
"Idaho","return_normal","Past",2020-08-22,"cumulative_all_infections",98200,98200,98200,98200,98200,98200,98200,98200
"Idaho","status_quo","Past",2020-08-22,"cumulative_all_infections",98200,98200,98200,98200,98200,98200,98200,98200
"Idaho","linear_increase_sd","Past",2020-08-22,"cumulative_cases",31257,31257,31257,31257,31257,31257,31257,31257
"Idaho","return_normal","Past",2020-08-22,"cumulative_cases",31257,31257,31257,31257,31257,31257,31257,31257
"Idaho","status_quo","Past",2020-08-22,"cumulative_cases",31257,31257,31257,31257,31257,31257,31257,31257
"Idaho","linear_increase_sd","Past",2020-08-22,"cumulative_deaths",648,648,648,648,648,648,648,648
"Idaho","return_normal","Past",2020-08-22,"cumulative_deaths",648,648,648,648,648,648,648,648
"Idaho","status_quo","Past",2020-08-22,"cumulative_deaths",648,648,648,648,648,648,648,648
"Idaho","linear_increase_sd","Past",2020-08-22,"cumulative_hosps",3551,3551,3551,3551,3551,3551,3551,3551
"Idaho","return_normal","Past",2020-08-22,"cumulative_hosps",3551,3551,3551,3551,3551,3551,3551,3551
"Idaho","status_quo","Past",2020-08-22,"cumulative_hosps",3551,3551,3551,3551,3551,3551,3551,3551
"Idaho","linear_increase_sd","Past",2020-08-22,"daily_all_infections",918,918,918,918,918,918,918,918
"Idaho","return_normal","Past",2020-08-22,"daily_all_infections",918,918,918,918,918,918,918,918
"Idaho","status_quo","Past",2020-08-22,"daily_all_infections",918,918,918,918,918,918,918,918
"Idaho","linear_increase_sd","Past",2020-08-22,"daily_cases",327,327,327,327,327,327,327,327
"Idaho","return_normal","Past",2020-08-22,"daily_cases",327,327,327,327,327,327,327,327
"Idaho","status_quo","Past",2020-08-22,"daily_cases",327,327,327,327,327,327,327,327
"Idaho","linear_increase_sd","Past",2020-08-22,"daily_deaths",6,6,6,6,6,6,6,6
"Idaho","return_normal","Past",2020-08-22,"daily_deaths",6,6,6,6,6,6,6,6
"Idaho","status_quo","Past",2020-08-22,"daily_deaths",6,6,6,6,6,6,6,6
"Idaho","linear_increase_sd","Past",2020-08-22,"daily_hosps",47,47,47,47,47,47,47,47
"Idaho","return_normal","Past",2020-08-22,"daily_hosps",47,47,47,47,47,47,47,47
"Idaho","status_quo","Past",2020-08-22,"daily_hosps",47,47,47,47,47,47,47,47
"Idaho","linear_increase_sd","Past",2020-08-22,"latent_trend",NA,NA,NA,0.350058584248215,NA,NA,NA,NA
"Idaho","return_normal","Past",2020-08-22,"latent_trend",NA,NA,NA,0.350058584248215,NA,NA,NA,NA
"Idaho","status_quo","Past",2020-08-22,"latent_trend",NA,NA,NA,0.350058584248215,NA,NA,NA,NA
"Idaho","linear_increase_sd","Past",2020-08-22,"mobility_trend",NA,NA,NA,0.972609889142879,NA,NA,NA,NA
"Idaho","return_normal","Past",2020-08-22,"mobility_trend",NA,NA,NA,0.972609889142879,NA,NA,NA,NA
"Idaho","status_quo","Past",2020-08-22,"mobility_trend",NA,NA,NA,0.972609889142879,NA,NA,NA,NA
"Idaho",NA,"Past",2020-08-23,"actual_cumulative_cases",NA,NA,NA,29662,NA,NA,NA,NA
"Idaho",NA,"Past",2020-08-23,"actual_cumulative_deaths",NA,NA,NA,307,NA,NA,NA,NA
"Idaho",NA,"Past",2020-08-23,"actual_daily_cases",NA,NA,NA,293,NA,NA,NA,NA
"Idaho",NA,"Past",2020-08-23,"actual_daily_deaths",NA,NA,NA,2,NA,NA,NA,NA
"Idaho","linear_increase_sd","Past",2020-08-23,"combined_trend",NA,NA,NA,0.343562298671454,NA,NA,NA,NA
"Idaho","return_normal","Past",2020-08-23,"combined_trend",NA,NA,NA,0.343562298671454,NA,NA,NA,NA
"Idaho","status_quo","Past",2020-08-23,"combined_trend",NA,NA,NA,0.343562298671454,NA,NA,NA,NA
"Idaho","linear_increase_sd","Past",2020-08-23,"cumulative_all_infections",99113,99113,99113,99113,99113,99113,99113,99113
"Idaho","return_normal","Past",2020-08-23,"cumulative_all_infections",99113,99113,99113,99113,99113,99113,99113,99113
"Idaho","status_quo","Past",2020-08-23,"cumulative_all_infections",99113,99113,99113,99113,99113,99113,99113,99113
"Idaho","linear_increase_sd","Past",2020-08-23,"cumulative_cases",31572,31572,31572,31572,31572,31572,31572,31572
"Idaho","return_normal","Past",2020-08-23,"cumulative_cases",31572,31572,31572,31572,31572,31572,31572,31572
"Idaho","status_quo","Past",2020-08-23,"cumulative_cases",31572,31572,31572,31572,31572,31572,31572,31572
"Idaho","linear_increase_sd","Past",2020-08-23,"cumulative_deaths",654,654,654,654,654,654,654,654
"Idaho","return_normal","Past",2020-08-23,"cumulative_deaths",654,654,654,654,654,654,654,654
"Idaho","status_quo","Past",2020-08-23,"cumulative_deaths",654,654,654,654,654,654,654,654
"Idaho","linear_increase_sd","Past",2020-08-23,"cumulative_hosps",3597,3597,3597,3597,3597,3597,3597,3597
"Idaho","return_normal","Past",2020-08-23,"cumulative_hosps",3597,3597,3597,3597,3597,3597,3597,3597
"Idaho","status_quo","Past",2020-08-23,"cumulative_hosps",3597,3597,3597,3597,3597,3597,3597,3597
"Idaho","linear_increase_sd","Past",2020-08-23,"daily_all_infections",913,913,913,913,913,913,913,913
"Idaho","return_normal","Past",2020-08-23,"daily_all_infections",913,913,913,913,913,913,913,913
"Idaho","status_quo","Past",2020-08-23,"daily_all_infections",913,913,913,913,913,913,913,913
"Idaho","linear_increase_sd","Past",2020-08-23,"daily_cases",315,315,315,315,315,315,315,315
"Idaho","return_normal","Past",2020-08-23,"daily_cases",315,315,315,315,315,315,315,315
"Idaho","status_quo","Past",2020-08-23,"daily_cases",315,315,315,315,315,315,315,315
"Idaho","linear_increase_sd","Past",2020-08-23,"daily_deaths",6,6,6,6,6,6,6,6
"Idaho","return_normal","Past",2020-08-23,"daily_deaths",6,6,6,6,6,6,6,6
"Idaho","status_quo","Past",2020-08-23,"daily_deaths",6,6,6,6,6,6,6,6
"Idaho","linear_increase_sd","Past",2020-08-23,"daily_hosps",46,46,46,46,46,46,46,46
"Idaho","return_normal","Past",2020-08-23,"daily_hosps",46,46,46,46,46,46,46,46
"Idaho","status_quo","Past",2020-08-23,"daily_hosps",46,46,46,46,46,46,46,46
"Idaho","linear_increase_sd","Past",2020-08-23,"latent_trend",NA,NA,NA,0.354696974855536,NA,NA,NA,NA
"Idaho","return_normal","Past",2020-08-23,"latent_trend",NA,NA,NA,0.354696974855536,NA,NA,NA,NA
"Idaho","status_quo","Past",2020-08-23,"latent_trend",NA,NA,NA,0.354696974855536,NA,NA,NA,NA
"Idaho","linear_increase_sd","Past",2020-08-23,"mobility_trend",NA,NA,NA,0.968607918946541,NA,NA,NA,NA
"Idaho","return_normal","Past",2020-08-23,"mobility_trend",NA,NA,NA,0.968607918946541,NA,NA,NA,NA
"Idaho","status_quo","Past",2020-08-23,"mobility_trend",NA,NA,NA,0.968607918946541,NA,NA,NA,NA
"Idaho",NA,"Past",2020-08-24,"actual_cumulative_cases",NA,NA,NA,29853,NA,NA,NA,NA
"Idaho",NA,"Past",2020-08-24,"actual_cumulative_deaths",NA,NA,NA,308,NA,NA,NA,NA
"Idaho",NA,"Past",2020-08-24,"actual_daily_cases",NA,NA,NA,191,NA,NA,NA,NA
"Idaho",NA,"Past",2020-08-24,"actual_daily_deaths",NA,NA,NA,1,NA,NA,NA,NA
"Idaho","linear_increase_sd","Past",2020-08-24,"combined_trend",NA,NA,NA,0.346574275845443,NA,NA,NA,NA
"Idaho","return_normal","Past",2020-08-24,"combined_trend",NA,NA,NA,0.346574275845443,NA,NA,NA,NA
"Idaho","status_quo","Past",2020-08-24,"combined_trend",NA,NA,NA,0.346574275845443,NA,NA,NA,NA
"Idaho","linear_increase_sd","Past",2020-08-24,"cumulative_all_infections",100022,100022,100022,100022,100022,100022,100022,100022
"Idaho","return_normal","Past",2020-08-24,"cumulative_all_infections",100022,100022,100022,100022,100022,100022,100022,100022
"Idaho","status_quo","Past",2020-08-24,"cumulative_all_infections",100022,100022,100022,100022,100022,100022,100022,100022
"Idaho","linear_increase_sd","Past",2020-08-24,"cumulative_cases",31911,31911,31911,31911,31911,31911,31911,31911
"Idaho","return_normal","Past",2020-08-24,"cumulative_cases",31911,31911,31911,31911,31911,31911,31911,31911
"Idaho","status_quo","Past",2020-08-24,"cumulative_cases",31911,31911,31911,31911,31911,31911,31911,31911
"Idaho","linear_increase_sd","Past",2020-08-24,"cumulative_deaths",660,660,660,660,660,660,660,660
"Idaho","return_normal","Past",2020-08-24,"cumulative_deaths",660,660,660,660,660,660,660,660
"Idaho","status_quo","Past",2020-08-24,"cumulative_deaths",660,660,660,660,660,660,660,660
"Idaho","linear_increase_sd","Past",2020-08-24,"cumulative_hosps",3642,3642,3642,3642,3642,3642,3642,3642
"Idaho","return_normal","Past",2020-08-24,"cumulative_hosps",3642,3642,3642,3642,3642,3642,3642,3642
"Idaho","status_quo","Past",2020-08-24,"cumulative_hosps",3642,3642,3642,3642,3642,3642,3642,3642
"Idaho","linear_increase_sd","Past",2020-08-24,"daily_all_infections",909,909,909,909,909,909,909,909
"Idaho","return_normal","Past",2020-08-24,"daily_all_infections",909,909,909,909,909,909,909,909
"Idaho","status_quo","Past",2020-08-24,"daily_all_infections",909,909,909,909,909,909,909,909
"Idaho","linear_increase_sd","Past",2020-08-24,"daily_cases",339,339,339,339,339,339,339,339
"Idaho","return_normal","Past",2020-08-24,"daily_cases",339,339,339,339,339,339,339,339
"Idaho","status_quo","Past",2020-08-24,"daily_cases",339,339,339,339,339,339,339,339
"Idaho","linear_increase_sd","Past",2020-08-24,"daily_deaths",6,6,6,6,6,6,6,6
"Idaho","return_normal","Past",2020-08-24,"daily_deaths",6,6,6,6,6,6,6,6
"Idaho","status_quo","Past",2020-08-24,"daily_deaths",6,6,6,6,6,6,6,6
"Idaho","linear_increase_sd","Past",2020-08-24,"daily_hosps",45,45,45,45,45,45,45,45
"Idaho","return_normal","Past",2020-08-24,"daily_hosps",45,45,45,45,45,45,45,45
"Idaho","status_quo","Past",2020-08-24,"daily_hosps",45,45,45,45,45,45,45,45
"Idaho","linear_increase_sd","Past",2020-08-24,"latent_trend",NA,NA,NA,0.359497492588829,NA,NA,NA,NA
"Idaho","return_normal","Past",2020-08-24,"latent_trend",NA,NA,NA,0.359497492588829,NA,NA,NA,NA
"Idaho","status_quo","Past",2020-08-24,"latent_trend",NA,NA,NA,0.359497492588829,NA,NA,NA,NA
"Idaho","linear_increase_sd","Past",2020-08-24,"mobility_trend",NA,NA,NA,0.964051997552688,NA,NA,NA,NA
"Idaho","return_normal","Past",2020-08-24,"mobility_trend",NA,NA,NA,0.964051997552688,NA,NA,NA,NA
"Idaho","status_quo","Past",2020-08-24,"mobility_trend",NA,NA,NA,0.964051997552688,NA,NA,NA,NA
"Idaho",NA,"Past",2020-08-25,"actual_cumulative_cases",NA,NA,NA,30070,NA,NA,NA,NA
"Idaho",NA,"Past",2020-08-25,"actual_cumulative_deaths",NA,NA,NA,315,NA,NA,NA,NA
"Idaho",NA,"Past",2020-08-25,"actual_daily_cases",NA,NA,NA,217,NA,NA,NA,NA
"Idaho",NA,"Past",2020-08-25,"actual_daily_deaths",NA,NA,NA,7,NA,NA,NA,NA
"Idaho","linear_increase_sd","Past",2020-08-25,"combined_trend",NA,NA,NA,0.349490668261023,NA,NA,NA,NA
"Idaho","return_normal","Past",2020-08-25,"combined_trend",NA,NA,NA,0.349490668261023,NA,NA,NA,NA
"Idaho","status_quo","Past",2020-08-25,"combined_trend",NA,NA,NA,0.349490668261023,NA,NA,NA,NA
"Idaho","linear_increase_sd","Past",2020-08-25,"cumulative_all_infections",100926,100926,100926,100926,100926,100926,100926,100926
"Idaho","return_normal","Past",2020-08-25,"cumulative_all_infections",100926,100926,100926,100926,100926,100926,100926,100926
"Idaho","status_quo","Past",2020-08-25,"cumulative_all_infections",100926,100926,100926,100926,100926,100926,100926,100926
"Idaho","linear_increase_sd","Past",2020-08-25,"cumulative_cases",32245,32245,32245,32245,32245,32245,32245,32245
"Idaho","return_normal","Past",2020-08-25,"cumulative_cases",32245,32245,32245,32245,32245,32245,32245,32245
"Idaho","status_quo","Past",2020-08-25,"cumulative_cases",32245,32245,32245,32245,32245,32245,32245,32245
"Idaho","linear_increase_sd","Past",2020-08-25,"cumulative_deaths",667,667,667,667,667,667,667,667
"Idaho","return_normal","Past",2020-08-25,"cumulative_deaths",667,667,667,667,667,667,667,667
"Idaho","status_quo","Past",2020-08-25,"cumulative_deaths",667,667,667,667,667,667,667,667
"Idaho","linear_increase_sd","Past",2020-08-25,"cumulative_hosps",3686,3686,3686,3686,3686,3686,3686,3686
"Idaho","return_normal","Past",2020-08-25,"cumulative_hosps",3686,3686,3686,3686,3686,3686,3686,3686
"Idaho","status_quo","Past",2020-08-25,"cumulative_hosps",3686,3686,3686,3686,3686,3686,3686,3686
"Idaho","linear_increase_sd","Past",2020-08-25,"daily_all_infections",904,904,904,904,904,904,904,904
"Idaho","return_normal","Past",2020-08-25,"daily_all_infections",904,904,904,904,904,904,904,904
"Idaho","status_quo","Past",2020-08-25,"daily_all_infections",904,904,904,904,904,904,904,904
"Idaho","linear_increase_sd","Past",2020-08-25,"daily_cases",334,334,334,334,334,334,334,334
"Idaho","return_normal","Past",2020-08-25,"daily_cases",334,334,334,334,334,334,334,334
"Idaho","status_quo","Past",2020-08-25,"daily_cases",334,334,334,334,334,334,334,334
"Idaho","linear_increase_sd","Past",2020-08-25,"daily_deaths",7,7,7,7,7,7,7,7
"Idaho","return_normal","Past",2020-08-25,"daily_deaths",7,7,7,7,7,7,7,7
"Idaho","status_quo","Past",2020-08-25,"daily_deaths",7,7,7,7,7,7,7,7
"Idaho","linear_increase_sd","Past",2020-08-25,"daily_hosps",44,44,44,44,44,44,44,44
"Idaho","return_normal","Past",2020-08-25,"daily_hosps",44,44,44,44,44,44,44,44
"Idaho","status_quo","Past",2020-08-25,"daily_hosps",44,44,44,44,44,44,44,44
"Idaho","linear_increase_sd","Past",2020-08-25,"latent_trend",NA,NA,NA,0.364447211753168,NA,NA,NA,NA
"Idaho","return_normal","Past",2020-08-25,"latent_trend",NA,NA,NA,0.364447211753168,NA,NA,NA,NA
"Idaho","status_quo","Past",2020-08-25,"latent_trend",NA,NA,NA,0.364447211753168,NA,NA,NA,NA
"Idaho","linear_increase_sd","Past",2020-08-25,"mobility_trend",NA,NA,NA,0.95896101545078,NA,NA,NA,NA
"Idaho","return_normal","Past",2020-08-25,"mobility_trend",NA,NA,NA,0.95896101545078,NA,NA,NA,NA
"Idaho","status_quo","Past",2020-08-25,"mobility_trend",NA,NA,NA,0.95896101545078,NA,NA,NA,NA
"Idaho",NA,"Past",2020-08-26,"actual_cumulative_cases",NA,NA,NA,30475,NA,NA,NA,NA
"Idaho",NA,"Past",2020-08-26,"actual_cumulative_deaths",NA,NA,NA,327,NA,NA,NA,NA
"Idaho",NA,"Past",2020-08-26,"actual_daily_cases",NA,NA,NA,405,NA,NA,NA,NA
"Idaho",NA,"Past",2020-08-26,"actual_daily_deaths",NA,NA,NA,12,NA,NA,NA,NA
"Idaho","linear_increase_sd","Past",2020-08-26,"combined_trend",NA,NA,NA,0.352300365626633,NA,NA,NA,NA
"Idaho","return_normal","Past",2020-08-26,"combined_trend",NA,NA,NA,0.352300365626633,NA,NA,NA,NA
"Idaho","status_quo","Past",2020-08-26,"combined_trend",NA,NA,NA,0.352300365626633,NA,NA,NA,NA
"Idaho","linear_increase_sd","Past",2020-08-26,"cumulative_all_infections",101828,101828,101828,101828,101828,101828,101828,101828
"Idaho","return_normal","Past",2020-08-26,"cumulative_all_infections",101828,101828,101828,101828,101828,101828,101828,101828
"Idaho","status_quo","Past",2020-08-26,"cumulative_all_infections",101828,101828,101828,101828,101828,101828,101828,101828
"Idaho","linear_increase_sd","Past",2020-08-26,"cumulative_cases",32611,32611,32611,32611,32611,32611,32611,32611
"Idaho","return_normal","Past",2020-08-26,"cumulative_cases",32611,32611,32611,32611,32611,32611,32611,32611
"Idaho","status_quo","Past",2020-08-26,"cumulative_cases",32611,32611,32611,32611,32611,32611,32611,32611
"Idaho","linear_increase_sd","Past",2020-08-26,"cumulative_deaths",673,673,673,673,673,673,673,673
"Idaho","return_normal","Past",2020-08-26,"cumulative_deaths",673,673,673,673,673,673,673,673
"Idaho","status_quo","Past",2020-08-26,"cumulative_deaths",673,673,673,673,673,673,673,673
"Idaho","linear_increase_sd","Past",2020-08-26,"cumulative_hosps",3730,3730,3730,3730,3730,3730,3730,3730
"Idaho","return_normal","Past",2020-08-26,"cumulative_hosps",3730,3730,3730,3730,3730,3730,3730,3730
"Idaho","status_quo","Past",2020-08-26,"cumulative_hosps",3730,3730,3730,3730,3730,3730,3730,3730
"Idaho","linear_increase_sd","Past",2020-08-26,"daily_all_infections",902,902,902,902,902,902,902,902
"Idaho","return_normal","Past",2020-08-26,"daily_all_infections",902,902,902,902,902,902,902,902
"Idaho","status_quo","Past",2020-08-26,"daily_all_infections",902,902,902,902,902,902,902,902
"Idaho","linear_increase_sd","Past",2020-08-26,"daily_cases",366,366,366,366,366,366,366,366
"Idaho","return_normal","Past",2020-08-26,"daily_cases",366,366,366,366,366,366,366,366
"Idaho","status_quo","Past",2020-08-26,"daily_cases",366,366,366,366,366,366,366,366
"Idaho","linear_increase_sd","Past",2020-08-26,"daily_deaths",6,6,6,6,6,6,6,6
"Idaho","return_normal","Past",2020-08-26,"daily_deaths",6,6,6,6,6,6,6,6
"Idaho","status_quo","Past",2020-08-26,"daily_deaths",6,6,6,6,6,6,6,6
"Idaho","linear_increase_sd","Past",2020-08-26,"daily_hosps",44,44,44,44,44,44,44,44
"Idaho","return_normal","Past",2020-08-26,"daily_hosps",44,44,44,44,44,44,44,44
"Idaho","status_quo","Past",2020-08-26,"daily_hosps",44,44,44,44,44,44,44,44
"Idaho","linear_increase_sd","Past",2020-08-26,"latent_trend",NA,NA,NA,0.369532770166458,NA,NA,NA,NA
"Idaho","return_normal","Past",2020-08-26,"latent_trend",NA,NA,NA,0.369532770166458,NA,NA,NA,NA
"Idaho","status_quo","Past",2020-08-26,"latent_trend",NA,NA,NA,0.369532770166458,NA,NA,NA,NA
"Idaho","linear_increase_sd","Past",2020-08-26,"mobility_trend",NA,NA,NA,0.95336704635948,NA,NA,NA,NA
"Idaho","return_normal","Past",2020-08-26,"mobility_trend",NA,NA,NA,0.95336704635948,NA,NA,NA,NA
"Idaho","status_quo","Past",2020-08-26,"mobility_trend",NA,NA,NA,0.95336704635948,NA,NA,NA,NA
"Idaho",NA,"Past",2020-08-27,"actual_cumulative_cases",NA,NA,NA,30780,NA,NA,NA,NA
"Idaho",NA,"Past",2020-08-27,"actual_cumulative_deaths",NA,NA,NA,338,NA,NA,NA,NA
"Idaho",NA,"Past",2020-08-27,"actual_daily_cases",NA,NA,NA,305,NA,NA,NA,NA
"Idaho",NA,"Past",2020-08-27,"actual_daily_deaths",NA,NA,NA,11,NA,NA,NA,NA
"Idaho","linear_increase_sd","Past",2020-08-27,"combined_trend",NA,NA,NA,0.355012118273426,NA,NA,NA,NA
"Idaho","return_normal","Past",2020-08-27,"combined_trend",NA,NA,NA,0.355012118273426,NA,NA,NA,NA
"Idaho","status_quo","Past",2020-08-27,"combined_trend",NA,NA,NA,0.355012118273426,NA,NA,NA,NA
"Idaho","linear_increase_sd","Past",2020-08-27,"cumulative_all_infections",102730,102730,102730,102730,102730,102730,102730,102730
"Idaho","return_normal","Past",2020-08-27,"cumulative_all_infections",102730,102730,102730,102730,102730,102730,102730,102730
"Idaho","status_quo","Past",2020-08-27,"cumulative_all_infections",102730,102730,102730,102730,102730,102730,102730,102730
"Idaho","linear_increase_sd","Past",2020-08-27,"cumulative_cases",32938,32938,32938,32938,32938,32938,32938,32938
"Idaho","return_normal","Past",2020-08-27,"cumulative_cases",32938,32938,32938,32938,32938,32938,32938,32938
"Idaho","status_quo","Past",2020-08-27,"cumulative_cases",32938,32938,32938,32938,32938,32938,32938,32938
"Idaho","linear_increase_sd","Past",2020-08-27,"cumulative_deaths",679,679,679,679,679,679,679,679
"Idaho","return_normal","Past",2020-08-27,"cumulative_deaths",679,679,679,679,679,679,679,679
"Idaho","status_quo","Past",2020-08-27,"cumulative_deaths",679,679,679,679,679,679,679,679
"Idaho","linear_increase_sd","Past",2020-08-27,"cumulative_hosps",3773,3773,3773,3773,3773,3773,3773,3773
"Idaho","return_normal","Past",2020-08-27,"cumulative_hosps",3773,3773,3773,3773,3773,3773,3773,3773
"Idaho","status_quo","Past",2020-08-27,"cumulative_hosps",3773,3773,3773,3773,3773,3773,3773,3773
"Idaho","linear_increase_sd","Past",2020-08-27,"daily_all_infections",902,902,902,902,902,902,902,902
"Idaho","return_normal","Past",2020-08-27,"daily_all_infections",902,902,902,902,902,902,902,902
"Idaho","status_quo","Past",2020-08-27,"daily_all_infections",902,902,902,902,902,902,902,902
"Idaho","linear_increase_sd","Past",2020-08-27,"daily_cases",327,327,327,327,327,327,327,327
"Idaho","return_normal","Past",2020-08-27,"daily_cases",327,327,327,327,327,327,327,327
"Idaho","status_quo","Past",2020-08-27,"daily_cases",327,327,327,327,327,327,327,327
"Idaho","linear_increase_sd","Past",2020-08-27,"daily_deaths",6,6,6,6,6,6,6,6
"Idaho","return_normal","Past",2020-08-27,"daily_deaths",6,6,6,6,6,6,6,6
"Idaho","status_quo","Past",2020-08-27,"daily_deaths",6,6,6,6,6,6,6,6
"Idaho","linear_increase_sd","Past",2020-08-27,"daily_hosps",43,43,43,43,43,43,43,43
"Idaho","return_normal","Past",2020-08-27,"daily_hosps",43,43,43,43,43,43,43,43
"Idaho","status_quo","Past",2020-08-27,"daily_hosps",43,43,43,43,43,43,43,43
"Idaho","linear_increase_sd","Past",2020-08-27,"latent_trend",NA,NA,NA,0.374740363331394,NA,NA,NA,NA
"Idaho","return_normal","Past",2020-08-27,"latent_trend",NA,NA,NA,0.374740363331394,NA,NA,NA,NA
"Idaho","status_quo","Past",2020-08-27,"latent_trend",NA,NA,NA,0.374740363331394,NA,NA,NA,NA
"Idaho","linear_increase_sd","Past",2020-08-27,"mobility_trend",NA,NA,NA,0.947354896914262,NA,NA,NA,NA
"Idaho","return_normal","Past",2020-08-27,"mobility_trend",NA,NA,NA,0.947354896914262,NA,NA,NA,NA
"Idaho","status_quo","Past",2020-08-27,"mobility_trend",NA,NA,NA,0.947354896914262,NA,NA,NA,NA
"Idaho",NA,"Past",2020-08-28,"actual_cumulative_cases",NA,NA,NA,31122,NA,NA,NA,NA
"Idaho",NA,"Past",2020-08-28,"actual_cumulative_deaths",NA,NA,NA,344,NA,NA,NA,NA
"Idaho",NA,"Past",2020-08-28,"actual_daily_cases",NA,NA,NA,342,NA,NA,NA,NA
"Idaho",NA,"Past",2020-08-28,"actual_daily_deaths",NA,NA,NA,6,NA,NA,NA,NA
"Idaho","linear_increase_sd","Past",2020-08-28,"combined_trend",NA,NA,NA,0.357641029382173,NA,NA,NA,NA
"Idaho","return_normal","Past",2020-08-28,"combined_trend",NA,NA,NA,0.357641029382173,NA,NA,NA,NA
"Idaho","status_quo","Past",2020-08-28,"combined_trend",NA,NA,NA,0.357641029382173,NA,NA,NA,NA
"Idaho","linear_increase_sd","Past",2020-08-28,"cumulative_all_infections",103634,103634,103634,103634,103634,103634,103634,103634
"Idaho","return_normal","Past",2020-08-28,"cumulative_all_infections",103634,103634,103634,103634,103634,103634,103634,103634
"Idaho","status_quo","Past",2020-08-28,"cumulative_all_infections",103634,103634,103634,103634,103634,103634,103634,103634
"Idaho","linear_increase_sd","Past",2020-08-28,"cumulative_cases",33286,33286,33286,33286,33286,33286,33286,33286
"Idaho","return_normal","Past",2020-08-28,"cumulative_cases",33286,33286,33286,33286,33286,33286,33286,33286
"Idaho","status_quo","Past",2020-08-28,"cumulative_cases",33286,33286,33286,33286,33286,33286,33286,33286
"Idaho","linear_increase_sd","Past",2020-08-28,"cumulative_deaths",686,686,686,686,686,686,686,686
"Idaho","return_normal","Past",2020-08-28,"cumulative_deaths",686,686,686,686,686,686,686,686
"Idaho","status_quo","Past",2020-08-28,"cumulative_deaths",686,686,686,686,686,686,686,686
"Idaho","linear_increase_sd","Past",2020-08-28,"cumulative_hosps",3816,3816,3816,3816,3816,3816,3816,3816
"Idaho","return_normal","Past",2020-08-28,"cumulative_hosps",3816,3816,3816,3816,3816,3816,3816,3816
"Idaho","status_quo","Past",2020-08-28,"cumulative_hosps",3816,3816,3816,3816,3816,3816,3816,3816
"Idaho","linear_increase_sd","Past",2020-08-28,"daily_all_infections",904,904,904,904,904,904,904,904
"Idaho","return_normal","Past",2020-08-28,"daily_all_infections",904,904,904,904,904,904,904,904
"Idaho","status_quo","Past",2020-08-28,"daily_all_infections",904,904,904,904,904,904,904,904
"Idaho","linear_increase_sd","Past",2020-08-28,"daily_cases",348,348,348,348,348,348,348,348
"Idaho","return_normal","Past",2020-08-28,"daily_cases",348,348,348,348,348,348,348,348
"Idaho","status_quo","Past",2020-08-28,"daily_cases",348,348,348,348,348,348,348,348
"Idaho","linear_increase_sd","Past",2020-08-28,"daily_deaths",7,7,7,7,7,7,7,7
"Idaho","return_normal","Past",2020-08-28,"daily_deaths",7,7,7,7,7,7,7,7
"Idaho","status_quo","Past",2020-08-28,"daily_deaths",7,7,7,7,7,7,7,7
"Idaho","linear_increase_sd","Past",2020-08-28,"daily_hosps",43,43,43,43,43,43,43,43
"Idaho","return_normal","Past",2020-08-28,"daily_hosps",43,43,43,43,43,43,43,43
"Idaho","status_quo","Past",2020-08-28,"daily_hosps",43,43,43,43,43,43,43,43
"Idaho","linear_increase_sd","Past",2020-08-28,"latent_trend",NA,NA,NA,0.380055745454197,NA,NA,NA,NA
"Idaho","return_normal","Past",2020-08-28,"latent_trend",NA,NA,NA,0.380055745454197,NA,NA,NA,NA
"Idaho","status_quo","Past",2020-08-28,"latent_trend",NA,NA,NA,0.380055745454197,NA,NA,NA,NA
"Idaho","linear_increase_sd","Past",2020-08-28,"mobility_trend",NA,NA,NA,0.941022556979802,NA,NA,NA,NA
"Idaho","return_normal","Past",2020-08-28,"mobility_trend",NA,NA,NA,0.941022556979802,NA,NA,NA,NA
"Idaho","status_quo","Past",2020-08-28,"mobility_trend",NA,NA,NA,0.941022556979802,NA,NA,NA,NA
"Idaho",NA,"Past",2020-08-29,"actual_cumulative_cases",NA,NA,NA,31384,NA,NA,NA,NA
"Idaho",NA,"Past",2020-08-29,"actual_cumulative_deaths",NA,NA,NA,354,NA,NA,NA,NA
"Idaho",NA,"Past",2020-08-29,"actual_daily_cases",NA,NA,NA,262,NA,NA,NA,NA
"Idaho",NA,"Past",2020-08-29,"actual_daily_deaths",NA,NA,NA,10,NA,NA,NA,NA
"Idaho","linear_increase_sd","Past",2020-08-29,"combined_trend",NA,NA,NA,0.360204001069887,NA,NA,NA,NA
"Idaho","return_normal","Past",2020-08-29,"combined_trend",NA,NA,NA,0.360204001069887,NA,NA,NA,NA
"Idaho","status_quo","Past",2020-08-29,"combined_trend",NA,NA,NA,0.360204001069887,NA,NA,NA,NA
"Idaho","linear_increase_sd","Past",2020-08-29,"cumulative_all_infections",104532,104532,104532,104532,104532,104532,104532,104532
"Idaho","return_normal","Past",2020-08-29,"cumulative_all_infections",104532,104532,104532,104532,104532,104532,104532,104532
"Idaho","status_quo","Past",2020-08-29,"cumulative_all_infections",104532,104532,104532,104532,104532,104532,104532,104532
"Idaho","linear_increase_sd","Past",2020-08-29,"cumulative_cases",33605,33605,33605,33605,33605,33605,33605,33605
"Idaho","return_normal","Past",2020-08-29,"cumulative_cases",33605,33605,33605,33605,33605,33605,33605,33605
"Idaho","status_quo","Past",2020-08-29,"cumulative_cases",33605,33605,33605,33605,33605,33605,33605,33605
"Idaho","linear_increase_sd","Past",2020-08-29,"cumulative_deaths",693,693,693,693,693,693,693,693
"Idaho","return_normal","Past",2020-08-29,"cumulative_deaths",693,693,693,693,693,693,693,693
"Idaho","status_quo","Past",2020-08-29,"cumulative_deaths",693,693,693,693,693,693,693,693
"Idaho","linear_increase_sd","Past",2020-08-29,"cumulative_hosps",3859,3859,3859,3859,3859,3859,3859,3859
"Idaho","return_normal","Past",2020-08-29,"cumulative_hosps",3859,3859,3859,3859,3859,3859,3859,3859
"Idaho","status_quo","Past",2020-08-29,"cumulative_hosps",3859,3859,3859,3859,3859,3859,3859,3859
"Idaho","linear_increase_sd","Past",2020-08-29,"daily_all_infections",898,898,898,898,898,898,898,898
"Idaho","return_normal","Past",2020-08-29,"daily_all_infections",898,898,898,898,898,898,898,898
"Idaho","status_quo","Past",2020-08-29,"daily_all_infections",898,898,898,898,898,898,898,898
"Idaho","linear_increase_sd","Past",2020-08-29,"daily_cases",319,319,319,319,319,319,319,319
"Idaho","return_normal","Past",2020-08-29,"daily_cases",319,319,319,319,319,319,319,319
"Idaho","status_quo","Past",2020-08-29,"daily_cases",319,319,319,319,319,319,319,319
"Idaho","linear_increase_sd","Past",2020-08-29,"daily_deaths",7,7,7,7,7,7,7,7
"Idaho","return_normal","Past",2020-08-29,"daily_deaths",7,7,7,7,7,7,7,7
"Idaho","status_quo","Past",2020-08-29,"daily_deaths",7,7,7,7,7,7,7,7
"Idaho","linear_increase_sd","Past",2020-08-29,"daily_hosps",43,43,43,43,43,43,43,43
"Idaho","return_normal","Past",2020-08-29,"daily_hosps",43,43,43,43,43,43,43,43
"Idaho","status_quo","Past",2020-08-29,"daily_hosps",43,43,43,43,43,43,43,43
"Idaho","linear_increase_sd","Past",2020-08-29,"latent_trend",NA,NA,NA,0.385464237127718,NA,NA,NA,NA
"Idaho","return_normal","Past",2020-08-29,"latent_trend",NA,NA,NA,0.385464237127718,NA,NA,NA,NA
"Idaho","status_quo","Past",2020-08-29,"latent_trend",NA,NA,NA,0.385464237127718,NA,NA,NA,NA
"Idaho","linear_increase_sd","Past",2020-08-29,"mobility_trend",NA,NA,NA,0.934468016420778,NA,NA,NA,NA
"Idaho","return_normal","Past",2020-08-29,"mobility_trend",NA,NA,NA,0.934468016420778,NA,NA,NA,NA
"Idaho","status_quo","Past",2020-08-29,"mobility_trend",NA,NA,NA,0.934468016420778,NA,NA,NA,NA
"Idaho",NA,"Past",2020-08-30,"actual_cumulative_cases",NA,NA,NA,31677,NA,NA,NA,NA
"Idaho",NA,"Past",2020-08-30,"actual_cumulative_deaths",NA,NA,NA,359,NA,NA,NA,NA
"Idaho",NA,"Past",2020-08-30,"actual_daily_cases",NA,NA,NA,293,NA,NA,NA,NA
"Idaho",NA,"Past",2020-08-30,"actual_daily_deaths",NA,NA,NA,5,NA,NA,NA,NA
"Idaho","linear_increase_sd","Past",2020-08-30,"combined_trend",NA,NA,NA,0.362721127012815,NA,NA,NA,NA
"Idaho","return_normal","Past",2020-08-30,"combined_trend",NA,NA,NA,0.362721127012815,NA,NA,NA,NA
"Idaho","status_quo","Past",2020-08-30,"combined_trend",NA,NA,NA,0.362721127012815,NA,NA,NA,NA
"Idaho","linear_increase_sd","Past",2020-08-30,"cumulative_all_infections",105437,105437,105437,105437,105437,105437,105437,105437
"Idaho","return_normal","Past",2020-08-30,"cumulative_all_infections",105437,105437,105437,105437,105437,105437,105437,105437
"Idaho","status_quo","Past",2020-08-30,"cumulative_all_infections",105437,105437,105437,105437,105437,105437,105437,105437
"Idaho","linear_increase_sd","Past",2020-08-30,"cumulative_cases",33918,33918,33918,33918,33918,33918,33918,33918
"Idaho","return_normal","Past",2020-08-30,"cumulative_cases",33918,33918,33918,33918,33918,33918,33918,33918
"Idaho","status_quo","Past",2020-08-30,"cumulative_cases",33918,33918,33918,33918,33918,33918,33918,33918
"Idaho","linear_increase_sd","Past",2020-08-30,"cumulative_deaths",699,699,699,699,699,699,699,699
"Idaho","return_normal","Past",2020-08-30,"cumulative_deaths",699,699,699,699,699,699,699,699
"Idaho","status_quo","Past",2020-08-30,"cumulative_deaths",699,699,699,699,699,699,699,699
"Idaho","linear_increase_sd","Past",2020-08-30,"cumulative_hosps",3900,3900,3900,3900,3900,3900,3900,3900
"Idaho","return_normal","Past",2020-08-30,"cumulative_hosps",3900,3900,3900,3900,3900,3900,3900,3900
"Idaho","status_quo","Past",2020-08-30,"cumulative_hosps",3900,3900,3900,3900,3900,3900,3900,3900
"Idaho","linear_increase_sd","Past",2020-08-30,"daily_all_infections",905,905,905,905,905,905,905,905
"Idaho","return_normal","Past",2020-08-30,"daily_all_infections",905,905,905,905,905,905,905,905
"Idaho","status_quo","Past",2020-08-30,"daily_all_infections",905,905,905,905,905,905,905,905
"Idaho","linear_increase_sd","Past",2020-08-30,"daily_cases",313,313,313,313,313,313,313,313
"Idaho","return_normal","Past",2020-08-30,"daily_cases",313,313,313,313,313,313,313,313
"Idaho","status_quo","Past",2020-08-30,"daily_cases",313,313,313,313,313,313,313,313
"Idaho","linear_increase_sd","Past",2020-08-30,"daily_deaths",6,6,6,6,6,6,6,6
"Idaho","return_normal","Past",2020-08-30,"daily_deaths",6,6,6,6,6,6,6,6
"Idaho","status_quo","Past",2020-08-30,"daily_deaths",6,6,6,6,6,6,6,6
"Idaho","linear_increase_sd","Past",2020-08-30,"daily_hosps",41,41,41,41,41,41,41,41
"Idaho","return_normal","Past",2020-08-30,"daily_hosps",41,41,41,41,41,41,41,41
"Idaho","status_quo","Past",2020-08-30,"daily_hosps",41,41,41,41,41,41,41,41
"Idaho","linear_increase_sd","Past",2020-08-30,"latent_trend",NA,NA,NA,0.390950739396227,NA,NA,NA,NA
"Idaho","return_normal","Past",2020-08-30,"latent_trend",NA,NA,NA,0.390950739396227,NA,NA,NA,NA
"Idaho","status_quo","Past",2020-08-30,"latent_trend",NA,NA,NA,0.390950739396227,NA,NA,NA,NA
"Idaho","linear_increase_sd","Past",2020-08-30,"mobility_trend",NA,NA,NA,0.927792405695385,NA,NA,NA,NA
"Idaho","return_normal","Past",2020-08-30,"mobility_trend",NA,NA,NA,0.927792405695385,NA,NA,NA,NA
"Idaho","status_quo","Past",2020-08-30,"mobility_trend",NA,NA,NA,0.927792405695385,NA,NA,NA,NA
"Idaho",NA,"Past",2020-08-31,"actual_cumulative_cases",NA,NA,NA,31867,NA,NA,NA,NA
"Idaho",NA,"Past",2020-08-31,"actual_cumulative_deaths",NA,NA,NA,360,NA,NA,NA,NA
"Idaho",NA,"Past",2020-08-31,"actual_daily_cases",NA,NA,NA,190,NA,NA,NA,NA
"Idaho",NA,"Past",2020-08-31,"actual_daily_deaths",NA,NA,NA,1,NA,NA,NA,NA
"Idaho","linear_increase_sd","Past",2020-08-31,"combined_trend",NA,NA,NA,0.365219657331546,NA,NA,NA,NA
"Idaho","return_normal","Past",2020-08-31,"combined_trend",NA,NA,NA,0.365219657331546,NA,NA,NA,NA
"Idaho","status_quo","Past",2020-08-31,"combined_trend",NA,NA,NA,0.365219657331546,NA,NA,NA,NA
"Idaho","linear_increase_sd","Past",2020-08-31,"cumulative_all_infections",106342,106342,106342,106342,106342,106342,106342,106342
"Idaho","return_normal","Past",2020-08-31,"cumulative_all_infections",106342,106342,106342,106342,106342,106342,106342,106342
"Idaho","status_quo","Past",2020-08-31,"cumulative_all_infections",106342,106342,106342,106342,106342,106342,106342,106342
"Idaho","linear_increase_sd","Past",2020-08-31,"cumulative_cases",34293,34293,34293,34293,34293,34293,34293,34293
"Idaho","return_normal","Past",2020-08-31,"cumulative_cases",34293,34293,34293,34293,34293,34293,34293,34293
"Idaho","status_quo","Past",2020-08-31,"cumulative_cases",34293,34293,34293,34293,34293,34293,34293,34293
"Idaho","linear_increase_sd","Past",2020-08-31,"cumulative_deaths",704,704,704,704,704,704,704,704
"Idaho","return_normal","Past",2020-08-31,"cumulative_deaths",704,704,704,704,704,704,704,704
"Idaho","status_quo","Past",2020-08-31,"cumulative_deaths",704,704,704,704,704,704,704,704
"Idaho","linear_increase_sd","Past",2020-08-31,"cumulative_hosps",3941,3941,3941,3941,3941,3941,3941,3941
"Idaho","return_normal","Past",2020-08-31,"cumulative_hosps",3941,3941,3941,3941,3941,3941,3941,3941
"Idaho","status_quo","Past",2020-08-31,"cumulative_hosps",3941,3941,3941,3941,3941,3941,3941,3941
"Idaho","linear_increase_sd","Past",2020-08-31,"daily_all_infections",905,905,905,905,905,905,905,905
"Idaho","return_normal","Past",2020-08-31,"daily_all_infections",905,905,905,905,905,905,905,905
"Idaho","status_quo","Past",2020-08-31,"daily_all_infections",905,905,905,905,905,905,905,905
"Idaho","linear_increase_sd","Past",2020-08-31,"daily_cases",375,375,375,375,375,375,375,375
"Idaho","return_normal","Past",2020-08-31,"daily_cases",375,375,375,375,375,375,375,375
"Idaho","status_quo","Past",2020-08-31,"daily_cases",375,375,375,375,375,375,375,375
"Idaho","linear_increase_sd","Past",2020-08-31,"daily_deaths",5,5,5,5,5,5,5,5
"Idaho","return_normal","Past",2020-08-31,"daily_deaths",5,5,5,5,5,5,5,5
"Idaho","status_quo","Past",2020-08-31,"daily_deaths",5,5,5,5,5,5,5,5
"Idaho","linear_increase_sd","Past",2020-08-31,"daily_hosps",41,41,41,41,41,41,41,41
"Idaho","return_normal","Past",2020-08-31,"daily_hosps",41,41,41,41,41,41,41,41
"Idaho","status_quo","Past",2020-08-31,"daily_hosps",41,41,41,41,41,41,41,41
"Idaho","linear_increase_sd","Past",2020-08-31,"latent_trend",NA,NA,NA,0.396499753817425,NA,NA,NA,NA
"Idaho","return_normal","Past",2020-08-31,"latent_trend",NA,NA,NA,0.396499753817425,NA,NA,NA,NA
"Idaho","status_quo","Past",2020-08-31,"latent_trend",NA,NA,NA,0.396499753817425,NA,NA,NA,NA
"Idaho","linear_increase_sd","Past",2020-08-31,"mobility_trend",NA,NA,NA,0.921109417635901,NA,NA,NA,NA
"Idaho","return_normal","Past",2020-08-31,"mobility_trend",NA,NA,NA,0.921109417635901,NA,NA,NA,NA
"Idaho","status_quo","Past",2020-08-31,"mobility_trend",NA,NA,NA,0.921109417635901,NA,NA,NA,NA
"Idaho",NA,"Past",2020-09-01,"actual_cumulative_cases",NA,NA,NA,32088,NA,NA,NA,NA
"Idaho",NA,"Past",2020-09-01,"actual_cumulative_deaths",NA,NA,NA,362,NA,NA,NA,NA
"Idaho",NA,"Past",2020-09-01,"actual_daily_cases",NA,NA,NA,221,NA,NA,NA,NA
"Idaho",NA,"Past",2020-09-01,"actual_daily_deaths",NA,NA,NA,2,NA,NA,NA,NA
"Idaho","linear_increase_sd","Past",2020-09-01,"combined_trend",NA,NA,NA,0.367730680111972,NA,NA,NA,NA
"Idaho","return_normal","Past",2020-09-01,"combined_trend",NA,NA,NA,0.367730680111972,NA,NA,NA,NA
"Idaho","status_quo","Past",2020-09-01,"combined_trend",NA,NA,NA,0.367730680111972,NA,NA,NA,NA
"Idaho","linear_increase_sd","Past",2020-09-01,"cumulative_all_infections",107248,107248,107248,107248,107248,107248,107248,107248
"Idaho","return_normal","Past",2020-09-01,"cumulative_all_infections",107248,107248,107248,107248,107248,107248,107248,107248
"Idaho","status_quo","Past",2020-09-01,"cumulative_all_infections",107248,107248,107248,107248,107248,107248,107248,107248
"Idaho","linear_increase_sd","Past",2020-09-01,"cumulative_cases",34608,34608,34608,34608,34608,34608,34608,34608
"Idaho","return_normal","Past",2020-09-01,"cumulative_cases",34608,34608,34608,34608,34608,34608,34608,34608
"Idaho","status_quo","Past",2020-09-01,"cumulative_cases",34608,34608,34608,34608,34608,34608,34608,34608
"Idaho","linear_increase_sd","Past",2020-09-01,"cumulative_deaths",709,709,709,709,709,709,709,709
"Idaho","return_normal","Past",2020-09-01,"cumulative_deaths",709,709,709,709,709,709,709,709
"Idaho","status_quo","Past",2020-09-01,"cumulative_deaths",709,709,709,709,709,709,709,709
"Idaho","linear_increase_sd","Past",2020-09-01,"cumulative_hosps",3983,3983,3983,3983,3983,3983,3983,3983
"Idaho","return_normal","Past",2020-09-01,"cumulative_hosps",3983,3983,3983,3983,3983,3983,3983,3983
"Idaho","status_quo","Past",2020-09-01,"cumulative_hosps",3983,3983,3983,3983,3983,3983,3983,3983
"Idaho","linear_increase_sd","Past",2020-09-01,"daily_all_infections",906,906,906,906,906,906,906,906
"Idaho","return_normal","Past",2020-09-01,"daily_all_infections",906,906,906,906,906,906,906,906
"Idaho","status_quo","Past",2020-09-01,"daily_all_infections",906,906,906,906,906,906,906,906
"Idaho","linear_increase_sd","Past",2020-09-01,"daily_cases",315,315,315,315,315,315,315,315
"Idaho","return_normal","Past",2020-09-01,"daily_cases",315,315,315,315,315,315,315,315
"Idaho","status_quo","Past",2020-09-01,"daily_cases",315,315,315,315,315,315,315,315
"Idaho","linear_increase_sd","Past",2020-09-01,"daily_deaths",5,5,5,5,5,5,5,5
"Idaho","return_normal","Past",2020-09-01,"daily_deaths",5,5,5,5,5,5,5,5
"Idaho","status_quo","Past",2020-09-01,"daily_deaths",5,5,5,5,5,5,5,5
"Idaho","linear_increase_sd","Past",2020-09-01,"daily_hosps",42,42,42,42,42,42,42,42
"Idaho","return_normal","Past",2020-09-01,"daily_hosps",42,42,42,42,42,42,42,42
"Idaho","status_quo","Past",2020-09-01,"daily_hosps",42,42,42,42,42,42,42,42
"Idaho","linear_increase_sd","Past",2020-09-01,"latent_trend",NA,NA,NA,0.402095408036747,NA,NA,NA,NA
"Idaho","return_normal","Past",2020-09-01,"latent_trend",NA,NA,NA,0.402095408036747,NA,NA,NA,NA
"Idaho","status_quo","Past",2020-09-01,"latent_trend",NA,NA,NA,0.402095408036747,NA,NA,NA,NA
"Idaho","linear_increase_sd","Past",2020-09-01,"mobility_trend",NA,NA,NA,0.914535885668123,NA,NA,NA,NA
"Idaho","return_normal","Past",2020-09-01,"mobility_trend",NA,NA,NA,0.914535885668123,NA,NA,NA,NA
"Idaho","status_quo","Past",2020-09-01,"mobility_trend",NA,NA,NA,0.914535885668123,NA,NA,NA,NA
"Idaho",NA,"Past",2020-09-02,"actual_cumulative_cases",NA,NA,NA,32368,NA,NA,NA,NA
"Idaho",NA,"Past",2020-09-02,"actual_cumulative_deaths",NA,NA,NA,369,NA,NA,NA,NA
"Idaho",NA,"Past",2020-09-02,"actual_daily_cases",NA,NA,NA,280,NA,NA,NA,NA
"Idaho",NA,"Past",2020-09-02,"actual_daily_deaths",NA,NA,NA,7,NA,NA,NA,NA
"Idaho","linear_increase_sd","Past",2020-09-02,"combined_trend",NA,NA,NA,0.370281378347457,NA,NA,NA,NA
"Idaho","return_normal","Past",2020-09-02,"combined_trend",NA,NA,NA,0.370281378347457,NA,NA,NA,NA
"Idaho","status_quo","Past",2020-09-02,"combined_trend",NA,NA,NA,0.370281378347457,NA,NA,NA,NA
"Idaho","linear_increase_sd","Past",2020-09-02,"cumulative_all_infections",108157,108157,108157,108157,108157,108157,108157,108157
"Idaho","return_normal","Past",2020-09-02,"cumulative_all_infections",108157,108157,108157,108157,108157,108157,108157,108157
"Idaho","status_quo","Past",2020-09-02,"cumulative_all_infections",108157,108157,108157,108157,108157,108157,108157,108157
"Idaho","linear_increase_sd","Past",2020-09-02,"cumulative_cases",34892,34892,34892,34892,34892,34892,34892,34892
"Idaho","return_normal","Past",2020-09-02,"cumulative_cases",34892,34892,34892,34892,34892,34892,34892,34892
"Idaho","status_quo","Past",2020-09-02,"cumulative_cases",34892,34892,34892,34892,34892,34892,34892,34892
"Idaho","linear_increase_sd","Past",2020-09-02,"cumulative_deaths",715,715,715,715,715,715,715,715
"Idaho","return_normal","Past",2020-09-02,"cumulative_deaths",715,715,715,715,715,715,715,715
"Idaho","status_quo","Past",2020-09-02,"cumulative_deaths",715,715,715,715,715,715,715,715
"Idaho","linear_increase_sd","Past",2020-09-02,"cumulative_hosps",4024,4024,4024,4024,4024,4024,4024,4024
"Idaho","return_normal","Past",2020-09-02,"cumulative_hosps",4024,4024,4024,4024,4024,4024,4024,4024
"Idaho","status_quo","Past",2020-09-02,"cumulative_hosps",4024,4024,4024,4024,4024,4024,4024,4024
"Idaho","linear_increase_sd","Past",2020-09-02,"daily_all_infections",909,909,909,909,909,909,909,909
"Idaho","return_normal","Past",2020-09-02,"daily_all_infections",909,909,909,909,909,909,909,909
"Idaho","status_quo","Past",2020-09-02,"daily_all_infections",909,909,909,909,909,909,909,909
"Idaho","linear_increase_sd","Past",2020-09-02,"daily_cases",284,284,284,284,284,284,284,284
"Idaho","return_normal","Past",2020-09-02,"daily_cases",284,284,284,284,284,284,284,284
"Idaho","status_quo","Past",2020-09-02,"daily_cases",284,284,284,284,284,284,284,284
"Idaho","linear_increase_sd","Past",2020-09-02,"daily_deaths",6,6,6,6,6,6,6,6
"Idaho","return_normal","Past",2020-09-02,"daily_deaths",6,6,6,6,6,6,6,6
"Idaho","status_quo","Past",2020-09-02,"daily_deaths",6,6,6,6,6,6,6,6
"Idaho","linear_increase_sd","Past",2020-09-02,"daily_hosps",41,41,41,41,41,41,41,41
"Idaho","return_normal","Past",2020-09-02,"daily_hosps",41,41,41,41,41,41,41,41
"Idaho","status_quo","Past",2020-09-02,"daily_hosps",41,41,41,41,41,41,41,41
"Idaho","linear_increase_sd","Past",2020-09-02,"latent_trend",NA,NA,NA,0.407721486292925,NA,NA,NA,NA
"Idaho","return_normal","Past",2020-09-02,"latent_trend",NA,NA,NA,0.407721486292925,NA,NA,NA,NA
"Idaho","status_quo","Past",2020-09-02,"latent_trend",NA,NA,NA,0.407721486292925,NA,NA,NA,NA
"Idaho","linear_increase_sd","Past",2020-09-02,"mobility_trend",NA,NA,NA,0.908172345083208,NA,NA,NA,NA
"Idaho","return_normal","Past",2020-09-02,"mobility_trend",NA,NA,NA,0.908172345083208,NA,NA,NA,NA
"Idaho","status_quo","Past",2020-09-02,"mobility_trend",NA,NA,NA,0.908172345083208,NA,NA,NA,NA
"Idaho",NA,"Past",2020-09-03,"actual_cumulative_cases",NA,NA,NA,32664,NA,NA,NA,NA
"Idaho",NA,"Past",2020-09-03,"actual_cumulative_deaths",NA,NA,NA,373,NA,NA,NA,NA
"Idaho",NA,"Past",2020-09-03,"actual_daily_cases",NA,NA,NA,296,NA,NA,NA,NA
"Idaho",NA,"Past",2020-09-03,"actual_daily_deaths",NA,NA,NA,4,NA,NA,NA,NA
"Idaho","linear_increase_sd","Past",2020-09-03,"combined_trend",NA,NA,NA,0.372874419519828,NA,NA,NA,NA
"Idaho","return_normal","Past",2020-09-03,"combined_trend",NA,NA,NA,0.372874419519828,NA,NA,NA,NA
"Idaho","status_quo","Past",2020-09-03,"combined_trend",NA,NA,NA,0.372874419519828,NA,NA,NA,NA
"Idaho","linear_increase_sd","Past",2020-09-03,"cumulative_all_infections",109065,109065,109065,109065,109065,109065,109065,109065
"Idaho","return_normal","Past",2020-09-03,"cumulative_all_infections",109065,109065,109065,109065,109065,109065,109065,109065
"Idaho","status_quo","Past",2020-09-03,"cumulative_all_infections",109065,109065,109065,109065,109065,109065,109065,109065
"Idaho","linear_increase_sd","Past",2020-09-03,"cumulative_cases",35257,35257,35257,35257,35257,35257,35257,35257
"Idaho","return_normal","Past",2020-09-03,"cumulative_cases",35257,35257,35257,35257,35257,35257,35257,35257
"Idaho","status_quo","Past",2020-09-03,"cumulative_cases",35257,35257,35257,35257,35257,35257,35257,35257
"Idaho","linear_increase_sd","Past",2020-09-03,"cumulative_deaths",720,720,720,720,720,720,720,720
"Idaho","return_normal","Past",2020-09-03,"cumulative_deaths",720,720,720,720,720,720,720,720
"Idaho","status_quo","Past",2020-09-03,"cumulative_deaths",720,720,720,720,720,720,720,720
"Idaho","linear_increase_sd","Past",2020-09-03,"cumulative_hosps",4064,4064,4064,4064,4064,4064,4064,4064
"Idaho","return_normal","Past",2020-09-03,"cumulative_hosps",4064,4064,4064,4064,4064,4064,4064,4064
"Idaho","status_quo","Past",2020-09-03,"cumulative_hosps",4064,4064,4064,4064,4064,4064,4064,4064
"Idaho","linear_increase_sd","Past",2020-09-03,"daily_all_infections",908,908,908,908,908,908,908,908
"Idaho","return_normal","Past",2020-09-03,"daily_all_infections",908,908,908,908,908,908,908,908
"Idaho","status_quo","Past",2020-09-03,"daily_all_infections",908,908,908,908,908,908,908,908
"Idaho","linear_increase_sd","Past",2020-09-03,"daily_cases",365,365,365,365,365,365,365,365
"Idaho","return_normal","Past",2020-09-03,"daily_cases",365,365,365,365,365,365,365,365
"Idaho","status_quo","Past",2020-09-03,"daily_cases",365,365,365,365,365,365,365,365
"Idaho","linear_increase_sd","Past",2020-09-03,"daily_deaths",5,5,5,5,5,5,5,5
"Idaho","return_normal","Past",2020-09-03,"daily_deaths",5,5,5,5,5,5,5,5
"Idaho","status_quo","Past",2020-09-03,"daily_deaths",5,5,5,5,5,5,5,5
"Idaho","linear_increase_sd","Past",2020-09-03,"daily_hosps",40,40,40,40,40,40,40,40
"Idaho","return_normal","Past",2020-09-03,"daily_hosps",40,40,40,40,40,40,40,40
"Idaho","status_quo","Past",2020-09-03,"daily_hosps",40,40,40,40,40,40,40,40
"Idaho","linear_increase_sd","Past",2020-09-03,"latent_trend",NA,NA,NA,0.413361464185045,NA,NA,NA,NA
"Idaho","return_normal","Past",2020-09-03,"latent_trend",NA,NA,NA,0.413361464185045,NA,NA,NA,NA
"Idaho","status_quo","Past",2020-09-03,"latent_trend",NA,NA,NA,0.413361464185045,NA,NA,NA,NA
"Idaho","linear_increase_sd","Past",2020-09-03,"mobility_trend",NA,NA,NA,0.902054138633754,NA,NA,NA,NA
"Idaho","return_normal","Past",2020-09-03,"mobility_trend",NA,NA,NA,0.902054138633754,NA,NA,NA,NA
"Idaho","status_quo","Past",2020-09-03,"mobility_trend",NA,NA,NA,0.902054138633754,NA,NA,NA,NA
"Idaho",NA,"Past",2020-09-04,"actual_cumulative_cases",NA,NA,NA,32927,NA,NA,NA,NA
"Idaho",NA,"Past",2020-09-04,"actual_cumulative_deaths",NA,NA,NA,373,NA,NA,NA,NA
"Idaho",NA,"Past",2020-09-04,"actual_daily_cases",NA,NA,NA,263,NA,NA,NA,NA
"Idaho",NA,"Past",2020-09-04,"actual_daily_deaths",NA,NA,NA,0,NA,NA,NA,NA
"Idaho","linear_increase_sd","Past",2020-09-04,"combined_trend",NA,NA,NA,0.375506628061849,NA,NA,NA,NA
"Idaho","return_normal","Past",2020-09-04,"combined_trend",NA,NA,NA,0.375506628061849,NA,NA,NA,NA
"Idaho","status_quo","Past",2020-09-04,"combined_trend",NA,NA,NA,0.375506628061849,NA,NA,NA,NA
"Idaho","linear_increase_sd","Past",2020-09-04,"cumulative_all_infections",109978,109978,109978,109978,109978,109978,109978,109978
"Idaho","return_normal","Past",2020-09-04,"cumulative_all_infections",109978,109978,109978,109978,109978,109978,109978,109978
"Idaho","status_quo","Past",2020-09-04,"cumulative_all_infections",109978,109978,109978,109978,109978,109978,109978,109978
"Idaho","linear_increase_sd","Past",2020-09-04,"cumulative_cases",35644,35644,35644,35644,35644,35644,35644,35644
"Idaho","return_normal","Past",2020-09-04,"cumulative_cases",35644,35644,35644,35644,35644,35644,35644,35644
"Idaho","status_quo","Past",2020-09-04,"cumulative_cases",35644,35644,35644,35644,35644,35644,35644,35644
"Idaho","linear_increase_sd","Past",2020-09-04,"cumulative_deaths",725,725,725,725,725,725,725,725
"Idaho","return_normal","Past",2020-09-04,"cumulative_deaths",725,725,725,725,725,725,725,725
"Idaho","status_quo","Past",2020-09-04,"cumulative_deaths",725,725,725,725,725,725,725,725
"Idaho","linear_increase_sd","Past",2020-09-04,"cumulative_hosps",4104,4104,4104,4104,4104,4104,4104,4104
"Idaho","return_normal","Past",2020-09-04,"cumulative_hosps",4104,4104,4104,4104,4104,4104,4104,4104
"Idaho","status_quo","Past",2020-09-04,"cumulative_hosps",4104,4104,4104,4104,4104,4104,4104,4104
"Idaho","linear_increase_sd","Past",2020-09-04,"daily_all_infections",913,913,913,913,913,913,913,913
"Idaho","return_normal","Past",2020-09-04,"daily_all_infections",913,913,913,913,913,913,913,913
"Idaho","status_quo","Past",2020-09-04,"daily_all_infections",913,913,913,913,913,913,913,913
"Idaho","linear_increase_sd","Past",2020-09-04,"daily_cases",387,387,387,387,387,387,387,387
"Idaho","return_normal","Past",2020-09-04,"daily_cases",387,387,387,387,387,387,387,387
"Idaho","status_quo","Past",2020-09-04,"daily_cases",387,387,387,387,387,387,387,387
"Idaho","linear_increase_sd","Past",2020-09-04,"daily_deaths",5,5,5,5,5,5,5,5
"Idaho","return_normal","Past",2020-09-04,"daily_deaths",5,5,5,5,5,5,5,5
"Idaho","status_quo","Past",2020-09-04,"daily_deaths",5,5,5,5,5,5,5,5
"Idaho","linear_increase_sd","Past",2020-09-04,"daily_hosps",40,40,40,40,40,40,40,40
"Idaho","return_normal","Past",2020-09-04,"daily_hosps",40,40,40,40,40,40,40,40
"Idaho","status_quo","Past",2020-09-04,"daily_hosps",40,40,40,40,40,40,40,40
"Idaho","linear_increase_sd","Past",2020-09-04,"latent_trend",NA,NA,NA,0.418998546953131,NA,NA,NA,NA
"Idaho","return_normal","Past",2020-09-04,"latent_trend",NA,NA,NA,0.418998546953131,NA,NA,NA,NA
"Idaho","status_quo","Past",2020-09-04,"latent_trend",NA,NA,NA,0.418998546953131,NA,NA,NA,NA
"Idaho","linear_increase_sd","Past",2020-09-04,"mobility_trend",NA,NA,NA,0.89620031093772,NA,NA,NA,NA
"Idaho","return_normal","Past",2020-09-04,"mobility_trend",NA,NA,NA,0.89620031093772,NA,NA,NA,NA
"Idaho","status_quo","Past",2020-09-04,"mobility_trend",NA,NA,NA,0.89620031093772,NA,NA,NA,NA
"Idaho",NA,"Past",2020-09-05,"actual_cumulative_cases",NA,NA,NA,33196,NA,NA,NA,NA
"Idaho",NA,"Past",2020-09-05,"actual_cumulative_deaths",NA,NA,NA,383,NA,NA,NA,NA
"Idaho",NA,"Past",2020-09-05,"actual_daily_cases",NA,NA,NA,269,NA,NA,NA,NA
"Idaho",NA,"Past",2020-09-05,"actual_daily_deaths",NA,NA,NA,10,NA,NA,NA,NA
"Idaho","linear_increase_sd","Past",2020-09-05,"combined_trend",NA,NA,NA,0.378175450552628,NA,NA,NA,NA
"Idaho","return_normal","Past",2020-09-05,"combined_trend",NA,NA,NA,0.378175450552628,NA,NA,NA,NA
"Idaho","status_quo","Past",2020-09-05,"combined_trend",NA,NA,NA,0.378175450552628,NA,NA,NA,NA
"Idaho","linear_increase_sd","Past",2020-09-05,"cumulative_all_infections",110905,110905,110905,110905,110905,110905,110905,110905
"Idaho","return_normal","Past",2020-09-05,"cumulative_all_infections",110905,110905,110905,110905,110905,110905,110905,110905
"Idaho","status_quo","Past",2020-09-05,"cumulative_all_infections",110905,110905,110905,110905,110905,110905,110905,110905
"Idaho","linear_increase_sd","Past",2020-09-05,"cumulative_cases",35956,35956,35956,35956,35956,35956,35956,35956
"Idaho","return_normal","Past",2020-09-05,"cumulative_cases",35956,35956,35956,35956,35956,35956,35956,35956
"Idaho","status_quo","Past",2020-09-05,"cumulative_cases",35956,35956,35956,35956,35956,35956,35956,35956
"Idaho","linear_increase_sd","Past",2020-09-05,"cumulative_deaths",731,731,731,731,731,731,731,731
"Idaho","return_normal","Past",2020-09-05,"cumulative_deaths",731,731,731,731,731,731,731,731
"Idaho","status_quo","Past",2020-09-05,"cumulative_deaths",731,731,731,731,731,731,731,731
"Idaho","linear_increase_sd","Past",2020-09-05,"cumulative_hosps",4143,4143,4143,4143,4143,4143,4143,4143
"Idaho","return_normal","Past",2020-09-05,"cumulative_hosps",4143,4143,4143,4143,4143,4143,4143,4143
"Idaho","status_quo","Past",2020-09-05,"cumulative_hosps",4143,4143,4143,4143,4143,4143,4143,4143
"Idaho","linear_increase_sd","Past",2020-09-05,"daily_all_infections",927,927,927,927,927,927,927,927
"Idaho","return_normal","Past",2020-09-05,"daily_all_infections",927,927,927,927,927,927,927,927
"Idaho","status_quo","Past",2020-09-05,"daily_all_infections",927,927,927,927,927,927,927,927
"Idaho","linear_increase_sd","Past",2020-09-05,"daily_cases",312,312,312,312,312,312,312,312
"Idaho","return_normal","Past",2020-09-05,"daily_cases",312,312,312,312,312,312,312,312
"Idaho","status_quo","Past",2020-09-05,"daily_cases",312,312,312,312,312,312,312,312
"Idaho","linear_increase_sd","Past",2020-09-05,"daily_deaths",6,6,6,6,6,6,6,6
"Idaho","return_normal","Past",2020-09-05,"daily_deaths",6,6,6,6,6,6,6,6
"Idaho","status_quo","Past",2020-09-05,"daily_deaths",6,6,6,6,6,6,6,6
"Idaho","linear_increase_sd","Past",2020-09-05,"daily_hosps",39,39,39,39,39,39,39,39
"Idaho","return_normal","Past",2020-09-05,"daily_hosps",39,39,39,39,39,39,39,39
"Idaho","status_quo","Past",2020-09-05,"daily_hosps",39,39,39,39,39,39,39,39
"Idaho","linear_increase_sd","Past",2020-09-05,"latent_trend",NA,NA,NA,0.424615710459099,NA,NA,NA,NA
"Idaho","return_normal","Past",2020-09-05,"latent_trend",NA,NA,NA,0.424615710459099,NA,NA,NA,NA
"Idaho","status_quo","Past",2020-09-05,"latent_trend",NA,NA,NA,0.424615710459099,NA,NA,NA,NA
"Idaho","linear_increase_sd","Past",2020-09-05,"mobility_trend",NA,NA,NA,0.890629906613065,NA,NA,NA,NA
"Idaho","return_normal","Past",2020-09-05,"mobility_trend",NA,NA,NA,0.890629906613065,NA,NA,NA,NA
"Idaho","status_quo","Past",2020-09-05,"mobility_trend",NA,NA,NA,0.890629906613065,NA,NA,NA,NA
"Idaho",NA,"Past",2020-09-06,"actual_cumulative_cases",NA,NA,NA,33477,NA,NA,NA,NA
"Idaho",NA,"Past",2020-09-06,"actual_cumulative_deaths",NA,NA,NA,385,NA,NA,NA,NA
"Idaho",NA,"Past",2020-09-06,"actual_daily_cases",NA,NA,NA,281,NA,NA,NA,NA
"Idaho",NA,"Past",2020-09-06,"actual_daily_deaths",NA,NA,NA,2,NA,NA,NA,NA
"Idaho","linear_increase_sd","Past",2020-09-06,"combined_trend",NA,NA,NA,0.380879970209837,NA,NA,NA,NA
"Idaho","return_normal","Past",2020-09-06,"combined_trend",NA,NA,NA,0.380879970209837,NA,NA,NA,NA
"Idaho","status_quo","Past",2020-09-06,"combined_trend",NA,NA,NA,0.380879970209837,NA,NA,NA,NA
"Idaho","linear_increase_sd","Past",2020-09-06,"cumulative_all_infections",111835,111835,111835,111835,111835,111835,111835,111835
"Idaho","return_normal","Past",2020-09-06,"cumulative_all_infections",111835,111835,111835,111835,111835,111835,111835,111835
"Idaho","status_quo","Past",2020-09-06,"cumulative_all_infections",111835,111835,111835,111835,111835,111835,111835,111835
"Idaho","linear_increase_sd","Past",2020-09-06,"cumulative_cases",36300,36300,36300,36300,36300,36300,36300,36300
"Idaho","return_normal","Past",2020-09-06,"cumulative_cases",36300,36300,36300,36300,36300,36300,36300,36300
"Idaho","status_quo","Past",2020-09-06,"cumulative_cases",36300,36300,36300,36300,36300,36300,36300,36300
"Idaho","linear_increase_sd","Past",2020-09-06,"cumulative_deaths",737,737,737,737,737,737,737,737
"Idaho","return_normal","Past",2020-09-06,"cumulative_deaths",737,737,737,737,737,737,737,737
"Idaho","status_quo","Past",2020-09-06,"cumulative_deaths",737,737,737,737,737,737,737,737
"Idaho","linear_increase_sd","Past",2020-09-06,"cumulative_hosps",4183,4183,4183,4183,4183,4183,4183,4183
"Idaho","return_normal","Past",2020-09-06,"cumulative_hosps",4183,4183,4183,4183,4183,4183,4183,4183
"Idaho","status_quo","Past",2020-09-06,"cumulative_hosps",4183,4183,4183,4183,4183,4183,4183,4183
"Idaho","linear_increase_sd","Past",2020-09-06,"daily_all_infections",930,930,930,930,930,930,930,930
"Idaho","return_normal","Past",2020-09-06,"daily_all_infections",930,930,930,930,930,930,930,930
"Idaho","status_quo","Past",2020-09-06,"daily_all_infections",930,930,930,930,930,930,930,930
"Idaho","linear_increase_sd","Past",2020-09-06,"daily_cases",344,344,344,344,344,344,344,344
"Idaho","return_normal","Past",2020-09-06,"daily_cases",344,344,344,344,344,344,344,344
"Idaho","status_quo","Past",2020-09-06,"daily_cases",344,344,344,344,344,344,344,344
"Idaho","linear_increase_sd","Past",2020-09-06,"daily_deaths",6,6,6,6,6,6,6,6
"Idaho","return_normal","Past",2020-09-06,"daily_deaths",6,6,6,6,6,6,6,6
"Idaho","status_quo","Past",2020-09-06,"daily_deaths",6,6,6,6,6,6,6,6
"Idaho","linear_increase_sd","Past",2020-09-06,"daily_hosps",40,40,40,40,40,40,40,40
"Idaho","return_normal","Past",2020-09-06,"daily_hosps",40,40,40,40,40,40,40,40
"Idaho","status_quo","Past",2020-09-06,"daily_hosps",40,40,40,40,40,40,40,40
"Idaho","linear_increase_sd","Past",2020-09-06,"latent_trend",NA,NA,NA,0.430195744005418,NA,NA,NA,NA
"Idaho","return_normal","Past",2020-09-06,"latent_trend",NA,NA,NA,0.430195744005418,NA,NA,NA,NA
"Idaho","status_quo","Past",2020-09-06,"latent_trend",NA,NA,NA,0.430195744005418,NA,NA,NA,NA
"Idaho","linear_increase_sd","Past",2020-09-06,"mobility_trend",NA,NA,NA,0.885364338251193,NA,NA,NA,NA
"Idaho","return_normal","Past",2020-09-06,"mobility_trend",NA,NA,NA,0.885364338251193,NA,NA,NA,NA
"Idaho","status_quo","Past",2020-09-06,"mobility_trend",NA,NA,NA,0.885364338251193,NA,NA,NA,NA
"Idaho",NA,"Past",2020-09-07,"actual_cumulative_cases",NA,NA,NA,33667,NA,NA,NA,NA
"Idaho",NA,"Past",2020-09-07,"actual_cumulative_deaths",NA,NA,NA,386,NA,NA,NA,NA
"Idaho",NA,"Past",2020-09-07,"actual_daily_cases",NA,NA,NA,190,NA,NA,NA,NA
"Idaho",NA,"Past",2020-09-07,"actual_daily_deaths",NA,NA,NA,1,NA,NA,NA,NA
"Idaho","linear_increase_sd","Past",2020-09-07,"combined_trend",NA,NA,NA,0.383624055497231,NA,NA,NA,NA
"Idaho","return_normal","Past",2020-09-07,"combined_trend",NA,NA,NA,0.383624055497231,NA,NA,NA,NA
"Idaho","status_quo","Past",2020-09-07,"combined_trend",NA,NA,NA,0.383624055497231,NA,NA,NA,NA
"Idaho","linear_increase_sd","Past",2020-09-07,"cumulative_all_infections",112773,112773,112773,112773,112773,112773,112773,112773
"Idaho","return_normal","Past",2020-09-07,"cumulative_all_infections",112773,112773,112773,112773,112773,112773,112773,112773
"Idaho","status_quo","Past",2020-09-07,"cumulative_all_infections",112773,112773,112773,112773,112773,112773,112773,112773
"Idaho","linear_increase_sd","Past",2020-09-07,"cumulative_cases",36633,36633,36633,36633,36633,36633,36633,36633
"Idaho","return_normal","Past",2020-09-07,"cumulative_cases",36633,36633,36633,36633,36633,36633,36633,36633
"Idaho","status_quo","Past",2020-09-07,"cumulative_cases",36633,36633,36633,36633,36633,36633,36633,36633
"Idaho","linear_increase_sd","Past",2020-09-07,"cumulative_deaths",742,742,742,742,742,742,742,742
"Idaho","return_normal","Past",2020-09-07,"cumulative_deaths",742,742,742,742,742,742,742,742
"Idaho","status_quo","Past",2020-09-07,"cumulative_deaths",742,742,742,742,742,742,742,742
"Idaho","linear_increase_sd","Past",2020-09-07,"cumulative_hosps",4223,4223,4223,4223,4223,4223,4223,4223
"Idaho","return_normal","Past",2020-09-07,"cumulative_hosps",4223,4223,4223,4223,4223,4223,4223,4223
"Idaho","status_quo","Past",2020-09-07,"cumulative_hosps",4223,4223,4223,4223,4223,4223,4223,4223
"Idaho","linear_increase_sd","Past",2020-09-07,"daily_all_infections",938,938,938,938,938,938,938,938
"Idaho","return_normal","Past",2020-09-07,"daily_all_infections",938,938,938,938,938,938,938,938
"Idaho","status_quo","Past",2020-09-07,"daily_all_infections",938,938,938,938,938,938,938,938
"Idaho","linear_increase_sd","Past",2020-09-07,"daily_cases",333,333,333,333,333,333,333,333
"Idaho","return_normal","Past",2020-09-07,"daily_cases",333,333,333,333,333,333,333,333
"Idaho","status_quo","Past",2020-09-07,"daily_cases",333,333,333,333,333,333,333,333
"Idaho","linear_increase_sd","Past",2020-09-07,"daily_deaths",5,5,5,5,5,5,5,5
"Idaho","return_normal","Past",2020-09-07,"daily_deaths",5,5,5,5,5,5,5,5
"Idaho","status_quo","Past",2020-09-07,"daily_deaths",5,5,5,5,5,5,5,5
"Idaho","linear_increase_sd","Past",2020-09-07,"daily_hosps",40,40,40,40,40,40,40,40
"Idaho","return_normal","Past",2020-09-07,"daily_hosps",40,40,40,40,40,40,40,40
"Idaho","status_quo","Past",2020-09-07,"daily_hosps",40,40,40,40,40,40,40,40
"Idaho","linear_increase_sd","Past",2020-09-07,"latent_trend",NA,NA,NA,0.435721294096814,NA,NA,NA,NA
"Idaho","return_normal","Past",2020-09-07,"latent_trend",NA,NA,NA,0.435721294096814,NA,NA,NA,NA
"Idaho","status_quo","Past",2020-09-07,"latent_trend",NA,NA,NA,0.435721294096814,NA,NA,NA,NA
"Idaho","linear_increase_sd","Past",2020-09-07,"mobility_trend",NA,NA,NA,0.880434490337284,NA,NA,NA,NA
"Idaho","return_normal","Past",2020-09-07,"mobility_trend",NA,NA,NA,0.880434490337284,NA,NA,NA,NA
"Idaho","status_quo","Past",2020-09-07,"mobility_trend",NA,NA,NA,0.880434490337284,NA,NA,NA,NA
"Idaho",NA,"Past",2020-09-08,"actual_cumulative_cases",NA,NA,NA,33741,NA,NA,NA,NA
"Idaho",NA,"Past",2020-09-08,"actual_cumulative_deaths",NA,NA,NA,386,NA,NA,NA,NA
"Idaho",NA,"Past",2020-09-08,"actual_daily_cases",NA,NA,NA,74,NA,NA,NA,NA
"Idaho",NA,"Past",2020-09-08,"actual_daily_deaths",NA,NA,NA,0,NA,NA,NA,NA
"Idaho","linear_increase_sd","Past",2020-09-08,"combined_trend",NA,NA,NA,0.386413461870685,NA,NA,NA,NA
"Idaho","return_normal","Past",2020-09-08,"combined_trend",NA,NA,NA,0.386413461870685,NA,NA,NA,NA
"Idaho","status_quo","Past",2020-09-08,"combined_trend",NA,NA,NA,0.386413461870685,NA,NA,NA,NA
"Idaho","linear_increase_sd","Past",2020-09-08,"cumulative_all_infections",113719,113719,113719,113719,113719,113719,113719,113719
"Idaho","return_normal","Past",2020-09-08,"cumulative_all_infections",113719,113719,113719,113719,113719,113719,113719,113719
"Idaho","status_quo","Past",2020-09-08,"cumulative_all_infections",113719,113719,113719,113719,113719,113719,113719,113719
"Idaho","linear_increase_sd","Past",2020-09-08,"cumulative_cases",37010,37010,37010,37010,37010,37010,37010,37010
"Idaho","return_normal","Past",2020-09-08,"cumulative_cases",37010,37010,37010,37010,37010,37010,37010,37010
"Idaho","status_quo","Past",2020-09-08,"cumulative_cases",37010,37010,37010,37010,37010,37010,37010,37010
"Idaho","linear_increase_sd","Past",2020-09-08,"cumulative_deaths",748,748,748,748,748,748,748,748
"Idaho","return_normal","Past",2020-09-08,"cumulative_deaths",748,748,748,748,748,748,748,748
"Idaho","status_quo","Past",2020-09-08,"cumulative_deaths",748,748,748,748,748,748,748,748
"Idaho","linear_increase_sd","Past",2020-09-08,"cumulative_hosps",4263,4263,4263,4263,4263,4263,4263,4263
"Idaho","return_normal","Past",2020-09-08,"cumulative_hosps",4263,4263,4263,4263,4263,4263,4263,4263
"Idaho","status_quo","Past",2020-09-08,"cumulative_hosps",4263,4263,4263,4263,4263,4263,4263,4263
"Idaho","linear_increase_sd","Past",2020-09-08,"daily_all_infections",946,946,946,946,946,946,946,946
"Idaho","return_normal","Past",2020-09-08,"daily_all_infections",946,946,946,946,946,946,946,946
"Idaho","status_quo","Past",2020-09-08,"daily_all_infections",946,946,946,946,946,946,946,946
"Idaho","linear_increase_sd","Past",2020-09-08,"daily_cases",377,377,377,377,377,377,377,377
"Idaho","return_normal","Past",2020-09-08,"daily_cases",377,377,377,377,377,377,377,377
"Idaho","status_quo","Past",2020-09-08,"daily_cases",377,377,377,377,377,377,377,377
"Idaho","linear_increase_sd","Past",2020-09-08,"daily_deaths",6,6,6,6,6,6,6,6
"Idaho","return_normal","Past",2020-09-08,"daily_deaths",6,6,6,6,6,6,6,6
"Idaho","status_quo","Past",2020-09-08,"daily_deaths",6,6,6,6,6,6,6,6
"Idaho","linear_increase_sd","Past",2020-09-08,"daily_hosps",40,40,40,40,40,40,40,40
"Idaho","return_normal","Past",2020-09-08,"daily_hosps",40,40,40,40,40,40,40,40
"Idaho","status_quo","Past",2020-09-08,"daily_hosps",40,40,40,40,40,40,40,40
"Idaho","linear_increase_sd","Past",2020-09-08,"latent_trend",NA,NA,NA,0.441174908237316,NA,NA,NA,NA
"Idaho","return_normal","Past",2020-09-08,"latent_trend",NA,NA,NA,0.441174908237316,NA,NA,NA,NA
"Idaho","status_quo","Past",2020-09-08,"latent_trend",NA,NA,NA,0.441174908237316,NA,NA,NA,NA
"Idaho","linear_increase_sd","Past",2020-09-08,"mobility_trend",NA,NA,NA,0.875873615329968,NA,NA,NA,NA
"Idaho","return_normal","Past",2020-09-08,"mobility_trend",NA,NA,NA,0.875873615329968,NA,NA,NA,NA
"Idaho","status_quo","Past",2020-09-08,"mobility_trend",NA,NA,NA,0.875873615329968,NA,NA,NA,NA
"Idaho",NA,"Past",2020-09-09,"actual_cumulative_cases",NA,NA,NA,33981,NA,NA,NA,NA
"Idaho",NA,"Past",2020-09-09,"actual_cumulative_deaths",NA,NA,NA,390,NA,NA,NA,NA
"Idaho",NA,"Past",2020-09-09,"actual_daily_cases",NA,NA,NA,240,NA,NA,NA,NA
"Idaho",NA,"Past",2020-09-09,"actual_daily_deaths",NA,NA,NA,4,NA,NA,NA,NA
"Idaho","linear_increase_sd","Past",2020-09-09,"combined_trend",NA,NA,NA,0.38925384939004,NA,NA,NA,NA
"Idaho","return_normal","Past",2020-09-09,"combined_trend",NA,NA,NA,0.38925384939004,NA,NA,NA,NA
"Idaho","status_quo","Past",2020-09-09,"combined_trend",NA,NA,NA,0.38925384939004,NA,NA,NA,NA
"Idaho","linear_increase_sd","Past",2020-09-09,"cumulative_all_infections",114675,114675,114675,114675,114675,114675,114675,114675
"Idaho","return_normal","Past",2020-09-09,"cumulative_all_infections",114675,114675,114675,114675,114675,114675,114675,114675
"Idaho","status_quo","Past",2020-09-09,"cumulative_all_infections",114675,114675,114675,114675,114675,114675,114675,114675
"Idaho","linear_increase_sd","Past",2020-09-09,"cumulative_cases",37351,37351,37351,37351,37351,37351,37351,37351
"Idaho","return_normal","Past",2020-09-09,"cumulative_cases",37351,37351,37351,37351,37351,37351,37351,37351
"Idaho","status_quo","Past",2020-09-09,"cumulative_cases",37351,37351,37351,37351,37351,37351,37351,37351
"Idaho","linear_increase_sd","Past",2020-09-09,"cumulative_deaths",754,754,754,754,754,754,754,754
"Idaho","return_normal","Past",2020-09-09,"cumulative_deaths",754,754,754,754,754,754,754,754
"Idaho","status_quo","Past",2020-09-09,"cumulative_deaths",754,754,754,754,754,754,754,754
"Idaho","linear_increase_sd","Past",2020-09-09,"cumulative_hosps",4303,4303,4303,4303,4303,4303,4303,4303
"Idaho","return_normal","Past",2020-09-09,"cumulative_hosps",4303,4303,4303,4303,4303,4303,4303,4303
"Idaho","status_quo","Past",2020-09-09,"cumulative_hosps",4303,4303,4303,4303,4303,4303,4303,4303
"Idaho","linear_increase_sd","Past",2020-09-09,"daily_all_infections",956,956,956,956,956,956,956,956
"Idaho","return_normal","Past",2020-09-09,"daily_all_infections",956,956,956,956,956,956,956,956
"Idaho","status_quo","Past",2020-09-09,"daily_all_infections",956,956,956,956,956,956,956,956
"Idaho","linear_increase_sd","Past",2020-09-09,"daily_cases",341,341,341,341,341,341,341,341
"Idaho","return_normal","Past",2020-09-09,"daily_cases",341,341,341,341,341,341,341,341
"Idaho","status_quo","Past",2020-09-09,"daily_cases",341,341,341,341,341,341,341,341
"Idaho","linear_increase_sd","Past",2020-09-09,"daily_deaths",6,6,6,6,6,6,6,6
"Idaho","return_normal","Past",2020-09-09,"daily_deaths",6,6,6,6,6,6,6,6
"Idaho","status_quo","Past",2020-09-09,"daily_deaths",6,6,6,6,6,6,6,6
"Idaho","linear_increase_sd","Past",2020-09-09,"daily_hosps",40,40,40,40,40,40,40,40
"Idaho","return_normal","Past",2020-09-09,"daily_hosps",40,40,40,40,40,40,40,40
"Idaho","status_quo","Past",2020-09-09,"daily_hosps",40,40,40,40,40,40,40,40
"Idaho","linear_increase_sd","Past",2020-09-09,"latent_trend",NA,NA,NA,0.446539077861783,NA,NA,NA,NA
"Idaho","return_normal","Past",2020-09-09,"latent_trend",NA,NA,NA,0.446539077861783,NA,NA,NA,NA
"Idaho","status_quo","Past",2020-09-09,"latent_trend",NA,NA,NA,0.446539077861783,NA,NA,NA,NA
"Idaho","linear_increase_sd","Past",2020-09-09,"mobility_trend",NA,NA,NA,0.87171284370889,NA,NA,NA,NA
"Idaho","return_normal","Past",2020-09-09,"mobility_trend",NA,NA,NA,0.87171284370889,NA,NA,NA,NA
"Idaho","status_quo","Past",2020-09-09,"mobility_trend",NA,NA,NA,0.87171284370889,NA,NA,NA,NA
"Idaho",NA,"Past",2020-09-10,"actual_cumulative_cases",NA,NA,NA,34310,NA,NA,NA,NA
"Idaho",NA,"Past",2020-09-10,"actual_cumulative_deaths",NA,NA,NA,407,NA,NA,NA,NA
"Idaho",NA,"Past",2020-09-10,"actual_daily_cases",NA,NA,NA,329,NA,NA,NA,NA
"Idaho",NA,"Past",2020-09-10,"actual_daily_deaths",NA,NA,NA,17,NA,NA,NA,NA
"Idaho","linear_increase_sd","Past",2020-09-10,"combined_trend",NA,NA,NA,0.392147793513404,NA,NA,NA,NA
"Idaho","return_normal","Past",2020-09-10,"combined_trend",NA,NA,NA,0.392147793513404,NA,NA,NA,NA
"Idaho","status_quo","Past",2020-09-10,"combined_trend",NA,NA,NA,0.392147793513404,NA,NA,NA,NA
"Idaho","linear_increase_sd","Past",2020-09-10,"cumulative_all_infections",115640,115640,115640,115640,115640,115640,115640,115640
"Idaho","return_normal","Past",2020-09-10,"cumulative_all_infections",115640,115640,115640,115640,115640,115640,115640,115640
"Idaho","status_quo","Past",2020-09-10,"cumulative_all_infections",115640,115640,115640,115640,115640,115640,115640,115640
"Idaho","linear_increase_sd","Past",2020-09-10,"cumulative_cases",37697,37697,37697,37697,37697,37697,37697,37697
"Idaho","return_normal","Past",2020-09-10,"cumulative_cases",37697,37697,37697,37697,37697,37697,37697,37697
"Idaho","status_quo","Past",2020-09-10,"cumulative_cases",37697,37697,37697,37697,37697,37697,37697,37697
"Idaho","linear_increase_sd","Past",2020-09-10,"cumulative_deaths",759,759,759,759,759,759,759,759
"Idaho","return_normal","Past",2020-09-10,"cumulative_deaths",759,759,759,759,759,759,759,759
"Idaho","status_quo","Past",2020-09-10,"cumulative_deaths",759,759,759,759,759,759,759,759
"Idaho","linear_increase_sd","Past",2020-09-10,"cumulative_hosps",4343,4343,4343,4343,4343,4343,4343,4343
"Idaho","return_normal","Past",2020-09-10,"cumulative_hosps",4343,4343,4343,4343,4343,4343,4343,4343
"Idaho","status_quo","Past",2020-09-10,"cumulative_hosps",4343,4343,4343,4343,4343,4343,4343,4343
"Idaho","linear_increase_sd","Past",2020-09-10,"daily_all_infections",965,965,965,965,965,965,965,965
"Idaho","return_normal","Past",2020-09-10,"daily_all_infections",965,965,965,965,965,965,965,965
"Idaho","status_quo","Past",2020-09-10,"daily_all_infections",965,965,965,965,965,965,965,965
"Idaho","linear_increase_sd","Past",2020-09-10,"daily_cases",346,346,346,346,346,346,346,346
"Idaho","return_normal","Past",2020-09-10,"daily_cases",346,346,346,346,346,346,346,346
"Idaho","status_quo","Past",2020-09-10,"daily_cases",346,346,346,346,346,346,346,346
"Idaho","linear_increase_sd","Past",2020-09-10,"daily_deaths",5,5,5,5,5,5,5,5
"Idaho","return_normal","Past",2020-09-10,"daily_deaths",5,5,5,5,5,5,5,5
"Idaho","status_quo","Past",2020-09-10,"daily_deaths",5,5,5,5,5,5,5,5
"Idaho","linear_increase_sd","Past",2020-09-10,"daily_hosps",40,40,40,40,40,40,40,40
"Idaho","return_normal","Past",2020-09-10,"daily_hosps",40,40,40,40,40,40,40,40
"Idaho","status_quo","Past",2020-09-10,"daily_hosps",40,40,40,40,40,40,40,40
"Idaho","linear_increase_sd","Past",2020-09-10,"latent_trend",NA,NA,NA,0.451796279527939,NA,NA,NA,NA
"Idaho","return_normal","Past",2020-09-10,"latent_trend",NA,NA,NA,0.451796279527939,NA,NA,NA,NA
"Idaho","status_quo","Past",2020-09-10,"latent_trend",NA,NA,NA,0.451796279527939,NA,NA,NA,NA
"Idaho","linear_increase_sd","Past",2020-09-10,"mobility_trend",NA,NA,NA,0.86797481803777,NA,NA,NA,NA
"Idaho","return_normal","Past",2020-09-10,"mobility_trend",NA,NA,NA,0.86797481803777,NA,NA,NA,NA
"Idaho","status_quo","Past",2020-09-10,"mobility_trend",NA,NA,NA,0.86797481803777,NA,NA,NA,NA
"Idaho",NA,"Past",2020-09-11,"actual_cumulative_cases",NA,NA,NA,34617,NA,NA,NA,NA
"Idaho",NA,"Past",2020-09-11,"actual_cumulative_deaths",NA,NA,NA,408,NA,NA,NA,NA
"Idaho",NA,"Past",2020-09-11,"actual_daily_cases",NA,NA,NA,307,NA,NA,NA,NA
"Idaho",NA,"Past",2020-09-11,"actual_daily_deaths",NA,NA,NA,1,NA,NA,NA,NA
"Idaho","linear_increase_sd","Past",2020-09-11,"combined_trend",NA,NA,NA,0.395099956441934,NA,NA,NA,NA
"Idaho","return_normal","Past",2020-09-11,"combined_trend",NA,NA,NA,0.395099956441934,NA,NA,NA,NA
"Idaho","status_quo","Past",2020-09-11,"combined_trend",NA,NA,NA,0.395099956441934,NA,NA,NA,NA
"Idaho","linear_increase_sd","Past",2020-09-11,"cumulative_all_infections",116620,116620,116620,116620,116620,116620,116620,116620
"Idaho","return_normal","Past",2020-09-11,"cumulative_all_infections",116620,116620,116620,116620,116620,116620,116620,116620
"Idaho","status_quo","Past",2020-09-11,"cumulative_all_infections",116620,116620,116620,116620,116620,116620,116620,116620
"Idaho","linear_increase_sd","Past",2020-09-11,"cumulative_cases",38040,38040,38040,38040,38040,38040,38040,38040
"Idaho","return_normal","Past",2020-09-11,"cumulative_cases",38040,38040,38040,38040,38040,38040,38040,38040
"Idaho","status_quo","Past",2020-09-11,"cumulative_cases",38040,38040,38040,38040,38040,38040,38040,38040
"Idaho","linear_increase_sd","Past",2020-09-11,"cumulative_deaths",766,766,766,766,766,766,766,766
"Idaho","return_normal","Past",2020-09-11,"cumulative_deaths",766,766,766,766,766,766,766,766
"Idaho","status_quo","Past",2020-09-11,"cumulative_deaths",766,766,766,766,766,766,766,766
"Idaho","linear_increase_sd","Past",2020-09-11,"cumulative_hosps",4383,4383,4383,4383,4383,4383,4383,4383
"Idaho","return_normal","Past",2020-09-11,"cumulative_hosps",4383,4383,4383,4383,4383,4383,4383,4383
"Idaho","status_quo","Past",2020-09-11,"cumulative_hosps",4383,4383,4383,4383,4383,4383,4383,4383
"Idaho","linear_increase_sd","Past",2020-09-11,"daily_all_infections",980,980,980,980,980,980,980,980
"Idaho","return_normal","Past",2020-09-11,"daily_all_infections",980,980,980,980,980,980,980,980
"Idaho","status_quo","Past",2020-09-11,"daily_all_infections",980,980,980,980,980,980,980,980
"Idaho","linear_increase_sd","Past",2020-09-11,"daily_cases",343,343,343,343,343,343,343,343
"Idaho","return_normal","Past",2020-09-11,"daily_cases",343,343,343,343,343,343,343,343
"Idaho","status_quo","Past",2020-09-11,"daily_cases",343,343,343,343,343,343,343,343
"Idaho","linear_increase_sd","Past",2020-09-11,"daily_deaths",7,7,7,7,7,7,7,7
"Idaho","return_normal","Past",2020-09-11,"daily_deaths",7,7,7,7,7,7,7,7
"Idaho","status_quo","Past",2020-09-11,"daily_deaths",7,7,7,7,7,7,7,7
"Idaho","linear_increase_sd","Past",2020-09-11,"daily_hosps",40,40,40,40,40,40,40,40
"Idaho","return_normal","Past",2020-09-11,"daily_hosps",40,40,40,40,40,40,40,40
"Idaho","status_quo","Past",2020-09-11,"daily_hosps",40,40,40,40,40,40,40,40
"Idaho","linear_increase_sd","Past",2020-09-11,"latent_trend",NA,NA,NA,0.456931962723811,NA,NA,NA,NA
"Idaho","return_normal","Past",2020-09-11,"latent_trend",NA,NA,NA,0.456931962723811,NA,NA,NA,NA
"Idaho","status_quo","Past",2020-09-11,"latent_trend",NA,NA,NA,0.456931962723811,NA,NA,NA,NA
"Idaho","linear_increase_sd","Past",2020-09-11,"mobility_trend",NA,NA,NA,0.86468005890135,NA,NA,NA,NA
"Idaho","return_normal","Past",2020-09-11,"mobility_trend",NA,NA,NA,0.86468005890135,NA,NA,NA,NA
"Idaho","status_quo","Past",2020-09-11,"mobility_trend",NA,NA,NA,0.86468005890135,NA,NA,NA,NA
"Idaho",NA,"Past",2020-09-12,"actual_cumulative_cases",NA,NA,NA,34950,NA,NA,NA,NA
"Idaho",NA,"Past",2020-09-12,"actual_cumulative_deaths",NA,NA,NA,413,NA,NA,NA,NA
"Idaho",NA,"Past",2020-09-12,"actual_daily_cases",NA,NA,NA,333,NA,NA,NA,NA
"Idaho",NA,"Past",2020-09-12,"actual_daily_deaths",NA,NA,NA,5,NA,NA,NA,NA
"Idaho","linear_increase_sd","Past",2020-09-12,"combined_trend",NA,NA,NA,0.39812555892571,NA,NA,NA,NA
"Idaho","return_normal","Past",2020-09-12,"combined_trend",NA,NA,NA,0.39812555892571,NA,NA,NA,NA
"Idaho","status_quo","Past",2020-09-12,"combined_trend",NA,NA,NA,0.39812555892571,NA,NA,NA,NA
"Idaho","linear_increase_sd","Past",2020-09-12,"cumulative_all_infections",117606,117606,117606,117606,117606,117606,117606,117606
"Idaho","return_normal","Past",2020-09-12,"cumulative_all_infections",117606,117606,117606,117606,117606,117606,117606,117606
"Idaho","status_quo","Past",2020-09-12,"cumulative_all_infections",117606,117606,117606,117606,117606,117606,117606,117606
"Idaho","linear_increase_sd","Past",2020-09-12,"cumulative_cases",38379,38379,38379,38379,38379,38379,38379,38379
"Idaho","return_normal","Past",2020-09-12,"cumulative_cases",38379,38379,38379,38379,38379,38379,38379,38379
"Idaho","status_quo","Past",2020-09-12,"cumulative_cases",38379,38379,38379,38379,38379,38379,38379,38379
"Idaho","linear_increase_sd","Past",2020-09-12,"cumulative_deaths",771,771,771,771,771,771,771,771
"Idaho","return_normal","Past",2020-09-12,"cumulative_deaths",771,771,771,771,771,771,771,771
"Idaho","status_quo","Past",2020-09-12,"cumulative_deaths",771,771,771,771,771,771,771,771
"Idaho","linear_increase_sd","Past",2020-09-12,"cumulative_hosps",4423,4423,4423,4423,4423,4423,4423,4423
"Idaho","return_normal","Past",2020-09-12,"cumulative_hosps",4423,4423,4423,4423,4423,4423,4423,4423
"Idaho","status_quo","Past",2020-09-12,"cumulative_hosps",4423,4423,4423,4423,4423,4423,4423,4423
"Idaho","linear_increase_sd","Past",2020-09-12,"daily_all_infections",986,986,986,986,986,986,986,986
"Idaho","return_normal","Past",2020-09-12,"daily_all_infections",986,986,986,986,986,986,986,986
"Idaho","status_quo","Past",2020-09-12,"daily_all_infections",986,986,986,986,986,986,986,986
"Idaho","linear_increase_sd","Past",2020-09-12,"daily_cases",339,339,339,339,339,339,339,339
"Idaho","return_normal","Past",2020-09-12,"daily_cases",339,339,339,339,339,339,339,339
"Idaho","status_quo","Past",2020-09-12,"daily_cases",339,339,339,339,339,339,339,339
"Idaho","linear_increase_sd","Past",2020-09-12,"daily_deaths",5,5,5,5,5,5,5,5
"Idaho","return_normal","Past",2020-09-12,"daily_deaths",5,5,5,5,5,5,5,5
"Idaho","status_quo","Past",2020-09-12,"daily_deaths",5,5,5,5,5,5,5,5
"Idaho","linear_increase_sd","Past",2020-09-12,"daily_hosps",40,40,40,40,40,40,40,40
"Idaho","return_normal","Past",2020-09-12,"daily_hosps",40,40,40,40,40,40,40,40
"Idaho","status_quo","Past",2020-09-12,"daily_hosps",40,40,40,40,40,40,40,40
"Idaho","linear_increase_sd","Past",2020-09-12,"latent_trend",NA,NA,NA,0.461943471292585,NA,NA,NA,NA
"Idaho","return_normal","Past",2020-09-12,"latent_trend",NA,NA,NA,0.461943471292585,NA,NA,NA,NA
"Idaho","status_quo","Past",2020-09-12,"latent_trend",NA,NA,NA,0.461943471292585,NA,NA,NA,NA
"Idaho","linear_increase_sd","Past",2020-09-12,"mobility_trend",NA,NA,NA,0.861849086884368,NA,NA,NA,NA
"Idaho","return_normal","Past",2020-09-12,"mobility_trend",NA,NA,NA,0.861849086884368,NA,NA,NA,NA
"Idaho","status_quo","Past",2020-09-12,"mobility_trend",NA,NA,NA,0.861849086884368,NA,NA,NA,NA
"Idaho",NA,"Past",2020-09-13,"actual_cumulative_cases",NA,NA,NA,35167,NA,NA,NA,NA
"Idaho",NA,"Past",2020-09-13,"actual_cumulative_deaths",NA,NA,NA,416,NA,NA,NA,NA
"Idaho",NA,"Past",2020-09-13,"actual_daily_cases",NA,NA,NA,217,NA,NA,NA,NA
"Idaho",NA,"Past",2020-09-13,"actual_daily_deaths",NA,NA,NA,3,NA,NA,NA,NA
"Idaho","linear_increase_sd","Past",2020-09-13,"combined_trend",NA,NA,NA,0.401238656731265,NA,NA,NA,NA
"Idaho","return_normal","Past",2020-09-13,"combined_trend",NA,NA,NA,0.401238656731265,NA,NA,NA,NA
"Idaho","status_quo","Past",2020-09-13,"combined_trend",NA,NA,NA,0.401238656731265,NA,NA,NA,NA
"Idaho","linear_increase_sd","Past",2020-09-13,"cumulative_all_infections",118613,118613,118613,118613,118613,118613,118613,118613
"Idaho","return_normal","Past",2020-09-13,"cumulative_all_infections",118613,118613,118613,118613,118613,118613,118613,118613
"Idaho","status_quo","Past",2020-09-13,"cumulative_all_infections",118613,118613,118613,118613,118613,118613,118613,118613
"Idaho","linear_increase_sd","Past",2020-09-13,"cumulative_cases",38705,38705,38705,38705,38705,38705,38705,38705
"Idaho","return_normal","Past",2020-09-13,"cumulative_cases",38705,38705,38705,38705,38705,38705,38705,38705
"Idaho","status_quo","Past",2020-09-13,"cumulative_cases",38705,38705,38705,38705,38705,38705,38705,38705
"Idaho","linear_increase_sd","Past",2020-09-13,"cumulative_deaths",776,776,776,776,776,776,776,776
"Idaho","return_normal","Past",2020-09-13,"cumulative_deaths",776,776,776,776,776,776,776,776
"Idaho","status_quo","Past",2020-09-13,"cumulative_deaths",776,776,776,776,776,776,776,776
"Idaho","linear_increase_sd","Past",2020-09-13,"cumulative_hosps",4463,4463,4463,4463,4463,4463,4463,4463
"Idaho","return_normal","Past",2020-09-13,"cumulative_hosps",4463,4463,4463,4463,4463,4463,4463,4463
"Idaho","status_quo","Past",2020-09-13,"cumulative_hosps",4463,4463,4463,4463,4463,4463,4463,4463
"Idaho","linear_increase_sd","Past",2020-09-13,"daily_all_infections",1007,1007,1007,1007,1007,1007,1007,1007
"Idaho","return_normal","Past",2020-09-13,"daily_all_infections",1007,1007,1007,1007,1007,1007,1007,1007
"Idaho","status_quo","Past",2020-09-13,"daily_all_infections",1007,1007,1007,1007,1007,1007,1007,1007
"Idaho","linear_increase_sd","Past",2020-09-13,"daily_cases",326,326,326,326,326,326,326,326
"Idaho","return_normal","Past",2020-09-13,"daily_cases",326,326,326,326,326,326,326,326
"Idaho","status_quo","Past",2020-09-13,"daily_cases",326,326,326,326,326,326,326,326
"Idaho","linear_increase_sd","Past",2020-09-13,"daily_deaths",5,5,5,5,5,5,5,5
"Idaho","return_normal","Past",2020-09-13,"daily_deaths",5,5,5,5,5,5,5,5
"Idaho","status_quo","Past",2020-09-13,"daily_deaths",5,5,5,5,5,5,5,5
"Idaho","linear_increase_sd","Past",2020-09-13,"daily_hosps",40,40,40,40,40,40,40,40
"Idaho","return_normal","Past",2020-09-13,"daily_hosps",40,40,40,40,40,40,40,40
"Idaho","status_quo","Past",2020-09-13,"daily_hosps",40,40,40,40,40,40,40,40
"Idaho","linear_increase_sd","Past",2020-09-13,"latent_trend",NA,NA,NA,0.466831275631274,NA,NA,NA,NA
"Idaho","return_normal","Past",2020-09-13,"latent_trend",NA,NA,NA,0.466831275631274,NA,NA,NA,NA
"Idaho","status_quo","Past",2020-09-13,"latent_trend",NA,NA,NA,0.466831275631274,NA,NA,NA,NA
"Idaho","linear_increase_sd","Past",2020-09-13,"mobility_trend",NA,NA,NA,0.859493949261837,NA,NA,NA,NA
"Idaho","return_normal","Past",2020-09-13,"mobility_trend",NA,NA,NA,0.859493949261837,NA,NA,NA,NA
"Idaho","status_quo","Past",2020-09-13,"mobility_trend",NA,NA,NA,0.859493949261837,NA,NA,NA,NA
"Idaho",NA,"Past",2020-09-14,"actual_cumulative_cases",NA,NA,NA,35279,NA,NA,NA,NA
"Idaho",NA,"Past",2020-09-14,"actual_cumulative_deaths",NA,NA,NA,416,NA,NA,NA,NA
"Idaho",NA,"Past",2020-09-14,"actual_daily_cases",NA,NA,NA,112,NA,NA,NA,NA
"Idaho",NA,"Past",2020-09-14,"actual_daily_deaths",NA,NA,NA,0,NA,NA,NA,NA
"Idaho","linear_increase_sd","Past",2020-09-14,"combined_trend",NA,NA,NA,0.404437353344223,NA,NA,NA,NA
"Idaho","return_normal","Past",2020-09-14,"combined_trend",NA,NA,NA,0.404437353344223,NA,NA,NA,NA
"Idaho","status_quo","Past",2020-09-14,"combined_trend",NA,NA,NA,0.404437353344223,NA,NA,NA,NA
"Idaho","linear_increase_sd","Past",2020-09-14,"cumulative_all_infections",119633,119633,119633,119633,119633,119633,119633,119633
"Idaho","return_normal","Past",2020-09-14,"cumulative_all_infections",119633,119633,119633,119633,119633,119633,119633,119633
"Idaho","status_quo","Past",2020-09-14,"cumulative_all_infections",119633,119633,119633,119633,119633,119633,119633,119633
"Idaho","linear_increase_sd","Past",2020-09-14,"cumulative_cases",39067,39067,39067,39067,39067,39067,39067,39067
"Idaho","return_normal","Past",2020-09-14,"cumulative_cases",39067,39067,39067,39067,39067,39067,39067,39067
"Idaho","status_quo","Past",2020-09-14,"cumulative_cases",39067,39067,39067,39067,39067,39067,39067,39067
"Idaho","linear_increase_sd","Past",2020-09-14,"cumulative_deaths",781,781,781,781,781,781,781,781
"Idaho","return_normal","Past",2020-09-14,"cumulative_deaths",781,781,781,781,781,781,781,781
"Idaho","status_quo","Past",2020-09-14,"cumulative_deaths",781,781,781,781,781,781,781,781
"Idaho","linear_increase_sd","Past",2020-09-14,"cumulative_hosps",4503,4503,4503,4503,4503,4503,4503,4503
"Idaho","return_normal","Past",2020-09-14,"cumulative_hosps",4503,4503,4503,4503,4503,4503,4503,4503
"Idaho","status_quo","Past",2020-09-14,"cumulative_hosps",4503,4503,4503,4503,4503,4503,4503,4503
"Idaho","linear_increase_sd","Past",2020-09-14,"daily_all_infections",1020,1020,1020,1020,1020,1020,1020,1020
"Idaho","return_normal","Past",2020-09-14,"daily_all_infections",1020,1020,1020,1020,1020,1020,1020,1020
"Idaho","status_quo","Past",2020-09-14,"daily_all_infections",1020,1020,1020,1020,1020,1020,1020,1020
"Idaho","linear_increase_sd","Past",2020-09-14,"daily_cases",362,362,362,362,362,362,362,362
"Idaho","return_normal","Past",2020-09-14,"daily_cases",362,362,362,362,362,362,362,362
"Idaho","status_quo","Past",2020-09-14,"daily_cases",362,362,362,362,362,362,362,362
"Idaho","linear_increase_sd","Past",2020-09-14,"daily_deaths",5,5,5,5,5,5,5,5
"Idaho","return_normal","Past",2020-09-14,"daily_deaths",5,5,5,5,5,5,5,5
"Idaho","status_quo","Past",2020-09-14,"daily_deaths",5,5,5,5,5,5,5,5
"Idaho","linear_increase_sd","Past",2020-09-14,"daily_hosps",40,40,40,40,40,40,40,40
"Idaho","return_normal","Past",2020-09-14,"daily_hosps",40,40,40,40,40,40,40,40
"Idaho","status_quo","Past",2020-09-14,"daily_hosps",40,40,40,40,40,40,40,40
"Idaho","linear_increase_sd","Past",2020-09-14,"latent_trend",NA,NA,NA,0.471596022391134,NA,NA,NA,NA
"Idaho","return_normal","Past",2020-09-14,"latent_trend",NA,NA,NA,0.471596022391134,NA,NA,NA,NA
"Idaho","status_quo","Past",2020-09-14,"latent_trend",NA,NA,NA,0.471596022391134,NA,NA,NA,NA
"Idaho","linear_increase_sd","Past",2020-09-14,"mobility_trend",NA,NA,NA,0.857592800069864,NA,NA,NA,NA
"Idaho","return_normal","Past",2020-09-14,"mobility_trend",NA,NA,NA,0.857592800069864,NA,NA,NA,NA
"Idaho","status_quo","Past",2020-09-14,"mobility_trend",NA,NA,NA,0.857592800069864,NA,NA,NA,NA
"Idaho",NA,"Past",2020-09-15,"actual_cumulative_cases",NA,NA,NA,35532,NA,NA,NA,NA
"Idaho",NA,"Past",2020-09-15,"actual_cumulative_deaths",NA,NA,NA,420,NA,NA,NA,NA
"Idaho",NA,"Past",2020-09-15,"actual_daily_cases",NA,NA,NA,253,NA,NA,NA,NA
"Idaho",NA,"Past",2020-09-15,"actual_daily_deaths",NA,NA,NA,4,NA,NA,NA,NA
"Idaho","linear_increase_sd","Past",2020-09-15,"combined_trend",NA,NA,NA,0.407715094548563,NA,NA,NA,NA
"Idaho","return_normal","Past",2020-09-15,"combined_trend",NA,NA,NA,0.407715094548563,NA,NA,NA,NA
"Idaho","status_quo","Past",2020-09-15,"combined_trend",NA,NA,NA,0.407715094548563,NA,NA,NA,NA
"Idaho","linear_increase_sd","Past",2020-09-15,"cumulative_all_infections",120660,120660,120660,120660,120660,120660,120660,120660
"Idaho","return_normal","Past",2020-09-15,"cumulative_all_infections",120660,120660,120660,120660,120660,120660,120660,120660
"Idaho","status_quo","Past",2020-09-15,"cumulative_all_infections",120660,120660,120660,120660,120660,120660,120660,120660
"Idaho","linear_increase_sd","Past",2020-09-15,"cumulative_cases",39404,39404,39404,39404,39404,39404,39404,39404
"Idaho","return_normal","Past",2020-09-15,"cumulative_cases",39404,39404,39404,39404,39404,39404,39404,39404
"Idaho","status_quo","Past",2020-09-15,"cumulative_cases",39404,39404,39404,39404,39404,39404,39404,39404
"Idaho","linear_increase_sd","Past",2020-09-15,"cumulative_deaths",786,786,786,786,786,786,786,786
"Idaho","return_normal","Past",2020-09-15,"cumulative_deaths",786,786,786,786,786,786,786,786
"Idaho","status_quo","Past",2020-09-15,"cumulative_deaths",786,786,786,786,786,786,786,786
"Idaho","linear_increase_sd","Past",2020-09-15,"cumulative_hosps",4545,4545,4545,4545,4545,4545,4545,4545
"Idaho","return_normal","Past",2020-09-15,"cumulative_hosps",4545,4545,4545,4545,4545,4545,4545,4545
"Idaho","status_quo","Past",2020-09-15,"cumulative_hosps",4545,4545,4545,4545,4545,4545,4545,4545
"Idaho","linear_increase_sd","Past",2020-09-15,"daily_all_infections",1027,1027,1027,1027,1027,1027,1027,1027
"Idaho","return_normal","Past",2020-09-15,"daily_all_infections",1027,1027,1027,1027,1027,1027,1027,1027
"Idaho","status_quo","Past",2020-09-15,"daily_all_infections",1027,1027,1027,1027,1027,1027,1027,1027
"Idaho","linear_increase_sd","Past",2020-09-15,"daily_cases",337,337,337,337,337,337,337,337
"Idaho","return_normal","Past",2020-09-15,"daily_cases",337,337,337,337,337,337,337,337
"Idaho","status_quo","Past",2020-09-15,"daily_cases",337,337,337,337,337,337,337,337
"Idaho","linear_increase_sd","Past",2020-09-15,"daily_deaths",5,5,5,5,5,5,5,5
"Idaho","return_normal","Past",2020-09-15,"daily_deaths",5,5,5,5,5,5,5,5
"Idaho","status_quo","Past",2020-09-15,"daily_deaths",5,5,5,5,5,5,5,5
"Idaho","linear_increase_sd","Past",2020-09-15,"daily_hosps",42,42,42,42,42,42,42,42
"Idaho","return_normal","Past",2020-09-15,"daily_hosps",42,42,42,42,42,42,42,42
"Idaho","status_quo","Past",2020-09-15,"daily_hosps",42,42,42,42,42,42,42,42
"Idaho","linear_increase_sd","Past",2020-09-15,"latent_trend",NA,NA,NA,0.476238521852379,NA,NA,NA,NA
"Idaho","return_normal","Past",2020-09-15,"latent_trend",NA,NA,NA,0.476238521852379,NA,NA,NA,NA
"Idaho","status_quo","Past",2020-09-15,"latent_trend",NA,NA,NA,0.476238521852379,NA,NA,NA,NA
"Idaho","linear_increase_sd","Past",2020-09-15,"mobility_trend",NA,NA,NA,0.856115320034827,NA,NA,NA,NA
"Idaho","return_normal","Past",2020-09-15,"mobility_trend",NA,NA,NA,0.856115320034827,NA,NA,NA,NA
"Idaho","status_quo","Past",2020-09-15,"mobility_trend",NA,NA,NA,0.856115320034827,NA,NA,NA,NA
"Idaho",NA,"Past",2020-09-16,"actual_cumulative_cases",NA,NA,NA,35810,NA,NA,NA,NA
"Idaho",NA,"Past",2020-09-16,"actual_cumulative_deaths",NA,NA,NA,424,NA,NA,NA,NA
"Idaho",NA,"Past",2020-09-16,"actual_daily_cases",NA,NA,NA,278,NA,NA,NA,NA
"Idaho",NA,"Past",2020-09-16,"actual_daily_deaths",NA,NA,NA,4,NA,NA,NA,NA
"Idaho","linear_increase_sd","Past",2020-09-16,"combined_trend",NA,NA,NA,0.411064568908323,NA,NA,NA,NA
"Idaho","return_normal","Past",2020-09-16,"combined_trend",NA,NA,NA,0.411064568908323,NA,NA,NA,NA
"Idaho","status_quo","Past",2020-09-16,"combined_trend",NA,NA,NA,0.411064568908323,NA,NA,NA,NA
"Idaho","linear_increase_sd","Past",2020-09-16,"cumulative_all_infections",121710,121710,121710,121710,121710,121710,121710,121710
"Idaho","return_normal","Past",2020-09-16,"cumulative_all_infections",121710,121710,121710,121710,121710,121710,121710,121710
"Idaho","status_quo","Past",2020-09-16,"cumulative_all_infections",121710,121710,121710,121710,121710,121710,121710,121710
"Idaho","linear_increase_sd","Past",2020-09-16,"cumulative_cases",39791,39791,39791,39791,39791,39791,39791,39791
"Idaho","return_normal","Past",2020-09-16,"cumulative_cases",39791,39791,39791,39791,39791,39791,39791,39791
"Idaho","status_quo","Past",2020-09-16,"cumulative_cases",39791,39791,39791,39791,39791,39791,39791,39791
"Idaho","linear_increase_sd","Past",2020-09-16,"cumulative_deaths",791,791,791,791,791,791,791,791
"Idaho","return_normal","Past",2020-09-16,"cumulative_deaths",791,791,791,791,791,791,791,791
"Idaho","status_quo","Past",2020-09-16,"cumulative_deaths",791,791,791,791,791,791,791,791
"Idaho","linear_increase_sd","Past",2020-09-16,"cumulative_hosps",4587,4587,4587,4587,4587,4587,4587,4587
"Idaho","return_normal","Past",2020-09-16,"cumulative_hosps",4587,4587,4587,4587,4587,4587,4587,4587
"Idaho","status_quo","Past",2020-09-16,"cumulative_hosps",4587,4587,4587,4587,4587,4587,4587,4587
"Idaho","linear_increase_sd","Past",2020-09-16,"daily_all_infections",1050,1050,1050,1050,1050,1050,1050,1050
"Idaho","return_normal","Past",2020-09-16,"daily_all_infections",1050,1050,1050,1050,1050,1050,1050,1050
"Idaho","status_quo","Past",2020-09-16,"daily_all_infections",1050,1050,1050,1050,1050,1050,1050,1050
"Idaho","linear_increase_sd","Past",2020-09-16,"daily_cases",387,387,387,387,387,387,387,387
"Idaho","return_normal","Past",2020-09-16,"daily_cases",387,387,387,387,387,387,387,387
"Idaho","status_quo","Past",2020-09-16,"daily_cases",387,387,387,387,387,387,387,387
"Idaho","linear_increase_sd","Past",2020-09-16,"daily_deaths",5,5,5,5,5,5,5,5
"Idaho","return_normal","Past",2020-09-16,"daily_deaths",5,5,5,5,5,5,5,5
"Idaho","status_quo","Past",2020-09-16,"daily_deaths",5,5,5,5,5,5,5,5
"Idaho","linear_increase_sd","Past",2020-09-16,"daily_hosps",42,42,42,42,42,42,42,42
"Idaho","return_normal","Past",2020-09-16,"daily_hosps",42,42,42,42,42,42,42,42
"Idaho","status_quo","Past",2020-09-16,"daily_hosps",42,42,42,42,42,42,42,42
"Idaho","linear_increase_sd","Past",2020-09-16,"latent_trend",NA,NA,NA,0.480759735752471,NA,NA,NA,NA
"Idaho","return_normal","Past",2020-09-16,"latent_trend",NA,NA,NA,0.480759735752471,NA,NA,NA,NA
"Idaho","status_quo","Past",2020-09-16,"latent_trend",NA,NA,NA,0.480759735752471,NA,NA,NA,NA
"Idaho","linear_increase_sd","Past",2020-09-16,"mobility_trend",NA,NA,NA,0.855031189883107,NA,NA,NA,NA
"Idaho","return_normal","Past",2020-09-16,"mobility_trend",NA,NA,NA,0.855031189883107,NA,NA,NA,NA
"Idaho","status_quo","Past",2020-09-16,"mobility_trend",NA,NA,NA,0.855031189883107,NA,NA,NA,NA
"Idaho",NA,"Past",2020-09-17,"actual_cumulative_cases",NA,NA,NA,36093,NA,NA,NA,NA
"Idaho",NA,"Past",2020-09-17,"actual_cumulative_deaths",NA,NA,NA,430,NA,NA,NA,NA
"Idaho",NA,"Past",2020-09-17,"actual_daily_cases",NA,NA,NA,283,NA,NA,NA,NA
"Idaho",NA,"Past",2020-09-17,"actual_daily_deaths",NA,NA,NA,6,NA,NA,NA,NA
"Idaho","linear_increase_sd","Past",2020-09-17,"combined_trend",NA,NA,NA,0.414475915908166,NA,NA,NA,NA
"Idaho","return_normal","Past",2020-09-17,"combined_trend",NA,NA,NA,0.414475915908166,NA,NA,NA,NA
"Idaho","status_quo","Past",2020-09-17,"combined_trend",NA,NA,NA,0.414475915908166,NA,NA,NA,NA
"Idaho","linear_increase_sd","Past",2020-09-17,"cumulative_all_infections",122776,122776,122776,122776,122776,122776,122776,122776
"Idaho","return_normal","Past",2020-09-17,"cumulative_all_infections",122776,122776,122776,122776,122776,122776,122776,122776
"Idaho","status_quo","Past",2020-09-17,"cumulative_all_infections",122776,122776,122776,122776,122776,122776,122776,122776
"Idaho","linear_increase_sd","Past",2020-09-17,"cumulative_cases",40155,40155,40155,40155,40155,40155,40155,40155
"Idaho","return_normal","Past",2020-09-17,"cumulative_cases",40155,40155,40155,40155,40155,40155,40155,40155
"Idaho","status_quo","Past",2020-09-17,"cumulative_cases",40155,40155,40155,40155,40155,40155,40155,40155
"Idaho","linear_increase_sd","Past",2020-09-17,"cumulative_deaths",796,796,796,796,796,796,796,796
"Idaho","return_normal","Past",2020-09-17,"cumulative_deaths",796,796,796,796,796,796,796,796
"Idaho","status_quo","Past",2020-09-17,"cumulative_deaths",796,796,796,796,796,796,796,796
"Idaho","linear_increase_sd","Past",2020-09-17,"cumulative_hosps",4628,4628,4628,4628,4628,4628,4628,4628
"Idaho","return_normal","Past",2020-09-17,"cumulative_hosps",4628,4628,4628,4628,4628,4628,4628,4628
"Idaho","status_quo","Past",2020-09-17,"cumulative_hosps",4628,4628,4628,4628,4628,4628,4628,4628
"Idaho","linear_increase_sd","Past",2020-09-17,"daily_all_infections",1066,1066,1066,1066,1066,1066,1066,1066
"Idaho","return_normal","Past",2020-09-17,"daily_all_infections",1066,1066,1066,1066,1066,1066,1066,1066
"Idaho","status_quo","Past",2020-09-17,"daily_all_infections",1066,1066,1066,1066,1066,1066,1066,1066
"Idaho","linear_increase_sd","Past",2020-09-17,"daily_cases",364,364,364,364,364,364,364,364
"Idaho","return_normal","Past",2020-09-17,"daily_cases",364,364,364,364,364,364,364,364
"Idaho","status_quo","Past",2020-09-17,"daily_cases",364,364,364,364,364,364,364,364
"Idaho","linear_increase_sd","Past",2020-09-17,"daily_deaths",5,5,5,5,5,5,5,5
"Idaho","return_normal","Past",2020-09-17,"daily_deaths",5,5,5,5,5,5,5,5
"Idaho","status_quo","Past",2020-09-17,"daily_deaths",5,5,5,5,5,5,5,5
"Idaho","linear_increase_sd","Past",2020-09-17,"daily_hosps",41,41,41,41,41,41,41,41
"Idaho","return_normal","Past",2020-09-17,"daily_hosps",41,41,41,41,41,41,41,41
"Idaho","status_quo","Past",2020-09-17,"daily_hosps",41,41,41,41,41,41,41,41
"Idaho","linear_increase_sd","Past",2020-09-17,"latent_trend",NA,NA,NA,0.485160765597951,NA,NA,NA,NA
"Idaho","return_normal","Past",2020-09-17,"latent_trend",NA,NA,NA,0.485160765597951,NA,NA,NA,NA
"Idaho","status_quo","Past",2020-09-17,"latent_trend",NA,NA,NA,0.485160765597951,NA,NA,NA,NA
"Idaho","linear_increase_sd","Past",2020-09-17,"mobility_trend",NA,NA,NA,0.854306335751062,NA,NA,NA,NA
"Idaho","return_normal","Past",2020-09-17,"mobility_trend",NA,NA,NA,0.854306335751062,NA,NA,NA,NA
"Idaho","status_quo","Past",2020-09-17,"mobility_trend",NA,NA,NA,0.854306335751062,NA,NA,NA,NA
"Idaho",NA,"Past",2020-09-18,"actual_cumulative_cases",NA,NA,NA,36489,NA,NA,NA,NA
"Idaho",NA,"Past",2020-09-18,"actual_cumulative_deaths",NA,NA,NA,435,NA,NA,NA,NA
"Idaho",NA,"Past",2020-09-18,"actual_daily_cases",NA,NA,NA,396,NA,NA,NA,NA
"Idaho",NA,"Past",2020-09-18,"actual_daily_deaths",NA,NA,NA,5,NA,NA,NA,NA
"Idaho","linear_increase_sd","Past",2020-09-18,"combined_trend",NA,NA,NA,0.417931163038869,NA,NA,NA,NA
"Idaho","return_normal","Past",2020-09-18,"combined_trend",NA,NA,NA,0.417931163038869,NA,NA,NA,NA
"Idaho","status_quo","Past",2020-09-18,"combined_trend",NA,NA,NA,0.417931163038869,NA,NA,NA,NA
"Idaho","linear_increase_sd","Past",2020-09-18,"cumulative_all_infections",123864,123864,123864,123864,123864,123864,123864,123864
"Idaho","return_normal","Past",2020-09-18,"cumulative_all_infections",123864,123864,123864,123864,123864,123864,123864,123864
"Idaho","status_quo","Past",2020-09-18,"cumulative_all_infections",123864,123864,123864,123864,123864,123864,123864,123864
"Idaho","linear_increase_sd","Past",2020-09-18,"cumulative_cases",40559,40559,40559,40559,40559,40559,40559,40559
"Idaho","return_normal","Past",2020-09-18,"cumulative_cases",40559,40559,40559,40559,40559,40559,40559,40559
"Idaho","status_quo","Past",2020-09-18,"cumulative_cases",40559,40559,40559,40559,40559,40559,40559,40559
"Idaho","linear_increase_sd","Past",2020-09-18,"cumulative_deaths",801,801,801,801,801,801,801,801
"Idaho","return_normal","Past",2020-09-18,"cumulative_deaths",801,801,801,801,801,801,801,801
"Idaho","status_quo","Past",2020-09-18,"cumulative_deaths",801,801,801,801,801,801,801,801
"Idaho","linear_increase_sd","Past",2020-09-18,"cumulative_hosps",4670,4670,4670,4670,4670,4670,4670,4670
"Idaho","return_normal","Past",2020-09-18,"cumulative_hosps",4670,4670,4670,4670,4670,4670,4670,4670
"Idaho","status_quo","Past",2020-09-18,"cumulative_hosps",4670,4670,4670,4670,4670,4670,4670,4670
"Idaho","linear_increase_sd","Past",2020-09-18,"daily_all_infections",1088,1088,1088,1088,1088,1088,1088,1088
"Idaho","return_normal","Past",2020-09-18,"daily_all_infections",1088,1088,1088,1088,1088,1088,1088,1088
"Idaho","status_quo","Past",2020-09-18,"daily_all_infections",1088,1088,1088,1088,1088,1088,1088,1088
"Idaho","linear_increase_sd","Past",2020-09-18,"daily_cases",404,404,404,404,404,404,404,404
"Idaho","return_normal","Past",2020-09-18,"daily_cases",404,404,404,404,404,404,404,404
"Idaho","status_quo","Past",2020-09-18,"daily_cases",404,404,404,404,404,404,404,404
"Idaho","linear_increase_sd","Past",2020-09-18,"daily_deaths",5,5,5,5,5,5,5,5
"Idaho","return_normal","Past",2020-09-18,"daily_deaths",5,5,5,5,5,5,5,5
"Idaho","status_quo","Past",2020-09-18,"daily_deaths",5,5,5,5,5,5,5,5
"Idaho","linear_increase_sd","Past",2020-09-18,"daily_hosps",42,42,42,42,42,42,42,42
"Idaho","return_normal","Past",2020-09-18,"daily_hosps",42,42,42,42,42,42,42,42
"Idaho","status_quo","Past",2020-09-18,"daily_hosps",42,42,42,42,42,42,42,42
"Idaho","linear_increase_sd","Past",2020-09-18,"latent_trend",NA,NA,NA,0.489442841482427,NA,NA,NA,NA
"Idaho","return_normal","Past",2020-09-18,"latent_trend",NA,NA,NA,0.489442841482427,NA,NA,NA,NA
"Idaho","status_quo","Past",2020-09-18,"latent_trend",NA,NA,NA,0.489442841482427,NA,NA,NA,NA
"Idaho","linear_increase_sd","Past",2020-09-18,"mobility_trend",NA,NA,NA,0.853891665414978,NA,NA,NA,NA
"Idaho","return_normal","Past",2020-09-18,"mobility_trend",NA,NA,NA,0.853891665414978,NA,NA,NA,NA
"Idaho","status_quo","Past",2020-09-18,"mobility_trend",NA,NA,NA,0.853891665414978,NA,NA,NA,NA
"Idaho",NA,"Past",2020-09-19,"actual_cumulative_cases",NA,NA,NA,36959,NA,NA,NA,NA
"Idaho",NA,"Past",2020-09-19,"actual_cumulative_deaths",NA,NA,NA,439,NA,NA,NA,NA
"Idaho",NA,"Past",2020-09-19,"actual_daily_cases",NA,NA,NA,470,NA,NA,NA,NA
"Idaho",NA,"Past",2020-09-19,"actual_daily_deaths",NA,NA,NA,4,NA,NA,NA,NA
"Idaho","linear_increase_sd","Past",2020-09-19,"combined_trend",NA,NA,NA,0.421409508321322,NA,NA,NA,NA
"Idaho","return_normal","Past",2020-09-19,"combined_trend",NA,NA,NA,0.421409508321322,NA,NA,NA,NA
"Idaho","status_quo","Past",2020-09-19,"combined_trend",NA,NA,NA,0.421409508321322,NA,NA,NA,NA
"Idaho","linear_increase_sd","Past",2020-09-19,"cumulative_all_infections",124970,124970,124970,124970,124970,124970,124970,124970
"Idaho","return_normal","Past",2020-09-19,"cumulative_all_infections",124970,124970,124970,124970,124970,124970,124970,124970
"Idaho","status_quo","Past",2020-09-19,"cumulative_all_infections",124970,124970,124970,124970,124970,124970,124970,124970
"Idaho","linear_increase_sd","Past",2020-09-19,"cumulative_cases",40912,40912,40912,40912,40912,40912,40912,40912
"Idaho","return_normal","Past",2020-09-19,"cumulative_cases",40912,40912,40912,40912,40912,40912,40912,40912
"Idaho","status_quo","Past",2020-09-19,"cumulative_cases",40912,40912,40912,40912,40912,40912,40912,40912
"Idaho","linear_increase_sd","Past",2020-09-19,"cumulative_deaths",806,806,806,806,806,806,806,806
"Idaho","return_normal","Past",2020-09-19,"cumulative_deaths",806,806,806,806,806,806,806,806
"Idaho","status_quo","Past",2020-09-19,"cumulative_deaths",806,806,806,806,806,806,806,806
"Idaho","linear_increase_sd","Past",2020-09-19,"cumulative_hosps",4712,4712,4712,4712,4712,4712,4712,4712
"Idaho","return_normal","Past",2020-09-19,"cumulative_hosps",4712,4712,4712,4712,4712,4712,4712,4712
"Idaho","status_quo","Past",2020-09-19,"cumulative_hosps",4712,4712,4712,4712,4712,4712,4712,4712
"Idaho","linear_increase_sd","Past",2020-09-19,"daily_all_infections",1106,1106,1106,1106,1106,1106,1106,1106
"Idaho","return_normal","Past",2020-09-19,"daily_all_infections",1106,1106,1106,1106,1106,1106,1106,1106
"Idaho","status_quo","Past",2020-09-19,"daily_all_infections",1106,1106,1106,1106,1106,1106,1106,1106
"Idaho","linear_increase_sd","Past",2020-09-19,"daily_cases",353,353,353,353,353,353,353,353
"Idaho","return_normal","Past",2020-09-19,"daily_cases",353,353,353,353,353,353,353,353
"Idaho","status_quo","Past",2020-09-19,"daily_cases",353,353,353,353,353,353,353,353
"Idaho","linear_increase_sd","Past",2020-09-19,"daily_deaths",5,5,5,5,5,5,5,5
"Idaho","return_normal","Past",2020-09-19,"daily_deaths",5,5,5,5,5,5,5,5
"Idaho","status_quo","Past",2020-09-19,"daily_deaths",5,5,5,5,5,5,5,5
"Idaho","linear_increase_sd","Past",2020-09-19,"daily_hosps",42,42,42,42,42,42,42,42
"Idaho","return_normal","Past",2020-09-19,"daily_hosps",42,42,42,42,42,42,42,42
"Idaho","status_quo","Past",2020-09-19,"daily_hosps",42,42,42,42,42,42,42,42
"Idaho","linear_increase_sd","Past",2020-09-19,"latent_trend",NA,NA,NA,0.493607311426657,NA,NA,NA,NA
"Idaho","return_normal","Past",2020-09-19,"latent_trend",NA,NA,NA,0.493607311426657,NA,NA,NA,NA
"Idaho","status_quo","Past",2020-09-19,"latent_trend",NA,NA,NA,0.493607311426657,NA,NA,NA,NA
"Idaho","linear_increase_sd","Past",2020-09-19,"mobility_trend",NA,NA,NA,0.853734332061119,NA,NA,NA,NA
"Idaho","return_normal","Past",2020-09-19,"mobility_trend",NA,NA,NA,0.853734332061119,NA,NA,NA,NA
"Idaho","status_quo","Past",2020-09-19,"mobility_trend",NA,NA,NA,0.853734332061119,NA,NA,NA,NA
"Idaho",NA,"Past",2020-09-20,"actual_cumulative_cases",NA,NA,NA,37247,NA,NA,NA,NA
"Idaho",NA,"Past",2020-09-20,"actual_cumulative_deaths",NA,NA,NA,442,NA,NA,NA,NA
"Idaho",NA,"Past",2020-09-20,"actual_daily_cases",NA,NA,NA,288,NA,NA,NA,NA
"Idaho",NA,"Past",2020-09-20,"actual_daily_deaths",NA,NA,NA,3,NA,NA,NA,NA
"Idaho","linear_increase_sd","Past",2020-09-20,"combined_trend",NA,NA,NA,0.42489070078591,NA,NA,NA,NA
"Idaho","return_normal","Past",2020-09-20,"combined_trend",NA,NA,NA,0.42489070078591,NA,NA,NA,NA
"Idaho","status_quo","Past",2020-09-20,"combined_trend",NA,NA,NA,0.42489070078591,NA,NA,NA,NA
"Idaho","linear_increase_sd","Past",2020-09-20,"cumulative_all_infections",126102,126102,126102,126102,126102,126102,126102,126102
"Idaho","return_normal","Past",2020-09-20,"cumulative_all_infections",126102,126102,126102,126102,126102,126102,126102,126102
"Idaho","status_quo","Past",2020-09-20,"cumulative_all_infections",126102,126102,126102,126102,126102,126102,126102,126102
"Idaho","linear_increase_sd","Past",2020-09-20,"cumulative_cases",41213,41213,41213,41213,41213,41213,41213,41213
"Idaho","return_normal","Past",2020-09-20,"cumulative_cases",41213,41213,41213,41213,41213,41213,41213,41213
"Idaho","status_quo","Past",2020-09-20,"cumulative_cases",41213,41213,41213,41213,41213,41213,41213,41213
"Idaho","linear_increase_sd","Past",2020-09-20,"cumulative_deaths",811,811,811,811,811,811,811,811
"Idaho","return_normal","Past",2020-09-20,"cumulative_deaths",811,811,811,811,811,811,811,811
"Idaho","status_quo","Past",2020-09-20,"cumulative_deaths",811,811,811,811,811,811,811,811
"Idaho","linear_increase_sd","Past",2020-09-20,"cumulative_hosps",4754,4754,4754,4754,4754,4754,4754,4754
"Idaho","return_normal","Past",2020-09-20,"cumulative_hosps",4754,4754,4754,4754,4754,4754,4754,4754
"Idaho","status_quo","Past",2020-09-20,"cumulative_hosps",4754,4754,4754,4754,4754,4754,4754,4754
"Idaho","linear_increase_sd","Past",2020-09-20,"daily_all_infections",1132,1132,1132,1132,1132,1132,1132,1132
"Idaho","return_normal","Past",2020-09-20,"daily_all_infections",1132,1132,1132,1132,1132,1132,1132,1132
"Idaho","status_quo","Past",2020-09-20,"daily_all_infections",1132,1132,1132,1132,1132,1132,1132,1132
"Idaho","linear_increase_sd","Past",2020-09-20,"daily_cases",301,301,301,301,301,301,301,301
"Idaho","return_normal","Past",2020-09-20,"daily_cases",301,301,301,301,301,301,301,301
"Idaho","status_quo","Past",2020-09-20,"daily_cases",301,301,301,301,301,301,301,301
"Idaho","linear_increase_sd","Past",2020-09-20,"daily_deaths",5,5,5,5,5,5,5,5
"Idaho","return_normal","Past",2020-09-20,"daily_deaths",5,5,5,5,5,5,5,5
"Idaho","status_quo","Past",2020-09-20,"daily_deaths",5,5,5,5,5,5,5,5
"Idaho","linear_increase_sd","Past",2020-09-20,"daily_hosps",42,42,42,42,42,42,42,42
"Idaho","return_normal","Past",2020-09-20,"daily_hosps",42,42,42,42,42,42,42,42
"Idaho","status_quo","Past",2020-09-20,"daily_hosps",42,42,42,42,42,42,42,42
"Idaho","linear_increase_sd","Past",2020-09-20,"latent_trend",NA,NA,NA,0.497655631250757,NA,NA,NA,NA
"Idaho","return_normal","Past",2020-09-20,"latent_trend",NA,NA,NA,0.497655631250757,NA,NA,NA,NA
"Idaho","status_quo","Past",2020-09-20,"latent_trend",NA,NA,NA,0.497655631250757,NA,NA,NA,NA
"Idaho","linear_increase_sd","Past",2020-09-20,"mobility_trend",NA,NA,NA,0.853784573316359,NA,NA,NA,NA
"Idaho","return_normal","Past",2020-09-20,"mobility_trend",NA,NA,NA,0.853784573316359,NA,NA,NA,NA
"Idaho","status_quo","Past",2020-09-20,"mobility_trend",NA,NA,NA,0.853784573316359,NA,NA,NA,NA
"Idaho",NA,"Past",2020-09-21,"actual_cumulative_cases",NA,NA,NA,37491,NA,NA,NA,NA
"Idaho",NA,"Past",2020-09-21,"actual_cumulative_deaths",NA,NA,NA,444,NA,NA,NA,NA
"Idaho",NA,"Past",2020-09-21,"actual_daily_cases",NA,NA,NA,244,NA,NA,NA,NA
"Idaho",NA,"Past",2020-09-21,"actual_daily_deaths",NA,NA,NA,2,NA,NA,NA,NA
"Idaho","linear_increase_sd","Past",2020-09-21,"combined_trend",NA,NA,NA,0.428359799331138,NA,NA,NA,NA
"Idaho","return_normal","Past",2020-09-21,"combined_trend",NA,NA,NA,0.428359799331138,NA,NA,NA,NA
"Idaho","status_quo","Past",2020-09-21,"combined_trend",NA,NA,NA,0.428359799331138,NA,NA,NA,NA
"Idaho","linear_increase_sd","Past",2020-09-21,"cumulative_all_infections",127257,127257,127257,127257,127257,127257,127257,127257
"Idaho","return_normal","Past",2020-09-21,"cumulative_all_infections",127257,127257,127257,127257,127257,127257,127257,127257
"Idaho","status_quo","Past",2020-09-21,"cumulative_all_infections",127257,127257,127257,127257,127257,127257,127257,127257
"Idaho","linear_increase_sd","Past",2020-09-21,"cumulative_cases",41652,41652,41652,41652,41652,41652,41652,41652
"Idaho","return_normal","Past",2020-09-21,"cumulative_cases",41652,41652,41652,41652,41652,41652,41652,41652
"Idaho","status_quo","Past",2020-09-21,"cumulative_cases",41652,41652,41652,41652,41652,41652,41652,41652
"Idaho","linear_increase_sd","Past",2020-09-21,"cumulative_deaths",817,817,817,817,817,817,817,817
"Idaho","return_normal","Past",2020-09-21,"cumulative_deaths",817,817,817,817,817,817,817,817
"Idaho","status_quo","Past",2020-09-21,"cumulative_deaths",817,817,817,817,817,817,817,817
"Idaho","linear_increase_sd","Past",2020-09-21,"cumulative_hosps",4797,4797,4797,4797,4797,4797,4797,4797
"Idaho","return_normal","Past",2020-09-21,"cumulative_hosps",4797,4797,4797,4797,4797,4797,4797,4797
"Idaho","status_quo","Past",2020-09-21,"cumulative_hosps",4797,4797,4797,4797,4797,4797,4797,4797
"Idaho","linear_increase_sd","Past",2020-09-21,"daily_all_infections",1155,1155,1155,1155,1155,1155,1155,1155
"Idaho","return_normal","Past",2020-09-21,"daily_all_infections",1155,1155,1155,1155,1155,1155,1155,1155
"Idaho","status_quo","Past",2020-09-21,"daily_all_infections",1155,1155,1155,1155,1155,1155,1155,1155
"Idaho","linear_increase_sd","Past",2020-09-21,"daily_cases",439,439,439,439,439,439,439,439
"Idaho","return_normal","Past",2020-09-21,"daily_cases",439,439,439,439,439,439,439,439
"Idaho","status_quo","Past",2020-09-21,"daily_cases",439,439,439,439,439,439,439,439
"Idaho","linear_increase_sd","Past",2020-09-21,"daily_deaths",6,6,6,6,6,6,6,6
"Idaho","return_normal","Past",2020-09-21,"daily_deaths",6,6,6,6,6,6,6,6
"Idaho","status_quo","Past",2020-09-21,"daily_deaths",6,6,6,6,6,6,6,6
"Idaho","linear_increase_sd","Past",2020-09-21,"daily_hosps",43,43,43,43,43,43,43,43
"Idaho","return_normal","Past",2020-09-21,"daily_hosps",43,43,43,43,43,43,43,43
"Idaho","status_quo","Past",2020-09-21,"daily_hosps",43,43,43,43,43,43,43,43
"Idaho","linear_increase_sd","Past",2020-09-21,"latent_trend",NA,NA,NA,0.501589354983219,NA,NA,NA,NA
"Idaho","return_normal","Past",2020-09-21,"latent_trend",NA,NA,NA,0.501589354983219,NA,NA,NA,NA
"Idaho","status_quo","Past",2020-09-21,"latent_trend",NA,NA,NA,0.501589354983219,NA,NA,NA,NA
"Idaho","linear_increase_sd","Past",2020-09-21,"mobility_trend",NA,NA,NA,0.85400496457001,NA,NA,NA,NA
"Idaho","return_normal","Past",2020-09-21,"mobility_trend",NA,NA,NA,0.85400496457001,NA,NA,NA,NA
"Idaho","status_quo","Past",2020-09-21,"mobility_trend",NA,NA,NA,0.85400496457001,NA,NA,NA,NA
"Idaho",NA,"Past",2020-09-22,"actual_cumulative_cases",NA,NA,NA,37901,NA,NA,NA,NA
"Idaho",NA,"Past",2020-09-22,"actual_cumulative_deaths",NA,NA,NA,448,NA,NA,NA,NA
"Idaho",NA,"Past",2020-09-22,"actual_daily_cases",NA,NA,NA,410,NA,NA,NA,NA
"Idaho",NA,"Past",2020-09-22,"actual_daily_deaths",NA,NA,NA,4,NA,NA,NA,NA
"Idaho","linear_increase_sd","Past",2020-09-22,"combined_trend",NA,NA,NA,0.431802784216642,NA,NA,NA,NA
"Idaho","return_normal","Past",2020-09-22,"combined_trend",NA,NA,NA,0.431802784216642,NA,NA,NA,NA
"Idaho","status_quo","Past",2020-09-22,"combined_trend",NA,NA,NA,0.431802784216642,NA,NA,NA,NA
"Idaho","linear_increase_sd","Past",2020-09-22,"cumulative_all_infections",128440,128440,128440,128440,128440,128440,128440,128440
"Idaho","return_normal","Past",2020-09-22,"cumulative_all_infections",128440,128440,128440,128440,128440,128440,128440,128440
"Idaho","status_quo","Past",2020-09-22,"cumulative_all_infections",128440,128440,128440,128440,128440,128440,128440,128440
"Idaho","linear_increase_sd","Past",2020-09-22,"cumulative_cases",42022,42022,42022,42022,42022,42022,42022,42022
"Idaho","return_normal","Past",2020-09-22,"cumulative_cases",42022,42022,42022,42022,42022,42022,42022,42022
"Idaho","status_quo","Past",2020-09-22,"cumulative_cases",42022,42022,42022,42022,42022,42022,42022,42022
"Idaho","linear_increase_sd","Past",2020-09-22,"cumulative_deaths",822,822,822,822,822,822,822,822
"Idaho","return_normal","Past",2020-09-22,"cumulative_deaths",822,822,822,822,822,822,822,822
"Idaho","status_quo","Past",2020-09-22,"cumulative_deaths",822,822,822,822,822,822,822,822
"Idaho","linear_increase_sd","Past",2020-09-22,"cumulative_hosps",4840,4840,4840,4840,4840,4840,4840,4840
"Idaho","return_normal","Past",2020-09-22,"cumulative_hosps",4840,4840,4840,4840,4840,4840,4840,4840
"Idaho","status_quo","Past",2020-09-22,"cumulative_hosps",4840,4840,4840,4840,4840,4840,4840,4840
"Idaho","linear_increase_sd","Past",2020-09-22,"daily_all_infections",1183,1183,1183,1183,1183,1183,1183,1183
"Idaho","return_normal","Past",2020-09-22,"daily_all_infections",1183,1183,1183,1183,1183,1183,1183,1183
"Idaho","status_quo","Past",2020-09-22,"daily_all_infections",1183,1183,1183,1183,1183,1183,1183,1183
"Idaho","linear_increase_sd","Past",2020-09-22,"daily_cases",370,370,370,370,370,370,370,370
"Idaho","return_normal","Past",2020-09-22,"daily_cases",370,370,370,370,370,370,370,370
"Idaho","status_quo","Past",2020-09-22,"daily_cases",370,370,370,370,370,370,370,370
"Idaho","linear_increase_sd","Past",2020-09-22,"daily_deaths",5,5,5,5,5,5,5,5
"Idaho","return_normal","Past",2020-09-22,"daily_deaths",5,5,5,5,5,5,5,5
"Idaho","status_quo","Past",2020-09-22,"daily_deaths",5,5,5,5,5,5,5,5
"Idaho","linear_increase_sd","Past",2020-09-22,"daily_hosps",43,43,43,43,43,43,43,43
"Idaho","return_normal","Past",2020-09-22,"daily_hosps",43,43,43,43,43,43,43,43
"Idaho","status_quo","Past",2020-09-22,"daily_hosps",43,43,43,43,43,43,43,43
"Idaho","linear_increase_sd","Past",2020-09-22,"latent_trend",NA,NA,NA,0.505410125806827,NA,NA,NA,NA
"Idaho","return_normal","Past",2020-09-22,"latent_trend",NA,NA,NA,0.505410125806827,NA,NA,NA,NA
"Idaho","status_quo","Past",2020-09-22,"latent_trend",NA,NA,NA,0.505410125806827,NA,NA,NA,NA
"Idaho","linear_increase_sd","Past",2020-09-22,"mobility_trend",NA,NA,NA,0.854361165651994,NA,NA,NA,NA
"Idaho","return_normal","Past",2020-09-22,"mobility_trend",NA,NA,NA,0.854361165651994,NA,NA,NA,NA
"Idaho","status_quo","Past",2020-09-22,"mobility_trend",NA,NA,NA,0.854361165651994,NA,NA,NA,NA
"Idaho",NA,"Past",2020-09-23,"actual_cumulative_cases",NA,NA,NA,38347,NA,NA,NA,NA
"Idaho",NA,"Past",2020-09-23,"actual_cumulative_deaths",NA,NA,NA,452,NA,NA,NA,NA
"Idaho",NA,"Past",2020-09-23,"actual_daily_cases",NA,NA,NA,446,NA,NA,NA,NA
"Idaho",NA,"Past",2020-09-23,"actual_daily_deaths",NA,NA,NA,4,NA,NA,NA,NA
"Idaho","linear_increase_sd","Past",2020-09-23,"combined_trend",NA,NA,NA,0.435205081788771,NA,NA,NA,NA
"Idaho","return_normal","Past",2020-09-23,"combined_trend",NA,NA,NA,0.435205081788771,NA,NA,NA,NA
"Idaho","status_quo","Past",2020-09-23,"combined_trend",NA,NA,NA,0.435205081788771,NA,NA,NA,NA
"Idaho","linear_increase_sd","Past",2020-09-23,"cumulative_all_infections",129656,129656,129656,129656,129656,129656,129656,129656
"Idaho","return_normal","Past",2020-09-23,"cumulative_all_infections",129656,129656,129656,129656,129656,129656,129656,129656
"Idaho","status_quo","Past",2020-09-23,"cumulative_all_infections",129656,129656,129656,129656,129656,129656,129656,129656
"Idaho","linear_increase_sd","Past",2020-09-23,"cumulative_cases",42407,42407,42407,42407,42407,42407,42407,42407
"Idaho","return_normal","Past",2020-09-23,"cumulative_cases",42407,42407,42407,42407,42407,42407,42407,42407
"Idaho","status_quo","Past",2020-09-23,"cumulative_cases",42407,42407,42407,42407,42407,42407,42407,42407
"Idaho","linear_increase_sd","Past",2020-09-23,"cumulative_deaths",828,828,828,828,828,828,828,828
"Idaho","return_normal","Past",2020-09-23,"cumulative_deaths",828,828,828,828,828,828,828,828
"Idaho","status_quo","Past",2020-09-23,"cumulative_deaths",828,828,828,828,828,828,828,828
"Idaho","linear_increase_sd","Past",2020-09-23,"cumulative_hosps",4884,4884,4884,4884,4884,4884,4884,4884
"Idaho","return_normal","Past",2020-09-23,"cumulative_hosps",4884,4884,4884,4884,4884,4884,4884,4884
"Idaho","status_quo","Past",2020-09-23,"cumulative_hosps",4884,4884,4884,4884,4884,4884,4884,4884
"Idaho","linear_increase_sd","Past",2020-09-23,"daily_all_infections",1216,1216,1216,1216,1216,1216,1216,1216
"Idaho","return_normal","Past",2020-09-23,"daily_all_infections",1216,1216,1216,1216,1216,1216,1216,1216
"Idaho","status_quo","Past",2020-09-23,"daily_all_infections",1216,1216,1216,1216,1216,1216,1216,1216
"Idaho","linear_increase_sd","Past",2020-09-23,"daily_cases",385,385,385,385,385,385,385,385
"Idaho","return_normal","Past",2020-09-23,"daily_cases",385,385,385,385,385,385,385,385
"Idaho","status_quo","Past",2020-09-23,"daily_cases",385,385,385,385,385,385,385,385
"Idaho","linear_increase_sd","Past",2020-09-23,"daily_deaths",6,6,6,6,6,6,6,6
"Idaho","return_normal","Past",2020-09-23,"daily_deaths",6,6,6,6,6,6,6,6
"Idaho","status_quo","Past",2020-09-23,"daily_deaths",6,6,6,6,6,6,6,6
"Idaho","linear_increase_sd","Past",2020-09-23,"daily_hosps",44,44,44,44,44,44,44,44
"Idaho","return_normal","Past",2020-09-23,"daily_hosps",44,44,44,44,44,44,44,44
"Idaho","status_quo","Past",2020-09-23,"daily_hosps",44,44,44,44,44,44,44,44
"Idaho","linear_increase_sd","Past",2020-09-23,"latent_trend",NA,NA,NA,0.509119667537458,NA,NA,NA,NA
"Idaho","return_normal","Past",2020-09-23,"latent_trend",NA,NA,NA,0.509119667537458,NA,NA,NA,NA
"Idaho","status_quo","Past",2020-09-23,"latent_trend",NA,NA,NA,0.509119667537458,NA,NA,NA,NA
"Idaho","linear_increase_sd","Past",2020-09-23,"mobility_trend",NA,NA,NA,0.854818836392234,NA,NA,NA,NA
"Idaho","return_normal","Past",2020-09-23,"mobility_trend",NA,NA,NA,0.854818836392234,NA,NA,NA,NA
"Idaho","status_quo","Past",2020-09-23,"mobility_trend",NA,NA,NA,0.854818836392234,NA,NA,NA,NA
"Idaho",NA,"Past",2020-09-24,"actual_cumulative_cases",NA,NA,NA,38743,NA,NA,NA,NA
"Idaho",NA,"Past",2020-09-24,"actual_cumulative_deaths",NA,NA,NA,455,NA,NA,NA,NA
"Idaho",NA,"Past",2020-09-24,"actual_daily_cases",NA,NA,NA,396,NA,NA,NA,NA
"Idaho",NA,"Past",2020-09-24,"actual_daily_deaths",NA,NA,NA,3,NA,NA,NA,NA
"Idaho","linear_increase_sd","Past",2020-09-24,"combined_trend",NA,NA,NA,0.438548423542989,NA,NA,NA,NA
"Idaho","return_normal","Past",2020-09-24,"combined_trend",NA,NA,NA,0.438548423542989,NA,NA,NA,NA
"Idaho","status_quo","Past",2020-09-24,"combined_trend",NA,NA,NA,0.438548423542989,NA,NA,NA,NA
"Idaho","linear_increase_sd","Past",2020-09-24,"cumulative_all_infections",130900,130900,130900,130900,130900,130900,130900,130900
"Idaho","return_normal","Past",2020-09-24,"cumulative_all_infections",130900,130900,130900,130900,130900,130900,130900,130900
"Idaho","status_quo","Past",2020-09-24,"cumulative_all_infections",130900,130900,130900,130900,130900,130900,130900,130900
"Idaho","linear_increase_sd","Past",2020-09-24,"cumulative_cases",42803,42803,42803,42803,42803,42803,42803,42803
"Idaho","return_normal","Past",2020-09-24,"cumulative_cases",42803,42803,42803,42803,42803,42803,42803,42803
"Idaho","status_quo","Past",2020-09-24,"cumulative_cases",42803,42803,42803,42803,42803,42803,42803,42803
"Idaho","linear_increase_sd","Past",2020-09-24,"cumulative_deaths",833,833,833,833,833,833,833,833
"Idaho","return_normal","Past",2020-09-24,"cumulative_deaths",833,833,833,833,833,833,833,833
"Idaho","status_quo","Past",2020-09-24,"cumulative_deaths",833,833,833,833,833,833,833,833
"Idaho","linear_increase_sd","Past",2020-09-24,"cumulative_hosps",4930,4930,4930,4930,4930,4930,4930,4930
"Idaho","return_normal","Past",2020-09-24,"cumulative_hosps",4930,4930,4930,4930,4930,4930,4930,4930
"Idaho","status_quo","Past",2020-09-24,"cumulative_hosps",4930,4930,4930,4930,4930,4930,4930,4930
"Idaho","linear_increase_sd","Past",2020-09-24,"daily_all_infections",1244,1244,1244,1244,1244,1244,1244,1244
"Idaho","return_normal","Past",2020-09-24,"daily_all_infections",1244,1244,1244,1244,1244,1244,1244,1244
"Idaho","status_quo","Past",2020-09-24,"daily_all_infections",1244,1244,1244,1244,1244,1244,1244,1244
"Idaho","linear_increase_sd","Past",2020-09-24,"daily_cases",396,396,396,396,396,396,396,396
"Idaho","return_normal","Past",2020-09-24,"daily_cases",396,396,396,396,396,396,396,396
"Idaho","status_quo","Past",2020-09-24,"daily_cases",396,396,396,396,396,396,396,396
"Idaho","linear_increase_sd","Past",2020-09-24,"daily_deaths",5,5,5,5,5,5,5,5
"Idaho","return_normal","Past",2020-09-24,"daily_deaths",5,5,5,5,5,5,5,5
"Idaho","status_quo","Past",2020-09-24,"daily_deaths",5,5,5,5,5,5,5,5
"Idaho","linear_increase_sd","Past",2020-09-24,"daily_hosps",46,46,46,46,46,46,46,46
"Idaho","return_normal","Past",2020-09-24,"daily_hosps",46,46,46,46,46,46,46,46
"Idaho","status_quo","Past",2020-09-24,"daily_hosps",46,46,46,46,46,46,46,46
"Idaho","linear_increase_sd","Past",2020-09-24,"latent_trend",NA,NA,NA,0.512719776628289,NA,NA,NA,NA
"Idaho","return_normal","Past",2020-09-24,"latent_trend",NA,NA,NA,0.512719776628289,NA,NA,NA,NA
"Idaho","status_quo","Past",2020-09-24,"latent_trend",NA,NA,NA,0.512719776628289,NA,NA,NA,NA
"Idaho","linear_increase_sd","Past",2020-09-24,"mobility_trend",NA,NA,NA,0.85533744461144,NA,NA,NA,NA
"Idaho","return_normal","Past",2020-09-24,"mobility_trend",NA,NA,NA,0.85533744461144,NA,NA,NA,NA
"Idaho","status_quo","Past",2020-09-24,"mobility_trend",NA,NA,NA,0.85533744461144,NA,NA,NA,NA
"Idaho",NA,"Past",2020-09-25,"actual_cumulative_cases",NA,NA,NA,39234,NA,NA,NA,NA
"Idaho",NA,"Past",2020-09-25,"actual_cumulative_deaths",NA,NA,NA,458,NA,NA,NA,NA
"Idaho",NA,"Past",2020-09-25,"actual_daily_cases",NA,NA,NA,491,NA,NA,NA,NA
"Idaho",NA,"Past",2020-09-25,"actual_daily_deaths",NA,NA,NA,3,NA,NA,NA,NA
"Idaho","linear_increase_sd","Past",2020-09-25,"combined_trend",NA,NA,NA,0.441801181973603,NA,NA,NA,NA
"Idaho","return_normal","Past",2020-09-25,"combined_trend",NA,NA,NA,0.441801181973603,NA,NA,NA,NA
"Idaho","status_quo","Past",2020-09-25,"combined_trend",NA,NA,NA,0.441801181973603,NA,NA,NA,NA
"Idaho","linear_increase_sd","Past",2020-09-25,"cumulative_all_infections",132178,132178,132178,132178,132178,132178,132178,132178
"Idaho","return_normal","Past",2020-09-25,"cumulative_all_infections",132178,132178,132178,132178,132178,132178,132178,132178
"Idaho","status_quo","Past",2020-09-25,"cumulative_all_infections",132178,132178,132178,132178,132178,132178,132178,132178
"Idaho","linear_increase_sd","Past",2020-09-25,"cumulative_cases",43236,43236,43236,43236,43236,43236,43236,43236
"Idaho","return_normal","Past",2020-09-25,"cumulative_cases",43236,43236,43236,43236,43236,43236,43236,43236
"Idaho","status_quo","Past",2020-09-25,"cumulative_cases",43236,43236,43236,43236,43236,43236,43236,43236
"Idaho","linear_increase_sd","Past",2020-09-25,"cumulative_deaths",838,838,838,838,838,838,838,838
"Idaho","return_normal","Past",2020-09-25,"cumulative_deaths",838,838,838,838,838,838,838,838
"Idaho","status_quo","Past",2020-09-25,"cumulative_deaths",838,838,838,838,838,838,838,838
"Idaho","linear_increase_sd","Past",2020-09-25,"cumulative_hosps",4976,4976,4976,4976,4976,4976,4976,4976
"Idaho","return_normal","Past",2020-09-25,"cumulative_hosps",4976,4976,4976,4976,4976,4976,4976,4976
"Idaho","status_quo","Past",2020-09-25,"cumulative_hosps",4976,4976,4976,4976,4976,4976,4976,4976
"Idaho","linear_increase_sd","Past",2020-09-25,"daily_all_infections",1278,1278,1278,1278,1278,1278,1278,1278
"Idaho","return_normal","Past",2020-09-25,"daily_all_infections",1278,1278,1278,1278,1278,1278,1278,1278
"Idaho","status_quo","Past",2020-09-25,"daily_all_infections",1278,1278,1278,1278,1278,1278,1278,1278
"Idaho","linear_increase_sd","Past",2020-09-25,"daily_cases",433,433,433,433,433,433,433,433
"Idaho","return_normal","Past",2020-09-25,"daily_cases",433,433,433,433,433,433,433,433
"Idaho","status_quo","Past",2020-09-25,"daily_cases",433,433,433,433,433,433,433,433
"Idaho","linear_increase_sd","Past",2020-09-25,"daily_deaths",5,5,5,5,5,5,5,5
"Idaho","return_normal","Past",2020-09-25,"daily_deaths",5,5,5,5,5,5,5,5
"Idaho","status_quo","Past",2020-09-25,"daily_deaths",5,5,5,5,5,5,5,5
"Idaho","linear_increase_sd","Past",2020-09-25,"daily_hosps",46,46,46,46,46,46,46,46
"Idaho","return_normal","Past",2020-09-25,"daily_hosps",46,46,46,46,46,46,46,46
"Idaho","status_quo","Past",2020-09-25,"daily_hosps",46,46,46,46,46,46,46,46
"Idaho","linear_increase_sd","Past",2020-09-25,"latent_trend",NA,NA,NA,0.516212314688947,NA,NA,NA,NA
"Idaho","return_normal","Past",2020-09-25,"latent_trend",NA,NA,NA,0.516212314688947,NA,NA,NA,NA
"Idaho","status_quo","Past",2020-09-25,"latent_trend",NA,NA,NA,0.516212314688947,NA,NA,NA,NA
"Idaho","linear_increase_sd","Past",2020-09-25,"mobility_trend",NA,NA,NA,0.85585169009348,NA,NA,NA,NA
"Idaho","return_normal","Past",2020-09-25,"mobility_trend",NA,NA,NA,0.85585169009348,NA,NA,NA,NA
"Idaho","status_quo","Past",2020-09-25,"mobility_trend",NA,NA,NA,0.85585169009348,NA,NA,NA,NA
"Idaho",NA,"Past",2020-09-26,"actual_cumulative_cases",NA,NA,NA,39757,NA,NA,NA,NA
"Idaho",NA,"Past",2020-09-26,"actual_cumulative_deaths",NA,NA,NA,459,NA,NA,NA,NA
"Idaho",NA,"Past",2020-09-26,"actual_daily_cases",NA,NA,NA,523,NA,NA,NA,NA
"Idaho",NA,"Past",2020-09-26,"actual_daily_deaths",NA,NA,NA,1,NA,NA,NA,NA
"Idaho","linear_increase_sd","Past",2020-09-26,"combined_trend",NA,NA,NA,0.44492764214459,NA,NA,NA,NA
"Idaho","return_normal","Past",2020-09-26,"combined_trend",NA,NA,NA,0.44492764214459,NA,NA,NA,NA
"Idaho","status_quo","Past",2020-09-26,"combined_trend",NA,NA,NA,0.44492764214459,NA,NA,NA,NA
"Idaho","linear_increase_sd","Past",2020-09-26,"cumulative_all_infections",133488,133488,133488,133488,133488,133488,133488,133488
"Idaho","return_normal","Past",2020-09-26,"cumulative_all_infections",133488,133488,133488,133488,133488,133488,133488,133488
"Idaho","status_quo","Past",2020-09-26,"cumulative_all_infections",133488,133488,133488,133488,133488,133488,133488,133488
"Idaho","linear_increase_sd","Past",2020-09-26,"cumulative_cases",43674,43674,43674,43674,43674,43674,43674,43674
"Idaho","return_normal","Past",2020-09-26,"cumulative_cases",43674,43674,43674,43674,43674,43674,43674,43674
"Idaho","status_quo","Past",2020-09-26,"cumulative_cases",43674,43674,43674,43674,43674,43674,43674,43674
"Idaho","linear_increase_sd","Past",2020-09-26,"cumulative_deaths",843,843,843,843,843,843,843,843
"Idaho","return_normal","Past",2020-09-26,"cumulative_deaths",843,843,843,843,843,843,843,843
"Idaho","status_quo","Past",2020-09-26,"cumulative_deaths",843,843,843,843,843,843,843,843
"Idaho","linear_increase_sd","Past",2020-09-26,"cumulative_hosps",5021,5021,5021,5021,5021,5021,5021,5021
"Idaho","return_normal","Past",2020-09-26,"cumulative_hosps",5021,5021,5021,5021,5021,5021,5021,5021
"Idaho","status_quo","Past",2020-09-26,"cumulative_hosps",5021,5021,5021,5021,5021,5021,5021,5021
"Idaho","linear_increase_sd","Past",2020-09-26,"daily_all_infections",1310,1310,1310,1310,1310,1310,1310,1310
"Idaho","return_normal","Past",2020-09-26,"daily_all_infections",1310,1310,1310,1310,1310,1310,1310,1310
"Idaho","status_quo","Past",2020-09-26,"daily_all_infections",1310,1310,1310,1310,1310,1310,1310,1310
"Idaho","linear_increase_sd","Past",2020-09-26,"daily_cases",438,438,438,438,438,438,438,438
"Idaho","return_normal","Past",2020-09-26,"daily_cases",438,438,438,438,438,438,438,438
"Idaho","status_quo","Past",2020-09-26,"daily_cases",438,438,438,438,438,438,438,438
"Idaho","linear_increase_sd","Past",2020-09-26,"daily_deaths",5,5,5,5,5,5,5,5
"Idaho","return_normal","Past",2020-09-26,"daily_deaths",5,5,5,5,5,5,5,5
"Idaho","status_quo","Past",2020-09-26,"daily_deaths",5,5,5,5,5,5,5,5
"Idaho","linear_increase_sd","Past",2020-09-26,"daily_hosps",45,45,45,45,45,45,45,45
"Idaho","return_normal","Past",2020-09-26,"daily_hosps",45,45,45,45,45,45,45,45
"Idaho","status_quo","Past",2020-09-26,"daily_hosps",45,45,45,45,45,45,45,45
"Idaho","linear_increase_sd","Past",2020-09-26,"latent_trend",NA,NA,NA,0.519599201506657,NA,NA,NA,NA
"Idaho","return_normal","Past",2020-09-26,"latent_trend",NA,NA,NA,0.519599201506657,NA,NA,NA,NA
"Idaho","status_quo","Past",2020-09-26,"latent_trend",NA,NA,NA,0.519599201506657,NA,NA,NA,NA
"Idaho","linear_increase_sd","Past",2020-09-26,"mobility_trend",NA,NA,NA,0.856290080613008,NA,NA,NA,NA
"Idaho","return_normal","Past",2020-09-26,"mobility_trend",NA,NA,NA,0.856290080613008,NA,NA,NA,NA
"Idaho","status_quo","Past",2020-09-26,"mobility_trend",NA,NA,NA,0.856290080613008,NA,NA,NA,NA
"Idaho",NA,"Past",2020-09-27,"actual_cumulative_cases",NA,NA,NA,40296,NA,NA,NA,NA
"Idaho",NA,"Past",2020-09-27,"actual_cumulative_deaths",NA,NA,NA,461,NA,NA,NA,NA
"Idaho",NA,"Past",2020-09-27,"actual_daily_cases",NA,NA,NA,539,NA,NA,NA,NA
"Idaho",NA,"Past",2020-09-27,"actual_daily_deaths",NA,NA,NA,2,NA,NA,NA,NA
"Idaho","linear_increase_sd","Past",2020-09-27,"combined_trend",NA,NA,NA,0.447891201210392,NA,NA,NA,NA
"Idaho","return_normal","Past",2020-09-27,"combined_trend",NA,NA,NA,0.447891201210392,NA,NA,NA,NA
"Idaho","status_quo","Past",2020-09-27,"combined_trend",NA,NA,NA,0.447891201210392,NA,NA,NA,NA
"Idaho","linear_increase_sd","Past",2020-09-27,"cumulative_all_infections",134828,134828,134828,134828,134828,134828,134828,134828
"Idaho","return_normal","Past",2020-09-27,"cumulative_all_infections",134828,134828,134828,134828,134828,134828,134828,134828
"Idaho","status_quo","Past",2020-09-27,"cumulative_all_infections",134828,134828,134828,134828,134828,134828,134828,134828
"Idaho","linear_increase_sd","Past",2020-09-27,"cumulative_cases",44109,44109,44109,44109,44109,44109,44109,44109
"Idaho","return_normal","Past",2020-09-27,"cumulative_cases",44109,44109,44109,44109,44109,44109,44109,44109
"Idaho","status_quo","Past",2020-09-27,"cumulative_cases",44109,44109,44109,44109,44109,44109,44109,44109
"Idaho","linear_increase_sd","Past",2020-09-27,"cumulative_deaths",848,848,848,848,848,848,848,848
"Idaho","return_normal","Past",2020-09-27,"cumulative_deaths",848,848,848,848,848,848,848,848
"Idaho","status_quo","Past",2020-09-27,"cumulative_deaths",848,848,848,848,848,848,848,848
"Idaho","linear_increase_sd","Past",2020-09-27,"cumulative_hosps",5067,5067,5067,5067,5067,5067,5067,5067
"Idaho","return_normal","Past",2020-09-27,"cumulative_hosps",5067,5067,5067,5067,5067,5067,5067,5067
"Idaho","status_quo","Past",2020-09-27,"cumulative_hosps",5067,5067,5067,5067,5067,5067,5067,5067
"Idaho","linear_increase_sd","Past",2020-09-27,"daily_all_infections",1340,1340,1340,1340,1340,1340,1340,1340
"Idaho","return_normal","Past",2020-09-27,"daily_all_infections",1340,1340,1340,1340,1340,1340,1340,1340
"Idaho","status_quo","Past",2020-09-27,"daily_all_infections",1340,1340,1340,1340,1340,1340,1340,1340
"Idaho","linear_increase_sd","Past",2020-09-27,"daily_cases",435,435,435,435,435,435,435,435
"Idaho","return_normal","Past",2020-09-27,"daily_cases",435,435,435,435,435,435,435,435
"Idaho","status_quo","Past",2020-09-27,"daily_cases",435,435,435,435,435,435,435,435
"Idaho","linear_increase_sd","Past",2020-09-27,"daily_deaths",5,5,5,5,5,5,5,5
"Idaho","return_normal","Past",2020-09-27,"daily_deaths",5,5,5,5,5,5,5,5
"Idaho","status_quo","Past",2020-09-27,"daily_deaths",5,5,5,5,5,5,5,5
"Idaho","linear_increase_sd","Past",2020-09-27,"daily_hosps",46,46,46,46,46,46,46,46
"Idaho","return_normal","Past",2020-09-27,"daily_hosps",46,46,46,46,46,46,46,46
"Idaho","status_quo","Past",2020-09-27,"daily_hosps",46,46,46,46,46,46,46,46
"Idaho","linear_increase_sd","Past",2020-09-27,"latent_trend",NA,NA,NA,0.522882408554356,NA,NA,NA,NA
"Idaho","return_normal","Past",2020-09-27,"latent_trend",NA,NA,NA,0.522882408554356,NA,NA,NA,NA
"Idaho","status_quo","Past",2020-09-27,"latent_trend",NA,NA,NA,0.522882408554356,NA,NA,NA,NA
"Idaho","linear_increase_sd","Past",2020-09-27,"mobility_trend",NA,NA,NA,0.856581123944682,NA,NA,NA,NA
"Idaho","return_normal","Past",2020-09-27,"mobility_trend",NA,NA,NA,0.856581123944682,NA,NA,NA,NA
"Idaho","status_quo","Past",2020-09-27,"mobility_trend",NA,NA,NA,0.856581123944682,NA,NA,NA,NA
"Idaho",NA,"Past",2020-09-28,"actual_cumulative_cases",NA,NA,NA,40501,NA,NA,NA,NA
"Idaho",NA,"Past",2020-09-28,"actual_cumulative_deaths",NA,NA,NA,461,NA,NA,NA,NA
"Idaho",NA,"Past",2020-09-28,"actual_daily_cases",NA,NA,NA,205,NA,NA,NA,NA
"Idaho",NA,"Past",2020-09-28,"actual_daily_deaths",NA,NA,NA,0,NA,NA,NA,NA
"Idaho","linear_increase_sd","Past",2020-09-28,"combined_trend",NA,NA,NA,0.450654003075715,NA,NA,NA,NA
"Idaho","return_normal","Past",2020-09-28,"combined_trend",NA,NA,NA,0.450654003075715,NA,NA,NA,NA
"Idaho","status_quo","Past",2020-09-28,"combined_trend",NA,NA,NA,0.450654003075715,NA,NA,NA,NA
"Idaho","linear_increase_sd","Past",2020-09-28,"cumulative_all_infections",136213,136213,136213,136213,136213,136213,136213,136213
"Idaho","return_normal","Past",2020-09-28,"cumulative_all_infections",136213,136213,136213,136213,136213,136213,136213,136213
"Idaho","status_quo","Past",2020-09-28,"cumulative_all_infections",136213,136213,136213,136213,136213,136213,136213,136213
"Idaho","linear_increase_sd","Past",2020-09-28,"cumulative_cases",44598,44598,44598,44598,44598,44598,44598,44598
"Idaho","return_normal","Past",2020-09-28,"cumulative_cases",44598,44598,44598,44598,44598,44598,44598,44598
"Idaho","status_quo","Past",2020-09-28,"cumulative_cases",44598,44598,44598,44598,44598,44598,44598,44598
"Idaho","linear_increase_sd","Past",2020-09-28,"cumulative_deaths",853,853,853,853,853,853,853,853
"Idaho","return_normal","Past",2020-09-28,"cumulative_deaths",853,853,853,853,853,853,853,853
"Idaho","status_quo","Past",2020-09-28,"cumulative_deaths",853,853,853,853,853,853,853,853
"Idaho","linear_increase_sd","Past",2020-09-28,"cumulative_hosps",5114,5114,5114,5114,5114,5114,5114,5114
"Idaho","return_normal","Past",2020-09-28,"cumulative_hosps",5114,5114,5114,5114,5114,5114,5114,5114
"Idaho","status_quo","Past",2020-09-28,"cumulative_hosps",5114,5114,5114,5114,5114,5114,5114,5114
"Idaho","linear_increase_sd","Past",2020-09-28,"daily_all_infections",1385,1385,1385,1385,1385,1385,1385,1385
"Idaho","return_normal","Past",2020-09-28,"daily_all_infections",1385,1385,1385,1385,1385,1385,1385,1385
"Idaho","status_quo","Past",2020-09-28,"daily_all_infections",1385,1385,1385,1385,1385,1385,1385,1385
"Idaho","linear_increase_sd","Past",2020-09-28,"daily_cases",489,489,489,489,489,489,489,489
"Idaho","return_normal","Past",2020-09-28,"daily_cases",489,489,489,489,489,489,489,489
"Idaho","status_quo","Past",2020-09-28,"daily_cases",489,489,489,489,489,489,489,489
"Idaho","linear_increase_sd","Past",2020-09-28,"daily_deaths",5,5,5,5,5,5,5,5
"Idaho","return_normal","Past",2020-09-28,"daily_deaths",5,5,5,5,5,5,5,5
"Idaho","status_quo","Past",2020-09-28,"daily_deaths",5,5,5,5,5,5,5,5
"Idaho","linear_increase_sd","Past",2020-09-28,"daily_hosps",47,47,47,47,47,47,47,47
"Idaho","return_normal","Past",2020-09-28,"daily_hosps",47,47,47,47,47,47,47,47
"Idaho","status_quo","Past",2020-09-28,"daily_hosps",47,47,47,47,47,47,47,47
"Idaho","linear_increase_sd","Past",2020-09-28,"latent_trend",NA,NA,NA,0.526063952969121,NA,NA,NA,NA
"Idaho","return_normal","Past",2020-09-28,"latent_trend",NA,NA,NA,0.526063952969121,NA,NA,NA,NA
"Idaho","status_quo","Past",2020-09-28,"latent_trend",NA,NA,NA,0.526063952969121,NA,NA,NA,NA
"Idaho","linear_increase_sd","Past",2020-09-28,"mobility_trend",NA,NA,NA,0.856652504951557,NA,NA,NA,NA
"Idaho","return_normal","Past",2020-09-28,"mobility_trend",NA,NA,NA,0.856652504951557,NA,NA,NA,NA
"Idaho","status_quo","Past",2020-09-28,"mobility_trend",NA,NA,NA,0.856652504951557,NA,NA,NA,NA
"Idaho",NA,"Past",2020-09-29,"actual_cumulative_cases",NA,NA,NA,40923,NA,NA,NA,NA
"Idaho",NA,"Past",2020-09-29,"actual_cumulative_deaths",NA,NA,NA,461,NA,NA,NA,NA
"Idaho",NA,"Past",2020-09-29,"actual_daily_cases",NA,NA,NA,422,NA,NA,NA,NA
"Idaho",NA,"Past",2020-09-29,"actual_daily_deaths",NA,NA,NA,0,NA,NA,NA,NA
"Idaho","linear_increase_sd","Past",2020-09-29,"combined_trend",NA,NA,NA,0.453175684382944,NA,NA,NA,NA
"Idaho","return_normal","Past",2020-09-29,"combined_trend",NA,NA,NA,0.453175684382944,NA,NA,NA,NA
"Idaho","status_quo","Past",2020-09-29,"combined_trend",NA,NA,NA,0.453175684382944,NA,NA,NA,NA
"Idaho","linear_increase_sd","Past",2020-09-29,"cumulative_all_infections",137633,137633,137633,137633,137633,137633,137633,137633
"Idaho","return_normal","Past",2020-09-29,"cumulative_all_infections",137633,137633,137633,137633,137633,137633,137633,137633
"Idaho","status_quo","Past",2020-09-29,"cumulative_all_infections",137633,137633,137633,137633,137633,137633,137633,137633
"Idaho","linear_increase_sd","Past",2020-09-29,"cumulative_cases",45003,45003,45003,45003,45003,45003,45003,45003
"Idaho","return_normal","Past",2020-09-29,"cumulative_cases",45003,45003,45003,45003,45003,45003,45003,45003
"Idaho","status_quo","Past",2020-09-29,"cumulative_cases",45003,45003,45003,45003,45003,45003,45003,45003
"Idaho","linear_increase_sd","Past",2020-09-29,"cumulative_deaths",858,858,858,858,858,858,858,858
"Idaho","return_normal","Past",2020-09-29,"cumulative_deaths",858,858,858,858,858,858,858,858
"Idaho","status_quo","Past",2020-09-29,"cumulative_deaths",858,858,858,858,858,858,858,858
"Idaho","linear_increase_sd","Past",2020-09-29,"cumulative_hosps",5163,5163,5163,5163,5163,5163,5163,5163
"Idaho","return_normal","Past",2020-09-29,"cumulative_hosps",5163,5163,5163,5163,5163,5163,5163,5163
"Idaho","status_quo","Past",2020-09-29,"cumulative_hosps",5163,5163,5163,5163,5163,5163,5163,5163
"Idaho","linear_increase_sd","Past",2020-09-29,"daily_all_infections",1420,1420,1420,1420,1420,1420,1420,1420
"Idaho","return_normal","Past",2020-09-29,"daily_all_infections",1420,1420,1420,1420,1420,1420,1420,1420
"Idaho","status_quo","Past",2020-09-29,"daily_all_infections",1420,1420,1420,1420,1420,1420,1420,1420
"Idaho","linear_increase_sd","Past",2020-09-29,"daily_cases",405,405,405,405,405,405,405,405
"Idaho","return_normal","Past",2020-09-29,"daily_cases",405,405,405,405,405,405,405,405
"Idaho","status_quo","Past",2020-09-29,"daily_cases",405,405,405,405,405,405,405,405
"Idaho","linear_increase_sd","Past",2020-09-29,"daily_deaths",5,5,5,5,5,5,5,5
"Idaho","return_normal","Past",2020-09-29,"daily_deaths",5,5,5,5,5,5,5,5
"Idaho","status_quo","Past",2020-09-29,"daily_deaths",5,5,5,5,5,5,5,5
"Idaho","linear_increase_sd","Past",2020-09-29,"daily_hosps",49,49,49,49,49,49,49,49
"Idaho","return_normal","Past",2020-09-29,"daily_hosps",49,49,49,49,49,49,49,49
"Idaho","status_quo","Past",2020-09-29,"daily_hosps",49,49,49,49,49,49,49,49
"Idaho","linear_increase_sd","Past",2020-09-29,"latent_trend",NA,NA,NA,0.529145891982918,NA,NA,NA,NA
"Idaho","return_normal","Past",2020-09-29,"latent_trend",NA,NA,NA,0.529145891982918,NA,NA,NA,NA
"Idaho","status_quo","Past",2020-09-29,"latent_trend",NA,NA,NA,0.529145891982918,NA,NA,NA,NA
"Idaho","linear_increase_sd","Past",2020-09-29,"mobility_trend",NA,NA,NA,0.856428616850292,NA,NA,NA,NA
"Idaho","return_normal","Past",2020-09-29,"mobility_trend",NA,NA,NA,0.856428616850292,NA,NA,NA,NA
"Idaho","status_quo","Past",2020-09-29,"mobility_trend",NA,NA,NA,0.856428616850292,NA,NA,NA,NA
"Idaho",NA,"Past",2020-09-30,"actual_cumulative_cases",NA,NA,NA,41434,NA,NA,NA,NA
"Idaho",NA,"Past",2020-09-30,"actual_cumulative_deaths",NA,NA,NA,465,NA,NA,NA,NA
"Idaho",NA,"Past",2020-09-30,"actual_daily_cases",NA,NA,NA,511,NA,NA,NA,NA
"Idaho",NA,"Past",2020-09-30,"actual_daily_deaths",NA,NA,NA,4,NA,NA,NA,NA
"Idaho","linear_increase_sd","Past",2020-09-30,"combined_trend",NA,NA,NA,0.455414702197502,NA,NA,NA,NA
"Idaho","return_normal","Past",2020-09-30,"combined_trend",NA,NA,NA,0.455414702197502,NA,NA,NA,NA
"Idaho","status_quo","Past",2020-09-30,"combined_trend",NA,NA,NA,0.455414702197502,NA,NA,NA,NA
"Idaho","linear_increase_sd","Past",2020-09-30,"cumulative_all_infections",139094,139094,139094,139094,139094,139094,139094,139094
"Idaho","return_normal","Past",2020-09-30,"cumulative_all_infections",139094,139094,139094,139094,139094,139094,139094,139094
"Idaho","status_quo","Past",2020-09-30,"cumulative_all_infections",139094,139094,139094,139094,139094,139094,139094,139094
"Idaho","linear_increase_sd","Past",2020-09-30,"cumulative_cases",45500,45500,45500,45500,45500,45500,45500,45500
"Idaho","return_normal","Past",2020-09-30,"cumulative_cases",45500,45500,45500,45500,45500,45500,45500,45500
"Idaho","status_quo","Past",2020-09-30,"cumulative_cases",45500,45500,45500,45500,45500,45500,45500,45500
"Idaho","linear_increase_sd","Past",2020-09-30,"cumulative_deaths",864,864,864,864,864,864,864,864
"Idaho","return_normal","Past",2020-09-30,"cumulative_deaths",864,864,864,864,864,864,864,864
"Idaho","status_quo","Past",2020-09-30,"cumulative_deaths",864,864,864,864,864,864,864,864
"Idaho","linear_increase_sd","Past",2020-09-30,"cumulative_hosps",5213,5213,5213,5213,5213,5213,5213,5213
"Idaho","return_normal","Past",2020-09-30,"cumulative_hosps",5213,5213,5213,5213,5213,5213,5213,5213
"Idaho","status_quo","Past",2020-09-30,"cumulative_hosps",5213,5213,5213,5213,5213,5213,5213,5213
"Idaho","linear_increase_sd","Past",2020-09-30,"daily_all_infections",1461,1461,1461,1461,1461,1461,1461,1461
"Idaho","return_normal","Past",2020-09-30,"daily_all_infections",1461,1461,1461,1461,1461,1461,1461,1461
"Idaho","status_quo","Past",2020-09-30,"daily_all_infections",1461,1461,1461,1461,1461,1461,1461,1461
"Idaho","linear_increase_sd","Past",2020-09-30,"daily_cases",497,497,497,497,497,497,497,497
"Idaho","return_normal","Past",2020-09-30,"daily_cases",497,497,497,497,497,497,497,497
"Idaho","status_quo","Past",2020-09-30,"daily_cases",497,497,497,497,497,497,497,497
"Idaho","linear_increase_sd","Past",2020-09-30,"daily_deaths",6,6,6,6,6,6,6,6
"Idaho","return_normal","Past",2020-09-30,"daily_deaths",6,6,6,6,6,6,6,6
"Idaho","status_quo","Past",2020-09-30,"daily_deaths",6,6,6,6,6,6,6,6
"Idaho","linear_increase_sd","Past",2020-09-30,"daily_hosps",50,50,50,50,50,50,50,50
"Idaho","return_normal","Past",2020-09-30,"daily_hosps",50,50,50,50,50,50,50,50
"Idaho","status_quo","Past",2020-09-30,"daily_hosps",50,50,50,50,50,50,50,50
"Idaho","linear_increase_sd","Past",2020-09-30,"latent_trend",NA,NA,NA,0.532130317786713,NA,NA,NA,NA
"Idaho","return_normal","Past",2020-09-30,"latent_trend",NA,NA,NA,0.532130317786713,NA,NA,NA,NA
"Idaho","status_quo","Past",2020-09-30,"latent_trend",NA,NA,NA,0.532130317786713,NA,NA,NA,NA
"Idaho","linear_increase_sd","Past",2020-09-30,"mobility_trend",NA,NA,NA,0.855833029945946,NA,NA,NA,NA
"Idaho","return_normal","Past",2020-09-30,"mobility_trend",NA,NA,NA,0.855833029945946,NA,NA,NA,NA
"Idaho","status_quo","Past",2020-09-30,"mobility_trend",NA,NA,NA,0.855833029945946,NA,NA,NA,NA
"Idaho",NA,"Past",2020-10-01,"actual_cumulative_cases",NA,NA,NA,42048,NA,NA,NA,NA
"Idaho",NA,"Past",2020-10-01,"actual_cumulative_deaths",NA,NA,NA,470,NA,NA,NA,NA
"Idaho",NA,"Past",2020-10-01,"actual_daily_cases",NA,NA,NA,614,NA,NA,NA,NA
"Idaho",NA,"Past",2020-10-01,"actual_daily_deaths",NA,NA,NA,5,NA,NA,NA,NA
"Idaho","linear_increase_sd","Past",2020-10-01,"combined_trend",NA,NA,NA,0.457341270149229,NA,NA,NA,NA
"Idaho","return_normal","Past",2020-10-01,"combined_trend",NA,NA,NA,0.457341270149229,NA,NA,NA,NA
"Idaho","status_quo","Past",2020-10-01,"combined_trend",NA,NA,NA,0.457341270149229,NA,NA,NA,NA
"Idaho","linear_increase_sd","Past",2020-10-01,"cumulative_all_infections",140598,140598,140598,140598,140598,140598,140598,140598
"Idaho","return_normal","Past",2020-10-01,"cumulative_all_infections",140598,140598,140598,140598,140598,140598,140598,140598
"Idaho","status_quo","Past",2020-10-01,"cumulative_all_infections",140598,140598,140598,140598,140598,140598,140598,140598
"Idaho","linear_increase_sd","Past",2020-10-01,"cumulative_cases",45933,45933,45933,45933,45933,45933,45933,45933
"Idaho","return_normal","Past",2020-10-01,"cumulative_cases",45933,45933,45933,45933,45933,45933,45933,45933
"Idaho","status_quo","Past",2020-10-01,"cumulative_cases",45933,45933,45933,45933,45933,45933,45933,45933
"Idaho","linear_increase_sd","Past",2020-10-01,"cumulative_deaths",870,870,870,870,870,870,870,870
"Idaho","return_normal","Past",2020-10-01,"cumulative_deaths",870,870,870,870,870,870,870,870
"Idaho","status_quo","Past",2020-10-01,"cumulative_deaths",870,870,870,870,870,870,870,870
"Idaho","linear_increase_sd","Past",2020-10-01,"cumulative_hosps",5264,5264,5264,5264,5264,5264,5264,5264
"Idaho","return_normal","Past",2020-10-01,"cumulative_hosps",5264,5264,5264,5264,5264,5264,5264,5264
"Idaho","status_quo","Past",2020-10-01,"cumulative_hosps",5264,5264,5264,5264,5264,5264,5264,5264
"Idaho","linear_increase_sd","Past",2020-10-01,"daily_all_infections",1504,1504,1504,1504,1504,1504,1504,1504
"Idaho","return_normal","Past",2020-10-01,"daily_all_infections",1504,1504,1504,1504,1504,1504,1504,1504
"Idaho","status_quo","Past",2020-10-01,"daily_all_infections",1504,1504,1504,1504,1504,1504,1504,1504
"Idaho","linear_increase_sd","Past",2020-10-01,"daily_cases",433,433,433,433,433,433,433,433
"Idaho","return_normal","Past",2020-10-01,"daily_cases",433,433,433,433,433,433,433,433
"Idaho","status_quo","Past",2020-10-01,"daily_cases",433,433,433,433,433,433,433,433
"Idaho","linear_increase_sd","Past",2020-10-01,"daily_deaths",6,6,6,6,6,6,6,6
"Idaho","return_normal","Past",2020-10-01,"daily_deaths",6,6,6,6,6,6,6,6
"Idaho","status_quo","Past",2020-10-01,"daily_deaths",6,6,6,6,6,6,6,6
"Idaho","linear_increase_sd","Past",2020-10-01,"daily_hosps",51,51,51,51,51,51,51,51
"Idaho","return_normal","Past",2020-10-01,"daily_hosps",51,51,51,51,51,51,51,51
"Idaho","status_quo","Past",2020-10-01,"daily_hosps",51,51,51,51,51,51,51,51
"Idaho","linear_increase_sd","Past",2020-10-01,"latent_trend",NA,NA,NA,0.535019352808281,NA,NA,NA,NA
"Idaho","return_normal","Past",2020-10-01,"latent_trend",NA,NA,NA,0.535019352808281,NA,NA,NA,NA
"Idaho","status_quo","Past",2020-10-01,"latent_trend",NA,NA,NA,0.535019352808281,NA,NA,NA,NA
"Idaho","linear_increase_sd","Past",2020-10-01,"mobility_trend",NA,NA,NA,0.854812574066107,NA,NA,NA,NA
"Idaho","return_normal","Past",2020-10-01,"mobility_trend",NA,NA,NA,0.854812574066107,NA,NA,NA,NA
"Idaho","status_quo","Past",2020-10-01,"mobility_trend",NA,NA,NA,0.854812574066107,NA,NA,NA,NA
"Idaho",NA,"Past",2020-10-02,"actual_cumulative_cases",NA,NA,NA,42561,NA,NA,NA,NA
"Idaho",NA,"Past",2020-10-02,"actual_cumulative_deaths",NA,NA,NA,473,NA,NA,NA,NA
"Idaho",NA,"Past",2020-10-02,"actual_daily_cases",NA,NA,NA,513,NA,NA,NA,NA
"Idaho",NA,"Past",2020-10-02,"actual_daily_deaths",NA,NA,NA,3,NA,NA,NA,NA
"Idaho","linear_increase_sd","Past",2020-10-02,"combined_trend",NA,NA,NA,0.458975272769837,NA,NA,NA,NA
"Idaho","return_normal","Past",2020-10-02,"combined_trend",NA,NA,NA,0.458975272769837,NA,NA,NA,NA
"Idaho","status_quo","Past",2020-10-02,"combined_trend",NA,NA,NA,0.458975272769837,NA,NA,NA,NA
"Idaho","linear_increase_sd","Past",2020-10-02,"cumulative_all_infections",142144,142144,142144,142144,142144,142144,142144,142144
"Idaho","return_normal","Past",2020-10-02,"cumulative_all_infections",142144,142144,142144,142144,142144,142144,142144,142144
"Idaho","status_quo","Past",2020-10-02,"cumulative_all_infections",142144,142144,142144,142144,142144,142144,142144,142144
"Idaho","linear_increase_sd","Past",2020-10-02,"cumulative_cases",46378,46378,46378,46378,46378,46378,46378,46378
"Idaho","return_normal","Past",2020-10-02,"cumulative_cases",46378,46378,46378,46378,46378,46378,46378,46378
"Idaho","status_quo","Past",2020-10-02,"cumulative_cases",46378,46378,46378,46378,46378,46378,46378,46378
"Idaho","linear_increase_sd","Past",2020-10-02,"cumulative_deaths",875,875,875,875,875,875,875,875
"Idaho","return_normal","Past",2020-10-02,"cumulative_deaths",875,875,875,875,875,875,875,875
"Idaho","status_quo","Past",2020-10-02,"cumulative_deaths",875,875,875,875,875,875,875,875
"Idaho","linear_increase_sd","Past",2020-10-02,"cumulative_hosps",5315,5315,5315,5315,5315,5315,5315,5315
"Idaho","return_normal","Past",2020-10-02,"cumulative_hosps",5315,5315,5315,5315,5315,5315,5315,5315
"Idaho","status_quo","Past",2020-10-02,"cumulative_hosps",5315,5315,5315,5315,5315,5315,5315,5315
"Idaho","linear_increase_sd","Past",2020-10-02,"daily_all_infections",1546,1546,1546,1546,1546,1546,1546,1546
"Idaho","return_normal","Past",2020-10-02,"daily_all_infections",1546,1546,1546,1546,1546,1546,1546,1546
"Idaho","status_quo","Past",2020-10-02,"daily_all_infections",1546,1546,1546,1546,1546,1546,1546,1546
"Idaho","linear_increase_sd","Past",2020-10-02,"daily_cases",445,445,445,445,445,445,445,445
"Idaho","return_normal","Past",2020-10-02,"daily_cases",445,445,445,445,445,445,445,445
"Idaho","status_quo","Past",2020-10-02,"daily_cases",445,445,445,445,445,445,445,445
"Idaho","linear_increase_sd","Past",2020-10-02,"daily_deaths",5,5,5,5,5,5,5,5
"Idaho","return_normal","Past",2020-10-02,"daily_deaths",5,5,5,5,5,5,5,5
"Idaho","status_quo","Past",2020-10-02,"daily_deaths",5,5,5,5,5,5,5,5
"Idaho","linear_increase_sd","Past",2020-10-02,"daily_hosps",51,51,51,51,51,51,51,51
"Idaho","return_normal","Past",2020-10-02,"daily_hosps",51,51,51,51,51,51,51,51
"Idaho","status_quo","Past",2020-10-02,"daily_hosps",51,51,51,51,51,51,51,51
"Idaho","linear_increase_sd","Past",2020-10-02,"latent_trend",NA,NA,NA,0.537815145383589,NA,NA,NA,NA
"Idaho","return_normal","Past",2020-10-02,"latent_trend",NA,NA,NA,0.537815145383589,NA,NA,NA,NA
"Idaho","status_quo","Past",2020-10-02,"latent_trend",NA,NA,NA,0.537815145383589,NA,NA,NA,NA
"Idaho","linear_increase_sd","Past",2020-10-02,"mobility_trend",NA,NA,NA,0.853407117128469,NA,NA,NA,NA
"Idaho","return_normal","Past",2020-10-02,"mobility_trend",NA,NA,NA,0.853407117128469,NA,NA,NA,NA
"Idaho","status_quo","Past",2020-10-02,"mobility_trend",NA,NA,NA,0.853407117128469,NA,NA,NA,NA
"Idaho",NA,"Past",2020-10-03,"actual_cumulative_cases",NA,NA,NA,43238,NA,NA,NA,NA
"Idaho",NA,"Past",2020-10-03,"actual_cumulative_deaths",NA,NA,NA,475,NA,NA,NA,NA
"Idaho",NA,"Past",2020-10-03,"actual_daily_cases",NA,NA,NA,677,NA,NA,NA,NA
"Idaho",NA,"Past",2020-10-03,"actual_daily_deaths",NA,NA,NA,2,NA,NA,NA,NA
"Idaho","linear_increase_sd","Past",2020-10-03,"combined_trend",NA,NA,NA,0.460349843944351,NA,NA,NA,NA
"Idaho","return_normal","Past",2020-10-03,"combined_trend",NA,NA,NA,0.460349843944351,NA,NA,NA,NA
"Idaho","status_quo","Past",2020-10-03,"combined_trend",NA,NA,NA,0.460349843944351,NA,NA,NA,NA
"Idaho","linear_increase_sd","Past",2020-10-03,"cumulative_all_infections",143736,143736,143736,143736,143736,143736,143736,143736
"Idaho","return_normal","Past",2020-10-03,"cumulative_all_infections",143736,143736,143736,143736,143736,143736,143736,143736
"Idaho","status_quo","Past",2020-10-03,"cumulative_all_infections",143736,143736,143736,143736,143736,143736,143736,143736
"Idaho","linear_increase_sd","Past",2020-10-03,"cumulative_cases",46847,46847,46847,46847,46847,46847,46847,46847
"Idaho","return_normal","Past",2020-10-03,"cumulative_cases",46847,46847,46847,46847,46847,46847,46847,46847
"Idaho","status_quo","Past",2020-10-03,"cumulative_cases",46847,46847,46847,46847,46847,46847,46847,46847
"Idaho","linear_increase_sd","Past",2020-10-03,"cumulative_deaths",881,881,881,881,881,881,881,881
"Idaho","return_normal","Past",2020-10-03,"cumulative_deaths",881,881,881,881,881,881,881,881
"Idaho","status_quo","Past",2020-10-03,"cumulative_deaths",881,881,881,881,881,881,881,881
"Idaho","linear_increase_sd","Past",2020-10-03,"cumulative_hosps",5369,5369,5369,5369,5369,5369,5369,5369
"Idaho","return_normal","Past",2020-10-03,"cumulative_hosps",5369,5369,5369,5369,5369,5369,5369,5369
"Idaho","status_quo","Past",2020-10-03,"cumulative_hosps",5369,5369,5369,5369,5369,5369,5369,5369
"Idaho","linear_increase_sd","Past",2020-10-03,"daily_all_infections",1592,1592,1592,1592,1592,1592,1592,1592
"Idaho","return_normal","Past",2020-10-03,"daily_all_infections",1592,1592,1592,1592,1592,1592,1592,1592
"Idaho","status_quo","Past",2020-10-03,"daily_all_infections",1592,1592,1592,1592,1592,1592,1592,1592
"Idaho","linear_increase_sd","Past",2020-10-03,"daily_cases",469,469,469,469,469,469,469,469
"Idaho","return_normal","Past",2020-10-03,"daily_cases",469,469,469,469,469,469,469,469
"Idaho","status_quo","Past",2020-10-03,"daily_cases",469,469,469,469,469,469,469,469
"Idaho","linear_increase_sd","Past",2020-10-03,"daily_deaths",6,6,6,6,6,6,6,6
"Idaho","return_normal","Past",2020-10-03,"daily_deaths",6,6,6,6,6,6,6,6
"Idaho","status_quo","Past",2020-10-03,"daily_deaths",6,6,6,6,6,6,6,6
"Idaho","linear_increase_sd","Past",2020-10-03,"daily_hosps",54,54,54,54,54,54,54,54
"Idaho","return_normal","Past",2020-10-03,"daily_hosps",54,54,54,54,54,54,54,54
"Idaho","status_quo","Past",2020-10-03,"daily_hosps",54,54,54,54,54,54,54,54
"Idaho","linear_increase_sd","Past",2020-10-03,"latent_trend",NA,NA,NA,0.540519865801413,NA,NA,NA,NA
"Idaho","return_normal","Past",2020-10-03,"latent_trend",NA,NA,NA,0.540519865801413,NA,NA,NA,NA
"Idaho","status_quo","Past",2020-10-03,"latent_trend",NA,NA,NA,0.540519865801413,NA,NA,NA,NA
"Idaho","linear_increase_sd","Past",2020-10-03,"mobility_trend",NA,NA,NA,0.851679786573253,NA,NA,NA,NA
"Idaho","return_normal","Past",2020-10-03,"mobility_trend",NA,NA,NA,0.851679786573253,NA,NA,NA,NA
"Idaho","status_quo","Past",2020-10-03,"mobility_trend",NA,NA,NA,0.851679786573253,NA,NA,NA,NA
"Idaho",NA,"Past",2020-10-04,"actual_cumulative_cases",NA,NA,NA,43702,NA,NA,NA,NA
"Idaho",NA,"Past",2020-10-04,"actual_cumulative_deaths",NA,NA,NA,481,NA,NA,NA,NA
"Idaho",NA,"Past",2020-10-04,"actual_daily_cases",NA,NA,NA,464,NA,NA,NA,NA
"Idaho",NA,"Past",2020-10-04,"actual_daily_deaths",NA,NA,NA,6,NA,NA,NA,NA
"Idaho","linear_increase_sd","Past",2020-10-04,"combined_trend",NA,NA,NA,0.461498990174741,NA,NA,NA,NA
"Idaho","return_normal","Past",2020-10-04,"combined_trend",NA,NA,NA,0.461498990174741,NA,NA,NA,NA
"Idaho","status_quo","Past",2020-10-04,"combined_trend",NA,NA,NA,0.461498990174741,NA,NA,NA,NA
"Idaho","linear_increase_sd","Past",2020-10-04,"cumulative_all_infections",145375,145375,145375,145375,145375,145375,145375,145375
"Idaho","return_normal","Past",2020-10-04,"cumulative_all_infections",145375,145375,145375,145375,145375,145375,145375,145375
"Idaho","status_quo","Past",2020-10-04,"cumulative_all_infections",145375,145375,145375,145375,145375,145375,145375,145375
"Idaho","linear_increase_sd","Past",2020-10-04,"cumulative_cases",47395,47395,47395,47395,47395,47395,47395,47395
"Idaho","return_normal","Past",2020-10-04,"cumulative_cases",47395,47395,47395,47395,47395,47395,47395,47395
"Idaho","status_quo","Past",2020-10-04,"cumulative_cases",47395,47395,47395,47395,47395,47395,47395,47395
"Idaho","linear_increase_sd","Past",2020-10-04,"cumulative_deaths",887,887,887,887,887,887,887,887
"Idaho","return_normal","Past",2020-10-04,"cumulative_deaths",887,887,887,887,887,887,887,887
"Idaho","status_quo","Past",2020-10-04,"cumulative_deaths",887,887,887,887,887,887,887,887
"Idaho","linear_increase_sd","Past",2020-10-04,"cumulative_hosps",5423,5423,5423,5423,5423,5423,5423,5423
"Idaho","return_normal","Past",2020-10-04,"cumulative_hosps",5423,5423,5423,5423,5423,5423,5423,5423
"Idaho","status_quo","Past",2020-10-04,"cumulative_hosps",5423,5423,5423,5423,5423,5423,5423,5423
"Idaho","linear_increase_sd","Past",2020-10-04,"daily_all_infections",1639,1639,1639,1639,1639,1639,1639,1639
"Idaho","return_normal","Past",2020-10-04,"daily_all_infections",1639,1639,1639,1639,1639,1639,1639,1639
"Idaho","status_quo","Past",2020-10-04,"daily_all_infections",1639,1639,1639,1639,1639,1639,1639,1639
"Idaho","linear_increase_sd","Past",2020-10-04,"daily_cases",548,548,548,548,548,548,548,548
"Idaho","return_normal","Past",2020-10-04,"daily_cases",548,548,548,548,548,548,548,548
"Idaho","status_quo","Past",2020-10-04,"daily_cases",548,548,548,548,548,548,548,548
"Idaho","linear_increase_sd","Past",2020-10-04,"daily_deaths",6,6,6,6,6,6,6,6
"Idaho","return_normal","Past",2020-10-04,"daily_deaths",6,6,6,6,6,6,6,6
"Idaho","status_quo","Past",2020-10-04,"daily_deaths",6,6,6,6,6,6,6,6
"Idaho","linear_increase_sd","Past",2020-10-04,"daily_hosps",54,54,54,54,54,54,54,54
"Idaho","return_normal","Past",2020-10-04,"daily_hosps",54,54,54,54,54,54,54,54
"Idaho","status_quo","Past",2020-10-04,"daily_hosps",54,54,54,54,54,54,54,54
"Idaho","linear_increase_sd","Past",2020-10-04,"latent_trend",NA,NA,NA,0.543135702700769,NA,NA,NA,NA
"Idaho","return_normal","Past",2020-10-04,"latent_trend",NA,NA,NA,0.543135702700769,NA,NA,NA,NA
"Idaho","status_quo","Past",2020-10-04,"latent_trend",NA,NA,NA,0.543135702700769,NA,NA,NA,NA
"Idaho","linear_increase_sd","Past",2020-10-04,"mobility_trend",NA,NA,NA,0.84969370984068,NA,NA,NA,NA
"Idaho","return_normal","Past",2020-10-04,"mobility_trend",NA,NA,NA,0.84969370984068,NA,NA,NA,NA
"Idaho","status_quo","Past",2020-10-04,"mobility_trend",NA,NA,NA,0.84969370984068,NA,NA,NA,NA
"Idaho",NA,"Past",2020-10-05,"actual_cumulative_cases",NA,NA,NA,43964,NA,NA,NA,NA
"Idaho",NA,"Past",2020-10-05,"actual_cumulative_deaths",NA,NA,NA,483,NA,NA,NA,NA
"Idaho",NA,"Past",2020-10-05,"actual_daily_cases",NA,NA,NA,262,NA,NA,NA,NA
"Idaho",NA,"Past",2020-10-05,"actual_daily_deaths",NA,NA,NA,2,NA,NA,NA,NA
"Idaho","linear_increase_sd","Past",2020-10-05,"combined_trend",NA,NA,NA,0.462459311736204,NA,NA,NA,NA
"Idaho","return_normal","Past",2020-10-05,"combined_trend",NA,NA,NA,0.462459311736204,NA,NA,NA,NA
"Idaho","status_quo","Past",2020-10-05,"combined_trend",NA,NA,NA,0.462459311736204,NA,NA,NA,NA
"Idaho","linear_increase_sd","Past",2020-10-05,"cumulative_all_infections",147052,147052,147052,147052,147052,147052,147052,147052
"Idaho","return_normal","Past",2020-10-05,"cumulative_all_infections",147052,147052,147052,147052,147052,147052,147052,147052
"Idaho","status_quo","Past",2020-10-05,"cumulative_all_infections",147052,147052,147052,147052,147052,147052,147052,147052
"Idaho","linear_increase_sd","Past",2020-10-05,"cumulative_cases",47962,47962,47962,47962,47962,47962,47962,47962
"Idaho","return_normal","Past",2020-10-05,"cumulative_cases",47962,47962,47962,47962,47962,47962,47962,47962
"Idaho","status_quo","Past",2020-10-05,"cumulative_cases",47962,47962,47962,47962,47962,47962,47962,47962
"Idaho","linear_increase_sd","Past",2020-10-05,"cumulative_deaths",893,893,893,893,893,893,893,893
"Idaho","return_normal","Past",2020-10-05,"cumulative_deaths",893,893,893,893,893,893,893,893
"Idaho","status_quo","Past",2020-10-05,"cumulative_deaths",893,893,893,893,893,893,893,893
"Idaho","linear_increase_sd","Past",2020-10-05,"cumulative_hosps",5477,5477,5477,5477,5477,5477,5477,5477
"Idaho","return_normal","Past",2020-10-05,"cumulative_hosps",5477,5477,5477,5477,5477,5477,5477,5477
"Idaho","status_quo","Past",2020-10-05,"cumulative_hosps",5477,5477,5477,5477,5477,5477,5477,5477
"Idaho","linear_increase_sd","Past",2020-10-05,"daily_all_infections",1677,1677,1677,1677,1677,1677,1677,1677
"Idaho","return_normal","Past",2020-10-05,"daily_all_infections",1677,1677,1677,1677,1677,1677,1677,1677
"Idaho","status_quo","Past",2020-10-05,"daily_all_infections",1677,1677,1677,1677,1677,1677,1677,1677
"Idaho","linear_increase_sd","Past",2020-10-05,"daily_cases",567,567,567,567,567,567,567,567
"Idaho","return_normal","Past",2020-10-05,"daily_cases",567,567,567,567,567,567,567,567
"Idaho","status_quo","Past",2020-10-05,"daily_cases",567,567,567,567,567,567,567,567
"Idaho","linear_increase_sd","Past",2020-10-05,"daily_deaths",6,6,6,6,6,6,6,6
"Idaho","return_normal","Past",2020-10-05,"daily_deaths",6,6,6,6,6,6,6,6
"Idaho","status_quo","Past",2020-10-05,"daily_deaths",6,6,6,6,6,6,6,6
"Idaho","linear_increase_sd","Past",2020-10-05,"daily_hosps",54,54,54,54,54,54,54,54
"Idaho","return_normal","Past",2020-10-05,"daily_hosps",54,54,54,54,54,54,54,54
"Idaho","status_quo","Past",2020-10-05,"daily_hosps",54,54,54,54,54,54,54,54
"Idaho","linear_increase_sd","Past",2020-10-05,"latent_trend",NA,NA,NA,0.54566485980089,NA,NA,NA,NA
"Idaho","return_normal","Past",2020-10-05,"latent_trend",NA,NA,NA,0.54566485980089,NA,NA,NA,NA
"Idaho","status_quo","Past",2020-10-05,"latent_trend",NA,NA,NA,0.54566485980089,NA,NA,NA,NA
"Idaho","linear_increase_sd","Past",2020-10-05,"mobility_trend",NA,NA,NA,0.847515289705393,NA,NA,NA,NA
"Idaho","return_normal","Past",2020-10-05,"mobility_trend",NA,NA,NA,0.847515289705393,NA,NA,NA,NA
"Idaho","status_quo","Past",2020-10-05,"mobility_trend",NA,NA,NA,0.847515289705393,NA,NA,NA,NA
"Idaho",NA,"Past",2020-10-06,"actual_cumulative_cases",NA,NA,NA,44422,NA,NA,NA,NA
"Idaho",NA,"Past",2020-10-06,"actual_cumulative_deaths",NA,NA,NA,488,NA,NA,NA,NA
"Idaho",NA,"Past",2020-10-06,"actual_daily_cases",NA,NA,NA,458,NA,NA,NA,NA
"Idaho",NA,"Past",2020-10-06,"actual_daily_deaths",NA,NA,NA,5,NA,NA,NA,NA
"Idaho","linear_increase_sd","Past",2020-10-06,"combined_trend",NA,NA,NA,0.463275380918075,NA,NA,NA,NA
"Idaho","return_normal","Past",2020-10-06,"combined_trend",NA,NA,NA,0.463275380918075,NA,NA,NA,NA
"Idaho","status_quo","Past",2020-10-06,"combined_trend",NA,NA,NA,0.463275380918075,NA,NA,NA,NA
"Idaho","linear_increase_sd","Past",2020-10-06,"cumulative_all_infections",148783,148783,148783,148783,148783,148783,148783,148783
"Idaho","return_normal","Past",2020-10-06,"cumulative_all_infections",148783,148783,148783,148783,148783,148783,148783,148783
"Idaho","status_quo","Past",2020-10-06,"cumulative_all_infections",148783,148783,148783,148783,148783,148783,148783,148783
"Idaho","linear_increase_sd","Past",2020-10-06,"cumulative_cases",48561,48561,48561,48561,48561,48561,48561,48561
"Idaho","return_normal","Past",2020-10-06,"cumulative_cases",48561,48561,48561,48561,48561,48561,48561,48561
"Idaho","status_quo","Past",2020-10-06,"cumulative_cases",48561,48561,48561,48561,48561,48561,48561,48561
"Idaho","linear_increase_sd","Past",2020-10-06,"cumulative_deaths",898,898,898,898,898,898,898,898
"Idaho","return_normal","Past",2020-10-06,"cumulative_deaths",898,898,898,898,898,898,898,898
"Idaho","status_quo","Past",2020-10-06,"cumulative_deaths",898,898,898,898,898,898,898,898
"Idaho","linear_increase_sd","Past",2020-10-06,"cumulative_hosps",5535,5535,5535,5535,5535,5535,5535,5535
"Idaho","return_normal","Past",2020-10-06,"cumulative_hosps",5535,5535,5535,5535,5535,5535,5535,5535
"Idaho","status_quo","Past",2020-10-06,"cumulative_hosps",5535,5535,5535,5535,5535,5535,5535,5535
"Idaho","linear_increase_sd","Past",2020-10-06,"daily_all_infections",1731,1731,1731,1731,1731,1731,1731,1731
"Idaho","return_normal","Past",2020-10-06,"daily_all_infections",1731,1731,1731,1731,1731,1731,1731,1731
"Idaho","status_quo","Past",2020-10-06,"daily_all_infections",1731,1731,1731,1731,1731,1731,1731,1731
"Idaho","linear_increase_sd","Past",2020-10-06,"daily_cases",599,599,599,599,599,599,599,599
"Idaho","return_normal","Past",2020-10-06,"daily_cases",599,599,599,599,599,599,599,599
"Idaho","status_quo","Past",2020-10-06,"daily_cases",599,599,599,599,599,599,599,599
"Idaho","linear_increase_sd","Past",2020-10-06,"daily_deaths",5,5,5,5,5,5,5,5
"Idaho","return_normal","Past",2020-10-06,"daily_deaths",5,5,5,5,5,5,5,5
"Idaho","status_quo","Past",2020-10-06,"daily_deaths",5,5,5,5,5,5,5,5
"Idaho","linear_increase_sd","Past",2020-10-06,"daily_hosps",58,58,58,58,58,58,58,58
"Idaho","return_normal","Past",2020-10-06,"daily_hosps",58,58,58,58,58,58,58,58
"Idaho","status_quo","Past",2020-10-06,"daily_hosps",58,58,58,58,58,58,58,58
"Idaho","linear_increase_sd","Past",2020-10-06,"latent_trend",NA,NA,NA,0.548109571334315,NA,NA,NA,NA
"Idaho","return_normal","Past",2020-10-06,"latent_trend",NA,NA,NA,0.548109571334315,NA,NA,NA,NA
"Idaho","status_quo","Past",2020-10-06,"latent_trend",NA,NA,NA,0.548109571334315,NA,NA,NA,NA
"Idaho","linear_increase_sd","Past",2020-10-06,"mobility_trend",NA,NA,NA,0.845224030279712,NA,NA,NA,NA
"Idaho","return_normal","Past",2020-10-06,"mobility_trend",NA,NA,NA,0.845224030279712,NA,NA,NA,NA
"Idaho","status_quo","Past",2020-10-06,"mobility_trend",NA,NA,NA,0.845224030279712,NA,NA,NA,NA
"Idaho",NA,"Past",2020-10-07,"actual_cumulative_cases",NA,NA,NA,45082,NA,NA,NA,NA
"Idaho",NA,"Past",2020-10-07,"actual_cumulative_deaths",NA,NA,NA,493,NA,NA,NA,NA
"Idaho",NA,"Past",2020-10-07,"actual_daily_cases",NA,NA,NA,660,NA,NA,NA,NA
"Idaho",NA,"Past",2020-10-07,"actual_daily_deaths",NA,NA,NA,5,NA,NA,NA,NA
"Idaho","linear_increase_sd","Past",2020-10-07,"combined_trend",NA,NA,NA,0.463994920986664,NA,NA,NA,NA
"Idaho","return_normal","Past",2020-10-07,"combined_trend",NA,NA,NA,0.463994920986664,NA,NA,NA,NA
"Idaho","status_quo","Past",2020-10-07,"combined_trend",NA,NA,NA,0.463994920986664,NA,NA,NA,NA
"Idaho","linear_increase_sd","Past",2020-10-07,"cumulative_all_infections",150566,150566,150566,150566,150566,150566,150566,150566
"Idaho","return_normal","Past",2020-10-07,"cumulative_all_infections",150566,150566,150566,150566,150566,150566,150566,150566
"Idaho","status_quo","Past",2020-10-07,"cumulative_all_infections",150566,150566,150566,150566,150566,150566,150566,150566
"Idaho","linear_increase_sd","Past",2020-10-07,"cumulative_cases",49086,49086,49086,49086,49086,49086,49086,49086
"Idaho","return_normal","Past",2020-10-07,"cumulative_cases",49086,49086,49086,49086,49086,49086,49086,49086
"Idaho","status_quo","Past",2020-10-07,"cumulative_cases",49086,49086,49086,49086,49086,49086,49086,49086
"Idaho","linear_increase_sd","Past",2020-10-07,"cumulative_deaths",903,903,903,903,903,903,903,903
"Idaho","return_normal","Past",2020-10-07,"cumulative_deaths",903,903,903,903,903,903,903,903
"Idaho","status_quo","Past",2020-10-07,"cumulative_deaths",903,903,903,903,903,903,903,903
"Idaho","linear_increase_sd","Past",2020-10-07,"cumulative_hosps",5595,5595,5595,5595,5595,5595,5595,5595
"Idaho","return_normal","Past",2020-10-07,"cumulative_hosps",5595,5595,5595,5595,5595,5595,5595,5595
"Idaho","status_quo","Past",2020-10-07,"cumulative_hosps",5595,5595,5595,5595,5595,5595,5595,5595
"Idaho","linear_increase_sd","Past",2020-10-07,"daily_all_infections",1783,1783,1783,1783,1783,1783,1783,1783
"Idaho","return_normal","Past",2020-10-07,"daily_all_infections",1783,1783,1783,1783,1783,1783,1783,1783
"Idaho","status_quo","Past",2020-10-07,"daily_all_infections",1783,1783,1783,1783,1783,1783,1783,1783
"Idaho","linear_increase_sd","Past",2020-10-07,"daily_cases",525,525,525,525,525,525,525,525
"Idaho","return_normal","Past",2020-10-07,"daily_cases",525,525,525,525,525,525,525,525
"Idaho","status_quo","Past",2020-10-07,"daily_cases",525,525,525,525,525,525,525,525
"Idaho","linear_increase_sd","Past",2020-10-07,"daily_deaths",5,5,5,5,5,5,5,5
"Idaho","return_normal","Past",2020-10-07,"daily_deaths",5,5,5,5,5,5,5,5
"Idaho","status_quo","Past",2020-10-07,"daily_deaths",5,5,5,5,5,5,5,5
"Idaho","linear_increase_sd","Past",2020-10-07,"daily_hosps",60,60,60,60,60,60,60,60
"Idaho","return_normal","Past",2020-10-07,"daily_hosps",60,60,60,60,60,60,60,60
"Idaho","status_quo","Past",2020-10-07,"daily_hosps",60,60,60,60,60,60,60,60
"Idaho","linear_increase_sd","Past",2020-10-07,"latent_trend",NA,NA,NA,0.550472687922049,NA,NA,NA,NA
"Idaho","return_normal","Past",2020-10-07,"latent_trend",NA,NA,NA,0.550472687922049,NA,NA,NA,NA
"Idaho","status_quo","Past",2020-10-07,"latent_trend",NA,NA,NA,0.550472687922049,NA,NA,NA,NA
"Idaho","linear_increase_sd","Past",2020-10-07,"mobility_trend",NA,NA,NA,0.842902711010377,NA,NA,NA,NA
"Idaho","return_normal","Past",2020-10-07,"mobility_trend",NA,NA,NA,0.842902711010377,NA,NA,NA,NA
"Idaho","status_quo","Past",2020-10-07,"mobility_trend",NA,NA,NA,0.842902711010377,NA,NA,NA,NA
"Idaho",NA,"Past",2020-10-08,"actual_cumulative_cases",NA,NA,NA,45753,NA,NA,NA,NA
"Idaho",NA,"Past",2020-10-08,"actual_cumulative_deaths",NA,NA,NA,501,NA,NA,NA,NA
"Idaho",NA,"Past",2020-10-08,"actual_daily_cases",NA,NA,NA,671,NA,NA,NA,NA
"Idaho",NA,"Past",2020-10-08,"actual_daily_deaths",NA,NA,NA,8,NA,NA,NA,NA
"Idaho","linear_increase_sd","Past",2020-10-08,"combined_trend",NA,NA,NA,0.464657445248713,NA,NA,NA,NA
"Idaho","return_normal","Past",2020-10-08,"combined_trend",NA,NA,NA,0.464657445248713,NA,NA,NA,NA
"Idaho","status_quo","Past",2020-10-08,"combined_trend",NA,NA,NA,0.464657445248713,NA,NA,NA,NA
"Idaho","linear_increase_sd","Past",2020-10-08,"cumulative_all_infections",152400,152400,152400,152400,152400,152400,152400,152400
"Idaho","return_normal","Past",2020-10-08,"cumulative_all_infections",152400,152400,152400,152400,152400,152400,152400,152400
"Idaho","status_quo","Past",2020-10-08,"cumulative_all_infections",152400,152400,152400,152400,152400,152400,152400,152400
"Idaho","linear_increase_sd","Past",2020-10-08,"cumulative_cases",49722,49722,49722,49722,49722,49722,49722,49722
"Idaho","return_normal","Past",2020-10-08,"cumulative_cases",49722,49722,49722,49722,49722,49722,49722,49722
"Idaho","status_quo","Past",2020-10-08,"cumulative_cases",49722,49722,49722,49722,49722,49722,49722,49722
"Idaho","linear_increase_sd","Past",2020-10-08,"cumulative_deaths",909,909,909,909,909,909,909,909
"Idaho","return_normal","Past",2020-10-08,"cumulative_deaths",909,909,909,909,909,909,909,909
"Idaho","status_quo","Past",2020-10-08,"cumulative_deaths",909,909,909,909,909,909,909,909
"Idaho","linear_increase_sd","Past",2020-10-08,"cumulative_hosps",5655,5655,5655,5655,5655,5655,5655,5655
"Idaho","return_normal","Past",2020-10-08,"cumulative_hosps",5655,5655,5655,5655,5655,5655,5655,5655
"Idaho","status_quo","Past",2020-10-08,"cumulative_hosps",5655,5655,5655,5655,5655,5655,5655,5655
"Idaho","linear_increase_sd","Past",2020-10-08,"daily_all_infections",1834,1834,1834,1834,1834,1834,1834,1834
"Idaho","return_normal","Past",2020-10-08,"daily_all_infections",1834,1834,1834,1834,1834,1834,1834,1834
"Idaho","status_quo","Past",2020-10-08,"daily_all_infections",1834,1834,1834,1834,1834,1834,1834,1834
"Idaho","linear_increase_sd","Past",2020-10-08,"daily_cases",636,636,636,636,636,636,636,636
"Idaho","return_normal","Past",2020-10-08,"daily_cases",636,636,636,636,636,636,636,636
"Idaho","status_quo","Past",2020-10-08,"daily_cases",636,636,636,636,636,636,636,636
"Idaho","linear_increase_sd","Past",2020-10-08,"daily_deaths",6,6,6,6,6,6,6,6
"Idaho","return_normal","Past",2020-10-08,"daily_deaths",6,6,6,6,6,6,6,6
"Idaho","status_quo","Past",2020-10-08,"daily_deaths",6,6,6,6,6,6,6,6
"Idaho","linear_increase_sd","Past",2020-10-08,"daily_hosps",60,60,60,60,60,60,60,60
"Idaho","return_normal","Past",2020-10-08,"daily_hosps",60,60,60,60,60,60,60,60
"Idaho","status_quo","Past",2020-10-08,"daily_hosps",60,60,60,60,60,60,60,60
"Idaho","linear_increase_sd","Past",2020-10-08,"latent_trend",NA,NA,NA,0.552757795700518,NA,NA,NA,NA
"Idaho","return_normal","Past",2020-10-08,"latent_trend",NA,NA,NA,0.552757795700518,NA,NA,NA,NA
"Idaho","status_quo","Past",2020-10-08,"latent_trend",NA,NA,NA,0.552757795700518,NA,NA,NA,NA
"Idaho","linear_increase_sd","Past",2020-10-08,"mobility_trend",NA,NA,NA,0.840616720131186,NA,NA,NA,NA
"Idaho","return_normal","Past",2020-10-08,"mobility_trend",NA,NA,NA,0.840616720131186,NA,NA,NA,NA
"Idaho","status_quo","Past",2020-10-08,"mobility_trend",NA,NA,NA,0.840616720131186,NA,NA,NA,NA
"Idaho",NA,"Past",2020-10-09,"actual_cumulative_cases",NA,NA,NA,46426,NA,NA,NA,NA
"Idaho",NA,"Past",2020-10-09,"actual_cumulative_deaths",NA,NA,NA,504,NA,NA,NA,NA
"Idaho",NA,"Past",2020-10-09,"actual_daily_cases",NA,NA,NA,673,NA,NA,NA,NA
"Idaho",NA,"Past",2020-10-09,"actual_daily_deaths",NA,NA,NA,3,NA,NA,NA,NA
"Idaho","linear_increase_sd","Past",2020-10-09,"combined_trend",NA,NA,NA,0.46526445565393,NA,NA,NA,NA
"Idaho","return_normal","Past",2020-10-09,"combined_trend",NA,NA,NA,0.46526445565393,NA,NA,NA,NA
"Idaho","status_quo","Past",2020-10-09,"combined_trend",NA,NA,NA,0.46526445565393,NA,NA,NA,NA
"Idaho","linear_increase_sd","Past",2020-10-09,"cumulative_all_infections",154278,154278,154278,154278,154278,154278,154278,154278
"Idaho","return_normal","Past",2020-10-09,"cumulative_all_infections",154278,154278,154278,154278,154278,154278,154278,154278
"Idaho","status_quo","Past",2020-10-09,"cumulative_all_infections",154278,154278,154278,154278,154278,154278,154278,154278
"Idaho","linear_increase_sd","Past",2020-10-09,"cumulative_cases",50317,50317,50317,50317,50317,50317,50317,50317
"Idaho","return_normal","Past",2020-10-09,"cumulative_cases",50317,50317,50317,50317,50317,50317,50317,50317
"Idaho","status_quo","Past",2020-10-09,"cumulative_cases",50317,50317,50317,50317,50317,50317,50317,50317
"Idaho","linear_increase_sd","Past",2020-10-09,"cumulative_deaths",915,915,915,915,915,915,915,915
"Idaho","return_normal","Past",2020-10-09,"cumulative_deaths",915,915,915,915,915,915,915,915
"Idaho","status_quo","Past",2020-10-09,"cumulative_deaths",915,915,915,915,915,915,915,915
"Idaho","linear_increase_sd","Past",2020-10-09,"cumulative_hosps",5716,5716,5716,5716,5716,5716,5716,5716
"Idaho","return_normal","Past",2020-10-09,"cumulative_hosps",5716,5716,5716,5716,5716,5716,5716,5716
"Idaho","status_quo","Past",2020-10-09,"cumulative_hosps",5716,5716,5716,5716,5716,5716,5716,5716
"Idaho","linear_increase_sd","Past",2020-10-09,"daily_all_infections",1878,1878,1878,1878,1878,1878,1878,1878
"Idaho","return_normal","Past",2020-10-09,"daily_all_infections",1878,1878,1878,1878,1878,1878,1878,1878
"Idaho","status_quo","Past",2020-10-09,"daily_all_infections",1878,1878,1878,1878,1878,1878,1878,1878
"Idaho","linear_increase_sd","Past",2020-10-09,"daily_cases",595,595,595,595,595,595,595,595
"Idaho","return_normal","Past",2020-10-09,"daily_cases",595,595,595,595,595,595,595,595
"Idaho","status_quo","Past",2020-10-09,"daily_cases",595,595,595,595,595,595,595,595
"Idaho","linear_increase_sd","Past",2020-10-09,"daily_deaths",6,6,6,6,6,6,6,6
"Idaho","return_normal","Past",2020-10-09,"daily_deaths",6,6,6,6,6,6,6,6
"Idaho","status_quo","Past",2020-10-09,"daily_deaths",6,6,6,6,6,6,6,6
"Idaho","linear_increase_sd","Past",2020-10-09,"daily_hosps",61,61,61,61,61,61,61,61
"Idaho","return_normal","Past",2020-10-09,"daily_hosps",61,61,61,61,61,61,61,61
"Idaho","status_quo","Past",2020-10-09,"daily_hosps",61,61,61,61,61,61,61,61
"Idaho","linear_increase_sd","Past",2020-10-09,"latent_trend",NA,NA,NA,0.554968523957166,NA,NA,NA,NA
"Idaho","return_normal","Past",2020-10-09,"latent_trend",NA,NA,NA,0.554968523957166,NA,NA,NA,NA
"Idaho","status_quo","Past",2020-10-09,"latent_trend",NA,NA,NA,0.554968523957166,NA,NA,NA,NA
"Idaho","linear_increase_sd","Past",2020-10-09,"mobility_trend",NA,NA,NA,0.838361881024158,NA,NA,NA,NA
"Idaho","return_normal","Past",2020-10-09,"mobility_trend",NA,NA,NA,0.838361881024158,NA,NA,NA,NA
"Idaho","status_quo","Past",2020-10-09,"mobility_trend",NA,NA,NA,0.838361881024158,NA,NA,NA,NA
"Idaho",NA,"Past",2020-10-10,"actual_cumulative_cases",NA,NA,NA,47088,NA,NA,NA,NA
"Idaho",NA,"Past",2020-10-10,"actual_cumulative_deaths",NA,NA,NA,507,NA,NA,NA,NA
"Idaho",NA,"Past",2020-10-10,"actual_daily_cases",NA,NA,NA,662,NA,NA,NA,NA
"Idaho",NA,"Past",2020-10-10,"actual_daily_deaths",NA,NA,NA,3,NA,NA,NA,NA
"Idaho","linear_increase_sd","Past",2020-10-10,"combined_trend",NA,NA,NA,0.465807678869069,NA,NA,NA,NA
"Idaho","return_normal","Past",2020-10-10,"combined_trend",NA,NA,NA,0.465807678869069,NA,NA,NA,NA
"Idaho","status_quo","Past",2020-10-10,"combined_trend",NA,NA,NA,0.465807678869069,NA,NA,NA,NA
"Idaho","linear_increase_sd","Past",2020-10-10,"cumulative_all_infections",156210,156210,156210,156210,156210,156210,156210,156210
"Idaho","return_normal","Past",2020-10-10,"cumulative_all_infections",156210,156210,156210,156210,156210,156210,156210,156210
"Idaho","status_quo","Past",2020-10-10,"cumulative_all_infections",156210,156210,156210,156210,156210,156210,156210,156210
"Idaho","linear_increase_sd","Past",2020-10-10,"cumulative_cases",50967,50967,50967,50967,50967,50967,50967,50967
"Idaho","return_normal","Past",2020-10-10,"cumulative_cases",50967,50967,50967,50967,50967,50967,50967,50967
"Idaho","status_quo","Past",2020-10-10,"cumulative_cases",50967,50967,50967,50967,50967,50967,50967,50967
"Idaho","linear_increase_sd","Past",2020-10-10,"cumulative_deaths",922,922,922,922,922,922,922,922
"Idaho","return_normal","Past",2020-10-10,"cumulative_deaths",922,922,922,922,922,922,922,922
"Idaho","status_quo","Past",2020-10-10,"cumulative_deaths",922,922,922,922,922,922,922,922
"Idaho","linear_increase_sd","Past",2020-10-10,"cumulative_hosps",5778,5778,5778,5778,5778,5778,5778,5778
"Idaho","return_normal","Past",2020-10-10,"cumulative_hosps",5778,5778,5778,5778,5778,5778,5778,5778
"Idaho","status_quo","Past",2020-10-10,"cumulative_hosps",5778,5778,5778,5778,5778,5778,5778,5778
"Idaho","linear_increase_sd","Past",2020-10-10,"daily_all_infections",1932,1932,1932,1932,1932,1932,1932,1932
"Idaho","return_normal","Past",2020-10-10,"daily_all_infections",1932,1932,1932,1932,1932,1932,1932,1932
"Idaho","status_quo","Past",2020-10-10,"daily_all_infections",1932,1932,1932,1932,1932,1932,1932,1932
"Idaho","linear_increase_sd","Past",2020-10-10,"daily_cases",650,650,650,650,650,650,650,650
"Idaho","return_normal","Past",2020-10-10,"daily_cases",650,650,650,650,650,650,650,650
"Idaho","status_quo","Past",2020-10-10,"daily_cases",650,650,650,650,650,650,650,650
"Idaho","linear_increase_sd","Past",2020-10-10,"daily_deaths",7,7,7,7,7,7,7,7
"Idaho","return_normal","Past",2020-10-10,"daily_deaths",7,7,7,7,7,7,7,7
"Idaho","status_quo","Past",2020-10-10,"daily_deaths",7,7,7,7,7,7,7,7
"Idaho","linear_increase_sd","Past",2020-10-10,"daily_hosps",62,62,62,62,62,62,62,62
"Idaho","return_normal","Past",2020-10-10,"daily_hosps",62,62,62,62,62,62,62,62
"Idaho","status_quo","Past",2020-10-10,"daily_hosps",62,62,62,62,62,62,62,62
"Idaho","linear_increase_sd","Past",2020-10-10,"latent_trend",NA,NA,NA,0.557108499536009,NA,NA,NA,NA
"Idaho","return_normal","Past",2020-10-10,"latent_trend",NA,NA,NA,0.557108499536009,NA,NA,NA,NA
"Idaho","status_quo","Past",2020-10-10,"latent_trend",NA,NA,NA,0.557108499536009,NA,NA,NA,NA
"Idaho","linear_increase_sd","Past",2020-10-10,"mobility_trend",NA,NA,NA,0.836116625858372,NA,NA,NA,NA
"Idaho","return_normal","Past",2020-10-10,"mobility_trend",NA,NA,NA,0.836116625858372,NA,NA,NA,NA
"Idaho","status_quo","Past",2020-10-10,"mobility_trend",NA,NA,NA,0.836116625858372,NA,NA,NA,NA
"Idaho",NA,"Past",2020-10-11,"actual_cumulative_cases",NA,NA,NA,47701,NA,NA,NA,NA
"Idaho",NA,"Past",2020-10-11,"actual_cumulative_deaths",NA,NA,NA,508,NA,NA,NA,NA
"Idaho",NA,"Past",2020-10-11,"actual_daily_cases",NA,NA,NA,613,NA,NA,NA,NA
"Idaho",NA,"Past",2020-10-11,"actual_daily_deaths",NA,NA,NA,1,NA,NA,NA,NA
"Idaho","linear_increase_sd","Past",2020-10-11,"combined_trend",NA,NA,NA,0.466278613586207,NA,NA,NA,NA
"Idaho","return_normal","Past",2020-10-11,"combined_trend",NA,NA,NA,0.466278613586207,NA,NA,NA,NA
"Idaho","status_quo","Past",2020-10-11,"combined_trend",NA,NA,NA,0.466278613586207,NA,NA,NA,NA
"Idaho","linear_increase_sd","Past",2020-10-11,"cumulative_all_infections",158189,158189,158189,158189,158189,158189,158189,158189
"Idaho","return_normal","Past",2020-10-11,"cumulative_all_infections",158189,158189,158189,158189,158189,158189,158189,158189
"Idaho","status_quo","Past",2020-10-11,"cumulative_all_infections",158189,158189,158189,158189,158189,158189,158189,158189
"Idaho","linear_increase_sd","Past",2020-10-11,"cumulative_cases",51557,51557,51557,51557,51557,51557,51557,51557
"Idaho","return_normal","Past",2020-10-11,"cumulative_cases",51557,51557,51557,51557,51557,51557,51557,51557
"Idaho","status_quo","Past",2020-10-11,"cumulative_cases",51557,51557,51557,51557,51557,51557,51557,51557
"Idaho","linear_increase_sd","Past",2020-10-11,"cumulative_deaths",929,929,929,929,929,929,929,929
"Idaho","return_normal","Past",2020-10-11,"cumulative_deaths",929,929,929,929,929,929,929,929
"Idaho","status_quo","Past",2020-10-11,"cumulative_deaths",929,929,929,929,929,929,929,929
"Idaho","linear_increase_sd","Past",2020-10-11,"cumulative_hosps",5842,5842,5842,5842,5842,5842,5842,5842
"Idaho","return_normal","Past",2020-10-11,"cumulative_hosps",5842,5842,5842,5842,5842,5842,5842,5842
"Idaho","status_quo","Past",2020-10-11,"cumulative_hosps",5842,5842,5842,5842,5842,5842,5842,5842
"Idaho","linear_increase_sd","Past",2020-10-11,"daily_all_infections",1979,1979,1979,1979,1979,1979,1979,1979
"Idaho","return_normal","Past",2020-10-11,"daily_all_infections",1979,1979,1979,1979,1979,1979,1979,1979
"Idaho","status_quo","Past",2020-10-11,"daily_all_infections",1979,1979,1979,1979,1979,1979,1979,1979
"Idaho","linear_increase_sd","Past",2020-10-11,"daily_cases",590,590,590,590,590,590,590,590
"Idaho","return_normal","Past",2020-10-11,"daily_cases",590,590,590,590,590,590,590,590
"Idaho","status_quo","Past",2020-10-11,"daily_cases",590,590,590,590,590,590,590,590
"Idaho","linear_increase_sd","Past",2020-10-11,"daily_deaths",7,7,7,7,7,7,7,7
"Idaho","return_normal","Past",2020-10-11,"daily_deaths",7,7,7,7,7,7,7,7
"Idaho","status_quo","Past",2020-10-11,"daily_deaths",7,7,7,7,7,7,7,7
"Idaho","linear_increase_sd","Past",2020-10-11,"daily_hosps",64,64,64,64,64,64,64,64
"Idaho","return_normal","Past",2020-10-11,"daily_hosps",64,64,64,64,64,64,64,64
"Idaho","status_quo","Past",2020-10-11,"daily_hosps",64,64,64,64,64,64,64,64
"Idaho","linear_increase_sd","Past",2020-10-11,"latent_trend",NA,NA,NA,0.559181345159359,NA,NA,NA,NA
"Idaho","return_normal","Past",2020-10-11,"latent_trend",NA,NA,NA,0.559181345159359,NA,NA,NA,NA
"Idaho","status_quo","Past",2020-10-11,"latent_trend",NA,NA,NA,0.559181345159359,NA,NA,NA,NA
"Idaho","linear_increase_sd","Past",2020-10-11,"mobility_trend",NA,NA,NA,0.833859386802905,NA,NA,NA,NA
"Idaho","return_normal","Past",2020-10-11,"mobility_trend",NA,NA,NA,0.833859386802905,NA,NA,NA,NA
"Idaho","status_quo","Past",2020-10-11,"mobility_trend",NA,NA,NA,0.833859386802905,NA,NA,NA,NA
"Idaho",NA,"Past",2020-10-12,"actual_cumulative_cases",NA,NA,NA,48066,NA,NA,NA,NA
"Idaho",NA,"Past",2020-10-12,"actual_cumulative_deaths",NA,NA,NA,508,NA,NA,NA,NA
"Idaho",NA,"Past",2020-10-12,"actual_daily_cases",NA,NA,NA,365,NA,NA,NA,NA
"Idaho",NA,"Past",2020-10-12,"actual_daily_deaths",NA,NA,NA,0,NA,NA,NA,NA
"Idaho","linear_increase_sd","Past",2020-10-12,"combined_trend",NA,NA,NA,0.466667058911037,NA,NA,NA,NA
"Idaho","return_normal","Past",2020-10-12,"combined_trend",NA,NA,NA,0.466667058911037,NA,NA,NA,NA
"Idaho","status_quo","Past",2020-10-12,"combined_trend",NA,NA,NA,0.466667058911037,NA,NA,NA,NA
"Idaho","linear_increase_sd","Past",2020-10-12,"cumulative_all_infections",160230,160230,160230,160230,160230,160230,160230,160230
"Idaho","return_normal","Past",2020-10-12,"cumulative_all_infections",160230,160230,160230,160230,160230,160230,160230,160230
"Idaho","status_quo","Past",2020-10-12,"cumulative_all_infections",160230,160230,160230,160230,160230,160230,160230,160230
"Idaho","linear_increase_sd","Past",2020-10-12,"cumulative_cases",52122,52122,52122,52122,52122,52122,52122,52122
"Idaho","return_normal","Past",2020-10-12,"cumulative_cases",52122,52122,52122,52122,52122,52122,52122,52122
"Idaho","status_quo","Past",2020-10-12,"cumulative_cases",52122,52122,52122,52122,52122,52122,52122,52122
"Idaho","linear_increase_sd","Past",2020-10-12,"cumulative_deaths",935,935,935,935,935,935,935,935
"Idaho","return_normal","Past",2020-10-12,"cumulative_deaths",935,935,935,935,935,935,935,935
"Idaho","status_quo","Past",2020-10-12,"cumulative_deaths",935,935,935,935,935,935,935,935
"Idaho","linear_increase_sd","Past",2020-10-12,"cumulative_hosps",5909,5909,5909,5909,5909,5909,5909,5909
"Idaho","return_normal","Past",2020-10-12,"cumulative_hosps",5909,5909,5909,5909,5909,5909,5909,5909
"Idaho","status_quo","Past",2020-10-12,"cumulative_hosps",5909,5909,5909,5909,5909,5909,5909,5909
"Idaho","linear_increase_sd","Past",2020-10-12,"daily_all_infections",2041,2041,2041,2041,2041,2041,2041,2041
"Idaho","return_normal","Past",2020-10-12,"daily_all_infections",2041,2041,2041,2041,2041,2041,2041,2041
"Idaho","status_quo","Past",2020-10-12,"daily_all_infections",2041,2041,2041,2041,2041,2041,2041,2041
"Idaho","linear_increase_sd","Past",2020-10-12,"daily_cases",565,565,565,565,565,565,565,565
"Idaho","return_normal","Past",2020-10-12,"daily_cases",565,565,565,565,565,565,565,565
"Idaho","status_quo","Past",2020-10-12,"daily_cases",565,565,565,565,565,565,565,565
"Idaho","linear_increase_sd","Past",2020-10-12,"daily_deaths",6,6,6,6,6,6,6,6
"Idaho","return_normal","Past",2020-10-12,"daily_deaths",6,6,6,6,6,6,6,6
"Idaho","status_quo","Past",2020-10-12,"daily_deaths",6,6,6,6,6,6,6,6
"Idaho","linear_increase_sd","Past",2020-10-12,"daily_hosps",67,67,67,67,67,67,67,67
"Idaho","return_normal","Past",2020-10-12,"daily_hosps",67,67,67,67,67,67,67,67
"Idaho","status_quo","Past",2020-10-12,"daily_hosps",67,67,67,67,67,67,67,67
"Idaho","linear_increase_sd","Past",2020-10-12,"latent_trend",NA,NA,NA,0.561190678000763,NA,NA,NA,NA
"Idaho","return_normal","Past",2020-10-12,"latent_trend",NA,NA,NA,0.561190678000763,NA,NA,NA,NA
"Idaho","status_quo","Past",2020-10-12,"latent_trend",NA,NA,NA,0.561190678000763,NA,NA,NA,NA
"Idaho","linear_increase_sd","Past",2020-10-12,"mobility_trend",NA,NA,NA,0.83156594933746,NA,NA,NA,NA
"Idaho","return_normal","Past",2020-10-12,"mobility_trend",NA,NA,NA,0.83156594933746,NA,NA,NA,NA
"Idaho","status_quo","Past",2020-10-12,"mobility_trend",NA,NA,NA,0.83156594933746,NA,NA,NA,NA
"Idaho",NA,"Past",2020-10-13,"actual_cumulative_cases",NA,NA,NA,48663,NA,NA,NA,NA
"Idaho",NA,"Past",2020-10-13,"actual_cumulative_deaths",NA,NA,NA,511,NA,NA,NA,NA
"Idaho",NA,"Past",2020-10-13,"actual_daily_cases",NA,NA,NA,597,NA,NA,NA,NA
"Idaho",NA,"Past",2020-10-13,"actual_daily_deaths",NA,NA,NA,3,NA,NA,NA,NA
"Idaho","linear_increase_sd","Past",2020-10-13,"combined_trend",NA,NA,NA,0.466956629522532,NA,NA,NA,NA
"Idaho","return_normal","Past",2020-10-13,"combined_trend",NA,NA,NA,0.466956629522532,NA,NA,NA,NA
"Idaho","status_quo","Past",2020-10-13,"combined_trend",NA,NA,NA,0.466956629522532,NA,NA,NA,NA
"Idaho","linear_increase_sd","Past",2020-10-13,"cumulative_all_infections",162338,162338,162338,162338,162338,162338,162338,162338
"Idaho","return_normal","Past",2020-10-13,"cumulative_all_infections",162338,162338,162338,162338,162338,162338,162338,162338
"Idaho","status_quo","Past",2020-10-13,"cumulative_all_infections",162338,162338,162338,162338,162338,162338,162338,162338
"Idaho","linear_increase_sd","Past",2020-10-13,"cumulative_cases",52778,52778,52778,52778,52778,52778,52778,52778
"Idaho","return_normal","Past",2020-10-13,"cumulative_cases",52778,52778,52778,52778,52778,52778,52778,52778
"Idaho","status_quo","Past",2020-10-13,"cumulative_cases",52778,52778,52778,52778,52778,52778,52778,52778
"Idaho","linear_increase_sd","Past",2020-10-13,"cumulative_deaths",941,941,941,941,941,941,941,941
"Idaho","return_normal","Past",2020-10-13,"cumulative_deaths",941,941,941,941,941,941,941,941
"Idaho","status_quo","Past",2020-10-13,"cumulative_deaths",941,941,941,941,941,941,941,941
"Idaho","linear_increase_sd","Past",2020-10-13,"cumulative_hosps",5979,5979,5979,5979,5979,5979,5979,5979
"Idaho","return_normal","Past",2020-10-13,"cumulative_hosps",5979,5979,5979,5979,5979,5979,5979,5979
"Idaho","status_quo","Past",2020-10-13,"cumulative_hosps",5979,5979,5979,5979,5979,5979,5979,5979
"Idaho","linear_increase_sd","Past",2020-10-13,"daily_all_infections",2108,2108,2108,2108,2108,2108,2108,2108
"Idaho","return_normal","Past",2020-10-13,"daily_all_infections",2108,2108,2108,2108,2108,2108,2108,2108
"Idaho","status_quo","Past",2020-10-13,"daily_all_infections",2108,2108,2108,2108,2108,2108,2108,2108
"Idaho","linear_increase_sd","Past",2020-10-13,"daily_cases",656,656,656,656,656,656,656,656
"Idaho","return_normal","Past",2020-10-13,"daily_cases",656,656,656,656,656,656,656,656
"Idaho","status_quo","Past",2020-10-13,"daily_cases",656,656,656,656,656,656,656,656
"Idaho","linear_increase_sd","Past",2020-10-13,"daily_deaths",6,6,6,6,6,6,6,6
"Idaho","return_normal","Past",2020-10-13,"daily_deaths",6,6,6,6,6,6,6,6
"Idaho","status_quo","Past",2020-10-13,"daily_deaths",6,6,6,6,6,6,6,6
"Idaho","linear_increase_sd","Past",2020-10-13,"daily_hosps",70,70,70,70,70,70,70,70
"Idaho","return_normal","Past",2020-10-13,"daily_hosps",70,70,70,70,70,70,70,70
"Idaho","status_quo","Past",2020-10-13,"daily_hosps",70,70,70,70,70,70,70,70
"Idaho","linear_increase_sd","Past",2020-10-13,"latent_trend",NA,NA,NA,0.56314010847918,NA,NA,NA,NA
"Idaho","return_normal","Past",2020-10-13,"latent_trend",NA,NA,NA,0.56314010847918,NA,NA,NA,NA
"Idaho","status_quo","Past",2020-10-13,"latent_trend",NA,NA,NA,0.56314010847918,NA,NA,NA,NA
"Idaho","linear_increase_sd","Past",2020-10-13,"mobility_trend",NA,NA,NA,0.829201512184239,NA,NA,NA,NA
"Idaho","return_normal","Past",2020-10-13,"mobility_trend",NA,NA,NA,0.829201512184239,NA,NA,NA,NA
"Idaho","status_quo","Past",2020-10-13,"mobility_trend",NA,NA,NA,0.829201512184239,NA,NA,NA,NA
"Idaho",NA,"Past",2020-10-14,"actual_cumulative_cases",NA,NA,NA,49247,NA,NA,NA,NA
"Idaho",NA,"Past",2020-10-14,"actual_cumulative_deaths",NA,NA,NA,513,NA,NA,NA,NA
"Idaho",NA,"Past",2020-10-14,"actual_daily_cases",NA,NA,NA,584,NA,NA,NA,NA
"Idaho",NA,"Past",2020-10-14,"actual_daily_deaths",NA,NA,NA,2,NA,NA,NA,NA
"Idaho","linear_increase_sd","Past",2020-10-14,"combined_trend",NA,NA,NA,0.467129154303967,NA,NA,NA,NA
"Idaho","return_normal","Past",2020-10-14,"combined_trend",NA,NA,NA,0.467129154303967,NA,NA,NA,NA
"Idaho","status_quo","Past",2020-10-14,"combined_trend",NA,NA,NA,0.467129154303967,NA,NA,NA,NA
"Idaho","linear_increase_sd","Past",2020-10-14,"cumulative_all_infections",164488,164488,164488,164488,164488,164488,164488,164488
"Idaho","return_normal","Past",2020-10-14,"cumulative_all_infections",164488,164488,164488,164488,164488,164488,164488,164488
"Idaho","status_quo","Past",2020-10-14,"cumulative_all_infections",164488,164488,164488,164488,164488,164488,164488,164488
"Idaho","linear_increase_sd","Past",2020-10-14,"cumulative_cases",53486,53486,53486,53486,53486,53486,53486,53486
"Idaho","return_normal","Past",2020-10-14,"cumulative_cases",53486,53486,53486,53486,53486,53486,53486,53486
"Idaho","status_quo","Past",2020-10-14,"cumulative_cases",53486,53486,53486,53486,53486,53486,53486,53486
"Idaho","linear_increase_sd","Past",2020-10-14,"cumulative_deaths",948,948,948,948,948,948,948,948
"Idaho","return_normal","Past",2020-10-14,"cumulative_deaths",948,948,948,948,948,948,948,948
"Idaho","status_quo","Past",2020-10-14,"cumulative_deaths",948,948,948,948,948,948,948,948
"Idaho","linear_increase_sd","Past",2020-10-14,"cumulative_hosps",6049,6049,6049,6049,6049,6049,6049,6049
"Idaho","return_normal","Past",2020-10-14,"cumulative_hosps",6049,6049,6049,6049,6049,6049,6049,6049
"Idaho","status_quo","Past",2020-10-14,"cumulative_hosps",6049,6049,6049,6049,6049,6049,6049,6049
"Idaho","linear_increase_sd","Past",2020-10-14,"daily_all_infections",2150,2150,2150,2150,2150,2150,2150,2150
"Idaho","return_normal","Past",2020-10-14,"daily_all_infections",2150,2150,2150,2150,2150,2150,2150,2150
"Idaho","status_quo","Past",2020-10-14,"daily_all_infections",2150,2150,2150,2150,2150,2150,2150,2150
"Idaho","linear_increase_sd","Past",2020-10-14,"daily_cases",708,708,708,708,708,708,708,708
"Idaho","return_normal","Past",2020-10-14,"daily_cases",708,708,708,708,708,708,708,708
"Idaho","status_quo","Past",2020-10-14,"daily_cases",708,708,708,708,708,708,708,708
"Idaho","linear_increase_sd","Past",2020-10-14,"daily_deaths",7,7,7,7,7,7,7,7
"Idaho","return_normal","Past",2020-10-14,"daily_deaths",7,7,7,7,7,7,7,7
"Idaho","status_quo","Past",2020-10-14,"daily_deaths",7,7,7,7,7,7,7,7
"Idaho","linear_increase_sd","Past",2020-10-14,"daily_hosps",70,70,70,70,70,70,70,70
"Idaho","return_normal","Past",2020-10-14,"daily_hosps",70,70,70,70,70,70,70,70
"Idaho","status_quo","Past",2020-10-14,"daily_hosps",70,70,70,70,70,70,70,70
"Idaho","linear_increase_sd","Past",2020-10-14,"latent_trend",NA,NA,NA,0.565033239246322,NA,NA,NA,NA
"Idaho","return_normal","Past",2020-10-14,"latent_trend",NA,NA,NA,0.565033239246322,NA,NA,NA,NA
"Idaho","status_quo","Past",2020-10-14,"latent_trend",NA,NA,NA,0.565033239246322,NA,NA,NA,NA
"Idaho","linear_increase_sd","Past",2020-10-14,"mobility_trend",NA,NA,NA,0.82672862737607,NA,NA,NA,NA
"Idaho","return_normal","Past",2020-10-14,"mobility_trend",NA,NA,NA,0.82672862737607,NA,NA,NA,NA
"Idaho","status_quo","Past",2020-10-14,"mobility_trend",NA,NA,NA,0.82672862737607,NA,NA,NA,NA
"Idaho",NA,"Past",2020-10-15,"actual_cumulative_cases",NA,NA,NA,49892,NA,NA,NA,NA
"Idaho",NA,"Past",2020-10-15,"actual_cumulative_deaths",NA,NA,NA,517,NA,NA,NA,NA
"Idaho",NA,"Past",2020-10-15,"actual_daily_cases",NA,NA,NA,645,NA,NA,NA,NA
"Idaho",NA,"Past",2020-10-15,"actual_daily_deaths",NA,NA,NA,4,NA,NA,NA,NA
"Idaho","linear_increase_sd","Past",2020-10-15,"combined_trend",NA,NA,NA,0.467166168757683,NA,NA,NA,NA
"Idaho","return_normal","Past",2020-10-15,"combined_trend",NA,NA,NA,0.467166168757683,NA,NA,NA,NA
"Idaho","status_quo","Past",2020-10-15,"combined_trend",NA,NA,NA,0.467166168757683,NA,NA,NA,NA
"Idaho","linear_increase_sd","Past",2020-10-15,"cumulative_all_infections",166713,166713,166713,166713,166713,166713,166713,166713
"Idaho","return_normal","Past",2020-10-15,"cumulative_all_infections",166713,166713,166713,166713,166713,166713,166713,166713
"Idaho","status_quo","Past",2020-10-15,"cumulative_all_infections",166713,166713,166713,166713,166713,166713,166713,166713
"Idaho","linear_increase_sd","Past",2020-10-15,"cumulative_cases",54216,54216,54216,54216,54216,54216,54216,54216
"Idaho","return_normal","Past",2020-10-15,"cumulative_cases",54216,54216,54216,54216,54216,54216,54216,54216
"Idaho","status_quo","Past",2020-10-15,"cumulative_cases",54216,54216,54216,54216,54216,54216,54216,54216
"Idaho","linear_increase_sd","Past",2020-10-15,"cumulative_deaths",956,956,956,956,956,956,956,956
"Idaho","return_normal","Past",2020-10-15,"cumulative_deaths",956,956,956,956,956,956,956,956
"Idaho","status_quo","Past",2020-10-15,"cumulative_deaths",956,956,956,956,956,956,956,956
"Idaho","linear_increase_sd","Past",2020-10-15,"cumulative_hosps",6121,6121,6121,6121,6121,6121,6121,6121
"Idaho","return_normal","Past",2020-10-15,"cumulative_hosps",6121,6121,6121,6121,6121,6121,6121,6121
"Idaho","status_quo","Past",2020-10-15,"cumulative_hosps",6121,6121,6121,6121,6121,6121,6121,6121
"Idaho","linear_increase_sd","Past",2020-10-15,"daily_all_infections",2225,2225,2225,2225,2225,2225,2225,2225
"Idaho","return_normal","Past",2020-10-15,"daily_all_infections",2225,2225,2225,2225,2225,2225,2225,2225
"Idaho","status_quo","Past",2020-10-15,"daily_all_infections",2225,2225,2225,2225,2225,2225,2225,2225
"Idaho","linear_increase_sd","Past",2020-10-15,"daily_cases",730,730,730,730,730,730,730,730
"Idaho","return_normal","Past",2020-10-15,"daily_cases",730,730,730,730,730,730,730,730
"Idaho","status_quo","Past",2020-10-15,"daily_cases",730,730,730,730,730,730,730,730
"Idaho","linear_increase_sd","Past",2020-10-15,"daily_deaths",8,8,8,8,8,8,8,8
"Idaho","return_normal","Past",2020-10-15,"daily_deaths",8,8,8,8,8,8,8,8
"Idaho","status_quo","Past",2020-10-15,"daily_deaths",8,8,8,8,8,8,8,8
"Idaho","linear_increase_sd","Past",2020-10-15,"daily_hosps",72,72,72,72,72,72,72,72
"Idaho","return_normal","Past",2020-10-15,"daily_hosps",72,72,72,72,72,72,72,72
"Idaho","status_quo","Past",2020-10-15,"daily_hosps",72,72,72,72,72,72,72,72
"Idaho","linear_increase_sd","Past",2020-10-15,"latent_trend",NA,NA,NA,0.566873664341033,NA,NA,NA,NA
"Idaho","return_normal","Past",2020-10-15,"latent_trend",NA,NA,NA,0.566873664341033,NA,NA,NA,NA
"Idaho","status_quo","Past",2020-10-15,"latent_trend",NA,NA,NA,0.566873664341033,NA,NA,NA,NA
"Idaho","linear_increase_sd","Past",2020-10-15,"mobility_trend",NA,NA,NA,0.824109846945782,NA,NA,NA,NA
"Idaho","return_normal","Past",2020-10-15,"mobility_trend",NA,NA,NA,0.824109846945782,NA,NA,NA,NA
"Idaho","status_quo","Past",2020-10-15,"mobility_trend",NA,NA,NA,0.824109846945782,NA,NA,NA,NA
"Idaho",NA,"Past",2020-10-16,"actual_cumulative_cases",NA,NA,NA,50610,NA,NA,NA,NA
"Idaho",NA,"Past",2020-10-16,"actual_cumulative_deaths",NA,NA,NA,518,NA,NA,NA,NA
"Idaho",NA,"Past",2020-10-16,"actual_daily_cases",NA,NA,NA,718,NA,NA,NA,NA
"Idaho",NA,"Past",2020-10-16,"actual_daily_deaths",NA,NA,NA,1,NA,NA,NA,NA
"Idaho","linear_increase_sd","Past",2020-10-16,"combined_trend",NA,NA,NA,0.467050039538997,NA,NA,NA,NA
"Idaho","return_normal","Past",2020-10-16,"combined_trend",NA,NA,NA,0.467050039538997,NA,NA,NA,NA
"Idaho","status_quo","Past",2020-10-16,"combined_trend",NA,NA,NA,0.467050039538997,NA,NA,NA,NA
"Idaho","linear_increase_sd","Past",2020-10-16,"cumulative_all_infections",168993,168993,168993,168993,168993,168993,168993,168993
"Idaho","return_normal","Past",2020-10-16,"cumulative_all_infections",168993,168993,168993,168993,168993,168993,168993,168993
"Idaho","status_quo","Past",2020-10-16,"cumulative_all_infections",168993,168993,168993,168993,168993,168993,168993,168993
"Idaho","linear_increase_sd","Past",2020-10-16,"cumulative_cases",54922,54922,54922,54922,54922,54922,54922,54922
"Idaho","return_normal","Past",2020-10-16,"cumulative_cases",54922,54922,54922,54922,54922,54922,54922,54922
"Idaho","status_quo","Past",2020-10-16,"cumulative_cases",54922,54922,54922,54922,54922,54922,54922,54922
"Idaho","linear_increase_sd","Past",2020-10-16,"cumulative_deaths",962,962,962,962,962,962,962,962
"Idaho","return_normal","Past",2020-10-16,"cumulative_deaths",962,962,962,962,962,962,962,962
"Idaho","status_quo","Past",2020-10-16,"cumulative_deaths",962,962,962,962,962,962,962,962
"Idaho","linear_increase_sd","Past",2020-10-16,"cumulative_hosps",6194,6194,6194,6194,6194,6194,6194,6194
"Idaho","return_normal","Past",2020-10-16,"cumulative_hosps",6194,6194,6194,6194,6194,6194,6194,6194
"Idaho","status_quo","Past",2020-10-16,"cumulative_hosps",6194,6194,6194,6194,6194,6194,6194,6194
"Idaho","linear_increase_sd","Past",2020-10-16,"daily_all_infections",2280,2280,2280,2280,2280,2280,2280,2280
"Idaho","return_normal","Past",2020-10-16,"daily_all_infections",2280,2280,2280,2280,2280,2280,2280,2280
"Idaho","status_quo","Past",2020-10-16,"daily_all_infections",2280,2280,2280,2280,2280,2280,2280,2280
"Idaho","linear_increase_sd","Past",2020-10-16,"daily_cases",706,706,706,706,706,706,706,706
"Idaho","return_normal","Past",2020-10-16,"daily_cases",706,706,706,706,706,706,706,706
"Idaho","status_quo","Past",2020-10-16,"daily_cases",706,706,706,706,706,706,706,706
"Idaho","linear_increase_sd","Past",2020-10-16,"daily_deaths",6,6,6,6,6,6,6,6
"Idaho","return_normal","Past",2020-10-16,"daily_deaths",6,6,6,6,6,6,6,6
"Idaho","status_quo","Past",2020-10-16,"daily_deaths",6,6,6,6,6,6,6,6
"Idaho","linear_increase_sd","Past",2020-10-16,"daily_hosps",73,73,73,73,73,73,73,73
"Idaho","return_normal","Past",2020-10-16,"daily_hosps",73,73,73,73,73,73,73,73
"Idaho","status_quo","Past",2020-10-16,"daily_hosps",73,73,73,73,73,73,73,73
"Idaho","linear_increase_sd","Past",2020-10-16,"latent_trend",NA,NA,NA,0.568664968486328,NA,NA,NA,NA
"Idaho","return_normal","Past",2020-10-16,"latent_trend",NA,NA,NA,0.568664968486328,NA,NA,NA,NA
"Idaho","status_quo","Past",2020-10-16,"latent_trend",NA,NA,NA,0.568664968486328,NA,NA,NA,NA
"Idaho","linear_increase_sd","Past",2020-10-16,"mobility_trend",NA,NA,NA,0.821309673395551,NA,NA,NA,NA
"Idaho","return_normal","Past",2020-10-16,"mobility_trend",NA,NA,NA,0.821309673395551,NA,NA,NA,NA
"Idaho","status_quo","Past",2020-10-16,"mobility_trend",NA,NA,NA,0.821309673395551,NA,NA,NA,NA
"Idaho",NA,"Past",2020-10-17,"actual_cumulative_cases",NA,NA,NA,51704,NA,NA,NA,NA
"Idaho",NA,"Past",2020-10-17,"actual_cumulative_deaths",NA,NA,NA,524,NA,NA,NA,NA
"Idaho",NA,"Past",2020-10-17,"actual_daily_cases",NA,NA,NA,1094,NA,NA,NA,NA
"Idaho",NA,"Past",2020-10-17,"actual_daily_deaths",NA,NA,NA,6,NA,NA,NA,NA
"Idaho","linear_increase_sd","Past",2020-10-17,"combined_trend",NA,NA,NA,0.466767331998918,NA,NA,NA,NA
"Idaho","return_normal","Past",2020-10-17,"combined_trend",NA,NA,NA,0.466767331998918,NA,NA,NA,NA
"Idaho","status_quo","Past",2020-10-17,"combined_trend",NA,NA,NA,0.466767331998918,NA,NA,NA,NA
"Idaho","linear_increase_sd","Past",2020-10-17,"cumulative_all_infections",171328,171328,171328,171328,171328,171328,171328,171328
"Idaho","return_normal","Past",2020-10-17,"cumulative_all_infections",171328,171328,171328,171328,171328,171328,171328,171328
"Idaho","status_quo","Past",2020-10-17,"cumulative_all_infections",171328,171328,171328,171328,171328,171328,171328,171328
"Idaho","linear_increase_sd","Past",2020-10-17,"cumulative_cases",55633,55633,55633,55633,55633,55633,55633,55633
"Idaho","return_normal","Past",2020-10-17,"cumulative_cases",55633,55633,55633,55633,55633,55633,55633,55633
"Idaho","status_quo","Past",2020-10-17,"cumulative_cases",55633,55633,55633,55633,55633,55633,55633,55633
"Idaho","linear_increase_sd","Past",2020-10-17,"cumulative_deaths",969,969,969,969,969,969,969,969
"Idaho","return_normal","Past",2020-10-17,"cumulative_deaths",969,969,969,969,969,969,969,969
"Idaho","status_quo","Past",2020-10-17,"cumulative_deaths",969,969,969,969,969,969,969,969
"Idaho","linear_increase_sd","Past",2020-10-17,"cumulative_hosps",6270,6270,6270,6270,6270,6270,6270,6270
"Idaho","return_normal","Past",2020-10-17,"cumulative_hosps",6270,6270,6270,6270,6270,6270,6270,6270
"Idaho","status_quo","Past",2020-10-17,"cumulative_hosps",6270,6270,6270,6270,6270,6270,6270,6270
"Idaho","linear_increase_sd","Past",2020-10-17,"daily_all_infections",2335,2335,2335,2335,2335,2335,2335,2335
"Idaho","return_normal","Past",2020-10-17,"daily_all_infections",2335,2335,2335,2335,2335,2335,2335,2335
"Idaho","status_quo","Past",2020-10-17,"daily_all_infections",2335,2335,2335,2335,2335,2335,2335,2335
"Idaho","linear_increase_sd","Past",2020-10-17,"daily_cases",711,711,711,711,711,711,711,711
"Idaho","return_normal","Past",2020-10-17,"daily_cases",711,711,711,711,711,711,711,711
"Idaho","status_quo","Past",2020-10-17,"daily_cases",711,711,711,711,711,711,711,711
"Idaho","linear_increase_sd","Past",2020-10-17,"daily_deaths",7,7,7,7,7,7,7,7
"Idaho","return_normal","Past",2020-10-17,"daily_deaths",7,7,7,7,7,7,7,7
"Idaho","status_quo","Past",2020-10-17,"daily_deaths",7,7,7,7,7,7,7,7
"Idaho","linear_increase_sd","Past",2020-10-17,"daily_hosps",76,76,76,76,76,76,76,76
"Idaho","return_normal","Past",2020-10-17,"daily_hosps",76,76,76,76,76,76,76,76
"Idaho","status_quo","Past",2020-10-17,"daily_hosps",76,76,76,76,76,76,76,76
"Idaho","linear_increase_sd","Past",2020-10-17,"latent_trend",NA,NA,NA,0.570410726506471,NA,NA,NA,NA
"Idaho","return_normal","Past",2020-10-17,"latent_trend",NA,NA,NA,0.570410726506471,NA,NA,NA,NA
"Idaho","status_quo","Past",2020-10-17,"latent_trend",NA,NA,NA,0.570410726506471,NA,NA,NA,NA
"Idaho","linear_increase_sd","Past",2020-10-17,"mobility_trend",NA,NA,NA,0.818300411104949,NA,NA,NA,NA
"Idaho","return_normal","Past",2020-10-17,"mobility_trend",NA,NA,NA,0.818300411104949,NA,NA,NA,NA
"Idaho","status_quo","Past",2020-10-17,"mobility_trend",NA,NA,NA,0.818300411104949,NA,NA,NA,NA
"Idaho",NA,"Past",2020-10-18,"actual_cumulative_cases",NA,NA,NA,52582,NA,NA,NA,NA
"Idaho",NA,"Past",2020-10-18,"actual_cumulative_deaths",NA,NA,NA,530,NA,NA,NA,NA
"Idaho",NA,"Past",2020-10-18,"actual_daily_cases",NA,NA,NA,878,NA,NA,NA,NA
"Idaho",NA,"Past",2020-10-18,"actual_daily_deaths",NA,NA,NA,6,NA,NA,NA,NA
"Idaho","linear_increase_sd","Past",2020-10-18,"combined_trend",NA,NA,NA,0.466305538401189,NA,NA,NA,NA
"Idaho","return_normal","Past",2020-10-18,"combined_trend",NA,NA,NA,0.466305538401189,NA,NA,NA,NA
"Idaho","status_quo","Past",2020-10-18,"combined_trend",NA,NA,NA,0.466305538401189,NA,NA,NA,NA
"Idaho","linear_increase_sd","Past",2020-10-18,"cumulative_all_infections",173712,173712,173712,173712,173712,173712,173712,173712
"Idaho","return_normal","Past",2020-10-18,"cumulative_all_infections",173712,173712,173712,173712,173712,173712,173712,173712
"Idaho","status_quo","Past",2020-10-18,"cumulative_all_infections",173712,173712,173712,173712,173712,173712,173712,173712
"Idaho","linear_increase_sd","Past",2020-10-18,"cumulative_cases",56499,56499,56499,56499,56499,56499,56499,56499
"Idaho","return_normal","Past",2020-10-18,"cumulative_cases",56499,56499,56499,56499,56499,56499,56499,56499
"Idaho","status_quo","Past",2020-10-18,"cumulative_cases",56499,56499,56499,56499,56499,56499,56499,56499
"Idaho","linear_increase_sd","Past",2020-10-18,"cumulative_deaths",976,976,976,976,976,976,976,976
"Idaho","return_normal","Past",2020-10-18,"cumulative_deaths",976,976,976,976,976,976,976,976
"Idaho","status_quo","Past",2020-10-18,"cumulative_deaths",976,976,976,976,976,976,976,976
"Idaho","linear_increase_sd","Past",2020-10-18,"cumulative_hosps",6348,6348,6348,6348,6348,6348,6348,6348
"Idaho","return_normal","Past",2020-10-18,"cumulative_hosps",6348,6348,6348,6348,6348,6348,6348,6348
"Idaho","status_quo","Past",2020-10-18,"cumulative_hosps",6348,6348,6348,6348,6348,6348,6348,6348
"Idaho","linear_increase_sd","Past",2020-10-18,"daily_all_infections",2384,2384,2384,2384,2384,2384,2384,2384
"Idaho","return_normal","Past",2020-10-18,"daily_all_infections",2384,2384,2384,2384,2384,2384,2384,2384
"Idaho","status_quo","Past",2020-10-18,"daily_all_infections",2384,2384,2384,2384,2384,2384,2384,2384
"Idaho","linear_increase_sd","Past",2020-10-18,"daily_cases",866,866,866,866,866,866,866,866
"Idaho","return_normal","Past",2020-10-18,"daily_cases",866,866,866,866,866,866,866,866
"Idaho","status_quo","Past",2020-10-18,"daily_cases",866,866,866,866,866,866,866,866
"Idaho","linear_increase_sd","Past",2020-10-18,"daily_deaths",7,7,7,7,7,7,7,7
"Idaho","return_normal","Past",2020-10-18,"daily_deaths",7,7,7,7,7,7,7,7
"Idaho","status_quo","Past",2020-10-18,"daily_deaths",7,7,7,7,7,7,7,7
"Idaho","linear_increase_sd","Past",2020-10-18,"daily_hosps",78,78,78,78,78,78,78,78
"Idaho","return_normal","Past",2020-10-18,"daily_hosps",78,78,78,78,78,78,78,78
"Idaho","status_quo","Past",2020-10-18,"daily_hosps",78,78,78,78,78,78,78,78
"Idaho","linear_increase_sd","Past",2020-10-18,"latent_trend",NA,NA,NA,0.572114502843033,NA,NA,NA,NA
"Idaho","return_normal","Past",2020-10-18,"latent_trend",NA,NA,NA,0.572114502843033,NA,NA,NA,NA
"Idaho","status_quo","Past",2020-10-18,"latent_trend",NA,NA,NA,0.572114502843033,NA,NA,NA,NA
"Idaho","linear_increase_sd","Past",2020-10-18,"mobility_trend",NA,NA,NA,0.815056314922899,NA,NA,NA,NA
"Idaho","return_normal","Past",2020-10-18,"mobility_trend",NA,NA,NA,0.815056314922899,NA,NA,NA,NA
"Idaho","status_quo","Past",2020-10-18,"mobility_trend",NA,NA,NA,0.815056314922899,NA,NA,NA,NA
"Idaho",NA,"Past",2020-10-19,"actual_cumulative_cases",NA,NA,NA,53092,NA,NA,NA,NA
"Idaho",NA,"Past",2020-10-19,"actual_cumulative_deaths",NA,NA,NA,530,NA,NA,NA,NA
"Idaho",NA,"Past",2020-10-19,"actual_daily_cases",NA,NA,NA,510,NA,NA,NA,NA
"Idaho",NA,"Past",2020-10-19,"actual_daily_deaths",NA,NA,NA,NA,NA,NA,NA,NA
"Idaho","linear_increase_sd","Past",2020-10-19,"combined_trend",NA,NA,NA,0.465655457285077,NA,NA,NA,NA
"Idaho","return_normal","Past",2020-10-19,"combined_trend",NA,NA,NA,0.465655457285077,NA,NA,NA,NA
"Idaho","status_quo","Past",2020-10-19,"combined_trend",NA,NA,NA,0.465655457285077,NA,NA,NA,NA
"Idaho","linear_increase_sd","Past",2020-10-19,"cumulative_all_infections",176163,176163,176163,176163,176163,176163,176163,176163
"Idaho","return_normal","Past",2020-10-19,"cumulative_all_infections",176163,176163,176163,176163,176163,176163,176163,176163
"Idaho","status_quo","Past",2020-10-19,"cumulative_all_infections",176163,176163,176163,176163,176163,176163,176163,176163
"Idaho","linear_increase_sd","Past",2020-10-19,"cumulative_cases",57346,57346,57346,57346,57346,57346,57346,57346
"Idaho","return_normal","Past",2020-10-19,"cumulative_cases",57346,57346,57346,57346,57346,57346,57346,57346
"Idaho","status_quo","Past",2020-10-19,"cumulative_cases",57346,57346,57346,57346,57346,57346,57346,57346
"Idaho","linear_increase_sd","Past",2020-10-19,"cumulative_deaths",983,983,983,983,983,983,983,983
"Idaho","return_normal","Past",2020-10-19,"cumulative_deaths",983,983,983,983,983,983,983,983
"Idaho","status_quo","Past",2020-10-19,"cumulative_deaths",983,983,983,983,983,983,983,983
"Idaho","linear_increase_sd","Past",2020-10-19,"cumulative_hosps",6429,6429,6429,6429,6429,6429,6429,6429
"Idaho","return_normal","Past",2020-10-19,"cumulative_hosps",6429,6429,6429,6429,6429,6429,6429,6429
"Idaho","status_quo","Past",2020-10-19,"cumulative_hosps",6429,6429,6429,6429,6429,6429,6429,6429
"Idaho","linear_increase_sd","Past",2020-10-19,"daily_all_infections",2451,2451,2451,2451,2451,2451,2451,2451
"Idaho","return_normal","Past",2020-10-19,"daily_all_infections",2451,2451,2451,2451,2451,2451,2451,2451
"Idaho","status_quo","Past",2020-10-19,"daily_all_infections",2451,2451,2451,2451,2451,2451,2451,2451
"Idaho","linear_increase_sd","Past",2020-10-19,"daily_cases",847,847,847,847,847,847,847,847
"Idaho","return_normal","Past",2020-10-19,"daily_cases",847,847,847,847,847,847,847,847
"Idaho","status_quo","Past",2020-10-19,"daily_cases",847,847,847,847,847,847,847,847
"Idaho","linear_increase_sd","Past",2020-10-19,"daily_deaths",7,7,7,7,7,7,7,7
"Idaho","return_normal","Past",2020-10-19,"daily_deaths",7,7,7,7,7,7,7,7
"Idaho","status_quo","Past",2020-10-19,"daily_deaths",7,7,7,7,7,7,7,7
"Idaho","linear_increase_sd","Past",2020-10-19,"daily_hosps",81,81,81,81,81,81,81,81
"Idaho","return_normal","Past",2020-10-19,"daily_hosps",81,81,81,81,81,81,81,81
"Idaho","status_quo","Past",2020-10-19,"daily_hosps",81,81,81,81,81,81,81,81
"Idaho","linear_increase_sd","Past",2020-10-19,"latent_trend",NA,NA,NA,0.573779851150393,NA,NA,NA,NA
"Idaho","return_normal","Past",2020-10-19,"latent_trend",NA,NA,NA,0.573779851150393,NA,NA,NA,NA
"Idaho","status_quo","Past",2020-10-19,"latent_trend",NA,NA,NA,0.573779851150393,NA,NA,NA,NA
"Idaho","linear_increase_sd","Past",2020-10-19,"mobility_trend",NA,NA,NA,0.81155770170644,NA,NA,NA,NA
"Idaho","return_normal","Past",2020-10-19,"mobility_trend",NA,NA,NA,0.81155770170644,NA,NA,NA,NA
"Idaho","status_quo","Past",2020-10-19,"mobility_trend",NA,NA,NA,0.81155770170644,NA,NA,NA,NA
"Idaho",NA,"Past",2020-10-20,"actual_cumulative_cases",NA,NA,NA,53790,NA,NA,NA,NA
"Idaho",NA,"Past",2020-10-20,"actual_cumulative_deaths",NA,NA,NA,533,NA,NA,NA,NA
"Idaho",NA,"Past",2020-10-20,"actual_daily_cases",NA,NA,NA,698,NA,NA,NA,NA
"Idaho",NA,"Past",2020-10-20,"actual_daily_deaths",NA,NA,NA,3,NA,NA,NA,NA
"Idaho","linear_increase_sd","Past",2020-10-20,"combined_trend",NA,NA,NA,0.464821708758066,NA,NA,NA,NA
"Idaho","return_normal","Past",2020-10-20,"combined_trend",NA,NA,NA,0.464821708758066,NA,NA,NA,NA
"Idaho","status_quo","Past",2020-10-20,"combined_trend",NA,NA,NA,0.464821708758066,NA,NA,NA,NA
"Idaho","linear_increase_sd","Past",2020-10-20,"cumulative_all_infections",178670,178670,178670,178670,178670,178670,178670,178670
"Idaho","return_normal","Past",2020-10-20,"cumulative_all_infections",178670,178670,178670,178670,178670,178670,178670,178670
"Idaho","status_quo","Past",2020-10-20,"cumulative_all_infections",178670,178670,178670,178670,178670,178670,178670,178670
"Idaho","linear_increase_sd","Past",2020-10-20,"cumulative_cases",58085,58085,58085,58085,58085,58085,58085,58085
"Idaho","return_normal","Past",2020-10-20,"cumulative_cases",58085,58085,58085,58085,58085,58085,58085,58085
"Idaho","status_quo","Past",2020-10-20,"cumulative_cases",58085,58085,58085,58085,58085,58085,58085,58085
"Idaho","linear_increase_sd","Past",2020-10-20,"cumulative_deaths",990,990,990,990,990,990,990,990
"Idaho","return_normal","Past",2020-10-20,"cumulative_deaths",990,990,990,990,990,990,990,990
"Idaho","status_quo","Past",2020-10-20,"cumulative_deaths",990,990,990,990,990,990,990,990
"Idaho","linear_increase_sd","Past",2020-10-20,"cumulative_hosps",6512,6512,6512,6512,6512,6512,6512,6512
"Idaho","return_normal","Past",2020-10-20,"cumulative_hosps",6512,6512,6512,6512,6512,6512,6512,6512
"Idaho","status_quo","Past",2020-10-20,"cumulative_hosps",6512,6512,6512,6512,6512,6512,6512,6512
"Idaho","linear_increase_sd","Past",2020-10-20,"daily_all_infections",2507,2507,2507,2507,2507,2507,2507,2507
"Idaho","return_normal","Past",2020-10-20,"daily_all_infections",2507,2507,2507,2507,2507,2507,2507,2507
"Idaho","status_quo","Past",2020-10-20,"daily_all_infections",2507,2507,2507,2507,2507,2507,2507,2507
"Idaho","linear_increase_sd","Past",2020-10-20,"daily_cases",739,739,739,739,739,739,739,739
"Idaho","return_normal","Past",2020-10-20,"daily_cases",739,739,739,739,739,739,739,739
"Idaho","status_quo","Past",2020-10-20,"daily_cases",739,739,739,739,739,739,739,739
"Idaho","linear_increase_sd","Past",2020-10-20,"daily_deaths",7,7,7,7,7,7,7,7
"Idaho","return_normal","Past",2020-10-20,"daily_deaths",7,7,7,7,7,7,7,7
"Idaho","status_quo","Past",2020-10-20,"daily_deaths",7,7,7,7,7,7,7,7
"Idaho","linear_increase_sd","Past",2020-10-20,"daily_hosps",83,83,83,83,83,83,83,83
"Idaho","return_normal","Past",2020-10-20,"daily_hosps",83,83,83,83,83,83,83,83
"Idaho","status_quo","Past",2020-10-20,"daily_hosps",83,83,83,83,83,83,83,83
"Idaho","linear_increase_sd","Past",2020-10-20,"latent_trend",NA,NA,NA,0.575410313952553,NA,NA,NA,NA
"Idaho","return_normal","Past",2020-10-20,"latent_trend",NA,NA,NA,0.575410313952553,NA,NA,NA,NA
"Idaho","status_quo","Past",2020-10-20,"latent_trend",NA,NA,NA,0.575410313952553,NA,NA,NA,NA
"Idaho","linear_increase_sd","Past",2020-10-20,"mobility_trend",NA,NA,NA,0.807809136345084,NA,NA,NA,NA
"Idaho","return_normal","Past",2020-10-20,"mobility_trend",NA,NA,NA,0.807809136345084,NA,NA,NA,NA
"Idaho","status_quo","Past",2020-10-20,"mobility_trend",NA,NA,NA,0.807809136345084,NA,NA,NA,NA
"Idaho",NA,"Past",2020-10-21,"actual_cumulative_cases",NA,NA,NA,54663,NA,NA,NA,NA
"Idaho",NA,"Past",2020-10-21,"actual_cumulative_deaths",NA,NA,NA,537,NA,NA,NA,NA
"Idaho",NA,"Past",2020-10-21,"actual_daily_cases",NA,NA,NA,873,NA,NA,NA,NA
"Idaho",NA,"Past",2020-10-21,"actual_daily_deaths",NA,NA,NA,4,NA,NA,NA,NA
"Idaho","linear_increase_sd","Past",2020-10-21,"combined_trend",NA,NA,NA,0.463812432670548,NA,NA,NA,NA
"Idaho","return_normal","Past",2020-10-21,"combined_trend",NA,NA,NA,0.463812432670548,NA,NA,NA,NA
"Idaho","status_quo","Past",2020-10-21,"combined_trend",NA,NA,NA,0.463812432670548,NA,NA,NA,NA
"Idaho","linear_increase_sd","Past",2020-10-21,"cumulative_all_infections",181235,181235,181235,181235,181235,181235,181235,181235
"Idaho","return_normal","Past",2020-10-21,"cumulative_all_infections",181235,181235,181235,181235,181235,181235,181235,181235
"Idaho","status_quo","Past",2020-10-21,"cumulative_all_infections",181235,181235,181235,181235,181235,181235,181235,181235
"Idaho","linear_increase_sd","Past",2020-10-21,"cumulative_cases",58897,58897,58897,58897,58897,58897,58897,58897
"Idaho","return_normal","Past",2020-10-21,"cumulative_cases",58897,58897,58897,58897,58897,58897,58897,58897
"Idaho","status_quo","Past",2020-10-21,"cumulative_cases",58897,58897,58897,58897,58897,58897,58897,58897
"Idaho","linear_increase_sd","Past",2020-10-21,"cumulative_deaths",998,998,998,998,998,998,998,998
"Idaho","return_normal","Past",2020-10-21,"cumulative_deaths",998,998,998,998,998,998,998,998
"Idaho","status_quo","Past",2020-10-21,"cumulative_deaths",998,998,998,998,998,998,998,998
"Idaho","linear_increase_sd","Past",2020-10-21,"cumulative_hosps",6597,6597,6597,6597,6597,6597,6597,6597
"Idaho","return_normal","Past",2020-10-21,"cumulative_hosps",6597,6597,6597,6597,6597,6597,6597,6597
"Idaho","status_quo","Past",2020-10-21,"cumulative_hosps",6597,6597,6597,6597,6597,6597,6597,6597
"Idaho","linear_increase_sd","Past",2020-10-21,"daily_all_infections",2565,2565,2565,2565,2565,2565,2565,2565
"Idaho","return_normal","Past",2020-10-21,"daily_all_infections",2565,2565,2565,2565,2565,2565,2565,2565
"Idaho","status_quo","Past",2020-10-21,"daily_all_infections",2565,2565,2565,2565,2565,2565,2565,2565
"Idaho","linear_increase_sd","Past",2020-10-21,"daily_cases",812,812,812,812,812,812,812,812
"Idaho","return_normal","Past",2020-10-21,"daily_cases",812,812,812,812,812,812,812,812
"Idaho","status_quo","Past",2020-10-21,"daily_cases",812,812,812,812,812,812,812,812
"Idaho","linear_increase_sd","Past",2020-10-21,"daily_deaths",8,8,8,8,8,8,8,8
"Idaho","return_normal","Past",2020-10-21,"daily_deaths",8,8,8,8,8,8,8,8
"Idaho","status_quo","Past",2020-10-21,"daily_deaths",8,8,8,8,8,8,8,8
"Idaho","linear_increase_sd","Past",2020-10-21,"daily_hosps",85,85,85,85,85,85,85,85
"Idaho","return_normal","Past",2020-10-21,"daily_hosps",85,85,85,85,85,85,85,85
"Idaho","status_quo","Past",2020-10-21,"daily_hosps",85,85,85,85,85,85,85,85
"Idaho","linear_increase_sd","Past",2020-10-21,"latent_trend",NA,NA,NA,0.577009422344394,NA,NA,NA,NA
"Idaho","return_normal","Past",2020-10-21,"latent_trend",NA,NA,NA,0.577009422344394,NA,NA,NA,NA
"Idaho","status_quo","Past",2020-10-21,"latent_trend",NA,NA,NA,0.577009422344394,NA,NA,NA,NA
"Idaho","linear_increase_sd","Past",2020-10-21,"mobility_trend",NA,NA,NA,0.803821245736464,NA,NA,NA,NA
"Idaho","return_normal","Past",2020-10-21,"mobility_trend",NA,NA,NA,0.803821245736464,NA,NA,NA,NA
"Idaho","status_quo","Past",2020-10-21,"mobility_trend",NA,NA,NA,0.803821245736464,NA,NA,NA,NA
"Idaho",NA,"Past",2020-10-22,"actual_cumulative_cases",NA,NA,NA,55650,NA,NA,NA,NA
"Idaho",NA,"Past",2020-10-22,"actual_cumulative_deaths",NA,NA,NA,548,NA,NA,NA,NA
"Idaho",NA,"Past",2020-10-22,"actual_daily_cases",NA,NA,NA,987,NA,NA,NA,NA
"Idaho",NA,"Past",2020-10-22,"actual_daily_deaths",NA,NA,NA,11,NA,NA,NA,NA
"Idaho","linear_increase_sd","Past",2020-10-22,"combined_trend",NA,NA,NA,0.462635818621071,NA,NA,NA,NA
"Idaho","return_normal","Past",2020-10-22,"combined_trend",NA,NA,NA,0.462635818621071,NA,NA,NA,NA
"Idaho","status_quo","Past",2020-10-22,"combined_trend",NA,NA,NA,0.462635818621071,NA,NA,NA,NA
"Idaho","linear_increase_sd","Past",2020-10-22,"cumulative_all_infections",183853,183853,183853,183853,183853,183853,183853,183853
"Idaho","return_normal","Past",2020-10-22,"cumulative_all_infections",183853,183853,183853,183853,183853,183853,183853,183853
"Idaho","status_quo","Past",2020-10-22,"cumulative_all_infections",183853,183853,183853,183853,183853,183853,183853,183853
"Idaho","linear_increase_sd","Past",2020-10-22,"cumulative_cases",59763,59763,59763,59763,59763,59763,59763,59763
"Idaho","return_normal","Past",2020-10-22,"cumulative_cases",59763,59763,59763,59763,59763,59763,59763,59763
"Idaho","status_quo","Past",2020-10-22,"cumulative_cases",59763,59763,59763,59763,59763,59763,59763,59763
"Idaho","linear_increase_sd","Past",2020-10-22,"cumulative_deaths",1005,1005,1005,1005,1005,1005,1005,1005
"Idaho","return_normal","Past",2020-10-22,"cumulative_deaths",1005,1005,1005,1005,1005,1005,1005,1005
"Idaho","status_quo","Past",2020-10-22,"cumulative_deaths",1005,1005,1005,1005,1005,1005,1005,1005
"Idaho","linear_increase_sd","Past",2020-10-22,"cumulative_hosps",6685,6685,6685,6685,6685,6685,6685,6685
"Idaho","return_normal","Past",2020-10-22,"cumulative_hosps",6685,6685,6685,6685,6685,6685,6685,6685
"Idaho","status_quo","Past",2020-10-22,"cumulative_hosps",6685,6685,6685,6685,6685,6685,6685,6685
"Idaho","linear_increase_sd","Past",2020-10-22,"daily_all_infections",2618,2618,2618,2618,2618,2618,2618,2618
"Idaho","return_normal","Past",2020-10-22,"daily_all_infections",2618,2618,2618,2618,2618,2618,2618,2618
"Idaho","status_quo","Past",2020-10-22,"daily_all_infections",2618,2618,2618,2618,2618,2618,2618,2618
"Idaho","linear_increase_sd","Past",2020-10-22,"daily_cases",866,866,866,866,866,866,866,866
"Idaho","return_normal","Past",2020-10-22,"daily_cases",866,866,866,866,866,866,866,866
"Idaho","status_quo","Past",2020-10-22,"daily_cases",866,866,866,866,866,866,866,866
"Idaho","linear_increase_sd","Past",2020-10-22,"daily_deaths",7,7,7,7,7,7,7,7
"Idaho","return_normal","Past",2020-10-22,"daily_deaths",7,7,7,7,7,7,7,7
"Idaho","status_quo","Past",2020-10-22,"daily_deaths",7,7,7,7,7,7,7,7
"Idaho","linear_increase_sd","Past",2020-10-22,"daily_hosps",88,88,88,88,88,88,88,88
"Idaho","return_normal","Past",2020-10-22,"daily_hosps",88,88,88,88,88,88,88,88
"Idaho","status_quo","Past",2020-10-22,"daily_hosps",88,88,88,88,88,88,88,88
"Idaho","linear_increase_sd","Past",2020-10-22,"latent_trend",NA,NA,NA,0.578580695721729,NA,NA,NA,NA
"Idaho","return_normal","Past",2020-10-22,"latent_trend",NA,NA,NA,0.578580695721729,NA,NA,NA,NA
"Idaho","status_quo","Past",2020-10-22,"latent_trend",NA,NA,NA,0.578580695721729,NA,NA,NA,NA
"Idaho","linear_increase_sd","Past",2020-10-22,"mobility_trend",NA,NA,NA,0.79960465677821,NA,NA,NA,NA
"Idaho","return_normal","Past",2020-10-22,"mobility_trend",NA,NA,NA,0.79960465677821,NA,NA,NA,NA
"Idaho","status_quo","Past",2020-10-22,"mobility_trend",NA,NA,NA,0.79960465677821,NA,NA,NA,NA
"Idaho",NA,"Past",2020-10-23,"actual_cumulative_cases",NA,NA,NA,56600,NA,NA,NA,NA
"Idaho",NA,"Past",2020-10-23,"actual_cumulative_deaths",NA,NA,NA,555,NA,NA,NA,NA
"Idaho",NA,"Past",2020-10-23,"actual_daily_cases",NA,NA,NA,950,NA,NA,NA,NA
"Idaho",NA,"Past",2020-10-23,"actual_daily_deaths",NA,NA,NA,7,NA,NA,NA,NA
"Idaho","linear_increase_sd","Past",2020-10-23,"combined_trend",NA,NA,NA,0.461303300916024,NA,NA,NA,NA
"Idaho","return_normal","Past",2020-10-23,"combined_trend",NA,NA,NA,0.461303300916024,NA,NA,NA,NA
"Idaho","status_quo","Past",2020-10-23,"combined_trend",NA,NA,NA,0.461303300916024,NA,NA,NA,NA
"Idaho","linear_increase_sd","Past",2020-10-23,"cumulative_all_infections",186534,186534,186534,186534,186534,186534,186534,186534
"Idaho","return_normal","Past",2020-10-23,"cumulative_all_infections",186534,186534,186534,186534,186534,186534,186534,186534
"Idaho","status_quo","Past",2020-10-23,"cumulative_all_infections",186534,186534,186534,186534,186534,186534,186534,186534
"Idaho","linear_increase_sd","Past",2020-10-23,"cumulative_cases",60578,60578,60578,60578,60578,60578,60578,60578
"Idaho","return_normal","Past",2020-10-23,"cumulative_cases",60578,60578,60578,60578,60578,60578,60578,60578
"Idaho","status_quo","Past",2020-10-23,"cumulative_cases",60578,60578,60578,60578,60578,60578,60578,60578
"Idaho","linear_increase_sd","Past",2020-10-23,"cumulative_deaths",1014,1014,1014,1014,1014,1014,1014,1014
"Idaho","return_normal","Past",2020-10-23,"cumulative_deaths",1014,1014,1014,1014,1014,1014,1014,1014
"Idaho","status_quo","Past",2020-10-23,"cumulative_deaths",1014,1014,1014,1014,1014,1014,1014,1014
"Idaho","linear_increase_sd","Past",2020-10-23,"cumulative_hosps",6775,6775,6775,6775,6775,6775,6775,6775
"Idaho","return_normal","Past",2020-10-23,"cumulative_hosps",6775,6775,6775,6775,6775,6775,6775,6775
"Idaho","status_quo","Past",2020-10-23,"cumulative_hosps",6775,6775,6775,6775,6775,6775,6775,6775
"Idaho","linear_increase_sd","Past",2020-10-23,"daily_all_infections",2681,2681,2681,2681,2681,2681,2681,2681
"Idaho","return_normal","Past",2020-10-23,"daily_all_infections",2681,2681,2681,2681,2681,2681,2681,2681
"Idaho","status_quo","Past",2020-10-23,"daily_all_infections",2681,2681,2681,2681,2681,2681,2681,2681
"Idaho","linear_increase_sd","Past",2020-10-23,"daily_cases",815,815,815,815,815,815,815,815
"Idaho","return_normal","Past",2020-10-23,"daily_cases",815,815,815,815,815,815,815,815
"Idaho","status_quo","Past",2020-10-23,"daily_cases",815,815,815,815,815,815,815,815
"Idaho","linear_increase_sd","Past",2020-10-23,"daily_deaths",9,9,9,9,9,9,9,9
"Idaho","return_normal","Past",2020-10-23,"daily_deaths",9,9,9,9,9,9,9,9
"Idaho","status_quo","Past",2020-10-23,"daily_deaths",9,9,9,9,9,9,9,9
"Idaho","linear_increase_sd","Past",2020-10-23,"daily_hosps",90,90,90,90,90,90,90,90
"Idaho","return_normal","Past",2020-10-23,"daily_hosps",90,90,90,90,90,90,90,90
"Idaho","status_quo","Past",2020-10-23,"daily_hosps",90,90,90,90,90,90,90,90
"Idaho","linear_increase_sd","Past",2020-10-23,"latent_trend",NA,NA,NA,0.580127641525563,NA,NA,NA,NA
"Idaho","return_normal","Past",2020-10-23,"latent_trend",NA,NA,NA,0.580127641525563,NA,NA,NA,NA
"Idaho","status_quo","Past",2020-10-23,"latent_trend",NA,NA,NA,0.580127641525563,NA,NA,NA,NA
"Idaho","linear_increase_sd","Past",2020-10-23,"mobility_trend",NA,NA,NA,0.795175523274385,NA,NA,NA,NA
"Idaho","return_normal","Past",2020-10-23,"mobility_trend",NA,NA,NA,0.795175523274385,NA,NA,NA,NA
"Idaho","status_quo","Past",2020-10-23,"mobility_trend",NA,NA,NA,0.795175523274385,NA,NA,NA,NA
"Idaho",NA,"Past",2020-10-24,"actual_cumulative_cases",NA,NA,NA,57673,NA,NA,NA,NA
"Idaho",NA,"Past",2020-10-24,"actual_cumulative_deaths",NA,NA,NA,564,NA,NA,NA,NA
"Idaho",NA,"Past",2020-10-24,"actual_daily_cases",NA,NA,NA,1073,NA,NA,NA,NA
"Idaho",NA,"Past",2020-10-24,"actual_daily_deaths",NA,NA,NA,9,NA,NA,NA,NA
"Idaho","linear_increase_sd","Past",2020-10-24,"combined_trend",NA,NA,NA,0.459839234423685,NA,NA,NA,NA
"Idaho","return_normal","Past",2020-10-24,"combined_trend",NA,NA,NA,0.459839234423685,NA,NA,NA,NA
"Idaho","status_quo","Past",2020-10-24,"combined_trend",NA,NA,NA,0.459839234423685,NA,NA,NA,NA
"Idaho","linear_increase_sd","Past",2020-10-24,"cumulative_all_infections",189267,189267,189267,189267,189267,189267,189267,189267
"Idaho","return_normal","Past",2020-10-24,"cumulative_all_infections",189267,189267,189267,189267,189267,189267,189267,189267
"Idaho","status_quo","Past",2020-10-24,"cumulative_all_infections",189267,189267,189267,189267,189267,189267,189267,189267
"Idaho","linear_increase_sd","Past",2020-10-24,"cumulative_cases",61437,61437,61437,61437,61437,61437,61437,61437
"Idaho","return_normal","Past",2020-10-24,"cumulative_cases",61437,61437,61437,61437,61437,61437,61437,61437
"Idaho","status_quo","Past",2020-10-24,"cumulative_cases",61437,61437,61437,61437,61437,61437,61437,61437
"Idaho","linear_increase_sd","Past",2020-10-24,"cumulative_deaths",1022,1022,1022,1022,1022,1022,1022,1022
"Idaho","return_normal","Past",2020-10-24,"cumulative_deaths",1022,1022,1022,1022,1022,1022,1022,1022
"Idaho","status_quo","Past",2020-10-24,"cumulative_deaths",1022,1022,1022,1022,1022,1022,1022,1022
"Idaho","linear_increase_sd","Past",2020-10-24,"cumulative_hosps",6868,6868,6868,6868,6868,6868,6868,6868
"Idaho","return_normal","Past",2020-10-24,"cumulative_hosps",6868,6868,6868,6868,6868,6868,6868,6868
"Idaho","status_quo","Past",2020-10-24,"cumulative_hosps",6868,6868,6868,6868,6868,6868,6868,6868
"Idaho","linear_increase_sd","Past",2020-10-24,"daily_all_infections",2733,2733,2733,2733,2733,2733,2733,2733
"Idaho","return_normal","Past",2020-10-24,"daily_all_infections",2733,2733,2733,2733,2733,2733,2733,2733
"Idaho","status_quo","Past",2020-10-24,"daily_all_infections",2733,2733,2733,2733,2733,2733,2733,2733
"Idaho","linear_increase_sd","Past",2020-10-24,"daily_cases",859,859,859,859,859,859,859,859
"Idaho","return_normal","Past",2020-10-24,"daily_cases",859,859,859,859,859,859,859,859
"Idaho","status_quo","Past",2020-10-24,"daily_cases",859,859,859,859,859,859,859,859
"Idaho","linear_increase_sd","Past",2020-10-24,"daily_deaths",8,8,8,8,8,8,8,8
"Idaho","return_normal","Past",2020-10-24,"daily_deaths",8,8,8,8,8,8,8,8
"Idaho","status_quo","Past",2020-10-24,"daily_deaths",8,8,8,8,8,8,8,8
"Idaho","linear_increase_sd","Past",2020-10-24,"daily_hosps",93,93,93,93,93,93,93,93
"Idaho","return_normal","Past",2020-10-24,"daily_hosps",93,93,93,93,93,93,93,93
"Idaho","status_quo","Past",2020-10-24,"daily_hosps",93,93,93,93,93,93,93,93
"Idaho","linear_increase_sd","Past",2020-10-24,"latent_trend",NA,NA,NA,0.581653754986937,NA,NA,NA,NA
"Idaho","return_normal","Past",2020-10-24,"latent_trend",NA,NA,NA,0.581653754986937,NA,NA,NA,NA
"Idaho","status_quo","Past",2020-10-24,"latent_trend",NA,NA,NA,0.581653754986937,NA,NA,NA,NA
"Idaho","linear_increase_sd","Past",2020-10-24,"mobility_trend",NA,NA,NA,0.790572106654778,NA,NA,NA,NA
"Idaho","return_normal","Past",2020-10-24,"mobility_trend",NA,NA,NA,0.790572106654778,NA,NA,NA,NA
"Idaho","status_quo","Past",2020-10-24,"mobility_trend",NA,NA,NA,0.790572106654778,NA,NA,NA,NA
"Idaho",NA,"Past",2020-10-25,"actual_cumulative_cases",NA,NA,NA,58694,NA,NA,NA,NA
"Idaho",NA,"Past",2020-10-25,"actual_cumulative_deaths",NA,NA,NA,574,NA,NA,NA,NA
"Idaho",NA,"Past",2020-10-25,"actual_daily_cases",NA,NA,NA,1021,NA,NA,NA,NA
"Idaho",NA,"Past",2020-10-25,"actual_daily_deaths",NA,NA,NA,10,NA,NA,NA,NA
"Idaho","linear_increase_sd","Past",2020-10-25,"combined_trend",NA,NA,NA,0.458271381361374,NA,NA,NA,NA
"Idaho","return_normal","Past",2020-10-25,"combined_trend",NA,NA,NA,0.458271381361374,NA,NA,NA,NA
"Idaho","status_quo","Past",2020-10-25,"combined_trend",NA,NA,NA,0.458271381361374,NA,NA,NA,NA
"Idaho","linear_increase_sd","Past",2020-10-25,"cumulative_all_infections",192050,192050,192050,192050,192050,192050,192050,192050
"Idaho","return_normal","Past",2020-10-25,"cumulative_all_infections",192050,192050,192050,192050,192050,192050,192050,192050
"Idaho","status_quo","Past",2020-10-25,"cumulative_all_infections",192050,192050,192050,192050,192050,192050,192050,192050
"Idaho","linear_increase_sd","Past",2020-10-25,"cumulative_cases",62346,62346,62346,62346,62346,62346,62346,62346
"Idaho","return_normal","Past",2020-10-25,"cumulative_cases",62346,62346,62346,62346,62346,62346,62346,62346
"Idaho","status_quo","Past",2020-10-25,"cumulative_cases",62346,62346,62346,62346,62346,62346,62346,62346
"Idaho","linear_increase_sd","Past",2020-10-25,"cumulative_deaths",1030,1030,1030,1030,1030,1030,1030,1030
"Idaho","return_normal","Past",2020-10-25,"cumulative_deaths",1030,1030,1030,1030,1030,1030,1030,1030
"Idaho","status_quo","Past",2020-10-25,"cumulative_deaths",1030,1030,1030,1030,1030,1030,1030,1030
"Idaho","linear_increase_sd","Past",2020-10-25,"cumulative_hosps",6964,6964,6964,6964,6964,6964,6964,6964
"Idaho","return_normal","Past",2020-10-25,"cumulative_hosps",6964,6964,6964,6964,6964,6964,6964,6964
"Idaho","status_quo","Past",2020-10-25,"cumulative_hosps",6964,6964,6964,6964,6964,6964,6964,6964
"Idaho","linear_increase_sd","Past",2020-10-25,"daily_all_infections",2783,2783,2783,2783,2783,2783,2783,2783
"Idaho","return_normal","Past",2020-10-25,"daily_all_infections",2783,2783,2783,2783,2783,2783,2783,2783
"Idaho","status_quo","Past",2020-10-25,"daily_all_infections",2783,2783,2783,2783,2783,2783,2783,2783
"Idaho","linear_increase_sd","Past",2020-10-25,"daily_cases",909,909,909,909,909,909,909,909
"Idaho","return_normal","Past",2020-10-25,"daily_cases",909,909,909,909,909,909,909,909
"Idaho","status_quo","Past",2020-10-25,"daily_cases",909,909,909,909,909,909,909,909
"Idaho","linear_increase_sd","Past",2020-10-25,"daily_deaths",8,8,8,8,8,8,8,8
"Idaho","return_normal","Past",2020-10-25,"daily_deaths",8,8,8,8,8,8,8,8
"Idaho","status_quo","Past",2020-10-25,"daily_deaths",8,8,8,8,8,8,8,8
"Idaho","linear_increase_sd","Past",2020-10-25,"daily_hosps",96,96,96,96,96,96,96,96
"Idaho","return_normal","Past",2020-10-25,"daily_hosps",96,96,96,96,96,96,96,96
"Idaho","status_quo","Past",2020-10-25,"daily_hosps",96,96,96,96,96,96,96,96
"Idaho","linear_increase_sd","Past",2020-10-25,"latent_trend",NA,NA,NA,0.583162518859641,NA,NA,NA,NA
"Idaho","return_normal","Past",2020-10-25,"latent_trend",NA,NA,NA,0.583162518859641,NA,NA,NA,NA
"Idaho","status_quo","Past",2020-10-25,"latent_trend",NA,NA,NA,0.583162518859641,NA,NA,NA,NA
"Idaho","linear_increase_sd","Past",2020-10-25,"mobility_trend",NA,NA,NA,0.785838195255607,NA,NA,NA,NA
"Idaho","return_normal","Past",2020-10-25,"mobility_trend",NA,NA,NA,0.785838195255607,NA,NA,NA,NA
"Idaho","status_quo","Past",2020-10-25,"mobility_trend",NA,NA,NA,0.785838195255607,NA,NA,NA,NA
"Idaho",NA,"Past",2020-10-26,"actual_cumulative_cases",NA,NA,NA,59344,NA,NA,NA,NA
"Idaho",NA,"Past",2020-10-26,"actual_cumulative_deaths",NA,NA,NA,575,NA,NA,NA,NA
"Idaho",NA,"Past",2020-10-26,"actual_daily_cases",NA,NA,NA,650,NA,NA,NA,NA
"Idaho",NA,"Past",2020-10-26,"actual_daily_deaths",NA,NA,NA,1,NA,NA,NA,NA
"Idaho","linear_increase_sd","Past",2020-10-26,"combined_trend",NA,NA,NA,0.456627708608288,NA,NA,NA,NA
"Idaho","return_normal","Past",2020-10-26,"combined_trend",NA,NA,NA,0.456627708608288,NA,NA,NA,NA
"Idaho","status_quo","Past",2020-10-26,"combined_trend",NA,NA,NA,0.456627708608288,NA,NA,NA,NA
"Idaho","linear_increase_sd","Past",2020-10-26,"cumulative_all_infections",194892,194892,194892,194892,194892,194892,194892,194892
"Idaho","return_normal","Past",2020-10-26,"cumulative_all_infections",194892,194892,194892,194892,194892,194892,194892,194892
"Idaho","status_quo","Past",2020-10-26,"cumulative_all_infections",194892,194892,194892,194892,194892,194892,194892,194892
"Idaho","linear_increase_sd","Past",2020-10-26,"cumulative_cases",63301,63301,63301,63301,63301,63301,63301,63301
"Idaho","return_normal","Past",2020-10-26,"cumulative_cases",63301,63301,63301,63301,63301,63301,63301,63301
"Idaho","status_quo","Past",2020-10-26,"cumulative_cases",63301,63301,63301,63301,63301,63301,63301,63301
"Idaho","linear_increase_sd","Past",2020-10-26,"cumulative_deaths",1038,1038,1038,1038,1038,1038,1038,1038
"Idaho","return_normal","Past",2020-10-26,"cumulative_deaths",1038,1038,1038,1038,1038,1038,1038,1038
"Idaho","status_quo","Past",2020-10-26,"cumulative_deaths",1038,1038,1038,1038,1038,1038,1038,1038
"Idaho","linear_increase_sd","Past",2020-10-26,"cumulative_hosps",7061,7061,7061,7061,7061,7061,7061,7061
"Idaho","return_normal","Past",2020-10-26,"cumulative_hosps",7061,7061,7061,7061,7061,7061,7061,7061
"Idaho","status_quo","Past",2020-10-26,"cumulative_hosps",7061,7061,7061,7061,7061,7061,7061,7061
"Idaho","linear_increase_sd","Past",2020-10-26,"daily_all_infections",2842,2842,2842,2842,2842,2842,2842,2842
"Idaho","return_normal","Past",2020-10-26,"daily_all_infections",2842,2842,2842,2842,2842,2842,2842,2842
"Idaho","status_quo","Past",2020-10-26,"daily_all_infections",2842,2842,2842,2842,2842,2842,2842,2842
"Idaho","linear_increase_sd","Past",2020-10-26,"daily_cases",955,955,955,955,955,955,955,955
"Idaho","return_normal","Past",2020-10-26,"daily_cases",955,955,955,955,955,955,955,955
"Idaho","status_quo","Past",2020-10-26,"daily_cases",955,955,955,955,955,955,955,955
"Idaho","linear_increase_sd","Past",2020-10-26,"daily_deaths",8,8,8,8,8,8,8,8
"Idaho","return_normal","Past",2020-10-26,"daily_deaths",8,8,8,8,8,8,8,8
"Idaho","status_quo","Past",2020-10-26,"daily_deaths",8,8,8,8,8,8,8,8
"Idaho","linear_increase_sd","Past",2020-10-26,"daily_hosps",97,97,97,97,97,97,97,97
"Idaho","return_normal","Past",2020-10-26,"daily_hosps",97,97,97,97,97,97,97,97
"Idaho","status_quo","Past",2020-10-26,"daily_hosps",97,97,97,97,97,97,97,97
"Idaho","linear_increase_sd","Past",2020-10-26,"latent_trend",NA,NA,NA,0.584657403128804,NA,NA,NA,NA
"Idaho","return_normal","Past",2020-10-26,"latent_trend",NA,NA,NA,0.584657403128804,NA,NA,NA,NA
"Idaho","status_quo","Past",2020-10-26,"latent_trend",NA,NA,NA,0.584657403128804,NA,NA,NA,NA
"Idaho","linear_increase_sd","Past",2020-10-26,"mobility_trend",NA,NA,NA,0.781017577413091,NA,NA,NA,NA
"Idaho","return_normal","Past",2020-10-26,"mobility_trend",NA,NA,NA,0.781017577413091,NA,NA,NA,NA
"Idaho","status_quo","Past",2020-10-26,"mobility_trend",NA,NA,NA,0.781017577413091,NA,NA,NA,NA
"Idaho",NA,"Past",2020-10-27,"actual_cumulative_cases",NA,NA,NA,60041,NA,NA,NA,NA
"Idaho",NA,"Past",2020-10-27,"actual_cumulative_deaths",NA,NA,NA,582,NA,NA,NA,NA
"Idaho",NA,"Past",2020-10-27,"actual_daily_cases",NA,NA,NA,697,NA,NA,NA,NA
"Idaho",NA,"Past",2020-10-27,"actual_daily_deaths",NA,NA,NA,7,NA,NA,NA,NA
"Idaho","linear_increase_sd","Past",2020-10-27,"combined_trend",NA,NA,NA,0.454934480332344,NA,NA,NA,NA
"Idaho","return_normal","Past",2020-10-27,"combined_trend",NA,NA,NA,0.454934480332344,NA,NA,NA,NA
"Idaho","status_quo","Past",2020-10-27,"combined_trend",NA,NA,NA,0.454934480332344,NA,NA,NA,NA
"Idaho","linear_increase_sd","Past",2020-10-27,"cumulative_all_infections",197790,197790,197790,197790,197790,197790,197790,197790
"Idaho","return_normal","Past",2020-10-27,"cumulative_all_infections",197790,197790,197790,197790,197790,197790,197790,197790
"Idaho","status_quo","Past",2020-10-27,"cumulative_all_infections",197790,197790,197790,197790,197790,197790,197790,197790
"Idaho","linear_increase_sd","Past",2020-10-27,"cumulative_cases",64412,64412,64412,64412,64412,64412,64412,64412
"Idaho","return_normal","Past",2020-10-27,"cumulative_cases",64412,64412,64412,64412,64412,64412,64412,64412
"Idaho","status_quo","Past",2020-10-27,"cumulative_cases",64412,64412,64412,64412,64412,64412,64412,64412
"Idaho","linear_increase_sd","Past",2020-10-27,"cumulative_deaths",1047,1047,1047,1047,1047,1047,1047,1047
"Idaho","return_normal","Past",2020-10-27,"cumulative_deaths",1047,1047,1047,1047,1047,1047,1047,1047
"Idaho","status_quo","Past",2020-10-27,"cumulative_deaths",1047,1047,1047,1047,1047,1047,1047,1047
"Idaho","linear_increase_sd","Past",2020-10-27,"cumulative_hosps",7165,7165,7165,7165,7165,7165,7165,7165
"Idaho","return_normal","Past",2020-10-27,"cumulative_hosps",7165,7165,7165,7165,7165,7165,7165,7165
"Idaho","status_quo","Past",2020-10-27,"cumulative_hosps",7165,7165,7165,7165,7165,7165,7165,7165
"Idaho","linear_increase_sd","Past",2020-10-27,"daily_all_infections",2898,2898,2898,2898,2898,2898,2898,2898
"Idaho","return_normal","Past",2020-10-27,"daily_all_infections",2898,2898,2898,2898,2898,2898,2898,2898
"Idaho","status_quo","Past",2020-10-27,"daily_all_infections",2898,2898,2898,2898,2898,2898,2898,2898
"Idaho","linear_increase_sd","Past",2020-10-27,"daily_cases",1111,1111,1111,1111,1111,1111,1111,1111
"Idaho","return_normal","Past",2020-10-27,"daily_cases",1111,1111,1111,1111,1111,1111,1111,1111
"Idaho","status_quo","Past",2020-10-27,"daily_cases",1111,1111,1111,1111,1111,1111,1111,1111
"Idaho","linear_increase_sd","Past",2020-10-27,"daily_deaths",9,9,9,9,9,9,9,9
"Idaho","return_normal","Past",2020-10-27,"daily_deaths",9,9,9,9,9,9,9,9
"Idaho","status_quo","Past",2020-10-27,"daily_deaths",9,9,9,9,9,9,9,9
"Idaho","linear_increase_sd","Past",2020-10-27,"daily_hosps",104,104,104,104,104,104,104,104
"Idaho","return_normal","Past",2020-10-27,"daily_hosps",104,104,104,104,104,104,104,104
"Idaho","status_quo","Past",2020-10-27,"daily_hosps",104,104,104,104,104,104,104,104
"Idaho","linear_increase_sd","Past",2020-10-27,"latent_trend",NA,NA,NA,0.586141864684089,NA,NA,NA,NA
"Idaho","return_normal","Past",2020-10-27,"latent_trend",NA,NA,NA,0.586141864684089,NA,NA,NA,NA
"Idaho","status_quo","Past",2020-10-27,"latent_trend",NA,NA,NA,0.586141864684089,NA,NA,NA,NA
"Idaho","linear_increase_sd","Past",2020-10-27,"mobility_trend",NA,NA,NA,0.776150805364394,NA,NA,NA,NA
"Idaho","return_normal","Past",2020-10-27,"mobility_trend",NA,NA,NA,0.776150805364394,NA,NA,NA,NA
"Idaho","status_quo","Past",2020-10-27,"mobility_trend",NA,NA,NA,0.776150805364394,NA,NA,NA,NA
"Idaho",NA,"Past",2020-10-28,"actual_cumulative_cases",NA,NA,NA,60923,NA,NA,NA,NA
"Idaho",NA,"Past",2020-10-28,"actual_cumulative_deaths",NA,NA,NA,587,NA,NA,NA,NA
"Idaho",NA,"Past",2020-10-28,"actual_daily_cases",NA,NA,NA,882,NA,NA,NA,NA
"Idaho",NA,"Past",2020-10-28,"actual_daily_deaths",NA,NA,NA,5,NA,NA,NA,NA
"Idaho","linear_increase_sd","Past",2020-10-28,"combined_trend",NA,NA,NA,0.453210521764393,NA,NA,NA,NA
"Idaho","return_normal","Past",2020-10-28,"combined_trend",NA,NA,NA,0.453210521764393,NA,NA,NA,NA
"Idaho","status_quo","Past",2020-10-28,"combined_trend",NA,NA,NA,0.453210521764393,NA,NA,NA,NA
"Idaho","linear_increase_sd","Past",2020-10-28,"cumulative_all_infections",200732,200732,200732,200732,200732,200732,200732,200732
"Idaho","return_normal","Past",2020-10-28,"cumulative_all_infections",200732,200732,200732,200732,200732,200732,200732,200732
"Idaho","status_quo","Past",2020-10-28,"cumulative_all_infections",200732,200732,200732,200732,200732,200732,200732,200732
"Idaho","linear_increase_sd","Past",2020-10-28,"cumulative_cases",65445,65445,65445,65445,65445,65445,65445,65445
"Idaho","return_normal","Past",2020-10-28,"cumulative_cases",65445,65445,65445,65445,65445,65445,65445,65445
"Idaho","status_quo","Past",2020-10-28,"cumulative_cases",65445,65445,65445,65445,65445,65445,65445,65445
"Idaho","linear_increase_sd","Past",2020-10-28,"cumulative_deaths",1057,1057,1057,1057,1057,1057,1057,1057
"Idaho","return_normal","Past",2020-10-28,"cumulative_deaths",1057,1057,1057,1057,1057,1057,1057,1057
"Idaho","status_quo","Past",2020-10-28,"cumulative_deaths",1057,1057,1057,1057,1057,1057,1057,1057
"Idaho","linear_increase_sd","Past",2020-10-28,"cumulative_hosps",7269,7269,7269,7269,7269,7269,7269,7269
"Idaho","return_normal","Past",2020-10-28,"cumulative_hosps",7269,7269,7269,7269,7269,7269,7269,7269
"Idaho","status_quo","Past",2020-10-28,"cumulative_hosps",7269,7269,7269,7269,7269,7269,7269,7269
"Idaho","linear_increase_sd","Past",2020-10-28,"daily_all_infections",2942,2942,2942,2942,2942,2942,2942,2942
"Idaho","return_normal","Past",2020-10-28,"daily_all_infections",2942,2942,2942,2942,2942,2942,2942,2942
"Idaho","status_quo","Past",2020-10-28,"daily_all_infections",2942,2942,2942,2942,2942,2942,2942,2942
"Idaho","linear_increase_sd","Past",2020-10-28,"daily_cases",1033,1033,1033,1033,1033,1033,1033,1033
"Idaho","return_normal","Past",2020-10-28,"daily_cases",1033,1033,1033,1033,1033,1033,1033,1033
"Idaho","status_quo","Past",2020-10-28,"daily_cases",1033,1033,1033,1033,1033,1033,1033,1033
"Idaho","linear_increase_sd","Past",2020-10-28,"daily_deaths",10,10,10,10,10,10,10,10
"Idaho","return_normal","Past",2020-10-28,"daily_deaths",10,10,10,10,10,10,10,10
"Idaho","status_quo","Past",2020-10-28,"daily_deaths",10,10,10,10,10,10,10,10
"Idaho","linear_increase_sd","Past",2020-10-28,"daily_hosps",104,104,104,104,104,104,104,104
"Idaho","return_normal","Past",2020-10-28,"daily_hosps",104,104,104,104,104,104,104,104
"Idaho","status_quo","Past",2020-10-28,"daily_hosps",104,104,104,104,104,104,104,104
"Idaho","linear_increase_sd","Past",2020-10-28,"latent_trend",NA,NA,NA,0.58761934694675,NA,NA,NA,NA
"Idaho","return_normal","Past",2020-10-28,"latent_trend",NA,NA,NA,0.58761934694675,NA,NA,NA,NA
"Idaho","status_quo","Past",2020-10-28,"latent_trend",NA,NA,NA,0.58761934694675,NA,NA,NA,NA
"Idaho","linear_increase_sd","Past",2020-10-28,"mobility_trend",NA,NA,NA,0.771265486950455,NA,NA,NA,NA
"Idaho","return_normal","Past",2020-10-28,"mobility_trend",NA,NA,NA,0.771265486950455,NA,NA,NA,NA
"Idaho","status_quo","Past",2020-10-28,"mobility_trend",NA,NA,NA,0.771265486950455,NA,NA,NA,NA
"Idaho",NA,"Past",2020-10-29,"actual_cumulative_cases",NA,NA,NA,61785,NA,NA,NA,NA
"Idaho",NA,"Past",2020-10-29,"actual_cumulative_deaths",NA,NA,NA,601,NA,NA,NA,NA
"Idaho",NA,"Past",2020-10-29,"actual_daily_cases",NA,NA,NA,862,NA,NA,NA,NA
"Idaho",NA,"Past",2020-10-29,"actual_daily_deaths",NA,NA,NA,14,NA,NA,NA,NA
"Idaho","linear_increase_sd","Past",2020-10-29,"combined_trend",NA,NA,NA,0.451472838471437,NA,NA,NA,NA
"Idaho","return_normal","Past",2020-10-29,"combined_trend",NA,NA,NA,0.451472838471437,NA,NA,NA,NA
"Idaho","status_quo","Past",2020-10-29,"combined_trend",NA,NA,NA,0.451472838471437,NA,NA,NA,NA
"Idaho","linear_increase_sd","Past",2020-10-29,"cumulative_all_infections",203720,203720,203720,203720,203720,203720,203720,203720
"Idaho","return_normal","Past",2020-10-29,"cumulative_all_infections",203720,203720,203720,203720,203720,203720,203720,203720
"Idaho","status_quo","Past",2020-10-29,"cumulative_all_infections",203720,203720,203720,203720,203720,203720,203720,203720
"Idaho","linear_increase_sd","Past",2020-10-29,"cumulative_cases",66395,66395,66395,66395,66395,66395,66395,66395
"Idaho","return_normal","Past",2020-10-29,"cumulative_cases",66395,66395,66395,66395,66395,66395,66395,66395
"Idaho","status_quo","Past",2020-10-29,"cumulative_cases",66395,66395,66395,66395,66395,66395,66395,66395
"Idaho","linear_increase_sd","Past",2020-10-29,"cumulative_deaths",1066,1066,1066,1066,1066,1066,1066,1066
"Idaho","return_normal","Past",2020-10-29,"cumulative_deaths",1066,1066,1066,1066,1066,1066,1066,1066
"Idaho","status_quo","Past",2020-10-29,"cumulative_deaths",1066,1066,1066,1066,1066,1066,1066,1066
"Idaho","linear_increase_sd","Past",2020-10-29,"cumulative_hosps",7376,7376,7376,7376,7376,7376,7376,7376
"Idaho","return_normal","Past",2020-10-29,"cumulative_hosps",7376,7376,7376,7376,7376,7376,7376,7376
"Idaho","status_quo","Past",2020-10-29,"cumulative_hosps",7376,7376,7376,7376,7376,7376,7376,7376
"Idaho","linear_increase_sd","Past",2020-10-29,"daily_all_infections",2988,2988,2988,2988,2988,2988,2988,2988
"Idaho","return_normal","Past",2020-10-29,"daily_all_infections",2988,2988,2988,2988,2988,2988,2988,2988
"Idaho","status_quo","Past",2020-10-29,"daily_all_infections",2988,2988,2988,2988,2988,2988,2988,2988
"Idaho","linear_increase_sd","Past",2020-10-29,"daily_cases",950,950,950,950,950,950,950,950
"Idaho","return_normal","Past",2020-10-29,"daily_cases",950,950,950,950,950,950,950,950
"Idaho","status_quo","Past",2020-10-29,"daily_cases",950,950,950,950,950,950,950,950
"Idaho","linear_increase_sd","Past",2020-10-29,"daily_deaths",9,9,9,9,9,9,9,9
"Idaho","return_normal","Past",2020-10-29,"daily_deaths",9,9,9,9,9,9,9,9
"Idaho","status_quo","Past",2020-10-29,"daily_deaths",9,9,9,9,9,9,9,9
"Idaho","linear_increase_sd","Past",2020-10-29,"daily_hosps",107,107,107,107,107,107,107,107
"Idaho","return_normal","Past",2020-10-29,"daily_hosps",107,107,107,107,107,107,107,107
"Idaho","status_quo","Past",2020-10-29,"daily_hosps",107,107,107,107,107,107,107,107
"Idaho","linear_increase_sd","Past",2020-10-29,"latent_trend",NA,NA,NA,0.58909327944033,NA,NA,NA,NA
"Idaho","return_normal","Past",2020-10-29,"latent_trend",NA,NA,NA,0.58909327944033,NA,NA,NA,NA
"Idaho","status_quo","Past",2020-10-29,"latent_trend",NA,NA,NA,0.58909327944033,NA,NA,NA,NA
"Idaho","linear_increase_sd","Past",2020-10-29,"mobility_trend",NA,NA,NA,0.766385993913155,NA,NA,NA,NA
"Idaho","return_normal","Past",2020-10-29,"mobility_trend",NA,NA,NA,0.766385993913155,NA,NA,NA,NA
"Idaho","status_quo","Past",2020-10-29,"mobility_trend",NA,NA,NA,0.766385993913155,NA,NA,NA,NA
"Idaho",NA,"Past",2020-10-30,"actual_cumulative_cases",NA,NA,NA,62746,NA,NA,NA,NA
"Idaho",NA,"Past",2020-10-30,"actual_cumulative_deaths",NA,NA,NA,617,NA,NA,NA,NA
"Idaho",NA,"Past",2020-10-30,"actual_daily_cases",NA,NA,NA,961,NA,NA,NA,NA
"Idaho",NA,"Past",2020-10-30,"actual_daily_deaths",NA,NA,NA,16,NA,NA,NA,NA
"Idaho","linear_increase_sd","Past",2020-10-30,"combined_trend",NA,NA,NA,0.449740378357004,NA,NA,NA,NA
"Idaho","return_normal","Past",2020-10-30,"combined_trend",NA,NA,NA,0.449740378357004,NA,NA,NA,NA
"Idaho","status_quo","Past",2020-10-30,"combined_trend",NA,NA,NA,0.449740378357004,NA,NA,NA,NA
"Idaho","linear_increase_sd","Past",2020-10-30,"cumulative_all_infections",206745,206745,206745,206745,206745,206745,206745,206745
"Idaho","return_normal","Past",2020-10-30,"cumulative_all_infections",206745,206745,206745,206745,206745,206745,206745,206745
"Idaho","status_quo","Past",2020-10-30,"cumulative_all_infections",206745,206745,206745,206745,206745,206745,206745,206745
"Idaho","linear_increase_sd","Past",2020-10-30,"cumulative_cases",67436,67436,67436,67436,67436,67436,67436,67436
"Idaho","return_normal","Past",2020-10-30,"cumulative_cases",67436,67436,67436,67436,67436,67436,67436,67436
"Idaho","status_quo","Past",2020-10-30,"cumulative_cases",67436,67436,67436,67436,67436,67436,67436,67436
"Idaho","linear_increase_sd","Past",2020-10-30,"cumulative_deaths",1076,1076,1076,1076,1076,1076,1076,1076
"Idaho","return_normal","Past",2020-10-30,"cumulative_deaths",1076,1076,1076,1076,1076,1076,1076,1076
"Idaho","status_quo","Past",2020-10-30,"cumulative_deaths",1076,1076,1076,1076,1076,1076,1076,1076
"Idaho","linear_increase_sd","Past",2020-10-30,"cumulative_hosps",7484,7484,7484,7484,7484,7484,7484,7484
"Idaho","return_normal","Past",2020-10-30,"cumulative_hosps",7484,7484,7484,7484,7484,7484,7484,7484
"Idaho","status_quo","Past",2020-10-30,"cumulative_hosps",7484,7484,7484,7484,7484,7484,7484,7484
"Idaho","linear_increase_sd","Past",2020-10-30,"daily_all_infections",3025,3025,3025,3025,3025,3025,3025,3025
"Idaho","return_normal","Past",2020-10-30,"daily_all_infections",3025,3025,3025,3025,3025,3025,3025,3025
"Idaho","status_quo","Past",2020-10-30,"daily_all_infections",3025,3025,3025,3025,3025,3025,3025,3025
"Idaho","linear_increase_sd","Past",2020-10-30,"daily_cases",1041,1041,1041,1041,1041,1041,1041,1041
"Idaho","return_normal","Past",2020-10-30,"daily_cases",1041,1041,1041,1041,1041,1041,1041,1041
"Idaho","status_quo","Past",2020-10-30,"daily_cases",1041,1041,1041,1041,1041,1041,1041,1041
"Idaho","linear_increase_sd","Past",2020-10-30,"daily_deaths",10,10,10,10,10,10,10,10
"Idaho","return_normal","Past",2020-10-30,"daily_deaths",10,10,10,10,10,10,10,10
"Idaho","status_quo","Past",2020-10-30,"daily_deaths",10,10,10,10,10,10,10,10
"Idaho","linear_increase_sd","Past",2020-10-30,"daily_hosps",108,108,108,108,108,108,108,108
"Idaho","return_normal","Past",2020-10-30,"daily_hosps",108,108,108,108,108,108,108,108
"Idaho","status_quo","Past",2020-10-30,"daily_hosps",108,108,108,108,108,108,108,108
"Idaho","linear_increase_sd","Past",2020-10-30,"latent_trend",NA,NA,NA,0.590567077295133,NA,NA,NA,NA
"Idaho","return_normal","Past",2020-10-30,"latent_trend",NA,NA,NA,0.590567077295133,NA,NA,NA,NA
"Idaho","status_quo","Past",2020-10-30,"latent_trend",NA,NA,NA,0.590567077295133,NA,NA,NA,NA
"Idaho","linear_increase_sd","Past",2020-10-30,"mobility_trend",NA,NA,NA,0.761539875227836,NA,NA,NA,NA
"Idaho","return_normal","Past",2020-10-30,"mobility_trend",NA,NA,NA,0.761539875227836,NA,NA,NA,NA
"Idaho","status_quo","Past",2020-10-30,"mobility_trend",NA,NA,NA,0.761539875227836,NA,NA,NA,NA
"Idaho",NA,"Past",2020-10-31,"actual_cumulative_cases",NA,NA,NA,63810,NA,NA,NA,NA
"Idaho",NA,"Past",2020-10-31,"actual_cumulative_deaths",NA,NA,NA,628,NA,NA,NA,NA
"Idaho",NA,"Past",2020-10-31,"actual_daily_cases",NA,NA,NA,1064,NA,NA,NA,NA
"Idaho",NA,"Past",2020-10-31,"actual_daily_deaths",NA,NA,NA,11,NA,NA,NA,NA
"Idaho","linear_increase_sd","Past",2020-10-31,"combined_trend",NA,NA,NA,0.448039698396602,NA,NA,NA,NA
"Idaho","return_normal","Past",2020-10-31,"combined_trend",NA,NA,NA,0.448039698396602,NA,NA,NA,NA
"Idaho","status_quo","Past",2020-10-31,"combined_trend",NA,NA,NA,0.448039698396602,NA,NA,NA,NA
"Idaho","linear_increase_sd","Past",2020-10-31,"cumulative_all_infections",209824,209824,209824,209824,209824,209824,209824,209824
"Idaho","return_normal","Past",2020-10-31,"cumulative_all_infections",209824,209824,209824,209824,209824,209824,209824,209824
"Idaho","status_quo","Past",2020-10-31,"cumulative_all_infections",209824,209824,209824,209824,209824,209824,209824,209824
"Idaho","linear_increase_sd","Past",2020-10-31,"cumulative_cases",68448,68448,68448,68448,68448,68448,68448,68448
"Idaho","return_normal","Past",2020-10-31,"cumulative_cases",68448,68448,68448,68448,68448,68448,68448,68448
"Idaho","status_quo","Past",2020-10-31,"cumulative_cases",68448,68448,68448,68448,68448,68448,68448,68448
"Idaho","linear_increase_sd","Past",2020-10-31,"cumulative_deaths",1085,1085,1085,1085,1085,1085,1085,1085
"Idaho","return_normal","Past",2020-10-31,"cumulative_deaths",1085,1085,1085,1085,1085,1085,1085,1085
"Idaho","status_quo","Past",2020-10-31,"cumulative_deaths",1085,1085,1085,1085,1085,1085,1085,1085
"Idaho","linear_increase_sd","Past",2020-10-31,"cumulative_hosps",7594,7594,7594,7594,7594,7594,7594,7594
"Idaho","return_normal","Past",2020-10-31,"cumulative_hosps",7594,7594,7594,7594,7594,7594,7594,7594
"Idaho","status_quo","Past",2020-10-31,"cumulative_hosps",7594,7594,7594,7594,7594,7594,7594,7594
"Idaho","linear_increase_sd","Past",2020-10-31,"daily_all_infections",3079,3079,3079,3079,3079,3079,3079,3079
"Idaho","return_normal","Past",2020-10-31,"daily_all_infections",3079,3079,3079,3079,3079,3079,3079,3079
"Idaho","status_quo","Past",2020-10-31,"daily_all_infections",3079,3079,3079,3079,3079,3079,3079,3079
"Idaho","linear_increase_sd","Past",2020-10-31,"daily_cases",1012,1012,1012,1012,1012,1012,1012,1012
"Idaho","return_normal","Past",2020-10-31,"daily_cases",1012,1012,1012,1012,1012,1012,1012,1012
"Idaho","status_quo","Past",2020-10-31,"daily_cases",1012,1012,1012,1012,1012,1012,1012,1012
"Idaho","linear_increase_sd","Past",2020-10-31,"daily_deaths",9,9,9,9,9,9,9,9
"Idaho","return_normal","Past",2020-10-31,"daily_deaths",9,9,9,9,9,9,9,9
"Idaho","status_quo","Past",2020-10-31,"daily_deaths",9,9,9,9,9,9,9,9
"Idaho","linear_increase_sd","Past",2020-10-31,"daily_hosps",110,110,110,110,110,110,110,110
"Idaho","return_normal","Past",2020-10-31,"daily_hosps",110,110,110,110,110,110,110,110
"Idaho","status_quo","Past",2020-10-31,"daily_hosps",110,110,110,110,110,110,110,110
"Idaho","linear_increase_sd","Past",2020-10-31,"latent_trend",NA,NA,NA,0.592044140676938,NA,NA,NA,NA
"Idaho","return_normal","Past",2020-10-31,"latent_trend",NA,NA,NA,0.592044140676938,NA,NA,NA,NA
"Idaho","status_quo","Past",2020-10-31,"latent_trend",NA,NA,NA,0.592044140676938,NA,NA,NA,NA
"Idaho","linear_increase_sd","Past",2020-10-31,"mobility_trend",NA,NA,NA,0.756767388803675,NA,NA,NA,NA
"Idaho","return_normal","Past",2020-10-31,"mobility_trend",NA,NA,NA,0.756767388803675,NA,NA,NA,NA
"Idaho","status_quo","Past",2020-10-31,"mobility_trend",NA,NA,NA,0.756767388803675,NA,NA,NA,NA
"Idaho",NA,"Past",2020-11-01,"actual_cumulative_cases",NA,NA,NA,64608,NA,NA,NA,NA
"Idaho",NA,"Past",2020-11-01,"actual_cumulative_deaths",NA,NA,NA,631,NA,NA,NA,NA
"Idaho",NA,"Past",2020-11-01,"actual_daily_cases",NA,NA,NA,798,NA,NA,NA,NA
"Idaho",NA,"Past",2020-11-01,"actual_daily_deaths",NA,NA,NA,3,NA,NA,NA,NA
"Idaho","linear_increase_sd","Past",2020-11-01,"combined_trend",NA,NA,NA,0.446398664857946,NA,NA,NA,NA
"Idaho","return_normal","Past",2020-11-01,"combined_trend",NA,NA,NA,0.446398664857946,NA,NA,NA,NA
"Idaho","status_quo","Past",2020-11-01,"combined_trend",NA,NA,NA,0.446398664857946,NA,NA,NA,NA
"Idaho","linear_increase_sd","Past",2020-11-01,"cumulative_all_infections",212945,212945,212945,212945,212945,212945,212945,212945
"Idaho","return_normal","Past",2020-11-01,"cumulative_all_infections",212945,212945,212945,212945,212945,212945,212945,212945
"Idaho","status_quo","Past",2020-11-01,"cumulative_all_infections",212945,212945,212945,212945,212945,212945,212945,212945
"Idaho","linear_increase_sd","Past",2020-11-01,"cumulative_cases",69568,69568,69568,69568,69568,69568,69568,69568
"Idaho","return_normal","Past",2020-11-01,"cumulative_cases",69568,69568,69568,69568,69568,69568,69568,69568
"Idaho","status_quo","Past",2020-11-01,"cumulative_cases",69568,69568,69568,69568,69568,69568,69568,69568
"Idaho","linear_increase_sd","Past",2020-11-01,"cumulative_deaths",1096,1096,1096,1096,1096,1096,1096,1096
"Idaho","return_normal","Past",2020-11-01,"cumulative_deaths",1096,1096,1096,1096,1096,1096,1096,1096
"Idaho","status_quo","Past",2020-11-01,"cumulative_deaths",1096,1096,1096,1096,1096,1096,1096,1096
"Idaho","linear_increase_sd","Past",2020-11-01,"cumulative_hosps",7709,7709,7709,7709,7709,7709,7709,7709
"Idaho","return_normal","Past",2020-11-01,"cumulative_hosps",7709,7709,7709,7709,7709,7709,7709,7709
"Idaho","status_quo","Past",2020-11-01,"cumulative_hosps",7709,7709,7709,7709,7709,7709,7709,7709
"Idaho","linear_increase_sd","Past",2020-11-01,"daily_all_infections",3121,3121,3121,3121,3121,3121,3121,3121
"Idaho","return_normal","Past",2020-11-01,"daily_all_infections",3121,3121,3121,3121,3121,3121,3121,3121
"Idaho","status_quo","Past",2020-11-01,"daily_all_infections",3121,3121,3121,3121,3121,3121,3121,3121
"Idaho","linear_increase_sd","Past",2020-11-01,"daily_cases",1120,1120,1120,1120,1120,1120,1120,1120
"Idaho","return_normal","Past",2020-11-01,"daily_cases",1120,1120,1120,1120,1120,1120,1120,1120
"Idaho","status_quo","Past",2020-11-01,"daily_cases",1120,1120,1120,1120,1120,1120,1120,1120
"Idaho","linear_increase_sd","Past",2020-11-01,"daily_deaths",11,11,11,11,11,11,11,11
"Idaho","return_normal","Past",2020-11-01,"daily_deaths",11,11,11,11,11,11,11,11
"Idaho","status_quo","Past",2020-11-01,"daily_deaths",11,11,11,11,11,11,11,11
"Idaho","linear_increase_sd","Past",2020-11-01,"daily_hosps",115,115,115,115,115,115,115,115
"Idaho","return_normal","Past",2020-11-01,"daily_hosps",115,115,115,115,115,115,115,115
"Idaho","status_quo","Past",2020-11-01,"daily_hosps",115,115,115,115,115,115,115,115
"Idaho","linear_increase_sd","Past",2020-11-01,"latent_trend",NA,NA,NA,0.593526872051458,NA,NA,NA,NA
"Idaho","return_normal","Past",2020-11-01,"latent_trend",NA,NA,NA,0.593526872051458,NA,NA,NA,NA
"Idaho","status_quo","Past",2020-11-01,"latent_trend",NA,NA,NA,0.593526872051458,NA,NA,NA,NA
"Idaho","linear_increase_sd","Past",2020-11-01,"mobility_trend",NA,NA,NA,0.752111969783306,NA,NA,NA,NA
"Idaho","return_normal","Past",2020-11-01,"mobility_trend",NA,NA,NA,0.752111969783306,NA,NA,NA,NA
"Idaho","status_quo","Past",2020-11-01,"mobility_trend",NA,NA,NA,0.752111969783306,NA,NA,NA,NA
"Idaho",NA,"Past",2020-11-02,"actual_cumulative_cases",NA,NA,NA,65088,NA,NA,NA,NA
"Idaho",NA,"Past",2020-11-02,"actual_cumulative_deaths",NA,NA,NA,632,NA,NA,NA,NA
"Idaho",NA,"Past",2020-11-02,"actual_daily_cases",NA,NA,NA,480,NA,NA,NA,NA
"Idaho",NA,"Past",2020-11-02,"actual_daily_deaths",NA,NA,NA,1,NA,NA,NA,NA
"Idaho","linear_increase_sd","Past",2020-11-02,"combined_trend",NA,NA,NA,0.444840825384766,NA,NA,NA,NA
"Idaho","return_normal","Past",2020-11-02,"combined_trend",NA,NA,NA,0.444840825384766,NA,NA,NA,NA
"Idaho","status_quo","Past",2020-11-02,"combined_trend",NA,NA,NA,0.444840825384766,NA,NA,NA,NA
"Idaho","linear_increase_sd","Past",2020-11-02,"cumulative_all_infections",216101,216101,216101,216101,216101,216101,216101,216101
"Idaho","return_normal","Past",2020-11-02,"cumulative_all_infections",216101,216101,216101,216101,216101,216101,216101,216101
"Idaho","status_quo","Past",2020-11-02,"cumulative_all_infections",216101,216101,216101,216101,216101,216101,216101,216101
"Idaho","linear_increase_sd","Past",2020-11-02,"cumulative_cases",70747,70747,70747,70747,70747,70747,70747,70747
"Idaho","return_normal","Past",2020-11-02,"cumulative_cases",70747,70747,70747,70747,70747,70747,70747,70747
"Idaho","status_quo","Past",2020-11-02,"cumulative_cases",70747,70747,70747,70747,70747,70747,70747,70747
"Idaho","linear_increase_sd","Past",2020-11-02,"cumulative_deaths",1107,1107,1107,1107,1107,1107,1107,1107
"Idaho","return_normal","Past",2020-11-02,"cumulative_deaths",1107,1107,1107,1107,1107,1107,1107,1107
"Idaho","status_quo","Past",2020-11-02,"cumulative_deaths",1107,1107,1107,1107,1107,1107,1107,1107
"Idaho","linear_increase_sd","Past",2020-11-02,"cumulative_hosps",7827,7827,7827,7827,7827,7827,7827,7827
"Idaho","return_normal","Past",2020-11-02,"cumulative_hosps",7827,7827,7827,7827,7827,7827,7827,7827
"Idaho","status_quo","Past",2020-11-02,"cumulative_hosps",7827,7827,7827,7827,7827,7827,7827,7827
"Idaho","linear_increase_sd","Past",2020-11-02,"daily_all_infections",3156,3156,3156,3156,3156,3156,3156,3156
"Idaho","return_normal","Past",2020-11-02,"daily_all_infections",3156,3156,3156,3156,3156,3156,3156,3156
"Idaho","status_quo","Past",2020-11-02,"daily_all_infections",3156,3156,3156,3156,3156,3156,3156,3156
"Idaho","linear_increase_sd","Past",2020-11-02,"daily_cases",1179,1179,1179,1179,1179,1179,1179,1179
"Idaho","return_normal","Past",2020-11-02,"daily_cases",1179,1179,1179,1179,1179,1179,1179,1179
"Idaho","status_quo","Past",2020-11-02,"daily_cases",1179,1179,1179,1179,1179,1179,1179,1179
"Idaho","linear_increase_sd","Past",2020-11-02,"daily_deaths",11,11,11,11,11,11,11,11
"Idaho","return_normal","Past",2020-11-02,"daily_deaths",11,11,11,11,11,11,11,11
"Idaho","status_quo","Past",2020-11-02,"daily_deaths",11,11,11,11,11,11,11,11
"Idaho","linear_increase_sd","Past",2020-11-02,"daily_hosps",118,118,118,118,118,118,118,118
"Idaho","return_normal","Past",2020-11-02,"daily_hosps",118,118,118,118,118,118,118,118
"Idaho","status_quo","Past",2020-11-02,"daily_hosps",118,118,118,118,118,118,118,118
"Idaho","linear_increase_sd","Past",2020-11-02,"latent_trend",NA,NA,NA,0.595011608437308,NA,NA,NA,NA
"Idaho","return_normal","Past",2020-11-02,"latent_trend",NA,NA,NA,0.595011608437308,NA,NA,NA,NA
"Idaho","status_quo","Past",2020-11-02,"latent_trend",NA,NA,NA,0.595011608437308,NA,NA,NA,NA
"Idaho","linear_increase_sd","Past",2020-11-02,"mobility_trend",NA,NA,NA,0.747617053309366,NA,NA,NA,NA
"Idaho","return_normal","Past",2020-11-02,"mobility_trend",NA,NA,NA,0.747617053309366,NA,NA,NA,NA
"Idaho","status_quo","Past",2020-11-02,"mobility_trend",NA,NA,NA,0.747617053309366,NA,NA,NA,NA
"Idaho",NA,"Past",2020-11-03,"actual_cumulative_cases",NA,NA,NA,65845,NA,NA,NA,NA
"Idaho",NA,"Past",2020-11-03,"actual_cumulative_deaths",NA,NA,NA,634,NA,NA,NA,NA
"Idaho",NA,"Past",2020-11-03,"actual_daily_cases",NA,NA,NA,757,NA,NA,NA,NA
"Idaho",NA,"Past",2020-11-03,"actual_daily_deaths",NA,NA,NA,2,NA,NA,NA,NA
"Idaho","linear_increase_sd","Past",2020-11-03,"combined_trend",NA,NA,NA,0.443386233069545,NA,NA,NA,NA
"Idaho","return_normal","Past",2020-11-03,"combined_trend",NA,NA,NA,0.443386233069545,NA,NA,NA,NA
"Idaho","status_quo","Past",2020-11-03,"combined_trend",NA,NA,NA,0.443386233069545,NA,NA,NA,NA
"Idaho","linear_increase_sd","Past",2020-11-03,"cumulative_all_infections",219289,219289,219289,219289,219289,219289,219289,219289
"Idaho","return_normal","Past",2020-11-03,"cumulative_all_infections",219289,219289,219289,219289,219289,219289,219289,219289
"Idaho","status_quo","Past",2020-11-03,"cumulative_all_infections",219289,219289,219289,219289,219289,219289,219289,219289
"Idaho","linear_increase_sd","Past",2020-11-03,"cumulative_cases",71921,71921,71921,71921,71921,71921,71921,71921
"Idaho","return_normal","Past",2020-11-03,"cumulative_cases",71921,71921,71921,71921,71921,71921,71921,71921
"Idaho","status_quo","Past",2020-11-03,"cumulative_cases",71921,71921,71921,71921,71921,71921,71921,71921
"Idaho","linear_increase_sd","Past",2020-11-03,"cumulative_deaths",1117,1117,1117,1117,1117,1117,1117,1117
"Idaho","return_normal","Past",2020-11-03,"cumulative_deaths",1117,1117,1117,1117,1117,1117,1117,1117
"Idaho","status_quo","Past",2020-11-03,"cumulative_deaths",1117,1117,1117,1117,1117,1117,1117,1117
"Idaho","linear_increase_sd","Past",2020-11-03,"cumulative_hosps",7946,7946,7946,7946,7946,7946,7946,7946
"Idaho","return_normal","Past",2020-11-03,"cumulative_hosps",7946,7946,7946,7946,7946,7946,7946,7946
"Idaho","status_quo","Past",2020-11-03,"cumulative_hosps",7946,7946,7946,7946,7946,7946,7946,7946
"Idaho","linear_increase_sd","Past",2020-11-03,"daily_all_infections",3188,3188,3188,3188,3188,3188,3188,3188
"Idaho","return_normal","Past",2020-11-03,"daily_all_infections",3188,3188,3188,3188,3188,3188,3188,3188
"Idaho","status_quo","Past",2020-11-03,"daily_all_infections",3188,3188,3188,3188,3188,3188,3188,3188
"Idaho","linear_increase_sd","Past",2020-11-03,"daily_cases",1174,1174,1174,1174,1174,1174,1174,1174
"Idaho","return_normal","Past",2020-11-03,"daily_cases",1174,1174,1174,1174,1174,1174,1174,1174
"Idaho","status_quo","Past",2020-11-03,"daily_cases",1174,1174,1174,1174,1174,1174,1174,1174
"Idaho","linear_increase_sd","Past",2020-11-03,"daily_deaths",10,10,10,10,10,10,10,10
"Idaho","return_normal","Past",2020-11-03,"daily_deaths",10,10,10,10,10,10,10,10
"Idaho","status_quo","Past",2020-11-03,"daily_deaths",10,10,10,10,10,10,10,10
"Idaho","linear_increase_sd","Past",2020-11-03,"daily_hosps",119,119,119,119,119,119,119,119
"Idaho","return_normal","Past",2020-11-03,"daily_hosps",119,119,119,119,119,119,119,119
"Idaho","status_quo","Past",2020-11-03,"daily_hosps",119,119,119,119,119,119,119,119
"Idaho","linear_increase_sd","Past",2020-11-03,"latent_trend",NA,NA,NA,0.596492398892435,NA,NA,NA,NA
"Idaho","return_normal","Past",2020-11-03,"latent_trend",NA,NA,NA,0.596492398892435,NA,NA,NA,NA
"Idaho","status_quo","Past",2020-11-03,"latent_trend",NA,NA,NA,0.596492398892435,NA,NA,NA,NA
"Idaho","linear_increase_sd","Past",2020-11-03,"mobility_trend",NA,NA,NA,0.743322519939604,NA,NA,NA,NA
"Idaho","return_normal","Past",2020-11-03,"mobility_trend",NA,NA,NA,0.743322519939604,NA,NA,NA,NA
"Idaho","status_quo","Past",2020-11-03,"mobility_trend",NA,NA,NA,0.743322519939604,NA,NA,NA,NA
"Idaho",NA,"Past",2020-11-04,"actual_cumulative_cases",NA,NA,NA,67024,NA,NA,NA,NA
"Idaho",NA,"Past",2020-11-04,"actual_cumulative_deaths",NA,NA,NA,649,NA,NA,NA,NA
"Idaho",NA,"Past",2020-11-04,"actual_daily_cases",NA,NA,NA,1179,NA,NA,NA,NA
"Idaho",NA,"Past",2020-11-04,"actual_daily_deaths",NA,NA,NA,15,NA,NA,NA,NA
"Idaho","linear_increase_sd","Past",2020-11-04,"combined_trend",NA,NA,NA,0.442046792230852,NA,NA,NA,NA
"Idaho","return_normal","Past",2020-11-04,"combined_trend",NA,NA,NA,0.442046792230852,NA,NA,NA,NA
"Idaho","status_quo","Past",2020-11-04,"combined_trend",NA,NA,NA,0.442046792230852,NA,NA,NA,NA
"Idaho","linear_increase_sd","Past",2020-11-04,"cumulative_all_infections",222513,222513,222513,222513,222513,222513,222513,222513
"Idaho","return_normal","Past",2020-11-04,"cumulative_all_infections",222513,222513,222513,222513,222513,222513,222513,222513
"Idaho","status_quo","Past",2020-11-04,"cumulative_all_infections",222513,222513,222513,222513,222513,222513,222513,222513
"Idaho","linear_increase_sd","Past",2020-11-04,"cumulative_cases",73017,73017,73017,73017,73017,73017,73017,73017
"Idaho","return_normal","Past",2020-11-04,"cumulative_cases",73017,73017,73017,73017,73017,73017,73017,73017
"Idaho","status_quo","Past",2020-11-04,"cumulative_cases",73017,73017,73017,73017,73017,73017,73017,73017
"Idaho","linear_increase_sd","Past",2020-11-04,"cumulative_deaths",1129,1129,1129,1129,1129,1129,1129,1129
"Idaho","return_normal","Past",2020-11-04,"cumulative_deaths",1129,1129,1129,1129,1129,1129,1129,1129
"Idaho","status_quo","Past",2020-11-04,"cumulative_deaths",1129,1129,1129,1129,1129,1129,1129,1129
"Idaho","linear_increase_sd","Past",2020-11-04,"cumulative_hosps",8067,8067,8067,8067,8067,8067,8067,8067
"Idaho","return_normal","Past",2020-11-04,"cumulative_hosps",8067,8067,8067,8067,8067,8067,8067,8067
"Idaho","status_quo","Past",2020-11-04,"cumulative_hosps",8067,8067,8067,8067,8067,8067,8067,8067
"Idaho","linear_increase_sd","Past",2020-11-04,"daily_all_infections",3224,3224,3224,3224,3224,3224,3224,3224
"Idaho","return_normal","Past",2020-11-04,"daily_all_infections",3224,3224,3224,3224,3224,3224,3224,3224
"Idaho","status_quo","Past",2020-11-04,"daily_all_infections",3224,3224,3224,3224,3224,3224,3224,3224
"Idaho","linear_increase_sd","Past",2020-11-04,"daily_cases",1096,1096,1096,1096,1096,1096,1096,1096
"Idaho","return_normal","Past",2020-11-04,"daily_cases",1096,1096,1096,1096,1096,1096,1096,1096
"Idaho","status_quo","Past",2020-11-04,"daily_cases",1096,1096,1096,1096,1096,1096,1096,1096
"Idaho","linear_increase_sd","Past",2020-11-04,"daily_deaths",12,12,12,12,12,12,12,12
"Idaho","return_normal","Past",2020-11-04,"daily_deaths",12,12,12,12,12,12,12,12
"Idaho","status_quo","Past",2020-11-04,"daily_deaths",12,12,12,12,12,12,12,12
"Idaho","linear_increase_sd","Past",2020-11-04,"daily_hosps",121,121,121,121,121,121,121,121
"Idaho","return_normal","Past",2020-11-04,"daily_hosps",121,121,121,121,121,121,121,121
"Idaho","status_quo","Past",2020-11-04,"daily_hosps",121,121,121,121,121,121,121,121
"Idaho","linear_increase_sd","Past",2020-11-04,"latent_trend",NA,NA,NA,0.597963315938052,NA,NA,NA,NA
"Idaho","return_normal","Past",2020-11-04,"latent_trend",NA,NA,NA,0.597963315938052,NA,NA,NA,NA
"Idaho","status_quo","Past",2020-11-04,"latent_trend",NA,NA,NA,0.597963315938052,NA,NA,NA,NA
"Idaho","linear_increase_sd","Past",2020-11-04,"mobility_trend",NA,NA,NA,0.739254031892228,NA,NA,NA,NA
"Idaho","return_normal","Past",2020-11-04,"mobility_trend",NA,NA,NA,0.739254031892228,NA,NA,NA,NA
"Idaho","status_quo","Past",2020-11-04,"mobility_trend",NA,NA,NA,0.739254031892228,NA,NA,NA,NA
"Idaho",NA,"Past",2020-11-05,"actual_cumulative_cases",NA,NA,NA,68314,NA,NA,NA,NA
"Idaho",NA,"Past",2020-11-05,"actual_cumulative_deaths",NA,NA,NA,666,NA,NA,NA,NA
"Idaho",NA,"Past",2020-11-05,"actual_daily_cases",NA,NA,NA,1290,NA,NA,NA,NA
"Idaho",NA,"Past",2020-11-05,"actual_daily_deaths",NA,NA,NA,17,NA,NA,NA,NA
"Idaho","linear_increase_sd","Past",2020-11-05,"combined_trend",NA,NA,NA,0.440832534593659,NA,NA,NA,NA
"Idaho","return_normal","Past",2020-11-05,"combined_trend",NA,NA,NA,0.440832534593659,NA,NA,NA,NA
"Idaho","status_quo","Past",2020-11-05,"combined_trend",NA,NA,NA,0.440832534593659,NA,NA,NA,NA
"Idaho","linear_increase_sd","Past",2020-11-05,"cumulative_all_infections",225778,225778,225778,225778,225778,225778,225778,225778
"Idaho","return_normal","Past",2020-11-05,"cumulative_all_infections",225778,225778,225778,225778,225778,225778,225778,225778
"Idaho","status_quo","Past",2020-11-05,"cumulative_all_infections",225778,225778,225778,225778,225778,225778,225778,225778
"Idaho","linear_increase_sd","Past",2020-11-05,"cumulative_cases",74149,74149,74149,74149,74149,74149,74149,74149
"Idaho","return_normal","Past",2020-11-05,"cumulative_cases",74149,74149,74149,74149,74149,74149,74149,74149
"Idaho","status_quo","Past",2020-11-05,"cumulative_cases",74149,74149,74149,74149,74149,74149,74149,74149
"Idaho","linear_increase_sd","Past",2020-11-05,"cumulative_deaths",1138,1138,1138,1138,1138,1138,1138,1138
"Idaho","return_normal","Past",2020-11-05,"cumulative_deaths",1138,1138,1138,1138,1138,1138,1138,1138
"Idaho","status_quo","Past",2020-11-05,"cumulative_deaths",1138,1138,1138,1138,1138,1138,1138,1138
"Idaho","linear_increase_sd","Past",2020-11-05,"cumulative_hosps",8191,8191,8191,8191,8191,8191,8191,8191
"Idaho","return_normal","Past",2020-11-05,"cumulative_hosps",8191,8191,8191,8191,8191,8191,8191,8191
"Idaho","status_quo","Past",2020-11-05,"cumulative_hosps",8191,8191,8191,8191,8191,8191,8191,8191
"Idaho","linear_increase_sd","Past",2020-11-05,"daily_all_infections",3265,3265,3265,3265,3265,3265,3265,3265
"Idaho","return_normal","Past",2020-11-05,"daily_all_infections",3265,3265,3265,3265,3265,3265,3265,3265
"Idaho","status_quo","Past",2020-11-05,"daily_all_infections",3265,3265,3265,3265,3265,3265,3265,3265
"Idaho","linear_increase_sd","Past",2020-11-05,"daily_cases",1132,1132,1132,1132,1132,1132,1132,1132
"Idaho","return_normal","Past",2020-11-05,"daily_cases",1132,1132,1132,1132,1132,1132,1132,1132
"Idaho","status_quo","Past",2020-11-05,"daily_cases",1132,1132,1132,1132,1132,1132,1132,1132
"Idaho","linear_increase_sd","Past",2020-11-05,"daily_deaths",9,9,9,9,9,9,9,9
"Idaho","return_normal","Past",2020-11-05,"daily_deaths",9,9,9,9,9,9,9,9
"Idaho","status_quo","Past",2020-11-05,"daily_deaths",9,9,9,9,9,9,9,9
"Idaho","linear_increase_sd","Past",2020-11-05,"daily_hosps",124,124,124,124,124,124,124,124
"Idaho","return_normal","Past",2020-11-05,"daily_hosps",124,124,124,124,124,124,124,124
"Idaho","status_quo","Past",2020-11-05,"daily_hosps",124,124,124,124,124,124,124,124
"Idaho","linear_increase_sd","Past",2020-11-05,"latent_trend",NA,NA,NA,0.599418460850329,NA,NA,NA,NA
"Idaho","return_normal","Past",2020-11-05,"latent_trend",NA,NA,NA,0.599418460850329,NA,NA,NA,NA
"Idaho","status_quo","Past",2020-11-05,"latent_trend",NA,NA,NA,0.599418460850329,NA,NA,NA,NA
"Idaho","linear_increase_sd","Past",2020-11-05,"mobility_trend",NA,NA,NA,0.735433696800561,NA,NA,NA,NA
"Idaho","return_normal","Past",2020-11-05,"mobility_trend",NA,NA,NA,0.735433696800561,NA,NA,NA,NA
"Idaho","status_quo","Past",2020-11-05,"mobility_trend",NA,NA,NA,0.735433696800561,NA,NA,NA,NA
"Idaho",NA,"Past",2020-11-06,"actual_cumulative_cases",NA,NA,NA,69579,NA,NA,NA,NA
"Idaho",NA,"Past",2020-11-06,"actual_cumulative_deaths",NA,NA,NA,673,NA,NA,NA,NA
"Idaho",NA,"Past",2020-11-06,"actual_daily_cases",NA,NA,NA,1265,NA,NA,NA,NA
"Idaho",NA,"Past",2020-11-06,"actual_daily_deaths",NA,NA,NA,7,NA,NA,NA,NA
"Idaho","linear_increase_sd","Past",2020-11-06,"combined_trend",NA,NA,NA,0.439755271301126,NA,NA,NA,NA
"Idaho","return_normal","Past",2020-11-06,"combined_trend",NA,NA,NA,0.439755271301126,NA,NA,NA,NA
"Idaho","status_quo","Past",2020-11-06,"combined_trend",NA,NA,NA,0.439755271301126,NA,NA,NA,NA
"Idaho","linear_increase_sd","Past",2020-11-06,"cumulative_all_infections",229069,229069,229069,229069,229069,229069,229069,229069
"Idaho","return_normal","Past",2020-11-06,"cumulative_all_infections",229069,229069,229069,229069,229069,229069,229069,229069
"Idaho","status_quo","Past",2020-11-06,"cumulative_all_infections",229069,229069,229069,229069,229069,229069,229069,229069
"Idaho","linear_increase_sd","Past",2020-11-06,"cumulative_cases",75234,75234,75234,75234,75234,75234,75234,75234
"Idaho","return_normal","Past",2020-11-06,"cumulative_cases",75234,75234,75234,75234,75234,75234,75234,75234
"Idaho","status_quo","Past",2020-11-06,"cumulative_cases",75234,75234,75234,75234,75234,75234,75234,75234
"Idaho","linear_increase_sd","Past",2020-11-06,"cumulative_deaths",1150,1150,1150,1150,1150,1150,1150,1150
"Idaho","return_normal","Past",2020-11-06,"cumulative_deaths",1150,1150,1150,1150,1150,1150,1150,1150
"Idaho","status_quo","Past",2020-11-06,"cumulative_deaths",1150,1150,1150,1150,1150,1150,1150,1150
"Idaho","linear_increase_sd","Past",2020-11-06,"cumulative_hosps",8316,8316,8316,8316,8316,8316,8316,8316
"Idaho","return_normal","Past",2020-11-06,"cumulative_hosps",8316,8316,8316,8316,8316,8316,8316,8316
"Idaho","status_quo","Past",2020-11-06,"cumulative_hosps",8316,8316,8316,8316,8316,8316,8316,8316
"Idaho","linear_increase_sd","Past",2020-11-06,"daily_all_infections",3291,3291,3291,3291,3291,3291,3291,3291
"Idaho","return_normal","Past",2020-11-06,"daily_all_infections",3291,3291,3291,3291,3291,3291,3291,3291
"Idaho","status_quo","Past",2020-11-06,"daily_all_infections",3291,3291,3291,3291,3291,3291,3291,3291
"Idaho","linear_increase_sd","Past",2020-11-06,"daily_cases",1085,1085,1085,1085,1085,1085,1085,1085
"Idaho","return_normal","Past",2020-11-06,"daily_cases",1085,1085,1085,1085,1085,1085,1085,1085
"Idaho","status_quo","Past",2020-11-06,"daily_cases",1085,1085,1085,1085,1085,1085,1085,1085
"Idaho","linear_increase_sd","Past",2020-11-06,"daily_deaths",12,12,12,12,12,12,12,12
"Idaho","return_normal","Past",2020-11-06,"daily_deaths",12,12,12,12,12,12,12,12
"Idaho","status_quo","Past",2020-11-06,"daily_deaths",12,12,12,12,12,12,12,12
"Idaho","linear_increase_sd","Past",2020-11-06,"daily_hosps",125,125,125,125,125,125,125,125
"Idaho","return_normal","Past",2020-11-06,"daily_hosps",125,125,125,125,125,125,125,125
"Idaho","status_quo","Past",2020-11-06,"daily_hosps",125,125,125,125,125,125,125,125
"Idaho","linear_increase_sd","Past",2020-11-06,"latent_trend",NA,NA,NA,0.60085196407723,NA,NA,NA,NA
"Idaho","return_normal","Past",2020-11-06,"latent_trend",NA,NA,NA,0.60085196407723,NA,NA,NA,NA
"Idaho","status_quo","Past",2020-11-06,"latent_trend",NA,NA,NA,0.60085196407723,NA,NA,NA,NA
"Idaho","linear_increase_sd","Past",2020-11-06,"mobility_trend",NA,NA,NA,0.731886217558578,NA,NA,NA,NA
"Idaho","return_normal","Past",2020-11-06,"mobility_trend",NA,NA,NA,0.731886217558578,NA,NA,NA,NA
"Idaho","status_quo","Past",2020-11-06,"mobility_trend",NA,NA,NA,0.731886217558578,NA,NA,NA,NA
"Idaho",NA,"Past",2020-11-07,"actual_cumulative_cases",NA,NA,NA,70909,NA,NA,NA,NA
"Idaho",NA,"Past",2020-11-07,"actual_cumulative_deaths",NA,NA,NA,681,NA,NA,NA,NA
"Idaho",NA,"Past",2020-11-07,"actual_daily_cases",NA,NA,NA,1330,NA,NA,NA,NA
"Idaho",NA,"Past",2020-11-07,"actual_daily_deaths",NA,NA,NA,8,NA,NA,NA,NA
"Idaho","linear_increase_sd","Past",2020-11-07,"combined_trend",NA,NA,NA,0.438833280354175,NA,NA,NA,NA
"Idaho","return_normal","Past",2020-11-07,"combined_trend",NA,NA,NA,0.438833280354175,NA,NA,NA,NA
"Idaho","status_quo","Past",2020-11-07,"combined_trend",NA,NA,NA,0.438833280354175,NA,NA,NA,NA
"Idaho","linear_increase_sd","Past",2020-11-07,"cumulative_all_infections",232387,232387,232387,232387,232387,232387,232387,232387
"Idaho","return_normal","Past",2020-11-07,"cumulative_all_infections",232387,232387,232387,232387,232387,232387,232387,232387
"Idaho","status_quo","Past",2020-11-07,"cumulative_all_infections",232387,232387,232387,232387,232387,232387,232387,232387
"Idaho","linear_increase_sd","Past",2020-11-07,"cumulative_cases",76473,76473,76473,76473,76473,76473,76473,76473
"Idaho","return_normal","Past",2020-11-07,"cumulative_cases",76473,76473,76473,76473,76473,76473,76473,76473
"Idaho","status_quo","Past",2020-11-07,"cumulative_cases",76473,76473,76473,76473,76473,76473,76473,76473
"Idaho","linear_increase_sd","Past",2020-11-07,"cumulative_deaths",1160,1160,1160,1160,1160,1160,1160,1160
"Idaho","return_normal","Past",2020-11-07,"cumulative_deaths",1160,1160,1160,1160,1160,1160,1160,1160
"Idaho","status_quo","Past",2020-11-07,"cumulative_deaths",1160,1160,1160,1160,1160,1160,1160,1160
"Idaho","linear_increase_sd","Past",2020-11-07,"cumulative_hosps",8446,8446,8446,8446,8446,8446,8446,8446
"Idaho","return_normal","Past",2020-11-07,"cumulative_hosps",8446,8446,8446,8446,8446,8446,8446,8446
"Idaho","status_quo","Past",2020-11-07,"cumulative_hosps",8446,8446,8446,8446,8446,8446,8446,8446
"Idaho","linear_increase_sd","Past",2020-11-07,"daily_all_infections",3318,3318,3318,3318,3318,3318,3318,3318
"Idaho","return_normal","Past",2020-11-07,"daily_all_infections",3318,3318,3318,3318,3318,3318,3318,3318
"Idaho","status_quo","Past",2020-11-07,"daily_all_infections",3318,3318,3318,3318,3318,3318,3318,3318
"Idaho","linear_increase_sd","Past",2020-11-07,"daily_cases",1239,1239,1239,1239,1239,1239,1239,1239
"Idaho","return_normal","Past",2020-11-07,"daily_cases",1239,1239,1239,1239,1239,1239,1239,1239
"Idaho","status_quo","Past",2020-11-07,"daily_cases",1239,1239,1239,1239,1239,1239,1239,1239
"Idaho","linear_increase_sd","Past",2020-11-07,"daily_deaths",10,10,10,10,10,10,10,10
"Idaho","return_normal","Past",2020-11-07,"daily_deaths",10,10,10,10,10,10,10,10
"Idaho","status_quo","Past",2020-11-07,"daily_deaths",10,10,10,10,10,10,10,10
"Idaho","linear_increase_sd","Past",2020-11-07,"daily_hosps",130,130,130,130,130,130,130,130
"Idaho","return_normal","Past",2020-11-07,"daily_hosps",130,130,130,130,130,130,130,130
"Idaho","status_quo","Past",2020-11-07,"daily_hosps",130,130,130,130,130,130,130,130
"Idaho","linear_increase_sd","Past",2020-11-07,"latent_trend",NA,NA,NA,0.602257985306035,NA,NA,NA,NA
"Idaho","return_normal","Past",2020-11-07,"latent_trend",NA,NA,NA,0.602257985306035,NA,NA,NA,NA
"Idaho","status_quo","Past",2020-11-07,"latent_trend",NA,NA,NA,0.602257985306035,NA,NA,NA,NA
"Idaho","linear_increase_sd","Past",2020-11-07,"mobility_trend",NA,NA,NA,0.728646678102879,NA,NA,NA,NA
"Idaho","return_normal","Past",2020-11-07,"mobility_trend",NA,NA,NA,0.728646678102879,NA,NA,NA,NA
"Idaho","status_quo","Past",2020-11-07,"mobility_trend",NA,NA,NA,0.728646678102879,NA,NA,NA,NA
"Idaho",NA,"Past",2020-11-08,"actual_cumulative_cases",NA,NA,NA,72312,NA,NA,NA,NA
"Idaho",NA,"Past",2020-11-08,"actual_cumulative_deaths",NA,NA,NA,685,NA,NA,NA,NA
"Idaho",NA,"Past",2020-11-08,"actual_daily_cases",NA,NA,NA,1403,NA,NA,NA,NA
"Idaho",NA,"Past",2020-11-08,"actual_daily_deaths",NA,NA,NA,4,NA,NA,NA,NA
"Idaho","linear_increase_sd","Past",2020-11-08,"combined_trend",NA,NA,NA,0.438086654664173,NA,NA,NA,NA
"Idaho","return_normal","Past",2020-11-08,"combined_trend",NA,NA,NA,0.438086654664173,NA,NA,NA,NA
"Idaho","status_quo","Past",2020-11-08,"combined_trend",NA,NA,NA,0.438086654664173,NA,NA,NA,NA
"Idaho","linear_increase_sd","Past",2020-11-08,"cumulative_all_infections",235747,235747,235747,235747,235747,235747,235747,235747
"Idaho","return_normal","Past",2020-11-08,"cumulative_all_infections",235747,235747,235747,235747,235747,235747,235747,235747
"Idaho","status_quo","Past",2020-11-08,"cumulative_all_infections",235747,235747,235747,235747,235747,235747,235747,235747
"Idaho","linear_increase_sd","Past",2020-11-08,"cumulative_cases",77697,77697,77697,77697,77697,77697,77697,77697
"Idaho","return_normal","Past",2020-11-08,"cumulative_cases",77697,77697,77697,77697,77697,77697,77697,77697
"Idaho","status_quo","Past",2020-11-08,"cumulative_cases",77697,77697,77697,77697,77697,77697,77697,77697
"Idaho","linear_increase_sd","Past",2020-11-08,"cumulative_deaths",1172,1172,1172,1172,1172,1172,1172,1172
"Idaho","return_normal","Past",2020-11-08,"cumulative_deaths",1172,1172,1172,1172,1172,1172,1172,1172
"Idaho","status_quo","Past",2020-11-08,"cumulative_deaths",1172,1172,1172,1172,1172,1172,1172,1172
"Idaho","linear_increase_sd","Past",2020-11-08,"cumulative_hosps",8578,8578,8578,8578,8578,8578,8578,8578
"Idaho","return_normal","Past",2020-11-08,"cumulative_hosps",8578,8578,8578,8578,8578,8578,8578,8578
"Idaho","status_quo","Past",2020-11-08,"cumulative_hosps",8578,8578,8578,8578,8578,8578,8578,8578
"Idaho","linear_increase_sd","Past",2020-11-08,"daily_all_infections",3360,3360,3360,3360,3360,3360,3360,3360
"Idaho","return_normal","Past",2020-11-08,"daily_all_infections",3360,3360,3360,3360,3360,3360,3360,3360
"Idaho","status_quo","Past",2020-11-08,"daily_all_infections",3360,3360,3360,3360,3360,3360,3360,3360
"Idaho","linear_increase_sd","Past",2020-11-08,"daily_cases",1224,1224,1224,1224,1224,1224,1224,1224
"Idaho","return_normal","Past",2020-11-08,"daily_cases",1224,1224,1224,1224,1224,1224,1224,1224
"Idaho","status_quo","Past",2020-11-08,"daily_cases",1224,1224,1224,1224,1224,1224,1224,1224
"Idaho","linear_increase_sd","Past",2020-11-08,"daily_deaths",12,12,12,12,12,12,12,12
"Idaho","return_normal","Past",2020-11-08,"daily_deaths",12,12,12,12,12,12,12,12
"Idaho","status_quo","Past",2020-11-08,"daily_deaths",12,12,12,12,12,12,12,12
"Idaho","linear_increase_sd","Past",2020-11-08,"daily_hosps",132,132,132,132,132,132,132,132
"Idaho","return_normal","Past",2020-11-08,"daily_hosps",132,132,132,132,132,132,132,132
"Idaho","status_quo","Past",2020-11-08,"daily_hosps",132,132,132,132,132,132,132,132
"Idaho","linear_increase_sd","Past",2020-11-08,"latent_trend",NA,NA,NA,0.603630713156839,NA,NA,NA,NA
"Idaho","return_normal","Past",2020-11-08,"latent_trend",NA,NA,NA,0.603630713156839,NA,NA,NA,NA
"Idaho","status_quo","Past",2020-11-08,"latent_trend",NA,NA,NA,0.603630713156839,NA,NA,NA,NA
"Idaho","linear_increase_sd","Past",2020-11-08,"mobility_trend",NA,NA,NA,0.725752757630718,NA,NA,NA,NA
"Idaho","return_normal","Past",2020-11-08,"mobility_trend",NA,NA,NA,0.725752757630718,NA,NA,NA,NA
"Idaho","status_quo","Past",2020-11-08,"mobility_trend",NA,NA,NA,0.725752757630718,NA,NA,NA,NA
"Idaho",NA,"Past",2020-11-09,"actual_cumulative_cases",NA,NA,NA,72961,NA,NA,NA,NA
"Idaho",NA,"Past",2020-11-09,"actual_cumulative_deaths",NA,NA,NA,688,NA,NA,NA,NA
"Idaho",NA,"Past",2020-11-09,"actual_daily_cases",NA,NA,NA,649,NA,NA,NA,NA
"Idaho",NA,"Past",2020-11-09,"actual_daily_deaths",NA,NA,NA,3,NA,NA,NA,NA
"Idaho","linear_increase_sd","Past",2020-11-09,"combined_trend",NA,NA,NA,0.437535718770233,NA,NA,NA,NA
"Idaho","return_normal","Past",2020-11-09,"combined_trend",NA,NA,NA,0.437535718770233,NA,NA,NA,NA
"Idaho","status_quo","Past",2020-11-09,"combined_trend",NA,NA,NA,0.437535718770233,NA,NA,NA,NA
"Idaho","linear_increase_sd","Past",2020-11-09,"cumulative_all_infections",239138,239138,239138,239138,239138,239138,239138,239138
"Idaho","return_normal","Past",2020-11-09,"cumulative_all_infections",239138,239138,239138,239138,239138,239138,239138,239138
"Idaho","status_quo","Past",2020-11-09,"cumulative_all_infections",239138,239138,239138,239138,239138,239138,239138,239138
"Idaho","linear_increase_sd","Past",2020-11-09,"cumulative_cases",78711,78711,78711,78711,78711,78711,78711,78711
"Idaho","return_normal","Past",2020-11-09,"cumulative_cases",78711,78711,78711,78711,78711,78711,78711,78711
"Idaho","status_quo","Past",2020-11-09,"cumulative_cases",78711,78711,78711,78711,78711,78711,78711,78711
"Idaho","linear_increase_sd","Past",2020-11-09,"cumulative_deaths",1183,1183,1183,1183,1183,1183,1183,1183
"Idaho","return_normal","Past",2020-11-09,"cumulative_deaths",1183,1183,1183,1183,1183,1183,1183,1183
"Idaho","status_quo","Past",2020-11-09,"cumulative_deaths",1183,1183,1183,1183,1183,1183,1183,1183
"Idaho","linear_increase_sd","Past",2020-11-09,"cumulative_hosps",8709,8709,8709,8709,8709,8709,8709,8709
"Idaho","return_normal","Past",2020-11-09,"cumulative_hosps",8709,8709,8709,8709,8709,8709,8709,8709
"Idaho","status_quo","Past",2020-11-09,"cumulative_hosps",8709,8709,8709,8709,8709,8709,8709,8709
"Idaho","linear_increase_sd","Past",2020-11-09,"daily_all_infections",3391,3391,3391,3391,3391,3391,3391,3391
"Idaho","return_normal","Past",2020-11-09,"daily_all_infections",3391,3391,3391,3391,3391,3391,3391,3391
"Idaho","status_quo","Past",2020-11-09,"daily_all_infections",3391,3391,3391,3391,3391,3391,3391,3391
"Idaho","linear_increase_sd","Past",2020-11-09,"daily_cases",1014,1014,1014,1014,1014,1014,1014,1014
"Idaho","return_normal","Past",2020-11-09,"daily_cases",1014,1014,1014,1014,1014,1014,1014,1014
"Idaho","status_quo","Past",2020-11-09,"daily_cases",1014,1014,1014,1014,1014,1014,1014,1014
"Idaho","linear_increase_sd","Past",2020-11-09,"daily_deaths",11,11,11,11,11,11,11,11
"Idaho","return_normal","Past",2020-11-09,"daily_deaths",11,11,11,11,11,11,11,11
"Idaho","status_quo","Past",2020-11-09,"daily_deaths",11,11,11,11,11,11,11,11
"Idaho","linear_increase_sd","Past",2020-11-09,"daily_hosps",131,131,131,131,131,131,131,131
"Idaho","return_normal","Past",2020-11-09,"daily_hosps",131,131,131,131,131,131,131,131
"Idaho","status_quo","Past",2020-11-09,"daily_hosps",131,131,131,131,131,131,131,131
"Idaho","linear_increase_sd","Past",2020-11-09,"latent_trend",NA,NA,NA,0.604964364479318,NA,NA,NA,NA
"Idaho","return_normal","Past",2020-11-09,"latent_trend",NA,NA,NA,0.604964364479318,NA,NA,NA,NA
"Idaho","status_quo","Past",2020-11-09,"latent_trend",NA,NA,NA,0.604964364479318,NA,NA,NA,NA
"Idaho","linear_increase_sd","Past",2020-11-09,"mobility_trend",NA,NA,NA,0.723242135339348,NA,NA,NA,NA
"Idaho","return_normal","Past",2020-11-09,"mobility_trend",NA,NA,NA,0.723242135339348,NA,NA,NA,NA
"Idaho","status_quo","Past",2020-11-09,"mobility_trend",NA,NA,NA,0.723242135339348,NA,NA,NA,NA
"Idaho",NA,"Past",2020-11-10,"actual_cumulative_cases",NA,NA,NA,74227,NA,NA,NA,NA
"Idaho",NA,"Past",2020-11-10,"actual_cumulative_deaths",NA,NA,NA,700,NA,NA,NA,NA
"Idaho",NA,"Past",2020-11-10,"actual_daily_cases",NA,NA,NA,1266,NA,NA,NA,NA
"Idaho",NA,"Past",2020-11-10,"actual_daily_deaths",NA,NA,NA,12,NA,NA,NA,NA
"Idaho","linear_increase_sd","Past",2020-11-10,"combined_trend",NA,NA,NA,0.437197012927244,NA,NA,NA,NA
"Idaho","return_normal","Past",2020-11-10,"combined_trend",NA,NA,NA,0.437197012927244,NA,NA,NA,NA
"Idaho","status_quo","Past",2020-11-10,"combined_trend",NA,NA,NA,0.437197012927244,NA,NA,NA,NA
"Idaho","linear_increase_sd","Past",2020-11-10,"cumulative_all_infections",242555,242555,242555,242555,242555,242555,242555,242555
"Idaho","return_normal","Past",2020-11-10,"cumulative_all_infections",242555,242555,242555,242555,242555,242555,242555,242555
"Idaho","status_quo","Past",2020-11-10,"cumulative_all_infections",242555,242555,242555,242555,242555,242555,242555,242555
"Idaho","linear_increase_sd","Past",2020-11-10,"cumulative_cases",80061,80061,80061,80061,80061,80061,80061,80061
"Idaho","return_normal","Past",2020-11-10,"cumulative_cases",80061,80061,80061,80061,80061,80061,80061,80061
"Idaho","status_quo","Past",2020-11-10,"cumulative_cases",80061,80061,80061,80061,80061,80061,80061,80061
"Idaho","linear_increase_sd","Past",2020-11-10,"cumulative_deaths",1194,1194,1194,1194,1194,1194,1194,1194
"Idaho","return_normal","Past",2020-11-10,"cumulative_deaths",1194,1194,1194,1194,1194,1194,1194,1194
"Idaho","status_quo","Past",2020-11-10,"cumulative_deaths",1194,1194,1194,1194,1194,1194,1194,1194
"Idaho","linear_increase_sd","Past",2020-11-10,"cumulative_hosps",8844,8844,8844,8844,8844,8844,8844,8844
"Idaho","return_normal","Past",2020-11-10,"cumulative_hosps",8844,8844,8844,8844,8844,8844,8844,8844
"Idaho","status_quo","Past",2020-11-10,"cumulative_hosps",8844,8844,8844,8844,8844,8844,8844,8844
"Idaho","linear_increase_sd","Past",2020-11-10,"daily_all_infections",3417,3417,3417,3417,3417,3417,3417,3417
"Idaho","return_normal","Past",2020-11-10,"daily_all_infections",3417,3417,3417,3417,3417,3417,3417,3417
"Idaho","status_quo","Past",2020-11-10,"daily_all_infections",3417,3417,3417,3417,3417,3417,3417,3417
"Idaho","linear_increase_sd","Past",2020-11-10,"daily_cases",1350,1350,1350,1350,1350,1350,1350,1350
"Idaho","return_normal","Past",2020-11-10,"daily_cases",1350,1350,1350,1350,1350,1350,1350,1350
"Idaho","status_quo","Past",2020-11-10,"daily_cases",1350,1350,1350,1350,1350,1350,1350,1350
"Idaho","linear_increase_sd","Past",2020-11-10,"daily_deaths",11,11,11,11,11,11,11,11
"Idaho","return_normal","Past",2020-11-10,"daily_deaths",11,11,11,11,11,11,11,11
"Idaho","status_quo","Past",2020-11-10,"daily_deaths",11,11,11,11,11,11,11,11
"Idaho","linear_increase_sd","Past",2020-11-10,"daily_hosps",135,135,135,135,135,135,135,135
"Idaho","return_normal","Past",2020-11-10,"daily_hosps",135,135,135,135,135,135,135,135
"Idaho","status_quo","Past",2020-11-10,"daily_hosps",135,135,135,135,135,135,135,135
"Idaho","linear_increase_sd","Past",2020-11-10,"latent_trend",NA,NA,NA,0.606253183232419,NA,NA,NA,NA
"Idaho","return_normal","Past",2020-11-10,"latent_trend",NA,NA,NA,0.606253183232419,NA,NA,NA,NA
"Idaho","status_quo","Past",2020-11-10,"latent_trend",NA,NA,NA,0.606253183232419,NA,NA,NA,NA
"Idaho","linear_increase_sd","Past",2020-11-10,"mobility_trend",NA,NA,NA,0.721145925529329,NA,NA,NA,NA
"Idaho","return_normal","Past",2020-11-10,"mobility_trend",NA,NA,NA,0.721145925529329,NA,NA,NA,NA
"Idaho","status_quo","Past",2020-11-10,"mobility_trend",NA,NA,NA,0.721145925529329,NA,NA,NA,NA
"Idaho",NA,"Past",2020-11-11,"actual_cumulative_cases",NA,NA,NA,75428,NA,NA,NA,NA
"Idaho",NA,"Past",2020-11-11,"actual_cumulative_deaths",NA,NA,NA,716,NA,NA,NA,NA
"Idaho",NA,"Past",2020-11-11,"actual_daily_cases",NA,NA,NA,1201,NA,NA,NA,NA
"Idaho",NA,"Past",2020-11-11,"actual_daily_deaths",NA,NA,NA,16,NA,NA,NA,NA
"Idaho","linear_increase_sd","Past",2020-11-11,"combined_trend",NA,NA,NA,0.437071247695741,NA,NA,NA,NA
"Idaho","return_normal","Past",2020-11-11,"combined_trend",NA,NA,NA,0.437071247695741,NA,NA,NA,NA
"Idaho","status_quo","Past",2020-11-11,"combined_trend",NA,NA,NA,0.437071247695741,NA,NA,NA,NA
"Idaho","linear_increase_sd","Past",2020-11-11,"cumulative_all_infections",246005,246005,246005,246005,246005,246005,246005,246005
"Idaho","return_normal","Past",2020-11-11,"cumulative_all_infections",246005,246005,246005,246005,246005,246005,246005,246005
"Idaho","status_quo","Past",2020-11-11,"cumulative_all_infections",246005,246005,246005,246005,246005,246005,246005,246005
"Idaho","linear_increase_sd","Past",2020-11-11,"cumulative_cases",81181,81181,81181,81181,81181,81181,81181,81181
"Idaho","return_normal","Past",2020-11-11,"cumulative_cases",81181,81181,81181,81181,81181,81181,81181,81181
"Idaho","status_quo","Past",2020-11-11,"cumulative_cases",81181,81181,81181,81181,81181,81181,81181,81181
"Idaho","linear_increase_sd","Past",2020-11-11,"cumulative_deaths",1206,1206,1206,1206,1206,1206,1206,1206
"Idaho","return_normal","Past",2020-11-11,"cumulative_deaths",1206,1206,1206,1206,1206,1206,1206,1206
"Idaho","status_quo","Past",2020-11-11,"cumulative_deaths",1206,1206,1206,1206,1206,1206,1206,1206
"Idaho","linear_increase_sd","Past",2020-11-11,"cumulative_hosps",8982,8982,8982,8982,8982,8982,8982,8982
"Idaho","return_normal","Past",2020-11-11,"cumulative_hosps",8982,8982,8982,8982,8982,8982,8982,8982
"Idaho","status_quo","Past",2020-11-11,"cumulative_hosps",8982,8982,8982,8982,8982,8982,8982,8982
"Idaho","linear_increase_sd","Past",2020-11-11,"daily_all_infections",3450,3450,3450,3450,3450,3450,3450,3450
"Idaho","return_normal","Past",2020-11-11,"daily_all_infections",3450,3450,3450,3450,3450,3450,3450,3450
"Idaho","status_quo","Past",2020-11-11,"daily_all_infections",3450,3450,3450,3450,3450,3450,3450,3450
"Idaho","linear_increase_sd","Past",2020-11-11,"daily_cases",1120,1120,1120,1120,1120,1120,1120,1120
"Idaho","return_normal","Past",2020-11-11,"daily_cases",1120,1120,1120,1120,1120,1120,1120,1120
"Idaho","status_quo","Past",2020-11-11,"daily_cases",1120,1120,1120,1120,1120,1120,1120,1120
"Idaho","linear_increase_sd","Past",2020-11-11,"daily_deaths",12,12,12,12,12,12,12,12
"Idaho","return_normal","Past",2020-11-11,"daily_deaths",12,12,12,12,12,12,12,12
"Idaho","status_quo","Past",2020-11-11,"daily_deaths",12,12,12,12,12,12,12,12
"Idaho","linear_increase_sd","Past",2020-11-11,"daily_hosps",138,138,138,138,138,138,138,138
"Idaho","return_normal","Past",2020-11-11,"daily_hosps",138,138,138,138,138,138,138,138
"Idaho","status_quo","Past",2020-11-11,"daily_hosps",138,138,138,138,138,138,138,138
"Idaho","linear_increase_sd","Past",2020-11-11,"latent_trend",NA,NA,NA,0.607491438929363,NA,NA,NA,NA
"Idaho","return_normal","Past",2020-11-11,"latent_trend",NA,NA,NA,0.607491438929363,NA,NA,NA,NA
"Idaho","status_quo","Past",2020-11-11,"latent_trend",NA,NA,NA,0.607491438929363,NA,NA,NA,NA
"Idaho","linear_increase_sd","Past",2020-11-11,"mobility_trend",NA,NA,NA,0.719468982914443,NA,NA,NA,NA
"Idaho","return_normal","Past",2020-11-11,"mobility_trend",NA,NA,NA,0.719468982914443,NA,NA,NA,NA
"Idaho","status_quo","Past",2020-11-11,"mobility_trend",NA,NA,NA,0.719468982914443,NA,NA,NA,NA
"Idaho",NA,"Past",2020-11-12,"actual_cumulative_cases",NA,NA,NA,77121,NA,NA,NA,NA
"Idaho",NA,"Past",2020-11-12,"actual_cumulative_deaths",NA,NA,NA,735,NA,NA,NA,NA
"Idaho",NA,"Past",2020-11-12,"actual_daily_cases",NA,NA,NA,1693,NA,NA,NA,NA
"Idaho",NA,"Past",2020-11-12,"actual_daily_deaths",NA,NA,NA,19,NA,NA,NA,NA
"Idaho","linear_increase_sd","Past",2020-11-12,"combined_trend",NA,NA,NA,0.437155095200342,NA,NA,NA,NA
"Idaho","return_normal","Past",2020-11-12,"combined_trend",NA,NA,NA,0.437155095200342,NA,NA,NA,NA
"Idaho","status_quo","Past",2020-11-12,"combined_trend",NA,NA,NA,0.437155095200342,NA,NA,NA,NA
"Idaho","linear_increase_sd","Past",2020-11-12,"cumulative_all_infections",249484,249484,249484,249484,249484,249484,249484,249484
"Idaho","return_normal","Past",2020-11-12,"cumulative_all_infections",249484,249484,249484,249484,249484,249484,249484,249484
"Idaho","status_quo","Past",2020-11-12,"cumulative_all_infections",249484,249484,249484,249484,249484,249484,249484,249484
"Idaho","linear_increase_sd","Past",2020-11-12,"cumulative_cases",82288,82288,82288,82288,82288,82288,82288,82288
"Idaho","return_normal","Past",2020-11-12,"cumulative_cases",82288,82288,82288,82288,82288,82288,82288,82288
"Idaho","status_quo","Past",2020-11-12,"cumulative_cases",82288,82288,82288,82288,82288,82288,82288,82288
"Idaho","linear_increase_sd","Past",2020-11-12,"cumulative_deaths",1219,1219,1219,1219,1219,1219,1219,1219
"Idaho","return_normal","Past",2020-11-12,"cumulative_deaths",1219,1219,1219,1219,1219,1219,1219,1219
"Idaho","status_quo","Past",2020-11-12,"cumulative_deaths",1219,1219,1219,1219,1219,1219,1219,1219
"Idaho","linear_increase_sd","Past",2020-11-12,"cumulative_hosps",9121,9121,9121,9121,9121,9121,9121,9121
"Idaho","return_normal","Past",2020-11-12,"cumulative_hosps",9121,9121,9121,9121,9121,9121,9121,9121
"Idaho","status_quo","Past",2020-11-12,"cumulative_hosps",9121,9121,9121,9121,9121,9121,9121,9121
"Idaho","linear_increase_sd","Past",2020-11-12,"daily_all_infections",3479,3479,3479,3479,3479,3479,3479,3479
"Idaho","return_normal","Past",2020-11-12,"daily_all_infections",3479,3479,3479,3479,3479,3479,3479,3479
"Idaho","status_quo","Past",2020-11-12,"daily_all_infections",3479,3479,3479,3479,3479,3479,3479,3479
"Idaho","linear_increase_sd","Past",2020-11-12,"daily_cases",1107,1107,1107,1107,1107,1107,1107,1107
"Idaho","return_normal","Past",2020-11-12,"daily_cases",1107,1107,1107,1107,1107,1107,1107,1107
"Idaho","status_quo","Past",2020-11-12,"daily_cases",1107,1107,1107,1107,1107,1107,1107,1107
"Idaho","linear_increase_sd","Past",2020-11-12,"daily_deaths",13,13,13,13,13,13,13,13
"Idaho","return_normal","Past",2020-11-12,"daily_deaths",13,13,13,13,13,13,13,13
"Idaho","status_quo","Past",2020-11-12,"daily_deaths",13,13,13,13,13,13,13,13
"Idaho","linear_increase_sd","Past",2020-11-12,"daily_hosps",139,139,139,139,139,139,139,139
"Idaho","return_normal","Past",2020-11-12,"daily_hosps",139,139,139,139,139,139,139,139
"Idaho","status_quo","Past",2020-11-12,"daily_hosps",139,139,139,139,139,139,139,139
"Idaho","linear_increase_sd","Past",2020-11-12,"latent_trend",NA,NA,NA,0.608673424633408,NA,NA,NA,NA
"Idaho","return_normal","Past",2020-11-12,"latent_trend",NA,NA,NA,0.608673424633408,NA,NA,NA,NA
"Idaho","status_quo","Past",2020-11-12,"latent_trend",NA,NA,NA,0.608673424633408,NA,NA,NA,NA
"Idaho","linear_increase_sd","Past",2020-11-12,"mobility_trend",NA,NA,NA,0.718209597311779,NA,NA,NA,NA
"Idaho","return_normal","Past",2020-11-12,"mobility_trend",NA,NA,NA,0.718209597311779,NA,NA,NA,NA
"Idaho","status_quo","Past",2020-11-12,"mobility_trend",NA,NA,NA,0.718209597311779,NA,NA,NA,NA
"Idaho",NA,"Past",2020-11-13,"actual_cumulative_cases",NA,NA,NA,78279,NA,NA,NA,NA
"Idaho",NA,"Past",2020-11-13,"actual_cumulative_deaths",NA,NA,NA,751,NA,NA,NA,NA
"Idaho",NA,"Past",2020-11-13,"actual_daily_cases",NA,NA,NA,1158,NA,NA,NA,NA
"Idaho",NA,"Past",2020-11-13,"actual_daily_deaths",NA,NA,NA,16,NA,NA,NA,NA
"Idaho","linear_increase_sd","Past",2020-11-13,"combined_trend",NA,NA,NA,0.437445126972295,NA,NA,NA,NA
"Idaho","return_normal","Past",2020-11-13,"combined_trend",NA,NA,NA,0.437445126972295,NA,NA,NA,NA
"Idaho","status_quo","Past",2020-11-13,"combined_trend",NA,NA,NA,0.437445126972295,NA,NA,NA,NA
"Idaho","linear_increase_sd","Past",2020-11-13,"cumulative_all_infections",252972,252972,252972,252972,252972,252972,252972,252972
"Idaho","return_normal","Past",2020-11-13,"cumulative_all_infections",252972,252972,252972,252972,252972,252972,252972,252972
"Idaho","status_quo","Past",2020-11-13,"cumulative_all_infections",252972,252972,252972,252972,252972,252972,252972,252972
"Idaho","linear_increase_sd","Past",2020-11-13,"cumulative_cases",83361,83361,83361,83361,83361,83361,83361,83361
"Idaho","return_normal","Past",2020-11-13,"cumulative_cases",83361,83361,83361,83361,83361,83361,83361,83361
"Idaho","status_quo","Past",2020-11-13,"cumulative_cases",83361,83361,83361,83361,83361,83361,83361,83361
"Idaho","linear_increase_sd","Past",2020-11-13,"cumulative_deaths",1229,1229,1229,1229,1229,1229,1229,1229
"Idaho","return_normal","Past",2020-11-13,"cumulative_deaths",1229,1229,1229,1229,1229,1229,1229,1229
"Idaho","status_quo","Past",2020-11-13,"cumulative_deaths",1229,1229,1229,1229,1229,1229,1229,1229
"Idaho","linear_increase_sd","Past",2020-11-13,"cumulative_hosps",9261,9261,9261,9261,9261,9261,9261,9261
"Idaho","return_normal","Past",2020-11-13,"cumulative_hosps",9261,9261,9261,9261,9261,9261,9261,9261
"Idaho","status_quo","Past",2020-11-13,"cumulative_hosps",9261,9261,9261,9261,9261,9261,9261,9261
"Idaho","linear_increase_sd","Past",2020-11-13,"daily_all_infections",3488,3488,3488,3488,3488,3488,3488,3488
"Idaho","return_normal","Past",2020-11-13,"daily_all_infections",3488,3488,3488,3488,3488,3488,3488,3488
"Idaho","status_quo","Past",2020-11-13,"daily_all_infections",3488,3488,3488,3488,3488,3488,3488,3488
"Idaho","linear_increase_sd","Past",2020-11-13,"daily_cases",1073,1073,1073,1073,1073,1073,1073,1073
"Idaho","return_normal","Past",2020-11-13,"daily_cases",1073,1073,1073,1073,1073,1073,1073,1073
"Idaho","status_quo","Past",2020-11-13,"daily_cases",1073,1073,1073,1073,1073,1073,1073,1073
"Idaho","linear_increase_sd","Past",2020-11-13,"daily_deaths",10,10,10,10,10,10,10,10
"Idaho","return_normal","Past",2020-11-13,"daily_deaths",10,10,10,10,10,10,10,10
"Idaho","status_quo","Past",2020-11-13,"daily_deaths",10,10,10,10,10,10,10,10
"Idaho","linear_increase_sd","Past",2020-11-13,"daily_hosps",140,140,140,140,140,140,140,140
"Idaho","return_normal","Past",2020-11-13,"daily_hosps",140,140,140,140,140,140,140,140
"Idaho","status_quo","Past",2020-11-13,"daily_hosps",140,140,140,140,140,140,140,140
"Idaho","linear_increase_sd","Past",2020-11-13,"latent_trend",NA,NA,NA,0.60979345449317,NA,NA,NA,NA
"Idaho","return_normal","Past",2020-11-13,"latent_trend",NA,NA,NA,0.60979345449317,NA,NA,NA,NA
"Idaho","status_quo","Past",2020-11-13,"latent_trend",NA,NA,NA,0.60979345449317,NA,NA,NA,NA
"Idaho","linear_increase_sd","Past",2020-11-13,"mobility_trend",NA,NA,NA,0.717366058538423,NA,NA,NA,NA
"Idaho","return_normal","Past",2020-11-13,"mobility_trend",NA,NA,NA,0.717366058538423,NA,NA,NA,NA
"Idaho","status_quo","Past",2020-11-13,"mobility_trend",NA,NA,NA,0.717366058538423,NA,NA,NA,NA
"Idaho",NA,"Past",2020-11-14,"actual_cumulative_cases",NA,NA,NA,79798,NA,NA,NA,NA
"Idaho",NA,"Past",2020-11-14,"actual_cumulative_deaths",NA,NA,NA,754,NA,NA,NA,NA
"Idaho",NA,"Past",2020-11-14,"actual_daily_cases",NA,NA,NA,1519,NA,NA,NA,NA
"Idaho",NA,"Past",2020-11-14,"actual_daily_deaths",NA,NA,NA,3,NA,NA,NA,NA
"Idaho","linear_increase_sd","Past",2020-11-14,"combined_trend",NA,NA,NA,0.437933662403411,NA,NA,NA,NA
"Idaho","return_normal","Past",2020-11-14,"combined_trend",NA,NA,NA,0.437933662403411,NA,NA,NA,NA
"Idaho","status_quo","Past",2020-11-14,"combined_trend",NA,NA,NA,0.437933662403411,NA,NA,NA,NA
"Idaho","linear_increase_sd","Past",2020-11-14,"cumulative_all_infections",256508,256508,256508,256508,256508,256508,256508,256508
"Idaho","return_normal","Past",2020-11-14,"cumulative_all_infections",256508,256508,256508,256508,256508,256508,256508,256508
"Idaho","status_quo","Past",2020-11-14,"cumulative_all_infections",256508,256508,256508,256508,256508,256508,256508,256508
"Idaho","linear_increase_sd","Past",2020-11-14,"cumulative_cases",84575,84575,84575,84575,84575,84575,84575,84575
"Idaho","return_normal","Past",2020-11-14,"cumulative_cases",84575,84575,84575,84575,84575,84575,84575,84575
"Idaho","status_quo","Past",2020-11-14,"cumulative_cases",84575,84575,84575,84575,84575,84575,84575,84575
"Idaho","linear_increase_sd","Past",2020-11-14,"cumulative_deaths",1242,1242,1242,1242,1242,1242,1242,1242
"Idaho","return_normal","Past",2020-11-14,"cumulative_deaths",1242,1242,1242,1242,1242,1242,1242,1242
"Idaho","status_quo","Past",2020-11-14,"cumulative_deaths",1242,1242,1242,1242,1242,1242,1242,1242
"Idaho","linear_increase_sd","Past",2020-11-14,"cumulative_hosps",9404,9404,9404,9404,9404,9404,9404,9404
"Idaho","return_normal","Past",2020-11-14,"cumulative_hosps",9404,9404,9404,9404,9404,9404,9404,9404
"Idaho","status_quo","Past",2020-11-14,"cumulative_hosps",9404,9404,9404,9404,9404,9404,9404,9404
"Idaho","linear_increase_sd","Past",2020-11-14,"daily_all_infections",3536,3536,3536,3536,3536,3536,3536,3536
"Idaho","return_normal","Past",2020-11-14,"daily_all_infections",3536,3536,3536,3536,3536,3536,3536,3536
"Idaho","status_quo","Past",2020-11-14,"daily_all_infections",3536,3536,3536,3536,3536,3536,3536,3536
"Idaho","linear_increase_sd","Past",2020-11-14,"daily_cases",1214,1214,1214,1214,1214,1214,1214,1214
"Idaho","return_normal","Past",2020-11-14,"daily_cases",1214,1214,1214,1214,1214,1214,1214,1214
"Idaho","status_quo","Past",2020-11-14,"daily_cases",1214,1214,1214,1214,1214,1214,1214,1214
"Idaho","linear_increase_sd","Past",2020-11-14,"daily_deaths",13,13,13,13,13,13,13,13
"Idaho","return_normal","Past",2020-11-14,"daily_deaths",13,13,13,13,13,13,13,13
"Idaho","status_quo","Past",2020-11-14,"daily_deaths",13,13,13,13,13,13,13,13
"Idaho","linear_increase_sd","Past",2020-11-14,"daily_hosps",143,143,143,143,143,143,143,143
"Idaho","return_normal","Past",2020-11-14,"daily_hosps",143,143,143,143,143,143,143,143
"Idaho","status_quo","Past",2020-11-14,"daily_hosps",143,143,143,143,143,143,143,143
"Idaho","linear_increase_sd","Past",2020-11-14,"latent_trend",NA,NA,NA,0.610845860810008,NA,NA,NA,NA
"Idaho","return_normal","Past",2020-11-14,"latent_trend",NA,NA,NA,0.610845860810008,NA,NA,NA,NA
"Idaho","status_quo","Past",2020-11-14,"latent_trend",NA,NA,NA,0.610845860810008,NA,NA,NA,NA
"Idaho","linear_increase_sd","Past",2020-11-14,"mobility_trend",NA,NA,NA,0.716929900814408,NA,NA,NA,NA
"Idaho","return_normal","Past",2020-11-14,"mobility_trend",NA,NA,NA,0.716929900814408,NA,NA,NA,NA
"Idaho","status_quo","Past",2020-11-14,"mobility_trend",NA,NA,NA,0.716929900814408,NA,NA,NA,NA
"Idaho",NA,"Past",2020-11-15,"actual_cumulative_cases",NA,NA,NA,81317,NA,NA,NA,NA
"Idaho",NA,"Past",2020-11-15,"actual_cumulative_deaths",NA,NA,NA,761,NA,NA,NA,NA
"Idaho",NA,"Past",2020-11-15,"actual_daily_cases",NA,NA,NA,1519,NA,NA,NA,NA
"Idaho",NA,"Past",2020-11-15,"actual_daily_deaths",NA,NA,NA,7,NA,NA,NA,NA
"Idaho","linear_increase_sd","Past",2020-11-15,"combined_trend",NA,NA,NA,0.438596311014057,NA,NA,NA,NA
"Idaho","return_normal","Past",2020-11-15,"combined_trend",NA,NA,NA,0.438596311014057,NA,NA,NA,NA
"Idaho","status_quo","Past",2020-11-15,"combined_trend",NA,NA,NA,0.438596311014057,NA,NA,NA,NA
"Idaho","linear_increase_sd","Past",2020-11-15,"cumulative_all_infections",260062,260062,260062,260062,260062,260062,260062,260062
"Idaho","return_normal","Past",2020-11-15,"cumulative_all_infections",260062,260062,260062,260062,260062,260062,260062,260062
"Idaho","status_quo","Past",2020-11-15,"cumulative_all_infections",260062,260062,260062,260062,260062,260062,260062,260062
"Idaho","linear_increase_sd","Past",2020-11-15,"cumulative_cases",85911,85911,85911,85911,85911,85911,85911,85911
"Idaho","return_normal","Past",2020-11-15,"cumulative_cases",85911,85911,85911,85911,85911,85911,85911,85911
"Idaho","status_quo","Past",2020-11-15,"cumulative_cases",85911,85911,85911,85911,85911,85911,85911,85911
"Idaho","linear_increase_sd","Past",2020-11-15,"cumulative_deaths",1256,1256,1256,1256,1256,1256,1256,1256
"Idaho","return_normal","Past",2020-11-15,"cumulative_deaths",1256,1256,1256,1256,1256,1256,1256,1256
"Idaho","status_quo","Past",2020-11-15,"cumulative_deaths",1256,1256,1256,1256,1256,1256,1256,1256
"Idaho","linear_increase_sd","Past",2020-11-15,"cumulative_hosps",9549,9549,9549,9549,9549,9549,9549,9549
"Idaho","return_normal","Past",2020-11-15,"cumulative_hosps",9549,9549,9549,9549,9549,9549,9549,9549
"Idaho","status_quo","Past",2020-11-15,"cumulative_hosps",9549,9549,9549,9549,9549,9549,9549,9549
"Idaho","linear_increase_sd","Past",2020-11-15,"daily_all_infections",3554,3554,3554,3554,3554,3554,3554,3554
"Idaho","return_normal","Past",2020-11-15,"daily_all_infections",3554,3554,3554,3554,3554,3554,3554,3554
"Idaho","status_quo","Past",2020-11-15,"daily_all_infections",3554,3554,3554,3554,3554,3554,3554,3554
"Idaho","linear_increase_sd","Past",2020-11-15,"daily_cases",1336,1336,1336,1336,1336,1336,1336,1336
"Idaho","return_normal","Past",2020-11-15,"daily_cases",1336,1336,1336,1336,1336,1336,1336,1336
"Idaho","status_quo","Past",2020-11-15,"daily_cases",1336,1336,1336,1336,1336,1336,1336,1336
"Idaho","linear_increase_sd","Past",2020-11-15,"daily_deaths",14,14,14,14,14,14,14,14
"Idaho","return_normal","Past",2020-11-15,"daily_deaths",14,14,14,14,14,14,14,14
"Idaho","status_quo","Past",2020-11-15,"daily_deaths",14,14,14,14,14,14,14,14
"Idaho","linear_increase_sd","Past",2020-11-15,"daily_hosps",145,145,145,145,145,145,145,145
"Idaho","return_normal","Past",2020-11-15,"daily_hosps",145,145,145,145,145,145,145,145
"Idaho","status_quo","Past",2020-11-15,"daily_hosps",145,145,145,145,145,145,145,145
"Idaho","linear_increase_sd","Past",2020-11-15,"latent_trend",NA,NA,NA,0.611824990633908,NA,NA,NA,NA
"Idaho","return_normal","Past",2020-11-15,"latent_trend",NA,NA,NA,0.611824990633908,NA,NA,NA,NA
"Idaho","status_quo","Past",2020-11-15,"latent_trend",NA,NA,NA,0.611824990633908,NA,NA,NA,NA
"Idaho","linear_increase_sd","Past",2020-11-15,"mobility_trend",NA,NA,NA,0.716865635971538,NA,NA,NA,NA
"Idaho","return_normal","Past",2020-11-15,"mobility_trend",NA,NA,NA,0.716865635971538,NA,NA,NA,NA
"Idaho","status_quo","Past",2020-11-15,"mobility_trend",NA,NA,NA,0.716865635971538,NA,NA,NA,NA
"Idaho",NA,"Past",2020-11-16,"actual_cumulative_cases",NA,NA,NA,82245,NA,NA,NA,NA
"Idaho",NA,"Past",2020-11-16,"actual_cumulative_deaths",NA,NA,NA,761,NA,NA,NA,NA
"Idaho",NA,"Past",2020-11-16,"actual_daily_cases",NA,NA,NA,928,NA,NA,NA,NA
"Idaho",NA,"Past",2020-11-16,"actual_daily_deaths",NA,NA,NA,0,NA,NA,NA,NA
"Idaho","linear_increase_sd","Past",2020-11-16,"combined_trend",NA,NA,NA,0.439404249159895,NA,NA,NA,NA
"Idaho","return_normal","Past",2020-11-16,"combined_trend",NA,NA,NA,0.439404249159895,NA,NA,NA,NA
"Idaho","status_quo","Past",2020-11-16,"combined_trend",NA,NA,NA,0.439404249159895,NA,NA,NA,NA
"Idaho","linear_increase_sd","Past",2020-11-16,"cumulative_all_infections",263643,263643,263643,263643,263643,263643,263643,263643
"Idaho","return_normal","Past",2020-11-16,"cumulative_all_infections",263643,263643,263643,263643,263643,263643,263643,263643
"Idaho","status_quo","Past",2020-11-16,"cumulative_all_infections",263643,263643,263643,263643,263643,263643,263643,263643
"Idaho","linear_increase_sd","Past",2020-11-16,"cumulative_cases",87309,87309,87309,87309,87309,87309,87309,87309
"Idaho","return_normal","Past",2020-11-16,"cumulative_cases",87309,87309,87309,87309,87309,87309,87309,87309
"Idaho","status_quo","Past",2020-11-16,"cumulative_cases",87309,87309,87309,87309,87309,87309,87309,87309
"Idaho","linear_increase_sd","Past",2020-11-16,"cumulative_deaths",1269,1269,1269,1269,1269,1269,1269,1269
"Idaho","return_normal","Past",2020-11-16,"cumulative_deaths",1269,1269,1269,1269,1269,1269,1269,1269
"Idaho","status_quo","Past",2020-11-16,"cumulative_deaths",1269,1269,1269,1269,1269,1269,1269,1269
"Idaho","linear_increase_sd","Past",2020-11-16,"cumulative_hosps",9697,9697,9697,9697,9697,9697,9697,9697
"Idaho","return_normal","Past",2020-11-16,"cumulative_hosps",9697,9697,9697,9697,9697,9697,9697,9697
"Idaho","status_quo","Past",2020-11-16,"cumulative_hosps",9697,9697,9697,9697,9697,9697,9697,9697
"Idaho","linear_increase_sd","Past",2020-11-16,"daily_all_infections",3581,3581,3581,3581,3581,3581,3581,3581
"Idaho","return_normal","Past",2020-11-16,"daily_all_infections",3581,3581,3581,3581,3581,3581,3581,3581
"Idaho","status_quo","Past",2020-11-16,"daily_all_infections",3581,3581,3581,3581,3581,3581,3581,3581
"Idaho","linear_increase_sd","Past",2020-11-16,"daily_cases",1398,1398,1398,1398,1398,1398,1398,1398
"Idaho","return_normal","Past",2020-11-16,"daily_cases",1398,1398,1398,1398,1398,1398,1398,1398
"Idaho","status_quo","Past",2020-11-16,"daily_cases",1398,1398,1398,1398,1398,1398,1398,1398
"Idaho","linear_increase_sd","Past",2020-11-16,"daily_deaths",13,13,13,13,13,13,13,13
"Idaho","return_normal","Past",2020-11-16,"daily_deaths",13,13,13,13,13,13,13,13
"Idaho","status_quo","Past",2020-11-16,"daily_deaths",13,13,13,13,13,13,13,13
"Idaho","linear_increase_sd","Past",2020-11-16,"daily_hosps",148,148,148,148,148,148,148,148
"Idaho","return_normal","Past",2020-11-16,"daily_hosps",148,148,148,148,148,148,148,148
"Idaho","status_quo","Past",2020-11-16,"daily_hosps",148,148,148,148,148,148,148,148
"Idaho","linear_increase_sd","Past",2020-11-16,"latent_trend",NA,NA,NA,0.612725201888556,NA,NA,NA,NA
"Idaho","return_normal","Past",2020-11-16,"latent_trend",NA,NA,NA,0.612725201888556,NA,NA,NA,NA
"Idaho","status_quo","Past",2020-11-16,"latent_trend",NA,NA,NA,0.612725201888556,NA,NA,NA,NA
"Idaho","linear_increase_sd","Past",2020-11-16,"mobility_trend",NA,NA,NA,0.717131020244562,NA,NA,NA,NA
"Idaho","return_normal","Past",2020-11-16,"mobility_trend",NA,NA,NA,0.717131020244562,NA,NA,NA,NA
"Idaho","status_quo","Past",2020-11-16,"mobility_trend",NA,NA,NA,0.717131020244562,NA,NA,NA,NA
"Idaho",NA,"Past",2020-11-17,"actual_cumulative_cases",NA,NA,NA,83344,NA,NA,NA,NA
"Idaho",NA,"Past",2020-11-17,"actual_cumulative_deaths",NA,NA,NA,765,NA,NA,NA,NA
"Idaho",NA,"Past",2020-11-17,"actual_daily_cases",NA,NA,NA,1099,NA,NA,NA,NA
"Idaho",NA,"Past",2020-11-17,"actual_daily_deaths",NA,NA,NA,4,NA,NA,NA,NA
"Idaho","linear_increase_sd","Past",2020-11-17,"combined_trend",NA,NA,NA,0.440323051058228,NA,NA,NA,NA
"Idaho","return_normal","Past",2020-11-17,"combined_trend",NA,NA,NA,0.440323051058228,NA,NA,NA,NA
"Idaho","status_quo","Past",2020-11-17,"combined_trend",NA,NA,NA,0.440323051058228,NA,NA,NA,NA
"Idaho","linear_increase_sd","Past",2020-11-17,"cumulative_all_infections",267270,267270,267270,267270,267270,267270,267270,267270
"Idaho","return_normal","Past",2020-11-17,"cumulative_all_infections",267270,267270,267270,267270,267270,267270,267270,267270
"Idaho","status_quo","Past",2020-11-17,"cumulative_all_infections",267270,267270,267270,267270,267270,267270,267270,267270
"Idaho","linear_increase_sd","Past",2020-11-17,"cumulative_cases",88553,88553,88553,88553,88553,88553,88553,88553
"Idaho","return_normal","Past",2020-11-17,"cumulative_cases",88553,88553,88553,88553,88553,88553,88553,88553
"Idaho","status_quo","Past",2020-11-17,"cumulative_cases",88553,88553,88553,88553,88553,88553,88553,88553
"Idaho","linear_increase_sd","Past",2020-11-17,"cumulative_deaths",1282,1282,1282,1282,1282,1282,1282,1282
"Idaho","return_normal","Past",2020-11-17,"cumulative_deaths",1282,1282,1282,1282,1282,1282,1282,1282
"Idaho","status_quo","Past",2020-11-17,"cumulative_deaths",1282,1282,1282,1282,1282,1282,1282,1282
"Idaho","linear_increase_sd","Past",2020-11-17,"cumulative_hosps",9845,9845,9845,9845,9845,9845,9845,9845
"Idaho","return_normal","Past",2020-11-17,"cumulative_hosps",9845,9845,9845,9845,9845,9845,9845,9845
"Idaho","status_quo","Past",2020-11-17,"cumulative_hosps",9845,9845,9845,9845,9845,9845,9845,9845
"Idaho","linear_increase_sd","Past",2020-11-17,"daily_all_infections",3627,3627,3627,3627,3627,3627,3627,3627
"Idaho","return_normal","Past",2020-11-17,"daily_all_infections",3627,3627,3627,3627,3627,3627,3627,3627
"Idaho","status_quo","Past",2020-11-17,"daily_all_infections",3627,3627,3627,3627,3627,3627,3627,3627
"Idaho","linear_increase_sd","Past",2020-11-17,"daily_cases",1244,1244,1244,1244,1244,1244,1244,1244
"Idaho","return_normal","Past",2020-11-17,"daily_cases",1244,1244,1244,1244,1244,1244,1244,1244
"Idaho","status_quo","Past",2020-11-17,"daily_cases",1244,1244,1244,1244,1244,1244,1244,1244
"Idaho","linear_increase_sd","Past",2020-11-17,"daily_deaths",13,13,13,13,13,13,13,13
"Idaho","return_normal","Past",2020-11-17,"daily_deaths",13,13,13,13,13,13,13,13
"Idaho","status_quo","Past",2020-11-17,"daily_deaths",13,13,13,13,13,13,13,13
"Idaho","linear_increase_sd","Past",2020-11-17,"daily_hosps",148,148,148,148,148,148,148,148
"Idaho","return_normal","Past",2020-11-17,"daily_hosps",148,148,148,148,148,148,148,148
"Idaho","status_quo","Past",2020-11-17,"daily_hosps",148,148,148,148,148,148,148,148
"Idaho","linear_increase_sd","Past",2020-11-17,"latent_trend",NA,NA,NA,0.613540859030844,NA,NA,NA,NA
"Idaho","return_normal","Past",2020-11-17,"latent_trend",NA,NA,NA,0.613540859030844,NA,NA,NA,NA
"Idaho","status_quo","Past",2020-11-17,"latent_trend",NA,NA,NA,0.613540859030844,NA,NA,NA,NA
"Idaho","linear_increase_sd","Past",2020-11-17,"mobility_trend",NA,NA,NA,0.717675187523399,NA,NA,NA,NA
"Idaho","return_normal","Past",2020-11-17,"mobility_trend",NA,NA,NA,0.717675187523399,NA,NA,NA,NA
"Idaho","status_quo","Past",2020-11-17,"mobility_trend",NA,NA,NA,0.717675187523399,NA,NA,NA,NA
"Idaho",NA,"Past",2020-11-18,"actual_cumulative_cases",NA,NA,NA,85125,NA,NA,NA,NA
"Idaho",NA,"Past",2020-11-18,"actual_cumulative_deaths",NA,NA,NA,800,NA,NA,NA,NA
"Idaho",NA,"Past",2020-11-18,"actual_daily_cases",NA,NA,NA,1781,NA,NA,NA,NA
"Idaho",NA,"Past",2020-11-18,"actual_daily_deaths",NA,NA,NA,35,NA,NA,NA,NA
"Idaho","linear_increase_sd","Past",2020-11-18,"combined_trend",NA,NA,NA,0.441296781966226,NA,NA,NA,NA
"Idaho","return_normal","Past",2020-11-18,"combined_trend",NA,NA,NA,0.441296781966226,NA,NA,NA,NA
"Idaho","status_quo","Past",2020-11-18,"combined_trend",NA,NA,NA,0.441296781966226,NA,NA,NA,NA
"Idaho","linear_increase_sd","Past",2020-11-18,"cumulative_all_infections",270921,270921,270921,270921,270921,270921,270921,270921
"Idaho","return_normal","Past",2020-11-18,"cumulative_all_infections",270921,270921,270921,270921,270921,270921,270921,270921
"Idaho","status_quo","Past",2020-11-18,"cumulative_all_infections",270921,270921,270921,270921,270921,270921,270921,270921
"Idaho","linear_increase_sd","Past",2020-11-18,"cumulative_cases",89925,89925,89925,89925,89925,89925,89925,89925
"Idaho","return_normal","Past",2020-11-18,"cumulative_cases",89925,89925,89925,89925,89925,89925,89925,89925
"Idaho","status_quo","Past",2020-11-18,"cumulative_cases",89925,89925,89925,89925,89925,89925,89925,89925
"Idaho","linear_increase_sd","Past",2020-11-18,"cumulative_deaths",1295,1295,1295,1295,1295,1295,1295,1295
"Idaho","return_normal","Past",2020-11-18,"cumulative_deaths",1295,1295,1295,1295,1295,1295,1295,1295
"Idaho","status_quo","Past",2020-11-18,"cumulative_deaths",1295,1295,1295,1295,1295,1295,1295,1295
"Idaho","linear_increase_sd","Past",2020-11-18,"cumulative_hosps",9992,9992,9992,9992,9992,9992,9992,9992
"Idaho","return_normal","Past",2020-11-18,"cumulative_hosps",9992,9992,9992,9992,9992,9992,9992,9992
"Idaho","status_quo","Past",2020-11-18,"cumulative_hosps",9992,9992,9992,9992,9992,9992,9992,9992
"Idaho","linear_increase_sd","Past",2020-11-18,"daily_all_infections",3651,3651,3651,3651,3651,3651,3651,3651
"Idaho","return_normal","Past",2020-11-18,"daily_all_infections",3651,3651,3651,3651,3651,3651,3651,3651
"Idaho","status_quo","Past",2020-11-18,"daily_all_infections",3651,3651,3651,3651,3651,3651,3651,3651
"Idaho","linear_increase_sd","Past",2020-11-18,"daily_cases",1372,1372,1372,1372,1372,1372,1372,1372
"Idaho","return_normal","Past",2020-11-18,"daily_cases",1372,1372,1372,1372,1372,1372,1372,1372
"Idaho","status_quo","Past",2020-11-18,"daily_cases",1372,1372,1372,1372,1372,1372,1372,1372
"Idaho","linear_increase_sd","Past",2020-11-18,"daily_deaths",13,13,13,13,13,13,13,13
"Idaho","return_normal","Past",2020-11-18,"daily_deaths",13,13,13,13,13,13,13,13
"Idaho","status_quo","Past",2020-11-18,"daily_deaths",13,13,13,13,13,13,13,13
"Idaho","linear_increase_sd","Past",2020-11-18,"daily_hosps",147,147,147,147,147,147,147,147
"Idaho","return_normal","Past",2020-11-18,"daily_hosps",147,147,147,147,147,147,147,147
"Idaho","status_quo","Past",2020-11-18,"daily_hosps",147,147,147,147,147,147,147,147
"Idaho","linear_increase_sd","Past",2020-11-18,"latent_trend",NA,NA,NA,0.614266328254843,NA,NA,NA,NA
"Idaho","return_normal","Past",2020-11-18,"latent_trend",NA,NA,NA,0.614266328254843,NA,NA,NA,NA
"Idaho","status_quo","Past",2020-11-18,"latent_trend",NA,NA,NA,0.614266328254843,NA,NA,NA,NA
"Idaho","linear_increase_sd","Past",2020-11-18,"mobility_trend",NA,NA,NA,0.718412782318655,NA,NA,NA,NA
"Idaho","return_normal","Past",2020-11-18,"mobility_trend",NA,NA,NA,0.718412782318655,NA,NA,NA,NA
"Idaho","status_quo","Past",2020-11-18,"mobility_trend",NA,NA,NA,0.718412782318655,NA,NA,NA,NA
"Idaho",NA,"Past",2020-11-19,"actual_cumulative_cases",NA,NA,NA,86435,NA,NA,NA,NA
"Idaho",NA,"Past",2020-11-19,"actual_cumulative_deaths",NA,NA,NA,814,NA,NA,NA,NA
"Idaho",NA,"Past",2020-11-19,"actual_daily_cases",NA,NA,NA,1310,NA,NA,NA,NA
"Idaho",NA,"Past",2020-11-19,"actual_daily_deaths",NA,NA,NA,14,NA,NA,NA,NA
"Idaho","linear_increase_sd","Past",2020-11-19,"combined_trend",NA,NA,NA,0.442263821542368,NA,NA,NA,NA
"Idaho","return_normal","Past",2020-11-19,"combined_trend",NA,NA,NA,0.442263821542368,NA,NA,NA,NA
"Idaho","status_quo","Past",2020-11-19,"combined_trend",NA,NA,NA,0.442263821542368,NA,NA,NA,NA
"Idaho","linear_increase_sd","Past",2020-11-19,"cumulative_all_infections",274589,274589,274589,274589,274589,274589,274589,274589
"Idaho","return_normal","Past",2020-11-19,"cumulative_all_infections",274589,274589,274589,274589,274589,274589,274589,274589
"Idaho","status_quo","Past",2020-11-19,"cumulative_all_infections",274589,274589,274589,274589,274589,274589,274589,274589
"Idaho","linear_increase_sd","Past",2020-11-19,"cumulative_cases",91492,91492,91492,91492,91492,91492,91492,91492
"Idaho","return_normal","Past",2020-11-19,"cumulative_cases",91492,91492,91492,91492,91492,91492,91492,91492
"Idaho","status_quo","Past",2020-11-19,"cumulative_cases",91492,91492,91492,91492,91492,91492,91492,91492
"Idaho","linear_increase_sd","Past",2020-11-19,"cumulative_deaths",1308,1308,1308,1308,1308,1308,1308,1308
"Idaho","return_normal","Past",2020-11-19,"cumulative_deaths",1308,1308,1308,1308,1308,1308,1308,1308
"Idaho","status_quo","Past",2020-11-19,"cumulative_deaths",1308,1308,1308,1308,1308,1308,1308,1308
"Idaho","linear_increase_sd","Past",2020-11-19,"cumulative_hosps",10143,10143,10143,10143,10143,10143,10143,10143
"Idaho","return_normal","Past",2020-11-19,"cumulative_hosps",10143,10143,10143,10143,10143,10143,10143,10143
"Idaho","status_quo","Past",2020-11-19,"cumulative_hosps",10143,10143,10143,10143,10143,10143,10143,10143
"Idaho","linear_increase_sd","Past",2020-11-19,"daily_all_infections",3668,3668,3668,3668,3668,3668,3668,3668
"Idaho","return_normal","Past",2020-11-19,"daily_all_infections",3668,3668,3668,3668,3668,3668,3668,3668
"Idaho","status_quo","Past",2020-11-19,"daily_all_infections",3668,3668,3668,3668,3668,3668,3668,3668
"Idaho","linear_increase_sd","Past",2020-11-19,"daily_cases",1567,1567,1567,1567,1567,1567,1567,1567
"Idaho","return_normal","Past",2020-11-19,"daily_cases",1567,1567,1567,1567,1567,1567,1567,1567
"Idaho","status_quo","Past",2020-11-19,"daily_cases",1567,1567,1567,1567,1567,1567,1567,1567
"Idaho","linear_increase_sd","Past",2020-11-19,"daily_deaths",13,13,13,13,13,13,13,13
"Idaho","return_normal","Past",2020-11-19,"daily_deaths",13,13,13,13,13,13,13,13
"Idaho","status_quo","Past",2020-11-19,"daily_deaths",13,13,13,13,13,13,13,13
"Idaho","linear_increase_sd","Past",2020-11-19,"daily_hosps",151,151,151,151,151,151,151,151
"Idaho","return_normal","Past",2020-11-19,"daily_hosps",151,151,151,151,151,151,151,151
"Idaho","status_quo","Past",2020-11-19,"daily_hosps",151,151,151,151,151,151,151,151
"Idaho","linear_increase_sd","Past",2020-11-19,"latent_trend",NA,NA,NA,0.614895972255467,NA,NA,NA,NA
"Idaho","return_normal","Past",2020-11-19,"latent_trend",NA,NA,NA,0.614895972255467,NA,NA,NA,NA
"Idaho","status_quo","Past",2020-11-19,"latent_trend",NA,NA,NA,0.614895972255467,NA,NA,NA,NA
"Idaho","linear_increase_sd","Past",2020-11-19,"mobility_trend",NA,NA,NA,0.719249826796106,NA,NA,NA,NA
"Idaho","return_normal","Past",2020-11-19,"mobility_trend",NA,NA,NA,0.719249826796106,NA,NA,NA,NA
"Idaho","status_quo","Past",2020-11-19,"mobility_trend",NA,NA,NA,0.719249826796106,NA,NA,NA,NA
"Idaho",NA,"Past",2020-11-20,"actual_cumulative_cases",NA,NA,NA,87978,NA,NA,NA,NA
"Idaho",NA,"Past",2020-11-20,"actual_cumulative_deaths",NA,NA,NA,837,NA,NA,NA,NA
"Idaho",NA,"Past",2020-11-20,"actual_daily_cases",NA,NA,NA,1543,NA,NA,NA,NA
"Idaho",NA,"Past",2020-11-20,"actual_daily_deaths",NA,NA,NA,23,NA,NA,NA,NA
"Idaho","linear_increase_sd","Past",2020-11-20,"combined_trend",NA,NA,NA,0.443162214278764,NA,NA,NA,NA
"Idaho","return_normal","Past",2020-11-20,"combined_trend",NA,NA,NA,0.443162214278764,NA,NA,NA,NA
"Idaho","status_quo","Past",2020-11-20,"combined_trend",NA,NA,NA,0.443162214278764,NA,NA,NA,NA
"Idaho","linear_increase_sd","Past",2020-11-20,"cumulative_all_infections",278307,278307,278307,278307,278307,278307,278307,278307
"Idaho","return_normal","Past",2020-11-20,"cumulative_all_infections",278307,278307,278307,278307,278307,278307,278307,278307
"Idaho","status_quo","Past",2020-11-20,"cumulative_all_infections",278307,278307,278307,278307,278307,278307,278307,278307
"Idaho","linear_increase_sd","Past",2020-11-20,"cumulative_cases",93068,93068,93068,93068,93068,93068,93068,93068
"Idaho","return_normal","Past",2020-11-20,"cumulative_cases",93068,93068,93068,93068,93068,93068,93068,93068
"Idaho","status_quo","Past",2020-11-20,"cumulative_cases",93068,93068,93068,93068,93068,93068,93068,93068
"Idaho","linear_increase_sd","Past",2020-11-20,"cumulative_deaths",1321,1321,1321,1321,1321,1321,1321,1321
"Idaho","return_normal","Past",2020-11-20,"cumulative_deaths",1321,1321,1321,1321,1321,1321,1321,1321
"Idaho","status_quo","Past",2020-11-20,"cumulative_deaths",1321,1321,1321,1321,1321,1321,1321,1321
"Idaho","linear_increase_sd","Past",2020-11-20,"cumulative_hosps",10294,10294,10294,10294,10294,10294,10294,10294
"Idaho","return_normal","Past",2020-11-20,"cumulative_hosps",10294,10294,10294,10294,10294,10294,10294,10294
"Idaho","status_quo","Past",2020-11-20,"cumulative_hosps",10294,10294,10294,10294,10294,10294,10294,10294
"Idaho","linear_increase_sd","Past",2020-11-20,"daily_all_infections",3718,3718,3718,3718,3718,3718,3718,3718
"Idaho","return_normal","Past",2020-11-20,"daily_all_infections",3718,3718,3718,3718,3718,3718,3718,3718
"Idaho","status_quo","Past",2020-11-20,"daily_all_infections",3718,3718,3718,3718,3718,3718,3718,3718
"Idaho","linear_increase_sd","Past",2020-11-20,"daily_cases",1576,1576,1576,1576,1576,1576,1576,1576
"Idaho","return_normal","Past",2020-11-20,"daily_cases",1576,1576,1576,1576,1576,1576,1576,1576
"Idaho","status_quo","Past",2020-11-20,"daily_cases",1576,1576,1576,1576,1576,1576,1576,1576
"Idaho","linear_increase_sd","Past",2020-11-20,"daily_deaths",13,13,13,13,13,13,13,13
"Idaho","return_normal","Past",2020-11-20,"daily_deaths",13,13,13,13,13,13,13,13
"Idaho","status_quo","Past",2020-11-20,"daily_deaths",13,13,13,13,13,13,13,13
"Idaho","linear_increase_sd","Past",2020-11-20,"daily_hosps",151,151,151,151,151,151,151,151
"Idaho","return_normal","Past",2020-11-20,"daily_hosps",151,151,151,151,151,151,151,151
"Idaho","status_quo","Past",2020-11-20,"daily_hosps",151,151,151,151,151,151,151,151
"Idaho","linear_increase_sd","Past",2020-11-20,"latent_trend",NA,NA,NA,0.615424144572485,NA,NA,NA,NA
"Idaho","return_normal","Past",2020-11-20,"latent_trend",NA,NA,NA,0.615424144572485,NA,NA,NA,NA
"Idaho","status_quo","Past",2020-11-20,"latent_trend",NA,NA,NA,0.615424144572485,NA,NA,NA,NA
"Idaho","linear_increase_sd","Past",2020-11-20,"mobility_trend",NA,NA,NA,0.72009234312153,NA,NA,NA,NA
"Idaho","return_normal","Past",2020-11-20,"mobility_trend",NA,NA,NA,0.72009234312153,NA,NA,NA,NA
"Idaho","status_quo","Past",2020-11-20,"mobility_trend",NA,NA,NA,0.72009234312153,NA,NA,NA,NA
"Idaho",NA,"Past",2020-11-21,"actual_cumulative_cases",NA,NA,NA,89764,NA,NA,NA,NA
"Idaho",NA,"Past",2020-11-21,"actual_cumulative_deaths",NA,NA,NA,847,NA,NA,NA,NA
"Idaho",NA,"Past",2020-11-21,"actual_daily_cases",NA,NA,NA,1786,NA,NA,NA,NA
"Idaho",NA,"Past",2020-11-21,"actual_daily_deaths",NA,NA,NA,10,NA,NA,NA,NA
"Idaho","linear_increase_sd","Past",2020-11-21,"combined_trend",NA,NA,NA,0.443933318696159,NA,NA,NA,NA
"Idaho","return_normal","Past",2020-11-21,"combined_trend",NA,NA,NA,0.443933318696159,NA,NA,NA,NA
"Idaho","status_quo","Past",2020-11-21,"combined_trend",NA,NA,NA,0.443933318696159,NA,NA,NA,NA
"Idaho","linear_increase_sd","Past",2020-11-21,"cumulative_all_infections",282047,282047,282047,282047,282047,282047,282047,282047
"Idaho","return_normal","Past",2020-11-21,"cumulative_all_infections",282047,282047,282047,282047,282047,282047,282047,282047
"Idaho","status_quo","Past",2020-11-21,"cumulative_all_infections",282047,282047,282047,282047,282047,282047,282047,282047
"Idaho","linear_increase_sd","Past",2020-11-21,"cumulative_cases",94558,94558,94558,94558,94558,94558,94558,94558
"Idaho","return_normal","Past",2020-11-21,"cumulative_cases",94558,94558,94558,94558,94558,94558,94558,94558
"Idaho","status_quo","Past",2020-11-21,"cumulative_cases",94558,94558,94558,94558,94558,94558,94558,94558
"Idaho","linear_increase_sd","Past",2020-11-21,"cumulative_deaths",1335,1335,1335,1335,1335,1335,1335,1335
"Idaho","return_normal","Past",2020-11-21,"cumulative_deaths",1335,1335,1335,1335,1335,1335,1335,1335
"Idaho","status_quo","Past",2020-11-21,"cumulative_deaths",1335,1335,1335,1335,1335,1335,1335,1335
"Idaho","linear_increase_sd","Past",2020-11-21,"cumulative_hosps",10446,10446,10446,10446,10446,10446,10446,10446
"Idaho","return_normal","Past",2020-11-21,"cumulative_hosps",10446,10446,10446,10446,10446,10446,10446,10446
"Idaho","status_quo","Past",2020-11-21,"cumulative_hosps",10446,10446,10446,10446,10446,10446,10446,10446
"Idaho","linear_increase_sd","Past",2020-11-21,"daily_all_infections",3740,3740,3740,3740,3740,3740,3740,3740
"Idaho","return_normal","Past",2020-11-21,"daily_all_infections",3740,3740,3740,3740,3740,3740,3740,3740
"Idaho","status_quo","Past",2020-11-21,"daily_all_infections",3740,3740,3740,3740,3740,3740,3740,3740
"Idaho","linear_increase_sd","Past",2020-11-21,"daily_cases",1490,1490,1490,1490,1490,1490,1490,1490
"Idaho","return_normal","Past",2020-11-21,"daily_cases",1490,1490,1490,1490,1490,1490,1490,1490
"Idaho","status_quo","Past",2020-11-21,"daily_cases",1490,1490,1490,1490,1490,1490,1490,1490
"Idaho","linear_increase_sd","Past",2020-11-21,"daily_deaths",14,14,14,14,14,14,14,14
"Idaho","return_normal","Past",2020-11-21,"daily_deaths",14,14,14,14,14,14,14,14
"Idaho","status_quo","Past",2020-11-21,"daily_deaths",14,14,14,14,14,14,14,14
"Idaho","linear_increase_sd","Past",2020-11-21,"daily_hosps",152,152,152,152,152,152,152,152
"Idaho","return_normal","Past",2020-11-21,"daily_hosps",152,152,152,152,152,152,152,152
"Idaho","status_quo","Past",2020-11-21,"daily_hosps",152,152,152,152,152,152,152,152
"Idaho","linear_increase_sd","Past",2020-11-21,"latent_trend",NA,NA,NA,0.615845183541439,NA,NA,NA,NA
"Idaho","return_normal","Past",2020-11-21,"latent_trend",NA,NA,NA,0.615845183541439,NA,NA,NA,NA
"Idaho","status_quo","Past",2020-11-21,"latent_trend",NA,NA,NA,0.615845183541439,NA,NA,NA,NA
"Idaho","linear_increase_sd","Past",2020-11-21,"mobility_trend",NA,NA,NA,0.7208521403761,NA,NA,NA,NA
"Idaho","return_normal","Past",2020-11-21,"mobility_trend",NA,NA,NA,0.7208521403761,NA,NA,NA,NA
"Idaho","status_quo","Past",2020-11-21,"mobility_trend",NA,NA,NA,0.7208521403761,NA,NA,NA,NA
"Idaho",NA,"Past",2020-11-22,"actual_cumulative_cases",NA,NA,NA,90834,NA,NA,NA,NA
"Idaho",NA,"Past",2020-11-22,"actual_cumulative_deaths",NA,NA,NA,849,NA,NA,NA,NA
"Idaho",NA,"Past",2020-11-22,"actual_daily_cases",NA,NA,NA,1070,NA,NA,NA,NA
"Idaho",NA,"Past",2020-11-22,"actual_daily_deaths",NA,NA,NA,2,NA,NA,NA,NA
"Idaho","linear_increase_sd","Past",2020-11-22,"combined_trend",NA,NA,NA,0.444532608836152,NA,NA,NA,NA
"Idaho","return_normal","Past",2020-11-22,"combined_trend",NA,NA,NA,0.444532608836152,NA,NA,NA,NA
"Idaho","status_quo","Past",2020-11-22,"combined_trend",NA,NA,NA,0.444532608836152,NA,NA,NA,NA
"Idaho","linear_increase_sd","Past",2020-11-22,"cumulative_all_infections",285815,285815,285815,285815,285815,285815,285815,285815
"Idaho","return_normal","Past",2020-11-22,"cumulative_all_infections",285815,285815,285815,285815,285815,285815,285815,285815
"Idaho","status_quo","Past",2020-11-22,"cumulative_all_infections",285815,285815,285815,285815,285815,285815,285815,285815
"Idaho","linear_increase_sd","Past",2020-11-22,"cumulative_cases",96013,96013,96013,96013,96013,96013,96013,96013
"Idaho","return_normal","Past",2020-11-22,"cumulative_cases",96013,96013,96013,96013,96013,96013,96013,96013
"Idaho","status_quo","Past",2020-11-22,"cumulative_cases",96013,96013,96013,96013,96013,96013,96013,96013
"Idaho","linear_increase_sd","Past",2020-11-22,"cumulative_deaths",1349,1349,1349,1349,1349,1349,1349,1349
"Idaho","return_normal","Past",2020-11-22,"cumulative_deaths",1349,1349,1349,1349,1349,1349,1349,1349
"Idaho","status_quo","Past",2020-11-22,"cumulative_deaths",1349,1349,1349,1349,1349,1349,1349,1349
"Idaho","linear_increase_sd","Past",2020-11-22,"cumulative_hosps",10600,10600,10600,10600,10600,10600,10600,10600
"Idaho","return_normal","Past",2020-11-22,"cumulative_hosps",10600,10600,10600,10600,10600,10600,10600,10600
"Idaho","status_quo","Past",2020-11-22,"cumulative_hosps",10600,10600,10600,10600,10600,10600,10600,10600
"Idaho","linear_increase_sd","Past",2020-11-22,"daily_all_infections",3768,3768,3768,3768,3768,3768,3768,3768
"Idaho","return_normal","Past",2020-11-22,"daily_all_infections",3768,3768,3768,3768,3768,3768,3768,3768
"Idaho","status_quo","Past",2020-11-22,"daily_all_infections",3768,3768,3768,3768,3768,3768,3768,3768
"Idaho","linear_increase_sd","Past",2020-11-22,"daily_cases",1455,1455,1455,1455,1455,1455,1455,1455
"Idaho","return_normal","Past",2020-11-22,"daily_cases",1455,1455,1455,1455,1455,1455,1455,1455
"Idaho","status_quo","Past",2020-11-22,"daily_cases",1455,1455,1455,1455,1455,1455,1455,1455
"Idaho","linear_increase_sd","Past",2020-11-22,"daily_deaths",14,14,14,14,14,14,14,14
"Idaho","return_normal","Past",2020-11-22,"daily_deaths",14,14,14,14,14,14,14,14
"Idaho","status_quo","Past",2020-11-22,"daily_deaths",14,14,14,14,14,14,14,14
"Idaho","linear_increase_sd","Past",2020-11-22,"daily_hosps",154,154,154,154,154,154,154,154
"Idaho","return_normal","Past",2020-11-22,"daily_hosps",154,154,154,154,154,154,154,154
"Idaho","status_quo","Past",2020-11-22,"daily_hosps",154,154,154,154,154,154,154,154
"Idaho","linear_increase_sd","Past",2020-11-22,"latent_trend",NA,NA,NA,0.616153405884239,NA,NA,NA,NA
"Idaho","return_normal","Past",2020-11-22,"latent_trend",NA,NA,NA,0.616153405884239,NA,NA,NA,NA
"Idaho","status_quo","Past",2020-11-22,"latent_trend",NA,NA,NA,0.616153405884239,NA,NA,NA,NA
"Idaho","linear_increase_sd","Past",2020-11-22,"mobility_trend",NA,NA,NA,0.721464175302586,NA,NA,NA,NA
"Idaho","return_normal","Past",2020-11-22,"mobility_trend",NA,NA,NA,0.721464175302586,NA,NA,NA,NA
"Idaho","status_quo","Past",2020-11-22,"mobility_trend",NA,NA,NA,0.721464175302586,NA,NA,NA,NA
"Idaho",NA,"Past",2020-11-23,"actual_cumulative_cases",NA,NA,NA,91653,NA,NA,NA,NA
"Idaho",NA,"Past",2020-11-23,"actual_cumulative_deaths",NA,NA,NA,851,NA,NA,NA,NA
"Idaho",NA,"Past",2020-11-23,"actual_daily_cases",NA,NA,NA,819,NA,NA,NA,NA
"Idaho",NA,"Past",2020-11-23,"actual_daily_deaths",NA,NA,NA,2,NA,NA,NA,NA
"Idaho","linear_increase_sd","Past",2020-11-23,"combined_trend",NA,NA,NA,0.444919095304898,NA,NA,NA,NA
"Idaho","return_normal","Past",2020-11-23,"combined_trend",NA,NA,NA,0.444919095304898,NA,NA,NA,NA
"Idaho","status_quo","Past",2020-11-23,"combined_trend",NA,NA,NA,0.444919095304898,NA,NA,NA,NA
"Idaho","linear_increase_sd","Past",2020-11-23,"cumulative_all_infections",289604,289604,289604,289604,289604,289604,289604,289604
"Idaho","return_normal","Past",2020-11-23,"cumulative_all_infections",289604,289604,289604,289604,289604,289604,289604,289604
"Idaho","status_quo","Past",2020-11-23,"cumulative_all_infections",289604,289604,289604,289604,289604,289604,289604,289604
"Idaho","linear_increase_sd","Past",2020-11-23,"cumulative_cases",97258,97258,97258,97258,97258,97258,97258,97258
"Idaho","return_normal","Past",2020-11-23,"cumulative_cases",97258,97258,97258,97258,97258,97258,97258,97258
"Idaho","status_quo","Past",2020-11-23,"cumulative_cases",97258,97258,97258,97258,97258,97258,97258,97258
"Idaho","linear_increase_sd","Past",2020-11-23,"cumulative_deaths",1361,1361,1361,1361,1361,1361,1361,1361
"Idaho","return_normal","Past",2020-11-23,"cumulative_deaths",1361,1361,1361,1361,1361,1361,1361,1361
"Idaho","status_quo","Past",2020-11-23,"cumulative_deaths",1361,1361,1361,1361,1361,1361,1361,1361
"Idaho","linear_increase_sd","Past",2020-11-23,"cumulative_hosps",10757,10757,10757,10757,10757,10757,10757,10757
"Idaho","return_normal","Past",2020-11-23,"cumulative_hosps",10757,10757,10757,10757,10757,10757,10757,10757
"Idaho","status_quo","Past",2020-11-23,"cumulative_hosps",10757,10757,10757,10757,10757,10757,10757,10757
"Idaho","linear_increase_sd","Past",2020-11-23,"daily_all_infections",3789,3789,3789,3789,3789,3789,3789,3789
"Idaho","return_normal","Past",2020-11-23,"daily_all_infections",3789,3789,3789,3789,3789,3789,3789,3789
"Idaho","status_quo","Past",2020-11-23,"daily_all_infections",3789,3789,3789,3789,3789,3789,3789,3789
"Idaho","linear_increase_sd","Past",2020-11-23,"daily_cases",1245,1245,1245,1245,1245,1245,1245,1245
"Idaho","return_normal","Past",2020-11-23,"daily_cases",1245,1245,1245,1245,1245,1245,1245,1245
"Idaho","status_quo","Past",2020-11-23,"daily_cases",1245,1245,1245,1245,1245,1245,1245,1245
"Idaho","linear_increase_sd","Past",2020-11-23,"daily_deaths",12,12,12,12,12,12,12,12
"Idaho","return_normal","Past",2020-11-23,"daily_deaths",12,12,12,12,12,12,12,12
"Idaho","status_quo","Past",2020-11-23,"daily_deaths",12,12,12,12,12,12,12,12
"Idaho","linear_increase_sd","Past",2020-11-23,"daily_hosps",157,157,157,157,157,157,157,157
"Idaho","return_normal","Past",2020-11-23,"daily_hosps",157,157,157,157,157,157,157,157
"Idaho","status_quo","Past",2020-11-23,"daily_hosps",157,157,157,157,157,157,157,157
"Idaho","linear_increase_sd","Past",2020-11-23,"latent_trend",NA,NA,NA,0.616343099978992,NA,NA,NA,NA
"Idaho","return_normal","Past",2020-11-23,"latent_trend",NA,NA,NA,0.616343099978992,NA,NA,NA,NA
"Idaho","status_quo","Past",2020-11-23,"latent_trend",NA,NA,NA,0.616343099978992,NA,NA,NA,NA
"Idaho","linear_increase_sd","Past",2020-11-23,"mobility_trend",NA,NA,NA,0.721869191559154,NA,NA,NA,NA
"Idaho","return_normal","Past",2020-11-23,"mobility_trend",NA,NA,NA,0.721869191559154,NA,NA,NA,NA
"Idaho","status_quo","Past",2020-11-23,"mobility_trend",NA,NA,NA,0.721869191559154,NA,NA,NA,NA
"Idaho",NA,"Past",2020-11-24,"actual_cumulative_cases",NA,NA,NA,93090,NA,NA,NA,NA
"Idaho",NA,"Past",2020-11-24,"actual_cumulative_deaths",NA,NA,NA,868,NA,NA,NA,NA
"Idaho",NA,"Past",2020-11-24,"actual_daily_cases",NA,NA,NA,1437,NA,NA,NA,NA
"Idaho",NA,"Past",2020-11-24,"actual_daily_deaths",NA,NA,NA,17,NA,NA,NA,NA
"Idaho","linear_increase_sd","Past",2020-11-24,"combined_trend",NA,NA,NA,0.445058352028522,NA,NA,NA,NA
"Idaho","return_normal","Past",2020-11-24,"combined_trend",NA,NA,NA,0.445058352028522,NA,NA,NA,NA
"Idaho","status_quo","Past",2020-11-24,"combined_trend",NA,NA,NA,0.445058352028522,NA,NA,NA,NA
"Idaho","linear_increase_sd","Past",2020-11-24,"cumulative_all_infections",293428,293428,293428,293428,293428,293428,293428,293428
"Idaho","return_normal","Past",2020-11-24,"cumulative_all_infections",293428,293428,293428,293428,293428,293428,293428,293428
"Idaho","status_quo","Past",2020-11-24,"cumulative_all_infections",293428,293428,293428,293428,293428,293428,293428,293428
"Idaho","linear_increase_sd","Past",2020-11-24,"cumulative_cases",98583,98583,98583,98583,98583,98583,98583,98583
"Idaho","return_normal","Past",2020-11-24,"cumulative_cases",98583,98583,98583,98583,98583,98583,98583,98583
"Idaho","status_quo","Past",2020-11-24,"cumulative_cases",98583,98583,98583,98583,98583,98583,98583,98583
"Idaho","linear_increase_sd","Past",2020-11-24,"cumulative_deaths",1375,1375,1375,1375,1375,1375,1375,1375
"Idaho","return_normal","Past",2020-11-24,"cumulative_deaths",1375,1375,1375,1375,1375,1375,1375,1375
"Idaho","status_quo","Past",2020-11-24,"cumulative_deaths",1375,1375,1375,1375,1375,1375,1375,1375
"Idaho","linear_increase_sd","Past",2020-11-24,"cumulative_hosps",10914,10914,10914,10914,10914,10914,10914,10914
"Idaho","return_normal","Past",2020-11-24,"cumulative_hosps",10914,10914,10914,10914,10914,10914,10914,10914
"Idaho","status_quo","Past",2020-11-24,"cumulative_hosps",10914,10914,10914,10914,10914,10914,10914,10914
"Idaho","linear_increase_sd","Past",2020-11-24,"daily_all_infections",3824,3824,3824,3824,3824,3824,3824,3824
"Idaho","return_normal","Past",2020-11-24,"daily_all_infections",3824,3824,3824,3824,3824,3824,3824,3824
"Idaho","status_quo","Past",2020-11-24,"daily_all_infections",3824,3824,3824,3824,3824,3824,3824,3824
"Idaho","linear_increase_sd","Past",2020-11-24,"daily_cases",1325,1325,1325,1325,1325,1325,1325,1325
"Idaho","return_normal","Past",2020-11-24,"daily_cases",1325,1325,1325,1325,1325,1325,1325,1325
"Idaho","status_quo","Past",2020-11-24,"daily_cases",1325,1325,1325,1325,1325,1325,1325,1325
"Idaho","linear_increase_sd","Past",2020-11-24,"daily_deaths",14,14,14,14,14,14,14,14
"Idaho","return_normal","Past",2020-11-24,"daily_deaths",14,14,14,14,14,14,14,14
"Idaho","status_quo","Past",2020-11-24,"daily_deaths",14,14,14,14,14,14,14,14
"Idaho","linear_increase_sd","Past",2020-11-24,"daily_hosps",157,157,157,157,157,157,157,157
"Idaho","return_normal","Past",2020-11-24,"daily_hosps",157,157,157,157,157,157,157,157
"Idaho","status_quo","Past",2020-11-24,"daily_hosps",157,157,157,157,157,157,157,157
"Idaho","linear_increase_sd","Past",2020-11-24,"latent_trend",NA,NA,NA,0.616408518855854,NA,NA,NA,NA
"Idaho","return_normal","Past",2020-11-24,"latent_trend",NA,NA,NA,0.616408518855854,NA,NA,NA,NA
"Idaho","status_quo","Past",2020-11-24,"latent_trend",NA,NA,NA,0.616408518855854,NA,NA,NA,NA
"Idaho","linear_increase_sd","Past",2020-11-24,"mobility_trend",NA,NA,NA,0.722018496523404,NA,NA,NA,NA
"Idaho","return_normal","Past",2020-11-24,"mobility_trend",NA,NA,NA,0.722018496523404,NA,NA,NA,NA
"Idaho","status_quo","Past",2020-11-24,"mobility_trend",NA,NA,NA,0.722018496523404,NA,NA,NA,NA
"Idaho",NA,"Past",2020-11-25,"actual_cumulative_cases",NA,NA,NA,94730,NA,NA,NA,NA
"Idaho",NA,"Past",2020-11-25,"actual_cumulative_deaths",NA,NA,NA,876,NA,NA,NA,NA
"Idaho",NA,"Past",2020-11-25,"actual_daily_cases",NA,NA,NA,1640,NA,NA,NA,NA
"Idaho",NA,"Past",2020-11-25,"actual_daily_deaths",NA,NA,NA,8,NA,NA,NA,NA
"Idaho","linear_increase_sd","Past",2020-11-25,"combined_trend",NA,NA,NA,0.444942125752959,NA,NA,NA,NA
"Idaho","return_normal","Past",2020-11-25,"combined_trend",NA,NA,NA,0.444942125752959,NA,NA,NA,NA
"Idaho","status_quo","Past",2020-11-25,"combined_trend",NA,NA,NA,0.444942125752959,NA,NA,NA,NA
"Idaho","linear_increase_sd","Past",2020-11-25,"cumulative_all_infections",297263,297263,297263,297263,297263,297263,297263,297263
"Idaho","return_normal","Past",2020-11-25,"cumulative_all_infections",297263,297263,297263,297263,297263,297263,297263,297263
"Idaho","status_quo","Past",2020-11-25,"cumulative_all_infections",297263,297263,297263,297263,297263,297263,297263,297263
"Idaho","linear_increase_sd","Past",2020-11-25,"cumulative_cases",100014,100014,100014,100014,100014,100014,100014,100014
"Idaho","return_normal","Past",2020-11-25,"cumulative_cases",100014,100014,100014,100014,100014,100014,100014,100014
"Idaho","status_quo","Past",2020-11-25,"cumulative_cases",100014,100014,100014,100014,100014,100014,100014,100014
"Idaho","linear_increase_sd","Past",2020-11-25,"cumulative_deaths",1388,1388,1388,1388,1388,1388,1388,1388
"Idaho","return_normal","Past",2020-11-25,"cumulative_deaths",1388,1388,1388,1388,1388,1388,1388,1388
"Idaho","status_quo","Past",2020-11-25,"cumulative_deaths",1388,1388,1388,1388,1388,1388,1388,1388
"Idaho","linear_increase_sd","Past",2020-11-25,"cumulative_hosps",11070,11070,11070,11070,11070,11070,11070,11070
"Idaho","return_normal","Past",2020-11-25,"cumulative_hosps",11070,11070,11070,11070,11070,11070,11070,11070
"Idaho","status_quo","Past",2020-11-25,"cumulative_hosps",11070,11070,11070,11070,11070,11070,11070,11070
"Idaho","linear_increase_sd","Past",2020-11-25,"daily_all_infections",3835,3835,3835,3835,3835,3835,3835,3835
"Idaho","return_normal","Past",2020-11-25,"daily_all_infections",3835,3835,3835,3835,3835,3835,3835,3835
"Idaho","status_quo","Past",2020-11-25,"daily_all_infections",3835,3835,3835,3835,3835,3835,3835,3835
"Idaho","linear_increase_sd","Past",2020-11-25,"daily_cases",1431,1431,1431,1431,1431,1431,1431,1431
"Idaho","return_normal","Past",2020-11-25,"daily_cases",1431,1431,1431,1431,1431,1431,1431,1431
"Idaho","status_quo","Past",2020-11-25,"daily_cases",1431,1431,1431,1431,1431,1431,1431,1431
"Idaho","linear_increase_sd","Past",2020-11-25,"daily_deaths",13,13,13,13,13,13,13,13
"Idaho","return_normal","Past",2020-11-25,"daily_deaths",13,13,13,13,13,13,13,13
"Idaho","status_quo","Past",2020-11-25,"daily_deaths",13,13,13,13,13,13,13,13
"Idaho","linear_increase_sd","Past",2020-11-25,"daily_hosps",156,156,156,156,156,156,156,156
"Idaho","return_normal","Past",2020-11-25,"daily_hosps",156,156,156,156,156,156,156,156
"Idaho","status_quo","Past",2020-11-25,"daily_hosps",156,156,156,156,156,156,156,156
"Idaho","linear_increase_sd","Past",2020-11-25,"latent_trend",NA,NA,NA,0.616343872973571,NA,NA,NA,NA
"Idaho","return_normal","Past",2020-11-25,"latent_trend",NA,NA,NA,0.616343872973571,NA,NA,NA,NA
"Idaho","status_quo","Past",2020-11-25,"latent_trend",NA,NA,NA,0.616343872973571,NA,NA,NA,NA
"Idaho","linear_increase_sd","Past",2020-11-25,"mobility_trend",NA,NA,NA,0.72190565245067,NA,NA,NA,NA
"Idaho","return_normal","Past",2020-11-25,"mobility_trend",NA,NA,NA,0.72190565245067,NA,NA,NA,NA
"Idaho","status_quo","Past",2020-11-25,"mobility_trend",NA,NA,NA,0.72190565245067,NA,NA,NA,NA
"Idaho",NA,"Past",2020-11-26,"actual_cumulative_cases",NA,NA,NA,96503,NA,NA,NA,NA
"Idaho",NA,"Past",2020-11-26,"actual_cumulative_deaths",NA,NA,NA,897,NA,NA,NA,NA
"Idaho",NA,"Past",2020-11-26,"actual_daily_cases",NA,NA,NA,1773,NA,NA,NA,NA
"Idaho",NA,"Past",2020-11-26,"actual_daily_deaths",NA,NA,NA,21,NA,NA,NA,NA
"Idaho","linear_increase_sd","Past",2020-11-26,"combined_trend",NA,NA,NA,0.444568855842206,NA,NA,NA,NA
"Idaho","return_normal","Past",2020-11-26,"combined_trend",NA,NA,NA,0.444568855842206,NA,NA,NA,NA
"Idaho","status_quo","Past",2020-11-26,"combined_trend",NA,NA,NA,0.444568855842206,NA,NA,NA,NA
"Idaho","linear_increase_sd","Past",2020-11-26,"cumulative_all_infections",301113,301113,301113,301113,301113,301113,301113,301113
"Idaho","return_normal","Past",2020-11-26,"cumulative_all_infections",301113,301113,301113,301113,301113,301113,301113,301113
"Idaho","status_quo","Past",2020-11-26,"cumulative_all_infections",301113,301113,301113,301113,301113,301113,301113,301113
"Idaho","linear_increase_sd","Past",2020-11-26,"cumulative_cases",101343,101343,101343,101343,101343,101343,101343,101343
"Idaho","return_normal","Past",2020-11-26,"cumulative_cases",101343,101343,101343,101343,101343,101343,101343,101343
"Idaho","status_quo","Past",2020-11-26,"cumulative_cases",101343,101343,101343,101343,101343,101343,101343,101343
"Idaho","linear_increase_sd","Past",2020-11-26,"cumulative_deaths",1403,1403,1403,1403,1403,1403,1403,1403
"Idaho","return_normal","Past",2020-11-26,"cumulative_deaths",1403,1403,1403,1403,1403,1403,1403,1403
"Idaho","status_quo","Past",2020-11-26,"cumulative_deaths",1403,1403,1403,1403,1403,1403,1403,1403
"Idaho","linear_increase_sd","Past",2020-11-26,"cumulative_hosps",11233,11233,11233,11233,11233,11233,11233,11233
"Idaho","return_normal","Past",2020-11-26,"cumulative_hosps",11233,11233,11233,11233,11233,11233,11233,11233
"Idaho","status_quo","Past",2020-11-26,"cumulative_hosps",11233,11233,11233,11233,11233,11233,11233,11233
"Idaho","linear_increase_sd","Past",2020-11-26,"daily_all_infections",3850,3850,3850,3850,3850,3850,3850,3850
"Idaho","return_normal","Past",2020-11-26,"daily_all_infections",3850,3850,3850,3850,3850,3850,3850,3850
"Idaho","status_quo","Past",2020-11-26,"daily_all_infections",3850,3850,3850,3850,3850,3850,3850,3850
"Idaho","linear_increase_sd","Past",2020-11-26,"daily_cases",1329,1329,1329,1329,1329,1329,1329,1329
"Idaho","return_normal","Past",2020-11-26,"daily_cases",1329,1329,1329,1329,1329,1329,1329,1329
"Idaho","status_quo","Past",2020-11-26,"daily_cases",1329,1329,1329,1329,1329,1329,1329,1329
"Idaho","linear_increase_sd","Past",2020-11-26,"daily_deaths",15,15,15,15,15,15,15,15
"Idaho","return_normal","Past",2020-11-26,"daily_deaths",15,15,15,15,15,15,15,15
"Idaho","status_quo","Past",2020-11-26,"daily_deaths",15,15,15,15,15,15,15,15
"Idaho","linear_increase_sd","Past",2020-11-26,"daily_hosps",163,163,163,163,163,163,163,163
"Idaho","return_normal","Past",2020-11-26,"daily_hosps",163,163,163,163,163,163,163,163
"Idaho","status_quo","Past",2020-11-26,"daily_hosps",163,163,163,163,163,163,163,163
"Idaho","linear_increase_sd","Past",2020-11-26,"latent_trend",NA,NA,NA,0.616143344561935,NA,NA,NA,NA
"Idaho","return_normal","Past",2020-11-26,"latent_trend",NA,NA,NA,0.616143344561935,NA,NA,NA,NA
"Idaho","status_quo","Past",2020-11-26,"latent_trend",NA,NA,NA,0.616143344561935,NA,NA,NA,NA
"Idaho","linear_increase_sd","Past",2020-11-26,"mobility_trend",NA,NA,NA,0.721534785315722,NA,NA,NA,NA
"Idaho","return_normal","Past",2020-11-26,"mobility_trend",NA,NA,NA,0.721534785315722,NA,NA,NA,NA
"Idaho","status_quo","Past",2020-11-26,"mobility_trend",NA,NA,NA,0.721534785315722,NA,NA,NA,NA
"Idaho",NA,"Past",2020-11-27,"actual_cumulative_cases",NA,NA,NA,96503,NA,NA,NA,NA
"Idaho",NA,"Past",2020-11-27,"actual_cumulative_deaths",NA,NA,NA,897,NA,NA,NA,NA
"Idaho",NA,"Past",2020-11-27,"actual_daily_cases",NA,NA,NA,0,NA,NA,NA,NA
"Idaho",NA,"Past",2020-11-27,"actual_daily_deaths",NA,NA,NA,0,NA,NA,NA,NA
"Idaho","linear_increase_sd","Past",2020-11-27,"combined_trend",NA,NA,NA,0.443938518846682,NA,NA,NA,NA
"Idaho","return_normal","Past",2020-11-27,"combined_trend",NA,NA,NA,0.443938518846682,NA,NA,NA,NA
"Idaho","status_quo","Past",2020-11-27,"combined_trend",NA,NA,NA,0.443938518846682,NA,NA,NA,NA
"Idaho","linear_increase_sd","Past",2020-11-27,"cumulative_all_infections",304978,304978,304978,304978,304978,304978,304978,304978
"Idaho","return_normal","Past",2020-11-27,"cumulative_all_infections",304978,304978,304978,304978,304978,304978,304978,304978
"Idaho","status_quo","Past",2020-11-27,"cumulative_all_infections",304978,304978,304978,304978,304978,304978,304978,304978
"Idaho","linear_increase_sd","Past",2020-11-27,"cumulative_cases",102553,102553,102553,102553,102553,102553,102553,102553
"Idaho","return_normal","Past",2020-11-27,"cumulative_cases",102553,102553,102553,102553,102553,102553,102553,102553
"Idaho","status_quo","Past",2020-11-27,"cumulative_cases",102553,102553,102553,102553,102553,102553,102553,102553
"Idaho","linear_increase_sd","Past",2020-11-27,"cumulative_deaths",1416,1416,1416,1416,1416,1416,1416,1416
"Idaho","return_normal","Past",2020-11-27,"cumulative_deaths",1416,1416,1416,1416,1416,1416,1416,1416
"Idaho","status_quo","Past",2020-11-27,"cumulative_deaths",1416,1416,1416,1416,1416,1416,1416,1416
"Idaho","linear_increase_sd","Past",2020-11-27,"cumulative_hosps",11394,11394,11394,11394,11394,11394,11394,11394
"Idaho","return_normal","Past",2020-11-27,"cumulative_hosps",11394,11394,11394,11394,11394,11394,11394,11394
"Idaho","status_quo","Past",2020-11-27,"cumulative_hosps",11394,11394,11394,11394,11394,11394,11394,11394
"Idaho","linear_increase_sd","Past",2020-11-27,"daily_all_infections",3865,3865,3865,3865,3865,3865,3865,3865
"Idaho","return_normal","Past",2020-11-27,"daily_all_infections",3865,3865,3865,3865,3865,3865,3865,3865
"Idaho","status_quo","Past",2020-11-27,"daily_all_infections",3865,3865,3865,3865,3865,3865,3865,3865
"Idaho","linear_increase_sd","Past",2020-11-27,"daily_cases",1210,1210,1210,1210,1210,1210,1210,1210
"Idaho","return_normal","Past",2020-11-27,"daily_cases",1210,1210,1210,1210,1210,1210,1210,1210
"Idaho","status_quo","Past",2020-11-27,"daily_cases",1210,1210,1210,1210,1210,1210,1210,1210
"Idaho","linear_increase_sd","Past",2020-11-27,"daily_deaths",13,13,13,13,13,13,13,13
"Idaho","return_normal","Past",2020-11-27,"daily_deaths",13,13,13,13,13,13,13,13
"Idaho","status_quo","Past",2020-11-27,"daily_deaths",13,13,13,13,13,13,13,13
"Idaho","linear_increase_sd","Past",2020-11-27,"daily_hosps",161,161,161,161,161,161,161,161
"Idaho","return_normal","Past",2020-11-27,"daily_hosps",161,161,161,161,161,161,161,161
"Idaho","status_quo","Past",2020-11-27,"daily_hosps",161,161,161,161,161,161,161,161
"Idaho","linear_increase_sd","Past",2020-11-27,"latent_trend",NA,NA,NA,0.615802951626901,NA,NA,NA,NA
"Idaho","return_normal","Past",2020-11-27,"latent_trend",NA,NA,NA,0.615802951626901,NA,NA,NA,NA
"Idaho","status_quo","Past",2020-11-27,"latent_trend",NA,NA,NA,0.615802951626901,NA,NA,NA,NA
"Idaho","linear_increase_sd","Past",2020-11-27,"mobility_trend",NA,NA,NA,0.720910021093327,NA,NA,NA,NA
"Idaho","return_normal","Past",2020-11-27,"mobility_trend",NA,NA,NA,0.720910021093327,NA,NA,NA,NA
"Idaho","status_quo","Past",2020-11-27,"mobility_trend",NA,NA,NA,0.720910021093327,NA,NA,NA,NA
"Idaho",NA,"Past",2020-11-28,"actual_cumulative_cases",NA,NA,NA,98500,NA,NA,NA,NA
"Idaho",NA,"Past",2020-11-28,"actual_cumulative_deaths",NA,NA,NA,911,NA,NA,NA,NA
"Idaho",NA,"Past",2020-11-28,"actual_daily_cases",NA,NA,NA,1997,NA,NA,NA,NA
"Idaho",NA,"Past",2020-11-28,"actual_daily_deaths",NA,NA,NA,14,NA,NA,NA,NA
"Idaho","linear_increase_sd","Past",2020-11-28,"combined_trend",NA,NA,NA,0.443053976648035,NA,NA,NA,NA
"Idaho","return_normal","Past",2020-11-28,"combined_trend",NA,NA,NA,0.443053976648035,NA,NA,NA,NA
"Idaho","status_quo","Past",2020-11-28,"combined_trend",NA,NA,NA,0.443053976648035,NA,NA,NA,NA
"Idaho","linear_increase_sd","Past",2020-11-28,"cumulative_all_infections",308857,308857,308857,308857,308857,308857,308857,308857
"Idaho","return_normal","Past",2020-11-28,"cumulative_all_infections",308857,308857,308857,308857,308857,308857,308857,308857
"Idaho","status_quo","Past",2020-11-28,"cumulative_all_infections",308857,308857,308857,308857,308857,308857,308857,308857
"Idaho","linear_increase_sd","Past",2020-11-28,"cumulative_cases",104175,104175,104175,104175,104175,104175,104175,104175
"Idaho","return_normal","Past",2020-11-28,"cumulative_cases",104175,104175,104175,104175,104175,104175,104175,104175
"Idaho","status_quo","Past",2020-11-28,"cumulative_cases",104175,104175,104175,104175,104175,104175,104175,104175
"Idaho","linear_increase_sd","Past",2020-11-28,"cumulative_deaths",1431,1431,1431,1431,1431,1431,1431,1431
"Idaho","return_normal","Past",2020-11-28,"cumulative_deaths",1431,1431,1431,1431,1431,1431,1431,1431
"Idaho","status_quo","Past",2020-11-28,"cumulative_deaths",1431,1431,1431,1431,1431,1431,1431,1431
"Idaho","linear_increase_sd","Past",2020-11-28,"cumulative_hosps",11559,11559,11559,11559,11559,11559,11559,11559
"Idaho","return_normal","Past",2020-11-28,"cumulative_hosps",11559,11559,11559,11559,11559,11559,11559,11559
"Idaho","status_quo","Past",2020-11-28,"cumulative_hosps",11559,11559,11559,11559,11559,11559,11559,11559
"Idaho","linear_increase_sd","Past",2020-11-28,"daily_all_infections",3879,3879,3879,3879,3879,3879,3879,3879
"Idaho","return_normal","Past",2020-11-28,"daily_all_infections",3879,3879,3879,3879,3879,3879,3879,3879
"Idaho","status_quo","Past",2020-11-28,"daily_all_infections",3879,3879,3879,3879,3879,3879,3879,3879
"Idaho","linear_increase_sd","Past",2020-11-28,"daily_cases",1622,1622,1622,1622,1622,1622,1622,1622
"Idaho","return_normal","Past",2020-11-28,"daily_cases",1622,1622,1622,1622,1622,1622,1622,1622
"Idaho","status_quo","Past",2020-11-28,"daily_cases",1622,1622,1622,1622,1622,1622,1622,1622
"Idaho","linear_increase_sd","Past",2020-11-28,"daily_deaths",15,15,15,15,15,15,15,15
"Idaho","return_normal","Past",2020-11-28,"daily_deaths",15,15,15,15,15,15,15,15
"Idaho","status_quo","Past",2020-11-28,"daily_deaths",15,15,15,15,15,15,15,15
"Idaho","linear_increase_sd","Past",2020-11-28,"daily_hosps",165,165,165,165,165,165,165,165
"Idaho","return_normal","Past",2020-11-28,"daily_hosps",165,165,165,165,165,165,165,165
"Idaho","status_quo","Past",2020-11-28,"daily_hosps",165,165,165,165,165,165,165,165
"Idaho","linear_increase_sd","Past",2020-11-28,"latent_trend",NA,NA,NA,0.615321987970071,NA,NA,NA,NA
"Idaho","return_normal","Past",2020-11-28,"latent_trend",NA,NA,NA,0.615321987970071,NA,NA,NA,NA
"Idaho","status_quo","Past",2020-11-28,"latent_trend",NA,NA,NA,0.615321987970071,NA,NA,NA,NA
"Idaho","linear_increase_sd","Past",2020-11-28,"mobility_trend",NA,NA,NA,0.720035989790738,NA,NA,NA,NA
"Idaho","return_normal","Past",2020-11-28,"mobility_trend",NA,NA,NA,0.720035989790738,NA,NA,NA,NA
"Idaho","status_quo","Past",2020-11-28,"mobility_trend",NA,NA,NA,0.720035989790738,NA,NA,NA,NA
"Idaho",NA,"Past",2020-11-29,"actual_cumulative_cases",NA,NA,NA,99660,NA,NA,NA,NA
"Idaho",NA,"Past",2020-11-29,"actual_cumulative_deaths",NA,NA,NA,915,NA,NA,NA,NA
"Idaho",NA,"Past",2020-11-29,"actual_daily_cases",NA,NA,NA,1160,NA,NA,NA,NA
"Idaho",NA,"Past",2020-11-29,"actual_daily_deaths",NA,NA,NA,4,NA,NA,NA,NA
"Idaho","linear_increase_sd","Past",2020-11-29,"combined_trend",NA,NA,NA,0.441919738065416,NA,NA,NA,NA
"Idaho","return_normal","Past",2020-11-29,"combined_trend",NA,NA,NA,0.441919738065416,NA,NA,NA,NA
"Idaho","status_quo","Past",2020-11-29,"combined_trend",NA,NA,NA,0.441919738065416,NA,NA,NA,NA
"Idaho","linear_increase_sd","Past",2020-11-29,"cumulative_all_infections",312745,312745,312745,312745,312745,312745,312745,312745
"Idaho","return_normal","Past",2020-11-29,"cumulative_all_infections",312745,312745,312745,312745,312745,312745,312745,312745
"Idaho","status_quo","Past",2020-11-29,"cumulative_all_infections",312745,312745,312745,312745,312745,312745,312745,312745
"Idaho","linear_increase_sd","Past",2020-11-29,"cumulative_cases",105640,105640,105640,105640,105640,105640,105640,105640
"Idaho","return_normal","Past",2020-11-29,"cumulative_cases",105640,105640,105640,105640,105640,105640,105640,105640
"Idaho","status_quo","Past",2020-11-29,"cumulative_cases",105640,105640,105640,105640,105640,105640,105640,105640
"Idaho","linear_increase_sd","Past",2020-11-29,"cumulative_deaths",1446,1446,1446,1446,1446,1446,1446,1446
"Idaho","return_normal","Past",2020-11-29,"cumulative_deaths",1446,1446,1446,1446,1446,1446,1446,1446
"Idaho","status_quo","Past",2020-11-29,"cumulative_deaths",1446,1446,1446,1446,1446,1446,1446,1446
"Idaho","linear_increase_sd","Past",2020-11-29,"cumulative_hosps",11723,11723,11723,11723,11723,11723,11723,11723
"Idaho","return_normal","Past",2020-11-29,"cumulative_hosps",11723,11723,11723,11723,11723,11723,11723,11723
"Idaho","status_quo","Past",2020-11-29,"cumulative_hosps",11723,11723,11723,11723,11723,11723,11723,11723
"Idaho","linear_increase_sd","Past",2020-11-29,"daily_all_infections",3888,3888,3888,3888,3888,3888,3888,3888
"Idaho","return_normal","Past",2020-11-29,"daily_all_infections",3888,3888,3888,3888,3888,3888,3888,3888
"Idaho","status_quo","Past",2020-11-29,"daily_all_infections",3888,3888,3888,3888,3888,3888,3888,3888
"Idaho","linear_increase_sd","Past",2020-11-29,"daily_cases",1465,1465,1465,1465,1465,1465,1465,1465
"Idaho","return_normal","Past",2020-11-29,"daily_cases",1465,1465,1465,1465,1465,1465,1465,1465
"Idaho","status_quo","Past",2020-11-29,"daily_cases",1465,1465,1465,1465,1465,1465,1465,1465
"Idaho","linear_increase_sd","Past",2020-11-29,"daily_deaths",15,15,15,15,15,15,15,15
"Idaho","return_normal","Past",2020-11-29,"daily_deaths",15,15,15,15,15,15,15,15
"Idaho","status_quo","Past",2020-11-29,"daily_deaths",15,15,15,15,15,15,15,15
"Idaho","linear_increase_sd","Past",2020-11-29,"daily_hosps",164,164,164,164,164,164,164,164
"Idaho","return_normal","Past",2020-11-29,"daily_hosps",164,164,164,164,164,164,164,164
"Idaho","status_quo","Past",2020-11-29,"daily_hosps",164,164,164,164,164,164,164,164
"Idaho","linear_increase_sd","Past",2020-11-29,"latent_trend",NA,NA,NA,0.614700029595003,NA,NA,NA,NA
"Idaho","return_normal","Past",2020-11-29,"latent_trend",NA,NA,NA,0.614700029595003,NA,NA,NA,NA
"Idaho","status_quo","Past",2020-11-29,"latent_trend",NA,NA,NA,0.614700029595003,NA,NA,NA,NA
"Idaho","linear_increase_sd","Past",2020-11-29,"mobility_trend",NA,NA,NA,0.718919337545138,NA,NA,NA,NA
"Idaho","return_normal","Past",2020-11-29,"mobility_trend",NA,NA,NA,0.718919337545138,NA,NA,NA,NA
"Idaho","status_quo","Past",2020-11-29,"mobility_trend",NA,NA,NA,0.718919337545138,NA,NA,NA,NA
"Idaho",NA,"Past",2020-11-30,"actual_cumulative_cases",NA,NA,NA,100484,NA,NA,NA,NA
"Idaho",NA,"Past",2020-11-30,"actual_cumulative_deaths",NA,NA,NA,922,NA,NA,NA,NA
"Idaho",NA,"Past",2020-11-30,"actual_daily_cases",NA,NA,NA,824,NA,NA,NA,NA
"Idaho",NA,"Past",2020-11-30,"actual_daily_deaths",NA,NA,NA,7,NA,NA,NA,NA
"Idaho","linear_increase_sd","Past",2020-11-30,"combined_trend",NA,NA,NA,0.440540773184797,NA,NA,NA,NA
"Idaho","return_normal","Past",2020-11-30,"combined_trend",NA,NA,NA,0.440540773184797,NA,NA,NA,NA
"Idaho","status_quo","Past",2020-11-30,"combined_trend",NA,NA,NA,0.440540773184797,NA,NA,NA,NA
"Idaho","linear_increase_sd","Past",2020-11-30,"cumulative_all_infections",316627,316627,316627,316627,316627,316627,316627,316627
"Idaho","return_normal","Past",2020-11-30,"cumulative_all_infections",316627,316627,316627,316627,316627,316627,316627,316627
"Idaho","status_quo","Past",2020-11-30,"cumulative_all_infections",316627,316627,316627,316627,316627,316627,316627,316627
"Idaho","linear_increase_sd","Past",2020-11-30,"cumulative_cases",107031,107031,107031,107031,107031,107031,107031,107031
"Idaho","return_normal","Past",2020-11-30,"cumulative_cases",107031,107031,107031,107031,107031,107031,107031,107031
"Idaho","status_quo","Past",2020-11-30,"cumulative_cases",107031,107031,107031,107031,107031,107031,107031,107031
"Idaho","linear_increase_sd","Past",2020-11-30,"cumulative_deaths",1462,1462,1462,1462,1462,1462,1462,1462
"Idaho","return_normal","Past",2020-11-30,"cumulative_deaths",1462,1462,1462,1462,1462,1462,1462,1462
"Idaho","status_quo","Past",2020-11-30,"cumulative_deaths",1462,1462,1462,1462,1462,1462,1462,1462
"Idaho","linear_increase_sd","Past",2020-11-30,"cumulative_hosps",11889,11889,11889,11889,11889,11889,11889,11889
"Idaho","return_normal","Past",2020-11-30,"cumulative_hosps",11889,11889,11889,11889,11889,11889,11889,11889
"Idaho","status_quo","Past",2020-11-30,"cumulative_hosps",11889,11889,11889,11889,11889,11889,11889,11889
"Idaho","linear_increase_sd","Past",2020-11-30,"daily_all_infections",3882,3882,3882,3882,3882,3882,3882,3882
"Idaho","return_normal","Past",2020-11-30,"daily_all_infections",3882,3882,3882,3882,3882,3882,3882,3882
"Idaho","status_quo","Past",2020-11-30,"daily_all_infections",3882,3882,3882,3882,3882,3882,3882,3882
"Idaho","linear_increase_sd","Past",2020-11-30,"daily_cases",1391,1391,1391,1391,1391,1391,1391,1391
"Idaho","return_normal","Past",2020-11-30,"daily_cases",1391,1391,1391,1391,1391,1391,1391,1391
"Idaho","status_quo","Past",2020-11-30,"daily_cases",1391,1391,1391,1391,1391,1391,1391,1391
"Idaho","linear_increase_sd","Past",2020-11-30,"daily_deaths",16,16,16,16,16,16,16,16
"Idaho","return_normal","Past",2020-11-30,"daily_deaths",16,16,16,16,16,16,16,16
"Idaho","status_quo","Past",2020-11-30,"daily_deaths",16,16,16,16,16,16,16,16
"Idaho","linear_increase_sd","Past",2020-11-30,"daily_hosps",166,166,166,166,166,166,166,166
"Idaho","return_normal","Past",2020-11-30,"daily_hosps",166,166,166,166,166,166,166,166
"Idaho","status_quo","Past",2020-11-30,"daily_hosps",166,166,166,166,166,166,166,166
"Idaho","linear_increase_sd","Past",2020-11-30,"latent_trend",NA,NA,NA,0.613936596135712,NA,NA,NA,NA
"Idaho","return_normal","Past",2020-11-30,"latent_trend",NA,NA,NA,0.613936596135712,NA,NA,NA,NA
"Idaho","status_quo","Past",2020-11-30,"latent_trend",NA,NA,NA,0.613936596135712,NA,NA,NA,NA
"Idaho","linear_increase_sd","Past",2020-11-30,"mobility_trend",NA,NA,NA,0.717567214526195,NA,NA,NA,NA
"Idaho","return_normal","Past",2020-11-30,"mobility_trend",NA,NA,NA,0.717567214526195,NA,NA,NA,NA
"Idaho","status_quo","Past",2020-11-30,"mobility_trend",NA,NA,NA,0.717567214526195,NA,NA,NA,NA
"Idaho",NA,"Past",2020-12-01,"actual_cumulative_cases",NA,NA,NA,101698,NA,NA,NA,NA
"Idaho",NA,"Past",2020-12-01,"actual_cumulative_deaths",NA,NA,NA,931,NA,NA,NA,NA
"Idaho",NA,"Past",2020-12-01,"actual_daily_cases",NA,NA,NA,1214,NA,NA,NA,NA
"Idaho",NA,"Past",2020-12-01,"actual_daily_deaths",NA,NA,NA,9,NA,NA,NA,NA
"Idaho","linear_increase_sd","Past",2020-12-01,"combined_trend",NA,NA,NA,0.438922194950823,NA,NA,NA,NA
"Idaho","return_normal","Past",2020-12-01,"combined_trend",NA,NA,NA,0.438922194950823,NA,NA,NA,NA
"Idaho","status_quo","Past",2020-12-01,"combined_trend",NA,NA,NA,0.438922194950823,NA,NA,NA,NA
"Idaho","linear_increase_sd","Past",2020-12-01,"cumulative_all_infections",320524,320524,320524,320524,320524,320524,320524,320524
"Idaho","return_normal","Past",2020-12-01,"cumulative_all_infections",320524,320524,320524,320524,320524,320524,320524,320524
"Idaho","status_quo","Past",2020-12-01,"cumulative_all_infections",320524,320524,320524,320524,320524,320524,320524,320524
"Idaho","linear_increase_sd","Past",2020-12-01,"cumulative_cases",108531,108531,108531,108531,108531,108531,108531,108531
"Idaho","return_normal","Past",2020-12-01,"cumulative_cases",108531,108531,108531,108531,108531,108531,108531,108531
"Idaho","status_quo","Past",2020-12-01,"cumulative_cases",108531,108531,108531,108531,108531,108531,108531,108531
"Idaho","linear_increase_sd","Past",2020-12-01,"cumulative_deaths",1476,1476,1476,1476,1476,1476,1476,1476
"Idaho","return_normal","Past",2020-12-01,"cumulative_deaths",1476,1476,1476,1476,1476,1476,1476,1476
"Idaho","status_quo","Past",2020-12-01,"cumulative_deaths",1476,1476,1476,1476,1476,1476,1476,1476
"Idaho","linear_increase_sd","Past",2020-12-01,"cumulative_hosps",12056,12056,12056,12056,12056,12056,12056,12056
"Idaho","return_normal","Past",2020-12-01,"cumulative_hosps",12056,12056,12056,12056,12056,12056,12056,12056
"Idaho","status_quo","Past",2020-12-01,"cumulative_hosps",12056,12056,12056,12056,12056,12056,12056,12056
"Idaho","linear_increase_sd","Past",2020-12-01,"daily_all_infections",3897,3897,3897,3897,3897,3897,3897,3897
"Idaho","return_normal","Past",2020-12-01,"daily_all_infections",3897,3897,3897,3897,3897,3897,3897,3897
"Idaho","status_quo","Past",2020-12-01,"daily_all_infections",3897,3897,3897,3897,3897,3897,3897,3897
"Idaho","linear_increase_sd","Past",2020-12-01,"daily_cases",1500,1500,1500,1500,1500,1500,1500,1500
"Idaho","return_normal","Past",2020-12-01,"daily_cases",1500,1500,1500,1500,1500,1500,1500,1500
"Idaho","status_quo","Past",2020-12-01,"daily_cases",1500,1500,1500,1500,1500,1500,1500,1500
"Idaho","linear_increase_sd","Past",2020-12-01,"daily_deaths",14,14,14,14,14,14,14,14
"Idaho","return_normal","Past",2020-12-01,"daily_deaths",14,14,14,14,14,14,14,14
"Idaho","status_quo","Past",2020-12-01,"daily_deaths",14,14,14,14,14,14,14,14
"Idaho","linear_increase_sd","Past",2020-12-01,"daily_hosps",167,167,167,167,167,167,167,167
"Idaho","return_normal","Past",2020-12-01,"daily_hosps",167,167,167,167,167,167,167,167
"Idaho","status_quo","Past",2020-12-01,"daily_hosps",167,167,167,167,167,167,167,167
"Idaho","linear_increase_sd","Past",2020-12-01,"latent_trend",NA,NA,NA,0.613031151953971,NA,NA,NA,NA
"Idaho","return_normal","Past",2020-12-01,"latent_trend",NA,NA,NA,0.613031151953971,NA,NA,NA,NA
"Idaho","status_quo","Past",2020-12-01,"latent_trend",NA,NA,NA,0.613031151953971,NA,NA,NA,NA
"Idaho","linear_increase_sd","Past",2020-12-01,"mobility_trend",NA,NA,NA,0.715986770903576,NA,NA,NA,NA
"Idaho","return_normal","Past",2020-12-01,"mobility_trend",NA,NA,NA,0.715986770903576,NA,NA,NA,NA
"Idaho","status_quo","Past",2020-12-01,"mobility_trend",NA,NA,NA,0.715986770903576,NA,NA,NA,NA
"Idaho",NA,"Past",2020-12-02,"actual_cumulative_cases",NA,NA,NA,103305,NA,NA,NA,NA
"Idaho",NA,"Past",2020-12-02,"actual_cumulative_deaths",NA,NA,NA,962,NA,NA,NA,NA
"Idaho",NA,"Past",2020-12-02,"actual_daily_cases",NA,NA,NA,1607,NA,NA,NA,NA
"Idaho",NA,"Past",2020-12-02,"actual_daily_deaths",NA,NA,NA,31,NA,NA,NA,NA
"Idaho","linear_increase_sd","Past",2020-12-02,"combined_trend",NA,NA,NA,0.437074469521669,NA,NA,NA,NA
"Idaho","return_normal","Past",2020-12-02,"combined_trend",NA,NA,NA,0.437074469521669,NA,NA,NA,NA
"Idaho","status_quo","Past",2020-12-02,"combined_trend",NA,NA,NA,0.437074469521669,NA,NA,NA,NA
"Idaho","linear_increase_sd","Past",2020-12-02,"cumulative_all_infections",324391,324391,324391,324391,324391,324391,324391,324391
"Idaho","return_normal","Past",2020-12-02,"cumulative_all_infections",324391,324391,324391,324391,324391,324391,324391,324391
"Idaho","status_quo","Past",2020-12-02,"cumulative_all_infections",324391,324391,324391,324391,324391,324391,324391,324391
"Idaho","linear_increase_sd","Past",2020-12-02,"cumulative_cases",109854,109854,109854,109854,109854,109854,109854,109854
"Idaho","return_normal","Past",2020-12-02,"cumulative_cases",109854,109854,109854,109854,109854,109854,109854,109854
"Idaho","status_quo","Past",2020-12-02,"cumulative_cases",109854,109854,109854,109854,109854,109854,109854,109854
"Idaho","linear_increase_sd","Past",2020-12-02,"cumulative_deaths",1490,1490,1490,1490,1490,1490,1490,1490
"Idaho","return_normal","Past",2020-12-02,"cumulative_deaths",1490,1490,1490,1490,1490,1490,1490,1490
"Idaho","status_quo","Past",2020-12-02,"cumulative_deaths",1490,1490,1490,1490,1490,1490,1490,1490
"Idaho","linear_increase_sd","Past",2020-12-02,"cumulative_hosps",12226,12226,12226,12226,12226,12226,12226,12226
"Idaho","return_normal","Past",2020-12-02,"cumulative_hosps",12226,12226,12226,12226,12226,12226,12226,12226
"Idaho","status_quo","Past",2020-12-02,"cumulative_hosps",12226,12226,12226,12226,12226,12226,12226,12226
"Idaho","linear_increase_sd","Past",2020-12-02,"daily_all_infections",3867,3867,3867,3867,3867,3867,3867,3867
"Idaho","return_normal","Past",2020-12-02,"daily_all_infections",3867,3867,3867,3867,3867,3867,3867,3867
"Idaho","status_quo","Past",2020-12-02,"daily_all_infections",3867,3867,3867,3867,3867,3867,3867,3867
"Idaho","linear_increase_sd","Past",2020-12-02,"daily_cases",1323,1323,1323,1323,1323,1323,1323,1323
"Idaho","return_normal","Past",2020-12-02,"daily_cases",1323,1323,1323,1323,1323,1323,1323,1323
"Idaho","status_quo","Past",2020-12-02,"daily_cases",1323,1323,1323,1323,1323,1323,1323,1323
"Idaho","linear_increase_sd","Past",2020-12-02,"daily_deaths",14,14,14,14,14,14,14,14
"Idaho","return_normal","Past",2020-12-02,"daily_deaths",14,14,14,14,14,14,14,14
"Idaho","status_quo","Past",2020-12-02,"daily_deaths",14,14,14,14,14,14,14,14
"Idaho","linear_increase_sd","Past",2020-12-02,"daily_hosps",170,170,170,170,170,170,170,170
"Idaho","return_normal","Past",2020-12-02,"daily_hosps",170,170,170,170,170,170,170,170
"Idaho","status_quo","Past",2020-12-02,"daily_hosps",170,170,170,170,170,170,170,170
"Idaho","linear_increase_sd","Past",2020-12-02,"latent_trend",NA,NA,NA,0.611983107575686,NA,NA,NA,NA
"Idaho","return_normal","Past",2020-12-02,"latent_trend",NA,NA,NA,0.611983107575686,NA,NA,NA,NA
"Idaho","status_quo","Past",2020-12-02,"latent_trend",NA,NA,NA,0.611983107575686,NA,NA,NA,NA
"Idaho","linear_increase_sd","Past",2020-12-02,"mobility_trend",NA,NA,NA,0.714193682981052,NA,NA,NA,NA
"Idaho","return_normal","Past",2020-12-02,"mobility_trend",NA,NA,NA,0.714193682981052,NA,NA,NA,NA
"Idaho","status_quo","Past",2020-12-02,"mobility_trend",NA,NA,NA,0.714193682981052,NA,NA,NA,NA
"Idaho",NA,"Past",2020-12-03,"actual_cumulative_cases",NA,NA,NA,104734,NA,NA,NA,NA
"Idaho",NA,"Past",2020-12-03,"actual_cumulative_deaths",NA,NA,NA,993,NA,NA,NA,NA
"Idaho",NA,"Past",2020-12-03,"actual_daily_cases",NA,NA,NA,1429,NA,NA,NA,NA
"Idaho",NA,"Past",2020-12-03,"actual_daily_deaths",NA,NA,NA,31,NA,NA,NA,NA
"Idaho","linear_increase_sd","Past",2020-12-03,"combined_trend",NA,NA,NA,0.435028981407893,NA,NA,NA,NA
"Idaho","return_normal","Past",2020-12-03,"combined_trend",NA,NA,NA,0.435028981407893,NA,NA,NA,NA
"Idaho","status_quo","Past",2020-12-03,"combined_trend",NA,NA,NA,0.435028981407893,NA,NA,NA,NA
"Idaho","linear_increase_sd","Past",2020-12-03,"cumulative_all_infections",328244,328244,328244,328244,328244,328244,328244,328244
"Idaho","return_normal","Past",2020-12-03,"cumulative_all_infections",328244,328244,328244,328244,328244,328244,328244,328244
"Idaho","status_quo","Past",2020-12-03,"cumulative_all_infections",328244,328244,328244,328244,328244,328244,328244,328244
"Idaho","linear_increase_sd","Past",2020-12-03,"cumulative_cases",111540,111540,111540,111540,111540,111540,111540,111540
"Idaho","return_normal","Past",2020-12-03,"cumulative_cases",111540,111540,111540,111540,111540,111540,111540,111540
"Idaho","status_quo","Past",2020-12-03,"cumulative_cases",111540,111540,111540,111540,111540,111540,111540,111540
"Idaho","linear_increase_sd","Past",2020-12-03,"cumulative_deaths",1504,1504,1504,1504,1504,1504,1504,1504
"Idaho","return_normal","Past",2020-12-03,"cumulative_deaths",1504,1504,1504,1504,1504,1504,1504,1504
"Idaho","status_quo","Past",2020-12-03,"cumulative_deaths",1504,1504,1504,1504,1504,1504,1504,1504
"Idaho","linear_increase_sd","Past",2020-12-03,"cumulative_hosps",12394,12394,12394,12394,12394,12394,12394,12394
"Idaho","return_normal","Past",2020-12-03,"cumulative_hosps",12394,12394,12394,12394,12394,12394,12394,12394
"Idaho","status_quo","Past",2020-12-03,"cumulative_hosps",12394,12394,12394,12394,12394,12394,12394,12394
"Idaho","linear_increase_sd","Past",2020-12-03,"daily_all_infections",3853,3853,3853,3853,3853,3853,3853,3853
"Idaho","return_normal","Past",2020-12-03,"daily_all_infections",3853,3853,3853,3853,3853,3853,3853,3853
"Idaho","status_quo","Past",2020-12-03,"daily_all_infections",3853,3853,3853,3853,3853,3853,3853,3853
"Idaho","linear_increase_sd","Past",2020-12-03,"daily_cases",1686,1686,1686,1686,1686,1686,1686,1686
"Idaho","return_normal","Past",2020-12-03,"daily_cases",1686,1686,1686,1686,1686,1686,1686,1686
"Idaho","status_quo","Past",2020-12-03,"daily_cases",1686,1686,1686,1686,1686,1686,1686,1686
"Idaho","linear_increase_sd","Past",2020-12-03,"daily_deaths",14,14,14,14,14,14,14,14
"Idaho","return_normal","Past",2020-12-03,"daily_deaths",14,14,14,14,14,14,14,14
"Idaho","status_quo","Past",2020-12-03,"daily_deaths",14,14,14,14,14,14,14,14
"Idaho","linear_increase_sd","Past",2020-12-03,"daily_hosps",168,168,168,168,168,168,168,168
"Idaho","return_normal","Past",2020-12-03,"daily_hosps",168,168,168,168,168,168,168,168
"Idaho","status_quo","Past",2020-12-03,"daily_hosps",168,168,168,168,168,168,168,168
"Idaho","linear_increase_sd","Past",2020-12-03,"latent_trend",NA,NA,NA,0.610791821477016,NA,NA,NA,NA
"Idaho","return_normal","Past",2020-12-03,"latent_trend",NA,NA,NA,0.610791821477016,NA,NA,NA,NA
"Idaho","status_quo","Past",2020-12-03,"latent_trend",NA,NA,NA,0.610791821477016,NA,NA,NA,NA
"Idaho","linear_increase_sd","Past",2020-12-03,"mobility_trend",NA,NA,NA,0.712237731598807,NA,NA,NA,NA
"Idaho","return_normal","Past",2020-12-03,"mobility_trend",NA,NA,NA,0.712237731598807,NA,NA,NA,NA
"Idaho","status_quo","Past",2020-12-03,"mobility_trend",NA,NA,NA,0.712237731598807,NA,NA,NA,NA
"Idaho",NA,"Past",2020-12-04,"actual_cumulative_cases",NA,NA,NA,106455,NA,NA,NA,NA
"Idaho",NA,"Past",2020-12-04,"actual_cumulative_deaths",NA,NA,NA,1016,NA,NA,NA,NA
"Idaho",NA,"Past",2020-12-04,"actual_daily_cases",NA,NA,NA,1721,NA,NA,NA,NA
"Idaho",NA,"Past",2020-12-04,"actual_daily_deaths",NA,NA,NA,23,NA,NA,NA,NA
"Idaho","linear_increase_sd","Past",2020-12-04,"combined_trend",NA,NA,NA,0.43282219775784,NA,NA,NA,NA
"Idaho","return_normal","Past",2020-12-04,"combined_trend",NA,NA,NA,0.43282219775784,NA,NA,NA,NA
"Idaho","status_quo","Past",2020-12-04,"combined_trend",NA,NA,NA,0.43282219775784,NA,NA,NA,NA
"Idaho","linear_increase_sd","Past",2020-12-04,"cumulative_all_infections",332087,332087,332087,332087,332087,332087,332087,332087
"Idaho","return_normal","Past",2020-12-04,"cumulative_all_infections",332087,332087,332087,332087,332087,332087,332087,332087
"Idaho","status_quo","Past",2020-12-04,"cumulative_all_infections",332087,332087,332087,332087,332087,332087,332087,332087
"Idaho","linear_increase_sd","Past",2020-12-04,"cumulative_cases",113208,113208,113208,113208,113208,113208,113208,113208
"Idaho","return_normal","Past",2020-12-04,"cumulative_cases",113208,113208,113208,113208,113208,113208,113208,113208
"Idaho","status_quo","Past",2020-12-04,"cumulative_cases",113208,113208,113208,113208,113208,113208,113208,113208
"Idaho","linear_increase_sd","Past",2020-12-04,"cumulative_deaths",1519,1519,1519,1519,1519,1519,1519,1519
"Idaho","return_normal","Past",2020-12-04,"cumulative_deaths",1519,1519,1519,1519,1519,1519,1519,1519
"Idaho","status_quo","Past",2020-12-04,"cumulative_deaths",1519,1519,1519,1519,1519,1519,1519,1519
"Idaho","linear_increase_sd","Past",2020-12-04,"cumulative_hosps",12563,12563,12563,12563,12563,12563,12563,12563
"Idaho","return_normal","Past",2020-12-04,"cumulative_hosps",12563,12563,12563,12563,12563,12563,12563,12563
"Idaho","status_quo","Past",2020-12-04,"cumulative_hosps",12563,12563,12563,12563,12563,12563,12563,12563
"Idaho","linear_increase_sd","Past",2020-12-04,"daily_all_infections",3843,3843,3843,3843,3843,3843,3843,3843
"Idaho","return_normal","Past",2020-12-04,"daily_all_infections",3843,3843,3843,3843,3843,3843,3843,3843
"Idaho","status_quo","Past",2020-12-04,"daily_all_infections",3843,3843,3843,3843,3843,3843,3843,3843
"Idaho","linear_increase_sd","Past",2020-12-04,"daily_cases",1668,1668,1668,1668,1668,1668,1668,1668
"Idaho","return_normal","Past",2020-12-04,"daily_cases",1668,1668,1668,1668,1668,1668,1668,1668
"Idaho","status_quo","Past",2020-12-04,"daily_cases",1668,1668,1668,1668,1668,1668,1668,1668
"Idaho","linear_increase_sd","Past",2020-12-04,"daily_deaths",15,15,15,15,15,15,15,15
"Idaho","return_normal","Past",2020-12-04,"daily_deaths",15,15,15,15,15,15,15,15
"Idaho","status_quo","Past",2020-12-04,"daily_deaths",15,15,15,15,15,15,15,15
"Idaho","linear_increase_sd","Past",2020-12-04,"daily_hosps",169,169,169,169,169,169,169,169
"Idaho","return_normal","Past",2020-12-04,"daily_hosps",169,169,169,169,169,169,169,169
"Idaho","status_quo","Past",2020-12-04,"daily_hosps",169,169,169,169,169,169,169,169
"Idaho","linear_increase_sd","Past",2020-12-04,"latent_trend",NA,NA,NA,0.60945660223216,NA,NA,NA,NA
"Idaho","return_normal","Past",2020-12-04,"latent_trend",NA,NA,NA,0.60945660223216,NA,NA,NA,NA
"Idaho","status_quo","Past",2020-12-04,"latent_trend",NA,NA,NA,0.60945660223216,NA,NA,NA,NA
"Idaho","linear_increase_sd","Past",2020-12-04,"mobility_trend",NA,NA,NA,0.710177223731126,NA,NA,NA,NA
"Idaho","return_normal","Past",2020-12-04,"mobility_trend",NA,NA,NA,0.710177223731126,NA,NA,NA,NA
"Idaho","status_quo","Past",2020-12-04,"mobility_trend",NA,NA,NA,0.710177223731126,NA,NA,NA,NA
"Idaho",NA,"Past",2020-12-05,"actual_cumulative_cases",NA,NA,NA,108366,NA,NA,NA,NA
"Idaho",NA,"Past",2020-12-05,"actual_cumulative_deaths",NA,NA,NA,1034,NA,NA,NA,NA
"Idaho",NA,"Past",2020-12-05,"actual_daily_cases",NA,NA,NA,1911,NA,NA,NA,NA
"Idaho",NA,"Past",2020-12-05,"actual_daily_deaths",NA,NA,NA,18,NA,NA,NA,NA
"Idaho","linear_increase_sd","Past",2020-12-05,"combined_trend",NA,NA,NA,0.430490486180738,NA,NA,NA,NA
"Idaho","return_normal","Past",2020-12-05,"combined_trend",NA,NA,NA,0.430490486180738,NA,NA,NA,NA
"Idaho","status_quo","Past",2020-12-05,"combined_trend",NA,NA,NA,0.430490486180738,NA,NA,NA,NA
"Idaho","linear_increase_sd","Past",2020-12-05,"cumulative_all_infections",335915,335915,335915,335915,335915,335915,335915,335915
"Idaho","return_normal","Past",2020-12-05,"cumulative_all_infections",335915,335915,335915,335915,335915,335915,335915,335915
"Idaho","status_quo","Past",2020-12-05,"cumulative_all_infections",335915,335915,335915,335915,335915,335915,335915,335915
"Idaho","linear_increase_sd","Past",2020-12-05,"cumulative_cases",114529,114529,114529,114529,114529,114529,114529,114529
"Idaho","return_normal","Past",2020-12-05,"cumulative_cases",114529,114529,114529,114529,114529,114529,114529,114529
"Idaho","status_quo","Past",2020-12-05,"cumulative_cases",114529,114529,114529,114529,114529,114529,114529,114529
"Idaho","linear_increase_sd","Past",2020-12-05,"cumulative_deaths",1532,1532,1532,1532,1532,1532,1532,1532
"Idaho","return_normal","Past",2020-12-05,"cumulative_deaths",1532,1532,1532,1532,1532,1532,1532,1532
"Idaho","status_quo","Past",2020-12-05,"cumulative_deaths",1532,1532,1532,1532,1532,1532,1532,1532
"Idaho","linear_increase_sd","Past",2020-12-05,"cumulative_hosps",12733,12733,12733,12733,12733,12733,12733,12733
"Idaho","return_normal","Past",2020-12-05,"cumulative_hosps",12733,12733,12733,12733,12733,12733,12733,12733
"Idaho","status_quo","Past",2020-12-05,"cumulative_hosps",12733,12733,12733,12733,12733,12733,12733,12733
"Idaho","linear_increase_sd","Past",2020-12-05,"daily_all_infections",3828,3828,3828,3828,3828,3828,3828,3828
"Idaho","return_normal","Past",2020-12-05,"daily_all_infections",3828,3828,3828,3828,3828,3828,3828,3828
"Idaho","status_quo","Past",2020-12-05,"daily_all_infections",3828,3828,3828,3828,3828,3828,3828,3828
"Idaho","linear_increase_sd","Past",2020-12-05,"daily_cases",1321,1321,1321,1321,1321,1321,1321,1321
"Idaho","return_normal","Past",2020-12-05,"daily_cases",1321,1321,1321,1321,1321,1321,1321,1321
"Idaho","status_quo","Past",2020-12-05,"daily_cases",1321,1321,1321,1321,1321,1321,1321,1321
"Idaho","linear_increase_sd","Past",2020-12-05,"daily_deaths",13,13,13,13,13,13,13,13
"Idaho","return_normal","Past",2020-12-05,"daily_deaths",13,13,13,13,13,13,13,13
"Idaho","status_quo","Past",2020-12-05,"daily_deaths",13,13,13,13,13,13,13,13
"Idaho","linear_increase_sd","Past",2020-12-05,"daily_hosps",170,170,170,170,170,170,170,170
"Idaho","return_normal","Past",2020-12-05,"daily_hosps",170,170,170,170,170,170,170,170
"Idaho","status_quo","Past",2020-12-05,"daily_hosps",170,170,170,170,170,170,170,170
"Idaho","linear_increase_sd","Past",2020-12-05,"latent_trend",NA,NA,NA,0.607976711035937,NA,NA,NA,NA
"Idaho","return_normal","Past",2020-12-05,"latent_trend",NA,NA,NA,0.607976711035937,NA,NA,NA,NA
"Idaho","status_quo","Past",2020-12-05,"latent_trend",NA,NA,NA,0.607976711035937,NA,NA,NA,NA
"Idaho","linear_increase_sd","Past",2020-12-05,"mobility_trend",NA,NA,NA,0.708070684890579,NA,NA,NA,NA
"Idaho","return_normal","Past",2020-12-05,"mobility_trend",NA,NA,NA,0.708070684890579,NA,NA,NA,NA
"Idaho","status_quo","Past",2020-12-05,"mobility_trend",NA,NA,NA,0.708070684890579,NA,NA,NA,NA
"Idaho",NA,"Past",2020-12-06,"actual_cumulative_cases",NA,NA,NA,109705,NA,NA,NA,NA
"Idaho",NA,"Past",2020-12-06,"actual_cumulative_deaths",NA,NA,NA,1034,NA,NA,NA,NA
"Idaho",NA,"Past",2020-12-06,"actual_daily_cases",NA,NA,NA,1339,NA,NA,NA,NA
"Idaho",NA,"Past",2020-12-06,"actual_daily_deaths",NA,NA,NA,0,NA,NA,NA,NA
"Idaho","linear_increase_sd","Past",2020-12-06,"combined_trend",NA,NA,NA,0.428070429452161,NA,NA,NA,NA
"Idaho","return_normal","Past",2020-12-06,"combined_trend",NA,NA,NA,0.428070429452161,NA,NA,NA,NA
"Idaho","status_quo","Past",2020-12-06,"combined_trend",NA,NA,NA,0.428070429452161,NA,NA,NA,NA
"Idaho","linear_increase_sd","Past",2020-12-06,"cumulative_all_infections",339707,339707,339707,339707,339707,339707,339707,339707
"Idaho","return_normal","Past",2020-12-06,"cumulative_all_infections",339707,339707,339707,339707,339707,339707,339707,339707
"Idaho","status_quo","Past",2020-12-06,"cumulative_all_infections",339707,339707,339707,339707,339707,339707,339707,339707
"Idaho","linear_increase_sd","Past",2020-12-06,"cumulative_cases",116195,116195,116195,116195,116195,116195,116195,116195
"Idaho","return_normal","Past",2020-12-06,"cumulative_cases",116195,116195,116195,116195,116195,116195,116195,116195
"Idaho","status_quo","Past",2020-12-06,"cumulative_cases",116195,116195,116195,116195,116195,116195,116195,116195
"Idaho","linear_increase_sd","Past",2020-12-06,"cumulative_deaths",1547,1547,1547,1547,1547,1547,1547,1547
"Idaho","return_normal","Past",2020-12-06,"cumulative_deaths",1547,1547,1547,1547,1547,1547,1547,1547
"Idaho","status_quo","Past",2020-12-06,"cumulative_deaths",1547,1547,1547,1547,1547,1547,1547,1547
"Idaho","linear_increase_sd","Past",2020-12-06,"cumulative_hosps",12906,12906,12906,12906,12906,12906,12906,12906
"Idaho","return_normal","Past",2020-12-06,"cumulative_hosps",12906,12906,12906,12906,12906,12906,12906,12906
"Idaho","status_quo","Past",2020-12-06,"cumulative_hosps",12906,12906,12906,12906,12906,12906,12906,12906
"Idaho","linear_increase_sd","Past",2020-12-06,"daily_all_infections",3792,3792,3792,3792,3792,3792,3792,3792
"Idaho","return_normal","Past",2020-12-06,"daily_all_infections",3792,3792,3792,3792,3792,3792,3792,3792
"Idaho","status_quo","Past",2020-12-06,"daily_all_infections",3792,3792,3792,3792,3792,3792,3792,3792
"Idaho","linear_increase_sd","Past",2020-12-06,"daily_cases",1666,1666,1666,1666,1666,1666,1666,1666
"Idaho","return_normal","Past",2020-12-06,"daily_cases",1666,1666,1666,1666,1666,1666,1666,1666
"Idaho","status_quo","Past",2020-12-06,"daily_cases",1666,1666,1666,1666,1666,1666,1666,1666
"Idaho","linear_increase_sd","Past",2020-12-06,"daily_deaths",15,15,15,15,15,15,15,15
"Idaho","return_normal","Past",2020-12-06,"daily_deaths",15,15,15,15,15,15,15,15
"Idaho","status_quo","Past",2020-12-06,"daily_deaths",15,15,15,15,15,15,15,15
"Idaho","linear_increase_sd","Past",2020-12-06,"daily_hosps",173,173,173,173,173,173,173,173
"Idaho","return_normal","Past",2020-12-06,"daily_hosps",173,173,173,173,173,173,173,173
"Idaho","status_quo","Past",2020-12-06,"daily_hosps",173,173,173,173,173,173,173,173
"Idaho","linear_increase_sd","Past",2020-12-06,"latent_trend",NA,NA,NA,0.606351364615455,NA,NA,NA,NA
"Idaho","return_normal","Past",2020-12-06,"latent_trend",NA,NA,NA,0.606351364615455,NA,NA,NA,NA
"Idaho","status_quo","Past",2020-12-06,"latent_trend",NA,NA,NA,0.606351364615455,NA,NA,NA,NA
"Idaho","linear_increase_sd","Past",2020-12-06,"mobility_trend",NA,NA,NA,0.705977514742861,NA,NA,NA,NA
"Idaho","return_normal","Past",2020-12-06,"mobility_trend",NA,NA,NA,0.705977514742861,NA,NA,NA,NA
"Idaho","status_quo","Past",2020-12-06,"mobility_trend",NA,NA,NA,0.705977514742861,NA,NA,NA,NA
"Idaho",NA,"Past",2020-12-07,"actual_cumulative_cases",NA,NA,NA,110510,NA,NA,NA,NA
"Idaho",NA,"Past",2020-12-07,"actual_cumulative_deaths",NA,NA,NA,1037,NA,NA,NA,NA
"Idaho",NA,"Past",2020-12-07,"actual_daily_cases",NA,NA,NA,805,NA,NA,NA,NA
"Idaho",NA,"Past",2020-12-07,"actual_daily_deaths",NA,NA,NA,3,NA,NA,NA,NA
"Idaho","linear_increase_sd","Past",2020-12-07,"combined_trend",NA,NA,NA,0.425598339421067,NA,NA,NA,NA
"Idaho","return_normal","Past",2020-12-07,"combined_trend",NA,NA,NA,0.425598339421067,NA,NA,NA,NA
"Idaho","status_quo","Past",2020-12-07,"combined_trend",NA,NA,NA,0.425598339421067,NA,NA,NA,NA
"Idaho","linear_increase_sd","Past",2020-12-07,"cumulative_all_infections",343468,343468,343468,343468,343468,343468,343468,343468
"Idaho","return_normal","Past",2020-12-07,"cumulative_all_infections",343468,343468,343468,343468,343468,343468,343468,343468
"Idaho","status_quo","Past",2020-12-07,"cumulative_all_infections",343468,343468,343468,343468,343468,343468,343468,343468
"Idaho","linear_increase_sd","Past",2020-12-07,"cumulative_cases",117595,117595,117595,117595,117595,117595,117595,117595
"Idaho","return_normal","Past",2020-12-07,"cumulative_cases",117595,117595,117595,117595,117595,117595,117595,117595
"Idaho","status_quo","Past",2020-12-07,"cumulative_cases",117595,117595,117595,117595,117595,117595,117595,117595
"Idaho","linear_increase_sd","Past",2020-12-07,"cumulative_deaths",1561,1561,1561,1561,1561,1561,1561,1561
"Idaho","return_normal","Past",2020-12-07,"cumulative_deaths",1561,1561,1561,1561,1561,1561,1561,1561
"Idaho","status_quo","Past",2020-12-07,"cumulative_deaths",1561,1561,1561,1561,1561,1561,1561,1561
"Idaho","linear_increase_sd","Past",2020-12-07,"cumulative_hosps",13081,13081,13081,13081,13081,13081,13081,13081
"Idaho","return_normal","Past",2020-12-07,"cumulative_hosps",13081,13081,13081,13081,13081,13081,13081,13081
"Idaho","status_quo","Past",2020-12-07,"cumulative_hosps",13081,13081,13081,13081,13081,13081,13081,13081
"Idaho","linear_increase_sd","Past",2020-12-07,"daily_all_infections",3761,3761,3761,3761,3761,3761,3761,3761
"Idaho","return_normal","Past",2020-12-07,"daily_all_infections",3761,3761,3761,3761,3761,3761,3761,3761
"Idaho","status_quo","Past",2020-12-07,"daily_all_infections",3761,3761,3761,3761,3761,3761,3761,3761
"Idaho","linear_increase_sd","Past",2020-12-07,"daily_cases",1400,1400,1400,1400,1400,1400,1400,1400
"Idaho","return_normal","Past",2020-12-07,"daily_cases",1400,1400,1400,1400,1400,1400,1400,1400
"Idaho","status_quo","Past",2020-12-07,"daily_cases",1400,1400,1400,1400,1400,1400,1400,1400
"Idaho","linear_increase_sd","Past",2020-12-07,"daily_deaths",14,14,14,14,14,14,14,14
"Idaho","return_normal","Past",2020-12-07,"daily_deaths",14,14,14,14,14,14,14,14
"Idaho","status_quo","Past",2020-12-07,"daily_deaths",14,14,14,14,14,14,14,14
"Idaho","linear_increase_sd","Past",2020-12-07,"daily_hosps",175,175,175,175,175,175,175,175
"Idaho","return_normal","Past",2020-12-07,"daily_hosps",175,175,175,175,175,175,175,175
"Idaho","status_quo","Past",2020-12-07,"daily_hosps",175,175,175,175,175,175,175,175
"Idaho","linear_increase_sd","Past",2020-12-07,"latent_trend",NA,NA,NA,0.604579738546177,NA,NA,NA,NA
"Idaho","return_normal","Past",2020-12-07,"latent_trend",NA,NA,NA,0.604579738546177,NA,NA,NA,NA
"Idaho","status_quo","Past",2020-12-07,"latent_trend",NA,NA,NA,0.604579738546177,NA,NA,NA,NA
"Idaho","linear_increase_sd","Past",2020-12-07,"mobility_trend",NA,NA,NA,0.703957331491949,NA,NA,NA,NA
"Idaho","return_normal","Past",2020-12-07,"mobility_trend",NA,NA,NA,0.703957331491949,NA,NA,NA,NA
"Idaho","status_quo","Past",2020-12-07,"mobility_trend",NA,NA,NA,0.703957331491949,NA,NA,NA,NA
"Idaho",NA,"Past",2020-12-08,"actual_cumulative_cases",NA,NA,NA,111893,NA,NA,NA,NA
"Idaho",NA,"Past",2020-12-08,"actual_cumulative_deaths",NA,NA,NA,1057,NA,NA,NA,NA
"Idaho",NA,"Past",2020-12-08,"actual_daily_cases",NA,NA,NA,1383,NA,NA,NA,NA
"Idaho",NA,"Past",2020-12-08,"actual_daily_deaths",NA,NA,NA,20,NA,NA,NA,NA
"Idaho","linear_increase_sd","Past",2020-12-08,"combined_trend",NA,NA,NA,0.423110039250776,NA,NA,NA,NA
"Idaho","return_normal","Past",2020-12-08,"combined_trend",NA,NA,NA,0.423110039250776,NA,NA,NA,NA
"Idaho","status_quo","Past",2020-12-08,"combined_trend",NA,NA,NA,0.423110039250776,NA,NA,NA,NA
"Idaho","linear_increase_sd","Past",2020-12-08,"cumulative_all_infections",347202,347202,347202,347202,347202,347202,347202,347202
"Idaho","return_normal","Past",2020-12-08,"cumulative_all_infections",347202,347202,347202,347202,347202,347202,347202,347202
"Idaho","status_quo","Past",2020-12-08,"cumulative_all_infections",347202,347202,347202,347202,347202,347202,347202,347202
"Idaho","linear_increase_sd","Past",2020-12-08,"cumulative_cases",118932,118932,118932,118932,118932,118932,118932,118932
"Idaho","return_normal","Past",2020-12-08,"cumulative_cases",118932,118932,118932,118932,118932,118932,118932,118932
"Idaho","status_quo","Past",2020-12-08,"cumulative_cases",118932,118932,118932,118932,118932,118932,118932,118932
"Idaho","linear_increase_sd","Past",2020-12-08,"cumulative_deaths",1575,1575,1575,1575,1575,1575,1575,1575
"Idaho","return_normal","Past",2020-12-08,"cumulative_deaths",1575,1575,1575,1575,1575,1575,1575,1575
"Idaho","status_quo","Past",2020-12-08,"cumulative_deaths",1575,1575,1575,1575,1575,1575,1575,1575
"Idaho","linear_increase_sd","Past",2020-12-08,"cumulative_hosps",13255,13255,13255,13255,13255,13255,13255,13255
"Idaho","return_normal","Past",2020-12-08,"cumulative_hosps",13255,13255,13255,13255,13255,13255,13255,13255
"Idaho","status_quo","Past",2020-12-08,"cumulative_hosps",13255,13255,13255,13255,13255,13255,13255,13255
"Idaho","linear_increase_sd","Past",2020-12-08,"daily_all_infections",3734,3734,3734,3734,3734,3734,3734,3734
"Idaho","return_normal","Past",2020-12-08,"daily_all_infections",3734,3734,3734,3734,3734,3734,3734,3734
"Idaho","status_quo","Past",2020-12-08,"daily_all_infections",3734,3734,3734,3734,3734,3734,3734,3734
"Idaho","linear_increase_sd","Past",2020-12-08,"daily_cases",1337,1337,1337,1337,1337,1337,1337,1337
"Idaho","return_normal","Past",2020-12-08,"daily_cases",1337,1337,1337,1337,1337,1337,1337,1337
"Idaho","status_quo","Past",2020-12-08,"daily_cases",1337,1337,1337,1337,1337,1337,1337,1337
"Idaho","linear_increase_sd","Past",2020-12-08,"daily_deaths",14,14,14,14,14,14,14,14
"Idaho","return_normal","Past",2020-12-08,"daily_deaths",14,14,14,14,14,14,14,14
"Idaho","status_quo","Past",2020-12-08,"daily_deaths",14,14,14,14,14,14,14,14
"Idaho","linear_increase_sd","Past",2020-12-08,"daily_hosps",174,174,174,174,174,174,174,174
"Idaho","return_normal","Past",2020-12-08,"daily_hosps",174,174,174,174,174,174,174,174
"Idaho","status_quo","Past",2020-12-08,"daily_hosps",174,174,174,174,174,174,174,174
"Idaho","linear_increase_sd","Past",2020-12-08,"latent_trend",NA,NA,NA,0.602660970988697,NA,NA,NA,NA
"Idaho","return_normal","Past",2020-12-08,"latent_trend",NA,NA,NA,0.602660970988697,NA,NA,NA,NA
"Idaho","status_quo","Past",2020-12-08,"latent_trend",NA,NA,NA,0.602660970988697,NA,NA,NA,NA
"Idaho","linear_increase_sd","Past",2020-12-08,"mobility_trend",NA,NA,NA,0.70206975334182,NA,NA,NA,NA
"Idaho","return_normal","Past",2020-12-08,"mobility_trend",NA,NA,NA,0.70206975334182,NA,NA,NA,NA
"Idaho","status_quo","Past",2020-12-08,"mobility_trend",NA,NA,NA,0.70206975334182,NA,NA,NA,NA
"Idaho",NA,"Past",2020-12-09,"actual_cumulative_cases",NA,NA,NA,113905,NA,NA,NA,NA
"Idaho",NA,"Past",2020-12-09,"actual_cumulative_deaths",NA,NA,NA,1076,NA,NA,NA,NA
"Idaho",NA,"Past",2020-12-09,"actual_daily_cases",NA,NA,NA,2012,NA,NA,NA,NA
"Idaho",NA,"Past",2020-12-09,"actual_daily_deaths",NA,NA,NA,19,NA,NA,NA,NA
"Idaho","linear_increase_sd","Past",2020-12-09,"combined_trend",NA,NA,NA,0.420641600370923,NA,NA,NA,NA
"Idaho","return_normal","Past",2020-12-09,"combined_trend",NA,NA,NA,0.420641600370923,NA,NA,NA,NA
"Idaho","status_quo","Past",2020-12-09,"combined_trend",NA,NA,NA,0.420641600370923,NA,NA,NA,NA
"Idaho","linear_increase_sd","Past",2020-12-09,"cumulative_all_infections",350891,350891,350891,350891,350891,350891,350891,350891
"Idaho","return_normal","Past",2020-12-09,"cumulative_all_infections",350891,350891,350891,350891,350891,350891,350891,350891
"Idaho","status_quo","Past",2020-12-09,"cumulative_all_infections",350891,350891,350891,350891,350891,350891,350891,350891
"Idaho","linear_increase_sd","Past",2020-12-09,"cumulative_cases",120582,120582,120582,120582,120582,120582,120582,120582
"Idaho","return_normal","Past",2020-12-09,"cumulative_cases",120582,120582,120582,120582,120582,120582,120582,120582
"Idaho","status_quo","Past",2020-12-09,"cumulative_cases",120582,120582,120582,120582,120582,120582,120582,120582
"Idaho","linear_increase_sd","Past",2020-12-09,"cumulative_deaths",1590,1590,1590,1590,1590,1590,1590,1590
"Idaho","return_normal","Past",2020-12-09,"cumulative_deaths",1590,1590,1590,1590,1590,1590,1590,1590
"Idaho","status_quo","Past",2020-12-09,"cumulative_deaths",1590,1590,1590,1590,1590,1590,1590,1590
"Idaho","linear_increase_sd","Past",2020-12-09,"cumulative_hosps",13431,13431,13431,13431,13431,13431,13431,13431
"Idaho","return_normal","Past",2020-12-09,"cumulative_hosps",13431,13431,13431,13431,13431,13431,13431,13431
"Idaho","status_quo","Past",2020-12-09,"cumulative_hosps",13431,13431,13431,13431,13431,13431,13431,13431
"Idaho","linear_increase_sd","Past",2020-12-09,"daily_all_infections",3689,3689,3689,3689,3689,3689,3689,3689
"Idaho","return_normal","Past",2020-12-09,"daily_all_infections",3689,3689,3689,3689,3689,3689,3689,3689
"Idaho","status_quo","Past",2020-12-09,"daily_all_infections",3689,3689,3689,3689,3689,3689,3689,3689
"Idaho","linear_increase_sd","Past",2020-12-09,"daily_cases",1650,1650,1650,1650,1650,1650,1650,1650
"Idaho","return_normal","Past",2020-12-09,"daily_cases",1650,1650,1650,1650,1650,1650,1650,1650
"Idaho","status_quo","Past",2020-12-09,"daily_cases",1650,1650,1650,1650,1650,1650,1650,1650
"Idaho","linear_increase_sd","Past",2020-12-09,"daily_deaths",15,15,15,15,15,15,15,15
"Idaho","return_normal","Past",2020-12-09,"daily_deaths",15,15,15,15,15,15,15,15
"Idaho","status_quo","Past",2020-12-09,"daily_deaths",15,15,15,15,15,15,15,15
"Idaho","linear_increase_sd","Past",2020-12-09,"daily_hosps",176,176,176,176,176,176,176,176
"Idaho","return_normal","Past",2020-12-09,"daily_hosps",176,176,176,176,176,176,176,176
"Idaho","status_quo","Past",2020-12-09,"daily_hosps",176,176,176,176,176,176,176,176
"Idaho","linear_increase_sd","Past",2020-12-09,"latent_trend",NA,NA,NA,0.600594166863308,NA,NA,NA,NA
"Idaho","return_normal","Past",2020-12-09,"latent_trend",NA,NA,NA,0.600594166863308,NA,NA,NA,NA
"Idaho","status_quo","Past",2020-12-09,"latent_trend",NA,NA,NA,0.600594166863308,NA,NA,NA,NA
"Idaho","linear_increase_sd","Past",2020-12-09,"mobility_trend",NA,NA,NA,0.700375767163684,NA,NA,NA,NA
"Idaho","return_normal","Past",2020-12-09,"mobility_trend",NA,NA,NA,0.700375767163684,NA,NA,NA,NA
"Idaho","status_quo","Past",2020-12-09,"mobility_trend",NA,NA,NA,0.700375767163684,NA,NA,NA,NA
"Idaho",NA,"Past",2020-12-10,"actual_cumulative_cases",NA,NA,NA,116203,NA,NA,NA,NA
"Idaho",NA,"Past",2020-12-10,"actual_cumulative_deaths",NA,NA,NA,1105,NA,NA,NA,NA
"Idaho",NA,"Past",2020-12-10,"actual_daily_cases",NA,NA,NA,2298,NA,NA,NA,NA
"Idaho",NA,"Past",2020-12-10,"actual_daily_deaths",NA,NA,NA,29,NA,NA,NA,NA
"Idaho","linear_increase_sd","Past",2020-12-10,"combined_trend",NA,NA,NA,0.418231698353283,NA,NA,NA,NA
"Idaho","return_normal","Past",2020-12-10,"combined_trend",NA,NA,NA,0.418231698353283,NA,NA,NA,NA
"Idaho","status_quo","Past",2020-12-10,"combined_trend",NA,NA,NA,0.418231698353283,NA,NA,NA,NA
"Idaho","linear_increase_sd","Past",2020-12-10,"cumulative_all_infections",354533,354533,354533,354533,354533,354533,354533,354533
"Idaho","return_normal","Past",2020-12-10,"cumulative_all_infections",354533,354533,354533,354533,354533,354533,354533,354533
"Idaho","status_quo","Past",2020-12-10,"cumulative_all_infections",354533,354533,354533,354533,354533,354533,354533,354533
"Idaho","linear_increase_sd","Past",2020-12-10,"cumulative_cases",121968,121968,121968,121968,121968,121968,121968,121968
"Idaho","return_normal","Past",2020-12-10,"cumulative_cases",121968,121968,121968,121968,121968,121968,121968,121968
"Idaho","status_quo","Past",2020-12-10,"cumulative_cases",121968,121968,121968,121968,121968,121968,121968,121968
"Idaho","linear_increase_sd","Past",2020-12-10,"cumulative_deaths",1603,1603,1603,1603,1603,1603,1603,1603
"Idaho","return_normal","Past",2020-12-10,"cumulative_deaths",1603,1603,1603,1603,1603,1603,1603,1603
"Idaho","status_quo","Past",2020-12-10,"cumulative_deaths",1603,1603,1603,1603,1603,1603,1603,1603
"Idaho","linear_increase_sd","Past",2020-12-10,"cumulative_hosps",13606,13606,13606,13606,13606,13606,13606,13606
"Idaho","return_normal","Past",2020-12-10,"cumulative_hosps",13606,13606,13606,13606,13606,13606,13606,13606
"Idaho","status_quo","Past",2020-12-10,"cumulative_hosps",13606,13606,13606,13606,13606,13606,13606,13606
"Idaho","linear_increase_sd","Past",2020-12-10,"daily_all_infections",3642,3642,3642,3642,3642,3642,3642,3642
"Idaho","return_normal","Past",2020-12-10,"daily_all_infections",3642,3642,3642,3642,3642,3642,3642,3642
"Idaho","status_quo","Past",2020-12-10,"daily_all_infections",3642,3642,3642,3642,3642,3642,3642,3642
"Idaho","linear_increase_sd","Past",2020-12-10,"daily_cases",1386,1386,1386,1386,1386,1386,1386,1386
"Idaho","return_normal","Past",2020-12-10,"daily_cases",1386,1386,1386,1386,1386,1386,1386,1386
"Idaho","status_quo","Past",2020-12-10,"daily_cases",1386,1386,1386,1386,1386,1386,1386,1386
"Idaho","linear_increase_sd","Past",2020-12-10,"daily_deaths",13,13,13,13,13,13,13,13
"Idaho","return_normal","Past",2020-12-10,"daily_deaths",13,13,13,13,13,13,13,13
"Idaho","status_quo","Past",2020-12-10,"daily_deaths",13,13,13,13,13,13,13,13
"Idaho","linear_increase_sd","Past",2020-12-10,"daily_hosps",175,175,175,175,175,175,175,175
"Idaho","return_normal","Past",2020-12-10,"daily_hosps",175,175,175,175,175,175,175,175
"Idaho","status_quo","Past",2020-12-10,"daily_hosps",175,175,175,175,175,175,175,175
"Idaho","linear_increase_sd","Past",2020-12-10,"latent_trend",NA,NA,NA,0.598378402480165,NA,NA,NA,NA
"Idaho","return_normal","Past",2020-12-10,"latent_trend",NA,NA,NA,0.598378402480165,NA,NA,NA,NA
"Idaho","status_quo","Past",2020-12-10,"latent_trend",NA,NA,NA,0.598378402480165,NA,NA,NA,NA
"Idaho","linear_increase_sd","Past",2020-12-10,"mobility_trend",NA,NA,NA,0.698941834497688,NA,NA,NA,NA
"Idaho","return_normal","Past",2020-12-10,"mobility_trend",NA,NA,NA,0.698941834497688,NA,NA,NA,NA
"Idaho","status_quo","Past",2020-12-10,"mobility_trend",NA,NA,NA,0.698941834497688,NA,NA,NA,NA
"Idaho",NA,"Past",2020-12-11,"actual_cumulative_cases",NA,NA,NA,118028,NA,NA,NA,NA
"Idaho",NA,"Past",2020-12-11,"actual_cumulative_deaths",NA,NA,NA,1138,NA,NA,NA,NA
"Idaho",NA,"Past",2020-12-11,"actual_daily_cases",NA,NA,NA,1825,NA,NA,NA,NA
"Idaho",NA,"Past",2020-12-11,"actual_daily_deaths",NA,NA,NA,33,NA,NA,NA,NA
"Idaho","linear_increase_sd","Past",2020-12-11,"combined_trend",NA,NA,NA,0.415919012086998,NA,NA,NA,NA
"Idaho","return_normal","Past",2020-12-11,"combined_trend",NA,NA,NA,0.415919012086998,NA,NA,NA,NA
"Idaho","status_quo","Past",2020-12-11,"combined_trend",NA,NA,NA,0.415919012086998,NA,NA,NA,NA
"Idaho","linear_increase_sd","Past",2020-12-11,"cumulative_all_infections",358130,358130,358130,358130,358130,358130,358130,358130
"Idaho","return_normal","Past",2020-12-11,"cumulative_all_infections",358130,358130,358130,358130,358130,358130,358130,358130
"Idaho","status_quo","Past",2020-12-11,"cumulative_all_infections",358130,358130,358130,358130,358130,358130,358130,358130
"Idaho","linear_increase_sd","Past",2020-12-11,"cumulative_cases",123473,123473,123473,123473,123473,123473,123473,123473
"Idaho","return_normal","Past",2020-12-11,"cumulative_cases",123473,123473,123473,123473,123473,123473,123473,123473
"Idaho","status_quo","Past",2020-12-11,"cumulative_cases",123473,123473,123473,123473,123473,123473,123473,123473
"Idaho","linear_increase_sd","Past",2020-12-11,"cumulative_deaths",1618,1618,1618,1618,1618,1618,1618,1618
"Idaho","return_normal","Past",2020-12-11,"cumulative_deaths",1618,1618,1618,1618,1618,1618,1618,1618
"Idaho","status_quo","Past",2020-12-11,"cumulative_deaths",1618,1618,1618,1618,1618,1618,1618,1618
"Idaho","linear_increase_sd","Past",2020-12-11,"cumulative_hosps",13785,13785,13785,13785,13785,13785,13785,13785
"Idaho","return_normal","Past",2020-12-11,"cumulative_hosps",13785,13785,13785,13785,13785,13785,13785,13785
"Idaho","status_quo","Past",2020-12-11,"cumulative_hosps",13785,13785,13785,13785,13785,13785,13785,13785
"Idaho","linear_increase_sd","Past",2020-12-11,"daily_all_infections",3597,3597,3597,3597,3597,3597,3597,3597
"Idaho","return_normal","Past",2020-12-11,"daily_all_infections",3597,3597,3597,3597,3597,3597,3597,3597
"Idaho","status_quo","Past",2020-12-11,"daily_all_infections",3597,3597,3597,3597,3597,3597,3597,3597
"Idaho","linear_increase_sd","Past",2020-12-11,"daily_cases",1505,1505,1505,1505,1505,1505,1505,1505
"Idaho","return_normal","Past",2020-12-11,"daily_cases",1505,1505,1505,1505,1505,1505,1505,1505
"Idaho","status_quo","Past",2020-12-11,"daily_cases",1505,1505,1505,1505,1505,1505,1505,1505
"Idaho","linear_increase_sd","Past",2020-12-11,"daily_deaths",15,15,15,15,15,15,15,15
"Idaho","return_normal","Past",2020-12-11,"daily_deaths",15,15,15,15,15,15,15,15
"Idaho","status_quo","Past",2020-12-11,"daily_deaths",15,15,15,15,15,15,15,15
"Idaho","linear_increase_sd","Past",2020-12-11,"daily_hosps",179,179,179,179,179,179,179,179
"Idaho","return_normal","Past",2020-12-11,"daily_hosps",179,179,179,179,179,179,179,179
"Idaho","status_quo","Past",2020-12-11,"daily_hosps",179,179,179,179,179,179,179,179
"Idaho","linear_increase_sd","Past",2020-12-11,"latent_trend",NA,NA,NA,0.59601273064331,NA,NA,NA,NA
"Idaho","return_normal","Past",2020-12-11,"latent_trend",NA,NA,NA,0.59601273064331,NA,NA,NA,NA
"Idaho","status_quo","Past",2020-12-11,"latent_trend",NA,NA,NA,0.59601273064331,NA,NA,NA,NA
"Idaho","linear_increase_sd","Past",2020-12-11,"mobility_trend",NA,NA,NA,0.697835785551213,NA,NA,NA,NA
"Idaho","return_normal","Past",2020-12-11,"mobility_trend",NA,NA,NA,0.697835785551213,NA,NA,NA,NA
"Idaho","status_quo","Past",2020-12-11,"mobility_trend",NA,NA,NA,0.697835785551213,NA,NA,NA,NA
"Idaho",NA,"Past",2020-12-12,"actual_cumulative_cases",NA,NA,NA,119610,NA,NA,NA,NA
"Idaho",NA,"Past",2020-12-12,"actual_cumulative_deaths",NA,NA,NA,1153,NA,NA,NA,NA
"Idaho",NA,"Past",2020-12-12,"actual_daily_cases",NA,NA,NA,1582,NA,NA,NA,NA
"Idaho",NA,"Past",2020-12-12,"actual_daily_deaths",NA,NA,NA,15,NA,NA,NA,NA
"Idaho","linear_increase_sd","Past",2020-12-12,"combined_trend",NA,NA,NA,0.413741296226333,NA,NA,NA,NA
"Idaho","return_normal","Past",2020-12-12,"combined_trend",NA,NA,NA,0.413741296226333,NA,NA,NA,NA
"Idaho","status_quo","Past",2020-12-12,"combined_trend",NA,NA,NA,0.413741296226333,NA,NA,NA,NA
"Idaho","linear_increase_sd","Past",2020-12-12,"cumulative_all_infections",361678,361678,361678,361678,361678,361678,361678,361678
"Idaho","return_normal","Past",2020-12-12,"cumulative_all_infections",361678,361678,361678,361678,361678,361678,361678,361678
"Idaho","status_quo","Past",2020-12-12,"cumulative_all_infections",361678,361678,361678,361678,361678,361678,361678,361678
"Idaho","linear_increase_sd","Past",2020-12-12,"cumulative_cases",125076,125076,125076,125076,125076,125076,125076,125076
"Idaho","return_normal","Past",2020-12-12,"cumulative_cases",125076,125076,125076,125076,125076,125076,125076,125076
"Idaho","status_quo","Past",2020-12-12,"cumulative_cases",125076,125076,125076,125076,125076,125076,125076,125076
"Idaho","linear_increase_sd","Past",2020-12-12,"cumulative_deaths",1632,1632,1632,1632,1632,1632,1632,1632
"Idaho","return_normal","Past",2020-12-12,"cumulative_deaths",1632,1632,1632,1632,1632,1632,1632,1632
"Idaho","status_quo","Past",2020-12-12,"cumulative_deaths",1632,1632,1632,1632,1632,1632,1632,1632
"Idaho","linear_increase_sd","Past",2020-12-12,"cumulative_hosps",13963,13963,13963,13963,13963,13963,13963,13963
"Idaho","return_normal","Past",2020-12-12,"cumulative_hosps",13963,13963,13963,13963,13963,13963,13963,13963
"Idaho","status_quo","Past",2020-12-12,"cumulative_hosps",13963,13963,13963,13963,13963,13963,13963,13963
"Idaho","linear_increase_sd","Past",2020-12-12,"daily_all_infections",3548,3548,3548,3548,3548,3548,3548,3548
"Idaho","return_normal","Past",2020-12-12,"daily_all_infections",3548,3548,3548,3548,3548,3548,3548,3548
"Idaho","status_quo","Past",2020-12-12,"daily_all_infections",3548,3548,3548,3548,3548,3548,3548,3548
"Idaho","linear_increase_sd","Past",2020-12-12,"daily_cases",1603,1603,1603,1603,1603,1603,1603,1603
"Idaho","return_normal","Past",2020-12-12,"daily_cases",1603,1603,1603,1603,1603,1603,1603,1603
"Idaho","status_quo","Past",2020-12-12,"daily_cases",1603,1603,1603,1603,1603,1603,1603,1603
"Idaho","linear_increase_sd","Past",2020-12-12,"daily_deaths",14,14,14,14,14,14,14,14
"Idaho","return_normal","Past",2020-12-12,"daily_deaths",14,14,14,14,14,14,14,14
"Idaho","status_quo","Past",2020-12-12,"daily_deaths",14,14,14,14,14,14,14,14
"Idaho","linear_increase_sd","Past",2020-12-12,"daily_hosps",178,178,178,178,178,178,178,178
"Idaho","return_normal","Past",2020-12-12,"daily_hosps",178,178,178,178,178,178,178,178
"Idaho","status_quo","Past",2020-12-12,"daily_hosps",178,178,178,178,178,178,178,178
"Idaho","linear_increase_sd","Past",2020-12-12,"latent_trend",NA,NA,NA,0.59349618624712,NA,NA,NA,NA
"Idaho","return_normal","Past",2020-12-12,"latent_trend",NA,NA,NA,0.59349618624712,NA,NA,NA,NA
"Idaho","status_quo","Past",2020-12-12,"latent_trend",NA,NA,NA,0.59349618624712,NA,NA,NA,NA
"Idaho","linear_increase_sd","Past",2020-12-12,"mobility_trend",NA,NA,NA,0.697125450531639,NA,NA,NA,NA
"Idaho","return_normal","Past",2020-12-12,"mobility_trend",NA,NA,NA,0.697125450531639,NA,NA,NA,NA
"Idaho","status_quo","Past",2020-12-12,"mobility_trend",NA,NA,NA,0.697125450531639,NA,NA,NA,NA
"Idaho",NA,"Past",2020-12-13,"actual_cumulative_cases",NA,NA,NA,120632,NA,NA,NA,NA
"Idaho",NA,"Past",2020-12-13,"actual_cumulative_deaths",NA,NA,NA,1171,NA,NA,NA,NA
"Idaho",NA,"Past",2020-12-13,"actual_daily_cases",NA,NA,NA,1022,NA,NA,NA,NA
"Idaho",NA,"Past",2020-12-13,"actual_daily_deaths",NA,NA,NA,18,NA,NA,NA,NA
"Idaho","linear_increase_sd","Past",2020-12-13,"combined_trend",NA,NA,NA,0.411725735849425,NA,NA,NA,NA
"Idaho","return_normal","Past",2020-12-13,"combined_trend",NA,NA,NA,0.411725735849425,NA,NA,NA,NA
"Idaho","status_quo","Past",2020-12-13,"combined_trend",NA,NA,NA,0.411725735849425,NA,NA,NA,NA
"Idaho","linear_increase_sd","Past",2020-12-13,"cumulative_all_infections",365165,365165,365165,365165,365165,365165,365165,365165
"Idaho","return_normal","Past",2020-12-13,"cumulative_all_infections",365165,365165,365165,365165,365165,365165,365165,365165
"Idaho","status_quo","Past",2020-12-13,"cumulative_all_infections",365165,365165,365165,365165,365165,365165,365165,365165
"Idaho","linear_increase_sd","Past",2020-12-13,"cumulative_cases",126500,126500,126500,126500,126500,126500,126500,126500
"Idaho","return_normal","Past",2020-12-13,"cumulative_cases",126500,126500,126500,126500,126500,126500,126500,126500
"Idaho","status_quo","Past",2020-12-13,"cumulative_cases",126500,126500,126500,126500,126500,126500,126500,126500
"Idaho","linear_increase_sd","Past",2020-12-13,"cumulative_deaths",1647,1647,1647,1647,1647,1647,1647,1647
"Idaho","return_normal","Past",2020-12-13,"cumulative_deaths",1647,1647,1647,1647,1647,1647,1647,1647
"Idaho","status_quo","Past",2020-12-13,"cumulative_deaths",1647,1647,1647,1647,1647,1647,1647,1647
"Idaho","linear_increase_sd","Past",2020-12-13,"cumulative_hosps",14139,14139,14139,14139,14139,14139,14139,14139
"Idaho","return_normal","Past",2020-12-13,"cumulative_hosps",14139,14139,14139,14139,14139,14139,14139,14139
"Idaho","status_quo","Past",2020-12-13,"cumulative_hosps",14139,14139,14139,14139,14139,14139,14139,14139
"Idaho","linear_increase_sd","Past",2020-12-13,"daily_all_infections",3487,3487,3487,3487,3487,3487,3487,3487
"Idaho","return_normal","Past",2020-12-13,"daily_all_infections",3487,3487,3487,3487,3487,3487,3487,3487
"Idaho","status_quo","Past",2020-12-13,"daily_all_infections",3487,3487,3487,3487,3487,3487,3487,3487
"Idaho","linear_increase_sd","Past",2020-12-13,"daily_cases",1424,1424,1424,1424,1424,1424,1424,1424
"Idaho","return_normal","Past",2020-12-13,"daily_cases",1424,1424,1424,1424,1424,1424,1424,1424
"Idaho","status_quo","Past",2020-12-13,"daily_cases",1424,1424,1424,1424,1424,1424,1424,1424
"Idaho","linear_increase_sd","Past",2020-12-13,"daily_deaths",15,15,15,15,15,15,15,15
"Idaho","return_normal","Past",2020-12-13,"daily_deaths",15,15,15,15,15,15,15,15
"Idaho","status_quo","Past",2020-12-13,"daily_deaths",15,15,15,15,15,15,15,15
"Idaho","linear_increase_sd","Past",2020-12-13,"daily_hosps",176,176,176,176,176,176,176,176
"Idaho","return_normal","Past",2020-12-13,"daily_hosps",176,176,176,176,176,176,176,176
"Idaho","status_quo","Past",2020-12-13,"daily_hosps",176,176,176,176,176,176,176,176
"Idaho","linear_increase_sd","Past",2020-12-13,"latent_trend",NA,NA,NA,0.590827792383813,NA,NA,NA,NA
"Idaho","return_normal","Past",2020-12-13,"latent_trend",NA,NA,NA,0.590827792383813,NA,NA,NA,NA
"Idaho","status_quo","Past",2020-12-13,"latent_trend",NA,NA,NA,0.590827792383813,NA,NA,NA,NA
"Idaho","linear_increase_sd","Past",2020-12-13,"mobility_trend",NA,NA,NA,0.696862505719704,NA,NA,NA,NA
"Idaho","return_normal","Past",2020-12-13,"mobility_trend",NA,NA,NA,0.696862505719704,NA,NA,NA,NA
"Idaho","status_quo","Past",2020-12-13,"mobility_trend",NA,NA,NA,0.696862505719704,NA,NA,NA,NA
"Idaho",NA,"Past",2020-12-14,"actual_cumulative_cases",NA,NA,NA,121179,NA,NA,NA,NA
"Idaho",NA,"Past",2020-12-14,"actual_cumulative_deaths",NA,NA,NA,1177,NA,NA,NA,NA
"Idaho",NA,"Past",2020-12-14,"actual_daily_cases",NA,NA,NA,547,NA,NA,NA,NA
"Idaho",NA,"Past",2020-12-14,"actual_daily_deaths",NA,NA,NA,6,NA,NA,NA,NA
"Idaho","linear_increase_sd","Past",2020-12-14,"combined_trend",NA,NA,NA,0.40986057628216,NA,NA,NA,NA
"Idaho","return_normal","Past",2020-12-14,"combined_trend",NA,NA,NA,0.40986057628216,NA,NA,NA,NA
"Idaho","status_quo","Past",2020-12-14,"combined_trend",NA,NA,NA,0.40986057628216,NA,NA,NA,NA
"Idaho","linear_increase_sd","Past",2020-12-14,"cumulative_all_infections",368602,368602,368602,368602,368602,368602,368602,368602
"Idaho","return_normal","Past",2020-12-14,"cumulative_all_infections",368602,368602,368602,368602,368602,368602,368602,368602
"Idaho","status_quo","Past",2020-12-14,"cumulative_all_infections",368602,368602,368602,368602,368602,368602,368602,368602
"Idaho","linear_increase_sd","Past",2020-12-14,"cumulative_cases",127687,127687,127687,127687,127687,127687,127687,127687
"Idaho","return_normal","Past",2020-12-14,"cumulative_cases",127687,127687,127687,127687,127687,127687,127687,127687
"Idaho","status_quo","Past",2020-12-14,"cumulative_cases",127687,127687,127687,127687,127687,127687,127687,127687
"Idaho","linear_increase_sd","Past",2020-12-14,"cumulative_deaths",1661,1661,1661,1661,1661,1661,1661,1661
"Idaho","return_normal","Past",2020-12-14,"cumulative_deaths",1661,1661,1661,1661,1661,1661,1661,1661
"Idaho","status_quo","Past",2020-12-14,"cumulative_deaths",1661,1661,1661,1661,1661,1661,1661,1661
"Idaho","linear_increase_sd","Past",2020-12-14,"cumulative_hosps",14316,14316,14316,14316,14316,14316,14316,14316
"Idaho","return_normal","Past",2020-12-14,"cumulative_hosps",14316,14316,14316,14316,14316,14316,14316,14316
"Idaho","status_quo","Past",2020-12-14,"cumulative_hosps",14316,14316,14316,14316,14316,14316,14316,14316
"Idaho","linear_increase_sd","Past",2020-12-14,"daily_all_infections",3437,3437,3437,3437,3437,3437,3437,3437
"Idaho","return_normal","Past",2020-12-14,"daily_all_infections",3437,3437,3437,3437,3437,3437,3437,3437
"Idaho","status_quo","Past",2020-12-14,"daily_all_infections",3437,3437,3437,3437,3437,3437,3437,3437
"Idaho","linear_increase_sd","Past",2020-12-14,"daily_cases",1187,1187,1187,1187,1187,1187,1187,1187
"Idaho","return_normal","Past",2020-12-14,"daily_cases",1187,1187,1187,1187,1187,1187,1187,1187
"Idaho","status_quo","Past",2020-12-14,"daily_cases",1187,1187,1187,1187,1187,1187,1187,1187
"Idaho","linear_increase_sd","Past",2020-12-14,"daily_deaths",14,14,14,14,14,14,14,14
"Idaho","return_normal","Past",2020-12-14,"daily_deaths",14,14,14,14,14,14,14,14
"Idaho","status_quo","Past",2020-12-14,"daily_deaths",14,14,14,14,14,14,14,14
"Idaho","linear_increase_sd","Past",2020-12-14,"daily_hosps",177,177,177,177,177,177,177,177
"Idaho","return_normal","Past",2020-12-14,"daily_hosps",177,177,177,177,177,177,177,177
"Idaho","status_quo","Past",2020-12-14,"daily_hosps",177,177,177,177,177,177,177,177
"Idaho","linear_increase_sd","Past",2020-12-14,"latent_trend",NA,NA,NA,0.588006566980399,NA,NA,NA,NA
"Idaho","return_normal","Past",2020-12-14,"latent_trend",NA,NA,NA,0.588006566980399,NA,NA,NA,NA
"Idaho","status_quo","Past",2020-12-14,"latent_trend",NA,NA,NA,0.588006566980399,NA,NA,NA,NA
"Idaho","linear_increase_sd","Past",2020-12-14,"mobility_trend",NA,NA,NA,0.697034011689571,NA,NA,NA,NA
"Idaho","return_normal","Past",2020-12-14,"mobility_trend",NA,NA,NA,0.697034011689571,NA,NA,NA,NA
"Idaho","status_quo","Past",2020-12-14,"mobility_trend",NA,NA,NA,0.697034011689571,NA,NA,NA,NA
"Idaho",NA,"Past",2020-12-15,"actual_cumulative_cases",NA,NA,NA,122217,NA,NA,NA,NA
"Idaho",NA,"Past",2020-12-15,"actual_cumulative_deaths",NA,NA,NA,1196,NA,NA,NA,NA
"Idaho",NA,"Past",2020-12-15,"actual_daily_cases",NA,NA,NA,1038,NA,NA,NA,NA
"Idaho",NA,"Past",2020-12-15,"actual_daily_deaths",NA,NA,NA,19,NA,NA,NA,NA
"Idaho","linear_increase_sd","Past",2020-12-15,"combined_trend",NA,NA,NA,0.408124357585933,NA,NA,NA,NA
"Idaho","return_normal","Past",2020-12-15,"combined_trend",NA,NA,NA,0.408124357585933,NA,NA,NA,NA
"Idaho","status_quo","Past",2020-12-15,"combined_trend",NA,NA,NA,0.408124357585933,NA,NA,NA,NA
"Idaho","linear_increase_sd","Past",2020-12-15,"cumulative_all_infections",371993,371993,371993,371993,371993,371993,371993,371993
"Idaho","return_normal","Past",2020-12-15,"cumulative_all_infections",371993,371993,371993,371993,371993,371993,371993,371993
"Idaho","status_quo","Past",2020-12-15,"cumulative_all_infections",371993,371993,371993,371993,371993,371993,371993,371993
"Idaho","linear_increase_sd","Past",2020-12-15,"cumulative_cases",129164,129164,129164,129164,129164,129164,129164,129164
"Idaho","return_normal","Past",2020-12-15,"cumulative_cases",129164,129164,129164,129164,129164,129164,129164,129164
"Idaho","status_quo","Past",2020-12-15,"cumulative_cases",129164,129164,129164,129164,129164,129164,129164,129164
"Idaho","linear_increase_sd","Past",2020-12-15,"cumulative_deaths",1676,1676,1676,1676,1676,1676,1676,1676
"Idaho","return_normal","Past",2020-12-15,"cumulative_deaths",1676,1676,1676,1676,1676,1676,1676,1676
"Idaho","status_quo","Past",2020-12-15,"cumulative_deaths",1676,1676,1676,1676,1676,1676,1676,1676
"Idaho","linear_increase_sd","Past",2020-12-15,"cumulative_hosps",14489,14489,14489,14489,14489,14489,14489,14489
"Idaho","return_normal","Past",2020-12-15,"cumulative_hosps",14489,14489,14489,14489,14489,14489,14489,14489
"Idaho","status_quo","Past",2020-12-15,"cumulative_hosps",14489,14489,14489,14489,14489,14489,14489,14489
"Idaho","linear_increase_sd","Past",2020-12-15,"daily_all_infections",3391,3391,3391,3391,3391,3391,3391,3391
"Idaho","return_normal","Past",2020-12-15,"daily_all_infections",3391,3391,3391,3391,3391,3391,3391,3391
"Idaho","status_quo","Past",2020-12-15,"daily_all_infections",3391,3391,3391,3391,3391,3391,3391,3391
"Idaho","linear_increase_sd","Past",2020-12-15,"daily_cases",1477,1477,1477,1477,1477,1477,1477,1477
"Idaho","return_normal","Past",2020-12-15,"daily_cases",1477,1477,1477,1477,1477,1477,1477,1477
"Idaho","status_quo","Past",2020-12-15,"daily_cases",1477,1477,1477,1477,1477,1477,1477,1477
"Idaho","linear_increase_sd","Past",2020-12-15,"daily_deaths",15,15,15,15,15,15,15,15
"Idaho","return_normal","Past",2020-12-15,"daily_deaths",15,15,15,15,15,15,15,15
"Idaho","status_quo","Past",2020-12-15,"daily_deaths",15,15,15,15,15,15,15,15
"Idaho","linear_increase_sd","Past",2020-12-15,"daily_hosps",173,173,173,173,173,173,173,173
"Idaho","return_normal","Past",2020-12-15,"daily_hosps",173,173,173,173,173,173,173,173
"Idaho","status_quo","Past",2020-12-15,"daily_hosps",173,173,173,173,173,173,173,173
"Idaho","linear_increase_sd","Past",2020-12-15,"latent_trend",NA,NA,NA,0.585031529982963,NA,NA,NA,NA
"Idaho","return_normal","Past",2020-12-15,"latent_trend",NA,NA,NA,0.585031529982963,NA,NA,NA,NA
"Idaho","status_quo","Past",2020-12-15,"latent_trend",NA,NA,NA,0.585031529982963,NA,NA,NA,NA
"Idaho","linear_increase_sd","Past",2020-12-15,"mobility_trend",NA,NA,NA,0.697610875088763,NA,NA,NA,NA
"Idaho","return_normal","Past",2020-12-15,"mobility_trend",NA,NA,NA,0.697610875088763,NA,NA,NA,NA
"Idaho","status_quo","Past",2020-12-15,"mobility_trend",NA,NA,NA,0.697610875088763,NA,NA,NA,NA
"Idaho",NA,"Past",2020-12-16,"actual_cumulative_cases",NA,NA,NA,124019,NA,NA,NA,NA
"Idaho",NA,"Past",2020-12-16,"actual_cumulative_deaths",NA,NA,NA,1216,NA,NA,NA,NA
"Idaho",NA,"Past",2020-12-16,"actual_daily_cases",NA,NA,NA,1802,NA,NA,NA,NA
"Idaho",NA,"Past",2020-12-16,"actual_daily_deaths",NA,NA,NA,20,NA,NA,NA,NA
"Idaho","linear_increase_sd","Past",2020-12-16,"combined_trend",NA,NA,NA,0.406488608897777,NA,NA,NA,NA
"Idaho","return_normal","Past",2020-12-16,"combined_trend",NA,NA,NA,0.406488608897777,NA,NA,NA,NA
"Idaho","status_quo","Past",2020-12-16,"combined_trend",NA,NA,NA,0.406488608897777,NA,NA,NA,NA
"Idaho","linear_increase_sd","Past",2020-12-16,"cumulative_all_infections",375328,375328,375328,375328,375328,375328,375328,375328
"Idaho","return_normal","Past",2020-12-16,"cumulative_all_infections",375328,375328,375328,375328,375328,375328,375328,375328
"Idaho","status_quo","Past",2020-12-16,"cumulative_all_infections",375328,375328,375328,375328,375328,375328,375328,375328
"Idaho","linear_increase_sd","Past",2020-12-16,"cumulative_cases",130679,130679,130679,130679,130679,130679,130679,130679
"Idaho","return_normal","Past",2020-12-16,"cumulative_cases",130679,130679,130679,130679,130679,130679,130679,130679
"Idaho","status_quo","Past",2020-12-16,"cumulative_cases",130679,130679,130679,130679,130679,130679,130679,130679
"Idaho","linear_increase_sd","Past",2020-12-16,"cumulative_deaths",1690,1690,1690,1690,1690,1690,1690,1690
"Idaho","return_normal","Past",2020-12-16,"cumulative_deaths",1690,1690,1690,1690,1690,1690,1690,1690
"Idaho","status_quo","Past",2020-12-16,"cumulative_deaths",1690,1690,1690,1690,1690,1690,1690,1690
"Idaho","linear_increase_sd","Past",2020-12-16,"cumulative_hosps",14664,14664,14664,14664,14664,14664,14664,14664
"Idaho","return_normal","Past",2020-12-16,"cumulative_hosps",14664,14664,14664,14664,14664,14664,14664,14664
"Idaho","status_quo","Past",2020-12-16,"cumulative_hosps",14664,14664,14664,14664,14664,14664,14664,14664
"Idaho","linear_increase_sd","Past",2020-12-16,"daily_all_infections",3335,3335,3335,3335,3335,3335,3335,3335
"Idaho","return_normal","Past",2020-12-16,"daily_all_infections",3335,3335,3335,3335,3335,3335,3335,3335
"Idaho","status_quo","Past",2020-12-16,"daily_all_infections",3335,3335,3335,3335,3335,3335,3335,3335
"Idaho","linear_increase_sd","Past",2020-12-16,"daily_cases",1515,1515,1515,1515,1515,1515,1515,1515
"Idaho","return_normal","Past",2020-12-16,"daily_cases",1515,1515,1515,1515,1515,1515,1515,1515
"Idaho","status_quo","Past",2020-12-16,"daily_cases",1515,1515,1515,1515,1515,1515,1515,1515
"Idaho","linear_increase_sd","Past",2020-12-16,"daily_deaths",14,14,14,14,14,14,14,14
"Idaho","return_normal","Past",2020-12-16,"daily_deaths",14,14,14,14,14,14,14,14
"Idaho","status_quo","Past",2020-12-16,"daily_deaths",14,14,14,14,14,14,14,14
"Idaho","linear_increase_sd","Past",2020-12-16,"daily_hosps",175,175,175,175,175,175,175,175
"Idaho","return_normal","Past",2020-12-16,"daily_hosps",175,175,175,175,175,175,175,175
"Idaho","status_quo","Past",2020-12-16,"daily_hosps",175,175,175,175,175,175,175,175
"Idaho","linear_increase_sd","Past",2020-12-16,"latent_trend",NA,NA,NA,0.581901711105296,NA,NA,NA,NA
"Idaho","return_normal","Past",2020-12-16,"latent_trend",NA,NA,NA,0.581901711105296,NA,NA,NA,NA
"Idaho","status_quo","Past",2020-12-16,"latent_trend",NA,NA,NA,0.581901711105296,NA,NA,NA,NA
"Idaho","linear_increase_sd","Past",2020-12-16,"mobility_trend",NA,NA,NA,0.698552008251824,NA,NA,NA,NA
"Idaho","return_normal","Past",2020-12-16,"mobility_trend",NA,NA,NA,0.698552008251824,NA,NA,NA,NA
"Idaho","status_quo","Past",2020-12-16,"mobility_trend",NA,NA,NA,0.698552008251824,NA,NA,NA,NA
"Idaho",NA,"Past",2020-12-17,"actual_cumulative_cases",NA,NA,NA,125452,NA,NA,NA,NA
"Idaho",NA,"Past",2020-12-17,"actual_cumulative_deaths",NA,NA,NA,1233,NA,NA,NA,NA
"Idaho",NA,"Past",2020-12-17,"actual_daily_cases",NA,NA,NA,1433,NA,NA,NA,NA
"Idaho",NA,"Past",2020-12-17,"actual_daily_deaths",NA,NA,NA,17,NA,NA,NA,NA
"Idaho","linear_increase_sd","Past",2020-12-17,"combined_trend",NA,NA,NA,0.404897272114078,NA,NA,NA,NA
"Idaho","return_normal","Past",2020-12-17,"combined_trend",NA,NA,NA,0.404897272114078,NA,NA,NA,NA
"Idaho","status_quo","Past",2020-12-17,"combined_trend",NA,NA,NA,0.404897272114078,NA,NA,NA,NA
"Idaho","linear_increase_sd","Past",2020-12-17,"cumulative_all_infections",378598,378598,378598,378598,378598,378598,378598,378598
"Idaho","return_normal","Past",2020-12-17,"cumulative_all_infections",378598,378598,378598,378598,378598,378598,378598,378598
"Idaho","status_quo","Past",2020-12-17,"cumulative_all_infections",378598,378598,378598,378598,378598,378598,378598,378598
"Idaho","linear_increase_sd","Past",2020-12-17,"cumulative_cases",132024,132024,132024,132024,132024,132024,132024,132024
"Idaho","return_normal","Past",2020-12-17,"cumulative_cases",132024,132024,132024,132024,132024,132024,132024,132024
"Idaho","status_quo","Past",2020-12-17,"cumulative_cases",132024,132024,132024,132024,132024,132024,132024,132024
"Idaho","linear_increase_sd","Past",2020-12-17,"cumulative_deaths",1705,1705,1705,1705,1705,1705,1705,1705
"Idaho","return_normal","Past",2020-12-17,"cumulative_deaths",1705,1705,1705,1705,1705,1705,1705,1705
"Idaho","status_quo","Past",2020-12-17,"cumulative_deaths",1705,1705,1705,1705,1705,1705,1705,1705
"Idaho","linear_increase_sd","Past",2020-12-17,"cumulative_hosps",14835,14835,14835,14835,14835,14835,14835,14835
"Idaho","return_normal","Past",2020-12-17,"cumulative_hosps",14835,14835,14835,14835,14835,14835,14835,14835
"Idaho","status_quo","Past",2020-12-17,"cumulative_hosps",14835,14835,14835,14835,14835,14835,14835,14835
"Idaho","linear_increase_sd","Past",2020-12-17,"daily_all_infections",3270,3270,3270,3270,3270,3270,3270,3270
"Idaho","return_normal","Past",2020-12-17,"daily_all_infections",3270,3270,3270,3270,3270,3270,3270,3270
"Idaho","status_quo","Past",2020-12-17,"daily_all_infections",3270,3270,3270,3270,3270,3270,3270,3270
"Idaho","linear_increase_sd","Past",2020-12-17,"daily_cases",1345,1345,1345,1345,1345,1345,1345,1345
"Idaho","return_normal","Past",2020-12-17,"daily_cases",1345,1345,1345,1345,1345,1345,1345,1345
"Idaho","status_quo","Past",2020-12-17,"daily_cases",1345,1345,1345,1345,1345,1345,1345,1345
"Idaho","linear_increase_sd","Past",2020-12-17,"daily_deaths",15,15,15,15,15,15,15,15
"Idaho","return_normal","Past",2020-12-17,"daily_deaths",15,15,15,15,15,15,15,15
"Idaho","status_quo","Past",2020-12-17,"daily_deaths",15,15,15,15,15,15,15,15
"Idaho","linear_increase_sd","Past",2020-12-17,"daily_hosps",171,171,171,171,171,171,171,171
"Idaho","return_normal","Past",2020-12-17,"daily_hosps",171,171,171,171,171,171,171,171
"Idaho","status_quo","Past",2020-12-17,"daily_hosps",171,171,171,171,171,171,171,171
"Idaho","linear_increase_sd","Past",2020-12-17,"latent_trend",NA,NA,NA,0.578616158157621,NA,NA,NA,NA
"Idaho","return_normal","Past",2020-12-17,"latent_trend",NA,NA,NA,0.578616158157621,NA,NA,NA,NA
"Idaho","status_quo","Past",2020-12-17,"latent_trend",NA,NA,NA,0.578616158157621,NA,NA,NA,NA
"Idaho","linear_increase_sd","Past",2020-12-17,"mobility_trend",NA,NA,NA,0.699768346261392,NA,NA,NA,NA
"Idaho","return_normal","Past",2020-12-17,"mobility_trend",NA,NA,NA,0.699768346261392,NA,NA,NA,NA
"Idaho","status_quo","Past",2020-12-17,"mobility_trend",NA,NA,NA,0.699768346261392,NA,NA,NA,NA
"Idaho",NA,"Past",2020-12-18,"actual_cumulative_cases",NA,NA,NA,126878,NA,NA,NA,NA
"Idaho",NA,"Past",2020-12-18,"actual_cumulative_deaths",NA,NA,NA,1261,NA,NA,NA,NA
"Idaho",NA,"Past",2020-12-18,"actual_daily_cases",NA,NA,NA,1426,NA,NA,NA,NA
"Idaho",NA,"Past",2020-12-18,"actual_daily_deaths",NA,NA,NA,28,NA,NA,NA,NA
"Idaho","linear_increase_sd","Past",2020-12-18,"combined_trend",NA,NA,NA,0.403288290937553,NA,NA,NA,NA
"Idaho","return_normal","Past",2020-12-18,"combined_trend",NA,NA,NA,0.403288290937553,NA,NA,NA,NA
"Idaho","status_quo","Past",2020-12-18,"combined_trend",NA,NA,NA,0.403288290937553,NA,NA,NA,NA
"Idaho","linear_increase_sd","Past",2020-12-18,"cumulative_all_infections",381804,381804,381804,381804,381804,381804,381804,381804
"Idaho","return_normal","Past",2020-12-18,"cumulative_all_infections",381804,381804,381804,381804,381804,381804,381804,381804
"Idaho","status_quo","Past",2020-12-18,"cumulative_all_infections",381804,381804,381804,381804,381804,381804,381804,381804
"Idaho","linear_increase_sd","Past",2020-12-18,"cumulative_cases",133561,133561,133561,133561,133561,133561,133561,133561
"Idaho","return_normal","Past",2020-12-18,"cumulative_cases",133561,133561,133561,133561,133561,133561,133561,133561
"Idaho","status_quo","Past",2020-12-18,"cumulative_cases",133561,133561,133561,133561,133561,133561,133561,133561
"Idaho","linear_increase_sd","Past",2020-12-18,"cumulative_deaths",1720,1720,1720,1720,1720,1720,1720,1720
"Idaho","return_normal","Past",2020-12-18,"cumulative_deaths",1720,1720,1720,1720,1720,1720,1720,1720
"Idaho","status_quo","Past",2020-12-18,"cumulative_deaths",1720,1720,1720,1720,1720,1720,1720,1720
"Idaho","linear_increase_sd","Past",2020-12-18,"cumulative_hosps",15007,15007,15007,15007,15007,15007,15007,15007
"Idaho","return_normal","Past",2020-12-18,"cumulative_hosps",15007,15007,15007,15007,15007,15007,15007,15007
"Idaho","status_quo","Past",2020-12-18,"cumulative_hosps",15007,15007,15007,15007,15007,15007,15007,15007
"Idaho","linear_increase_sd","Past",2020-12-18,"daily_all_infections",3206,3206,3206,3206,3206,3206,3206,3206
"Idaho","return_normal","Past",2020-12-18,"daily_all_infections",3206,3206,3206,3206,3206,3206,3206,3206
"Idaho","status_quo","Past",2020-12-18,"daily_all_infections",3206,3206,3206,3206,3206,3206,3206,3206
"Idaho","linear_increase_sd","Past",2020-12-18,"daily_cases",1537,1537,1537,1537,1537,1537,1537,1537
"Idaho","return_normal","Past",2020-12-18,"daily_cases",1537,1537,1537,1537,1537,1537,1537,1537
"Idaho","status_quo","Past",2020-12-18,"daily_cases",1537,1537,1537,1537,1537,1537,1537,1537
"Idaho","linear_increase_sd","Past",2020-12-18,"daily_deaths",15,15,15,15,15,15,15,15
"Idaho","return_normal","Past",2020-12-18,"daily_deaths",15,15,15,15,15,15,15,15
"Idaho","status_quo","Past",2020-12-18,"daily_deaths",15,15,15,15,15,15,15,15
"Idaho","linear_increase_sd","Past",2020-12-18,"daily_hosps",172,172,172,172,172,172,172,172
"Idaho","return_normal","Past",2020-12-18,"daily_hosps",172,172,172,172,172,172,172,172
"Idaho","status_quo","Past",2020-12-18,"daily_hosps",172,172,172,172,172,172,172,172
"Idaho","linear_increase_sd","Past",2020-12-18,"latent_trend",NA,NA,NA,0.575173945969523,NA,NA,NA,NA
"Idaho","return_normal","Past",2020-12-18,"latent_trend",NA,NA,NA,0.575173945969523,NA,NA,NA,NA
"Idaho","status_quo","Past",2020-12-18,"latent_trend",NA,NA,NA,0.575173945969523,NA,NA,NA,NA
"Idaho","linear_increase_sd","Past",2020-12-18,"mobility_trend",NA,NA,NA,0.701158829887128,NA,NA,NA,NA
"Idaho","return_normal","Past",2020-12-18,"mobility_trend",NA,NA,NA,0.701158829887128,NA,NA,NA,NA
"Idaho","status_quo","Past",2020-12-18,"mobility_trend",NA,NA,NA,0.701158829887128,NA,NA,NA,NA
"Idaho",NA,"Past",2020-12-19,"actual_cumulative_cases",NA,NA,NA,128218,NA,NA,NA,NA
"Idaho",NA,"Past",2020-12-19,"actual_cumulative_deaths",NA,NA,NA,1277,NA,NA,NA,NA
"Idaho",NA,"Past",2020-12-19,"actual_daily_cases",NA,NA,NA,1340,NA,NA,NA,NA
"Idaho",NA,"Past",2020-12-19,"actual_daily_deaths",NA,NA,NA,16,NA,NA,NA,NA
"Idaho","linear_increase_sd","Past",2020-12-19,"combined_trend",NA,NA,NA,0.401600826230561,NA,NA,NA,NA
"Idaho","return_normal","Past",2020-12-19,"combined_trend",NA,NA,NA,0.401600826230561,NA,NA,NA,NA
"Idaho","status_quo","Past",2020-12-19,"combined_trend",NA,NA,NA,0.401600826230561,NA,NA,NA,NA
"Idaho","linear_increase_sd","Past",2020-12-19,"cumulative_all_infections",384948,384948,384948,384948,384948,384948,384948,384948
"Idaho","return_normal","Past",2020-12-19,"cumulative_all_infections",384948,384948,384948,384948,384948,384948,384948,384948
"Idaho","status_quo","Past",2020-12-19,"cumulative_all_infections",384948,384948,384948,384948,384948,384948,384948,384948
"Idaho","linear_increase_sd","Past",2020-12-19,"cumulative_cases",134808,134808,134808,134808,134808,134808,134808,134808
"Idaho","return_normal","Past",2020-12-19,"cumulative_cases",134808,134808,134808,134808,134808,134808,134808,134808
"Idaho","status_quo","Past",2020-12-19,"cumulative_cases",134808,134808,134808,134808,134808,134808,134808,134808
"Idaho","linear_increase_sd","Past",2020-12-19,"cumulative_deaths",1736,1736,1736,1736,1736,1736,1736,1736
"Idaho","return_normal","Past",2020-12-19,"cumulative_deaths",1736,1736,1736,1736,1736,1736,1736,1736
"Idaho","status_quo","Past",2020-12-19,"cumulative_deaths",1736,1736,1736,1736,1736,1736,1736,1736
"Idaho","linear_increase_sd","Past",2020-12-19,"cumulative_hosps",15178,15178,15178,15178,15178,15178,15178,15178
"Idaho","return_normal","Past",2020-12-19,"cumulative_hosps",15178,15178,15178,15178,15178,15178,15178,15178
"Idaho","status_quo","Past",2020-12-19,"cumulative_hosps",15178,15178,15178,15178,15178,15178,15178,15178
"Idaho","linear_increase_sd","Past",2020-12-19,"daily_all_infections",3144,3144,3144,3144,3144,3144,3144,3144
"Idaho","return_normal","Past",2020-12-19,"daily_all_infections",3144,3144,3144,3144,3144,3144,3144,3144
"Idaho","status_quo","Past",2020-12-19,"daily_all_infections",3144,3144,3144,3144,3144,3144,3144,3144
"Idaho","linear_increase_sd","Past",2020-12-19,"daily_cases",1247,1247,1247,1247,1247,1247,1247,1247
"Idaho","return_normal","Past",2020-12-19,"daily_cases",1247,1247,1247,1247,1247,1247,1247,1247
"Idaho","status_quo","Past",2020-12-19,"daily_cases",1247,1247,1247,1247,1247,1247,1247,1247
"Idaho","linear_increase_sd","Past",2020-12-19,"daily_deaths",16,16,16,16,16,16,16,16
"Idaho","return_normal","Past",2020-12-19,"daily_deaths",16,16,16,16,16,16,16,16
"Idaho","status_quo","Past",2020-12-19,"daily_deaths",16,16,16,16,16,16,16,16
"Idaho","linear_increase_sd","Past",2020-12-19,"daily_hosps",171,171,171,171,171,171,171,171
"Idaho","return_normal","Past",2020-12-19,"daily_hosps",171,171,171,171,171,171,171,171
"Idaho","status_quo","Past",2020-12-19,"daily_hosps",171,171,171,171,171,171,171,171
"Idaho","linear_increase_sd","Past",2020-12-19,"latent_trend",NA,NA,NA,0.571574185919015,NA,NA,NA,NA
"Idaho","return_normal","Past",2020-12-19,"latent_trend",NA,NA,NA,0.571574185919015,NA,NA,NA,NA
"Idaho","status_quo","Past",2020-12-19,"latent_trend",NA,NA,NA,0.571574185919015,NA,NA,NA,NA
"Idaho","linear_increase_sd","Past",2020-12-19,"mobility_trend",NA,NA,NA,0.702622399898694,NA,NA,NA,NA
"Idaho","return_normal","Past",2020-12-19,"mobility_trend",NA,NA,NA,0.702622399898694,NA,NA,NA,NA
"Idaho","status_quo","Past",2020-12-19,"mobility_trend",NA,NA,NA,0.702622399898694,NA,NA,NA,NA
"Idaho",NA,"Past",2020-12-20,"actual_cumulative_cases",NA,NA,NA,129069,NA,NA,NA,NA
"Idaho",NA,"Past",2020-12-20,"actual_cumulative_deaths",NA,NA,NA,1277,NA,NA,NA,NA
"Idaho",NA,"Past",2020-12-20,"actual_daily_cases",NA,NA,NA,851,NA,NA,NA,NA
"Idaho",NA,"Past",2020-12-20,"actual_daily_deaths",NA,NA,NA,0,NA,NA,NA,NA
"Idaho","linear_increase_sd","Past",2020-12-20,"combined_trend",NA,NA,NA,0.399778490864545,NA,NA,NA,NA
"Idaho","return_normal","Past",2020-12-20,"combined_trend",NA,NA,NA,0.399778490864545,NA,NA,NA,NA
"Idaho","status_quo","Past",2020-12-20,"combined_trend",NA,NA,NA,0.399778490864545,NA,NA,NA,NA
"Idaho","linear_increase_sd","Past",2020-12-20,"cumulative_all_infections",388016,388016,388016,388016,388016,388016,388016,388016
"Idaho","return_normal","Past",2020-12-20,"cumulative_all_infections",388016,388016,388016,388016,388016,388016,388016,388016
"Idaho","status_quo","Past",2020-12-20,"cumulative_all_infections",388016,388016,388016,388016,388016,388016,388016,388016
"Idaho","linear_increase_sd","Past",2020-12-20,"cumulative_cases",136092,136092,136092,136092,136092,136092,136092,136092
"Idaho","return_normal","Past",2020-12-20,"cumulative_cases",136092,136092,136092,136092,136092,136092,136092,136092
"Idaho","status_quo","Past",2020-12-20,"cumulative_cases",136092,136092,136092,136092,136092,136092,136092,136092
"Idaho","linear_increase_sd","Past",2020-12-20,"cumulative_deaths",1750,1750,1750,1750,1750,1750,1750,1750
"Idaho","return_normal","Past",2020-12-20,"cumulative_deaths",1750,1750,1750,1750,1750,1750,1750,1750
"Idaho","status_quo","Past",2020-12-20,"cumulative_deaths",1750,1750,1750,1750,1750,1750,1750,1750
"Idaho","linear_increase_sd","Past",2020-12-20,"cumulative_hosps",15346,15346,15346,15346,15346,15346,15346,15346
"Idaho","return_normal","Past",2020-12-20,"cumulative_hosps",15346,15346,15346,15346,15346,15346,15346,15346
"Idaho","status_quo","Past",2020-12-20,"cumulative_hosps",15346,15346,15346,15346,15346,15346,15346,15346
"Idaho","linear_increase_sd","Past",2020-12-20,"daily_all_infections",3068,3068,3068,3068,3068,3068,3068,3068
"Idaho","return_normal","Past",2020-12-20,"daily_all_infections",3068,3068,3068,3068,3068,3068,3068,3068
"Idaho","status_quo","Past",2020-12-20,"daily_all_infections",3068,3068,3068,3068,3068,3068,3068,3068
"Idaho","linear_increase_sd","Past",2020-12-20,"daily_cases",1284,1284,1284,1284,1284,1284,1284,1284
"Idaho","return_normal","Past",2020-12-20,"daily_cases",1284,1284,1284,1284,1284,1284,1284,1284
"Idaho","status_quo","Past",2020-12-20,"daily_cases",1284,1284,1284,1284,1284,1284,1284,1284
"Idaho","linear_increase_sd","Past",2020-12-20,"daily_deaths",14,14,14,14,14,14,14,14
"Idaho","return_normal","Past",2020-12-20,"daily_deaths",14,14,14,14,14,14,14,14
"Idaho","status_quo","Past",2020-12-20,"daily_deaths",14,14,14,14,14,14,14,14
"Idaho","linear_increase_sd","Past",2020-12-20,"daily_hosps",168,168,168,168,168,168,168,168
"Idaho","return_normal","Past",2020-12-20,"daily_hosps",168,168,168,168,168,168,168,168
"Idaho","status_quo","Past",2020-12-20,"daily_hosps",168,168,168,168,168,168,168,168
"Idaho","linear_increase_sd","Past",2020-12-20,"latent_trend",NA,NA,NA,0.567816036077035,NA,NA,NA,NA
"Idaho","return_normal","Past",2020-12-20,"latent_trend",NA,NA,NA,0.567816036077035,NA,NA,NA,NA
"Idaho","status_quo","Past",2020-12-20,"latent_trend",NA,NA,NA,0.567816036077035,NA,NA,NA,NA
"Idaho","linear_increase_sd","Past",2020-12-20,"mobility_trend",NA,NA,NA,0.704063403398328,NA,NA,NA,NA
"Idaho","return_normal","Past",2020-12-20,"mobility_trend",NA,NA,NA,0.704063403398328,NA,NA,NA,NA
"Idaho","status_quo","Past",2020-12-20,"mobility_trend",NA,NA,NA,0.704063403398328,NA,NA,NA,NA
"Idaho",NA,"Past",2020-12-21,"actual_cumulative_cases",NA,NA,NA,129960,NA,NA,NA,NA
"Idaho",NA,"Past",2020-12-21,"actual_cumulative_deaths",NA,NA,NA,1282,NA,NA,NA,NA
"Idaho",NA,"Past",2020-12-21,"actual_daily_cases",NA,NA,NA,891,NA,NA,NA,NA
"Idaho",NA,"Past",2020-12-21,"actual_daily_deaths",NA,NA,NA,5,NA,NA,NA,NA
"Idaho","linear_increase_sd","Past",2020-12-21,"combined_trend",NA,NA,NA,0.397778557064405,NA,NA,NA,NA
"Idaho","return_normal","Past",2020-12-21,"combined_trend",NA,NA,NA,0.397778557064405,NA,NA,NA,NA
"Idaho","status_quo","Past",2020-12-21,"combined_trend",NA,NA,NA,0.397778557064405,NA,NA,NA,NA
"Idaho","linear_increase_sd","Past",2020-12-21,"cumulative_all_infections",391019,391019,391019,391019,391019,391019,391019,391019
"Idaho","return_normal","Past",2020-12-21,"cumulative_all_infections",391019,391019,391019,391019,391019,391019,391019,391019
"Idaho","status_quo","Past",2020-12-21,"cumulative_all_infections",391019,391019,391019,391019,391019,391019,391019,391019
"Idaho","linear_increase_sd","Past",2020-12-21,"cumulative_cases",137276,137276,137276,137276,137276,137276,137276,137276
"Idaho","return_normal","Past",2020-12-21,"cumulative_cases",137276,137276,137276,137276,137276,137276,137276,137276
"Idaho","status_quo","Past",2020-12-21,"cumulative_cases",137276,137276,137276,137276,137276,137276,137276,137276
"Idaho","linear_increase_sd","Past",2020-12-21,"cumulative_deaths",1766,1766,1766,1766,1766,1766,1766,1766
"Idaho","return_normal","Past",2020-12-21,"cumulative_deaths",1766,1766,1766,1766,1766,1766,1766,1766
"Idaho","status_quo","Past",2020-12-21,"cumulative_deaths",1766,1766,1766,1766,1766,1766,1766,1766
"Idaho","linear_increase_sd","Past",2020-12-21,"cumulative_hosps",15513,15513,15513,15513,15513,15513,15513,15513
"Idaho","return_normal","Past",2020-12-21,"cumulative_hosps",15513,15513,15513,15513,15513,15513,15513,15513
"Idaho","status_quo","Past",2020-12-21,"cumulative_hosps",15513,15513,15513,15513,15513,15513,15513,15513
"Idaho","linear_increase_sd","Past",2020-12-21,"daily_all_infections",3003,3003,3003,3003,3003,3003,3003,3003
"Idaho","return_normal","Past",2020-12-21,"daily_all_infections",3003,3003,3003,3003,3003,3003,3003,3003
"Idaho","status_quo","Past",2020-12-21,"daily_all_infections",3003,3003,3003,3003,3003,3003,3003,3003
"Idaho","linear_increase_sd","Past",2020-12-21,"daily_cases",1184,1184,1184,1184,1184,1184,1184,1184
"Idaho","return_normal","Past",2020-12-21,"daily_cases",1184,1184,1184,1184,1184,1184,1184,1184
"Idaho","status_quo","Past",2020-12-21,"daily_cases",1184,1184,1184,1184,1184,1184,1184,1184
"Idaho","linear_increase_sd","Past",2020-12-21,"daily_deaths",16,16,16,16,16,16,16,16
"Idaho","return_normal","Past",2020-12-21,"daily_deaths",16,16,16,16,16,16,16,16
"Idaho","status_quo","Past",2020-12-21,"daily_deaths",16,16,16,16,16,16,16,16
"Idaho","linear_increase_sd","Past",2020-12-21,"daily_hosps",167,167,167,167,167,167,167,167
"Idaho","return_normal","Past",2020-12-21,"daily_hosps",167,167,167,167,167,167,167,167
"Idaho","status_quo","Past",2020-12-21,"daily_hosps",167,167,167,167,167,167,167,167
"Idaho","linear_increase_sd","Past",2020-12-21,"latent_trend",NA,NA,NA,0.563898711973453,NA,NA,NA,NA
"Idaho","return_normal","Past",2020-12-21,"latent_trend",NA,NA,NA,0.563898711973453,NA,NA,NA,NA
"Idaho","status_quo","Past",2020-12-21,"latent_trend",NA,NA,NA,0.563898711973453,NA,NA,NA,NA
"Idaho","linear_increase_sd","Past",2020-12-21,"mobility_trend",NA,NA,NA,0.705407812818576,NA,NA,NA,NA
"Idaho","return_normal","Past",2020-12-21,"mobility_trend",NA,NA,NA,0.705407812818576,NA,NA,NA,NA
"Idaho","status_quo","Past",2020-12-21,"mobility_trend",NA,NA,NA,0.705407812818576,NA,NA,NA,NA
"Idaho",NA,"Past",2020-12-22,"actual_cumulative_cases",NA,NA,NA,130877,NA,NA,NA,NA
"Idaho",NA,"Past",2020-12-22,"actual_cumulative_deaths",NA,NA,NA,1303,NA,NA,NA,NA
"Idaho",NA,"Past",2020-12-22,"actual_daily_cases",NA,NA,NA,917,NA,NA,NA,NA
"Idaho",NA,"Past",2020-12-22,"actual_daily_deaths",NA,NA,NA,21,NA,NA,NA,NA
"Idaho","linear_increase_sd","Past",2020-12-22,"combined_trend",NA,NA,NA,0.395564109895341,NA,NA,NA,NA
"Idaho","return_normal","Past",2020-12-22,"combined_trend",NA,NA,NA,0.395564109895341,NA,NA,NA,NA
"Idaho","status_quo","Past",2020-12-22,"combined_trend",NA,NA,NA,0.395564109895341,NA,NA,NA,NA
"Idaho","linear_increase_sd","Past",2020-12-22,"cumulative_all_infections",393951,393951,393951,393951,393951,393951,393951,393951
"Idaho","return_normal","Past",2020-12-22,"cumulative_all_infections",393951,393951,393951,393951,393951,393951,393951,393951
"Idaho","status_quo","Past",2020-12-22,"cumulative_all_infections",393951,393951,393951,393951,393951,393951,393951,393951
"Idaho","linear_increase_sd","Past",2020-12-22,"cumulative_cases",138584,138584,138584,138584,138584,138584,138584,138584
"Idaho","return_normal","Past",2020-12-22,"cumulative_cases",138584,138584,138584,138584,138584,138584,138584,138584
"Idaho","status_quo","Past",2020-12-22,"cumulative_cases",138584,138584,138584,138584,138584,138584,138584,138584
"Idaho","linear_increase_sd","Past",2020-12-22,"cumulative_deaths",1781,1781,1781,1781,1781,1781,1781,1781
"Idaho","return_normal","Past",2020-12-22,"cumulative_deaths",1781,1781,1781,1781,1781,1781,1781,1781
"Idaho","status_quo","Past",2020-12-22,"cumulative_deaths",1781,1781,1781,1781,1781,1781,1781,1781
"Idaho","linear_increase_sd","Past",2020-12-22,"cumulative_hosps",15678,15678,15678,15678,15678,15678,15678,15678
"Idaho","return_normal","Past",2020-12-22,"cumulative_hosps",15678,15678,15678,15678,15678,15678,15678,15678
"Idaho","status_quo","Past",2020-12-22,"cumulative_hosps",15678,15678,15678,15678,15678,15678,15678,15678
"Idaho","linear_increase_sd","Past",2020-12-22,"daily_all_infections",2932,2932,2932,2932,2932,2932,2932,2932
"Idaho","return_normal","Past",2020-12-22,"daily_all_infections",2932,2932,2932,2932,2932,2932,2932,2932
"Idaho","status_quo","Past",2020-12-22,"daily_all_infections",2932,2932,2932,2932,2932,2932,2932,2932
"Idaho","linear_increase_sd","Past",2020-12-22,"daily_cases",1308,1308,1308,1308,1308,1308,1308,1308
"Idaho","return_normal","Past",2020-12-22,"daily_cases",1308,1308,1308,1308,1308,1308,1308,1308
"Idaho","status_quo","Past",2020-12-22,"daily_cases",1308,1308,1308,1308,1308,1308,1308,1308
"Idaho","linear_increase_sd","Past",2020-12-22,"daily_deaths",15,15,15,15,15,15,15,15
"Idaho","return_normal","Past",2020-12-22,"daily_deaths",15,15,15,15,15,15,15,15
"Idaho","status_quo","Past",2020-12-22,"daily_deaths",15,15,15,15,15,15,15,15
"Idaho","linear_increase_sd","Past",2020-12-22,"daily_hosps",165,165,165,165,165,165,165,165
"Idaho","return_normal","Past",2020-12-22,"daily_hosps",165,165,165,165,165,165,165,165
"Idaho","status_quo","Past",2020-12-22,"daily_hosps",165,165,165,165,165,165,165,165
"Idaho","linear_increase_sd","Past",2020-12-22,"latent_trend",NA,NA,NA,0.559823639578435,NA,NA,NA,NA
"Idaho","return_normal","Past",2020-12-22,"latent_trend",NA,NA,NA,0.559823639578435,NA,NA,NA,NA
"Idaho","status_quo","Past",2020-12-22,"latent_trend",NA,NA,NA,0.559823639578435,NA,NA,NA,NA
"Idaho","linear_increase_sd","Past",2020-12-22,"mobility_trend",NA,NA,NA,0.706587006924562,NA,NA,NA,NA
"Idaho","return_normal","Past",2020-12-22,"mobility_trend",NA,NA,NA,0.706587006924562,NA,NA,NA,NA
"Idaho","status_quo","Past",2020-12-22,"mobility_trend",NA,NA,NA,0.706587006924562,NA,NA,NA,NA
"Idaho",NA,"Past",2020-12-23,"actual_cumulative_cases",NA,NA,NA,132594,NA,NA,NA,NA
"Idaho",NA,"Past",2020-12-23,"actual_cumulative_deaths",NA,NA,NA,1315,NA,NA,NA,NA
"Idaho",NA,"Past",2020-12-23,"actual_daily_cases",NA,NA,NA,1717,NA,NA,NA,NA
"Idaho",NA,"Past",2020-12-23,"actual_daily_deaths",NA,NA,NA,12,NA,NA,NA,NA
"Idaho","linear_increase_sd","Past",2020-12-23,"combined_trend",NA,NA,NA,0.393122189415764,NA,NA,NA,NA
"Idaho","return_normal","Past",2020-12-23,"combined_trend",NA,NA,NA,0.393122189415764,NA,NA,NA,NA
"Idaho","status_quo","Past",2020-12-23,"combined_trend",NA,NA,NA,0.393122189415764,NA,NA,NA,NA
"Idaho","linear_increase_sd","Past",2020-12-23,"cumulative_all_infections",396811,396811,396811,396811,396811,396811,396811,396811
"Idaho","return_normal","Past",2020-12-23,"cumulative_all_infections",396811,396811,396811,396811,396811,396811,396811,396811
"Idaho","status_quo","Past",2020-12-23,"cumulative_all_infections",396811,396811,396811,396811,396811,396811,396811,396811
"Idaho","linear_increase_sd","Past",2020-12-23,"cumulative_cases",139786,139786,139786,139786,139786,139786,139786,139786
"Idaho","return_normal","Past",2020-12-23,"cumulative_cases",139786,139786,139786,139786,139786,139786,139786,139786
"Idaho","status_quo","Past",2020-12-23,"cumulative_cases",139786,139786,139786,139786,139786,139786,139786,139786
"Idaho","linear_increase_sd","Past",2020-12-23,"cumulative_deaths",1795,1795,1795,1795,1795,1795,1795,1795
"Idaho","return_normal","Past",2020-12-23,"cumulative_deaths",1795,1795,1795,1795,1795,1795,1795,1795
"Idaho","status_quo","Past",2020-12-23,"cumulative_deaths",1795,1795,1795,1795,1795,1795,1795,1795
"Idaho","linear_increase_sd","Past",2020-12-23,"cumulative_hosps",15841,15841,15841,15841,15841,15841,15841,15841
"Idaho","return_normal","Past",2020-12-23,"cumulative_hosps",15841,15841,15841,15841,15841,15841,15841,15841
"Idaho","status_quo","Past",2020-12-23,"cumulative_hosps",15841,15841,15841,15841,15841,15841,15841,15841
"Idaho","linear_increase_sd","Past",2020-12-23,"daily_all_infections",2860,2860,2860,2860,2860,2860,2860,2860
"Idaho","return_normal","Past",2020-12-23,"daily_all_infections",2860,2860,2860,2860,2860,2860,2860,2860
"Idaho","status_quo","Past",2020-12-23,"daily_all_infections",2860,2860,2860,2860,2860,2860,2860,2860
"Idaho","linear_increase_sd","Past",2020-12-23,"daily_cases",1202,1202,1202,1202,1202,1202,1202,1202
"Idaho","return_normal","Past",2020-12-23,"daily_cases",1202,1202,1202,1202,1202,1202,1202,1202
"Idaho","status_quo","Past",2020-12-23,"daily_cases",1202,1202,1202,1202,1202,1202,1202,1202
"Idaho","linear_increase_sd","Past",2020-12-23,"daily_deaths",14,14,14,14,14,14,14,14
"Idaho","return_normal","Past",2020-12-23,"daily_deaths",14,14,14,14,14,14,14,14
"Idaho","status_quo","Past",2020-12-23,"daily_deaths",14,14,14,14,14,14,14,14
"Idaho","linear_increase_sd","Past",2020-12-23,"daily_hosps",163,163,163,163,163,163,163,163
"Idaho","return_normal","Past",2020-12-23,"daily_hosps",163,163,163,163,163,163,163,163
"Idaho","status_quo","Past",2020-12-23,"daily_hosps",163,163,163,163,163,163,163,163
"Idaho","linear_increase_sd","Past",2020-12-23,"latent_trend",NA,NA,NA,0.555613423291061,NA,NA,NA,NA
"Idaho","return_normal","Past",2020-12-23,"latent_trend",NA,NA,NA,0.555613423291061,NA,NA,NA,NA
"Idaho","status_quo","Past",2020-12-23,"latent_trend",NA,NA,NA,0.555613423291061,NA,NA,NA,NA
"Idaho","linear_increase_sd","Past",2020-12-23,"mobility_trend",NA,NA,NA,0.707546241570599,NA,NA,NA,NA
"Idaho","return_normal","Past",2020-12-23,"mobility_trend",NA,NA,NA,0.707546241570599,NA,NA,NA,NA
"Idaho","status_quo","Past",2020-12-23,"mobility_trend",NA,NA,NA,0.707546241570599,NA,NA,NA,NA
"Idaho",NA,"Past",2020-12-24,"actual_cumulative_cases",NA,NA,NA,133985,NA,NA,NA,NA
"Idaho",NA,"Past",2020-12-24,"actual_cumulative_deaths",NA,NA,NA,1326,NA,NA,NA,NA
"Idaho",NA,"Past",2020-12-24,"actual_daily_cases",NA,NA,NA,1391,NA,NA,NA,NA
"Idaho",NA,"Past",2020-12-24,"actual_daily_deaths",NA,NA,NA,11,NA,NA,NA,NA
"Idaho","linear_increase_sd","Past",2020-12-24,"combined_trend",NA,NA,NA,0.390480296726574,NA,NA,NA,NA
"Idaho","return_normal","Past",2020-12-24,"combined_trend",NA,NA,NA,0.390480296726574,NA,NA,NA,NA
"Idaho","status_quo","Past",2020-12-24,"combined_trend",NA,NA,NA,0.390480296726574,NA,NA,NA,NA
"Idaho","linear_increase_sd","Past",2020-12-24,"cumulative_all_infections",399595,399595,399595,399595,399595,399595,399595,399595
"Idaho","return_normal","Past",2020-12-24,"cumulative_all_infections",399595,399595,399595,399595,399595,399595,399595,399595
"Idaho","status_quo","Past",2020-12-24,"cumulative_all_infections",399595,399595,399595,399595,399595,399595,399595,399595
"Idaho","linear_increase_sd","Past",2020-12-24,"cumulative_cases",140862,140862,140862,140862,140862,140862,140862,140862
"Idaho","return_normal","Past",2020-12-24,"cumulative_cases",140862,140862,140862,140862,140862,140862,140862,140862
"Idaho","status_quo","Past",2020-12-24,"cumulative_cases",140862,140862,140862,140862,140862,140862,140862,140862
"Idaho","linear_increase_sd","Past",2020-12-24,"cumulative_deaths",1809,1809,1809,1809,1809,1809,1809,1809
"Idaho","return_normal","Past",2020-12-24,"cumulative_deaths",1809,1809,1809,1809,1809,1809,1809,1809
"Idaho","status_quo","Past",2020-12-24,"cumulative_deaths",1809,1809,1809,1809,1809,1809,1809,1809
"Idaho","linear_increase_sd","Past",2020-12-24,"cumulative_hosps",16001,16001,16001,16001,16001,16001,16001,16001
"Idaho","return_normal","Past",2020-12-24,"cumulative_hosps",16001,16001,16001,16001,16001,16001,16001,16001
"Idaho","status_quo","Past",2020-12-24,"cumulative_hosps",16001,16001,16001,16001,16001,16001,16001,16001
"Idaho","linear_increase_sd","Past",2020-12-24,"daily_all_infections",2784,2784,2784,2784,2784,2784,2784,2784
"Idaho","return_normal","Past",2020-12-24,"daily_all_infections",2784,2784,2784,2784,2784,2784,2784,2784
"Idaho","status_quo","Past",2020-12-24,"daily_all_infections",2784,2784,2784,2784,2784,2784,2784,2784
"Idaho","linear_increase_sd","Past",2020-12-24,"daily_cases",1076,1076,1076,1076,1076,1076,1076,1076
"Idaho","return_normal","Past",2020-12-24,"daily_cases",1076,1076,1076,1076,1076,1076,1076,1076
"Idaho","status_quo","Past",2020-12-24,"daily_cases",1076,1076,1076,1076,1076,1076,1076,1076
"Idaho","linear_increase_sd","Past",2020-12-24,"daily_deaths",14,14,14,14,14,14,14,14
"Idaho","return_normal","Past",2020-12-24,"daily_deaths",14,14,14,14,14,14,14,14
"Idaho","status_quo","Past",2020-12-24,"daily_deaths",14,14,14,14,14,14,14,14
"Idaho","linear_increase_sd","Past",2020-12-24,"daily_hosps",160,160,160,160,160,160,160,160
"Idaho","return_normal","Past",2020-12-24,"daily_hosps",160,160,160,160,160,160,160,160
"Idaho","status_quo","Past",2020-12-24,"daily_hosps",160,160,160,160,160,160,160,160
"Idaho","linear_increase_sd","Past",2020-12-24,"latent_trend",NA,NA,NA,0.551302922588094,NA,NA,NA,NA
"Idaho","return_normal","Past",2020-12-24,"latent_trend",NA,NA,NA,0.551302922588094,NA,NA,NA,NA
"Idaho","status_quo","Past",2020-12-24,"latent_trend",NA,NA,NA,0.551302922588094,NA,NA,NA,NA
"Idaho","linear_increase_sd","Past",2020-12-24,"mobility_trend",NA,NA,NA,0.708286280967753,NA,NA,NA,NA
"Idaho","return_normal","Past",2020-12-24,"mobility_trend",NA,NA,NA,0.708286280967753,NA,NA,NA,NA
"Idaho","status_quo","Past",2020-12-24,"mobility_trend",NA,NA,NA,0.708286280967753,NA,NA,NA,NA
"Idaho",NA,"Past",2020-12-25,"actual_cumulative_cases",NA,NA,NA,135233,NA,NA,NA,NA
"Idaho",NA,"Past",2020-12-25,"actual_cumulative_deaths",NA,NA,NA,1351,NA,NA,NA,NA
"Idaho",NA,"Past",2020-12-25,"actual_daily_cases",NA,NA,NA,1248,NA,NA,NA,NA
"Idaho",NA,"Past",2020-12-25,"actual_daily_deaths",NA,NA,NA,25,NA,NA,NA,NA
"Idaho","linear_increase_sd","Past",2020-12-25,"combined_trend",NA,NA,NA,0.387674098324097,NA,NA,NA,NA
"Idaho","return_normal","Past",2020-12-25,"combined_trend",NA,NA,NA,0.387674098324097,NA,NA,NA,NA
"Idaho","status_quo","Past",2020-12-25,"combined_trend",NA,NA,NA,0.387674098324097,NA,NA,NA,NA
"Idaho","linear_increase_sd","Past",2020-12-25,"cumulative_all_infections",402302,402302,402302,402302,402302,402302,402302,402302
"Idaho","return_normal","Past",2020-12-25,"cumulative_all_infections",402302,402302,402302,402302,402302,402302,402302,402302
"Idaho","status_quo","Past",2020-12-25,"cumulative_all_infections",402302,402302,402302,402302,402302,402302,402302,402302
"Idaho","linear_increase_sd","Past",2020-12-25,"cumulative_cases",141992,141992,141992,141992,141992,141992,141992,141992
"Idaho","return_normal","Past",2020-12-25,"cumulative_cases",141992,141992,141992,141992,141992,141992,141992,141992
"Idaho","status_quo","Past",2020-12-25,"cumulative_cases",141992,141992,141992,141992,141992,141992,141992,141992
"Idaho","linear_increase_sd","Past",2020-12-25,"cumulative_deaths",1825,1825,1825,1825,1825,1825,1825,1825
"Idaho","return_normal","Past",2020-12-25,"cumulative_deaths",1825,1825,1825,1825,1825,1825,1825,1825
"Idaho","status_quo","Past",2020-12-25,"cumulative_deaths",1825,1825,1825,1825,1825,1825,1825,1825
"Idaho","linear_increase_sd","Past",2020-12-25,"cumulative_hosps",16158,16158,16158,16158,16158,16158,16158,16158
"Idaho","return_normal","Past",2020-12-25,"cumulative_hosps",16158,16158,16158,16158,16158,16158,16158,16158
"Idaho","status_quo","Past",2020-12-25,"cumulative_hosps",16158,16158,16158,16158,16158,16158,16158,16158
"Idaho","linear_increase_sd","Past",2020-12-25,"daily_all_infections",2707,2707,2707,2707,2707,2707,2707,2707
"Idaho","return_normal","Past",2020-12-25,"daily_all_infections",2707,2707,2707,2707,2707,2707,2707,2707
"Idaho","status_quo","Past",2020-12-25,"daily_all_infections",2707,2707,2707,2707,2707,2707,2707,2707
"Idaho","linear_increase_sd","Past",2020-12-25,"daily_cases",1130,1130,1130,1130,1130,1130,1130,1130
"Idaho","return_normal","Past",2020-12-25,"daily_cases",1130,1130,1130,1130,1130,1130,1130,1130
"Idaho","status_quo","Past",2020-12-25,"daily_cases",1130,1130,1130,1130,1130,1130,1130,1130
"Idaho","linear_increase_sd","Past",2020-12-25,"daily_deaths",16,16,16,16,16,16,16,16
"Idaho","return_normal","Past",2020-12-25,"daily_deaths",16,16,16,16,16,16,16,16
"Idaho","status_quo","Past",2020-12-25,"daily_deaths",16,16,16,16,16,16,16,16
"Idaho","linear_increase_sd","Past",2020-12-25,"daily_hosps",157,157,157,157,157,157,157,157
"Idaho","return_normal","Past",2020-12-25,"daily_hosps",157,157,157,157,157,157,157,157
"Idaho","status_quo","Past",2020-12-25,"daily_hosps",157,157,157,157,157,157,157,157
"Idaho","linear_increase_sd","Past",2020-12-25,"latent_trend",NA,NA,NA,0.546927474143651,NA,NA,NA,NA
"Idaho","return_normal","Past",2020-12-25,"latent_trend",NA,NA,NA,0.546927474143651,NA,NA,NA,NA
"Idaho","status_quo","Past",2020-12-25,"latent_trend",NA,NA,NA,0.546927474143651,NA,NA,NA,NA
"Idaho","linear_increase_sd","Past",2020-12-25,"mobility_trend",NA,NA,NA,0.70882176641628,NA,NA,NA,NA
"Idaho","return_normal","Past",2020-12-25,"mobility_trend",NA,NA,NA,0.70882176641628,NA,NA,NA,NA
"Idaho","status_quo","Past",2020-12-25,"mobility_trend",NA,NA,NA,0.70882176641628,NA,NA,NA,NA
"Idaho",NA,"Past",2020-12-26,"actual_cumulative_cases",NA,NA,NA,135233,NA,NA,NA,NA
"Idaho",NA,"Past",2020-12-26,"actual_cumulative_deaths",NA,NA,NA,1351,NA,NA,NA,NA
"Idaho",NA,"Past",2020-12-26,"actual_daily_cases",NA,NA,NA,0,NA,NA,NA,NA
"Idaho",NA,"Past",2020-12-26,"actual_daily_deaths",NA,NA,NA,0,NA,NA,NA,NA
"Idaho","linear_increase_sd","Past",2020-12-26,"combined_trend",NA,NA,NA,0.384739392847046,NA,NA,NA,NA
"Idaho","return_normal","Past",2020-12-26,"combined_trend",NA,NA,NA,0.384739392847046,NA,NA,NA,NA
"Idaho","status_quo","Past",2020-12-26,"combined_trend",NA,NA,NA,0.384739392847046,NA,NA,NA,NA
"Idaho","linear_increase_sd","Past",2020-12-26,"cumulative_all_infections",404933,404933,404933,404933,404933,404933,404933,404933
"Idaho","return_normal","Past",2020-12-26,"cumulative_all_infections",404933,404933,404933,404933,404933,404933,404933,404933
"Idaho","status_quo","Past",2020-12-26,"cumulative_all_infections",404933,404933,404933,404933,404933,404933,404933,404933
"Idaho","linear_increase_sd","Past",2020-12-26,"cumulative_cases",143219,143219,143219,143219,143219,143219,143219,143219
"Idaho","return_normal","Past",2020-12-26,"cumulative_cases",143219,143219,143219,143219,143219,143219,143219,143219
"Idaho","status_quo","Past",2020-12-26,"cumulative_cases",143219,143219,143219,143219,143219,143219,143219,143219
"Idaho","linear_increase_sd","Past",2020-12-26,"cumulative_deaths",1840,1840,1840,1840,1840,1840,1840,1840
"Idaho","return_normal","Past",2020-12-26,"cumulative_deaths",1840,1840,1840,1840,1840,1840,1840,1840
"Idaho","status_quo","Past",2020-12-26,"cumulative_deaths",1840,1840,1840,1840,1840,1840,1840,1840
"Idaho","linear_increase_sd","Past",2020-12-26,"cumulative_hosps",16313,16313,16313,16313,16313,16313,16313,16313
"Idaho","return_normal","Past",2020-12-26,"cumulative_hosps",16313,16313,16313,16313,16313,16313,16313,16313
"Idaho","status_quo","Past",2020-12-26,"cumulative_hosps",16313,16313,16313,16313,16313,16313,16313,16313
"Idaho","linear_increase_sd","Past",2020-12-26,"daily_all_infections",2631,2631,2631,2631,2631,2631,2631,2631
"Idaho","return_normal","Past",2020-12-26,"daily_all_infections",2631,2631,2631,2631,2631,2631,2631,2631
"Idaho","status_quo","Past",2020-12-26,"daily_all_infections",2631,2631,2631,2631,2631,2631,2631,2631
"Idaho","linear_increase_sd","Past",2020-12-26,"daily_cases",1227,1227,1227,1227,1227,1227,1227,1227
"Idaho","return_normal","Past",2020-12-26,"daily_cases",1227,1227,1227,1227,1227,1227,1227,1227
"Idaho","status_quo","Past",2020-12-26,"daily_cases",1227,1227,1227,1227,1227,1227,1227,1227
"Idaho","linear_increase_sd","Past",2020-12-26,"daily_deaths",15,15,15,15,15,15,15,15
"Idaho","return_normal","Past",2020-12-26,"daily_deaths",15,15,15,15,15,15,15,15
"Idaho","status_quo","Past",2020-12-26,"daily_deaths",15,15,15,15,15,15,15,15
"Idaho","linear_increase_sd","Past",2020-12-26,"daily_hosps",155,155,155,155,155,155,155,155
"Idaho","return_normal","Past",2020-12-26,"daily_hosps",155,155,155,155,155,155,155,155
"Idaho","status_quo","Past",2020-12-26,"daily_hosps",155,155,155,155,155,155,155,155
"Idaho","linear_increase_sd","Past",2020-12-26,"latent_trend",NA,NA,NA,0.542522718646558,NA,NA,NA,NA
"Idaho","return_normal","Past",2020-12-26,"latent_trend",NA,NA,NA,0.542522718646558,NA,NA,NA,NA
"Idaho","status_quo","Past",2020-12-26,"latent_trend",NA,NA,NA,0.542522718646558,NA,NA,NA,NA
"Idaho","linear_increase_sd","Past",2020-12-26,"mobility_trend",NA,NA,NA,0.709167339216435,NA,NA,NA,NA
"Idaho","return_normal","Past",2020-12-26,"mobility_trend",NA,NA,NA,0.709167339216435,NA,NA,NA,NA
"Idaho","status_quo","Past",2020-12-26,"mobility_trend",NA,NA,NA,0.709167339216435,NA,NA,NA,NA
"Idaho",NA,"Past",2020-12-27,"actual_cumulative_cases",NA,NA,NA,135787,NA,NA,NA,NA
"Idaho",NA,"Past",2020-12-27,"actual_cumulative_deaths",NA,NA,NA,1356,NA,NA,NA,NA
"Idaho",NA,"Past",2020-12-27,"actual_daily_cases",NA,NA,NA,554,NA,NA,NA,NA
"Idaho",NA,"Past",2020-12-27,"actual_daily_deaths",NA,NA,NA,5,NA,NA,NA,NA
"Idaho","linear_increase_sd","Past",2020-12-27,"combined_trend",NA,NA,NA,0.381709655052615,NA,NA,NA,NA
"Idaho","return_normal","Past",2020-12-27,"combined_trend",NA,NA,NA,0.381709655052615,NA,NA,NA,NA
"Idaho","status_quo","Past",2020-12-27,"combined_trend",NA,NA,NA,0.381709655052615,NA,NA,NA,NA
"Idaho","linear_increase_sd","Past",2020-12-27,"cumulative_all_infections",407491,407491,407491,407491,407491,407491,407491,407491
"Idaho","return_normal","Past",2020-12-27,"cumulative_all_infections",407491,407491,407491,407491,407491,407491,407491,407491
"Idaho","status_quo","Past",2020-12-27,"cumulative_all_infections",407491,407491,407491,407491,407491,407491,407491,407491
"Idaho","linear_increase_sd","Past",2020-12-27,"cumulative_cases",144547,144547,144547,144547,144547,144547,144547,144547
"Idaho","return_normal","Past",2020-12-27,"cumulative_cases",144547,144547,144547,144547,144547,144547,144547,144547
"Idaho","status_quo","Past",2020-12-27,"cumulative_cases",144547,144547,144547,144547,144547,144547,144547,144547
"Idaho","linear_increase_sd","Past",2020-12-27,"cumulative_deaths",1853,1853,1853,1853,1853,1853,1853,1853
"Idaho","return_normal","Past",2020-12-27,"cumulative_deaths",1853,1853,1853,1853,1853,1853,1853,1853
"Idaho","status_quo","Past",2020-12-27,"cumulative_deaths",1853,1853,1853,1853,1853,1853,1853,1853
"Idaho","linear_increase_sd","Past",2020-12-27,"cumulative_hosps",16466,16466,16466,16466,16466,16466,16466,16466
"Idaho","return_normal","Past",2020-12-27,"cumulative_hosps",16466,16466,16466,16466,16466,16466,16466,16466
"Idaho","status_quo","Past",2020-12-27,"cumulative_hosps",16466,16466,16466,16466,16466,16466,16466,16466
"Idaho","linear_increase_sd","Past",2020-12-27,"daily_all_infections",2558,2558,2558,2558,2558,2558,2558,2558
"Idaho","return_normal","Past",2020-12-27,"daily_all_infections",2558,2558,2558,2558,2558,2558,2558,2558
"Idaho","status_quo","Past",2020-12-27,"daily_all_infections",2558,2558,2558,2558,2558,2558,2558,2558
"Idaho","linear_increase_sd","Past",2020-12-27,"daily_cases",1328,1328,1328,1328,1328,1328,1328,1328
"Idaho","return_normal","Past",2020-12-27,"daily_cases",1328,1328,1328,1328,1328,1328,1328,1328
"Idaho","status_quo","Past",2020-12-27,"daily_cases",1328,1328,1328,1328,1328,1328,1328,1328
"Idaho","linear_increase_sd","Past",2020-12-27,"daily_deaths",13,13,13,13,13,13,13,13
"Idaho","return_normal","Past",2020-12-27,"daily_deaths",13,13,13,13,13,13,13,13
"Idaho","status_quo","Past",2020-12-27,"daily_deaths",13,13,13,13,13,13,13,13
"Idaho","linear_increase_sd","Past",2020-12-27,"daily_hosps",153,153,153,153,153,153,153,153
"Idaho","return_normal","Past",2020-12-27,"daily_hosps",153,153,153,153,153,153,153,153
"Idaho","status_quo","Past",2020-12-27,"daily_hosps",153,153,153,153,153,153,153,153
"Idaho","linear_increase_sd","Past",2020-12-27,"latent_trend",NA,NA,NA,0.538124554396374,NA,NA,NA,NA
"Idaho","return_normal","Past",2020-12-27,"latent_trend",NA,NA,NA,0.538124554396374,NA,NA,NA,NA
"Idaho","status_quo","Past",2020-12-27,"latent_trend",NA,NA,NA,0.538124554396374,NA,NA,NA,NA
"Idaho","linear_increase_sd","Past",2020-12-27,"mobility_trend",NA,NA,NA,0.7093332796917,NA,NA,NA,NA
"Idaho","return_normal","Past",2020-12-27,"mobility_trend",NA,NA,NA,0.7093332796917,NA,NA,NA,NA
"Idaho","status_quo","Past",2020-12-27,"mobility_trend",NA,NA,NA,0.7093332796917,NA,NA,NA,NA
"Idaho",NA,"Past",2020-12-28,"actual_cumulative_cases",NA,NA,NA,136215,NA,NA,NA,NA
"Idaho",NA,"Past",2020-12-28,"actual_cumulative_deaths",NA,NA,NA,1356,NA,NA,NA,NA
"Idaho",NA,"Past",2020-12-28,"actual_daily_cases",NA,NA,NA,428,NA,NA,NA,NA
"Idaho",NA,"Past",2020-12-28,"actual_daily_deaths",NA,NA,NA,0,NA,NA,NA,NA
"Idaho","linear_increase_sd","Past",2020-12-28,"combined_trend",NA,NA,NA,0.378609042867084,NA,NA,NA,NA
"Idaho","return_normal","Past",2020-12-28,"combined_trend",NA,NA,NA,0.378609042867084,NA,NA,NA,NA
"Idaho","status_quo","Past",2020-12-28,"combined_trend",NA,NA,NA,0.378609042867084,NA,NA,NA,NA
"Idaho","linear_increase_sd","Past",2020-12-28,"cumulative_all_infections",409958,409958,409958,409958,409958,409958,409958,409958
"Idaho","return_normal","Past",2020-12-28,"cumulative_all_infections",409958,409958,409958,409958,409958,409958,409958,409958
"Idaho","status_quo","Past",2020-12-28,"cumulative_all_infections",409958,409958,409958,409958,409958,409958,409958,409958
"Idaho","linear_increase_sd","Past",2020-12-28,"cumulative_cases",145585,145585,145585,145585,145585,145585,145585,145585
"Idaho","return_normal","Past",2020-12-28,"cumulative_cases",145585,145585,145585,145585,145585,145585,145585,145585
"Idaho","status_quo","Past",2020-12-28,"cumulative_cases",145585,145585,145585,145585,145585,145585,145585,145585
"Idaho","linear_increase_sd","Past",2020-12-28,"cumulative_deaths",1866,1866,1866,1866,1866,1866,1866,1866
"Idaho","return_normal","Past",2020-12-28,"cumulative_deaths",1866,1866,1866,1866,1866,1866,1866,1866
"Idaho","status_quo","Past",2020-12-28,"cumulative_deaths",1866,1866,1866,1866,1866,1866,1866,1866
"Idaho","linear_increase_sd","Past",2020-12-28,"cumulative_hosps",16618,16618,16618,16618,16618,16618,16618,16618
"Idaho","return_normal","Past",2020-12-28,"cumulative_hosps",16618,16618,16618,16618,16618,16618,16618,16618
"Idaho","status_quo","Past",2020-12-28,"cumulative_hosps",16618,16618,16618,16618,16618,16618,16618,16618
"Idaho","linear_increase_sd","Past",2020-12-28,"daily_all_infections",2467,2467,2467,2467,2467,2467,2467,2467
"Idaho","return_normal","Past",2020-12-28,"daily_all_infections",2467,2467,2467,2467,2467,2467,2467,2467
"Idaho","status_quo","Past",2020-12-28,"daily_all_infections",2467,2467,2467,2467,2467,2467,2467,2467
"Idaho","linear_increase_sd","Past",2020-12-28,"daily_cases",1038,1038,1038,1038,1038,1038,1038,1038
"Idaho","return_normal","Past",2020-12-28,"daily_cases",1038,1038,1038,1038,1038,1038,1038,1038
"Idaho","status_quo","Past",2020-12-28,"daily_cases",1038,1038,1038,1038,1038,1038,1038,1038
"Idaho","linear_increase_sd","Past",2020-12-28,"daily_deaths",13,13,13,13,13,13,13,13
"Idaho","return_normal","Past",2020-12-28,"daily_deaths",13,13,13,13,13,13,13,13
"Idaho","status_quo","Past",2020-12-28,"daily_deaths",13,13,13,13,13,13,13,13
"Idaho","linear_increase_sd","Past",2020-12-28,"daily_hosps",152,152,152,152,152,152,152,152
"Idaho","return_normal","Past",2020-12-28,"daily_hosps",152,152,152,152,152,152,152,152
"Idaho","status_quo","Past",2020-12-28,"daily_hosps",152,152,152,152,152,152,152,152
"Idaho","linear_increase_sd","Past",2020-12-28,"latent_trend",NA,NA,NA,0.533769083860182,NA,NA,NA,NA
"Idaho","return_normal","Past",2020-12-28,"latent_trend",NA,NA,NA,0.533769083860182,NA,NA,NA,NA
"Idaho","status_quo","Past",2020-12-28,"latent_trend",NA,NA,NA,0.533769083860182,NA,NA,NA,NA
"Idaho","linear_increase_sd","Past",2020-12-28,"mobility_trend",NA,NA,NA,0.709312424258463,NA,NA,NA,NA
"Idaho","return_normal","Past",2020-12-28,"mobility_trend",NA,NA,NA,0.709312424258463,NA,NA,NA,NA
"Idaho","status_quo","Past",2020-12-28,"mobility_trend",NA,NA,NA,0.709312424258463,NA,NA,NA,NA
"Idaho",NA,"Past",2020-12-29,"actual_cumulative_cases",NA,NA,NA,137010,NA,NA,NA,NA
"Idaho",NA,"Past",2020-12-29,"actual_cumulative_deaths",NA,NA,NA,1379,NA,NA,NA,NA
"Idaho",NA,"Past",2020-12-29,"actual_daily_cases",NA,NA,NA,795,NA,NA,NA,NA
"Idaho",NA,"Past",2020-12-29,"actual_daily_deaths",NA,NA,NA,23,NA,NA,NA,NA
"Idaho","linear_increase_sd","Past",2020-12-29,"combined_trend",NA,NA,NA,0.37545959673014,NA,NA,NA,NA
"Idaho","return_normal","Past",2020-12-29,"combined_trend",NA,NA,NA,0.37545959673014,NA,NA,NA,NA
"Idaho","status_quo","Past",2020-12-29,"combined_trend",NA,NA,NA,0.37545959673014,NA,NA,NA,NA
"Idaho","linear_increase_sd","Past",2020-12-29,"cumulative_all_infections",412345,412345,412345,412345,412345,412345,412345,412345
"Idaho","return_normal","Past",2020-12-29,"cumulative_all_infections",412345,412345,412345,412345,412345,412345,412345,412345
"Idaho","status_quo","Past",2020-12-29,"cumulative_all_infections",412345,412345,412345,412345,412345,412345,412345,412345
"Idaho","linear_increase_sd","Past",2020-12-29,"cumulative_cases",146797,146797,146797,146797,146797,146797,146797,146797
"Idaho","return_normal","Past",2020-12-29,"cumulative_cases",146797,146797,146797,146797,146797,146797,146797,146797
"Idaho","status_quo","Past",2020-12-29,"cumulative_cases",146797,146797,146797,146797,146797,146797,146797,146797
"Idaho","linear_increase_sd","Past",2020-12-29,"cumulative_deaths",1879,1879,1879,1879,1879,1879,1879,1879
"Idaho","return_normal","Past",2020-12-29,"cumulative_deaths",1879,1879,1879,1879,1879,1879,1879,1879
"Idaho","status_quo","Past",2020-12-29,"cumulative_deaths",1879,1879,1879,1879,1879,1879,1879,1879
"Idaho","linear_increase_sd","Past",2020-12-29,"cumulative_hosps",16767,16767,16767,16767,16767,16767,16767,16767
"Idaho","return_normal","Past",2020-12-29,"cumulative_hosps",16767,16767,16767,16767,16767,16767,16767,16767
"Idaho","status_quo","Past",2020-12-29,"cumulative_hosps",16767,16767,16767,16767,16767,16767,16767,16767
"Idaho","linear_increase_sd","Past",2020-12-29,"daily_all_infections",2387,2387,2387,2387,2387,2387,2387,2387
"Idaho","return_normal","Past",2020-12-29,"daily_all_infections",2387,2387,2387,2387,2387,2387,2387,2387
"Idaho","status_quo","Past",2020-12-29,"daily_all_infections",2387,2387,2387,2387,2387,2387,2387,2387
"Idaho","linear_increase_sd","Past",2020-12-29,"daily_cases",1212,1212,1212,1212,1212,1212,1212,1212
"Idaho","return_normal","Past",2020-12-29,"daily_cases",1212,1212,1212,1212,1212,1212,1212,1212
"Idaho","status_quo","Past",2020-12-29,"daily_cases",1212,1212,1212,1212,1212,1212,1212,1212
"Idaho","linear_increase_sd","Past",2020-12-29,"daily_deaths",13,13,13,13,13,13,13,13
"Idaho","return_normal","Past",2020-12-29,"daily_deaths",13,13,13,13,13,13,13,13
"Idaho","status_quo","Past",2020-12-29,"daily_deaths",13,13,13,13,13,13,13,13
"Idaho","linear_increase_sd","Past",2020-12-29,"daily_hosps",149,149,149,149,149,149,149,149
"Idaho","return_normal","Past",2020-12-29,"daily_hosps",149,149,149,149,149,149,149,149
"Idaho","status_quo","Past",2020-12-29,"daily_hosps",149,149,149,149,149,149,149,149
"Idaho","linear_increase_sd","Past",2020-12-29,"latent_trend",NA,NA,NA,0.529492556304051,NA,NA,NA,NA
"Idaho","return_normal","Past",2020-12-29,"latent_trend",NA,NA,NA,0.529492556304051,NA,NA,NA,NA
"Idaho","status_quo","Past",2020-12-29,"latent_trend",NA,NA,NA,0.529492556304051,NA,NA,NA,NA
"Idaho","linear_increase_sd","Past",2020-12-29,"mobility_trend",NA,NA,NA,0.709093248356337,NA,NA,NA,NA
"Idaho","return_normal","Past",2020-12-29,"mobility_trend",NA,NA,NA,0.709093248356337,NA,NA,NA,NA
"Idaho","status_quo","Past",2020-12-29,"mobility_trend",NA,NA,NA,0.709093248356337,NA,NA,NA,NA
"Idaho",NA,"Past",2020-12-30,"actual_cumulative_cases",NA,NA,NA,138524,NA,NA,NA,NA
"Idaho",NA,"Past",2020-12-30,"actual_cumulative_deaths",NA,NA,NA,1395,NA,NA,NA,NA
"Idaho",NA,"Past",2020-12-30,"actual_daily_cases",NA,NA,NA,1514,NA,NA,NA,NA
"Idaho",NA,"Past",2020-12-30,"actual_daily_deaths",NA,NA,NA,16,NA,NA,NA,NA
"Idaho","linear_increase_sd","Past",2020-12-30,"combined_trend",NA,NA,NA,0.372283506692184,NA,NA,NA,NA
"Idaho","return_normal","Past",2020-12-30,"combined_trend",NA,NA,NA,0.372283506692184,NA,NA,NA,NA
"Idaho","status_quo","Past",2020-12-30,"combined_trend",NA,NA,NA,0.372283506692184,NA,NA,NA,NA
"Idaho","linear_increase_sd","Past",2020-12-30,"cumulative_all_infections",414653,414653,414653,414653,414653,414653,414653,414653
"Idaho","return_normal","Past",2020-12-30,"cumulative_all_infections",414653,414653,414653,414653,414653,414653,414653,414653
"Idaho","status_quo","Past",2020-12-30,"cumulative_all_infections",414653,414653,414653,414653,414653,414653,414653,414653
"Idaho","linear_increase_sd","Past",2020-12-30,"cumulative_cases",147869,147869,147869,147869,147869,147869,147869,147869
"Idaho","return_normal","Past",2020-12-30,"cumulative_cases",147869,147869,147869,147869,147869,147869,147869,147869
"Idaho","status_quo","Past",2020-12-30,"cumulative_cases",147869,147869,147869,147869,147869,147869,147869,147869
"Idaho","linear_increase_sd","Past",2020-12-30,"cumulative_deaths",1894,1894,1894,1894,1894,1894,1894,1894
"Idaho","return_normal","Past",2020-12-30,"cumulative_deaths",1894,1894,1894,1894,1894,1894,1894,1894
"Idaho","status_quo","Past",2020-12-30,"cumulative_deaths",1894,1894,1894,1894,1894,1894,1894,1894
"Idaho","linear_increase_sd","Past",2020-12-30,"cumulative_hosps",16912,16912,16912,16912,16912,16912,16912,16912
"Idaho","return_normal","Past",2020-12-30,"cumulative_hosps",16912,16912,16912,16912,16912,16912,16912,16912
"Idaho","status_quo","Past",2020-12-30,"cumulative_hosps",16912,16912,16912,16912,16912,16912,16912,16912
"Idaho","linear_increase_sd","Past",2020-12-30,"daily_all_infections",2308,2308,2308,2308,2308,2308,2308,2308
"Idaho","return_normal","Past",2020-12-30,"daily_all_infections",2308,2308,2308,2308,2308,2308,2308,2308
"Idaho","status_quo","Past",2020-12-30,"daily_all_infections",2308,2308,2308,2308,2308,2308,2308,2308
"Idaho","linear_increase_sd","Past",2020-12-30,"daily_cases",1072,1072,1072,1072,1072,1072,1072,1072
"Idaho","return_normal","Past",2020-12-30,"daily_cases",1072,1072,1072,1072,1072,1072,1072,1072
"Idaho","status_quo","Past",2020-12-30,"daily_cases",1072,1072,1072,1072,1072,1072,1072,1072
"Idaho","linear_increase_sd","Past",2020-12-30,"daily_deaths",15,15,15,15,15,15,15,15
"Idaho","return_normal","Past",2020-12-30,"daily_deaths",15,15,15,15,15,15,15,15
"Idaho","status_quo","Past",2020-12-30,"daily_deaths",15,15,15,15,15,15,15,15
"Idaho","linear_increase_sd","Past",2020-12-30,"daily_hosps",145,145,145,145,145,145,145,145
"Idaho","return_normal","Past",2020-12-30,"daily_hosps",145,145,145,145,145,145,145,145
"Idaho","status_quo","Past",2020-12-30,"daily_hosps",145,145,145,145,145,145,145,145
"Idaho","linear_increase_sd","Past",2020-12-30,"latent_trend",NA,NA,NA,0.525331309645677,NA,NA,NA,NA
"Idaho","return_normal","Past",2020-12-30,"latent_trend",NA,NA,NA,0.525331309645677,NA,NA,NA,NA
"Idaho","status_quo","Past",2020-12-30,"latent_trend",NA,NA,NA,0.525331309645677,NA,NA,NA,NA
"Idaho","linear_increase_sd","Past",2020-12-30,"mobility_trend",NA,NA,NA,0.708664227424938,NA,NA,NA,NA
"Idaho","return_normal","Past",2020-12-30,"mobility_trend",NA,NA,NA,0.708664227424938,NA,NA,NA,NA
"Idaho","status_quo","Past",2020-12-30,"mobility_trend",NA,NA,NA,0.708664227424938,NA,NA,NA,NA
"Idaho",NA,"Past",2020-12-31,"actual_cumulative_cases",NA,NA,NA,139864,NA,NA,NA,NA
"Idaho",NA,"Past",2020-12-31,"actual_cumulative_deaths",NA,NA,NA,1405,NA,NA,NA,NA
"Idaho",NA,"Past",2020-12-31,"actual_daily_cases",NA,NA,NA,1340,NA,NA,NA,NA
"Idaho",NA,"Past",2020-12-31,"actual_daily_deaths",NA,NA,NA,10,NA,NA,NA,NA
"Idaho","linear_increase_sd","Past",2020-12-31,"combined_trend",NA,NA,NA,0.369106251782576,NA,NA,NA,NA
"Idaho","return_normal","Past",2020-12-31,"combined_trend",NA,NA,NA,0.369106251782576,NA,NA,NA,NA
"Idaho","status_quo","Past",2020-12-31,"combined_trend",NA,NA,NA,0.369106251782576,NA,NA,NA,NA
"Idaho","linear_increase_sd","Past",2020-12-31,"cumulative_all_infections",416877,416877,416877,416877,416877,416877,416877,416877
"Idaho","return_normal","Past",2020-12-31,"cumulative_all_infections",416877,416877,416877,416877,416877,416877,416877,416877
"Idaho","status_quo","Past",2020-12-31,"cumulative_all_infections",416877,416877,416877,416877,416877,416877,416877,416877
"Idaho","linear_increase_sd","Past",2020-12-31,"cumulative_cases",148979,148979,148979,148979,148979,148979,148979,148979
"Idaho","return_normal","Past",2020-12-31,"cumulative_cases",148979,148979,148979,148979,148979,148979,148979,148979
"Idaho","status_quo","Past",2020-12-31,"cumulative_cases",148979,148979,148979,148979,148979,148979,148979,148979
"Idaho","linear_increase_sd","Past",2020-12-31,"cumulative_deaths",1905,1905,1905,1905,1905,1905,1905,1905
"Idaho","return_normal","Past",2020-12-31,"cumulative_deaths",1905,1905,1905,1905,1905,1905,1905,1905
"Idaho","status_quo","Past",2020-12-31,"cumulative_deaths",1905,1905,1905,1905,1905,1905,1905,1905
"Idaho","linear_increase_sd","Past",2020-12-31,"cumulative_hosps",17055,17055,17055,17055,17055,17055,17055,17055
"Idaho","return_normal","Past",2020-12-31,"cumulative_hosps",17055,17055,17055,17055,17055,17055,17055,17055
"Idaho","status_quo","Past",2020-12-31,"cumulative_hosps",17055,17055,17055,17055,17055,17055,17055,17055
"Idaho","linear_increase_sd","Past",2020-12-31,"daily_all_infections",2224,2224,2224,2224,2224,2224,2224,2224
"Idaho","return_normal","Past",2020-12-31,"daily_all_infections",2224,2224,2224,2224,2224,2224,2224,2224
"Idaho","status_quo","Past",2020-12-31,"daily_all_infections",2224,2224,2224,2224,2224,2224,2224,2224
"Idaho","linear_increase_sd","Past",2020-12-31,"daily_cases",1110,1110,1110,1110,1110,1110,1110,1110
"Idaho","return_normal","Past",2020-12-31,"daily_cases",1110,1110,1110,1110,1110,1110,1110,1110
"Idaho","status_quo","Past",2020-12-31,"daily_cases",1110,1110,1110,1110,1110,1110,1110,1110
"Idaho","linear_increase_sd","Past",2020-12-31,"daily_deaths",11,11,11,11,11,11,11,11
"Idaho","return_normal","Past",2020-12-31,"daily_deaths",11,11,11,11,11,11,11,11
"Idaho","status_quo","Past",2020-12-31,"daily_deaths",11,11,11,11,11,11,11,11
"Idaho","linear_increase_sd","Past",2020-12-31,"daily_hosps",143,143,143,143,143,143,143,143
"Idaho","return_normal","Past",2020-12-31,"daily_hosps",143,143,143,143,143,143,143,143
"Idaho","status_quo","Past",2020-12-31,"daily_hosps",143,143,143,143,143,143,143,143
"Idaho","linear_increase_sd","Past",2020-12-31,"latent_trend",NA,NA,NA,0.521321714583928,NA,NA,NA,NA
"Idaho","return_normal","Past",2020-12-31,"latent_trend",NA,NA,NA,0.521321714583928,NA,NA,NA,NA
"Idaho","status_quo","Past",2020-12-31,"latent_trend",NA,NA,NA,0.521321714583928,NA,NA,NA,NA
"Idaho","linear_increase_sd","Past",2020-12-31,"mobility_trend",NA,NA,NA,0.708020098639403,NA,NA,NA,NA
"Idaho","return_normal","Past",2020-12-31,"mobility_trend",NA,NA,NA,0.708020098639403,NA,NA,NA,NA
"Idaho","status_quo","Past",2020-12-31,"mobility_trend",NA,NA,NA,0.708020098639403,NA,NA,NA,NA
"Idaho",NA,"Past",2021-01-01,"actual_cumulative_cases",NA,NA,NA,141077,NA,NA,NA,NA
"Idaho",NA,"Past",2021-01-01,"actual_cumulative_deaths",NA,NA,NA,1438,NA,NA,NA,NA
"Idaho",NA,"Past",2021-01-01,"actual_daily_cases",NA,NA,NA,1213,NA,NA,NA,NA
"Idaho",NA,"Past",2021-01-01,"actual_daily_deaths",NA,NA,NA,33,NA,NA,NA,NA
"Idaho","linear_increase_sd","Past",2021-01-01,"combined_trend",NA,NA,NA,0.365966071946241,NA,NA,NA,NA
"Idaho","return_normal","Past",2021-01-01,"combined_trend",NA,NA,NA,0.365966071946241,NA,NA,NA,NA
"Idaho","status_quo","Past",2021-01-01,"combined_trend",NA,NA,NA,0.365966071946241,NA,NA,NA,NA
"Idaho","linear_increase_sd","Past",2021-01-01,"cumulative_all_infections",419022,419022,419022,419022,419022,419022,419022,419022
"Idaho","return_normal","Past",2021-01-01,"cumulative_all_infections",419022,419022,419022,419022,419022,419022,419022,419022
"Idaho","status_quo","Past",2021-01-01,"cumulative_all_infections",419022,419022,419022,419022,419022,419022,419022,419022
"Idaho","linear_increase_sd","Past",2021-01-01,"cumulative_cases",149927,149927,149927,149927,149927,149927,149927,149927
"Idaho","return_normal","Past",2021-01-01,"cumulative_cases",149927,149927,149927,149927,149927,149927,149927,149927
"Idaho","status_quo","Past",2021-01-01,"cumulative_cases",149927,149927,149927,149927,149927,149927,149927,149927
"Idaho","linear_increase_sd","Past",2021-01-01,"cumulative_deaths",1918,1918,1918,1918,1918,1918,1918,1918
"Idaho","return_normal","Past",2021-01-01,"cumulative_deaths",1918,1918,1918,1918,1918,1918,1918,1918
"Idaho","status_quo","Past",2021-01-01,"cumulative_deaths",1918,1918,1918,1918,1918,1918,1918,1918
"Idaho","linear_increase_sd","Past",2021-01-01,"cumulative_hosps",17192,17192,17192,17192,17192,17192,17192,17192
"Idaho","return_normal","Past",2021-01-01,"cumulative_hosps",17192,17192,17192,17192,17192,17192,17192,17192
"Idaho","status_quo","Past",2021-01-01,"cumulative_hosps",17192,17192,17192,17192,17192,17192,17192,17192
"Idaho","linear_increase_sd","Past",2021-01-01,"daily_all_infections",2145,2145,2145,2145,2145,2145,2145,2145
"Idaho","return_normal","Past",2021-01-01,"daily_all_infections",2145,2145,2145,2145,2145,2145,2145,2145
"Idaho","status_quo","Past",2021-01-01,"daily_all_infections",2145,2145,2145,2145,2145,2145,2145,2145
"Idaho","linear_increase_sd","Past",2021-01-01,"daily_cases",948,948,948,948,948,948,948,948
"Idaho","return_normal","Past",2021-01-01,"daily_cases",948,948,948,948,948,948,948,948
"Idaho","status_quo","Past",2021-01-01,"daily_cases",948,948,948,948,948,948,948,948
"Idaho","linear_increase_sd","Past",2021-01-01,"daily_deaths",13,13,13,13,13,13,13,13
"Idaho","return_normal","Past",2021-01-01,"daily_deaths",13,13,13,13,13,13,13,13
"Idaho","status_quo","Past",2021-01-01,"daily_deaths",13,13,13,13,13,13,13,13
"Idaho","linear_increase_sd","Past",2021-01-01,"daily_hosps",137,137,137,137,137,137,137,137
"Idaho","return_normal","Past",2021-01-01,"daily_hosps",137,137,137,137,137,137,137,137
"Idaho","status_quo","Past",2021-01-01,"daily_hosps",137,137,137,137,137,137,137,137
"Idaho","linear_increase_sd","Past",2021-01-01,"latent_trend",NA,NA,NA,0.517500123844885,NA,NA,NA,NA
"Idaho","return_normal","Past",2021-01-01,"latent_trend",NA,NA,NA,0.517500123844885,NA,NA,NA,NA
"Idaho","status_quo","Past",2021-01-01,"latent_trend",NA,NA,NA,0.517500123844885,NA,NA,NA,NA
"Idaho","linear_increase_sd","Past",2021-01-01,"mobility_trend",NA,NA,NA,0.707180646116975,NA,NA,NA,NA
"Idaho","return_normal","Past",2021-01-01,"mobility_trend",NA,NA,NA,0.707180646116975,NA,NA,NA,NA
"Idaho","status_quo","Past",2021-01-01,"mobility_trend",NA,NA,NA,0.707180646116975,NA,NA,NA,NA
"Idaho",NA,"Past",2021-01-02,"actual_cumulative_cases",NA,NA,NA,141077,NA,NA,NA,NA
"Idaho",NA,"Past",2021-01-02,"actual_cumulative_deaths",NA,NA,NA,1438,NA,NA,NA,NA
"Idaho",NA,"Past",2021-01-02,"actual_daily_cases",NA,NA,NA,0,NA,NA,NA,NA
"Idaho",NA,"Past",2021-01-02,"actual_daily_deaths",NA,NA,NA,0,NA,NA,NA,NA
"Idaho","linear_increase_sd","Past",2021-01-02,"combined_trend",NA,NA,NA,0.362903745274809,NA,NA,NA,NA
"Idaho","return_normal","Past",2021-01-02,"combined_trend",NA,NA,NA,0.362903745274809,NA,NA,NA,NA
"Idaho","status_quo","Past",2021-01-02,"combined_trend",NA,NA,NA,0.362903745274809,NA,NA,NA,NA
"Idaho","linear_increase_sd","Past",2021-01-02,"cumulative_all_infections",421083,421083,421083,421083,421083,421083,421083,421083
"Idaho","return_normal","Past",2021-01-02,"cumulative_all_infections",421083,421083,421083,421083,421083,421083,421083,421083
"Idaho","status_quo","Past",2021-01-02,"cumulative_all_infections",421083,421083,421083,421083,421083,421083,421083,421083
"Idaho","linear_increase_sd","Past",2021-01-02,"cumulative_cases",151003,151003,151003,151003,151003,151003,151003,151003
"Idaho","return_normal","Past",2021-01-02,"cumulative_cases",151003,151003,151003,151003,151003,151003,151003,151003
"Idaho","status_quo","Past",2021-01-02,"cumulative_cases",151003,151003,151003,151003,151003,151003,151003,151003
"Idaho","linear_increase_sd","Past",2021-01-02,"cumulative_deaths",1930,1930,1930,1930,1930,1930,1930,1930
"Idaho","return_normal","Past",2021-01-02,"cumulative_deaths",1930,1930,1930,1930,1930,1930,1930,1930
"Idaho","status_quo","Past",2021-01-02,"cumulative_deaths",1930,1930,1930,1930,1930,1930,1930,1930
"Idaho","linear_increase_sd","Past",2021-01-02,"cumulative_hosps",17328,17328,17328,17328,17328,17328,17328,17328
"Idaho","return_normal","Past",2021-01-02,"cumulative_hosps",17328,17328,17328,17328,17328,17328,17328,17328
"Idaho","status_quo","Past",2021-01-02,"cumulative_hosps",17328,17328,17328,17328,17328,17328,17328,17328
"Idaho","linear_increase_sd","Past",2021-01-02,"daily_all_infections",2061,2061,2061,2061,2061,2061,2061,2061
"Idaho","return_normal","Past",2021-01-02,"daily_all_infections",2061,2061,2061,2061,2061,2061,2061,2061
"Idaho","status_quo","Past",2021-01-02,"daily_all_infections",2061,2061,2061,2061,2061,2061,2061,2061
"Idaho","linear_increase_sd","Past",2021-01-02,"daily_cases",1076,1076,1076,1076,1076,1076,1076,1076
"Idaho","return_normal","Past",2021-01-02,"daily_cases",1076,1076,1076,1076,1076,1076,1076,1076
"Idaho","status_quo","Past",2021-01-02,"daily_cases",1076,1076,1076,1076,1076,1076,1076,1076
"Idaho","linear_increase_sd","Past",2021-01-02,"daily_deaths",12,12,12,12,12,12,12,12
"Idaho","return_normal","Past",2021-01-02,"daily_deaths",12,12,12,12,12,12,12,12
"Idaho","status_quo","Past",2021-01-02,"daily_deaths",12,12,12,12,12,12,12,12
"Idaho","linear_increase_sd","Past",2021-01-02,"daily_hosps",136,136,136,136,136,136,136,136
"Idaho","return_normal","Past",2021-01-02,"daily_hosps",136,136,136,136,136,136,136,136
"Idaho","status_quo","Past",2021-01-02,"daily_hosps",136,136,136,136,136,136,136,136
"Idaho","linear_increase_sd","Past",2021-01-02,"latent_trend",NA,NA,NA,0.51390282904372,NA,NA,NA,NA
"Idaho","return_normal","Past",2021-01-02,"latent_trend",NA,NA,NA,0.51390282904372,NA,NA,NA,NA
"Idaho","status_quo","Past",2021-01-02,"latent_trend",NA,NA,NA,0.51390282904372,NA,NA,NA,NA
"Idaho","linear_increase_sd","Past",2021-01-02,"mobility_trend",NA,NA,NA,0.706171915710421,NA,NA,NA,NA
"Idaho","return_normal","Past",2021-01-02,"mobility_trend",NA,NA,NA,0.706171915710421,NA,NA,NA,NA
"Idaho","status_quo","Past",2021-01-02,"mobility_trend",NA,NA,NA,0.706171915710421,NA,NA,NA,NA
"Idaho",NA,"Past",2021-01-03,"actual_cumulative_cases",NA,NA,NA,142199,NA,NA,NA,NA
"Idaho",NA,"Past",2021-01-03,"actual_cumulative_deaths",NA,NA,NA,1450,NA,NA,NA,NA
"Idaho",NA,"Past",2021-01-03,"actual_daily_cases",NA,NA,NA,1122,NA,NA,NA,NA
"Idaho",NA,"Past",2021-01-03,"actual_daily_deaths",NA,NA,NA,12,NA,NA,NA,NA
"Idaho","linear_increase_sd","Past",2021-01-03,"combined_trend",NA,NA,NA,0.359958059322178,NA,NA,NA,NA
"Idaho","return_normal","Past",2021-01-03,"combined_trend",NA,NA,NA,0.359958059322178,NA,NA,NA,NA
"Idaho","status_quo","Past",2021-01-03,"combined_trend",NA,NA,NA,0.359958059322178,NA,NA,NA,NA
"Idaho","linear_increase_sd","Past",2021-01-03,"cumulative_all_infections",423061,423061,423061,423061,423061,423061,423061,423061
"Idaho","return_normal","Past",2021-01-03,"cumulative_all_infections",423061,423061,423061,423061,423061,423061,423061,423061
"Idaho","status_quo","Past",2021-01-03,"cumulative_all_infections",423061,423061,423061,423061,423061,423061,423061,423061
"Idaho","linear_increase_sd","Past",2021-01-03,"cumulative_cases",152126,152126,152126,152126,152126,152126,152126,152126
"Idaho","return_normal","Past",2021-01-03,"cumulative_cases",152126,152126,152126,152126,152126,152126,152126,152126
"Idaho","status_quo","Past",2021-01-03,"cumulative_cases",152126,152126,152126,152126,152126,152126,152126,152126
"Idaho","linear_increase_sd","Past",2021-01-03,"cumulative_deaths",1940,1940,1940,1940,1940,1940,1940,1940
"Idaho","return_normal","Past",2021-01-03,"cumulative_deaths",1940,1940,1940,1940,1940,1940,1940,1940
"Idaho","status_quo","Past",2021-01-03,"cumulative_deaths",1940,1940,1940,1940,1940,1940,1940,1940
"Idaho","linear_increase_sd","Past",2021-01-03,"cumulative_hosps",17461,17461,17461,17461,17461,17461,17461,17461
"Idaho","return_normal","Past",2021-01-03,"cumulative_hosps",17461,17461,17461,17461,17461,17461,17461,17461
"Idaho","status_quo","Past",2021-01-03,"cumulative_hosps",17461,17461,17461,17461,17461,17461,17461,17461
"Idaho","linear_increase_sd","Past",2021-01-03,"daily_all_infections",1978,1978,1978,1978,1978,1978,1978,1978
"Idaho","return_normal","Past",2021-01-03,"daily_all_infections",1978,1978,1978,1978,1978,1978,1978,1978
"Idaho","status_quo","Past",2021-01-03,"daily_all_infections",1978,1978,1978,1978,1978,1978,1978,1978
"Idaho","linear_increase_sd","Past",2021-01-03,"daily_cases",1123,1123,1123,1123,1123,1123,1123,1123
"Idaho","return_normal","Past",2021-01-03,"daily_cases",1123,1123,1123,1123,1123,1123,1123,1123
"Idaho","status_quo","Past",2021-01-03,"daily_cases",1123,1123,1123,1123,1123,1123,1123,1123
"Idaho","linear_increase_sd","Past",2021-01-03,"daily_deaths",10,10,10,10,10,10,10,10
"Idaho","return_normal","Past",2021-01-03,"daily_deaths",10,10,10,10,10,10,10,10
"Idaho","status_quo","Past",2021-01-03,"daily_deaths",10,10,10,10,10,10,10,10
"Idaho","linear_increase_sd","Past",2021-01-03,"daily_hosps",133,133,133,133,133,133,133,133
"Idaho","return_normal","Past",2021-01-03,"daily_hosps",133,133,133,133,133,133,133,133
"Idaho","status_quo","Past",2021-01-03,"daily_hosps",133,133,133,133,133,133,133,133
"Idaho","linear_increase_sd","Past",2021-01-03,"latent_trend",NA,NA,NA,0.510566027201763,NA,NA,NA,NA
"Idaho","return_normal","Past",2021-01-03,"latent_trend",NA,NA,NA,0.510566027201763,NA,NA,NA,NA
"Idaho","status_quo","Past",2021-01-03,"latent_trend",NA,NA,NA,0.510566027201763,NA,NA,NA,NA
"Idaho","linear_increase_sd","Past",2021-01-03,"mobility_trend",NA,NA,NA,0.705017647364797,NA,NA,NA,NA
"Idaho","return_normal","Past",2021-01-03,"mobility_trend",NA,NA,NA,0.705017647364797,NA,NA,NA,NA
"Idaho","status_quo","Past",2021-01-03,"mobility_trend",NA,NA,NA,0.705017647364797,NA,NA,NA,NA
"Idaho",NA,"Past",2021-01-04,"actual_cumulative_cases",NA,NA,NA,142507,NA,NA,NA,NA
"Idaho",NA,"Past",2021-01-04,"actual_cumulative_deaths",NA,NA,NA,1450,NA,NA,NA,NA
"Idaho",NA,"Past",2021-01-04,"actual_daily_cases",NA,NA,NA,308,NA,NA,NA,NA
"Idaho",NA,"Past",2021-01-04,"actual_daily_deaths",NA,NA,NA,0,NA,NA,NA,NA
"Idaho","linear_increase_sd","Past",2021-01-04,"combined_trend",NA,NA,NA,0.357162326535654,NA,NA,NA,NA
"Idaho","return_normal","Past",2021-01-04,"combined_trend",NA,NA,NA,0.357162326535654,NA,NA,NA,NA
"Idaho","status_quo","Past",2021-01-04,"combined_trend",NA,NA,NA,0.357162326535654,NA,NA,NA,NA
"Idaho","linear_increase_sd","Past",2021-01-04,"cumulative_all_infections",424967,424967,424967,424967,424967,424967,424967,424967
"Idaho","return_normal","Past",2021-01-04,"cumulative_all_infections",424967,424967,424967,424967,424967,424967,424967,424967
"Idaho","status_quo","Past",2021-01-04,"cumulative_all_infections",424967,424967,424967,424967,424967,424967,424967,424967
"Idaho","linear_increase_sd","Past",2021-01-04,"cumulative_cases",153028,153028,153028,153028,153028,153028,153028,153028
"Idaho","return_normal","Past",2021-01-04,"cumulative_cases",153028,153028,153028,153028,153028,153028,153028,153028
"Idaho","status_quo","Past",2021-01-04,"cumulative_cases",153028,153028,153028,153028,153028,153028,153028,153028
"Idaho","linear_increase_sd","Past",2021-01-04,"cumulative_deaths",1953,1953,1953,1953,1953,1953,1953,1953
"Idaho","return_normal","Past",2021-01-04,"cumulative_deaths",1953,1953,1953,1953,1953,1953,1953,1953
"Idaho","status_quo","Past",2021-01-04,"cumulative_deaths",1953,1953,1953,1953,1953,1953,1953,1953
"Idaho","linear_increase_sd","Past",2021-01-04,"cumulative_hosps",17590,17590,17590,17590,17590,17590,17590,17590
"Idaho","return_normal","Past",2021-01-04,"cumulative_hosps",17590,17590,17590,17590,17590,17590,17590,17590
"Idaho","status_quo","Past",2021-01-04,"cumulative_hosps",17590,17590,17590,17590,17590,17590,17590,17590
"Idaho","linear_increase_sd","Past",2021-01-04,"daily_all_infections",1906,1906,1906,1906,1906,1906,1906,1906
"Idaho","return_normal","Past",2021-01-04,"daily_all_infections",1906,1906,1906,1906,1906,1906,1906,1906
"Idaho","status_quo","Past",2021-01-04,"daily_all_infections",1906,1906,1906,1906,1906,1906,1906,1906
"Idaho","linear_increase_sd","Past",2021-01-04,"daily_cases",902,902,902,902,902,902,902,902
"Idaho","return_normal","Past",2021-01-04,"daily_cases",902,902,902,902,902,902,902,902
"Idaho","status_quo","Past",2021-01-04,"daily_cases",902,902,902,902,902,902,902,902
"Idaho","linear_increase_sd","Past",2021-01-04,"daily_deaths",13,13,13,13,13,13,13,13
"Idaho","return_normal","Past",2021-01-04,"daily_deaths",13,13,13,13,13,13,13,13
"Idaho","status_quo","Past",2021-01-04,"daily_deaths",13,13,13,13,13,13,13,13
"Idaho","linear_increase_sd","Past",2021-01-04,"daily_hosps",129,129,129,129,129,129,129,129
"Idaho","return_normal","Past",2021-01-04,"daily_hosps",129,129,129,129,129,129,129,129
"Idaho","status_quo","Past",2021-01-04,"daily_hosps",129,129,129,129,129,129,129,129
"Idaho","linear_increase_sd","Past",2021-01-04,"latent_trend",NA,NA,NA,0.507525798384642,NA,NA,NA,NA
"Idaho","return_normal","Past",2021-01-04,"latent_trend",NA,NA,NA,0.507525798384642,NA,NA,NA,NA
"Idaho","status_quo","Past",2021-01-04,"latent_trend",NA,NA,NA,0.507525798384642,NA,NA,NA,NA
"Idaho","linear_increase_sd","Past",2021-01-04,"mobility_trend",NA,NA,NA,0.703732357394312,NA,NA,NA,NA
"Idaho","return_normal","Past",2021-01-04,"mobility_trend",NA,NA,NA,0.703732357394312,NA,NA,NA,NA
"Idaho","status_quo","Past",2021-01-04,"mobility_trend",NA,NA,NA,0.703732357394312,NA,NA,NA,NA
"Idaho",NA,"Past",2021-01-05,"actual_cumulative_cases",NA,NA,NA,143305,NA,NA,NA,NA
"Idaho",NA,"Past",2021-01-05,"actual_cumulative_deaths",NA,NA,NA,1461,NA,NA,NA,NA
"Idaho",NA,"Past",2021-01-05,"actual_daily_cases",NA,NA,NA,798,NA,NA,NA,NA
"Idaho",NA,"Past",2021-01-05,"actual_daily_deaths",NA,NA,NA,11,NA,NA,NA,NA
"Idaho","linear_increase_sd","Past",2021-01-05,"combined_trend",NA,NA,NA,0.354548012536491,NA,NA,NA,NA
"Idaho","return_normal","Past",2021-01-05,"combined_trend",NA,NA,NA,0.354548012536491,NA,NA,NA,NA
"Idaho","status_quo","Past",2021-01-05,"combined_trend",NA,NA,NA,0.354548012536491,NA,NA,NA,NA
"Idaho","linear_increase_sd","Past",2021-01-05,"cumulative_all_infections",426788,426788,426788,426788,426788,426788,426788,426788
"Idaho","return_normal","Past",2021-01-05,"cumulative_all_infections",426788,426788,426788,426788,426788,426788,426788,426788
"Idaho","status_quo","Past",2021-01-05,"cumulative_all_infections",426788,426788,426788,426788,426788,426788,426788,426788
"Idaho","linear_increase_sd","Past",2021-01-05,"cumulative_cases",153875,153875,153875,153875,153875,153875,153875,153875
"Idaho","return_normal","Past",2021-01-05,"cumulative_cases",153875,153875,153875,153875,153875,153875,153875,153875
"Idaho","status_quo","Past",2021-01-05,"cumulative_cases",153875,153875,153875,153875,153875,153875,153875,153875
"Idaho","linear_increase_sd","Past",2021-01-05,"cumulative_deaths",1965,1965,1965,1965,1965,1965,1965,1965
"Idaho","return_normal","Past",2021-01-05,"cumulative_deaths",1965,1965,1965,1965,1965,1965,1965,1965
"Idaho","status_quo","Past",2021-01-05,"cumulative_deaths",1965,1965,1965,1965,1965,1965,1965,1965
"Idaho","linear_increase_sd","Past",2021-01-05,"cumulative_hosps",17718,17718,17718,17718,17718,17718,17718,17718
"Idaho","return_normal","Past",2021-01-05,"cumulative_hosps",17718,17718,17718,17718,17718,17718,17718,17718
"Idaho","status_quo","Past",2021-01-05,"cumulative_hosps",17718,17718,17718,17718,17718,17718,17718,17718
"Idaho","linear_increase_sd","Past",2021-01-05,"daily_all_infections",1821,1821,1821,1821,1821,1821,1821,1821
"Idaho","return_normal","Past",2021-01-05,"daily_all_infections",1821,1821,1821,1821,1821,1821,1821,1821
"Idaho","status_quo","Past",2021-01-05,"daily_all_infections",1821,1821,1821,1821,1821,1821,1821,1821
"Idaho","linear_increase_sd","Past",2021-01-05,"daily_cases",847,847,847,847,847,847,847,847
"Idaho","return_normal","Past",2021-01-05,"daily_cases",847,847,847,847,847,847,847,847
"Idaho","status_quo","Past",2021-01-05,"daily_cases",847,847,847,847,847,847,847,847
"Idaho","linear_increase_sd","Past",2021-01-05,"daily_deaths",12,12,12,12,12,12,12,12
"Idaho","return_normal","Past",2021-01-05,"daily_deaths",12,12,12,12,12,12,12,12
"Idaho","status_quo","Past",2021-01-05,"daily_deaths",12,12,12,12,12,12,12,12
"Idaho","linear_increase_sd","Past",2021-01-05,"daily_hosps",128,128,128,128,128,128,128,128
"Idaho","return_normal","Past",2021-01-05,"daily_hosps",128,128,128,128,128,128,128,128
"Idaho","status_quo","Past",2021-01-05,"daily_hosps",128,128,128,128,128,128,128,128
"Idaho","linear_increase_sd","Past",2021-01-05,"latent_trend",NA,NA,NA,0.504818095247999,NA,NA,NA,NA
"Idaho","return_normal","Past",2021-01-05,"latent_trend",NA,NA,NA,0.504818095247999,NA,NA,NA,NA
"Idaho","status_quo","Past",2021-01-05,"latent_trend",NA,NA,NA,0.504818095247999,NA,NA,NA,NA
"Idaho","linear_increase_sd","Past",2021-01-05,"mobility_trend",NA,NA,NA,0.702328256205463,NA,NA,NA,NA
"Idaho","return_normal","Past",2021-01-05,"mobility_trend",NA,NA,NA,0.702328256205463,NA,NA,NA,NA
"Idaho","status_quo","Past",2021-01-05,"mobility_trend",NA,NA,NA,0.702328256205463,NA,NA,NA,NA
"Idaho",NA,"Past",2021-01-06,"actual_cumulative_cases",NA,NA,NA,144843,NA,NA,NA,NA
"Idaho",NA,"Past",2021-01-06,"actual_cumulative_deaths",NA,NA,NA,1473,NA,NA,NA,NA
"Idaho",NA,"Past",2021-01-06,"actual_daily_cases",NA,NA,NA,1538,NA,NA,NA,NA
"Idaho",NA,"Past",2021-01-06,"actual_daily_deaths",NA,NA,NA,12,NA,NA,NA,NA
"Idaho","linear_increase_sd","Past",2021-01-06,"combined_trend",NA,NA,NA,0.352145924759888,NA,NA,NA,NA
"Idaho","return_normal","Past",2021-01-06,"combined_trend",NA,NA,NA,0.352145924759888,NA,NA,NA,NA
"Idaho","status_quo","Past",2021-01-06,"combined_trend",NA,NA,NA,0.352145924759888,NA,NA,NA,NA
"Idaho","linear_increase_sd","Past",2021-01-06,"cumulative_all_infections",428529,428529,428529,428529,428529,428529,428529,428529
"Idaho","return_normal","Past",2021-01-06,"cumulative_all_infections",428529,428529,428529,428529,428529,428529,428529,428529
"Idaho","status_quo","Past",2021-01-06,"cumulative_all_infections",428529,428529,428529,428529,428529,428529,428529,428529
"Idaho","linear_increase_sd","Past",2021-01-06,"cumulative_cases",154702,154702,154702,154702,154702,154702,154702,154702
"Idaho","return_normal","Past",2021-01-06,"cumulative_cases",154702,154702,154702,154702,154702,154702,154702,154702
"Idaho","status_quo","Past",2021-01-06,"cumulative_cases",154702,154702,154702,154702,154702,154702,154702,154702
"Idaho","linear_increase_sd","Past",2021-01-06,"cumulative_deaths",1975,1975,1975,1975,1975,1975,1975,1975
"Idaho","return_normal","Past",2021-01-06,"cumulative_deaths",1975,1975,1975,1975,1975,1975,1975,1975
"Idaho","status_quo","Past",2021-01-06,"cumulative_deaths",1975,1975,1975,1975,1975,1975,1975,1975
"Idaho","linear_increase_sd","Past",2021-01-06,"cumulative_hosps",17841,17841,17841,17841,17841,17841,17841,17841
"Idaho","return_normal","Past",2021-01-06,"cumulative_hosps",17841,17841,17841,17841,17841,17841,17841,17841
"Idaho","status_quo","Past",2021-01-06,"cumulative_hosps",17841,17841,17841,17841,17841,17841,17841,17841
"Idaho","linear_increase_sd","Past",2021-01-06,"daily_all_infections",1741,1741,1741,1741,1741,1741,1741,1741
"Idaho","return_normal","Past",2021-01-06,"daily_all_infections",1741,1741,1741,1741,1741,1741,1741,1741
"Idaho","status_quo","Past",2021-01-06,"daily_all_infections",1741,1741,1741,1741,1741,1741,1741,1741
"Idaho","linear_increase_sd","Past",2021-01-06,"daily_cases",827,827,827,827,827,827,827,827
"Idaho","return_normal","Past",2021-01-06,"daily_cases",827,827,827,827,827,827,827,827
"Idaho","status_quo","Past",2021-01-06,"daily_cases",827,827,827,827,827,827,827,827
"Idaho","linear_increase_sd","Past",2021-01-06,"daily_deaths",10,10,10,10,10,10,10,10
"Idaho","return_normal","Past",2021-01-06,"daily_deaths",10,10,10,10,10,10,10,10
"Idaho","status_quo","Past",2021-01-06,"daily_deaths",10,10,10,10,10,10,10,10
"Idaho","linear_increase_sd","Past",2021-01-06,"daily_hosps",123,123,123,123,123,123,123,123
"Idaho","return_normal","Past",2021-01-06,"daily_hosps",123,123,123,123,123,123,123,123
"Idaho","status_quo","Past",2021-01-06,"daily_hosps",123,123,123,123,123,123,123,123
"Idaho","linear_increase_sd","Past",2021-01-06,"latent_trend",NA,NA,NA,0.502478744499323,NA,NA,NA,NA
"Idaho","return_normal","Past",2021-01-06,"latent_trend",NA,NA,NA,0.502478744499323,NA,NA,NA,NA
"Idaho","status_quo","Past",2021-01-06,"latent_trend",NA,NA,NA,0.502478744499323,NA,NA,NA,NA
"Idaho","linear_increase_sd","Past",2021-01-06,"mobility_trend",NA,NA,NA,0.700817554204749,NA,NA,NA,NA
"Idaho","return_normal","Past",2021-01-06,"mobility_trend",NA,NA,NA,0.700817554204749,NA,NA,NA,NA
"Idaho","status_quo","Past",2021-01-06,"mobility_trend",NA,NA,NA,0.700817554204749,NA,NA,NA,NA
"Idaho",NA,"Past",2021-01-07,"actual_cumulative_cases",NA,NA,NA,146106,NA,NA,NA,NA
"Idaho",NA,"Past",2021-01-07,"actual_cumulative_deaths",NA,NA,NA,1490,NA,NA,NA,NA
"Idaho",NA,"Past",2021-01-07,"actual_daily_cases",NA,NA,NA,1263,NA,NA,NA,NA
"Idaho",NA,"Past",2021-01-07,"actual_daily_deaths",NA,NA,NA,17,NA,NA,NA,NA
"Idaho","linear_increase_sd","Past",2021-01-07,"combined_trend",NA,NA,NA,0.349986967137494,NA,NA,NA,NA
"Idaho","return_normal","Past",2021-01-07,"combined_trend",NA,NA,NA,0.349986967137494,NA,NA,NA,NA
"Idaho","status_quo","Past",2021-01-07,"combined_trend",NA,NA,NA,0.349986967137494,NA,NA,NA,NA
"Idaho","linear_increase_sd","Past",2021-01-07,"cumulative_all_infections",430203,430203,430203,430203,430203,430203,430203,430203
"Idaho","return_normal","Past",2021-01-07,"cumulative_all_infections",430203,430203,430203,430203,430203,430203,430203,430203
"Idaho","status_quo","Past",2021-01-07,"cumulative_all_infections",430203,430203,430203,430203,430203,430203,430203,430203
"Idaho","linear_increase_sd","Past",2021-01-07,"cumulative_cases",155568,155568,155568,155568,155568,155568,155568,155568
"Idaho","return_normal","Past",2021-01-07,"cumulative_cases",155568,155568,155568,155568,155568,155568,155568,155568
"Idaho","status_quo","Past",2021-01-07,"cumulative_cases",155568,155568,155568,155568,155568,155568,155568,155568
"Idaho","linear_increase_sd","Past",2021-01-07,"cumulative_deaths",1986,1986,1986,1986,1986,1986,1986,1986
"Idaho","return_normal","Past",2021-01-07,"cumulative_deaths",1986,1986,1986,1986,1986,1986,1986,1986
"Idaho","status_quo","Past",2021-01-07,"cumulative_deaths",1986,1986,1986,1986,1986,1986,1986,1986
"Idaho","linear_increase_sd","Past",2021-01-07,"cumulative_hosps",17960,17960,17960,17960,17960,17960,17960,17960
"Idaho","return_normal","Past",2021-01-07,"cumulative_hosps",17960,17960,17960,17960,17960,17960,17960,17960
"Idaho","status_quo","Past",2021-01-07,"cumulative_hosps",17960,17960,17960,17960,17960,17960,17960,17960
"Idaho","linear_increase_sd","Past",2021-01-07,"daily_all_infections",1674,1674,1674,1674,1674,1674,1674,1674
"Idaho","return_normal","Past",2021-01-07,"daily_all_infections",1674,1674,1674,1674,1674,1674,1674,1674
"Idaho","status_quo","Past",2021-01-07,"daily_all_infections",1674,1674,1674,1674,1674,1674,1674,1674
"Idaho","linear_increase_sd","Past",2021-01-07,"daily_cases",866,866,866,866,866,866,866,866
"Idaho","return_normal","Past",2021-01-07,"daily_cases",866,866,866,866,866,866,866,866
"Idaho","status_quo","Past",2021-01-07,"daily_cases",866,866,866,866,866,866,866,866
"Idaho","linear_increase_sd","Past",2021-01-07,"daily_deaths",11,11,11,11,11,11,11,11
"Idaho","return_normal","Past",2021-01-07,"daily_deaths",11,11,11,11,11,11,11,11
"Idaho","status_quo","Past",2021-01-07,"daily_deaths",11,11,11,11,11,11,11,11
"Idaho","linear_increase_sd","Past",2021-01-07,"daily_hosps",119,119,119,119,119,119,119,119
"Idaho","return_normal","Past",2021-01-07,"daily_hosps",119,119,119,119,119,119,119,119
"Idaho","status_quo","Past",2021-01-07,"daily_hosps",119,119,119,119,119,119,119,119
"Idaho","linear_increase_sd","Past",2021-01-07,"latent_trend",NA,NA,NA,0.500543459414049,NA,NA,NA,NA
"Idaho","return_normal","Past",2021-01-07,"latent_trend",NA,NA,NA,0.500543459414049,NA,NA,NA,NA
"Idaho","status_quo","Past",2021-01-07,"latent_trend",NA,NA,NA,0.500543459414049,NA,NA,NA,NA
"Idaho","linear_increase_sd","Past",2021-01-07,"mobility_trend",NA,NA,NA,0.699213945472784,NA,NA,NA,NA
"Idaho","return_normal","Past",2021-01-07,"mobility_trend",NA,NA,NA,0.699213945472784,NA,NA,NA,NA
"Idaho","status_quo","Past",2021-01-07,"mobility_trend",NA,NA,NA,0.699213945472784,NA,NA,NA,NA
"Idaho",NA,"Past",2021-01-08,"actual_cumulative_cases",NA,NA,NA,147173,NA,NA,NA,NA
"Idaho",NA,"Past",2021-01-08,"actual_cumulative_deaths",NA,NA,NA,1519,NA,NA,NA,NA
"Idaho",NA,"Past",2021-01-08,"actual_daily_cases",NA,NA,NA,1067,NA,NA,NA,NA
"Idaho",NA,"Past",2021-01-08,"actual_daily_deaths",NA,NA,NA,29,NA,NA,NA,NA
"Idaho","linear_increase_sd","Past",2021-01-08,"combined_trend",NA,NA,NA,0.348104377563933,NA,NA,NA,NA
"Idaho","return_normal","Past",2021-01-08,"combined_trend",NA,NA,NA,0.348104377563933,NA,NA,NA,NA
"Idaho","status_quo","Past",2021-01-08,"combined_trend",NA,NA,NA,0.348104377563933,NA,NA,NA,NA
"Idaho","linear_increase_sd","Past",2021-01-08,"cumulative_all_infections",431810,431810,431810,431810,431810,431810,431810,431810
"Idaho","return_normal","Past",2021-01-08,"cumulative_all_infections",431810,431810,431810,431810,431810,431810,431810,431810
"Idaho","status_quo","Past",2021-01-08,"cumulative_all_infections",431810,431810,431810,431810,431810,431810,431810,431810
"Idaho","linear_increase_sd","Past",2021-01-08,"cumulative_cases",156388,156388,156388,156388,156388,156388,156388,156388
"Idaho","return_normal","Past",2021-01-08,"cumulative_cases",156388,156388,156388,156388,156388,156388,156388,156388
"Idaho","status_quo","Past",2021-01-08,"cumulative_cases",156388,156388,156388,156388,156388,156388,156388,156388
"Idaho","linear_increase_sd","Past",2021-01-08,"cumulative_deaths",1997,1997,1997,1997,1997,1997,1997,1997
"Idaho","return_normal","Past",2021-01-08,"cumulative_deaths",1997,1997,1997,1997,1997,1997,1997,1997
"Idaho","status_quo","Past",2021-01-08,"cumulative_deaths",1997,1997,1997,1997,1997,1997,1997,1997
"Idaho","linear_increase_sd","Past",2021-01-08,"cumulative_hosps",18074,18074,18074,18074,18074,18074,18074,18074
"Idaho","return_normal","Past",2021-01-08,"cumulative_hosps",18074,18074,18074,18074,18074,18074,18074,18074
"Idaho","status_quo","Past",2021-01-08,"cumulative_hosps",18074,18074,18074,18074,18074,18074,18074,18074
"Idaho","linear_increase_sd","Past",2021-01-08,"daily_all_infections",1607,1607,1607,1607,1607,1607,1607,1607
"Idaho","return_normal","Past",2021-01-08,"daily_all_infections",1607,1607,1607,1607,1607,1607,1607,1607
"Idaho","status_quo","Past",2021-01-08,"daily_all_infections",1607,1607,1607,1607,1607,1607,1607,1607
"Idaho","linear_increase_sd","Past",2021-01-08,"daily_cases",820,820,820,820,820,820,820,820
"Idaho","return_normal","Past",2021-01-08,"daily_cases",820,820,820,820,820,820,820,820
"Idaho","status_quo","Past",2021-01-08,"daily_cases",820,820,820,820,820,820,820,820
"Idaho","linear_increase_sd","Past",2021-01-08,"daily_deaths",11,11,11,11,11,11,11,11
"Idaho","return_normal","Past",2021-01-08,"daily_deaths",11,11,11,11,11,11,11,11
"Idaho","status_quo","Past",2021-01-08,"daily_deaths",11,11,11,11,11,11,11,11
"Idaho","linear_increase_sd","Past",2021-01-08,"daily_hosps",114,114,114,114,114,114,114,114
"Idaho","return_normal","Past",2021-01-08,"daily_hosps",114,114,114,114,114,114,114,114
"Idaho","status_quo","Past",2021-01-08,"daily_hosps",114,114,114,114,114,114,114,114
"Idaho","linear_increase_sd","Past",2021-01-08,"latent_trend",NA,NA,NA,0.499047861585231,NA,NA,NA,NA
"Idaho","return_normal","Past",2021-01-08,"latent_trend",NA,NA,NA,0.499047861585231,NA,NA,NA,NA
"Idaho","status_quo","Past",2021-01-08,"latent_trend",NA,NA,NA,0.499047861585231,NA,NA,NA,NA
"Idaho","linear_increase_sd","Past",2021-01-08,"mobility_trend",NA,NA,NA,0.697537058786658,NA,NA,NA,NA
"Idaho","return_normal","Past",2021-01-08,"mobility_trend",NA,NA,NA,0.697537058786658,NA,NA,NA,NA
"Idaho","status_quo","Past",2021-01-08,"mobility_trend",NA,NA,NA,0.697537058786658,NA,NA,NA,NA
"Idaho",NA,"Past",2021-01-09,"actual_cumulative_cases",NA,NA,NA,148258,NA,NA,NA,NA
"Idaho",NA,"Past",2021-01-09,"actual_cumulative_deaths",NA,NA,NA,1525,NA,NA,NA,NA
"Idaho",NA,"Past",2021-01-09,"actual_daily_cases",NA,NA,NA,1085,NA,NA,NA,NA
"Idaho",NA,"Past",2021-01-09,"actual_daily_deaths",NA,NA,NA,6,NA,NA,NA,NA
"Idaho","linear_increase_sd","Past",2021-01-09,"combined_trend",NA,NA,NA,0.346531528295599,NA,NA,NA,NA
"Idaho","return_normal","Past",2021-01-09,"combined_trend",NA,NA,NA,0.346531528295599,NA,NA,NA,NA
"Idaho","status_quo","Past",2021-01-09,"combined_trend",NA,NA,NA,0.346531528295599,NA,NA,NA,NA
"Idaho","linear_increase_sd","Past",2021-01-09,"cumulative_all_infections",433350,433350,433350,433350,433350,433350,433350,433350
"Idaho","return_normal","Past",2021-01-09,"cumulative_all_infections",433350,433350,433350,433350,433350,433350,433350,433350
"Idaho","status_quo","Past",2021-01-09,"cumulative_all_infections",433350,433350,433350,433350,433350,433350,433350,433350
"Idaho","linear_increase_sd","Past",2021-01-09,"cumulative_cases",157142,157142,157142,157142,157142,157142,157142,157142
"Idaho","return_normal","Past",2021-01-09,"cumulative_cases",157142,157142,157142,157142,157142,157142,157142,157142
"Idaho","status_quo","Past",2021-01-09,"cumulative_cases",157142,157142,157142,157142,157142,157142,157142,157142
"Idaho","linear_increase_sd","Past",2021-01-09,"cumulative_deaths",2008,2008,2008,2008,2008,2008,2008,2008
"Idaho","return_normal","Past",2021-01-09,"cumulative_deaths",2008,2008,2008,2008,2008,2008,2008,2008
"Idaho","status_quo","Past",2021-01-09,"cumulative_deaths",2008,2008,2008,2008,2008,2008,2008,2008
"Idaho","linear_increase_sd","Past",2021-01-09,"cumulative_hosps",18185,18185,18185,18185,18185,18185,18185,18185
"Idaho","return_normal","Past",2021-01-09,"cumulative_hosps",18185,18185,18185,18185,18185,18185,18185,18185
"Idaho","status_quo","Past",2021-01-09,"cumulative_hosps",18185,18185,18185,18185,18185,18185,18185,18185
"Idaho","linear_increase_sd","Past",2021-01-09,"daily_all_infections",1540,1540,1540,1540,1540,1540,1540,1540
"Idaho","return_normal","Past",2021-01-09,"daily_all_infections",1540,1540,1540,1540,1540,1540,1540,1540
"Idaho","status_quo","Past",2021-01-09,"daily_all_infections",1540,1540,1540,1540,1540,1540,1540,1540
"Idaho","linear_increase_sd","Past",2021-01-09,"daily_cases",754,754,754,754,754,754,754,754
"Idaho","return_normal","Past",2021-01-09,"daily_cases",754,754,754,754,754,754,754,754
"Idaho","status_quo","Past",2021-01-09,"daily_cases",754,754,754,754,754,754,754,754
"Idaho","linear_increase_sd","Past",2021-01-09,"daily_deaths",11,11,11,11,11,11,11,11
"Idaho","return_normal","Past",2021-01-09,"daily_deaths",11,11,11,11,11,11,11,11
"Idaho","status_quo","Past",2021-01-09,"daily_deaths",11,11,11,11,11,11,11,11
"Idaho","linear_increase_sd","Past",2021-01-09,"daily_hosps",111,111,111,111,111,111,111,111
"Idaho","return_normal","Past",2021-01-09,"daily_hosps",111,111,111,111,111,111,111,111
"Idaho","status_quo","Past",2021-01-09,"daily_hosps",111,111,111,111,111,111,111,111
"Idaho","linear_increase_sd","Past",2021-01-09,"latent_trend",NA,NA,NA,0.498027509039598,NA,NA,NA,NA
"Idaho","return_normal","Past",2021-01-09,"latent_trend",NA,NA,NA,0.498027509039598,NA,NA,NA,NA
"Idaho","status_quo","Past",2021-01-09,"latent_trend",NA,NA,NA,0.498027509039598,NA,NA,NA,NA
"Idaho","linear_increase_sd","Past",2021-01-09,"mobility_trend",NA,NA,NA,0.695808006597577,NA,NA,NA,NA
"Idaho","return_normal","Past",2021-01-09,"mobility_trend",NA,NA,NA,0.695808006597577,NA,NA,NA,NA
"Idaho","status_quo","Past",2021-01-09,"mobility_trend",NA,NA,NA,0.695808006597577,NA,NA,NA,NA
"Idaho",NA,"Past",2021-01-10,"actual_cumulative_cases",NA,NA,NA,149235,NA,NA,NA,NA
"Idaho",NA,"Past",2021-01-10,"actual_cumulative_deaths",NA,NA,NA,1530,NA,NA,NA,NA
"Idaho",NA,"Past",2021-01-10,"actual_daily_cases",NA,NA,NA,977,NA,NA,NA,NA
"Idaho",NA,"Past",2021-01-10,"actual_daily_deaths",NA,NA,NA,5,NA,NA,NA,NA
"Idaho","linear_increase_sd","Past",2021-01-10,"combined_trend",NA,NA,NA,0.345301272925096,NA,NA,NA,NA
"Idaho","return_normal","Past",2021-01-10,"combined_trend",NA,NA,NA,0.345301272925096,NA,NA,NA,NA
"Idaho","status_quo","Past",2021-01-10,"combined_trend",NA,NA,NA,0.345301272925096,NA,NA,NA,NA
"Idaho","linear_increase_sd","Past",2021-01-10,"cumulative_all_infections",434825,434825,434825,434825,434825,434825,434825,434825
"Idaho","return_normal","Past",2021-01-10,"cumulative_all_infections",434825,434825,434825,434825,434825,434825,434825,434825
"Idaho","status_quo","Past",2021-01-10,"cumulative_all_infections",434825,434825,434825,434825,434825,434825,434825,434825
"Idaho","linear_increase_sd","Past",2021-01-10,"cumulative_cases",157837,157837,157837,157837,157837,157837,157837,157837
"Idaho","return_normal","Past",2021-01-10,"cumulative_cases",157837,157837,157837,157837,157837,157837,157837,157837
"Idaho","status_quo","Past",2021-01-10,"cumulative_cases",157837,157837,157837,157837,157837,157837,157837,157837
"Idaho","linear_increase_sd","Past",2021-01-10,"cumulative_deaths",2017,2017,2017,2017,2017,2017,2017,2017
"Idaho","return_normal","Past",2021-01-10,"cumulative_deaths",2017,2017,2017,2017,2017,2017,2017,2017
"Idaho","status_quo","Past",2021-01-10,"cumulative_deaths",2017,2017,2017,2017,2017,2017,2017,2017
"Idaho","linear_increase_sd","Past",2021-01-10,"cumulative_hosps",18293,18293,18293,18293,18293,18293,18293,18293
"Idaho","return_normal","Past",2021-01-10,"cumulative_hosps",18293,18293,18293,18293,18293,18293,18293,18293
"Idaho","status_quo","Past",2021-01-10,"cumulative_hosps",18293,18293,18293,18293,18293,18293,18293,18293
"Idaho","linear_increase_sd","Past",2021-01-10,"daily_all_infections",1475,1475,1475,1475,1475,1475,1475,1475
"Idaho","return_normal","Past",2021-01-10,"daily_all_infections",1475,1475,1475,1475,1475,1475,1475,1475
"Idaho","status_quo","Past",2021-01-10,"daily_all_infections",1475,1475,1475,1475,1475,1475,1475,1475
"Idaho","linear_increase_sd","Past",2021-01-10,"daily_cases",695,695,695,695,695,695,695,695
"Idaho","return_normal","Past",2021-01-10,"daily_cases",695,695,695,695,695,695,695,695
"Idaho","status_quo","Past",2021-01-10,"daily_cases",695,695,695,695,695,695,695,695
"Idaho","linear_increase_sd","Past",2021-01-10,"daily_deaths",9,9,9,9,9,9,9,9
"Idaho","return_normal","Past",2021-01-10,"daily_deaths",9,9,9,9,9,9,9,9
"Idaho","status_quo","Past",2021-01-10,"daily_deaths",9,9,9,9,9,9,9,9
"Idaho","linear_increase_sd","Past",2021-01-10,"daily_hosps",108,108,108,108,108,108,108,108
"Idaho","return_normal","Past",2021-01-10,"daily_hosps",108,108,108,108,108,108,108,108
"Idaho","status_quo","Past",2021-01-10,"daily_hosps",108,108,108,108,108,108,108,108
"Idaho","linear_increase_sd","Past",2021-01-10,"latent_trend",NA,NA,NA,0.497517926716717,NA,NA,NA,NA
"Idaho","return_normal","Past",2021-01-10,"latent_trend",NA,NA,NA,0.497517926716717,NA,NA,NA,NA
"Idaho","status_quo","Past",2021-01-10,"latent_trend",NA,NA,NA,0.497517926716717,NA,NA,NA,NA
"Idaho","linear_increase_sd","Past",2021-01-10,"mobility_trend",NA,NA,NA,0.694047901356745,NA,NA,NA,NA
"Idaho","return_normal","Past",2021-01-10,"mobility_trend",NA,NA,NA,0.694047901356745,NA,NA,NA,NA
"Idaho","status_quo","Past",2021-01-10,"mobility_trend",NA,NA,NA,0.694047901356745,NA,NA,NA,NA
"Idaho",NA,"Past",2021-01-11,"actual_cumulative_cases",NA,NA,NA,149667,NA,NA,NA,NA
"Idaho",NA,"Past",2021-01-11,"actual_cumulative_deaths",NA,NA,NA,1536,NA,NA,NA,NA
"Idaho",NA,"Past",2021-01-11,"actual_daily_cases",NA,NA,NA,432,NA,NA,NA,NA
"Idaho",NA,"Past",2021-01-11,"actual_daily_deaths",NA,NA,NA,6,NA,NA,NA,NA
"Idaho","linear_increase_sd","Past",2021-01-11,"combined_trend",NA,NA,NA,0.34444531210187,NA,NA,NA,NA
"Idaho","return_normal","Past",2021-01-11,"combined_trend",NA,NA,NA,0.34444531210187,NA,NA,NA,NA
"Idaho","status_quo","Past",2021-01-11,"combined_trend",NA,NA,NA,0.34444531210187,NA,NA,NA,NA
"Idaho","linear_increase_sd","Past",2021-01-11,"cumulative_all_infections",436240,436240,436240,436240,436240,436240,436240,436240
"Idaho","return_normal","Past",2021-01-11,"cumulative_all_infections",436240,436240,436240,436240,436240,436240,436240,436240
"Idaho","status_quo","Past",2021-01-11,"cumulative_all_infections",436240,436240,436240,436240,436240,436240,436240,436240
"Idaho","linear_increase_sd","Past",2021-01-11,"cumulative_cases",158547,158547,158547,158547,158547,158547,158547,158547
"Idaho","return_normal","Past",2021-01-11,"cumulative_cases",158547,158547,158547,158547,158547,158547,158547,158547
"Idaho","status_quo","Past",2021-01-11,"cumulative_cases",158547,158547,158547,158547,158547,158547,158547,158547
"Idaho","linear_increase_sd","Past",2021-01-11,"cumulative_deaths",2027,2027,2027,2027,2027,2027,2027,2027
"Idaho","return_normal","Past",2021-01-11,"cumulative_deaths",2027,2027,2027,2027,2027,2027,2027,2027
"Idaho","status_quo","Past",2021-01-11,"cumulative_deaths",2027,2027,2027,2027,2027,2027,2027,2027
"Idaho","linear_increase_sd","Past",2021-01-11,"cumulative_hosps",18398,18398,18398,18398,18398,18398,18398,18398
"Idaho","return_normal","Past",2021-01-11,"cumulative_hosps",18398,18398,18398,18398,18398,18398,18398,18398
"Idaho","status_quo","Past",2021-01-11,"cumulative_hosps",18398,18398,18398,18398,18398,18398,18398,18398
"Idaho","linear_increase_sd","Past",2021-01-11,"daily_all_infections",1415,1415,1415,1415,1415,1415,1415,1415
"Idaho","return_normal","Past",2021-01-11,"daily_all_infections",1415,1415,1415,1415,1415,1415,1415,1415
"Idaho","status_quo","Past",2021-01-11,"daily_all_infections",1415,1415,1415,1415,1415,1415,1415,1415
"Idaho","linear_increase_sd","Past",2021-01-11,"daily_cases",710,710,710,710,710,710,710,710
"Idaho","return_normal","Past",2021-01-11,"daily_cases",710,710,710,710,710,710,710,710
"Idaho","status_quo","Past",2021-01-11,"daily_cases",710,710,710,710,710,710,710,710
"Idaho","linear_increase_sd","Past",2021-01-11,"daily_deaths",10,10,10,10,10,10,10,10
"Idaho","return_normal","Past",2021-01-11,"daily_deaths",10,10,10,10,10,10,10,10
"Idaho","status_quo","Past",2021-01-11,"daily_deaths",10,10,10,10,10,10,10,10
"Idaho","linear_increase_sd","Past",2021-01-11,"daily_hosps",105,105,105,105,105,105,105,105
"Idaho","return_normal","Past",2021-01-11,"daily_hosps",105,105,105,105,105,105,105,105
"Idaho","status_quo","Past",2021-01-11,"daily_hosps",105,105,105,105,105,105,105,105
"Idaho","linear_increase_sd","Past",2021-01-11,"latent_trend",NA,NA,NA,0.497554634077083,NA,NA,NA,NA
"Idaho","return_normal","Past",2021-01-11,"latent_trend",NA,NA,NA,0.497554634077083,NA,NA,NA,NA
"Idaho","status_quo","Past",2021-01-11,"latent_trend",NA,NA,NA,0.497554634077083,NA,NA,NA,NA
"Idaho","linear_increase_sd","Past",2021-01-11,"mobility_trend",NA,NA,NA,0.692276362254737,NA,NA,NA,NA
"Idaho","return_normal","Past",2021-01-11,"mobility_trend",NA,NA,NA,0.692276362254737,NA,NA,NA,NA
"Idaho","status_quo","Past",2021-01-11,"mobility_trend",NA,NA,NA,0.692276362254737,NA,NA,NA,NA
"Idaho",NA,"Past",2021-01-12,"actual_cumulative_cases",NA,NA,NA,150239,NA,NA,NA,NA
"Idaho",NA,"Past",2021-01-12,"actual_cumulative_deaths",NA,NA,NA,1546,NA,NA,NA,NA
"Idaho",NA,"Past",2021-01-12,"actual_daily_cases",NA,NA,NA,572,NA,NA,NA,NA
"Idaho",NA,"Past",2021-01-12,"actual_daily_deaths",NA,NA,NA,10,NA,NA,NA,NA
"Idaho","linear_increase_sd","Past",2021-01-12,"combined_trend",NA,NA,NA,0.343992074107251,NA,NA,NA,NA
"Idaho","return_normal","Past",2021-01-12,"combined_trend",NA,NA,NA,0.343992074107251,NA,NA,NA,NA
"Idaho","status_quo","Past",2021-01-12,"combined_trend",NA,NA,NA,0.343992074107251,NA,NA,NA,NA
"Idaho","linear_increase_sd","Past",2021-01-12,"cumulative_all_infections",437598,437598,437598,437598,437598,437598,437598,437598
"Idaho","return_normal","Past",2021-01-12,"cumulative_all_infections",437598,437598,437598,437598,437598,437598,437598,437598
"Idaho","status_quo","Past",2021-01-12,"cumulative_all_infections",437598,437598,437598,437598,437598,437598,437598,437598
"Idaho","linear_increase_sd","Past",2021-01-12,"cumulative_cases",159171,159171,159171,159171,159171,159171,159171,159171
"Idaho","return_normal","Past",2021-01-12,"cumulative_cases",159171,159171,159171,159171,159171,159171,159171,159171
"Idaho","status_quo","Past",2021-01-12,"cumulative_cases",159171,159171,159171,159171,159171,159171,159171,159171
"Idaho","linear_increase_sd","Past",2021-01-12,"cumulative_deaths",2036,2036,2036,2036,2036,2036,2036,2036
"Idaho","return_normal","Past",2021-01-12,"cumulative_deaths",2036,2036,2036,2036,2036,2036,2036,2036
"Idaho","status_quo","Past",2021-01-12,"cumulative_deaths",2036,2036,2036,2036,2036,2036,2036,2036
"Idaho","linear_increase_sd","Past",2021-01-12,"cumulative_hosps",18498,18498,18498,18498,18498,18498,18498,18498
"Idaho","return_normal","Past",2021-01-12,"cumulative_hosps",18498,18498,18498,18498,18498,18498,18498,18498
"Idaho","status_quo","Past",2021-01-12,"cumulative_hosps",18498,18498,18498,18498,18498,18498,18498,18498
"Idaho","linear_increase_sd","Past",2021-01-12,"daily_all_infections",1358,1358,1358,1358,1358,1358,1358,1358
"Idaho","return_normal","Past",2021-01-12,"daily_all_infections",1358,1358,1358,1358,1358,1358,1358,1358
"Idaho","status_quo","Past",2021-01-12,"daily_all_infections",1358,1358,1358,1358,1358,1358,1358,1358
"Idaho","linear_increase_sd","Past",2021-01-12,"daily_cases",624,624,624,624,624,624,624,624
"Idaho","return_normal","Past",2021-01-12,"daily_cases",624,624,624,624,624,624,624,624
"Idaho","status_quo","Past",2021-01-12,"daily_cases",624,624,624,624,624,624,624,624
"Idaho","linear_increase_sd","Past",2021-01-12,"daily_deaths",9,9,9,9,9,9,9,9
"Idaho","return_normal","Past",2021-01-12,"daily_deaths",9,9,9,9,9,9,9,9
"Idaho","status_quo","Past",2021-01-12,"daily_deaths",9,9,9,9,9,9,9,9
"Idaho","linear_increase_sd","Past",2021-01-12,"daily_hosps",100,100,100,100,100,100,100,100
"Idaho","return_normal","Past",2021-01-12,"daily_hosps",100,100,100,100,100,100,100,100
"Idaho","status_quo","Past",2021-01-12,"daily_hosps",100,100,100,100,100,100,100,100
"Idaho","linear_increase_sd","Past",2021-01-12,"latent_trend",NA,NA,NA,0.498173163273068,NA,NA,NA,NA
"Idaho","return_normal","Past",2021-01-12,"latent_trend",NA,NA,NA,0.498173163273068,NA,NA,NA,NA
"Idaho","status_quo","Past",2021-01-12,"latent_trend",NA,NA,NA,0.498173163273068,NA,NA,NA,NA
"Idaho","linear_increase_sd","Past",2021-01-12,"mobility_trend",NA,NA,NA,0.690507035439594,NA,NA,NA,NA
"Idaho","return_normal","Past",2021-01-12,"mobility_trend",NA,NA,NA,0.690507035439594,NA,NA,NA,NA
"Idaho","status_quo","Past",2021-01-12,"mobility_trend",NA,NA,NA,0.690507035439594,NA,NA,NA,NA
"Idaho",NA,"Past",2021-01-13,"actual_cumulative_cases",NA,NA,NA,151273,NA,NA,NA,NA
"Idaho",NA,"Past",2021-01-13,"actual_cumulative_deaths",NA,NA,NA,1558,NA,NA,NA,NA
"Idaho",NA,"Past",2021-01-13,"actual_daily_cases",NA,NA,NA,1034,NA,NA,NA,NA
"Idaho",NA,"Past",2021-01-13,"actual_daily_deaths",NA,NA,NA,12,NA,NA,NA,NA
"Idaho","linear_increase_sd","Past",2021-01-13,"combined_trend",NA,NA,NA,0.343969025664968,NA,NA,NA,NA
"Idaho","return_normal","Past",2021-01-13,"combined_trend",NA,NA,NA,0.343969025664968,NA,NA,NA,NA
"Idaho","status_quo","Past",2021-01-13,"combined_trend",NA,NA,NA,0.343969025664968,NA,NA,NA,NA
"Idaho","linear_increase_sd","Past",2021-01-13,"cumulative_all_infections",438899,438899,438899,438899,438899,438899,438899,438899
"Idaho","return_normal","Past",2021-01-13,"cumulative_all_infections",438899,438899,438899,438899,438899,438899,438899,438899
"Idaho","status_quo","Past",2021-01-13,"cumulative_all_infections",438899,438899,438899,438899,438899,438899,438899,438899
"Idaho","linear_increase_sd","Past",2021-01-13,"cumulative_cases",159735,159735,159735,159735,159735,159735,159735,159735
"Idaho","return_normal","Past",2021-01-13,"cumulative_cases",159735,159735,159735,159735,159735,159735,159735,159735
"Idaho","status_quo","Past",2021-01-13,"cumulative_cases",159735,159735,159735,159735,159735,159735,159735,159735
"Idaho","linear_increase_sd","Past",2021-01-13,"cumulative_deaths",2047,2047,2047,2047,2047,2047,2047,2047
"Idaho","return_normal","Past",2021-01-13,"cumulative_deaths",2047,2047,2047,2047,2047,2047,2047,2047
"Idaho","status_quo","Past",2021-01-13,"cumulative_deaths",2047,2047,2047,2047,2047,2047,2047,2047
"Idaho","linear_increase_sd","Past",2021-01-13,"cumulative_hosps",18594,18594,18594,18594,18594,18594,18594,18594
"Idaho","return_normal","Past",2021-01-13,"cumulative_hosps",18594,18594,18594,18594,18594,18594,18594,18594
"Idaho","status_quo","Past",2021-01-13,"cumulative_hosps",18594,18594,18594,18594,18594,18594,18594,18594
"Idaho","linear_increase_sd","Past",2021-01-13,"daily_all_infections",1301,1301,1301,1301,1301,1301,1301,1301
"Idaho","return_normal","Past",2021-01-13,"daily_all_infections",1301,1301,1301,1301,1301,1301,1301,1301
"Idaho","status_quo","Past",2021-01-13,"daily_all_infections",1301,1301,1301,1301,1301,1301,1301,1301
"Idaho","linear_increase_sd","Past",2021-01-13,"daily_cases",564,564,564,564,564,564,564,564
"Idaho","return_normal","Past",2021-01-13,"daily_cases",564,564,564,564,564,564,564,564
"Idaho","status_quo","Past",2021-01-13,"daily_cases",564,564,564,564,564,564,564,564
"Idaho","linear_increase_sd","Past",2021-01-13,"daily_deaths",11,11,11,11,11,11,11,11
"Idaho","return_normal","Past",2021-01-13,"daily_deaths",11,11,11,11,11,11,11,11
"Idaho","status_quo","Past",2021-01-13,"daily_deaths",11,11,11,11,11,11,11,11
"Idaho","linear_increase_sd","Past",2021-01-13,"daily_hosps",96,96,96,96,96,96,96,96
"Idaho","return_normal","Past",2021-01-13,"daily_hosps",96,96,96,96,96,96,96,96
"Idaho","status_quo","Past",2021-01-13,"daily_hosps",96,96,96,96,96,96,96,96
"Idaho","linear_increase_sd","Past",2021-01-13,"latent_trend",NA,NA,NA,0.499409059878179,NA,NA,NA,NA
"Idaho","return_normal","Past",2021-01-13,"latent_trend",NA,NA,NA,0.499409059878179,NA,NA,NA,NA
"Idaho","status_quo","Past",2021-01-13,"latent_trend",NA,NA,NA,0.499409059878179,NA,NA,NA,NA
"Idaho","linear_increase_sd","Past",2021-01-13,"mobility_trend",NA,NA,NA,0.688752073798725,NA,NA,NA,NA
"Idaho","return_normal","Past",2021-01-13,"mobility_trend",NA,NA,NA,0.688752073798725,NA,NA,NA,NA
"Idaho","status_quo","Past",2021-01-13,"mobility_trend",NA,NA,NA,0.688752073798725,NA,NA,NA,NA
"Idaho",NA,"Past",2021-01-14,"actual_cumulative_cases",NA,NA,NA,152364,NA,NA,NA,NA
"Idaho",NA,"Past",2021-01-14,"actual_cumulative_deaths",NA,NA,NA,1566,NA,NA,NA,NA
"Idaho",NA,"Past",2021-01-14,"actual_daily_cases",NA,NA,NA,1091,NA,NA,NA,NA
"Idaho",NA,"Past",2021-01-14,"actual_daily_deaths",NA,NA,NA,8,NA,NA,NA,NA
"Idaho","linear_increase_sd","Past",2021-01-14,"combined_trend",NA,NA,NA,0.344403485609206,NA,NA,NA,NA
"Idaho","return_normal","Past",2021-01-14,"combined_trend",NA,NA,NA,0.344403485609206,NA,NA,NA,NA
"Idaho","status_quo","Past",2021-01-14,"combined_trend",NA,NA,NA,0.344403485609206,NA,NA,NA,NA
"Idaho","linear_increase_sd","Past",2021-01-14,"cumulative_all_infections",440145,440145,440145,440145,440145,440145,440145,440145
"Idaho","return_normal","Past",2021-01-14,"cumulative_all_infections",440145,440145,440145,440145,440145,440145,440145,440145
"Idaho","status_quo","Past",2021-01-14,"cumulative_all_infections",440145,440145,440145,440145,440145,440145,440145,440145
"Idaho","linear_increase_sd","Past",2021-01-14,"cumulative_cases",160364,160364,160364,160364,160364,160364,160364,160364
"Idaho","return_normal","Past",2021-01-14,"cumulative_cases",160364,160364,160364,160364,160364,160364,160364,160364
"Idaho","status_quo","Past",2021-01-14,"cumulative_cases",160364,160364,160364,160364,160364,160364,160364,160364
"Idaho","linear_increase_sd","Past",2021-01-14,"cumulative_deaths",2055,2055,2055,2055,2055,2055,2055,2055
"Idaho","return_normal","Past",2021-01-14,"cumulative_deaths",2055,2055,2055,2055,2055,2055,2055,2055
"Idaho","status_quo","Past",2021-01-14,"cumulative_deaths",2055,2055,2055,2055,2055,2055,2055,2055
"Idaho","linear_increase_sd","Past",2021-01-14,"cumulative_hosps",18687,18687,18687,18687,18687,18687,18687,18687
"Idaho","return_normal","Past",2021-01-14,"cumulative_hosps",18687,18687,18687,18687,18687,18687,18687,18687
"Idaho","status_quo","Past",2021-01-14,"cumulative_hosps",18687,18687,18687,18687,18687,18687,18687,18687
"Idaho","linear_increase_sd","Past",2021-01-14,"daily_all_infections",1246,1246,1246,1246,1246,1246,1246,1246
"Idaho","return_normal","Past",2021-01-14,"daily_all_infections",1246,1246,1246,1246,1246,1246,1246,1246
"Idaho","status_quo","Past",2021-01-14,"daily_all_infections",1246,1246,1246,1246,1246,1246,1246,1246
"Idaho","linear_increase_sd","Past",2021-01-14,"daily_cases",629,629,629,629,629,629,629,629
"Idaho","return_normal","Past",2021-01-14,"daily_cases",629,629,629,629,629,629,629,629
"Idaho","status_quo","Past",2021-01-14,"daily_cases",629,629,629,629,629,629,629,629
"Idaho","linear_increase_sd","Past",2021-01-14,"daily_deaths",8,8,8,8,8,8,8,8
"Idaho","return_normal","Past",2021-01-14,"daily_deaths",8,8,8,8,8,8,8,8
"Idaho","status_quo","Past",2021-01-14,"daily_deaths",8,8,8,8,8,8,8,8
"Idaho","linear_increase_sd","Past",2021-01-14,"daily_hosps",93,93,93,93,93,93,93,93
"Idaho","return_normal","Past",2021-01-14,"daily_hosps",93,93,93,93,93,93,93,93
"Idaho","status_quo","Past",2021-01-14,"daily_hosps",93,93,93,93,93,93,93,93
"Idaho","linear_increase_sd","Past",2021-01-14,"latent_trend",NA,NA,NA,0.501297856624031,NA,NA,NA,NA
"Idaho","return_normal","Past",2021-01-14,"latent_trend",NA,NA,NA,0.501297856624031,NA,NA,NA,NA
"Idaho","status_quo","Past",2021-01-14,"latent_trend",NA,NA,NA,0.501297856624031,NA,NA,NA,NA
"Idaho","linear_increase_sd","Past",2021-01-14,"mobility_trend",NA,NA,NA,0.687023654815874,NA,NA,NA,NA
"Idaho","return_normal","Past",2021-01-14,"mobility_trend",NA,NA,NA,0.687023654815874,NA,NA,NA,NA
"Idaho","status_quo","Past",2021-01-14,"mobility_trend",NA,NA,NA,0.687023654815874,NA,NA,NA,NA
"Idaho",NA,"Past",2021-01-15,"actual_cumulative_cases",NA,NA,NA,153358,NA,NA,NA,NA
"Idaho",NA,"Past",2021-01-15,"actual_cumulative_deaths",NA,NA,NA,1593,NA,NA,NA,NA
"Idaho",NA,"Past",2021-01-15,"actual_daily_cases",NA,NA,NA,994,NA,NA,NA,NA
"Idaho",NA,"Past",2021-01-15,"actual_daily_deaths",NA,NA,NA,27,NA,NA,NA,NA
"Idaho","linear_increase_sd","Past",2021-01-15,"combined_trend",NA,NA,NA,0.345322702774217,NA,NA,NA,NA
"Idaho","return_normal","Past",2021-01-15,"combined_trend",NA,NA,NA,0.345322702774217,NA,NA,NA,NA
"Idaho","status_quo","Past",2021-01-15,"combined_trend",NA,NA,NA,0.345322702774217,NA,NA,NA,NA
"Idaho","linear_increase_sd","Past",2021-01-15,"cumulative_all_infections",441341,441341,441341,441341,441341,441341,441341,441341
"Idaho","return_normal","Past",2021-01-15,"cumulative_all_infections",441341,441341,441341,441341,441341,441341,441341,441341
"Idaho","status_quo","Past",2021-01-15,"cumulative_all_infections",441341,441341,441341,441341,441341,441341,441341,441341
"Idaho","linear_increase_sd","Past",2021-01-15,"cumulative_cases",160943,160943,160943,160943,160943,160943,160943,160943
"Idaho","return_normal","Past",2021-01-15,"cumulative_cases",160943,160943,160943,160943,160943,160943,160943,160943
"Idaho","status_quo","Past",2021-01-15,"cumulative_cases",160943,160943,160943,160943,160943,160943,160943,160943
"Idaho","linear_increase_sd","Past",2021-01-15,"cumulative_deaths",2063,2063,2063,2063,2063,2063,2063,2063
"Idaho","return_normal","Past",2021-01-15,"cumulative_deaths",2063,2063,2063,2063,2063,2063,2063,2063
"Idaho","status_quo","Past",2021-01-15,"cumulative_deaths",2063,2063,2063,2063,2063,2063,2063,2063
"Idaho","linear_increase_sd","Past",2021-01-15,"cumulative_hosps",18776,18776,18776,18776,18776,18776,18776,18776
"Idaho","return_normal","Past",2021-01-15,"cumulative_hosps",18776,18776,18776,18776,18776,18776,18776,18776
"Idaho","status_quo","Past",2021-01-15,"cumulative_hosps",18776,18776,18776,18776,18776,18776,18776,18776
"Idaho","linear_increase_sd","Past",2021-01-15,"daily_all_infections",1196,1196,1196,1196,1196,1196,1196,1196
"Idaho","return_normal","Past",2021-01-15,"daily_all_infections",1196,1196,1196,1196,1196,1196,1196,1196
"Idaho","status_quo","Past",2021-01-15,"daily_all_infections",1196,1196,1196,1196,1196,1196,1196,1196
"Idaho","linear_increase_sd","Past",2021-01-15,"daily_cases",579,579,579,579,579,579,579,579
"Idaho","return_normal","Past",2021-01-15,"daily_cases",579,579,579,579,579,579,579,579
"Idaho","status_quo","Past",2021-01-15,"daily_cases",579,579,579,579,579,579,579,579
"Idaho","linear_increase_sd","Past",2021-01-15,"daily_deaths",8,8,8,8,8,8,8,8
"Idaho","return_normal","Past",2021-01-15,"daily_deaths",8,8,8,8,8,8,8,8
"Idaho","status_quo","Past",2021-01-15,"daily_deaths",8,8,8,8,8,8,8,8
"Idaho","linear_increase_sd","Past",2021-01-15,"daily_hosps",89,89,89,89,89,89,89,89
"Idaho","return_normal","Past",2021-01-15,"daily_hosps",89,89,89,89,89,89,89,89
"Idaho","status_quo","Past",2021-01-15,"daily_hosps",89,89,89,89,89,89,89,89
"Idaho","linear_increase_sd","Past",2021-01-15,"latent_trend",NA,NA,NA,0.503875008949663,NA,NA,NA,NA
"Idaho","return_normal","Past",2021-01-15,"latent_trend",NA,NA,NA,0.503875008949663,NA,NA,NA,NA
"Idaho","status_quo","Past",2021-01-15,"latent_trend",NA,NA,NA,0.503875008949663,NA,NA,NA,NA
"Idaho","linear_increase_sd","Past",2021-01-15,"mobility_trend",NA,NA,NA,0.685334054360125,NA,NA,NA,NA
"Idaho","return_normal","Past",2021-01-15,"mobility_trend",NA,NA,NA,0.685334054360125,NA,NA,NA,NA
"Idaho","status_quo","Past",2021-01-15,"mobility_trend",NA,NA,NA,0.685334054360125,NA,NA,NA,NA
"Idaho",NA,"Past",2021-01-16,"actual_cumulative_cases",NA,NA,NA,154470,NA,NA,NA,NA
"Idaho",NA,"Past",2021-01-16,"actual_cumulative_deaths",NA,NA,NA,1605,NA,NA,NA,NA
"Idaho",NA,"Past",2021-01-16,"actual_daily_cases",NA,NA,NA,1112,NA,NA,NA,NA
"Idaho",NA,"Past",2021-01-16,"actual_daily_deaths",NA,NA,NA,12,NA,NA,NA,NA
"Idaho","linear_increase_sd","Past",2021-01-16,"combined_trend",NA,NA,NA,0.346753801050806,NA,NA,NA,NA
"Idaho","return_normal","Past",2021-01-16,"combined_trend",NA,NA,NA,0.346753801050806,NA,NA,NA,NA
"Idaho","status_quo","Past",2021-01-16,"combined_trend",NA,NA,NA,0.346753801050806,NA,NA,NA,NA
"Idaho","linear_increase_sd","Past",2021-01-16,"cumulative_all_infections",442497,442497,442497,442497,442497,442497,442497,442497
"Idaho","return_normal","Past",2021-01-16,"cumulative_all_infections",442497,442497,442497,442497,442497,442497,442497,442497
"Idaho","status_quo","Past",2021-01-16,"cumulative_all_infections",442497,442497,442497,442497,442497,442497,442497,442497
"Idaho","linear_increase_sd","Past",2021-01-16,"cumulative_cases",161413,161413,161413,161413,161413,161413,161413,161413
"Idaho","return_normal","Past",2021-01-16,"cumulative_cases",161413,161413,161413,161413,161413,161413,161413,161413
"Idaho","status_quo","Past",2021-01-16,"cumulative_cases",161413,161413,161413,161413,161413,161413,161413,161413
"Idaho","linear_increase_sd","Past",2021-01-16,"cumulative_deaths",2072,2072,2072,2072,2072,2072,2072,2072
"Idaho","return_normal","Past",2021-01-16,"cumulative_deaths",2072,2072,2072,2072,2072,2072,2072,2072
"Idaho","status_quo","Past",2021-01-16,"cumulative_deaths",2072,2072,2072,2072,2072,2072,2072,2072
"Idaho","linear_increase_sd","Past",2021-01-16,"cumulative_hosps",18862,18862,18862,18862,18862,18862,18862,18862
"Idaho","return_normal","Past",2021-01-16,"cumulative_hosps",18862,18862,18862,18862,18862,18862,18862,18862
"Idaho","status_quo","Past",2021-01-16,"cumulative_hosps",18862,18862,18862,18862,18862,18862,18862,18862
"Idaho","linear_increase_sd","Past",2021-01-16,"daily_all_infections",1156,1156,1156,1156,1156,1156,1156,1156
"Idaho","return_normal","Past",2021-01-16,"daily_all_infections",1156,1156,1156,1156,1156,1156,1156,1156
"Idaho","status_quo","Past",2021-01-16,"daily_all_infections",1156,1156,1156,1156,1156,1156,1156,1156
"Idaho","linear_increase_sd","Past",2021-01-16,"daily_cases",470,470,470,470,470,470,470,470
"Idaho","return_normal","Past",2021-01-16,"daily_cases",470,470,470,470,470,470,470,470
"Idaho","status_quo","Past",2021-01-16,"daily_cases",470,470,470,470,470,470,470,470
"Idaho","linear_increase_sd","Past",2021-01-16,"daily_deaths",9,9,9,9,9,9,9,9
"Idaho","return_normal","Past",2021-01-16,"daily_deaths",9,9,9,9,9,9,9,9
"Idaho","status_quo","Past",2021-01-16,"daily_deaths",9,9,9,9,9,9,9,9
"Idaho","linear_increase_sd","Past",2021-01-16,"daily_hosps",86,86,86,86,86,86,86,86
"Idaho","return_normal","Past",2021-01-16,"daily_hosps",86,86,86,86,86,86,86,86
"Idaho","status_quo","Past",2021-01-16,"daily_hosps",86,86,86,86,86,86,86,86
"Idaho","linear_increase_sd","Past",2021-01-16,"latent_trend",NA,NA,NA,0.50717572966221,NA,NA,NA,NA
"Idaho","return_normal","Past",2021-01-16,"latent_trend",NA,NA,NA,0.50717572966221,NA,NA,NA,NA
"Idaho","status_quo","Past",2021-01-16,"latent_trend",NA,NA,NA,0.50717572966221,NA,NA,NA,NA
"Idaho","linear_increase_sd","Past",2021-01-16,"mobility_trend",NA,NA,NA,0.683695572896895,NA,NA,NA,NA
"Idaho","return_normal","Past",2021-01-16,"mobility_trend",NA,NA,NA,0.683695572896895,NA,NA,NA,NA
"Idaho","status_quo","Past",2021-01-16,"mobility_trend",NA,NA,NA,0.683695572896895,NA,NA,NA,NA
"Idaho",NA,"Past",2021-01-17,"actual_cumulative_cases",NA,NA,NA,155276,NA,NA,NA,NA
"Idaho",NA,"Past",2021-01-17,"actual_cumulative_deaths",NA,NA,NA,1607,NA,NA,NA,NA
"Idaho",NA,"Past",2021-01-17,"actual_daily_cases",NA,NA,NA,806,NA,NA,NA,NA
"Idaho",NA,"Past",2021-01-17,"actual_daily_deaths",NA,NA,NA,2,NA,NA,NA,NA
"Idaho","linear_increase_sd","Past",2021-01-17,"combined_trend",NA,NA,NA,0.348706534921955,NA,NA,NA,NA
"Idaho","return_normal","Past",2021-01-17,"combined_trend",NA,NA,NA,0.348706534921955,NA,NA,NA,NA
"Idaho","status_quo","Past",2021-01-17,"combined_trend",NA,NA,NA,0.348706534921955,NA,NA,NA,NA
"Idaho","linear_increase_sd","Past",2021-01-17,"cumulative_all_infections",443609,443609,443609,443609,443609,443609,443609,443609
"Idaho","return_normal","Past",2021-01-17,"cumulative_all_infections",443609,443609,443609,443609,443609,443609,443609,443609
"Idaho","status_quo","Past",2021-01-17,"cumulative_all_infections",443609,443609,443609,443609,443609,443609,443609,443609
"Idaho","linear_increase_sd","Past",2021-01-17,"cumulative_cases",161922,161922,161922,161922,161922,161922,161922,161922
"Idaho","return_normal","Past",2021-01-17,"cumulative_cases",161922,161922,161922,161922,161922,161922,161922,161922
"Idaho","status_quo","Past",2021-01-17,"cumulative_cases",161922,161922,161922,161922,161922,161922,161922,161922
"Idaho","linear_increase_sd","Past",2021-01-17,"cumulative_deaths",2080,2080,2080,2080,2080,2080,2080,2080
"Idaho","return_normal","Past",2021-01-17,"cumulative_deaths",2080,2080,2080,2080,2080,2080,2080,2080
"Idaho","status_quo","Past",2021-01-17,"cumulative_deaths",2080,2080,2080,2080,2080,2080,2080,2080
"Idaho","linear_increase_sd","Past",2021-01-17,"cumulative_hosps",18947,18947,18947,18947,18947,18947,18947,18947
"Idaho","return_normal","Past",2021-01-17,"cumulative_hosps",18947,18947,18947,18947,18947,18947,18947,18947
"Idaho","status_quo","Past",2021-01-17,"cumulative_hosps",18947,18947,18947,18947,18947,18947,18947,18947
"Idaho","linear_increase_sd","Past",2021-01-17,"daily_all_infections",1112,1112,1112,1112,1112,1112,1112,1112
"Idaho","return_normal","Past",2021-01-17,"daily_all_infections",1112,1112,1112,1112,1112,1112,1112,1112
"Idaho","status_quo","Past",2021-01-17,"daily_all_infections",1112,1112,1112,1112,1112,1112,1112,1112
"Idaho","linear_increase_sd","Past",2021-01-17,"daily_cases",509,509,509,509,509,509,509,509
"Idaho","return_normal","Past",2021-01-17,"daily_cases",509,509,509,509,509,509,509,509
"Idaho","status_quo","Past",2021-01-17,"daily_cases",509,509,509,509,509,509,509,509
"Idaho","linear_increase_sd","Past",2021-01-17,"daily_deaths",8,8,8,8,8,8,8,8
"Idaho","return_normal","Past",2021-01-17,"daily_deaths",8,8,8,8,8,8,8,8
"Idaho","status_quo","Past",2021-01-17,"daily_deaths",8,8,8,8,8,8,8,8
"Idaho","linear_increase_sd","Past",2021-01-17,"daily_hosps",85,85,85,85,85,85,85,85
"Idaho","return_normal","Past",2021-01-17,"daily_hosps",85,85,85,85,85,85,85,85
"Idaho","status_quo","Past",2021-01-17,"daily_hosps",85,85,85,85,85,85,85,85
"Idaho","linear_increase_sd","Past",2021-01-17,"latent_trend",NA,NA,NA,0.511209572728076,NA,NA,NA,NA
"Idaho","return_normal","Past",2021-01-17,"latent_trend",NA,NA,NA,0.511209572728076,NA,NA,NA,NA
"Idaho","status_quo","Past",2021-01-17,"latent_trend",NA,NA,NA,0.511209572728076,NA,NA,NA,NA
"Idaho","linear_increase_sd","Past",2021-01-17,"mobility_trend",NA,NA,NA,0.682120510891606,NA,NA,NA,NA
"Idaho","return_normal","Past",2021-01-17,"mobility_trend",NA,NA,NA,0.682120510891606,NA,NA,NA,NA
"Idaho","status_quo","Past",2021-01-17,"mobility_trend",NA,NA,NA,0.682120510891606,NA,NA,NA,NA
"Idaho",NA,"Past",2021-01-18,"actual_cumulative_cases",NA,NA,NA,155554,NA,NA,NA,NA
"Idaho",NA,"Past",2021-01-18,"actual_cumulative_deaths",NA,NA,NA,1609,NA,NA,NA,NA
"Idaho",NA,"Past",2021-01-18,"actual_daily_cases",NA,NA,NA,278,NA,NA,NA,NA
"Idaho",NA,"Past",2021-01-18,"actual_daily_deaths",NA,NA,NA,2,NA,NA,NA,NA
"Idaho","linear_increase_sd","Past",2021-01-18,"combined_trend",NA,NA,NA,0.351147498009944,NA,NA,NA,NA
"Idaho","return_normal","Past",2021-01-18,"combined_trend",NA,NA,NA,0.351147498009944,NA,NA,NA,NA
"Idaho","status_quo","Past",2021-01-18,"combined_trend",NA,NA,NA,0.351147498009944,NA,NA,NA,NA
"Idaho","linear_increase_sd","Past",2021-01-18,"cumulative_all_infections",444683,444683,444683,444683,444683,444683,444683,444683
"Idaho","return_normal","Past",2021-01-18,"cumulative_all_infections",444683,444683,444683,444683,444683,444683,444683,444683
"Idaho","status_quo","Past",2021-01-18,"cumulative_all_infections",444683,444683,444683,444683,444683,444683,444683,444683
"Idaho","linear_increase_sd","Past",2021-01-18,"cumulative_cases",162433,162433,162433,162433,162433,162433,162433,162433
"Idaho","return_normal","Past",2021-01-18,"cumulative_cases",162433,162433,162433,162433,162433,162433,162433,162433
"Idaho","status_quo","Past",2021-01-18,"cumulative_cases",162433,162433,162433,162433,162433,162433,162433,162433
"Idaho","linear_increase_sd","Past",2021-01-18,"cumulative_deaths",2088,2088,2088,2088,2088,2088,2088,2088
"Idaho","return_normal","Past",2021-01-18,"cumulative_deaths",2088,2088,2088,2088,2088,2088,2088,2088
"Idaho","status_quo","Past",2021-01-18,"cumulative_deaths",2088,2088,2088,2088,2088,2088,2088,2088
"Idaho","linear_increase_sd","Past",2021-01-18,"cumulative_hosps",19028,19028,19028,19028,19028,19028,19028,19028
"Idaho","return_normal","Past",2021-01-18,"cumulative_hosps",19028,19028,19028,19028,19028,19028,19028,19028
"Idaho","status_quo","Past",2021-01-18,"cumulative_hosps",19028,19028,19028,19028,19028,19028,19028,19028
"Idaho","linear_increase_sd","Past",2021-01-18,"daily_all_infections",1074,1074,1074,1074,1074,1074,1074,1074
"Idaho","return_normal","Past",2021-01-18,"daily_all_infections",1074,1074,1074,1074,1074,1074,1074,1074
"Idaho","status_quo","Past",2021-01-18,"daily_all_infections",1074,1074,1074,1074,1074,1074,1074,1074
"Idaho","linear_increase_sd","Past",2021-01-18,"daily_cases",511,511,511,511,511,511,511,511
"Idaho","return_normal","Past",2021-01-18,"daily_cases",511,511,511,511,511,511,511,511
"Idaho","status_quo","Past",2021-01-18,"daily_cases",511,511,511,511,511,511,511,511
"Idaho","linear_increase_sd","Past",2021-01-18,"daily_deaths",8,8,8,8,8,8,8,8
"Idaho","return_normal","Past",2021-01-18,"daily_deaths",8,8,8,8,8,8,8,8
"Idaho","status_quo","Past",2021-01-18,"daily_deaths",8,8,8,8,8,8,8,8
"Idaho","linear_increase_sd","Past",2021-01-18,"daily_hosps",81,81,81,81,81,81,81,81
"Idaho","return_normal","Past",2021-01-18,"daily_hosps",81,81,81,81,81,81,81,81
"Idaho","status_quo","Past",2021-01-18,"daily_hosps",81,81,81,81,81,81,81,81
"Idaho","linear_increase_sd","Past",2021-01-18,"latent_trend",NA,NA,NA,0.51591919441672,NA,NA,NA,NA
"Idaho","return_normal","Past",2021-01-18,"latent_trend",NA,NA,NA,0.51591919441672,NA,NA,NA,NA
"Idaho","status_quo","Past",2021-01-18,"latent_trend",NA,NA,NA,0.51591919441672,NA,NA,NA,NA
"Idaho","linear_increase_sd","Past",2021-01-18,"mobility_trend",NA,NA,NA,0.680624992847842,NA,NA,NA,NA
"Idaho","return_normal","Past",2021-01-18,"mobility_trend",NA,NA,NA,0.680624992847842,NA,NA,NA,NA
"Idaho","status_quo","Past",2021-01-18,"mobility_trend",NA,NA,NA,0.680624992847842,NA,NA,NA,NA
"Idaho",NA,"Past",2021-01-19,"actual_cumulative_cases",NA,NA,NA,155554,NA,NA,NA,NA
"Idaho",NA,"Past",2021-01-19,"actual_cumulative_deaths",NA,NA,NA,1609,NA,NA,NA,NA
"Idaho",NA,"Past",2021-01-19,"actual_daily_cases",NA,NA,NA,0,NA,NA,NA,NA
"Idaho",NA,"Past",2021-01-19,"actual_daily_deaths",NA,NA,NA,0,NA,NA,NA,NA
"Idaho","linear_increase_sd","Past",2021-01-19,"combined_trend",NA,NA,NA,0.354044476419577,NA,NA,NA,NA
"Idaho","return_normal","Past",2021-01-19,"combined_trend",NA,NA,NA,0.354044476419577,NA,NA,NA,NA
"Idaho","status_quo","Past",2021-01-19,"combined_trend",NA,NA,NA,0.354044476419577,NA,NA,NA,NA
"Idaho","linear_increase_sd","Past",2021-01-19,"cumulative_all_infections",445718,445718,445718,445718,445718,445718,445718,445718
"Idaho","return_normal","Past",2021-01-19,"cumulative_all_infections",445718,445718,445718,445718,445718,445718,445718,445718
"Idaho","status_quo","Past",2021-01-19,"cumulative_all_infections",445718,445718,445718,445718,445718,445718,445718,445718
"Idaho","linear_increase_sd","Past",2021-01-19,"cumulative_cases",162952,162952,162952,162952,162952,162952,162952,162952
"Idaho","return_normal","Past",2021-01-19,"cumulative_cases",162952,162952,162952,162952,162952,162952,162952,162952
"Idaho","status_quo","Past",2021-01-19,"cumulative_cases",162952,162952,162952,162952,162952,162952,162952,162952
"Idaho","linear_increase_sd","Past",2021-01-19,"cumulative_deaths",2095,2095,2095,2095,2095,2095,2095,2095
"Idaho","return_normal","Past",2021-01-19,"cumulative_deaths",2095,2095,2095,2095,2095,2095,2095,2095
"Idaho","status_quo","Past",2021-01-19,"cumulative_deaths",2095,2095,2095,2095,2095,2095,2095,2095
"Idaho","linear_increase_sd","Past",2021-01-19,"cumulative_hosps",19104,19104,19104,19104,19104,19104,19104,19104
"Idaho","return_normal","Past",2021-01-19,"cumulative_hosps",19104,19104,19104,19104,19104,19104,19104,19104
"Idaho","status_quo","Past",2021-01-19,"cumulative_hosps",19104,19104,19104,19104,19104,19104,19104,19104
"Idaho","linear_increase_sd","Past",2021-01-19,"daily_all_infections",1035,1035,1035,1035,1035,1035,1035,1035
"Idaho","return_normal","Past",2021-01-19,"daily_all_infections",1035,1035,1035,1035,1035,1035,1035,1035
"Idaho","status_quo","Past",2021-01-19,"daily_all_infections",1035,1035,1035,1035,1035,1035,1035,1035
"Idaho","linear_increase_sd","Past",2021-01-19,"daily_cases",519,519,519,519,519,519,519,519
"Idaho","return_normal","Past",2021-01-19,"daily_cases",519,519,519,519,519,519,519,519
"Idaho","status_quo","Past",2021-01-19,"daily_cases",519,519,519,519,519,519,519,519
"Idaho","linear_increase_sd","Past",2021-01-19,"daily_deaths",7,7,7,7,7,7,7,7
"Idaho","return_normal","Past",2021-01-19,"daily_deaths",7,7,7,7,7,7,7,7
"Idaho","status_quo","Past",2021-01-19,"daily_deaths",7,7,7,7,7,7,7,7
"Idaho","linear_increase_sd","Past",2021-01-19,"daily_hosps",76,76,76,76,76,76,76,76
"Idaho","return_normal","Past",2021-01-19,"daily_hosps",76,76,76,76,76,76,76,76
"Idaho","status_quo","Past",2021-01-19,"daily_hosps",76,76,76,76,76,76,76,76
"Idaho","linear_increase_sd","Past",2021-01-19,"latent_trend",NA,NA,NA,0.521235862695283,NA,NA,NA,NA
"Idaho","return_normal","Past",2021-01-19,"latent_trend",NA,NA,NA,0.521235862695283,NA,NA,NA,NA
"Idaho","status_quo","Past",2021-01-19,"latent_trend",NA,NA,NA,0.521235862695283,NA,NA,NA,NA
"Idaho","linear_increase_sd","Past",2021-01-19,"mobility_trend",NA,NA,NA,0.679240439421862,NA,NA,NA,NA
"Idaho","return_normal","Past",2021-01-19,"mobility_trend",NA,NA,NA,0.679240439421862,NA,NA,NA,NA
"Idaho","status_quo","Past",2021-01-19,"mobility_trend",NA,NA,NA,0.679240439421862,NA,NA,NA,NA
"Idaho",NA,"Past",2021-01-20,"actual_cumulative_cases",NA,NA,NA,156778,NA,NA,NA,NA
"Idaho",NA,"Past",2021-01-20,"actual_cumulative_deaths",NA,NA,NA,1639,NA,NA,NA,NA
"Idaho",NA,"Past",2021-01-20,"actual_daily_cases",NA,NA,NA,1224,NA,NA,NA,NA
"Idaho",NA,"Past",2021-01-20,"actual_daily_deaths",NA,NA,NA,30,NA,NA,NA,NA
"Idaho","linear_increase_sd","Past",2021-01-20,"combined_trend",NA,NA,NA,0.357368225715044,NA,NA,NA,NA
"Idaho","return_normal","Past",2021-01-20,"combined_trend",NA,NA,NA,0.357368225715044,NA,NA,NA,NA
"Idaho","status_quo","Past",2021-01-20,"combined_trend",NA,NA,NA,0.357368225715044,NA,NA,NA,NA
"Idaho","linear_increase_sd","Past",2021-01-20,"cumulative_all_infections",446724,446724,446724,446724,446724,446724,446724,446724
"Idaho","return_normal","Past",2021-01-20,"cumulative_all_infections",446724,446724,446724,446724,446724,446724,446724,446724
"Idaho","status_quo","Past",2021-01-20,"cumulative_all_infections",446724,446724,446724,446724,446724,446724,446724,446724
"Idaho","linear_increase_sd","Past",2021-01-20,"cumulative_cases",163398,163398,163398,163398,163398,163398,163398,163398
"Idaho","return_normal","Past",2021-01-20,"cumulative_cases",163398,163398,163398,163398,163398,163398,163398,163398
"Idaho","status_quo","Past",2021-01-20,"cumulative_cases",163398,163398,163398,163398,163398,163398,163398,163398
"Idaho","linear_increase_sd","Past",2021-01-20,"cumulative_deaths",2103,2103,2103,2103,2103,2103,2103,2103
"Idaho","return_normal","Past",2021-01-20,"cumulative_deaths",2103,2103,2103,2103,2103,2103,2103,2103
"Idaho","status_quo","Past",2021-01-20,"cumulative_deaths",2103,2103,2103,2103,2103,2103,2103,2103
"Idaho","linear_increase_sd","Past",2021-01-20,"cumulative_hosps",19178,19178,19178,19178,19178,19178,19178,19178
"Idaho","return_normal","Past",2021-01-20,"cumulative_hosps",19178,19178,19178,19178,19178,19178,19178,19178
"Idaho","status_quo","Past",2021-01-20,"cumulative_hosps",19178,19178,19178,19178,19178,19178,19178,19178
"Idaho","linear_increase_sd","Past",2021-01-20,"daily_all_infections",1006,1006,1006,1006,1006,1006,1006,1006
"Idaho","return_normal","Past",2021-01-20,"daily_all_infections",1006,1006,1006,1006,1006,1006,1006,1006
"Idaho","status_quo","Past",2021-01-20,"daily_all_infections",1006,1006,1006,1006,1006,1006,1006,1006
"Idaho","linear_increase_sd","Past",2021-01-20,"daily_cases",446,446,446,446,446,446,446,446
"Idaho","return_normal","Past",2021-01-20,"daily_cases",446,446,446,446,446,446,446,446
"Idaho","status_quo","Past",2021-01-20,"daily_cases",446,446,446,446,446,446,446,446
"Idaho","linear_increase_sd","Past",2021-01-20,"daily_deaths",8,8,8,8,8,8,8,8
"Idaho","return_normal","Past",2021-01-20,"daily_deaths",8,8,8,8,8,8,8,8
"Idaho","status_quo","Past",2021-01-20,"daily_deaths",8,8,8,8,8,8,8,8
"Idaho","linear_increase_sd","Past",2021-01-20,"daily_hosps",74,74,74,74,74,74,74,74
"Idaho","return_normal","Past",2021-01-20,"daily_hosps",74,74,74,74,74,74,74,74
"Idaho","status_quo","Past",2021-01-20,"daily_hosps",74,74,74,74,74,74,74,74
"Idaho","linear_increase_sd","Past",2021-01-20,"latent_trend",NA,NA,NA,0.527090149408243,NA,NA,NA,NA
"Idaho","return_normal","Past",2021-01-20,"latent_trend",NA,NA,NA,0.527090149408243,NA,NA,NA,NA
"Idaho","status_quo","Past",2021-01-20,"latent_trend",NA,NA,NA,0.527090149408243,NA,NA,NA,NA
"Idaho","linear_increase_sd","Past",2021-01-20,"mobility_trend",NA,NA,NA,0.678002095308093,NA,NA,NA,NA
"Idaho","return_normal","Past",2021-01-20,"mobility_trend",NA,NA,NA,0.678002095308093,NA,NA,NA,NA
"Idaho","status_quo","Past",2021-01-20,"mobility_trend",NA,NA,NA,0.678002095308093,NA,NA,NA,NA
"Idaho",NA,"Past",2021-01-21,"actual_cumulative_cases",NA,NA,NA,157588,NA,NA,NA,NA
"Idaho",NA,"Past",2021-01-21,"actual_cumulative_deaths",NA,NA,NA,1639,NA,NA,NA,NA
"Idaho",NA,"Past",2021-01-21,"actual_daily_cases",NA,NA,NA,810,NA,NA,NA,NA
"Idaho",NA,"Past",2021-01-21,"actual_daily_deaths",NA,NA,NA,NA,NA,NA,NA,NA
"Idaho","linear_increase_sd","Past",2021-01-21,"combined_trend",NA,NA,NA,0.361088077819538,NA,NA,NA,NA
"Idaho","return_normal","Past",2021-01-21,"combined_trend",NA,NA,NA,0.361088077819538,NA,NA,NA,NA
"Idaho","status_quo","Past",2021-01-21,"combined_trend",NA,NA,NA,0.361088077819538,NA,NA,NA,NA
"Idaho","linear_increase_sd","Past",2021-01-21,"cumulative_all_infections",447703,447703,447703,447703,447703,447703,447703,447703
"Idaho","return_normal","Past",2021-01-21,"cumulative_all_infections",447703,447703,447703,447703,447703,447703,447703,447703
"Idaho","status_quo","Past",2021-01-21,"cumulative_all_infections",447703,447703,447703,447703,447703,447703,447703,447703
"Idaho","linear_increase_sd","Past",2021-01-21,"cumulative_cases",163922,163922,163922,163922,163922,163922,163922,163922
"Idaho","return_normal","Past",2021-01-21,"cumulative_cases",163922,163922,163922,163922,163922,163922,163922,163922
"Idaho","status_quo","Past",2021-01-21,"cumulative_cases",163922,163922,163922,163922,163922,163922,163922,163922
"Idaho","linear_increase_sd","Past",2021-01-21,"cumulative_deaths",2110,2110,2110,2110,2110,2110,2110,2110
"Idaho","return_normal","Past",2021-01-21,"cumulative_deaths",2110,2110,2110,2110,2110,2110,2110,2110
"Idaho","status_quo","Past",2021-01-21,"cumulative_deaths",2110,2110,2110,2110,2110,2110,2110,2110
"Idaho","linear_increase_sd","Past",2021-01-21,"cumulative_hosps",19249,19249,19249,19249,19249,19249,19249,19249
"Idaho","return_normal","Past",2021-01-21,"cumulative_hosps",19249,19249,19249,19249,19249,19249,19249,19249
"Idaho","status_quo","Past",2021-01-21,"cumulative_hosps",19249,19249,19249,19249,19249,19249,19249,19249
"Idaho","linear_increase_sd","Past",2021-01-21,"daily_all_infections",979,979,979,979,979,979,979,979
"Idaho","return_normal","Past",2021-01-21,"daily_all_infections",979,979,979,979,979,979,979,979
"Idaho","status_quo","Past",2021-01-21,"daily_all_infections",979,979,979,979,979,979,979,979
"Idaho","linear_increase_sd","Past",2021-01-21,"daily_cases",524,524,524,524,524,524,524,524
"Idaho","return_normal","Past",2021-01-21,"daily_cases",524,524,524,524,524,524,524,524
"Idaho","status_quo","Past",2021-01-21,"daily_cases",524,524,524,524,524,524,524,524
"Idaho","linear_increase_sd","Past",2021-01-21,"daily_deaths",7,7,7,7,7,7,7,7
"Idaho","return_normal","Past",2021-01-21,"daily_deaths",7,7,7,7,7,7,7,7
"Idaho","status_quo","Past",2021-01-21,"daily_deaths",7,7,7,7,7,7,7,7
"Idaho","linear_increase_sd","Past",2021-01-21,"daily_hosps",71,71,71,71,71,71,71,71
"Idaho","return_normal","Past",2021-01-21,"daily_hosps",71,71,71,71,71,71,71,71
"Idaho","status_quo","Past",2021-01-21,"daily_hosps",71,71,71,71,71,71,71,71
"Idaho","linear_increase_sd","Past",2021-01-21,"latent_trend",NA,NA,NA,0.53341193298457,NA,NA,NA,NA
"Idaho","return_normal","Past",2021-01-21,"latent_trend",NA,NA,NA,0.53341193298457,NA,NA,NA,NA
"Idaho","status_quo","Past",2021-01-21,"latent_trend",NA,NA,NA,0.53341193298457,NA,NA,NA,NA
"Idaho","linear_increase_sd","Past",2021-01-21,"mobility_trend",NA,NA,NA,0.676940382265471,NA,NA,NA,NA
"Idaho","return_normal","Past",2021-01-21,"mobility_trend",NA,NA,NA,0.676940382265471,NA,NA,NA,NA
"Idaho","status_quo","Past",2021-01-21,"mobility_trend",NA,NA,NA,0.676940382265471,NA,NA,NA,NA
"Idaho",NA,"Past",2021-01-22,"actual_cumulative_cases",NA,NA,NA,158200,NA,NA,NA,NA
"Idaho",NA,"Past",2021-01-22,"actual_cumulative_deaths",NA,NA,NA,1658,NA,NA,NA,NA
"Idaho",NA,"Past",2021-01-22,"actual_daily_cases",NA,NA,NA,612,NA,NA,NA,NA
"Idaho",NA,"Past",2021-01-22,"actual_daily_deaths",NA,NA,NA,19,NA,NA,NA,NA
"Idaho","linear_increase_sd","Past",2021-01-22,"combined_trend",NA,NA,NA,0.36516408090826,NA,NA,NA,NA
"Idaho","return_normal","Past",2021-01-22,"combined_trend",NA,NA,NA,0.36516408090826,NA,NA,NA,NA
"Idaho","status_quo","Past",2021-01-22,"combined_trend",NA,NA,NA,0.36516408090826,NA,NA,NA,NA
"Idaho","linear_increase_sd","Past",2021-01-22,"cumulative_all_infections",448649,448649,448649,448649,448649,448649,448649,448649
"Idaho","return_normal","Past",2021-01-22,"cumulative_all_infections",448649,448649,448649,448649,448649,448649,448649,448649
"Idaho","status_quo","Past",2021-01-22,"cumulative_all_infections",448649,448649,448649,448649,448649,448649,448649,448649
"Idaho","linear_increase_sd","Past",2021-01-22,"cumulative_cases",164399,164399,164399,164399,164399,164399,164399,164399
"Idaho","return_normal","Past",2021-01-22,"cumulative_cases",164399,164399,164399,164399,164399,164399,164399,164399
"Idaho","status_quo","Past",2021-01-22,"cumulative_cases",164399,164399,164399,164399,164399,164399,164399,164399
"Idaho","linear_increase_sd","Past",2021-01-22,"cumulative_deaths",2117,2117,2117,2117,2117,2117,2117,2117
"Idaho","return_normal","Past",2021-01-22,"cumulative_deaths",2117,2117,2117,2117,2117,2117,2117,2117
"Idaho","status_quo","Past",2021-01-22,"cumulative_deaths",2117,2117,2117,2117,2117,2117,2117,2117
"Idaho","linear_increase_sd","Past",2021-01-22,"cumulative_hosps",19317,19317,19317,19317,19317,19317,19317,19317
"Idaho","return_normal","Past",2021-01-22,"cumulative_hosps",19317,19317,19317,19317,19317,19317,19317,19317
"Idaho","status_quo","Past",2021-01-22,"cumulative_hosps",19317,19317,19317,19317,19317,19317,19317,19317
"Idaho","linear_increase_sd","Past",2021-01-22,"daily_all_infections",946,946,946,946,946,946,946,946
"Idaho","return_normal","Past",2021-01-22,"daily_all_infections",946,946,946,946,946,946,946,946
"Idaho","status_quo","Past",2021-01-22,"daily_all_infections",946,946,946,946,946,946,946,946
"Idaho","linear_increase_sd","Past",2021-01-22,"daily_cases",477,477,477,477,477,477,477,477
"Idaho","return_normal","Past",2021-01-22,"daily_cases",477,477,477,477,477,477,477,477
"Idaho","status_quo","Past",2021-01-22,"daily_cases",477,477,477,477,477,477,477,477
"Idaho","linear_increase_sd","Past",2021-01-22,"daily_deaths",7,7,7,7,7,7,7,7
"Idaho","return_normal","Past",2021-01-22,"daily_deaths",7,7,7,7,7,7,7,7
"Idaho","status_quo","Past",2021-01-22,"daily_deaths",7,7,7,7,7,7,7,7
"Idaho","linear_increase_sd","Past",2021-01-22,"daily_hosps",68,68,68,68,68,68,68,68
"Idaho","return_normal","Past",2021-01-22,"daily_hosps",68,68,68,68,68,68,68,68
"Idaho","status_quo","Past",2021-01-22,"daily_hosps",68,68,68,68,68,68,68,68
"Idaho","linear_increase_sd","Past",2021-01-22,"latent_trend",NA,NA,NA,0.540130473184852,NA,NA,NA,NA
"Idaho","return_normal","Past",2021-01-22,"latent_trend",NA,NA,NA,0.540130473184852,NA,NA,NA,NA
"Idaho","status_quo","Past",2021-01-22,"latent_trend",NA,NA,NA,0.540130473184852,NA,NA,NA,NA
"Idaho","linear_increase_sd","Past",2021-01-22,"mobility_trend",NA,NA,NA,0.676066430310974,NA,NA,NA,NA
"Idaho","return_normal","Past",2021-01-22,"mobility_trend",NA,NA,NA,0.676066430310974,NA,NA,NA,NA
"Idaho","status_quo","Past",2021-01-22,"mobility_trend",NA,NA,NA,0.676066430310974,NA,NA,NA,NA
"Idaho",NA,"Past",2021-01-23,"actual_cumulative_cases",NA,NA,NA,158798,NA,NA,NA,NA
"Idaho",NA,"Past",2021-01-23,"actual_cumulative_deaths",NA,NA,NA,1671,NA,NA,NA,NA
"Idaho",NA,"Past",2021-01-23,"actual_daily_cases",NA,NA,NA,598,NA,NA,NA,NA
"Idaho",NA,"Past",2021-01-23,"actual_daily_deaths",NA,NA,NA,13,NA,NA,NA,NA
"Idaho","linear_increase_sd","Past",2021-01-23,"combined_trend",NA,NA,NA,0.369554334807221,NA,NA,NA,NA
"Idaho","return_normal","Past",2021-01-23,"combined_trend",NA,NA,NA,0.369554334807221,NA,NA,NA,NA
"Idaho","status_quo","Past",2021-01-23,"combined_trend",NA,NA,NA,0.369554334807221,NA,NA,NA,NA
"Idaho","linear_increase_sd","Past",2021-01-23,"cumulative_all_infections",449574,449574,449574,449574,449574,449574,449574,449574
"Idaho","return_normal","Past",2021-01-23,"cumulative_all_infections",449574,449574,449574,449574,449574,449574,449574,449574
"Idaho","status_quo","Past",2021-01-23,"cumulative_all_infections",449574,449574,449574,449574,449574,449574,449574,449574
"Idaho","linear_increase_sd","Past",2021-01-23,"cumulative_cases",164792,164792,164792,164792,164792,164792,164792,164792
"Idaho","return_normal","Past",2021-01-23,"cumulative_cases",164792,164792,164792,164792,164792,164792,164792,164792
"Idaho","status_quo","Past",2021-01-23,"cumulative_cases",164792,164792,164792,164792,164792,164792,164792,164792
"Idaho","linear_increase_sd","Past",2021-01-23,"cumulative_deaths",2124,2124,2124,2124,2124,2124,2124,2124
"Idaho","return_normal","Past",2021-01-23,"cumulative_deaths",2124,2124,2124,2124,2124,2124,2124,2124
"Idaho","status_quo","Past",2021-01-23,"cumulative_deaths",2124,2124,2124,2124,2124,2124,2124,2124
"Idaho","linear_increase_sd","Past",2021-01-23,"cumulative_hosps",19382,19382,19382,19382,19382,19382,19382,19382
"Idaho","return_normal","Past",2021-01-23,"cumulative_hosps",19382,19382,19382,19382,19382,19382,19382,19382
"Idaho","status_quo","Past",2021-01-23,"cumulative_hosps",19382,19382,19382,19382,19382,19382,19382,19382
"Idaho","linear_increase_sd","Past",2021-01-23,"daily_all_infections",925,925,925,925,925,925,925,925
"Idaho","return_normal","Past",2021-01-23,"daily_all_infections",925,925,925,925,925,925,925,925
"Idaho","status_quo","Past",2021-01-23,"daily_all_infections",925,925,925,925,925,925,925,925
"Idaho","linear_increase_sd","Past",2021-01-23,"daily_cases",393,393,393,393,393,393,393,393
"Idaho","return_normal","Past",2021-01-23,"daily_cases",393,393,393,393,393,393,393,393
"Idaho","status_quo","Past",2021-01-23,"daily_cases",393,393,393,393,393,393,393,393
"Idaho","linear_increase_sd","Past",2021-01-23,"daily_deaths",7,7,7,7,7,7,7,7
"Idaho","return_normal","Past",2021-01-23,"daily_deaths",7,7,7,7,7,7,7,7
"Idaho","status_quo","Past",2021-01-23,"daily_deaths",7,7,7,7,7,7,7,7
"Idaho","linear_increase_sd","Past",2021-01-23,"daily_hosps",65,65,65,65,65,65,65,65
"Idaho","return_normal","Past",2021-01-23,"daily_hosps",65,65,65,65,65,65,65,65
"Idaho","status_quo","Past",2021-01-23,"daily_hosps",65,65,65,65,65,65,65,65
"Idaho","linear_increase_sd","Past",2021-01-23,"latent_trend",NA,NA,NA,0.547174557604166,NA,NA,NA,NA
"Idaho","return_normal","Past",2021-01-23,"latent_trend",NA,NA,NA,0.547174557604166,NA,NA,NA,NA
"Idaho","status_quo","Past",2021-01-23,"latent_trend",NA,NA,NA,0.547174557604166,NA,NA,NA,NA
"Idaho","linear_increase_sd","Past",2021-01-23,"mobility_trend",NA,NA,NA,0.675386546526094,NA,NA,NA,NA
"Idaho","return_normal","Past",2021-01-23,"mobility_trend",NA,NA,NA,0.675386546526094,NA,NA,NA,NA
"Idaho","status_quo","Past",2021-01-23,"mobility_trend",NA,NA,NA,0.675386546526094,NA,NA,NA,NA
"Idaho",NA,"Past",2021-01-24,"actual_cumulative_cases",NA,NA,NA,159325,NA,NA,NA,NA
"Idaho",NA,"Past",2021-01-24,"actual_cumulative_deaths",NA,NA,NA,1672,NA,NA,NA,NA
"Idaho",NA,"Past",2021-01-24,"actual_daily_cases",NA,NA,NA,527,NA,NA,NA,NA
"Idaho",NA,"Past",2021-01-24,"actual_daily_deaths",NA,NA,NA,1,NA,NA,NA,NA
"Idaho","linear_increase_sd","Past",2021-01-24,"combined_trend",NA,NA,NA,0.374217537158416,NA,NA,NA,NA
"Idaho","return_normal","Past",2021-01-24,"combined_trend",NA,NA,NA,0.374217537158416,NA,NA,NA,NA
"Idaho","status_quo","Past",2021-01-24,"combined_trend",NA,NA,NA,0.374217537158416,NA,NA,NA,NA
"Idaho","linear_increase_sd","Past",2021-01-24,"cumulative_all_infections",450466,450466,450466,450466,450466,450466,450466,450466
"Idaho","return_normal","Past",2021-01-24,"cumulative_all_infections",450466,450466,450466,450466,450466,450466,450466,450466
"Idaho","status_quo","Past",2021-01-24,"cumulative_all_infections",450466,450466,450466,450466,450466,450466,450466,450466
"Idaho","linear_increase_sd","Past",2021-01-24,"cumulative_cases",165190,165190,165190,165190,165190,165190,165190,165190
"Idaho","return_normal","Past",2021-01-24,"cumulative_cases",165190,165190,165190,165190,165190,165190,165190,165190
"Idaho","status_quo","Past",2021-01-24,"cumulative_cases",165190,165190,165190,165190,165190,165190,165190,165190
"Idaho","linear_increase_sd","Past",2021-01-24,"cumulative_deaths",2130,2130,2130,2130,2130,2130,2130,2130
"Idaho","return_normal","Past",2021-01-24,"cumulative_deaths",2130,2130,2130,2130,2130,2130,2130,2130
"Idaho","status_quo","Past",2021-01-24,"cumulative_deaths",2130,2130,2130,2130,2130,2130,2130,2130
"Idaho","linear_increase_sd","Past",2021-01-24,"cumulative_hosps",19444,19444,19444,19444,19444,19444,19444,19444
"Idaho","return_normal","Past",2021-01-24,"cumulative_hosps",19444,19444,19444,19444,19444,19444,19444,19444
"Idaho","status_quo","Past",2021-01-24,"cumulative_hosps",19444,19444,19444,19444,19444,19444,19444,19444
"Idaho","linear_increase_sd","Past",2021-01-24,"daily_all_infections",892,892,892,892,892,892,892,892
"Idaho","return_normal","Past",2021-01-24,"daily_all_infections",892,892,892,892,892,892,892,892
"Idaho","status_quo","Past",2021-01-24,"daily_all_infections",892,892,892,892,892,892,892,892
"Idaho","linear_increase_sd","Past",2021-01-24,"daily_cases",398,398,398,398,398,398,398,398
"Idaho","return_normal","Past",2021-01-24,"daily_cases",398,398,398,398,398,398,398,398
"Idaho","status_quo","Past",2021-01-24,"daily_cases",398,398,398,398,398,398,398,398
"Idaho","linear_increase_sd","Past",2021-01-24,"daily_deaths",6,6,6,6,6,6,6,6
"Idaho","return_normal","Past",2021-01-24,"daily_deaths",6,6,6,6,6,6,6,6
"Idaho","status_quo","Past",2021-01-24,"daily_deaths",6,6,6,6,6,6,6,6
"Idaho","linear_increase_sd","Past",2021-01-24,"daily_hosps",62,62,62,62,62,62,62,62
"Idaho","return_normal","Past",2021-01-24,"daily_hosps",62,62,62,62,62,62,62,62
"Idaho","status_quo","Past",2021-01-24,"daily_hosps",62,62,62,62,62,62,62,62
"Idaho","linear_increase_sd","Past",2021-01-24,"latent_trend",NA,NA,NA,0.554472714155746,NA,NA,NA,NA
"Idaho","return_normal","Past",2021-01-24,"latent_trend",NA,NA,NA,0.554472714155746,NA,NA,NA,NA
"Idaho","status_quo","Past",2021-01-24,"latent_trend",NA,NA,NA,0.554472714155746,NA,NA,NA,NA
"Idaho","linear_increase_sd","Past",2021-01-24,"mobility_trend",NA,NA,NA,0.674907037992318,NA,NA,NA,NA
"Idaho","return_normal","Past",2021-01-24,"mobility_trend",NA,NA,NA,0.674907037992318,NA,NA,NA,NA
"Idaho","status_quo","Past",2021-01-24,"mobility_trend",NA,NA,NA,0.674907037992318,NA,NA,NA,NA
"Idaho",NA,"Past",2021-01-25,"actual_cumulative_cases",NA,NA,NA,159506,NA,NA,NA,NA
"Idaho",NA,"Past",2021-01-25,"actual_cumulative_deaths",NA,NA,NA,1673,NA,NA,NA,NA
"Idaho",NA,"Past",2021-01-25,"actual_daily_cases",NA,NA,NA,181,NA,NA,NA,NA
"Idaho",NA,"Past",2021-01-25,"actual_daily_deaths",NA,NA,NA,1,NA,NA,NA,NA
"Idaho","linear_increase_sd","Past",2021-01-25,"combined_trend",NA,NA,NA,0.379110541987462,NA,NA,NA,NA
"Idaho","return_normal","Past",2021-01-25,"combined_trend",NA,NA,NA,0.379110541987462,NA,NA,NA,NA
"Idaho","status_quo","Past",2021-01-25,"combined_trend",NA,NA,NA,0.379110541987462,NA,NA,NA,NA
"Idaho","linear_increase_sd","Past",2021-01-25,"cumulative_all_infections",451349,451349,451349,451349,451349,451349,451349,451349
"Idaho","return_normal","Past",2021-01-25,"cumulative_all_infections",451349,451349,451349,451349,451349,451349,451349,451349
"Idaho","status_quo","Past",2021-01-25,"cumulative_all_infections",451349,451349,451349,451349,451349,451349,451349,451349
"Idaho","linear_increase_sd","Past",2021-01-25,"cumulative_cases",165586,165586,165586,165586,165586,165586,165586,165586
"Idaho","return_normal","Past",2021-01-25,"cumulative_cases",165586,165586,165586,165586,165586,165586,165586,165586
"Idaho","status_quo","Past",2021-01-25,"cumulative_cases",165586,165586,165586,165586,165586,165586,165586,165586
"Idaho","linear_increase_sd","Past",2021-01-25,"cumulative_deaths",2136,2136,2136,2136,2136,2136,2136,2136
"Idaho","return_normal","Past",2021-01-25,"cumulative_deaths",2136,2136,2136,2136,2136,2136,2136,2136
"Idaho","status_quo","Past",2021-01-25,"cumulative_deaths",2136,2136,2136,2136,2136,2136,2136,2136
"Idaho","linear_increase_sd","Past",2021-01-25,"cumulative_hosps",19504,19504,19504,19504,19504,19504,19504,19504
"Idaho","return_normal","Past",2021-01-25,"cumulative_hosps",19504,19504,19504,19504,19504,19504,19504,19504
"Idaho","status_quo","Past",2021-01-25,"cumulative_hosps",19504,19504,19504,19504,19504,19504,19504,19504
"Idaho","linear_increase_sd","Past",2021-01-25,"daily_all_infections",883,883,883,883,883,883,883,883
"Idaho","return_normal","Past",2021-01-25,"daily_all_infections",883,883,883,883,883,883,883,883
"Idaho","status_quo","Past",2021-01-25,"daily_all_infections",883,883,883,883,883,883,883,883
"Idaho","linear_increase_sd","Past",2021-01-25,"daily_cases",396,396,396,396,396,396,396,396
"Idaho","return_normal","Past",2021-01-25,"daily_cases",396,396,396,396,396,396,396,396
"Idaho","status_quo","Past",2021-01-25,"daily_cases",396,396,396,396,396,396,396,396
"Idaho","linear_increase_sd","Past",2021-01-25,"daily_deaths",6,6,6,6,6,6,6,6
"Idaho","return_normal","Past",2021-01-25,"daily_deaths",6,6,6,6,6,6,6,6
"Idaho","status_quo","Past",2021-01-25,"daily_deaths",6,6,6,6,6,6,6,6
"Idaho","linear_increase_sd","Past",2021-01-25,"daily_hosps",60,60,60,60,60,60,60,60
"Idaho","return_normal","Past",2021-01-25,"daily_hosps",60,60,60,60,60,60,60,60
"Idaho","status_quo","Past",2021-01-25,"daily_hosps",60,60,60,60,60,60,60,60
"Idaho","linear_increase_sd","Past",2021-01-25,"latent_trend",NA,NA,NA,0.561953478937974,NA,NA,NA,NA
"Idaho","return_normal","Past",2021-01-25,"latent_trend",NA,NA,NA,0.561953478937974,NA,NA,NA,NA
"Idaho","status_quo","Past",2021-01-25,"latent_trend",NA,NA,NA,0.561953478937974,NA,NA,NA,NA
"Idaho","linear_increase_sd","Past",2021-01-25,"mobility_trend",NA,NA,NA,0.674629762420791,NA,NA,NA,NA
"Idaho","return_normal","Past",2021-01-25,"mobility_trend",NA,NA,NA,0.674629762420791,NA,NA,NA,NA
"Idaho","status_quo","Past",2021-01-25,"mobility_trend",NA,NA,NA,0.674629762420791,NA,NA,NA,NA
"Idaho",NA,"Past",2021-01-26,"actual_cumulative_cases",NA,NA,NA,160033,NA,NA,NA,NA
"Idaho",NA,"Past",2021-01-26,"actual_cumulative_deaths",NA,NA,NA,1685,NA,NA,NA,NA
"Idaho",NA,"Past",2021-01-26,"actual_daily_cases",NA,NA,NA,527,NA,NA,NA,NA
"Idaho",NA,"Past",2021-01-26,"actual_daily_deaths",NA,NA,NA,12,NA,NA,NA,NA
"Idaho","linear_increase_sd","Past",2021-01-26,"combined_trend",NA,NA,NA,0.384180664951518,NA,NA,NA,NA
"Idaho","return_normal","Past",2021-01-26,"combined_trend",NA,NA,NA,0.384180664951518,NA,NA,NA,NA
"Idaho","status_quo","Past",2021-01-26,"combined_trend",NA,NA,NA,0.384180664951518,NA,NA,NA,NA
"Idaho","linear_increase_sd","Past",2021-01-26,"cumulative_all_infections",452208,452208,452208,452208,452208,452208,452208,452208
"Idaho","return_normal","Past",2021-01-26,"cumulative_all_infections",452208,452208,452208,452208,452208,452208,452208,452208
"Idaho","status_quo","Past",2021-01-26,"cumulative_all_infections",452208,452208,452208,452208,452208,452208,452208,452208
"Idaho","linear_increase_sd","Past",2021-01-26,"cumulative_cases",165976,165976,165976,165976,165976,165976,165976,165976
"Idaho","return_normal","Past",2021-01-26,"cumulative_cases",165976,165976,165976,165976,165976,165976,165976,165976
"Idaho","status_quo","Past",2021-01-26,"cumulative_cases",165976,165976,165976,165976,165976,165976,165976,165976
"Idaho","linear_increase_sd","Past",2021-01-26,"cumulative_deaths",2142,2142,2142,2142,2142,2142,2142,2142
"Idaho","return_normal","Past",2021-01-26,"cumulative_deaths",2142,2142,2142,2142,2142,2142,2142,2142
"Idaho","status_quo","Past",2021-01-26,"cumulative_deaths",2142,2142,2142,2142,2142,2142,2142,2142
"Idaho","linear_increase_sd","Past",2021-01-26,"cumulative_hosps",19561,19561,19561,19561,19561,19561,19561,19561
"Idaho","return_normal","Past",2021-01-26,"cumulative_hosps",19561,19561,19561,19561,19561,19561,19561,19561
"Idaho","status_quo","Past",2021-01-26,"cumulative_hosps",19561,19561,19561,19561,19561,19561,19561,19561
"Idaho","linear_increase_sd","Past",2021-01-26,"daily_all_infections",859,859,859,859,859,859,859,859
"Idaho","return_normal","Past",2021-01-26,"daily_all_infections",859,859,859,859,859,859,859,859
"Idaho","status_quo","Past",2021-01-26,"daily_all_infections",859,859,859,859,859,859,859,859
"Idaho","linear_increase_sd","Past",2021-01-26,"daily_cases",390,390,390,390,390,390,390,390
"Idaho","return_normal","Past",2021-01-26,"daily_cases",390,390,390,390,390,390,390,390
"Idaho","status_quo","Past",2021-01-26,"daily_cases",390,390,390,390,390,390,390,390
"Idaho","linear_increase_sd","Past",2021-01-26,"daily_deaths",6,6,6,6,6,6,6,6
"Idaho","return_normal","Past",2021-01-26,"daily_deaths",6,6,6,6,6,6,6,6
"Idaho","status_quo","Past",2021-01-26,"daily_deaths",6,6,6,6,6,6,6,6
"Idaho","linear_increase_sd","Past",2021-01-26,"daily_hosps",57,57,57,57,57,57,57,57
"Idaho","return_normal","Past",2021-01-26,"daily_hosps",57,57,57,57,57,57,57,57
"Idaho","status_quo","Past",2021-01-26,"daily_hosps",57,57,57,57,57,57,57,57
"Idaho","linear_increase_sd","Past",2021-01-26,"latent_trend",NA,NA,NA,0.56954570488596,NA,NA,NA,NA
"Idaho","return_normal","Past",2021-01-26,"latent_trend",NA,NA,NA,0.56954570488596,NA,NA,NA,NA
"Idaho","status_quo","Past",2021-01-26,"latent_trend",NA,NA,NA,0.56954570488596,NA,NA,NA,NA
"Idaho","linear_increase_sd","Past",2021-01-26,"mobility_trend",NA,NA,NA,0.674538780041266,NA,NA,NA,NA
"Idaho","return_normal","Past",2021-01-26,"mobility_trend",NA,NA,NA,0.674538780041266,NA,NA,NA,NA
"Idaho","status_quo","Past",2021-01-26,"mobility_trend",NA,NA,NA,0.674538780041266,NA,NA,NA,NA
"Idaho",NA,"Past",2021-01-27,"actual_cumulative_cases",NA,NA,NA,160592,NA,NA,NA,NA
"Idaho",NA,"Past",2021-01-27,"actual_cumulative_deaths",NA,NA,NA,1692,NA,NA,NA,NA
"Idaho",NA,"Past",2021-01-27,"actual_daily_cases",NA,NA,NA,559,NA,NA,NA,NA
"Idaho",NA,"Past",2021-01-27,"actual_daily_deaths",NA,NA,NA,7,NA,NA,NA,NA
"Idaho","linear_increase_sd","Past",2021-01-27,"combined_trend",NA,NA,NA,0.38937278994704,NA,NA,NA,NA
"Idaho","return_normal","Past",2021-01-27,"combined_trend",NA,NA,NA,0.38937278994704,NA,NA,NA,NA
"Idaho","status_quo","Past",2021-01-27,"combined_trend",NA,NA,NA,0.38937278994704,NA,NA,NA,NA
"Idaho","linear_increase_sd","Past",2021-01-27,"cumulative_all_infections",453051,453051,453051,453051,453051,453051,453051,453051
"Idaho","return_normal","Past",2021-01-27,"cumulative_all_infections",453051,453051,453051,453051,453051,453051,453051,453051
"Idaho","status_quo","Past",2021-01-27,"cumulative_all_infections",453051,453051,453051,453051,453051,453051,453051,453051
"Idaho","linear_increase_sd","Past",2021-01-27,"cumulative_cases",166383,166383,166383,166383,166383,166383,166383,166383
"Idaho","return_normal","Past",2021-01-27,"cumulative_cases",166383,166383,166383,166383,166383,166383,166383,166383
"Idaho","status_quo","Past",2021-01-27,"cumulative_cases",166383,166383,166383,166383,166383,166383,166383,166383
"Idaho","linear_increase_sd","Past",2021-01-27,"cumulative_deaths",2147,2147,2147,2147,2147,2147,2147,2147
"Idaho","return_normal","Past",2021-01-27,"cumulative_deaths",2147,2147,2147,2147,2147,2147,2147,2147
"Idaho","status_quo","Past",2021-01-27,"cumulative_deaths",2147,2147,2147,2147,2147,2147,2147,2147
"Idaho","linear_increase_sd","Past",2021-01-27,"cumulative_hosps",19616,19616,19616,19616,19616,19616,19616,19616
"Idaho","return_normal","Past",2021-01-27,"cumulative_hosps",19616,19616,19616,19616,19616,19616,19616,19616
"Idaho","status_quo","Past",2021-01-27,"cumulative_hosps",19616,19616,19616,19616,19616,19616,19616,19616
"Idaho","linear_increase_sd","Past",2021-01-27,"daily_all_infections",843,843,843,843,843,843,843,843
"Idaho","return_normal","Past",2021-01-27,"daily_all_infections",843,843,843,843,843,843,843,843
"Idaho","status_quo","Past",2021-01-27,"daily_all_infections",843,843,843,843,843,843,843,843
"Idaho","linear_increase_sd","Past",2021-01-27,"daily_cases",407,407,407,407,407,407,407,407
"Idaho","return_normal","Past",2021-01-27,"daily_cases",407,407,407,407,407,407,407,407
"Idaho","status_quo","Past",2021-01-27,"daily_cases",407,407,407,407,407,407,407,407
"Idaho","linear_increase_sd","Past",2021-01-27,"daily_deaths",5,5,5,5,5,5,5,5
"Idaho","return_normal","Past",2021-01-27,"daily_deaths",5,5,5,5,5,5,5,5
"Idaho","status_quo","Past",2021-01-27,"daily_deaths",5,5,5,5,5,5,5,5
"Idaho","linear_increase_sd","Past",2021-01-27,"daily_hosps",55,55,55,55,55,55,55,55
"Idaho","return_normal","Past",2021-01-27,"daily_hosps",55,55,55,55,55,55,55,55
"Idaho","status_quo","Past",2021-01-27,"daily_hosps",55,55,55,55,55,55,55,55
"Idaho","linear_increase_sd","Past",2021-01-27,"latent_trend",NA,NA,NA,0.577178893577534,NA,NA,NA,NA
"Idaho","return_normal","Past",2021-01-27,"latent_trend",NA,NA,NA,0.577178893577534,NA,NA,NA,NA
"Idaho","status_quo","Past",2021-01-27,"latent_trend",NA,NA,NA,0.577178893577534,NA,NA,NA,NA
"Idaho","linear_increase_sd","Past",2021-01-27,"mobility_trend",NA,NA,NA,0.674613701713149,NA,NA,NA,NA
"Idaho","return_normal","Past",2021-01-27,"mobility_trend",NA,NA,NA,0.674613701713149,NA,NA,NA,NA
"Idaho","status_quo","Past",2021-01-27,"mobility_trend",NA,NA,NA,0.674613701713149,NA,NA,NA,NA
"Idaho",NA,"Past",2021-01-28,"actual_cumulative_cases",NA,NA,NA,161212,NA,NA,NA,NA
"Idaho",NA,"Past",2021-01-28,"actual_cumulative_deaths",NA,NA,NA,1718,NA,NA,NA,NA
"Idaho",NA,"Past",2021-01-28,"actual_daily_cases",NA,NA,NA,620,NA,NA,NA,NA
"Idaho",NA,"Past",2021-01-28,"actual_daily_deaths",NA,NA,NA,26,NA,NA,NA,NA
"Idaho","linear_increase_sd","Past",2021-01-28,"combined_trend",NA,NA,NA,0.39463188997431,NA,NA,NA,NA
"Idaho","return_normal","Past",2021-01-28,"combined_trend",NA,NA,NA,0.39463188997431,NA,NA,NA,NA
"Idaho","status_quo","Past",2021-01-28,"combined_trend",NA,NA,NA,0.39463188997431,NA,NA,NA,NA
"Idaho","linear_increase_sd","Past",2021-01-28,"cumulative_all_infections",453879,453879,453879,453879,453879,453879,453879,453879
"Idaho","return_normal","Past",2021-01-28,"cumulative_all_infections",453879,453879,453879,453879,453879,453879,453879,453879
"Idaho","status_quo","Past",2021-01-28,"cumulative_all_infections",453879,453879,453879,453879,453879,453879,453879,453879
"Idaho","linear_increase_sd","Past",2021-01-28,"cumulative_cases",166750,166750,166750,166750,166750,166750,166750,166750
"Idaho","return_normal","Past",2021-01-28,"cumulative_cases",166750,166750,166750,166750,166750,166750,166750,166750
"Idaho","status_quo","Past",2021-01-28,"cumulative_cases",166750,166750,166750,166750,166750,166750,166750,166750
"Idaho","linear_increase_sd","Past",2021-01-28,"cumulative_deaths",2153,2153,2153,2153,2153,2153,2153,2153
"Idaho","return_normal","Past",2021-01-28,"cumulative_deaths",2153,2153,2153,2153,2153,2153,2153,2153
"Idaho","status_quo","Past",2021-01-28,"cumulative_deaths",2153,2153,2153,2153,2153,2153,2153,2153
"Idaho","linear_increase_sd","Past",2021-01-28,"cumulative_hosps",19670,19670,19670,19670,19670,19670,19670,19670
"Idaho","return_normal","Past",2021-01-28,"cumulative_hosps",19670,19670,19670,19670,19670,19670,19670,19670
"Idaho","status_quo","Past",2021-01-28,"cumulative_hosps",19670,19670,19670,19670,19670,19670,19670,19670
"Idaho","linear_increase_sd","Past",2021-01-28,"daily_all_infections",828,828,828,828,828,828,828,828
"Idaho","return_normal","Past",2021-01-28,"daily_all_infections",828,828,828,828,828,828,828,828
"Idaho","status_quo","Past",2021-01-28,"daily_all_infections",828,828,828,828,828,828,828,828
"Idaho","linear_increase_sd","Past",2021-01-28,"daily_cases",367,367,367,367,367,367,367,367
"Idaho","return_normal","Past",2021-01-28,"daily_cases",367,367,367,367,367,367,367,367
"Idaho","status_quo","Past",2021-01-28,"daily_cases",367,367,367,367,367,367,367,367
"Idaho","linear_increase_sd","Past",2021-01-28,"daily_deaths",6,6,6,6,6,6,6,6
"Idaho","return_normal","Past",2021-01-28,"daily_deaths",6,6,6,6,6,6,6,6
"Idaho","status_quo","Past",2021-01-28,"daily_deaths",6,6,6,6,6,6,6,6
"Idaho","linear_increase_sd","Past",2021-01-28,"daily_hosps",54,54,54,54,54,54,54,54
"Idaho","return_normal","Past",2021-01-28,"daily_hosps",54,54,54,54,54,54,54,54
"Idaho","status_quo","Past",2021-01-28,"daily_hosps",54,54,54,54,54,54,54,54
"Idaho","linear_increase_sd","Past",2021-01-28,"latent_trend",NA,NA,NA,0.584783530618159,NA,NA,NA,NA
"Idaho","return_normal","Past",2021-01-28,"latent_trend",NA,NA,NA,0.584783530618159,NA,NA,NA,NA
"Idaho","status_quo","Past",2021-01-28,"latent_trend",NA,NA,NA,0.584783530618159,NA,NA,NA,NA
"Idaho","linear_increase_sd","Past",2021-01-28,"mobility_trend",NA,NA,NA,0.674834138295849,NA,NA,NA,NA
"Idaho","return_normal","Past",2021-01-28,"mobility_trend",NA,NA,NA,0.674834138295849,NA,NA,NA,NA
"Idaho","status_quo","Past",2021-01-28,"mobility_trend",NA,NA,NA,0.674834138295849,NA,NA,NA,NA
"Idaho",NA,"Past",2021-01-29,"actual_cumulative_cases",NA,NA,NA,161720,NA,NA,NA,NA
"Idaho",NA,"Past",2021-01-29,"actual_cumulative_deaths",NA,NA,NA,1725,NA,NA,NA,NA
"Idaho",NA,"Past",2021-01-29,"actual_daily_cases",NA,NA,NA,508,NA,NA,NA,NA
"Idaho",NA,"Past",2021-01-29,"actual_daily_deaths",NA,NA,NA,7,NA,NA,NA,NA
"Idaho","linear_increase_sd","Past",2021-01-29,"combined_trend",NA,NA,NA,0.399903154281144,NA,NA,NA,NA
"Idaho","return_normal","Past",2021-01-29,"combined_trend",NA,NA,NA,0.399903154281144,NA,NA,NA,NA
"Idaho","status_quo","Past",2021-01-29,"combined_trend",NA,NA,NA,0.399903154281144,NA,NA,NA,NA
"Idaho","linear_increase_sd","Past",2021-01-29,"cumulative_all_infections",454685,454685,454685,454685,454685,454685,454685,454685
"Idaho","return_normal","Past",2021-01-29,"cumulative_all_infections",454685,454685,454685,454685,454685,454685,454685,454685
"Idaho","status_quo","Past",2021-01-29,"cumulative_all_infections",454685,454685,454685,454685,454685,454685,454685,454685
"Idaho","linear_increase_sd","Past",2021-01-29,"cumulative_cases",167128,167128,167128,167128,167128,167128,167128,167128
"Idaho","return_normal","Past",2021-01-29,"cumulative_cases",167128,167128,167128,167128,167128,167128,167128,167128
"Idaho","status_quo","Past",2021-01-29,"cumulative_cases",167128,167128,167128,167128,167128,167128,167128,167128
"Idaho","linear_increase_sd","Past",2021-01-29,"cumulative_deaths",2159,2159,2159,2159,2159,2159,2159,2159
"Idaho","return_normal","Past",2021-01-29,"cumulative_deaths",2159,2159,2159,2159,2159,2159,2159,2159
"Idaho","status_quo","Past",2021-01-29,"cumulative_deaths",2159,2159,2159,2159,2159,2159,2159,2159
"Idaho","linear_increase_sd","Past",2021-01-29,"cumulative_hosps",19721,19721,19721,19721,19721,19721,19721,19721
"Idaho","return_normal","Past",2021-01-29,"cumulative_hosps",19721,19721,19721,19721,19721,19721,19721,19721
"Idaho","status_quo","Past",2021-01-29,"cumulative_hosps",19721,19721,19721,19721,19721,19721,19721,19721
"Idaho","linear_increase_sd","Past",2021-01-29,"daily_all_infections",806,806,806,806,806,806,806,806
"Idaho","return_normal","Past",2021-01-29,"daily_all_infections",806,806,806,806,806,806,806,806
"Idaho","status_quo","Past",2021-01-29,"daily_all_infections",806,806,806,806,806,806,806,806
"Idaho","linear_increase_sd","Past",2021-01-29,"daily_cases",378,378,378,378,378,378,378,378
"Idaho","return_normal","Past",2021-01-29,"daily_cases",378,378,378,378,378,378,378,378
"Idaho","status_quo","Past",2021-01-29,"daily_cases",378,378,378,378,378,378,378,378
"Idaho","linear_increase_sd","Past",2021-01-29,"daily_deaths",6,6,6,6,6,6,6,6
"Idaho","return_normal","Past",2021-01-29,"daily_deaths",6,6,6,6,6,6,6,6
"Idaho","status_quo","Past",2021-01-29,"daily_deaths",6,6,6,6,6,6,6,6
"Idaho","linear_increase_sd","Past",2021-01-29,"daily_hosps",51,51,51,51,51,51,51,51
"Idaho","return_normal","Past",2021-01-29,"daily_hosps",51,51,51,51,51,51,51,51
"Idaho","status_quo","Past",2021-01-29,"daily_hosps",51,51,51,51,51,51,51,51
"Idaho","linear_increase_sd","Past",2021-01-29,"latent_trend",NA,NA,NA,0.592291404232225,NA,NA,NA,NA
"Idaho","return_normal","Past",2021-01-29,"latent_trend",NA,NA,NA,0.592291404232225,NA,NA,NA,NA
"Idaho","status_quo","Past",2021-01-29,"latent_trend",NA,NA,NA,0.592291404232225,NA,NA,NA,NA
"Idaho","linear_increase_sd","Past",2021-01-29,"mobility_trend",NA,NA,NA,0.675179736568235,NA,NA,NA,NA
"Idaho","return_normal","Past",2021-01-29,"mobility_trend",NA,NA,NA,0.675179736568235,NA,NA,NA,NA
"Idaho","status_quo","Past",2021-01-29,"mobility_trend",NA,NA,NA,0.675179736568235,NA,NA,NA,NA
"Idaho",NA,"Past",2021-01-30,"actual_cumulative_cases",NA,NA,NA,162355,NA,NA,NA,NA
"Idaho",NA,"Past",2021-01-30,"actual_cumulative_deaths",NA,NA,NA,1729,NA,NA,NA,NA
"Idaho",NA,"Past",2021-01-30,"actual_daily_cases",NA,NA,NA,635,NA,NA,NA,NA
"Idaho",NA,"Past",2021-01-30,"actual_daily_deaths",NA,NA,NA,4,NA,NA,NA,NA
"Idaho","linear_increase_sd","Past",2021-01-30,"combined_trend",NA,NA,NA,0.405132166442324,NA,NA,NA,NA
"Idaho","return_normal","Past",2021-01-30,"combined_trend",NA,NA,NA,0.405132166442324,NA,NA,NA,NA
"Idaho","status_quo","Past",2021-01-30,"combined_trend",NA,NA,NA,0.405132166442324,NA,NA,NA,NA
"Idaho","linear_increase_sd","Past",2021-01-30,"cumulative_all_infections",455493,455493,455493,455493,455493,455493,455493,455493
"Idaho","return_normal","Past",2021-01-30,"cumulative_all_infections",455493,455493,455493,455493,455493,455493,455493,455493
"Idaho","status_quo","Past",2021-01-30,"cumulative_all_infections",455493,455493,455493,455493,455493,455493,455493,455493
"Idaho","linear_increase_sd","Past",2021-01-30,"cumulative_cases",167467,167467,167467,167467,167467,167467,167467,167467
"Idaho","return_normal","Past",2021-01-30,"cumulative_cases",167467,167467,167467,167467,167467,167467,167467,167467
"Idaho","status_quo","Past",2021-01-30,"cumulative_cases",167467,167467,167467,167467,167467,167467,167467,167467
"Idaho","linear_increase_sd","Past",2021-01-30,"cumulative_deaths",2164,2164,2164,2164,2164,2164,2164,2164
"Idaho","return_normal","Past",2021-01-30,"cumulative_deaths",2164,2164,2164,2164,2164,2164,2164,2164
"Idaho","status_quo","Past",2021-01-30,"cumulative_deaths",2164,2164,2164,2164,2164,2164,2164,2164
"Idaho","linear_increase_sd","Past",2021-01-30,"cumulative_hosps",19770,19770,19770,19770,19770,19770,19770,19770
"Idaho","return_normal","Past",2021-01-30,"cumulative_hosps",19770,19770,19770,19770,19770,19770,19770,19770
"Idaho","status_quo","Past",2021-01-30,"cumulative_hosps",19770,19770,19770,19770,19770,19770,19770,19770
"Idaho","linear_increase_sd","Past",2021-01-30,"daily_all_infections",808,808,808,808,808,808,808,808
"Idaho","return_normal","Past",2021-01-30,"daily_all_infections",808,808,808,808,808,808,808,808
"Idaho","status_quo","Past",2021-01-30,"daily_all_infections",808,808,808,808,808,808,808,808
"Idaho","linear_increase_sd","Past",2021-01-30,"daily_cases",339,339,339,339,339,339,339,339
"Idaho","return_normal","Past",2021-01-30,"daily_cases",339,339,339,339,339,339,339,339
"Idaho","status_quo","Past",2021-01-30,"daily_cases",339,339,339,339,339,339,339,339
"Idaho","linear_increase_sd","Past",2021-01-30,"daily_deaths",5,5,5,5,5,5,5,5
"Idaho","return_normal","Past",2021-01-30,"daily_deaths",5,5,5,5,5,5,5,5
"Idaho","status_quo","Past",2021-01-30,"daily_deaths",5,5,5,5,5,5,5,5
"Idaho","linear_increase_sd","Past",2021-01-30,"daily_hosps",49,49,49,49,49,49,49,49
"Idaho","return_normal","Past",2021-01-30,"daily_hosps",49,49,49,49,49,49,49,49
"Idaho","status_quo","Past",2021-01-30,"daily_hosps",49,49,49,49,49,49,49,49
"Idaho","linear_increase_sd","Past",2021-01-30,"latent_trend",NA,NA,NA,0.599635887030778,NA,NA,NA,NA
"Idaho","return_normal","Past",2021-01-30,"latent_trend",NA,NA,NA,0.599635887030778,NA,NA,NA,NA
"Idaho","status_quo","Past",2021-01-30,"latent_trend",NA,NA,NA,0.599635887030778,NA,NA,NA,NA
"Idaho","linear_increase_sd","Past",2021-01-30,"mobility_trend",NA,NA,NA,0.675630286987026,NA,NA,NA,NA
"Idaho","return_normal","Past",2021-01-30,"mobility_trend",NA,NA,NA,0.675630286987026,NA,NA,NA,NA
"Idaho","status_quo","Past",2021-01-30,"mobility_trend",NA,NA,NA,0.675630286987026,NA,NA,NA,NA
"Idaho",NA,"Past",2021-01-31,"actual_cumulative_cases",NA,NA,NA,162683,NA,NA,NA,NA
"Idaho",NA,"Past",2021-01-31,"actual_cumulative_deaths",NA,NA,NA,1729,NA,NA,NA,NA
"Idaho",NA,"Past",2021-01-31,"actual_daily_cases",NA,NA,NA,328,NA,NA,NA,NA
"Idaho",NA,"Past",2021-01-31,"actual_daily_deaths",NA,NA,NA,0,NA,NA,NA,NA
"Idaho","linear_increase_sd","Past",2021-01-31,"combined_trend",NA,NA,NA,0.410264949554244,NA,NA,NA,NA
"Idaho","return_normal","Past",2021-01-31,"combined_trend",NA,NA,NA,0.410264949554244,NA,NA,NA,NA
"Idaho","status_quo","Past",2021-01-31,"combined_trend",NA,NA,NA,0.410264949554244,NA,NA,NA,NA
"Idaho","linear_increase_sd","Past",2021-01-31,"cumulative_all_infections",456283,456283,456283,456283,456283,456283,456283,456283
"Idaho","return_normal","Past",2021-01-31,"cumulative_all_infections",456283,456283,456283,456283,456283,456283,456283,456283
"Idaho","status_quo","Past",2021-01-31,"cumulative_all_infections",456283,456283,456283,456283,456283,456283,456283,456283
"Idaho","linear_increase_sd","Past",2021-01-31,"cumulative_cases",167788,167788,167788,167788,167788,167788,167788,167788
"Idaho","return_normal","Past",2021-01-31,"cumulative_cases",167788,167788,167788,167788,167788,167788,167788,167788
"Idaho","status_quo","Past",2021-01-31,"cumulative_cases",167788,167788,167788,167788,167788,167788,167788,167788
"Idaho","linear_increase_sd","Past",2021-01-31,"cumulative_deaths",2169,2169,2169,2169,2169,2169,2169,2169
"Idaho","return_normal","Past",2021-01-31,"cumulative_deaths",2169,2169,2169,2169,2169,2169,2169,2169
"Idaho","status_quo","Past",2021-01-31,"cumulative_deaths",2169,2169,2169,2169,2169,2169,2169,2169
"Idaho","linear_increase_sd","Past",2021-01-31,"cumulative_hosps",19819,19819,19819,19819,19819,19819,19819,19819
"Idaho","return_normal","Past",2021-01-31,"cumulative_hosps",19819,19819,19819,19819,19819,19819,19819,19819
"Idaho","status_quo","Past",2021-01-31,"cumulative_hosps",19819,19819,19819,19819,19819,19819,19819,19819
"Idaho","linear_increase_sd","Past",2021-01-31,"daily_all_infections",790,790,790,790,790,790,790,790
"Idaho","return_normal","Past",2021-01-31,"daily_all_infections",790,790,790,790,790,790,790,790
"Idaho","status_quo","Past",2021-01-31,"daily_all_infections",790,790,790,790,790,790,790,790
"Idaho","linear_increase_sd","Past",2021-01-31,"daily_cases",321,321,321,321,321,321,321,321
"Idaho","return_normal","Past",2021-01-31,"daily_cases",321,321,321,321,321,321,321,321
"Idaho","status_quo","Past",2021-01-31,"daily_cases",321,321,321,321,321,321,321,321
"Idaho","linear_increase_sd","Past",2021-01-31,"daily_deaths",5,5,5,5,5,5,5,5
"Idaho","return_normal","Past",2021-01-31,"daily_deaths",5,5,5,5,5,5,5,5
"Idaho","status_quo","Past",2021-01-31,"daily_deaths",5,5,5,5,5,5,5,5
"Idaho","linear_increase_sd","Past",2021-01-31,"daily_hosps",49,49,49,49,49,49,49,49
"Idaho","return_normal","Past",2021-01-31,"daily_hosps",49,49,49,49,49,49,49,49
"Idaho","status_quo","Past",2021-01-31,"daily_hosps",49,49,49,49,49,49,49,49
"Idaho","linear_increase_sd","Past",2021-01-31,"latent_trend",NA,NA,NA,0.606752162324807,NA,NA,NA,NA
"Idaho","return_normal","Past",2021-01-31,"latent_trend",NA,NA,NA,0.606752162324807,NA,NA,NA,NA
"Idaho","status_quo","Past",2021-01-31,"latent_trend",NA,NA,NA,0.606752162324807,NA,NA,NA,NA
"Idaho","linear_increase_sd","Past",2021-01-31,"mobility_trend",NA,NA,NA,0.676165615928404,NA,NA,NA,NA
"Idaho","return_normal","Past",2021-01-31,"mobility_trend",NA,NA,NA,0.676165615928404,NA,NA,NA,NA
"Idaho","status_quo","Past",2021-01-31,"mobility_trend",NA,NA,NA,0.676165615928404,NA,NA,NA,NA
"Idaho",NA,"Past",2021-02-01,"actual_cumulative_cases",NA,NA,NA,162683,NA,NA,NA,NA
"Idaho",NA,"Past",2021-02-01,"actual_cumulative_deaths",NA,NA,NA,1729,NA,NA,NA,NA
"Idaho",NA,"Past",2021-02-01,"actual_daily_cases",NA,NA,NA,0,NA,NA,NA,NA
"Idaho",NA,"Past",2021-02-01,"actual_daily_deaths",NA,NA,NA,0,NA,NA,NA,NA
"Idaho","linear_increase_sd","Past",2021-02-01,"combined_trend",NA,NA,NA,0.415249084215792,NA,NA,NA,NA
"Idaho","return_normal","Past",2021-02-01,"combined_trend",NA,NA,NA,0.415249084215792,NA,NA,NA,NA
"Idaho","status_quo","Past",2021-02-01,"combined_trend",NA,NA,NA,0.415249084215792,NA,NA,NA,NA
"Idaho","linear_increase_sd","Past",2021-02-01,"cumulative_all_infections",457062,457062,457062,457062,457062,457062,457062,457062
"Idaho","return_normal","Past",2021-02-01,"cumulative_all_infections",457062,457062,457062,457062,457062,457062,457062,457062
"Idaho","status_quo","Past",2021-02-01,"cumulative_all_infections",457062,457062,457062,457062,457062,457062,457062,457062
"Idaho","linear_increase_sd","Past",2021-02-01,"cumulative_cases",168136,168136,168136,168136,168136,168136,168136,168136
"Idaho","return_normal","Past",2021-02-01,"cumulative_cases",168136,168136,168136,168136,168136,168136,168136,168136
"Idaho","status_quo","Past",2021-02-01,"cumulative_cases",168136,168136,168136,168136,168136,168136,168136,168136
"Idaho","linear_increase_sd","Past",2021-02-01,"cumulative_deaths",2173,2173,2173,2173,2173,2173,2173,2173
"Idaho","return_normal","Past",2021-02-01,"cumulative_deaths",2173,2173,2173,2173,2173,2173,2173,2173
"Idaho","status_quo","Past",2021-02-01,"cumulative_deaths",2173,2173,2173,2173,2173,2173,2173,2173
"Idaho","linear_increase_sd","Past",2021-02-01,"cumulative_hosps",19866,19866,19866,19866,19866,19866,19866,19866
"Idaho","return_normal","Past",2021-02-01,"cumulative_hosps",19866,19866,19866,19866,19866,19866,19866,19866
"Idaho","status_quo","Past",2021-02-01,"cumulative_hosps",19866,19866,19866,19866,19866,19866,19866,19866
"Idaho","linear_increase_sd","Past",2021-02-01,"daily_all_infections",779,779,779,779,779,779,779,779
"Idaho","return_normal","Past",2021-02-01,"daily_all_infections",779,779,779,779,779,779,779,779
"Idaho","status_quo","Past",2021-02-01,"daily_all_infections",779,779,779,779,779,779,779,779
"Idaho","linear_increase_sd","Past",2021-02-01,"daily_cases",348,348,348,348,348,348,348,348
"Idaho","return_normal","Past",2021-02-01,"daily_cases",348,348,348,348,348,348,348,348
"Idaho","status_quo","Past",2021-02-01,"daily_cases",348,348,348,348,348,348,348,348
"Idaho","linear_increase_sd","Past",2021-02-01,"daily_deaths",4,4,4,4,4,4,4,4
"Idaho","return_normal","Past",2021-02-01,"daily_deaths",4,4,4,4,4,4,4,4
"Idaho","status_quo","Past",2021-02-01,"daily_deaths",4,4,4,4,4,4,4,4
"Idaho","linear_increase_sd","Past",2021-02-01,"daily_hosps",47,47,47,47,47,47,47,47
"Idaho","return_normal","Past",2021-02-01,"daily_hosps",47,47,47,47,47,47,47,47
"Idaho","status_quo","Past",2021-02-01,"daily_hosps",47,47,47,47,47,47,47,47
"Idaho","linear_increase_sd","Past",2021-02-01,"latent_trend",NA,NA,NA,0.613577378655498,NA,NA,NA,NA
"Idaho","return_normal","Past",2021-02-01,"latent_trend",NA,NA,NA,0.613577378655498,NA,NA,NA,NA
"Idaho","status_quo","Past",2021-02-01,"latent_trend",NA,NA,NA,0.613577378655498,NA,NA,NA,NA
"Idaho","linear_increase_sd","Past",2021-02-01,"mobility_trend",NA,NA,NA,0.676767264669547,NA,NA,NA,NA
"Idaho","return_normal","Past",2021-02-01,"mobility_trend",NA,NA,NA,0.676767264669547,NA,NA,NA,NA
"Idaho","status_quo","Past",2021-02-01,"mobility_trend",NA,NA,NA,0.676767264669547,NA,NA,NA,NA
"Idaho",NA,"Past",2021-02-02,"actual_cumulative_cases",NA,NA,NA,163165,NA,NA,NA,NA
"Idaho",NA,"Past",2021-02-02,"actual_cumulative_deaths",NA,NA,NA,1739,NA,NA,NA,NA
"Idaho",NA,"Past",2021-02-02,"actual_daily_cases",NA,NA,NA,482,NA,NA,NA,NA
"Idaho",NA,"Past",2021-02-02,"actual_daily_deaths",NA,NA,NA,10,NA,NA,NA,NA
"Idaho","linear_increase_sd","Past",2021-02-02,"combined_trend",NA,NA,NA,0.420037011529062,NA,NA,NA,NA
"Idaho","return_normal","Past",2021-02-02,"combined_trend",NA,NA,NA,0.420037011529062,NA,NA,NA,NA
"Idaho","status_quo","Past",2021-02-02,"combined_trend",NA,NA,NA,0.420037011529062,NA,NA,NA,NA
"Idaho","linear_increase_sd","Past",2021-02-02,"cumulative_all_infections",457829,457829,457829,457829,457829,457829,457829,457829
"Idaho","return_normal","Past",2021-02-02,"cumulative_all_infections",457829,457829,457829,457829,457829,457829,457829,457829
"Idaho","status_quo","Past",2021-02-02,"cumulative_all_infections",457829,457829,457829,457829,457829,457829,457829,457829
"Idaho","linear_increase_sd","Past",2021-02-02,"cumulative_cases",168457,168457,168457,168457,168457,168457,168457,168457
"Idaho","return_normal","Past",2021-02-02,"cumulative_cases",168457,168457,168457,168457,168457,168457,168457,168457
"Idaho","status_quo","Past",2021-02-02,"cumulative_cases",168457,168457,168457,168457,168457,168457,168457,168457
"Idaho","linear_increase_sd","Past",2021-02-02,"cumulative_deaths",2178,2178,2178,2178,2178,2178,2178,2178
"Idaho","return_normal","Past",2021-02-02,"cumulative_deaths",2178,2178,2178,2178,2178,2178,2178,2178
"Idaho","status_quo","Past",2021-02-02,"cumulative_deaths",2178,2178,2178,2178,2178,2178,2178,2178
"Idaho","linear_increase_sd","Past",2021-02-02,"cumulative_hosps",19910,19910,19910,19910,19910,19910,19910,19910
"Idaho","return_normal","Past",2021-02-02,"cumulative_hosps",19910,19910,19910,19910,19910,19910,19910,19910
"Idaho","status_quo","Past",2021-02-02,"cumulative_hosps",19910,19910,19910,19910,19910,19910,19910,19910
"Idaho","linear_increase_sd","Past",2021-02-02,"daily_all_infections",767,767,767,767,767,767,767,767
"Idaho","return_normal","Past",2021-02-02,"daily_all_infections",767,767,767,767,767,767,767,767
"Idaho","status_quo","Past",2021-02-02,"daily_all_infections",767,767,767,767,767,767,767,767
"Idaho","linear_increase_sd","Past",2021-02-02,"daily_cases",321,321,321,321,321,321,321,321
"Idaho","return_normal","Past",2021-02-02,"daily_cases",321,321,321,321,321,321,321,321
"Idaho","status_quo","Past",2021-02-02,"daily_cases",321,321,321,321,321,321,321,321
"Idaho","linear_increase_sd","Past",2021-02-02,"daily_deaths",5,5,5,5,5,5,5,5
"Idaho","return_normal","Past",2021-02-02,"daily_deaths",5,5,5,5,5,5,5,5
"Idaho","status_quo","Past",2021-02-02,"daily_deaths",5,5,5,5,5,5,5,5
"Idaho","linear_increase_sd","Past",2021-02-02,"daily_hosps",44,44,44,44,44,44,44,44
"Idaho","return_normal","Past",2021-02-02,"daily_hosps",44,44,44,44,44,44,44,44
"Idaho","status_quo","Past",2021-02-02,"daily_hosps",44,44,44,44,44,44,44,44
"Idaho","linear_increase_sd","Past",2021-02-02,"latent_trend",NA,NA,NA,0.620050719211049,NA,NA,NA,NA
"Idaho","return_normal","Past",2021-02-02,"latent_trend",NA,NA,NA,0.620050719211049,NA,NA,NA,NA
"Idaho","status_quo","Past",2021-02-02,"latent_trend",NA,NA,NA,0.620050719211049,NA,NA,NA,NA
"Idaho","linear_increase_sd","Past",2021-02-02,"mobility_trend",NA,NA,NA,0.677423634091604,NA,NA,NA,NA
"Idaho","return_normal","Past",2021-02-02,"mobility_trend",NA,NA,NA,0.677423634091604,NA,NA,NA,NA
"Idaho","status_quo","Past",2021-02-02,"mobility_trend",NA,NA,NA,0.677423634091604,NA,NA,NA,NA
"Idaho",NA,"Past",2021-02-03,"actual_cumulative_cases",NA,NA,NA,163656,NA,NA,NA,NA
"Idaho",NA,"Past",2021-02-03,"actual_cumulative_deaths",NA,NA,NA,1745,NA,NA,NA,NA
"Idaho",NA,"Past",2021-02-03,"actual_daily_cases",NA,NA,NA,491,NA,NA,NA,NA
"Idaho",NA,"Past",2021-02-03,"actual_daily_deaths",NA,NA,NA,6,NA,NA,NA,NA
"Idaho","linear_increase_sd","Past",2021-02-03,"combined_trend",NA,NA,NA,0.424583033080325,NA,NA,NA,NA
"Idaho","return_normal","Past",2021-02-03,"combined_trend",NA,NA,NA,0.424583033080325,NA,NA,NA,NA
"Idaho","status_quo","Past",2021-02-03,"combined_trend",NA,NA,NA,0.424583033080325,NA,NA,NA,NA
"Idaho","linear_increase_sd","Past",2021-02-03,"cumulative_all_infections",458594,458594,458594,458594,458594,458594,458594,458594
"Idaho","return_normal","Past",2021-02-03,"cumulative_all_infections",458594,458594,458594,458594,458594,458594,458594,458594
"Idaho","status_quo","Past",2021-02-03,"cumulative_all_infections",458594,458594,458594,458594,458594,458594,458594,458594
"Idaho","linear_increase_sd","Past",2021-02-03,"cumulative_cases",168750,168750,168750,168750,168750,168750,168750,168750
"Idaho","return_normal","Past",2021-02-03,"cumulative_cases",168750,168750,168750,168750,168750,168750,168750,168750
"Idaho","status_quo","Past",2021-02-03,"cumulative_cases",168750,168750,168750,168750,168750,168750,168750,168750
"Idaho","linear_increase_sd","Past",2021-02-03,"cumulative_deaths",2182,2182,2182,2182,2182,2182,2182,2182
"Idaho","return_normal","Past",2021-02-03,"cumulative_deaths",2182,2182,2182,2182,2182,2182,2182,2182
"Idaho","status_quo","Past",2021-02-03,"cumulative_deaths",2182,2182,2182,2182,2182,2182,2182,2182
"Idaho","linear_increase_sd","Past",2021-02-03,"cumulative_hosps",19954,19954,19954,19954,19954,19954,19954,19954
"Idaho","return_normal","Past",2021-02-03,"cumulative_hosps",19954,19954,19954,19954,19954,19954,19954,19954
"Idaho","status_quo","Past",2021-02-03,"cumulative_hosps",19954,19954,19954,19954,19954,19954,19954,19954
"Idaho","linear_increase_sd","Past",2021-02-03,"daily_all_infections",765,765,765,765,765,765,765,765
"Idaho","return_normal","Past",2021-02-03,"daily_all_infections",765,765,765,765,765,765,765,765
"Idaho","status_quo","Past",2021-02-03,"daily_all_infections",765,765,765,765,765,765,765,765
"Idaho","linear_increase_sd","Past",2021-02-03,"daily_cases",293,293,293,293,293,293,293,293
"Idaho","return_normal","Past",2021-02-03,"daily_cases",293,293,293,293,293,293,293,293
"Idaho","status_quo","Past",2021-02-03,"daily_cases",293,293,293,293,293,293,293,293
"Idaho","linear_increase_sd","Past",2021-02-03,"daily_deaths",4,4,4,4,4,4,4,4
"Idaho","return_normal","Past",2021-02-03,"daily_deaths",4,4,4,4,4,4,4,4
"Idaho","status_quo","Past",2021-02-03,"daily_deaths",4,4,4,4,4,4,4,4
"Idaho","linear_increase_sd","Past",2021-02-03,"daily_hosps",44,44,44,44,44,44,44,44
"Idaho","return_normal","Past",2021-02-03,"daily_hosps",44,44,44,44,44,44,44,44
"Idaho","status_quo","Past",2021-02-03,"daily_hosps",44,44,44,44,44,44,44,44
"Idaho","linear_increase_sd","Past",2021-02-03,"latent_trend",NA,NA,NA,0.626113376255176,NA,NA,NA,NA
"Idaho","return_normal","Past",2021-02-03,"latent_trend",NA,NA,NA,0.626113376255176,NA,NA,NA,NA
"Idaho","status_quo","Past",2021-02-03,"latent_trend",NA,NA,NA,0.626113376255176,NA,NA,NA,NA
"Idaho","linear_increase_sd","Past",2021-02-03,"mobility_trend",NA,NA,NA,0.67812483997672,NA,NA,NA,NA
"Idaho","return_normal","Past",2021-02-03,"mobility_trend",NA,NA,NA,0.67812483997672,NA,NA,NA,NA
"Idaho","status_quo","Past",2021-02-03,"mobility_trend",NA,NA,NA,0.67812483997672,NA,NA,NA,NA
"Idaho",NA,"Past",2021-02-04,"actual_cumulative_cases",NA,NA,NA,164163,NA,NA,NA,NA
"Idaho",NA,"Past",2021-02-04,"actual_cumulative_deaths",NA,NA,NA,1752,NA,NA,NA,NA
"Idaho",NA,"Past",2021-02-04,"actual_daily_cases",NA,NA,NA,507,NA,NA,NA,NA
"Idaho",NA,"Past",2021-02-04,"actual_daily_deaths",NA,NA,NA,7,NA,NA,NA,NA
"Idaho","linear_increase_sd","Past",2021-02-04,"combined_trend",NA,NA,NA,0.428842211475479,NA,NA,NA,NA
"Idaho","return_normal","Past",2021-02-04,"combined_trend",NA,NA,NA,0.428842211475479,NA,NA,NA,NA
"Idaho","status_quo","Past",2021-02-04,"combined_trend",NA,NA,NA,0.428842211475479,NA,NA,NA,NA
"Idaho","linear_increase_sd","Past",2021-02-04,"cumulative_all_infections",459349,459349,459349,459349,459349,459349,459349,459349
"Idaho","return_normal","Past",2021-02-04,"cumulative_all_infections",459349,459349,459349,459349,459349,459349,459349,459349
"Idaho","status_quo","Past",2021-02-04,"cumulative_all_infections",459349,459349,459349,459349,459349,459349,459349,459349
"Idaho","linear_increase_sd","Past",2021-02-04,"cumulative_cases",169044,169044,169044,169044,169044,169044,169044,169044
"Idaho","return_normal","Past",2021-02-04,"cumulative_cases",169044,169044,169044,169044,169044,169044,169044,169044
"Idaho","status_quo","Past",2021-02-04,"cumulative_cases",169044,169044,169044,169044,169044,169044,169044,169044
"Idaho","linear_increase_sd","Past",2021-02-04,"cumulative_deaths",2186,2186,2186,2186,2186,2186,2186,2186
"Idaho","return_normal","Past",2021-02-04,"cumulative_deaths",2186,2186,2186,2186,2186,2186,2186,2186
"Idaho","status_quo","Past",2021-02-04,"cumulative_deaths",2186,2186,2186,2186,2186,2186,2186,2186
"Idaho","linear_increase_sd","Past",2021-02-04,"cumulative_hosps",19998,19998,19998,19998,19998,19998,19998,19998
"Idaho","return_normal","Past",2021-02-04,"cumulative_hosps",19998,19998,19998,19998,19998,19998,19998,19998
"Idaho","status_quo","Past",2021-02-04,"cumulative_hosps",19998,19998,19998,19998,19998,19998,19998,19998
"Idaho","linear_increase_sd","Past",2021-02-04,"daily_all_infections",755,755,755,755,755,755,755,755
"Idaho","return_normal","Past",2021-02-04,"daily_all_infections",755,755,755,755,755,755,755,755
"Idaho","status_quo","Past",2021-02-04,"daily_all_infections",755,755,755,755,755,755,755,755
"Idaho","linear_increase_sd","Past",2021-02-04,"daily_cases",294,294,294,294,294,294,294,294
"Idaho","return_normal","Past",2021-02-04,"daily_cases",294,294,294,294,294,294,294,294
"Idaho","status_quo","Past",2021-02-04,"daily_cases",294,294,294,294,294,294,294,294
"Idaho","linear_increase_sd","Past",2021-02-04,"daily_deaths",4,4,4,4,4,4,4,4
"Idaho","return_normal","Past",2021-02-04,"daily_deaths",4,4,4,4,4,4,4,4
"Idaho","status_quo","Past",2021-02-04,"daily_deaths",4,4,4,4,4,4,4,4
"Idaho","linear_increase_sd","Past",2021-02-04,"daily_hosps",44,44,44,44,44,44,44,44
"Idaho","return_normal","Past",2021-02-04,"daily_hosps",44,44,44,44,44,44,44,44
"Idaho","status_quo","Past",2021-02-04,"daily_hosps",44,44,44,44,44,44,44,44
"Idaho","linear_increase_sd","Past",2021-02-04,"latent_trend",NA,NA,NA,0.631708424362687,NA,NA,NA,NA
"Idaho","return_normal","Past",2021-02-04,"latent_trend",NA,NA,NA,0.631708424362687,NA,NA,NA,NA
"Idaho","status_quo","Past",2021-02-04,"latent_trend",NA,NA,NA,0.631708424362687,NA,NA,NA,NA
"Idaho","linear_increase_sd","Past",2021-02-04,"mobility_trend",NA,NA,NA,0.678860998107039,NA,NA,NA,NA
"Idaho","return_normal","Past",2021-02-04,"mobility_trend",NA,NA,NA,0.678860998107039,NA,NA,NA,NA
"Idaho","status_quo","Past",2021-02-04,"mobility_trend",NA,NA,NA,0.678860998107039,NA,NA,NA,NA
"Idaho",NA,"Past",2021-02-05,"actual_cumulative_cases",NA,NA,NA,164565,NA,NA,NA,NA
"Idaho",NA,"Past",2021-02-05,"actual_cumulative_deaths",NA,NA,NA,1752,NA,NA,NA,NA
"Idaho",NA,"Past",2021-02-05,"actual_daily_cases",NA,NA,NA,402,NA,NA,NA,NA
"Idaho",NA,"Past",2021-02-05,"actual_daily_deaths",NA,NA,NA,NA,NA,NA,NA,NA
"Idaho","linear_increase_sd","Past",2021-02-05,"combined_trend",NA,NA,NA,0.432771085168815,NA,NA,NA,NA
"Idaho","return_normal","Past",2021-02-05,"combined_trend",NA,NA,NA,0.432771085168815,NA,NA,NA,NA
"Idaho","status_quo","Past",2021-02-05,"combined_trend",NA,NA,NA,0.432771085168815,NA,NA,NA,NA
"Idaho","linear_increase_sd","Past",2021-02-05,"cumulative_all_infections",460098,460098,460098,460098,460098,460098,460098,460098
"Idaho","return_normal","Past",2021-02-05,"cumulative_all_infections",460098,460098,460098,460098,460098,460098,460098,460098
"Idaho","status_quo","Past",2021-02-05,"cumulative_all_infections",460098,460098,460098,460098,460098,460098,460098,460098
"Idaho","linear_increase_sd","Past",2021-02-05,"cumulative_cases",169337,169337,169337,169337,169337,169337,169337,169337
"Idaho","return_normal","Past",2021-02-05,"cumulative_cases",169337,169337,169337,169337,169337,169337,169337,169337
"Idaho","status_quo","Past",2021-02-05,"cumulative_cases",169337,169337,169337,169337,169337,169337,169337,169337
"Idaho","linear_increase_sd","Past",2021-02-05,"cumulative_deaths",2191,2191,2191,2191,2191,2191,2191,2191
"Idaho","return_normal","Past",2021-02-05,"cumulative_deaths",2191,2191,2191,2191,2191,2191,2191,2191
"Idaho","status_quo","Past",2021-02-05,"cumulative_deaths",2191,2191,2191,2191,2191,2191,2191,2191
"Idaho","linear_increase_sd","Past",2021-02-05,"cumulative_hosps",20041,20041,20041,20041,20041,20041,20041,20041
"Idaho","return_normal","Past",2021-02-05,"cumulative_hosps",20041,20041,20041,20041,20041,20041,20041,20041
"Idaho","status_quo","Past",2021-02-05,"cumulative_hosps",20041,20041,20041,20041,20041,20041,20041,20041
"Idaho","linear_increase_sd","Past",2021-02-05,"daily_all_infections",749,749,749,749,749,749,749,749
"Idaho","return_normal","Past",2021-02-05,"daily_all_infections",749,749,749,749,749,749,749,749
"Idaho","status_quo","Past",2021-02-05,"daily_all_infections",749,749,749,749,749,749,749,749
"Idaho","linear_increase_sd","Past",2021-02-05,"daily_cases",293,293,293,293,293,293,293,293
"Idaho","return_normal","Past",2021-02-05,"daily_cases",293,293,293,293,293,293,293,293
"Idaho","status_quo","Past",2021-02-05,"daily_cases",293,293,293,293,293,293,293,293
"Idaho","linear_increase_sd","Past",2021-02-05,"daily_deaths",5,5,5,5,5,5,5,5
"Idaho","return_normal","Past",2021-02-05,"daily_deaths",5,5,5,5,5,5,5,5
"Idaho","status_quo","Past",2021-02-05,"daily_deaths",5,5,5,5,5,5,5,5
"Idaho","linear_increase_sd","Past",2021-02-05,"daily_hosps",43,43,43,43,43,43,43,43
"Idaho","return_normal","Past",2021-02-05,"daily_hosps",43,43,43,43,43,43,43,43
"Idaho","status_quo","Past",2021-02-05,"daily_hosps",43,43,43,43,43,43,43,43
"Idaho","linear_increase_sd","Past",2021-02-05,"latent_trend",NA,NA,NA,0.636780589924056,NA,NA,NA,NA
"Idaho","return_normal","Past",2021-02-05,"latent_trend",NA,NA,NA,0.636780589924056,NA,NA,NA,NA
"Idaho","status_quo","Past",2021-02-05,"latent_trend",NA,NA,NA,0.636780589924056,NA,NA,NA,NA
"Idaho","linear_increase_sd","Past",2021-02-05,"mobility_trend",NA,NA,NA,0.679623550115477,NA,NA,NA,NA
"Idaho","return_normal","Past",2021-02-05,"mobility_trend",NA,NA,NA,0.679623550115477,NA,NA,NA,NA
"Idaho","status_quo","Past",2021-02-05,"mobility_trend",NA,NA,NA,0.679623550115477,NA,NA,NA,NA
"Idaho",NA,"Past",2021-02-06,"actual_cumulative_cases",NA,NA,NA,164969,NA,NA,NA,NA
"Idaho",NA,"Past",2021-02-06,"actual_cumulative_deaths",NA,NA,NA,1763,NA,NA,NA,NA
"Idaho",NA,"Past",2021-02-06,"actual_daily_cases",NA,NA,NA,404,NA,NA,NA,NA
"Idaho",NA,"Past",2021-02-06,"actual_daily_deaths",NA,NA,NA,11,NA,NA,NA,NA
"Idaho","linear_increase_sd","Past",2021-02-06,"combined_trend",NA,NA,NA,0.436330060577411,NA,NA,NA,NA
"Idaho","return_normal","Past",2021-02-06,"combined_trend",NA,NA,NA,0.436330060577411,NA,NA,NA,NA
"Idaho","status_quo","Past",2021-02-06,"combined_trend",NA,NA,NA,0.436330060577411,NA,NA,NA,NA
"Idaho","linear_increase_sd","Past",2021-02-06,"cumulative_all_infections",460836,460836,460836,460836,460836,460836,460836,460836
"Idaho","return_normal","Past",2021-02-06,"cumulative_all_infections",460836,460836,460836,460836,460836,460836,460836,460836
"Idaho","status_quo","Past",2021-02-06,"cumulative_all_infections",460836,460836,460836,460836,460836,460836,460836,460836
"Idaho","linear_increase_sd","Past",2021-02-06,"cumulative_cases",169643,169643,169643,169643,169643,169643,169643,169643
"Idaho","return_normal","Past",2021-02-06,"cumulative_cases",169643,169643,169643,169643,169643,169643,169643,169643
"Idaho","status_quo","Past",2021-02-06,"cumulative_cases",169643,169643,169643,169643,169643,169643,169643,169643
"Idaho","linear_increase_sd","Past",2021-02-06,"cumulative_deaths",2195,2195,2195,2195,2195,2195,2195,2195
"Idaho","return_normal","Past",2021-02-06,"cumulative_deaths",2195,2195,2195,2195,2195,2195,2195,2195
"Idaho","status_quo","Past",2021-02-06,"cumulative_deaths",2195,2195,2195,2195,2195,2195,2195,2195
"Idaho","linear_increase_sd","Past",2021-02-06,"cumulative_hosps",20082,20082,20082,20082,20082,20082,20082,20082
"Idaho","return_normal","Past",2021-02-06,"cumulative_hosps",20082,20082,20082,20082,20082,20082,20082,20082
"Idaho","status_quo","Past",2021-02-06,"cumulative_hosps",20082,20082,20082,20082,20082,20082,20082,20082
"Idaho","linear_increase_sd","Past",2021-02-06,"daily_all_infections",738,738,738,738,738,738,738,738
"Idaho","return_normal","Past",2021-02-06,"daily_all_infections",738,738,738,738,738,738,738,738
"Idaho","status_quo","Past",2021-02-06,"daily_all_infections",738,738,738,738,738,738,738,738
"Idaho","linear_increase_sd","Past",2021-02-06,"daily_cases",306,306,306,306,306,306,306,306
"Idaho","return_normal","Past",2021-02-06,"daily_cases",306,306,306,306,306,306,306,306
"Idaho","status_quo","Past",2021-02-06,"daily_cases",306,306,306,306,306,306,306,306
"Idaho","linear_increase_sd","Past",2021-02-06,"daily_deaths",4,4,4,4,4,4,4,4
"Idaho","return_normal","Past",2021-02-06,"daily_deaths",4,4,4,4,4,4,4,4
"Idaho","status_quo","Past",2021-02-06,"daily_deaths",4,4,4,4,4,4,4,4
"Idaho","linear_increase_sd","Past",2021-02-06,"daily_hosps",41,41,41,41,41,41,41,41
"Idaho","return_normal","Past",2021-02-06,"daily_hosps",41,41,41,41,41,41,41,41
"Idaho","status_quo","Past",2021-02-06,"daily_hosps",41,41,41,41,41,41,41,41
"Idaho","linear_increase_sd","Past",2021-02-06,"latent_trend",NA,NA,NA,0.641275917875172,NA,NA,NA,NA
"Idaho","return_normal","Past",2021-02-06,"latent_trend",NA,NA,NA,0.641275917875172,NA,NA,NA,NA
"Idaho","status_quo","Past",2021-02-06,"latent_trend",NA,NA,NA,0.641275917875172,NA,NA,NA,NA
"Idaho","linear_increase_sd","Past",2021-02-06,"mobility_trend",NA,NA,NA,0.680409241038029,NA,NA,NA,NA
"Idaho","return_normal","Past",2021-02-06,"mobility_trend",NA,NA,NA,0.680409241038029,NA,NA,NA,NA
"Idaho","status_quo","Past",2021-02-06,"mobility_trend",NA,NA,NA,0.680409241038029,NA,NA,NA,NA
"Idaho",NA,"Past",2021-02-07,"actual_cumulative_cases",NA,NA,NA,165209,NA,NA,NA,NA
"Idaho",NA,"Past",2021-02-07,"actual_cumulative_deaths",NA,NA,NA,1772,NA,NA,NA,NA
"Idaho",NA,"Past",2021-02-07,"actual_daily_cases",NA,NA,NA,240,NA,NA,NA,NA
"Idaho",NA,"Past",2021-02-07,"actual_daily_deaths",NA,NA,NA,9,NA,NA,NA,NA
"Idaho","linear_increase_sd","Past",2021-02-07,"combined_trend",NA,NA,NA,0.439480694411816,NA,NA,NA,NA
"Idaho","return_normal","Past",2021-02-07,"combined_trend",NA,NA,NA,0.439480694411816,NA,NA,NA,NA
"Idaho","status_quo","Past",2021-02-07,"combined_trend",NA,NA,NA,0.439480694411816,NA,NA,NA,NA
"Idaho","linear_increase_sd","Past",2021-02-07,"cumulative_all_infections",461570,461570,461570,461570,461570,461570,461570,461570
"Idaho","return_normal","Past",2021-02-07,"cumulative_all_infections",461570,461570,461570,461570,461570,461570,461570,461570
"Idaho","status_quo","Past",2021-02-07,"cumulative_all_infections",461570,461570,461570,461570,461570,461570,461570,461570
"Idaho","linear_increase_sd","Past",2021-02-07,"cumulative_cases",169953,169953,169953,169953,169953,169953,169953,169953
"Idaho","return_normal","Past",2021-02-07,"cumulative_cases",169953,169953,169953,169953,169953,169953,169953,169953
"Idaho","status_quo","Past",2021-02-07,"cumulative_cases",169953,169953,169953,169953,169953,169953,169953,169953
"Idaho","linear_increase_sd","Past",2021-02-07,"cumulative_deaths",2199,2199,2199,2199,2199,2199,2199,2199
"Idaho","return_normal","Past",2021-02-07,"cumulative_deaths",2199,2199,2199,2199,2199,2199,2199,2199
"Idaho","status_quo","Past",2021-02-07,"cumulative_deaths",2199,2199,2199,2199,2199,2199,2199,2199
"Idaho","linear_increase_sd","Past",2021-02-07,"cumulative_hosps",20122,20122,20122,20122,20122,20122,20122,20122
"Idaho","return_normal","Past",2021-02-07,"cumulative_hosps",20122,20122,20122,20122,20122,20122,20122,20122
"Idaho","status_quo","Past",2021-02-07,"cumulative_hosps",20122,20122,20122,20122,20122,20122,20122,20122
"Idaho","linear_increase_sd","Past",2021-02-07,"daily_all_infections",734,734,734,734,734,734,734,734
"Idaho","return_normal","Past",2021-02-07,"daily_all_infections",734,734,734,734,734,734,734,734
"Idaho","status_quo","Past",2021-02-07,"daily_all_infections",734,734,734,734,734,734,734,734
"Idaho","linear_increase_sd","Past",2021-02-07,"daily_cases",310,310,310,310,310,310,310,310
"Idaho","return_normal","Past",2021-02-07,"daily_cases",310,310,310,310,310,310,310,310
"Idaho","status_quo","Past",2021-02-07,"daily_cases",310,310,310,310,310,310,310,310
"Idaho","linear_increase_sd","Past",2021-02-07,"daily_deaths",4,4,4,4,4,4,4,4
"Idaho","return_normal","Past",2021-02-07,"daily_deaths",4,4,4,4,4,4,4,4
"Idaho","status_quo","Past",2021-02-07,"daily_deaths",4,4,4,4,4,4,4,4
"Idaho","linear_increase_sd","Past",2021-02-07,"daily_hosps",40,40,40,40,40,40,40,40
"Idaho","return_normal","Past",2021-02-07,"daily_hosps",40,40,40,40,40,40,40,40
"Idaho","status_quo","Past",2021-02-07,"daily_hosps",40,40,40,40,40,40,40,40
"Idaho","linear_increase_sd","Past",2021-02-07,"latent_trend",NA,NA,NA,0.645141339832942,NA,NA,NA,NA
"Idaho","return_normal","Past",2021-02-07,"latent_trend",NA,NA,NA,0.645141339832942,NA,NA,NA,NA
"Idaho","status_quo","Past",2021-02-07,"latent_trend",NA,NA,NA,0.645141339832942,NA,NA,NA,NA
"Idaho","linear_increase_sd","Past",2021-02-07,"mobility_trend",NA,NA,NA,0.68121614176146,NA,NA,NA,NA
"Idaho","return_normal","Past",2021-02-07,"mobility_trend",NA,NA,NA,0.68121614176146,NA,NA,NA,NA
"Idaho","status_quo","Past",2021-02-07,"mobility_trend",NA,NA,NA,0.68121614176146,NA,NA,NA,NA
"Idaho",NA,"Past",2021-02-08,"actual_cumulative_cases",NA,NA,NA,165209,NA,NA,NA,NA
"Idaho",NA,"Past",2021-02-08,"actual_cumulative_deaths",NA,NA,NA,1772,NA,NA,NA,NA
"Idaho",NA,"Past",2021-02-08,"actual_daily_cases",NA,NA,NA,0,NA,NA,NA,NA
"Idaho",NA,"Past",2021-02-08,"actual_daily_deaths",NA,NA,NA,0,NA,NA,NA,NA
"Idaho","linear_increase_sd","Past",2021-02-08,"combined_trend",NA,NA,NA,0.442184509954098,NA,NA,NA,NA
"Idaho","return_normal","Past",2021-02-08,"combined_trend",NA,NA,NA,0.442184509954098,NA,NA,NA,NA
"Idaho","status_quo","Past",2021-02-08,"combined_trend",NA,NA,NA,0.442184509954098,NA,NA,NA,NA
"Idaho","linear_increase_sd","Past",2021-02-08,"cumulative_all_infections",462300,462300,462300,462300,462300,462300,462300,462300
"Idaho","return_normal","Past",2021-02-08,"cumulative_all_infections",462300,462300,462300,462300,462300,462300,462300,462300
"Idaho","status_quo","Past",2021-02-08,"cumulative_all_infections",462300,462300,462300,462300,462300,462300,462300,462300
"Idaho","linear_increase_sd","Past",2021-02-08,"cumulative_cases",170282,170282,170282,170282,170282,170282,170282,170282
"Idaho","return_normal","Past",2021-02-08,"cumulative_cases",170282,170282,170282,170282,170282,170282,170282,170282
"Idaho","status_quo","Past",2021-02-08,"cumulative_cases",170282,170282,170282,170282,170282,170282,170282,170282
"Idaho","linear_increase_sd","Past",2021-02-08,"cumulative_deaths",2202,2202,2202,2202,2202,2202,2202,2202
"Idaho","return_normal","Past",2021-02-08,"cumulative_deaths",2202,2202,2202,2202,2202,2202,2202,2202
"Idaho","status_quo","Past",2021-02-08,"cumulative_deaths",2202,2202,2202,2202,2202,2202,2202,2202
"Idaho","linear_increase_sd","Past",2021-02-08,"cumulative_hosps",20161,20161,20161,20161,20161,20161,20161,20161
"Idaho","return_normal","Past",2021-02-08,"cumulative_hosps",20161,20161,20161,20161,20161,20161,20161,20161
"Idaho","status_quo","Past",2021-02-08,"cumulative_hosps",20161,20161,20161,20161,20161,20161,20161,20161
"Idaho","linear_increase_sd","Past",2021-02-08,"daily_all_infections",730,730,730,730,730,730,730,730
"Idaho","return_normal","Past",2021-02-08,"daily_all_infections",730,730,730,730,730,730,730,730
"Idaho","status_quo","Past",2021-02-08,"daily_all_infections",730,730,730,730,730,730,730,730
"Idaho","linear_increase_sd","Past",2021-02-08,"daily_cases",329,329,329,329,329,329,329,329
"Idaho","return_normal","Past",2021-02-08,"daily_cases",329,329,329,329,329,329,329,329
"Idaho","status_quo","Past",2021-02-08,"daily_cases",329,329,329,329,329,329,329,329
"Idaho","linear_increase_sd","Past",2021-02-08,"daily_deaths",3,3,3,3,3,3,3,3
"Idaho","return_normal","Past",2021-02-08,"daily_deaths",3,3,3,3,3,3,3,3
"Idaho","status_quo","Past",2021-02-08,"daily_deaths",3,3,3,3,3,3,3,3
"Idaho","linear_increase_sd","Past",2021-02-08,"daily_hosps",39,39,39,39,39,39,39,39
"Idaho","return_normal","Past",2021-02-08,"daily_hosps",39,39,39,39,39,39,39,39
"Idaho","status_quo","Past",2021-02-08,"daily_hosps",39,39,39,39,39,39,39,39
"Idaho","linear_increase_sd","Past",2021-02-08,"latent_trend",NA,NA,NA,0.648324150761299,NA,NA,NA,NA
"Idaho","return_normal","Past",2021-02-08,"latent_trend",NA,NA,NA,0.648324150761299,NA,NA,NA,NA
"Idaho","status_quo","Past",2021-02-08,"latent_trend",NA,NA,NA,0.648324150761299,NA,NA,NA,NA
"Idaho","linear_increase_sd","Past",2021-02-08,"mobility_trend",NA,NA,NA,0.682042323172536,NA,NA,NA,NA
"Idaho","return_normal","Past",2021-02-08,"mobility_trend",NA,NA,NA,0.682042323172536,NA,NA,NA,NA
"Idaho","status_quo","Past",2021-02-08,"mobility_trend",NA,NA,NA,0.682042323172536,NA,NA,NA,NA
"Idaho",NA,"Past",2021-02-09,"actual_cumulative_cases",NA,NA,NA,165658,NA,NA,NA,NA
"Idaho",NA,"Past",2021-02-09,"actual_cumulative_deaths",NA,NA,NA,1781,NA,NA,NA,NA
"Idaho",NA,"Past",2021-02-09,"actual_daily_cases",NA,NA,NA,449,NA,NA,NA,NA
"Idaho",NA,"Past",2021-02-09,"actual_daily_deaths",NA,NA,NA,9,NA,NA,NA,NA
"Idaho","linear_increase_sd","Past",2021-02-09,"combined_trend",NA,NA,NA,0.444406941044805,NA,NA,NA,NA
"Idaho","return_normal","Past",2021-02-09,"combined_trend",NA,NA,NA,0.444406941044805,NA,NA,NA,NA
"Idaho","status_quo","Past",2021-02-09,"combined_trend",NA,NA,NA,0.444406941044805,NA,NA,NA,NA
"Idaho","linear_increase_sd","Past",2021-02-09,"cumulative_all_infections",463023,463023,463023,463023,463023,463023,463023,463023
"Idaho","return_normal","Past",2021-02-09,"cumulative_all_infections",463023,463023,463023,463023,463023,463023,463023,463023
"Idaho","status_quo","Past",2021-02-09,"cumulative_all_infections",463023,463023,463023,463023,463023,463023,463023,463023
"Idaho","linear_increase_sd","Past",2021-02-09,"cumulative_cases",170525,170525,170525,170525,170525,170525,170525,170525
"Idaho","return_normal","Past",2021-02-09,"cumulative_cases",170525,170525,170525,170525,170525,170525,170525,170525
"Idaho","status_quo","Past",2021-02-09,"cumulative_cases",170525,170525,170525,170525,170525,170525,170525,170525
"Idaho","linear_increase_sd","Past",2021-02-09,"cumulative_deaths",2206,2206,2206,2206,2206,2206,2206,2206
"Idaho","return_normal","Past",2021-02-09,"cumulative_deaths",2206,2206,2206,2206,2206,2206,2206,2206
"Idaho","status_quo","Past",2021-02-09,"cumulative_deaths",2206,2206,2206,2206,2206,2206,2206,2206
"Idaho","linear_increase_sd","Past",2021-02-09,"cumulative_hosps",20199,20199,20199,20199,20199,20199,20199,20199
"Idaho","return_normal","Past",2021-02-09,"cumulative_hosps",20199,20199,20199,20199,20199,20199,20199,20199
"Idaho","status_quo","Past",2021-02-09,"cumulative_hosps",20199,20199,20199,20199,20199,20199,20199,20199
"Idaho","linear_increase_sd","Past",2021-02-09,"daily_all_infections",723,723,723,723,723,723,723,723
"Idaho","return_normal","Past",2021-02-09,"daily_all_infections",723,723,723,723,723,723,723,723
"Idaho","status_quo","Past",2021-02-09,"daily_all_infections",723,723,723,723,723,723,723,723
"Idaho","linear_increase_sd","Past",2021-02-09,"daily_cases",243,243,243,243,243,243,243,243
"Idaho","return_normal","Past",2021-02-09,"daily_cases",243,243,243,243,243,243,243,243
"Idaho","status_quo","Past",2021-02-09,"daily_cases",243,243,243,243,243,243,243,243
"Idaho","linear_increase_sd","Past",2021-02-09,"daily_deaths",4,4,4,4,4,4,4,4
"Idaho","return_normal","Past",2021-02-09,"daily_deaths",4,4,4,4,4,4,4,4
"Idaho","status_quo","Past",2021-02-09,"daily_deaths",4,4,4,4,4,4,4,4
"Idaho","linear_increase_sd","Past",2021-02-09,"daily_hosps",38,38,38,38,38,38,38,38
"Idaho","return_normal","Past",2021-02-09,"daily_hosps",38,38,38,38,38,38,38,38
"Idaho","status_quo","Past",2021-02-09,"daily_hosps",38,38,38,38,38,38,38,38
"Idaho","linear_increase_sd","Past",2021-02-09,"latent_trend",NA,NA,NA,0.650771404041368,NA,NA,NA,NA
"Idaho","return_normal","Past",2021-02-09,"latent_trend",NA,NA,NA,0.650771404041368,NA,NA,NA,NA
"Idaho","status_quo","Past",2021-02-09,"latent_trend",NA,NA,NA,0.650771404041368,NA,NA,NA,NA
"Idaho","linear_increase_sd","Past",2021-02-09,"mobility_trend",NA,NA,NA,0.682892546115248,NA,NA,NA,NA
"Idaho","return_normal","Past",2021-02-09,"mobility_trend",NA,NA,NA,0.682892546115248,NA,NA,NA,NA
"Idaho","status_quo","Past",2021-02-09,"mobility_trend",NA,NA,NA,0.682892546115248,NA,NA,NA,NA
"Idaho",NA,"Past",2021-02-10,"actual_cumulative_cases",NA,NA,NA,166095,NA,NA,NA,NA
"Idaho",NA,"Past",2021-02-10,"actual_cumulative_deaths",NA,NA,NA,1785,NA,NA,NA,NA
"Idaho",NA,"Past",2021-02-10,"actual_daily_cases",NA,NA,NA,437,NA,NA,NA,NA
"Idaho",NA,"Past",2021-02-10,"actual_daily_deaths",NA,NA,NA,4,NA,NA,NA,NA
"Idaho","linear_increase_sd","Past",2021-02-10,"combined_trend",NA,NA,NA,0.446130023912012,NA,NA,NA,NA
"Idaho","return_normal","Past",2021-02-10,"combined_trend",NA,NA,NA,0.446130023912012,NA,NA,NA,NA
"Idaho","status_quo","Past",2021-02-10,"combined_trend",NA,NA,NA,0.446130023912012,NA,NA,NA,NA
"Idaho","linear_increase_sd","Past",2021-02-10,"cumulative_all_infections",463739,463739,463739,463739,463739,463739,463739,463739
"Idaho","return_normal","Past",2021-02-10,"cumulative_all_infections",463739,463739,463739,463739,463739,463739,463739,463739
"Idaho","status_quo","Past",2021-02-10,"cumulative_all_infections",463739,463739,463739,463739,463739,463739,463739,463739
"Idaho","linear_increase_sd","Past",2021-02-10,"cumulative_cases",170822,170822,170822,170822,170822,170822,170822,170822
"Idaho","return_normal","Past",2021-02-10,"cumulative_cases",170822,170822,170822,170822,170822,170822,170822,170822
"Idaho","status_quo","Past",2021-02-10,"cumulative_cases",170822,170822,170822,170822,170822,170822,170822,170822
"Idaho","linear_increase_sd","Past",2021-02-10,"cumulative_deaths",2210,2210,2210,2210,2210,2210,2210,2210
"Idaho","return_normal","Past",2021-02-10,"cumulative_deaths",2210,2210,2210,2210,2210,2210,2210,2210
"Idaho","status_quo","Past",2021-02-10,"cumulative_deaths",2210,2210,2210,2210,2210,2210,2210,2210
"Idaho","linear_increase_sd","Past",2021-02-10,"cumulative_hosps",20238,20238,20238,20238,20238,20238,20238,20238
"Idaho","return_normal","Past",2021-02-10,"cumulative_hosps",20238,20238,20238,20238,20238,20238,20238,20238
"Idaho","status_quo","Past",2021-02-10,"cumulative_hosps",20238,20238,20238,20238,20238,20238,20238,20238
"Idaho","linear_increase_sd","Past",2021-02-10,"daily_all_infections",716,716,716,716,716,716,716,716
"Idaho","return_normal","Past",2021-02-10,"daily_all_infections",716,716,716,716,716,716,716,716
"Idaho","status_quo","Past",2021-02-10,"daily_all_infections",716,716,716,716,716,716,716,716
"Idaho","linear_increase_sd","Past",2021-02-10,"daily_cases",297,297,297,297,297,297,297,297
"Idaho","return_normal","Past",2021-02-10,"daily_cases",297,297,297,297,297,297,297,297
"Idaho","status_quo","Past",2021-02-10,"daily_cases",297,297,297,297,297,297,297,297
"Idaho","linear_increase_sd","Past",2021-02-10,"daily_deaths",4,4,4,4,4,4,4,4
"Idaho","return_normal","Past",2021-02-10,"daily_deaths",4,4,4,4,4,4,4,4
"Idaho","status_quo","Past",2021-02-10,"daily_deaths",4,4,4,4,4,4,4,4
"Idaho","linear_increase_sd","Past",2021-02-10,"daily_hosps",39,39,39,39,39,39,39,39
"Idaho","return_normal","Past",2021-02-10,"daily_hosps",39,39,39,39,39,39,39,39
"Idaho","status_quo","Past",2021-02-10,"daily_hosps",39,39,39,39,39,39,39,39
"Idaho","linear_increase_sd","Past",2021-02-10,"latent_trend",NA,NA,NA,0.652429237562376,NA,NA,NA,NA
"Idaho","return_normal","Past",2021-02-10,"latent_trend",NA,NA,NA,0.652429237562376,NA,NA,NA,NA
"Idaho","status_quo","Past",2021-02-10,"latent_trend",NA,NA,NA,0.652429237562376,NA,NA,NA,NA
"Idaho","linear_increase_sd","Past",2021-02-10,"mobility_trend",NA,NA,NA,0.68379833126249,NA,NA,NA,NA
"Idaho","return_normal","Past",2021-02-10,"mobility_trend",NA,NA,NA,0.68379833126249,NA,NA,NA,NA
"Idaho","status_quo","Past",2021-02-10,"mobility_trend",NA,NA,NA,0.68379833126249,NA,NA,NA,NA
"Idaho",NA,"Past",2021-02-11,"actual_cumulative_cases",NA,NA,NA,166553,NA,NA,NA,NA
"Idaho",NA,"Past",2021-02-11,"actual_cumulative_deaths",NA,NA,NA,1796,NA,NA,NA,NA
"Idaho",NA,"Past",2021-02-11,"actual_daily_cases",NA,NA,NA,458,NA,NA,NA,NA
"Idaho",NA,"Past",2021-02-11,"actual_daily_deaths",NA,NA,NA,11,NA,NA,NA,NA
"Idaho","linear_increase_sd","Past",2021-02-11,"combined_trend",NA,NA,NA,0.447342264040359,NA,NA,NA,NA
"Idaho","return_normal","Past",2021-02-11,"combined_trend",NA,NA,NA,0.447342264040359,NA,NA,NA,NA
"Idaho","status_quo","Past",2021-02-11,"combined_trend",NA,NA,NA,0.447342264040359,NA,NA,NA,NA
"Idaho","linear_increase_sd","Past",2021-02-11,"cumulative_all_infections",464447,464447,464447,464447,464447,464447,464447,464447
"Idaho","return_normal","Past",2021-02-11,"cumulative_all_infections",464447,464447,464447,464447,464447,464447,464447,464447
"Idaho","status_quo","Past",2021-02-11,"cumulative_all_infections",464447,464447,464447,464447,464447,464447,464447,464447
"Idaho","linear_increase_sd","Past",2021-02-11,"cumulative_cases",171111,171111,171111,171111,171111,171111,171111,171111
"Idaho","return_normal","Past",2021-02-11,"cumulative_cases",171111,171111,171111,171111,171111,171111,171111,171111
"Idaho","status_quo","Past",2021-02-11,"cumulative_cases",171111,171111,171111,171111,171111,171111,171111,171111
"Idaho","linear_increase_sd","Past",2021-02-11,"cumulative_deaths",2214,2214,2214,2214,2214,2214,2214,2214
"Idaho","return_normal","Past",2021-02-11,"cumulative_deaths",2214,2214,2214,2214,2214,2214,2214,2214
"Idaho","status_quo","Past",2021-02-11,"cumulative_deaths",2214,2214,2214,2214,2214,2214,2214,2214
"Idaho","linear_increase_sd","Past",2021-02-11,"cumulative_hosps",20275,20275,20275,20275,20275,20275,20275,20275
"Idaho","return_normal","Past",2021-02-11,"cumulative_hosps",20275,20275,20275,20275,20275,20275,20275,20275
"Idaho","status_quo","Past",2021-02-11,"cumulative_hosps",20275,20275,20275,20275,20275,20275,20275,20275
"Idaho","linear_increase_sd","Past",2021-02-11,"daily_all_infections",708,708,708,708,708,708,708,708
"Idaho","return_normal","Past",2021-02-11,"daily_all_infections",708,708,708,708,708,708,708,708
"Idaho","status_quo","Past",2021-02-11,"daily_all_infections",708,708,708,708,708,708,708,708
"Idaho","linear_increase_sd","Past",2021-02-11,"daily_cases",289,289,289,289,289,289,289,289
"Idaho","return_normal","Past",2021-02-11,"daily_cases",289,289,289,289,289,289,289,289
"Idaho","status_quo","Past",2021-02-11,"daily_cases",289,289,289,289,289,289,289,289
"Idaho","linear_increase_sd","Past",2021-02-11,"daily_deaths",4,4,4,4,4,4,4,4
"Idaho","return_normal","Past",2021-02-11,"daily_deaths",4,4,4,4,4,4,4,4
"Idaho","status_quo","Past",2021-02-11,"daily_deaths",4,4,4,4,4,4,4,4
"Idaho","linear_increase_sd","Past",2021-02-11,"daily_hosps",37,37,37,37,37,37,37,37
"Idaho","return_normal","Past",2021-02-11,"daily_hosps",37,37,37,37,37,37,37,37
"Idaho","status_quo","Past",2021-02-11,"daily_hosps",37,37,37,37,37,37,37,37
"Idaho","linear_increase_sd","Past",2021-02-11,"latent_trend",NA,NA,NA,0.653247142064011,NA,NA,NA,NA
"Idaho","return_normal","Past",2021-02-11,"latent_trend",NA,NA,NA,0.653247142064011,NA,NA,NA,NA
"Idaho","status_quo","Past",2021-02-11,"latent_trend",NA,NA,NA,0.653247142064011,NA,NA,NA,NA
"Idaho","linear_increase_sd","Past",2021-02-11,"mobility_trend",NA,NA,NA,0.684797889244381,NA,NA,NA,NA
"Idaho","return_normal","Past",2021-02-11,"mobility_trend",NA,NA,NA,0.684797889244381,NA,NA,NA,NA
"Idaho","status_quo","Past",2021-02-11,"mobility_trend",NA,NA,NA,0.684797889244381,NA,NA,NA,NA
"Idaho",NA,"Past",2021-02-12,"actual_cumulative_cases",NA,NA,NA,166876,NA,NA,NA,NA
"Idaho",NA,"Past",2021-02-12,"actual_cumulative_deaths",NA,NA,NA,1796,NA,NA,NA,NA
"Idaho",NA,"Past",2021-02-12,"actual_daily_cases",NA,NA,NA,323,NA,NA,NA,NA
"Idaho",NA,"Past",2021-02-12,"actual_daily_deaths",NA,NA,NA,0,NA,NA,NA,NA
"Idaho","linear_increase_sd","Past",2021-02-12,"combined_trend",NA,NA,NA,0.448087469138861,NA,NA,NA,NA
"Idaho","return_normal","Past",2021-02-12,"combined_trend",NA,NA,NA,0.448087469138861,NA,NA,NA,NA
"Idaho","status_quo","Past",2021-02-12,"combined_trend",NA,NA,NA,0.448087469138861,NA,NA,NA,NA
"Idaho","linear_increase_sd","Past",2021-02-12,"cumulative_all_infections",465150,465150,465150,465150,465150,465150,465150,465150
"Idaho","return_normal","Past",2021-02-12,"cumulative_all_infections",465150,465150,465150,465150,465150,465150,465150,465150
"Idaho","status_quo","Past",2021-02-12,"cumulative_all_infections",465150,465150,465150,465150,465150,465150,465150,465150
"Idaho","linear_increase_sd","Past",2021-02-12,"cumulative_cases",171416,171416,171416,171416,171416,171416,171416,171416
"Idaho","return_normal","Past",2021-02-12,"cumulative_cases",171416,171416,171416,171416,171416,171416,171416,171416
"Idaho","status_quo","Past",2021-02-12,"cumulative_cases",171416,171416,171416,171416,171416,171416,171416,171416
"Idaho","linear_increase_sd","Past",2021-02-12,"cumulative_deaths",2217,2217,2217,2217,2217,2217,2217,2217
"Idaho","return_normal","Past",2021-02-12,"cumulative_deaths",2217,2217,2217,2217,2217,2217,2217,2217
"Idaho","status_quo","Past",2021-02-12,"cumulative_deaths",2217,2217,2217,2217,2217,2217,2217,2217
"Idaho","linear_increase_sd","Past",2021-02-12,"cumulative_hosps",20312,20312,20312,20312,20312,20312,20312,20312
"Idaho","return_normal","Past",2021-02-12,"cumulative_hosps",20312,20312,20312,20312,20312,20312,20312,20312
"Idaho","status_quo","Past",2021-02-12,"cumulative_hosps",20312,20312,20312,20312,20312,20312,20312,20312
"Idaho","linear_increase_sd","Past",2021-02-12,"daily_all_infections",703,703,703,703,703,703,703,703
"Idaho","return_normal","Past",2021-02-12,"daily_all_infections",703,703,703,703,703,703,703,703
"Idaho","status_quo","Past",2021-02-12,"daily_all_infections",703,703,703,703,703,703,703,703
"Idaho","linear_increase_sd","Past",2021-02-12,"daily_cases",305,305,305,305,305,305,305,305
"Idaho","return_normal","Past",2021-02-12,"daily_cases",305,305,305,305,305,305,305,305
"Idaho","status_quo","Past",2021-02-12,"daily_cases",305,305,305,305,305,305,305,305
"Idaho","linear_increase_sd","Past",2021-02-12,"daily_deaths",3,3,3,3,3,3,3,3
"Idaho","return_normal","Past",2021-02-12,"daily_deaths",3,3,3,3,3,3,3,3
"Idaho","status_quo","Past",2021-02-12,"daily_deaths",3,3,3,3,3,3,3,3
"Idaho","linear_increase_sd","Past",2021-02-12,"daily_hosps",37,37,37,37,37,37,37,37
"Idaho","return_normal","Past",2021-02-12,"daily_hosps",37,37,37,37,37,37,37,37
"Idaho","status_quo","Past",2021-02-12,"daily_hosps",37,37,37,37,37,37,37,37
"Idaho","linear_increase_sd","Past",2021-02-12,"latent_trend",NA,NA,NA,0.653256120230816,NA,NA,NA,NA
"Idaho","return_normal","Past",2021-02-12,"latent_trend",NA,NA,NA,0.653256120230816,NA,NA,NA,NA
"Idaho","status_quo","Past",2021-02-12,"latent_trend",NA,NA,NA,0.653256120230816,NA,NA,NA,NA
"Idaho","linear_increase_sd","Past",2021-02-12,"mobility_trend",NA,NA,NA,0.685929232443376,NA,NA,NA,NA
"Idaho","return_normal","Past",2021-02-12,"mobility_trend",NA,NA,NA,0.685929232443376,NA,NA,NA,NA
"Idaho","status_quo","Past",2021-02-12,"mobility_trend",NA,NA,NA,0.685929232443376,NA,NA,NA,NA
"Idaho",NA,"Past",2021-02-13,"actual_cumulative_cases",NA,NA,NA,167225,NA,NA,NA,NA
"Idaho",NA,"Past",2021-02-13,"actual_cumulative_deaths",NA,NA,NA,1801,NA,NA,NA,NA
"Idaho",NA,"Past",2021-02-13,"actual_daily_cases",NA,NA,NA,349,NA,NA,NA,NA
"Idaho",NA,"Past",2021-02-13,"actual_daily_deaths",NA,NA,NA,5,NA,NA,NA,NA
"Idaho","linear_increase_sd","Past",2021-02-13,"combined_trend",NA,NA,NA,0.448454526292477,NA,NA,NA,NA
"Idaho","return_normal","Past",2021-02-13,"combined_trend",NA,NA,NA,0.448454526292477,NA,NA,NA,NA
"Idaho","status_quo","Past",2021-02-13,"combined_trend",NA,NA,NA,0.448454526292477,NA,NA,NA,NA
"Idaho","linear_increase_sd","Past",2021-02-13,"cumulative_all_infections",465844,465844,465844,465844,465844,465844,465844,465844
"Idaho","return_normal","Past",2021-02-13,"cumulative_all_infections",465844,465844,465844,465844,465844,465844,465844,465844
"Idaho","status_quo","Past",2021-02-13,"cumulative_all_infections",465844,465844,465844,465844,465844,465844,465844,465844
"Idaho","linear_increase_sd","Past",2021-02-13,"cumulative_cases",171681,171681,171681,171681,171681,171681,171681,171681
"Idaho","return_normal","Past",2021-02-13,"cumulative_cases",171681,171681,171681,171681,171681,171681,171681,171681
"Idaho","status_quo","Past",2021-02-13,"cumulative_cases",171681,171681,171681,171681,171681,171681,171681,171681
"Idaho","linear_increase_sd","Past",2021-02-13,"cumulative_deaths",2220,2220,2220,2220,2220,2220,2220,2220
"Idaho","return_normal","Past",2021-02-13,"cumulative_deaths",2220,2220,2220,2220,2220,2220,2220,2220
"Idaho","status_quo","Past",2021-02-13,"cumulative_deaths",2220,2220,2220,2220,2220,2220,2220,2220
"Idaho","linear_increase_sd","Past",2021-02-13,"cumulative_hosps",20348,20348,20348,20348,20348,20348,20348,20348
"Idaho","return_normal","Past",2021-02-13,"cumulative_hosps",20348,20348,20348,20348,20348,20348,20348,20348
"Idaho","status_quo","Past",2021-02-13,"cumulative_hosps",20348,20348,20348,20348,20348,20348,20348,20348
"Idaho","linear_increase_sd","Past",2021-02-13,"daily_all_infections",694,694,694,694,694,694,694,694
"Idaho","return_normal","Past",2021-02-13,"daily_all_infections",694,694,694,694,694,694,694,694
"Idaho","status_quo","Past",2021-02-13,"daily_all_infections",694,694,694,694,694,694,694,694
"Idaho","linear_increase_sd","Past",2021-02-13,"daily_cases",265,265,265,265,265,265,265,265
"Idaho","return_normal","Past",2021-02-13,"daily_cases",265,265,265,265,265,265,265,265
"Idaho","status_quo","Past",2021-02-13,"daily_cases",265,265,265,265,265,265,265,265
"Idaho","linear_increase_sd","Past",2021-02-13,"daily_deaths",3,3,3,3,3,3,3,3
"Idaho","return_normal","Past",2021-02-13,"daily_deaths",3,3,3,3,3,3,3,3
"Idaho","status_quo","Past",2021-02-13,"daily_deaths",3,3,3,3,3,3,3,3
"Idaho","linear_increase_sd","Past",2021-02-13,"daily_hosps",36,36,36,36,36,36,36,36
"Idaho","return_normal","Past",2021-02-13,"daily_hosps",36,36,36,36,36,36,36,36
"Idaho","status_quo","Past",2021-02-13,"daily_hosps",36,36,36,36,36,36,36,36
"Idaho","linear_increase_sd","Past",2021-02-13,"latent_trend",NA,NA,NA,0.652554167020149,NA,NA,NA,NA
"Idaho","return_normal","Past",2021-02-13,"latent_trend",NA,NA,NA,0.652554167020149,NA,NA,NA,NA
"Idaho","status_quo","Past",2021-02-13,"latent_trend",NA,NA,NA,0.652554167020149,NA,NA,NA,NA
"Idaho","linear_increase_sd","Past",2021-02-13,"mobility_trend",NA,NA,NA,0.687229580251275,NA,NA,NA,NA
"Idaho","return_normal","Past",2021-02-13,"mobility_trend",NA,NA,NA,0.687229580251275,NA,NA,NA,NA
"Idaho","status_quo","Past",2021-02-13,"mobility_trend",NA,NA,NA,0.687229580251275,NA,NA,NA,NA
"Idaho",NA,"Past",2021-02-14,"actual_cumulative_cases",NA,NA,NA,167483,NA,NA,NA,NA
"Idaho",NA,"Past",2021-02-14,"actual_cumulative_deaths",NA,NA,NA,1808,NA,NA,NA,NA
"Idaho",NA,"Past",2021-02-14,"actual_daily_cases",NA,NA,NA,258,NA,NA,NA,NA
"Idaho",NA,"Past",2021-02-14,"actual_daily_deaths",NA,NA,NA,7,NA,NA,NA,NA
"Idaho","linear_increase_sd","Past",2021-02-14,"combined_trend",NA,NA,NA,0.448532071861262,NA,NA,NA,NA
"Idaho","return_normal","Past",2021-02-14,"combined_trend",NA,NA,NA,0.448532071861262,NA,NA,NA,NA
"Idaho","status_quo","Past",2021-02-14,"combined_trend",NA,NA,NA,0.448532071861262,NA,NA,NA,NA
"Idaho","linear_increase_sd","Past",2021-02-14,"cumulative_all_infections",466531,466531,466531,466531,466531,466531,466531,466531
"Idaho","return_normal","Past",2021-02-14,"cumulative_all_infections",466531,466531,466531,466531,466531,466531,466531,466531
"Idaho","status_quo","Past",2021-02-14,"cumulative_all_infections",466531,466531,466531,466531,466531,466531,466531,466531
"Idaho","linear_increase_sd","Past",2021-02-14,"cumulative_cases",171968,171968,171968,171968,171968,171968,171968,171968
"Idaho","return_normal","Past",2021-02-14,"cumulative_cases",171968,171968,171968,171968,171968,171968,171968,171968
"Idaho","status_quo","Past",2021-02-14,"cumulative_cases",171968,171968,171968,171968,171968,171968,171968,171968
"Idaho","linear_increase_sd","Past",2021-02-14,"cumulative_deaths",2223,2223,2223,2223,2223,2223,2223,2223
"Idaho","return_normal","Past",2021-02-14,"cumulative_deaths",2223,2223,2223,2223,2223,2223,2223,2223
"Idaho","status_quo","Past",2021-02-14,"cumulative_deaths",2223,2223,2223,2223,2223,2223,2223,2223
"Idaho","linear_increase_sd","Past",2021-02-14,"cumulative_hosps",20385,20385,20385,20385,20385,20385,20385,20385
"Idaho","return_normal","Past",2021-02-14,"cumulative_hosps",20385,20385,20385,20385,20385,20385,20385,20385
"Idaho","status_quo","Past",2021-02-14,"cumulative_hosps",20385,20385,20385,20385,20385,20385,20385,20385
"Idaho","linear_increase_sd","Past",2021-02-14,"daily_all_infections",687,687,687,687,687,687,687,687
"Idaho","return_normal","Past",2021-02-14,"daily_all_infections",687,687,687,687,687,687,687,687
"Idaho","status_quo","Past",2021-02-14,"daily_all_infections",687,687,687,687,687,687,687,687
"Idaho","linear_increase_sd","Past",2021-02-14,"daily_cases",287,287,287,287,287,287,287,287
"Idaho","return_normal","Past",2021-02-14,"daily_cases",287,287,287,287,287,287,287,287
"Idaho","status_quo","Past",2021-02-14,"daily_cases",287,287,287,287,287,287,287,287
"Idaho","linear_increase_sd","Past",2021-02-14,"daily_deaths",3,3,3,3,3,3,3,3
"Idaho","return_normal","Past",2021-02-14,"daily_deaths",3,3,3,3,3,3,3,3
"Idaho","status_quo","Past",2021-02-14,"daily_deaths",3,3,3,3,3,3,3,3
"Idaho","linear_increase_sd","Past",2021-02-14,"daily_hosps",37,37,37,37,37,37,37,37
"Idaho","return_normal","Past",2021-02-14,"daily_hosps",37,37,37,37,37,37,37,37
"Idaho","status_quo","Past",2021-02-14,"daily_hosps",37,37,37,37,37,37,37,37
"Idaho","linear_increase_sd","Past",2021-02-14,"latent_trend",NA,NA,NA,0.651239519845882,NA,NA,NA,NA
"Idaho","return_normal","Past",2021-02-14,"latent_trend",NA,NA,NA,0.651239519845882,NA,NA,NA,NA
"Idaho","status_quo","Past",2021-02-14,"latent_trend",NA,NA,NA,0.651239519845882,NA,NA,NA,NA
"Idaho","linear_increase_sd","Past",2021-02-14,"mobility_trend",NA,NA,NA,0.688735953812214,NA,NA,NA,NA
"Idaho","return_normal","Past",2021-02-14,"mobility_trend",NA,NA,NA,0.688735953812214,NA,NA,NA,NA
"Idaho","status_quo","Past",2021-02-14,"mobility_trend",NA,NA,NA,0.688735953812214,NA,NA,NA,NA
"Idaho",NA,"Past",2021-02-15,"actual_cumulative_cases",NA,NA,NA,167483,NA,NA,NA,NA
"Idaho",NA,"Past",2021-02-15,"actual_cumulative_deaths",NA,NA,NA,1808,NA,NA,NA,NA
"Idaho",NA,"Past",2021-02-15,"actual_daily_cases",NA,NA,NA,0,NA,NA,NA,NA
"Idaho",NA,"Past",2021-02-15,"actual_daily_deaths",NA,NA,NA,0,NA,NA,NA,NA
"Idaho","linear_increase_sd","Past",2021-02-15,"combined_trend",NA,NA,NA,0.448407737014784,NA,NA,NA,NA
"Idaho","return_normal","Past",2021-02-15,"combined_trend",NA,NA,NA,0.448407737014784,NA,NA,NA,NA
"Idaho","status_quo","Past",2021-02-15,"combined_trend",NA,NA,NA,0.448407737014784,NA,NA,NA,NA
"Idaho","linear_increase_sd","Past",2021-02-15,"cumulative_all_infections",467215,467215,467215,467215,467215,467215,467215,467215
"Idaho","return_normal","Past",2021-02-15,"cumulative_all_infections",467215,467215,467215,467215,467215,467215,467215,467215
"Idaho","status_quo","Past",2021-02-15,"cumulative_all_infections",467215,467215,467215,467215,467215,467215,467215,467215
"Idaho","linear_increase_sd","Past",2021-02-15,"cumulative_cases",172240,172240,172240,172240,172240,172240,172240,172240
"Idaho","return_normal","Past",2021-02-15,"cumulative_cases",172240,172240,172240,172240,172240,172240,172240,172240
"Idaho","status_quo","Past",2021-02-15,"cumulative_cases",172240,172240,172240,172240,172240,172240,172240,172240
"Idaho","linear_increase_sd","Past",2021-02-15,"cumulative_deaths",2226,2226,2226,2226,2226,2226,2226,2226
"Idaho","return_normal","Past",2021-02-15,"cumulative_deaths",2226,2226,2226,2226,2226,2226,2226,2226
"Idaho","status_quo","Past",2021-02-15,"cumulative_deaths",2226,2226,2226,2226,2226,2226,2226,2226
"Idaho","linear_increase_sd","Past",2021-02-15,"cumulative_hosps",20421,20421,20421,20421,20421,20421,20421,20421
"Idaho","return_normal","Past",2021-02-15,"cumulative_hosps",20421,20421,20421,20421,20421,20421,20421,20421
"Idaho","status_quo","Past",2021-02-15,"cumulative_hosps",20421,20421,20421,20421,20421,20421,20421,20421
"Idaho","linear_increase_sd","Past",2021-02-15,"daily_all_infections",684,684,684,684,684,684,684,684
"Idaho","return_normal","Past",2021-02-15,"daily_all_infections",684,684,684,684,684,684,684,684
"Idaho","status_quo","Past",2021-02-15,"daily_all_infections",684,684,684,684,684,684,684,684
"Idaho","linear_increase_sd","Past",2021-02-15,"daily_cases",272,272,272,272,272,272,272,272
"Idaho","return_normal","Past",2021-02-15,"daily_cases",272,272,272,272,272,272,272,272
"Idaho","status_quo","Past",2021-02-15,"daily_cases",272,272,272,272,272,272,272,272
"Idaho","linear_increase_sd","Past",2021-02-15,"daily_deaths",3,3,3,3,3,3,3,3
"Idaho","return_normal","Past",2021-02-15,"daily_deaths",3,3,3,3,3,3,3,3
"Idaho","status_quo","Past",2021-02-15,"daily_deaths",3,3,3,3,3,3,3,3
"Idaho","linear_increase_sd","Past",2021-02-15,"daily_hosps",36,36,36,36,36,36,36,36
"Idaho","return_normal","Past",2021-02-15,"daily_hosps",36,36,36,36,36,36,36,36
"Idaho","status_quo","Past",2021-02-15,"daily_hosps",36,36,36,36,36,36,36,36
"Idaho","linear_increase_sd","Past",2021-02-15,"latent_trend",NA,NA,NA,0.649409464304205,NA,NA,NA,NA
"Idaho","return_normal","Past",2021-02-15,"latent_trend",NA,NA,NA,0.649409464304205,NA,NA,NA,NA
"Idaho","status_quo","Past",2021-02-15,"latent_trend",NA,NA,NA,0.649409464304205,NA,NA,NA,NA
"Idaho","linear_increase_sd","Past",2021-02-15,"mobility_trend",NA,NA,NA,0.690485374270331,NA,NA,NA,NA
"Idaho","return_normal","Past",2021-02-15,"mobility_trend",NA,NA,NA,0.690485374270331,NA,NA,NA,NA
"Idaho","status_quo","Past",2021-02-15,"mobility_trend",NA,NA,NA,0.690485374270331,NA,NA,NA,NA
"Idaho",NA,"Past",2021-02-16,"actual_cumulative_cases",NA,NA,NA,167483,NA,NA,NA,NA
"Idaho",NA,"Past",2021-02-16,"actual_cumulative_deaths",NA,NA,NA,1808,NA,NA,NA,NA
"Idaho",NA,"Past",2021-02-16,"actual_daily_cases",NA,NA,NA,0,NA,NA,NA,NA
"Idaho",NA,"Past",2021-02-16,"actual_daily_deaths",NA,NA,NA,0,NA,NA,NA,NA
"Idaho","linear_increase_sd","Past",2021-02-16,"combined_trend",NA,NA,NA,0.448163626654788,NA,NA,NA,NA
"Idaho","return_normal","Past",2021-02-16,"combined_trend",NA,NA,NA,0.448163626654788,NA,NA,NA,NA
"Idaho","status_quo","Past",2021-02-16,"combined_trend",NA,NA,NA,0.448163626654788,NA,NA,NA,NA
"Idaho","linear_increase_sd","Past",2021-02-16,"cumulative_all_infections",467887,467887,467887,467887,467887,467887,467887,467887
"Idaho","return_normal","Past",2021-02-16,"cumulative_all_infections",467887,467887,467887,467887,467887,467887,467887,467887
"Idaho","status_quo","Past",2021-02-16,"cumulative_all_infections",467887,467887,467887,467887,467887,467887,467887,467887
"Idaho","linear_increase_sd","Past",2021-02-16,"cumulative_cases",172540,172540,172540,172540,172540,172540,172540,172540
"Idaho","return_normal","Past",2021-02-16,"cumulative_cases",172540,172540,172540,172540,172540,172540,172540,172540
"Idaho","status_quo","Past",2021-02-16,"cumulative_cases",172540,172540,172540,172540,172540,172540,172540,172540
"Idaho","linear_increase_sd","Past",2021-02-16,"cumulative_deaths",2229,2229,2229,2229,2229,2229,2229,2229
"Idaho","return_normal","Past",2021-02-16,"cumulative_deaths",2229,2229,2229,2229,2229,2229,2229,2229
"Idaho","status_quo","Past",2021-02-16,"cumulative_deaths",2229,2229,2229,2229,2229,2229,2229,2229
"Idaho","linear_increase_sd","Past",2021-02-16,"cumulative_hosps",20457,20457,20457,20457,20457,20457,20457,20457
"Idaho","return_normal","Past",2021-02-16,"cumulative_hosps",20457,20457,20457,20457,20457,20457,20457,20457
"Idaho","status_quo","Past",2021-02-16,"cumulative_hosps",20457,20457,20457,20457,20457,20457,20457,20457
"Idaho","linear_increase_sd","Past",2021-02-16,"daily_all_infections",672,672,672,672,672,672,672,672
"Idaho","return_normal","Past",2021-02-16,"daily_all_infections",672,672,672,672,672,672,672,672
"Idaho","status_quo","Past",2021-02-16,"daily_all_infections",672,672,672,672,672,672,672,672
"Idaho","linear_increase_sd","Past",2021-02-16,"daily_cases",300,300,300,300,300,300,300,300
"Idaho","return_normal","Past",2021-02-16,"daily_cases",300,300,300,300,300,300,300,300
"Idaho","status_quo","Past",2021-02-16,"daily_cases",300,300,300,300,300,300,300,300
"Idaho","linear_increase_sd","Past",2021-02-16,"daily_deaths",3,3,3,3,3,3,3,3
"Idaho","return_normal","Past",2021-02-16,"daily_deaths",3,3,3,3,3,3,3,3
"Idaho","status_quo","Past",2021-02-16,"daily_deaths",3,3,3,3,3,3,3,3
"Idaho","linear_increase_sd","Past",2021-02-16,"daily_hosps",36,36,36,36,36,36,36,36
"Idaho","return_normal","Past",2021-02-16,"daily_hosps",36,36,36,36,36,36,36,36
"Idaho","status_quo","Past",2021-02-16,"daily_hosps",36,36,36,36,36,36,36,36
"Idaho","linear_increase_sd","Past",2021-02-16,"latent_trend",NA,NA,NA,0.6471611161912,NA,NA,NA,NA
"Idaho","return_normal","Past",2021-02-16,"latent_trend",NA,NA,NA,0.6471611161912,NA,NA,NA,NA
"Idaho","status_quo","Past",2021-02-16,"latent_trend",NA,NA,NA,0.6471611161912,NA,NA,NA,NA
"Idaho","linear_increase_sd","Past",2021-02-16,"mobility_trend",NA,NA,NA,0.692507036412213,NA,NA,NA,NA
"Idaho","return_normal","Past",2021-02-16,"mobility_trend",NA,NA,NA,0.692507036412213,NA,NA,NA,NA
"Idaho","status_quo","Past",2021-02-16,"mobility_trend",NA,NA,NA,0.692507036412213,NA,NA,NA,NA
"Idaho",NA,"Past",2021-02-17,"actual_cumulative_cases",NA,NA,NA,167945,NA,NA,NA,NA
"Idaho",NA,"Past",2021-02-17,"actual_cumulative_deaths",NA,NA,NA,1811,NA,NA,NA,NA
"Idaho",NA,"Past",2021-02-17,"actual_daily_cases",NA,NA,NA,462,NA,NA,NA,NA
"Idaho",NA,"Past",2021-02-17,"actual_daily_deaths",NA,NA,NA,3,NA,NA,NA,NA
"Idaho","linear_increase_sd","Past",2021-02-17,"combined_trend",NA,NA,NA,0.447861803800355,NA,NA,NA,NA
"Idaho","return_normal","Past",2021-02-17,"combined_trend",NA,NA,NA,0.447861803800355,NA,NA,NA,NA
"Idaho","status_quo","Past",2021-02-17,"combined_trend",NA,NA,NA,0.447861803800355,NA,NA,NA,NA
"Idaho","linear_increase_sd","Past",2021-02-17,"cumulative_all_infections",468553,468553,468553,468553,468553,468553,468553,468553
"Idaho","return_normal","Past",2021-02-17,"cumulative_all_infections",468553,468553,468553,468553,468553,468553,468553,468553
"Idaho","status_quo","Past",2021-02-17,"cumulative_all_infections",468553,468553,468553,468553,468553,468553,468553,468553
"Idaho","linear_increase_sd","Past",2021-02-17,"cumulative_cases",172797,172797,172797,172797,172797,172797,172797,172797
"Idaho","return_normal","Past",2021-02-17,"cumulative_cases",172797,172797,172797,172797,172797,172797,172797,172797
"Idaho","status_quo","Past",2021-02-17,"cumulative_cases",172797,172797,172797,172797,172797,172797,172797,172797
"Idaho","linear_increase_sd","Past",2021-02-17,"cumulative_deaths",2232,2232,2232,2232,2232,2232,2232,2232
"Idaho","return_normal","Past",2021-02-17,"cumulative_deaths",2232,2232,2232,2232,2232,2232,2232,2232
"Idaho","status_quo","Past",2021-02-17,"cumulative_deaths",2232,2232,2232,2232,2232,2232,2232,2232
"Idaho","linear_increase_sd","Past",2021-02-17,"cumulative_hosps",20492,20492,20492,20492,20492,20492,20492,20492
"Idaho","return_normal","Past",2021-02-17,"cumulative_hosps",20492,20492,20492,20492,20492,20492,20492,20492
"Idaho","status_quo","Past",2021-02-17,"cumulative_hosps",20492,20492,20492,20492,20492,20492,20492,20492
"Idaho","linear_increase_sd","Past",2021-02-17,"daily_all_infections",666,666,666,666,666,666,666,666
"Idaho","return_normal","Past",2021-02-17,"daily_all_infections",666,666,666,666,666,666,666,666
"Idaho","status_quo","Past",2021-02-17,"daily_all_infections",666,666,666,666,666,666,666,666
"Idaho","linear_increase_sd","Past",2021-02-17,"daily_cases",257,257,257,257,257,257,257,257
"Idaho","return_normal","Past",2021-02-17,"daily_cases",257,257,257,257,257,257,257,257
"Idaho","status_quo","Past",2021-02-17,"daily_cases",257,257,257,257,257,257,257,257
"Idaho","linear_increase_sd","Past",2021-02-17,"daily_deaths",3,3,3,3,3,3,3,3
"Idaho","return_normal","Past",2021-02-17,"daily_deaths",3,3,3,3,3,3,3,3
"Idaho","status_quo","Past",2021-02-17,"daily_deaths",3,3,3,3,3,3,3,3
"Idaho","linear_increase_sd","Past",2021-02-17,"daily_hosps",35,35,35,35,35,35,35,35
"Idaho","return_normal","Past",2021-02-17,"daily_hosps",35,35,35,35,35,35,35,35
"Idaho","status_quo","Past",2021-02-17,"daily_hosps",35,35,35,35,35,35,35,35
"Idaho","linear_increase_sd","Past",2021-02-17,"latent_trend",NA,NA,NA,0.64459205272682,NA,NA,NA,NA
"Idaho","return_normal","Past",2021-02-17,"latent_trend",NA,NA,NA,0.64459205272682,NA,NA,NA,NA
"Idaho","status_quo","Past",2021-02-17,"latent_trend",NA,NA,NA,0.64459205272682,NA,NA,NA,NA
"Idaho","linear_increase_sd","Past",2021-02-17,"mobility_trend",NA,NA,NA,0.694798829594259,NA,NA,NA,NA
"Idaho","return_normal","Past",2021-02-17,"mobility_trend",NA,NA,NA,0.694798829594259,NA,NA,NA,NA
"Idaho","status_quo","Past",2021-02-17,"mobility_trend",NA,NA,NA,0.694798829594259,NA,NA,NA,NA
"Idaho",NA,"Past",2021-02-18,"actual_cumulative_cases",NA,NA,NA,168353,NA,NA,NA,NA
"Idaho",NA,"Past",2021-02-18,"actual_cumulative_deaths",NA,NA,NA,1822,NA,NA,NA,NA
"Idaho",NA,"Past",2021-02-18,"actual_daily_cases",NA,NA,NA,408,NA,NA,NA,NA
"Idaho",NA,"Past",2021-02-18,"actual_daily_deaths",NA,NA,NA,11,NA,NA,NA,NA
"Idaho","linear_increase_sd","Past",2021-02-18,"combined_trend",NA,NA,NA,0.4475603017383,NA,NA,NA,NA
"Idaho","return_normal","Past",2021-02-18,"combined_trend",NA,NA,NA,0.4475603017383,NA,NA,NA,NA
"Idaho","status_quo","Past",2021-02-18,"combined_trend",NA,NA,NA,0.4475603017383,NA,NA,NA,NA
"Idaho","linear_increase_sd","Past",2021-02-18,"cumulative_all_infections",469206,469206,469206,469206,469206,469206,469206,469206
"Idaho","return_normal","Past",2021-02-18,"cumulative_all_infections",469206,469206,469206,469206,469206,469206,469206,469206
"Idaho","status_quo","Past",2021-02-18,"cumulative_all_infections",469206,469206,469206,469206,469206,469206,469206,469206
"Idaho","linear_increase_sd","Past",2021-02-18,"cumulative_cases",173097,173097,173097,173097,173097,173097,173097,173097
"Idaho","return_normal","Past",2021-02-18,"cumulative_cases",173097,173097,173097,173097,173097,173097,173097,173097
"Idaho","status_quo","Past",2021-02-18,"cumulative_cases",173097,173097,173097,173097,173097,173097,173097,173097
"Idaho","linear_increase_sd","Past",2021-02-18,"cumulative_deaths",2235,2235,2235,2235,2235,2235,2235,2235
"Idaho","return_normal","Past",2021-02-18,"cumulative_deaths",2235,2235,2235,2235,2235,2235,2235,2235
"Idaho","status_quo","Past",2021-02-18,"cumulative_deaths",2235,2235,2235,2235,2235,2235,2235,2235
"Idaho","linear_increase_sd","Past",2021-02-18,"cumulative_hosps",20527,20527,20527,20527,20527,20527,20527,20527
"Idaho","return_normal","Past",2021-02-18,"cumulative_hosps",20527,20527,20527,20527,20527,20527,20527,20527
"Idaho","status_quo","Past",2021-02-18,"cumulative_hosps",20527,20527,20527,20527,20527,20527,20527,20527
"Idaho","linear_increase_sd","Past",2021-02-18,"daily_all_infections",653,653,653,653,653,653,653,653
"Idaho","return_normal","Past",2021-02-18,"daily_all_infections",653,653,653,653,653,653,653,653
"Idaho","status_quo","Past",2021-02-18,"daily_all_infections",653,653,653,653,653,653,653,653
"Idaho","linear_increase_sd","Past",2021-02-18,"daily_cases",300,300,300,300,300,300,300,300
"Idaho","return_normal","Past",2021-02-18,"daily_cases",300,300,300,300,300,300,300,300
"Idaho","status_quo","Past",2021-02-18,"daily_cases",300,300,300,300,300,300,300,300
"Idaho","linear_increase_sd","Past",2021-02-18,"daily_deaths",3,3,3,3,3,3,3,3
"Idaho","return_normal","Past",2021-02-18,"daily_deaths",3,3,3,3,3,3,3,3
"Idaho","status_quo","Past",2021-02-18,"daily_deaths",3,3,3,3,3,3,3,3
"Idaho","linear_increase_sd","Past",2021-02-18,"daily_hosps",35,35,35,35,35,35,35,35
"Idaho","return_normal","Past",2021-02-18,"daily_hosps",35,35,35,35,35,35,35,35
"Idaho","status_quo","Past",2021-02-18,"daily_hosps",35,35,35,35,35,35,35,35
"Idaho","linear_increase_sd","Past",2021-02-18,"latent_trend",NA,NA,NA,0.641800785123092,NA,NA,NA,NA
"Idaho","return_normal","Past",2021-02-18,"latent_trend",NA,NA,NA,0.641800785123092,NA,NA,NA,NA
"Idaho","status_quo","Past",2021-02-18,"latent_trend",NA,NA,NA,0.641800785123092,NA,NA,NA,NA
"Idaho","linear_increase_sd","Past",2021-02-18,"mobility_trend",NA,NA,NA,0.697350816815318,NA,NA,NA,NA
"Idaho","return_normal","Past",2021-02-18,"mobility_trend",NA,NA,NA,0.697350816815318,NA,NA,NA,NA
"Idaho","status_quo","Past",2021-02-18,"mobility_trend",NA,NA,NA,0.697350816815318,NA,NA,NA,NA
"Idaho",NA,"Past",2021-02-19,"actual_cumulative_cases",NA,NA,NA,168639,NA,NA,NA,NA
"Idaho",NA,"Past",2021-02-19,"actual_cumulative_deaths",NA,NA,NA,1831,NA,NA,NA,NA
"Idaho",NA,"Past",2021-02-19,"actual_daily_cases",NA,NA,NA,286,NA,NA,NA,NA
"Idaho",NA,"Past",2021-02-19,"actual_daily_deaths",NA,NA,NA,9,NA,NA,NA,NA
"Idaho","linear_increase_sd","Past",2021-02-19,"combined_trend",NA,NA,NA,0.447318384264648,NA,NA,NA,NA
"Idaho","return_normal","Past",2021-02-19,"combined_trend",NA,NA,NA,0.447318384264648,NA,NA,NA,NA
"Idaho","status_quo","Past",2021-02-19,"combined_trend",NA,NA,NA,0.447318384264648,NA,NA,NA,NA
"Idaho","linear_increase_sd","Past",2021-02-19,"cumulative_all_infections",469860,469860,469860,469860,469860,469860,469860,469860
"Idaho","return_normal","Past",2021-02-19,"cumulative_all_infections",469860,469860,469860,469860,469860,469860,469860,469860
"Idaho","status_quo","Past",2021-02-19,"cumulative_all_infections",469860,469860,469860,469860,469860,469860,469860,469860
"Idaho","linear_increase_sd","Past",2021-02-19,"cumulative_cases",173365,173365,173365,173365,173365,173365,173365,173365
"Idaho","return_normal","Past",2021-02-19,"cumulative_cases",173365,173365,173365,173365,173365,173365,173365,173365
"Idaho","status_quo","Past",2021-02-19,"cumulative_cases",173365,173365,173365,173365,173365,173365,173365,173365
"Idaho","linear_increase_sd","Past",2021-02-19,"cumulative_deaths",2238,2238,2238,2238,2238,2238,2238,2238
"Idaho","return_normal","Past",2021-02-19,"cumulative_deaths",2238,2238,2238,2238,2238,2238,2238,2238
"Idaho","status_quo","Past",2021-02-19,"cumulative_deaths",2238,2238,2238,2238,2238,2238,2238,2238
"Idaho","linear_increase_sd","Past",2021-02-19,"cumulative_hosps",20561,20561,20561,20561,20561,20561,20561,20561
"Idaho","return_normal","Past",2021-02-19,"cumulative_hosps",20561,20561,20561,20561,20561,20561,20561,20561
"Idaho","status_quo","Past",2021-02-19,"cumulative_hosps",20561,20561,20561,20561,20561,20561,20561,20561
"Idaho","linear_increase_sd","Past",2021-02-19,"daily_all_infections",654,654,654,654,654,654,654,654
"Idaho","return_normal","Past",2021-02-19,"daily_all_infections",654,654,654,654,654,654,654,654
"Idaho","status_quo","Past",2021-02-19,"daily_all_infections",654,654,654,654,654,654,654,654
"Idaho","linear_increase_sd","Past",2021-02-19,"daily_cases",268,268,268,268,268,268,268,268
"Idaho","return_normal","Past",2021-02-19,"daily_cases",268,268,268,268,268,268,268,268
"Idaho","status_quo","Past",2021-02-19,"daily_cases",268,268,268,268,268,268,268,268
"Idaho","linear_increase_sd","Past",2021-02-19,"daily_deaths",3,3,3,3,3,3,3,3
"Idaho","return_normal","Past",2021-02-19,"daily_deaths",3,3,3,3,3,3,3,3
"Idaho","status_quo","Past",2021-02-19,"daily_deaths",3,3,3,3,3,3,3,3
"Idaho","linear_increase_sd","Past",2021-02-19,"daily_hosps",34,34,34,34,34,34,34,34
"Idaho","return_normal","Past",2021-02-19,"daily_hosps",34,34,34,34,34,34,34,34
"Idaho","status_quo","Past",2021-02-19,"daily_hosps",34,34,34,34,34,34,34,34
"Idaho","linear_increase_sd","Past",2021-02-19,"latent_trend",NA,NA,NA,0.638887072322625,NA,NA,NA,NA
"Idaho","return_normal","Past",2021-02-19,"latent_trend",NA,NA,NA,0.638887072322625,NA,NA,NA,NA
"Idaho","status_quo","Past",2021-02-19,"latent_trend",NA,NA,NA,0.638887072322625,NA,NA,NA,NA
"Idaho","linear_increase_sd","Past",2021-02-19,"mobility_trend",NA,NA,NA,0.700152505259586,NA,NA,NA,NA
"Idaho","return_normal","Past",2021-02-19,"mobility_trend",NA,NA,NA,0.700152505259586,NA,NA,NA,NA
"Idaho","status_quo","Past",2021-02-19,"mobility_trend",NA,NA,NA,0.700152505259586,NA,NA,NA,NA
"Idaho",NA,"Past",2021-02-20,"actual_cumulative_cases",NA,NA,NA,168953,NA,NA,NA,NA
"Idaho",NA,"Past",2021-02-20,"actual_cumulative_deaths",NA,NA,NA,1831,NA,NA,NA,NA
"Idaho",NA,"Past",2021-02-20,"actual_daily_cases",NA,NA,NA,314,NA,NA,NA,NA
"Idaho",NA,"Past",2021-02-20,"actual_daily_deaths",NA,NA,NA,0,NA,NA,NA,NA
"Idaho","linear_increase_sd","Past",2021-02-20,"combined_trend",NA,NA,NA,0.447195894211441,NA,NA,NA,NA
"Idaho","return_normal","Past",2021-02-20,"combined_trend",NA,NA,NA,0.447195894211441,NA,NA,NA,NA
"Idaho","status_quo","Past",2021-02-20,"combined_trend",NA,NA,NA,0.447195894211441,NA,NA,NA,NA
"Idaho","linear_increase_sd","Past",2021-02-20,"cumulative_all_infections",470506,470506,470506,470506,470506,470506,470506,470506
"Idaho","return_normal","Past",2021-02-20,"cumulative_all_infections",470506,470506,470506,470506,470506,470506,470506,470506
"Idaho","status_quo","Past",2021-02-20,"cumulative_all_infections",470506,470506,470506,470506,470506,470506,470506,470506
"Idaho","linear_increase_sd","Past",2021-02-20,"cumulative_cases",173652,173652,173652,173652,173652,173652,173652,173652
"Idaho","return_normal","Past",2021-02-20,"cumulative_cases",173652,173652,173652,173652,173652,173652,173652,173652
"Idaho","status_quo","Past",2021-02-20,"cumulative_cases",173652,173652,173652,173652,173652,173652,173652,173652
"Idaho","linear_increase_sd","Past",2021-02-20,"cumulative_deaths",2241,2241,2241,2241,2241,2241,2241,2241
"Idaho","return_normal","Past",2021-02-20,"cumulative_deaths",2241,2241,2241,2241,2241,2241,2241,2241
"Idaho","status_quo","Past",2021-02-20,"cumulative_deaths",2241,2241,2241,2241,2241,2241,2241,2241
"Idaho","linear_increase_sd","Past",2021-02-20,"cumulative_hosps",20596,20596,20596,20596,20596,20596,20596,20596
"Idaho","return_normal","Past",2021-02-20,"cumulative_hosps",20596,20596,20596,20596,20596,20596,20596,20596
"Idaho","status_quo","Past",2021-02-20,"cumulative_hosps",20596,20596,20596,20596,20596,20596,20596,20596
"Idaho","linear_increase_sd","Past",2021-02-20,"daily_all_infections",646,646,646,646,646,646,646,646
"Idaho","return_normal","Past",2021-02-20,"daily_all_infections",646,646,646,646,646,646,646,646
"Idaho","status_quo","Past",2021-02-20,"daily_all_infections",646,646,646,646,646,646,646,646
"Idaho","linear_increase_sd","Past",2021-02-20,"daily_cases",287,287,287,287,287,287,287,287
"Idaho","return_normal","Past",2021-02-20,"daily_cases",287,287,287,287,287,287,287,287
"Idaho","status_quo","Past",2021-02-20,"daily_cases",287,287,287,287,287,287,287,287
"Idaho","linear_increase_sd","Past",2021-02-20,"daily_deaths",3,3,3,3,3,3,3,3
"Idaho","return_normal","Past",2021-02-20,"daily_deaths",3,3,3,3,3,3,3,3
"Idaho","status_quo","Past",2021-02-20,"daily_deaths",3,3,3,3,3,3,3,3
"Idaho","linear_increase_sd","Past",2021-02-20,"daily_hosps",35,35,35,35,35,35,35,35
"Idaho","return_normal","Past",2021-02-20,"daily_hosps",35,35,35,35,35,35,35,35
"Idaho","status_quo","Past",2021-02-20,"daily_hosps",35,35,35,35,35,35,35,35
"Idaho","linear_increase_sd","Past",2021-02-20,"latent_trend",NA,NA,NA,0.635952081965968,NA,NA,NA,NA
"Idaho","return_normal","Past",2021-02-20,"latent_trend",NA,NA,NA,0.635952081965968,NA,NA,NA,NA
"Idaho","status_quo","Past",2021-02-20,"latent_trend",NA,NA,NA,0.635952081965968,NA,NA,NA,NA
"Idaho","linear_increase_sd","Past",2021-02-20,"mobility_trend",NA,NA,NA,0.703191178852641,NA,NA,NA,NA
"Idaho","return_normal","Past",2021-02-20,"mobility_trend",NA,NA,NA,0.703191178852641,NA,NA,NA,NA
"Idaho","status_quo","Past",2021-02-20,"mobility_trend",NA,NA,NA,0.703191178852641,NA,NA,NA,NA
"Idaho",NA,"Past",2021-02-21,"actual_cumulative_cases",NA,NA,NA,169150,NA,NA,NA,NA
"Idaho",NA,"Past",2021-02-21,"actual_cumulative_deaths",NA,NA,NA,1831,NA,NA,NA,NA
"Idaho",NA,"Past",2021-02-21,"actual_daily_cases",NA,NA,NA,197,NA,NA,NA,NA
"Idaho",NA,"Past",2021-02-21,"actual_daily_deaths",NA,NA,NA,0,NA,NA,NA,NA
"Idaho","linear_increase_sd","Past",2021-02-21,"combined_trend",NA,NA,NA,0.447254628768598,NA,NA,NA,NA
"Idaho","return_normal","Past",2021-02-21,"combined_trend",NA,NA,NA,0.447254628768598,NA,NA,NA,NA
"Idaho","status_quo","Past",2021-02-21,"combined_trend",NA,NA,NA,0.447254628768598,NA,NA,NA,NA
"Idaho","linear_increase_sd","Past",2021-02-21,"cumulative_all_infections",471143,471143,471143,471143,471143,471143,471143,471143
"Idaho","return_normal","Past",2021-02-21,"cumulative_all_infections",471143,471143,471143,471143,471143,471143,471143,471143
"Idaho","status_quo","Past",2021-02-21,"cumulative_all_infections",471143,471143,471143,471143,471143,471143,471143,471143
"Idaho","linear_increase_sd","Past",2021-02-21,"cumulative_cases",173908,173908,173908,173908,173908,173908,173908,173908
"Idaho","return_normal","Past",2021-02-21,"cumulative_cases",173908,173908,173908,173908,173908,173908,173908,173908
"Idaho","status_quo","Past",2021-02-21,"cumulative_cases",173908,173908,173908,173908,173908,173908,173908,173908
"Idaho","linear_increase_sd","Past",2021-02-21,"cumulative_deaths",2243,2243,2243,2243,2243,2243,2243,2243
"Idaho","return_normal","Past",2021-02-21,"cumulative_deaths",2243,2243,2243,2243,2243,2243,2243,2243
"Idaho","status_quo","Past",2021-02-21,"cumulative_deaths",2243,2243,2243,2243,2243,2243,2243,2243
"Idaho","linear_increase_sd","Past",2021-02-21,"cumulative_hosps",20629,20629,20629,20629,20629,20629,20629,20629
"Idaho","return_normal","Past",2021-02-21,"cumulative_hosps",20629,20629,20629,20629,20629,20629,20629,20629
"Idaho","status_quo","Past",2021-02-21,"cumulative_hosps",20629,20629,20629,20629,20629,20629,20629,20629
"Idaho","linear_increase_sd","Past",2021-02-21,"daily_all_infections",637,637,637,637,637,637,637,637
"Idaho","return_normal","Past",2021-02-21,"daily_all_infections",637,637,637,637,637,637,637,637
"Idaho","status_quo","Past",2021-02-21,"daily_all_infections",637,637,637,637,637,637,637,637
"Idaho","linear_increase_sd","Past",2021-02-21,"daily_cases",256,256,256,256,256,256,256,256
"Idaho","return_normal","Past",2021-02-21,"daily_cases",256,256,256,256,256,256,256,256
"Idaho","status_quo","Past",2021-02-21,"daily_cases",256,256,256,256,256,256,256,256
"Idaho","linear_increase_sd","Past",2021-02-21,"daily_deaths",2,2,2,2,2,2,2,2
"Idaho","return_normal","Past",2021-02-21,"daily_deaths",2,2,2,2,2,2,2,2
"Idaho","status_quo","Past",2021-02-21,"daily_deaths",2,2,2,2,2,2,2,2
"Idaho","linear_increase_sd","Past",2021-02-21,"daily_hosps",33,33,33,33,33,33,33,33
"Idaho","return_normal","Past",2021-02-21,"daily_hosps",33,33,33,33,33,33,33,33
"Idaho","status_quo","Past",2021-02-21,"daily_hosps",33,33,33,33,33,33,33,33
"Idaho","linear_increase_sd","Past",2021-02-21,"latent_trend",NA,NA,NA,0.633098409407851,NA,NA,NA,NA
"Idaho","return_normal","Past",2021-02-21,"latent_trend",NA,NA,NA,0.633098409407851,NA,NA,NA,NA
"Idaho","status_quo","Past",2021-02-21,"latent_trend",NA,NA,NA,0.633098409407851,NA,NA,NA,NA
"Idaho","linear_increase_sd","Past",2021-02-21,"mobility_trend",NA,NA,NA,0.706453565705408,NA,NA,NA,NA
"Idaho","return_normal","Past",2021-02-21,"mobility_trend",NA,NA,NA,0.706453565705408,NA,NA,NA,NA
"Idaho","status_quo","Past",2021-02-21,"mobility_trend",NA,NA,NA,0.706453565705408,NA,NA,NA,NA
"Idaho",NA,"Past",2021-02-22,"actual_cumulative_cases",NA,NA,NA,169150,NA,NA,NA,NA
"Idaho",NA,"Past",2021-02-22,"actual_cumulative_deaths",NA,NA,NA,1831,NA,NA,NA,NA
"Idaho",NA,"Past",2021-02-22,"actual_daily_cases",NA,NA,NA,0,NA,NA,NA,NA
"Idaho",NA,"Past",2021-02-22,"actual_daily_deaths",NA,NA,NA,0,NA,NA,NA,NA
"Idaho","linear_increase_sd","Past",2021-02-22,"combined_trend",NA,NA,NA,0.447558874300695,NA,NA,NA,NA
"Idaho","return_normal","Past",2021-02-22,"combined_trend",NA,NA,NA,0.447558874300695,NA,NA,NA,NA
"Idaho","status_quo","Past",2021-02-22,"combined_trend",NA,NA,NA,0.447558874300695,NA,NA,NA,NA
"Idaho","linear_increase_sd","Past",2021-02-22,"cumulative_all_infections",471779,471779,471779,471779,471779,471779,471779,471779
"Idaho","return_normal","Past",2021-02-22,"cumulative_all_infections",471779,471779,471779,471779,471779,471779,471779,471779
"Idaho","status_quo","Past",2021-02-22,"cumulative_all_infections",471779,471779,471779,471779,471779,471779,471779,471779
"Idaho","linear_increase_sd","Past",2021-02-22,"cumulative_cases",174177,174177,174177,174177,174177,174177,174177,174177
"Idaho","return_normal","Past",2021-02-22,"cumulative_cases",174177,174177,174177,174177,174177,174177,174177,174177
"Idaho","status_quo","Past",2021-02-22,"cumulative_cases",174177,174177,174177,174177,174177,174177,174177,174177
"Idaho","linear_increase_sd","Past",2021-02-22,"cumulative_deaths",2246,2246,2246,2246,2246,2246,2246,2246
"Idaho","return_normal","Past",2021-02-22,"cumulative_deaths",2246,2246,2246,2246,2246,2246,2246,2246
"Idaho","status_quo","Past",2021-02-22,"cumulative_deaths",2246,2246,2246,2246,2246,2246,2246,2246
"Idaho","linear_increase_sd","Past",2021-02-22,"cumulative_hosps",20662,20662,20662,20662,20662,20662,20662,20662
"Idaho","return_normal","Past",2021-02-22,"cumulative_hosps",20662,20662,20662,20662,20662,20662,20662,20662
"Idaho","status_quo","Past",2021-02-22,"cumulative_hosps",20662,20662,20662,20662,20662,20662,20662,20662
"Idaho","linear_increase_sd","Past",2021-02-22,"daily_all_infections",636,636,636,636,636,636,636,636
"Idaho","return_normal","Past",2021-02-22,"daily_all_infections",636,636,636,636,636,636,636,636
"Idaho","status_quo","Past",2021-02-22,"daily_all_infections",636,636,636,636,636,636,636,636
"Idaho","linear_increase_sd","Past",2021-02-22,"daily_cases",269,269,269,269,269,269,269,269
"Idaho","return_normal","Past",2021-02-22,"daily_cases",269,269,269,269,269,269,269,269
"Idaho","status_quo","Past",2021-02-22,"daily_cases",269,269,269,269,269,269,269,269
"Idaho","linear_increase_sd","Past",2021-02-22,"daily_deaths",3,3,3,3,3,3,3,3
"Idaho","return_normal","Past",2021-02-22,"daily_deaths",3,3,3,3,3,3,3,3
"Idaho","status_quo","Past",2021-02-22,"daily_deaths",3,3,3,3,3,3,3,3
"Idaho","linear_increase_sd","Past",2021-02-22,"daily_hosps",33,33,33,33,33,33,33,33
"Idaho","return_normal","Past",2021-02-22,"daily_hosps",33,33,33,33,33,33,33,33
"Idaho","status_quo","Past",2021-02-22,"daily_hosps",33,33,33,33,33,33,33,33
"Idaho","linear_increase_sd","Past",2021-02-22,"latent_trend",NA,NA,NA,0.630429968695566,NA,NA,NA,NA
"Idaho","return_normal","Past",2021-02-22,"latent_trend",NA,NA,NA,0.630429968695566,NA,NA,NA,NA
"Idaho","status_quo","Past",2021-02-22,"latent_trend",NA,NA,NA,0.630429968695566,NA,NA,NA,NA
"Idaho","linear_increase_sd","Past",2021-02-22,"mobility_trend",NA,NA,NA,0.70992639392881,NA,NA,NA,NA
"Idaho","return_normal","Past",2021-02-22,"mobility_trend",NA,NA,NA,0.70992639392881,NA,NA,NA,NA
"Idaho","status_quo","Past",2021-02-22,"mobility_trend",NA,NA,NA,0.70992639392881,NA,NA,NA,NA
"Idaho",NA,"Past",2021-02-23,"actual_cumulative_cases",NA,NA,NA,169584,NA,NA,NA,NA
"Idaho",NA,"Past",2021-02-23,"actual_cumulative_deaths",NA,NA,NA,1831,NA,NA,NA,NA
"Idaho",NA,"Past",2021-02-23,"actual_daily_cases",NA,NA,NA,434,NA,NA,NA,NA
"Idaho",NA,"Past",2021-02-23,"actual_daily_deaths",NA,NA,NA,0,NA,NA,NA,NA
"Idaho","linear_increase_sd","Past",2021-02-23,"combined_trend",NA,NA,NA,0.448173299382922,NA,NA,NA,NA
"Idaho","return_normal","Past",2021-02-23,"combined_trend",NA,NA,NA,0.448173299382922,NA,NA,NA,NA
"Idaho","status_quo","Past",2021-02-23,"combined_trend",NA,NA,NA,0.448173299382922,NA,NA,NA,NA
"Idaho","linear_increase_sd","Past",2021-02-23,"cumulative_all_infections",472401,472401,472401,472401,472401,472401,472401,472401
"Idaho","return_normal","Past",2021-02-23,"cumulative_all_infections",472401,472401,472401,472401,472401,472401,472401,472401
"Idaho","status_quo","Past",2021-02-23,"cumulative_all_infections",472401,472401,472401,472401,472401,472401,472401,472401
"Idaho","linear_increase_sd","Past",2021-02-23,"cumulative_cases",174448,174448,174448,174448,174448,174448,174448,174448
"Idaho","return_normal","Past",2021-02-23,"cumulative_cases",174448,174448,174448,174448,174448,174448,174448,174448
"Idaho","status_quo","Past",2021-02-23,"cumulative_cases",174448,174448,174448,174448,174448,174448,174448,174448
"Idaho","linear_increase_sd","Past",2021-02-23,"cumulative_deaths",2249,2249,2249,2249,2249,2249,2249,2249
"Idaho","return_normal","Past",2021-02-23,"cumulative_deaths",2249,2249,2249,2249,2249,2249,2249,2249
"Idaho","status_quo","Past",2021-02-23,"cumulative_deaths",2249,2249,2249,2249,2249,2249,2249,2249
"Idaho","linear_increase_sd","Past",2021-02-23,"cumulative_hosps",20695,20695,20695,20695,20695,20695,20695,20695
"Idaho","return_normal","Past",2021-02-23,"cumulative_hosps",20695,20695,20695,20695,20695,20695,20695,20695
"Idaho","status_quo","Past",2021-02-23,"cumulative_hosps",20695,20695,20695,20695,20695,20695,20695,20695
"Idaho","linear_increase_sd","Past",2021-02-23,"daily_all_infections",622,622,622,622,622,622,622,622
"Idaho","return_normal","Past",2021-02-23,"daily_all_infections",622,622,622,622,622,622,622,622
"Idaho","status_quo","Past",2021-02-23,"daily_all_infections",622,622,622,622,622,622,622,622
"Idaho","linear_increase_sd","Past",2021-02-23,"daily_cases",271,271,271,271,271,271,271,271
"Idaho","return_normal","Past",2021-02-23,"daily_cases",271,271,271,271,271,271,271,271
"Idaho","status_quo","Past",2021-02-23,"daily_cases",271,271,271,271,271,271,271,271
"Idaho","linear_increase_sd","Past",2021-02-23,"daily_deaths",3,3,3,3,3,3,3,3
"Idaho","return_normal","Past",2021-02-23,"daily_deaths",3,3,3,3,3,3,3,3
"Idaho","status_quo","Past",2021-02-23,"daily_deaths",3,3,3,3,3,3,3,3
"Idaho","linear_increase_sd","Past",2021-02-23,"daily_hosps",33,33,33,33,33,33,33,33
"Idaho","return_normal","Past",2021-02-23,"daily_hosps",33,33,33,33,33,33,33,33
"Idaho","status_quo","Past",2021-02-23,"daily_hosps",33,33,33,33,33,33,33,33
"Idaho","linear_increase_sd","Past",2021-02-23,"latent_trend",NA,NA,NA,0.628051770548245,NA,NA,NA,NA
"Idaho","return_normal","Past",2021-02-23,"latent_trend",NA,NA,NA,0.628051770548245,NA,NA,NA,NA
"Idaho","status_quo","Past",2021-02-23,"latent_trend",NA,NA,NA,0.628051770548245,NA,NA,NA,NA
"Idaho","linear_increase_sd","Past",2021-02-23,"mobility_trend",NA,NA,NA,0.713592924022326,NA,NA,NA,NA
"Idaho","return_normal","Past",2021-02-23,"mobility_trend",NA,NA,NA,0.713592924022326,NA,NA,NA,NA
"Idaho","status_quo","Past",2021-02-23,"mobility_trend",NA,NA,NA,0.713592924022326,NA,NA,NA,NA
"Idaho",NA,"Past",2021-02-24,"actual_cumulative_cases",NA,NA,NA,169866,NA,NA,NA,NA
"Idaho",NA,"Past",2021-02-24,"actual_cumulative_deaths",NA,NA,NA,1845,NA,NA,NA,NA
"Idaho",NA,"Past",2021-02-24,"actual_daily_cases",NA,NA,NA,282,NA,NA,NA,NA
"Idaho",NA,"Past",2021-02-24,"actual_daily_deaths",NA,NA,NA,14,NA,NA,NA,NA
"Idaho","linear_increase_sd","Past",2021-02-24,"combined_trend",NA,NA,NA,0.449156447297553,NA,NA,NA,NA
"Idaho","return_normal","Past",2021-02-24,"combined_trend",NA,NA,NA,0.449156447297553,NA,NA,NA,NA
"Idaho","status_quo","Past",2021-02-24,"combined_trend",NA,NA,NA,0.449156447297553,NA,NA,NA,NA
"Idaho","linear_increase_sd","Past",2021-02-24,"cumulative_all_infections",473018,473018,473018,473018,473018,473018,473018,473018
"Idaho","return_normal","Past",2021-02-24,"cumulative_all_infections",473018,473018,473018,473018,473018,473018,473018,473018
"Idaho","status_quo","Past",2021-02-24,"cumulative_all_infections",473018,473018,473018,473018,473018,473018,473018,473018
"Idaho","linear_increase_sd","Past",2021-02-24,"cumulative_cases",174696,174696,174696,174696,174696,174696,174696,174696
"Idaho","return_normal","Past",2021-02-24,"cumulative_cases",174696,174696,174696,174696,174696,174696,174696,174696
"Idaho","status_quo","Past",2021-02-24,"cumulative_cases",174696,174696,174696,174696,174696,174696,174696,174696
"Idaho","linear_increase_sd","Past",2021-02-24,"cumulative_deaths",2251,2251,2251,2251,2251,2251,2251,2251
"Idaho","return_normal","Past",2021-02-24,"cumulative_deaths",2251,2251,2251,2251,2251,2251,2251,2251
"Idaho","status_quo","Past",2021-02-24,"cumulative_deaths",2251,2251,2251,2251,2251,2251,2251,2251
"Idaho","linear_increase_sd","Past",2021-02-24,"cumulative_hosps",20728,20728,20728,20728,20728,20728,20728,20728
"Idaho","return_normal","Past",2021-02-24,"cumulative_hosps",20728,20728,20728,20728,20728,20728,20728,20728
"Idaho","status_quo","Past",2021-02-24,"cumulative_hosps",20728,20728,20728,20728,20728,20728,20728,20728
"Idaho","linear_increase_sd","Past",2021-02-24,"daily_all_infections",617,617,617,617,617,617,617,617
"Idaho","return_normal","Past",2021-02-24,"daily_all_infections",617,617,617,617,617,617,617,617
"Idaho","status_quo","Past",2021-02-24,"daily_all_infections",617,617,617,617,617,617,617,617
"Idaho","linear_increase_sd","Past",2021-02-24,"daily_cases",248,248,248,248,248,248,248,248
"Idaho","return_normal","Past",2021-02-24,"daily_cases",248,248,248,248,248,248,248,248
"Idaho","status_quo","Past",2021-02-24,"daily_cases",248,248,248,248,248,248,248,248
"Idaho","linear_increase_sd","Past",2021-02-24,"daily_deaths",2,2,2,2,2,2,2,2
"Idaho","return_normal","Past",2021-02-24,"daily_deaths",2,2,2,2,2,2,2,2
"Idaho","status_quo","Past",2021-02-24,"daily_deaths",2,2,2,2,2,2,2,2
"Idaho","linear_increase_sd","Past",2021-02-24,"daily_hosps",33,33,33,33,33,33,33,33
"Idaho","return_normal","Past",2021-02-24,"daily_hosps",33,33,33,33,33,33,33,33
"Idaho","status_quo","Past",2021-02-24,"daily_hosps",33,33,33,33,33,33,33,33
"Idaho","linear_increase_sd","Past",2021-02-24,"latent_trend",NA,NA,NA,0.62606960120922,NA,NA,NA,NA
"Idaho","return_normal","Past",2021-02-24,"latent_trend",NA,NA,NA,0.62606960120922,NA,NA,NA,NA
"Idaho","status_quo","Past",2021-02-24,"latent_trend",NA,NA,NA,0.62606960120922,NA,NA,NA,NA
"Idaho","linear_increase_sd","Past",2021-02-24,"mobility_trend",NA,NA,NA,0.717422546039658,NA,NA,NA,NA
"Idaho","return_normal","Past",2021-02-24,"mobility_trend",NA,NA,NA,0.717422546039658,NA,NA,NA,NA
"Idaho","status_quo","Past",2021-02-24,"mobility_trend",NA,NA,NA,0.717422546039658,NA,NA,NA,NA
"Idaho",NA,"Past",2021-02-25,"actual_cumulative_cases",NA,NA,NA,170289,NA,NA,NA,NA
"Idaho",NA,"Past",2021-02-25,"actual_cumulative_deaths",NA,NA,NA,1845,NA,NA,NA,NA
"Idaho",NA,"Past",2021-02-25,"actual_daily_cases",NA,NA,NA,423,NA,NA,NA,NA
"Idaho",NA,"Past",2021-02-25,"actual_daily_deaths",NA,NA,NA,0,NA,NA,NA,NA
"Idaho","linear_increase_sd","Past",2021-02-25,"combined_trend",NA,NA,NA,0.450567193054304,NA,NA,NA,NA
"Idaho","return_normal","Past",2021-02-25,"combined_trend",NA,NA,NA,0.450567193054304,NA,NA,NA,NA
"Idaho","status_quo","Past",2021-02-25,"combined_trend",NA,NA,NA,0.450567193054304,NA,NA,NA,NA
"Idaho","linear_increase_sd","Past",2021-02-25,"cumulative_all_infections",473630,473630,473630,473630,473630,473630,473630,473630
"Idaho","return_normal","Past",2021-02-25,"cumulative_all_infections",473630,473630,473630,473630,473630,473630,473630,473630
"Idaho","status_quo","Past",2021-02-25,"cumulative_all_infections",473630,473630,473630,473630,473630,473630,473630,473630
"Idaho","linear_increase_sd","Past",2021-02-25,"cumulative_cases",174964,174964,174964,174964,174964,174964,174964,174964
"Idaho","return_normal","Past",2021-02-25,"cumulative_cases",174964,174964,174964,174964,174964,174964,174964,174964
"Idaho","status_quo","Past",2021-02-25,"cumulative_cases",174964,174964,174964,174964,174964,174964,174964,174964
"Idaho","linear_increase_sd","Past",2021-02-25,"cumulative_deaths",2254,2254,2254,2254,2254,2254,2254,2254
"Idaho","return_normal","Past",2021-02-25,"cumulative_deaths",2254,2254,2254,2254,2254,2254,2254,2254
"Idaho","status_quo","Past",2021-02-25,"cumulative_deaths",2254,2254,2254,2254,2254,2254,2254,2254
"Idaho","linear_increase_sd","Past",2021-02-25,"cumulative_hosps",20760,20760,20760,20760,20760,20760,20760,20760
"Idaho","return_normal","Past",2021-02-25,"cumulative_hosps",20760,20760,20760,20760,20760,20760,20760,20760
"Idaho","status_quo","Past",2021-02-25,"cumulative_hosps",20760,20760,20760,20760,20760,20760,20760,20760
"Idaho","linear_increase_sd","Past",2021-02-25,"daily_all_infections",612,612,612,612,612,612,612,612
"Idaho","return_normal","Past",2021-02-25,"daily_all_infections",612,612,612,612,612,612,612,612
"Idaho","status_quo","Past",2021-02-25,"daily_all_infections",612,612,612,612,612,612,612,612
"Idaho","linear_increase_sd","Past",2021-02-25,"daily_cases",268,268,268,268,268,268,268,268
"Idaho","return_normal","Past",2021-02-25,"daily_cases",268,268,268,268,268,268,268,268
"Idaho","status_quo","Past",2021-02-25,"daily_cases",268,268,268,268,268,268,268,268
"Idaho","linear_increase_sd","Past",2021-02-25,"daily_deaths",3,3,3,3,3,3,3,3
"Idaho","return_normal","Past",2021-02-25,"daily_deaths",3,3,3,3,3,3,3,3
"Idaho","status_quo","Past",2021-02-25,"daily_deaths",3,3,3,3,3,3,3,3
"Idaho","linear_increase_sd","Past",2021-02-25,"daily_hosps",32,32,32,32,32,32,32,32
"Idaho","return_normal","Past",2021-02-25,"daily_hosps",32,32,32,32,32,32,32,32
"Idaho","status_quo","Past",2021-02-25,"daily_hosps",32,32,32,32,32,32,32,32
"Idaho","linear_increase_sd","Past",2021-02-25,"latent_trend",NA,NA,NA,0.624589612305778,NA,NA,NA,NA
"Idaho","return_normal","Past",2021-02-25,"latent_trend",NA,NA,NA,0.624589612305778,NA,NA,NA,NA
"Idaho","status_quo","Past",2021-02-25,"latent_trend",NA,NA,NA,0.624589612305778,NA,NA,NA,NA
"Idaho","linear_increase_sd","Past",2021-02-25,"mobility_trend",NA,NA,NA,0.721381182423063,NA,NA,NA,NA
"Idaho","return_normal","Past",2021-02-25,"mobility_trend",NA,NA,NA,0.721381182423063,NA,NA,NA,NA
"Idaho","status_quo","Past",2021-02-25,"mobility_trend",NA,NA,NA,0.721381182423063,NA,NA,NA,NA
"Idaho",NA,"Past",2021-02-26,"actual_cumulative_cases",NA,NA,NA,170595,NA,NA,NA,NA
"Idaho",NA,"Past",2021-02-26,"actual_cumulative_deaths",NA,NA,NA,1855,NA,NA,NA,NA
"Idaho",NA,"Past",2021-02-26,"actual_daily_cases",NA,NA,NA,306,NA,NA,NA,NA
"Idaho",NA,"Past",2021-02-26,"actual_daily_deaths",NA,NA,NA,10,NA,NA,NA,NA
"Idaho","linear_increase_sd","Past",2021-02-26,"combined_trend",NA,NA,NA,0.452466588218069,NA,NA,NA,NA
"Idaho","return_normal","Past",2021-02-26,"combined_trend",NA,NA,NA,0.452466588218069,NA,NA,NA,NA
"Idaho","status_quo","Past",2021-02-26,"combined_trend",NA,NA,NA,0.452466588218069,NA,NA,NA,NA
"Idaho","linear_increase_sd","Past",2021-02-26,"cumulative_all_infections",474237,474237,474237,474237,474237,474237,474237,474237
"Idaho","return_normal","Past",2021-02-26,"cumulative_all_infections",474237,474237,474237,474237,474237,474237,474237,474237
"Idaho","status_quo","Past",2021-02-26,"cumulative_all_infections",474237,474237,474237,474237,474237,474237,474237,474237
"Idaho","linear_increase_sd","Past",2021-02-26,"cumulative_cases",175223,175223,175223,175223,175223,175223,175223,175223
"Idaho","return_normal","Past",2021-02-26,"cumulative_cases",175223,175223,175223,175223,175223,175223,175223,175223
"Idaho","status_quo","Past",2021-02-26,"cumulative_cases",175223,175223,175223,175223,175223,175223,175223,175223
"Idaho","linear_increase_sd","Past",2021-02-26,"cumulative_deaths",2256,2256,2256,2256,2256,2256,2256,2256
"Idaho","return_normal","Past",2021-02-26,"cumulative_deaths",2256,2256,2256,2256,2256,2256,2256,2256
"Idaho","status_quo","Past",2021-02-26,"cumulative_deaths",2256,2256,2256,2256,2256,2256,2256,2256
"Idaho","linear_increase_sd","Past",2021-02-26,"cumulative_hosps",20792,20792,20792,20792,20792,20792,20792,20792
"Idaho","return_normal","Past",2021-02-26,"cumulative_hosps",20792,20792,20792,20792,20792,20792,20792,20792
"Idaho","status_quo","Past",2021-02-26,"cumulative_hosps",20792,20792,20792,20792,20792,20792,20792,20792
"Idaho","linear_increase_sd","Past",2021-02-26,"daily_all_infections",607,607,607,607,607,607,607,607
"Idaho","return_normal","Past",2021-02-26,"daily_all_infections",607,607,607,607,607,607,607,607
"Idaho","status_quo","Past",2021-02-26,"daily_all_infections",607,607,607,607,607,607,607,607
"Idaho","linear_increase_sd","Past",2021-02-26,"daily_cases",259,259,259,259,259,259,259,259
"Idaho","return_normal","Past",2021-02-26,"daily_cases",259,259,259,259,259,259,259,259
"Idaho","status_quo","Past",2021-02-26,"daily_cases",259,259,259,259,259,259,259,259
"Idaho","linear_increase_sd","Past",2021-02-26,"daily_deaths",2,2,2,2,2,2,2,2
"Idaho","return_normal","Past",2021-02-26,"daily_deaths",2,2,2,2,2,2,2,2
"Idaho","status_quo","Past",2021-02-26,"daily_deaths",2,2,2,2,2,2,2,2
"Idaho","linear_increase_sd","Past",2021-02-26,"daily_hosps",32,32,32,32,32,32,32,32
"Idaho","return_normal","Past",2021-02-26,"daily_hosps",32,32,32,32,32,32,32,32
"Idaho","status_quo","Past",2021-02-26,"daily_hosps",32,32,32,32,32,32,32,32
"Idaho","linear_increase_sd","Past",2021-02-26,"latent_trend",NA,NA,NA,0.623717825367505,NA,NA,NA,NA
"Idaho","return_normal","Past",2021-02-26,"latent_trend",NA,NA,NA,0.623717825367505,NA,NA,NA,NA
"Idaho","status_quo","Past",2021-02-26,"latent_trend",NA,NA,NA,0.623717825367505,NA,NA,NA,NA
"Idaho","linear_increase_sd","Past",2021-02-26,"mobility_trend",NA,NA,NA,0.725434755614797,NA,NA,NA,NA
"Idaho","return_normal","Past",2021-02-26,"mobility_trend",NA,NA,NA,0.725434755614797,NA,NA,NA,NA
"Idaho","status_quo","Past",2021-02-26,"mobility_trend",NA,NA,NA,0.725434755614797,NA,NA,NA,NA
"Idaho",NA,"Past",2021-02-27,"actual_cumulative_cases",NA,NA,NA,170907,NA,NA,NA,NA
"Idaho",NA,"Past",2021-02-27,"actual_cumulative_deaths",NA,NA,NA,1864,NA,NA,NA,NA
"Idaho",NA,"Past",2021-02-27,"actual_daily_cases",NA,NA,NA,312,NA,NA,NA,NA
"Idaho",NA,"Past",2021-02-27,"actual_daily_deaths",NA,NA,NA,9,NA,NA,NA,NA
"Idaho","linear_increase_sd","Past",2021-02-27,"combined_trend",NA,NA,NA,0.454919232631414,NA,NA,NA,NA
"Idaho","return_normal","Past",2021-02-27,"combined_trend",NA,NA,NA,0.454919232631414,NA,NA,NA,NA
"Idaho","status_quo","Past",2021-02-27,"combined_trend",NA,NA,NA,0.454919232631414,NA,NA,NA,NA
"Idaho","linear_increase_sd","Past",2021-02-27,"cumulative_all_infections",474839,474839,474839,474839,474839,474839,474839,474839
"Idaho","return_normal","Past",2021-02-27,"cumulative_all_infections",474839,474839,474839,474839,474839,474839,474839,474839
"Idaho","status_quo","Past",2021-02-27,"cumulative_all_infections",474839,474839,474839,474839,474839,474839,474839,474839
"Idaho","linear_increase_sd","Past",2021-02-27,"cumulative_cases",175453,175453,175453,175453,175453,175453,175453,175453
"Idaho","return_normal","Past",2021-02-27,"cumulative_cases",175453,175453,175453,175453,175453,175453,175453,175453
"Idaho","status_quo","Past",2021-02-27,"cumulative_cases",175453,175453,175453,175453,175453,175453,175453,175453
"Idaho","linear_increase_sd","Past",2021-02-27,"cumulative_deaths",2259,2259,2259,2259,2259,2259,2259,2259
"Idaho","return_normal","Past",2021-02-27,"cumulative_deaths",2259,2259,2259,2259,2259,2259,2259,2259
"Idaho","status_quo","Past",2021-02-27,"cumulative_deaths",2259,2259,2259,2259,2259,2259,2259,2259
"Idaho","linear_increase_sd","Past",2021-02-27,"cumulative_hosps",20824,20824,20824,20824,20824,20824,20824,20824
"Idaho","return_normal","Past",2021-02-27,"cumulative_hosps",20824,20824,20824,20824,20824,20824,20824,20824
"Idaho","status_quo","Past",2021-02-27,"cumulative_hosps",20824,20824,20824,20824,20824,20824,20824,20824
"Idaho","linear_increase_sd","Past",2021-02-27,"daily_all_infections",602,602,602,602,602,602,602,602
"Idaho","return_normal","Past",2021-02-27,"daily_all_infections",602,602,602,602,602,602,602,602
"Idaho","status_quo","Past",2021-02-27,"daily_all_infections",602,602,602,602,602,602,602,602
"Idaho","linear_increase_sd","Past",2021-02-27,"daily_cases",230,230,230,230,230,230,230,230
"Idaho","return_normal","Past",2021-02-27,"daily_cases",230,230,230,230,230,230,230,230
"Idaho","status_quo","Past",2021-02-27,"daily_cases",230,230,230,230,230,230,230,230
"Idaho","linear_increase_sd","Past",2021-02-27,"daily_deaths",3,3,3,3,3,3,3,3
"Idaho","return_normal","Past",2021-02-27,"daily_deaths",3,3,3,3,3,3,3,3
"Idaho","status_quo","Past",2021-02-27,"daily_deaths",3,3,3,3,3,3,3,3
"Idaho","linear_increase_sd","Past",2021-02-27,"daily_hosps",32,32,32,32,32,32,32,32
"Idaho","return_normal","Past",2021-02-27,"daily_hosps",32,32,32,32,32,32,32,32
"Idaho","status_quo","Past",2021-02-27,"daily_hosps",32,32,32,32,32,32,32,32
"Idaho","linear_increase_sd","Past",2021-02-27,"latent_trend",NA,NA,NA,0.623559545408011,NA,NA,NA,NA
"Idaho","return_normal","Past",2021-02-27,"latent_trend",NA,NA,NA,0.623559545408011,NA,NA,NA,NA
"Idaho","status_quo","Past",2021-02-27,"latent_trend",NA,NA,NA,0.623559545408011,NA,NA,NA,NA
"Idaho","linear_increase_sd","Past",2021-02-27,"mobility_trend",NA,NA,NA,0.729552191096279,NA,NA,NA,NA
"Idaho","return_normal","Past",2021-02-27,"mobility_trend",NA,NA,NA,0.729552191096279,NA,NA,NA,NA
"Idaho","status_quo","Past",2021-02-27,"mobility_trend",NA,NA,NA,0.729552191096279,NA,NA,NA,NA
"Idaho",NA,"Past",2021-02-28,"actual_cumulative_cases",NA,NA,NA,171140,NA,NA,NA,NA
"Idaho",NA,"Past",2021-02-28,"actual_cumulative_deaths",NA,NA,NA,1865,NA,NA,NA,NA
"Idaho",NA,"Past",2021-02-28,"actual_daily_cases",NA,NA,NA,233,NA,NA,NA,NA
"Idaho",NA,"Past",2021-02-28,"actual_daily_deaths",NA,NA,NA,1,NA,NA,NA,NA
"Idaho","linear_increase_sd","Past",2021-02-28,"combined_trend",NA,NA,NA,0.457998240647808,NA,NA,NA,NA
"Idaho","return_normal","Past",2021-02-28,"combined_trend",NA,NA,NA,0.457998240647808,NA,NA,NA,NA
"Idaho","status_quo","Past",2021-02-28,"combined_trend",NA,NA,NA,0.457998240647808,NA,NA,NA,NA
"Idaho","linear_increase_sd","Past",2021-02-28,"cumulative_all_infections",475437,475437,475437,475437,475437,475437,475437,475437
"Idaho","return_normal","Past",2021-02-28,"cumulative_all_infections",475437,475437,475437,475437,475437,475437,475437,475437
"Idaho","status_quo","Past",2021-02-28,"cumulative_all_infections",475437,475437,475437,475437,475437,475437,475437,475437
"Idaho","linear_increase_sd","Past",2021-02-28,"cumulative_cases",175715,175715,175715,175715,175715,175715,175715,175715
"Idaho","return_normal","Past",2021-02-28,"cumulative_cases",175715,175715,175715,175715,175715,175715,175715,175715
"Idaho","status_quo","Past",2021-02-28,"cumulative_cases",175715,175715,175715,175715,175715,175715,175715,175715
"Idaho","linear_increase_sd","Past",2021-02-28,"cumulative_deaths",2261,2261,2261,2261,2261,2261,2261,2261
"Idaho","return_normal","Past",2021-02-28,"cumulative_deaths",2261,2261,2261,2261,2261,2261,2261,2261
"Idaho","status_quo","Past",2021-02-28,"cumulative_deaths",2261,2261,2261,2261,2261,2261,2261,2261
"Idaho","linear_increase_sd","Past",2021-02-28,"cumulative_hosps",20857,20857,20857,20857,20857,20857,20857,20857
"Idaho","return_normal","Past",2021-02-28,"cumulative_hosps",20857,20857,20857,20857,20857,20857,20857,20857
"Idaho","status_quo","Past",2021-02-28,"cumulative_hosps",20857,20857,20857,20857,20857,20857,20857,20857
"Idaho","linear_increase_sd","Past",2021-02-28,"daily_all_infections",598,598,598,598,598,598,598,598
"Idaho","return_normal","Past",2021-02-28,"daily_all_infections",598,598,598,598,598,598,598,598
"Idaho","status_quo","Past",2021-02-28,"daily_all_infections",598,598,598,598,598,598,598,598
"Idaho","linear_increase_sd","Past",2021-02-28,"daily_cases",262,262,262,262,262,262,262,262
"Idaho","return_normal","Past",2021-02-28,"daily_cases",262,262,262,262,262,262,262,262
"Idaho","status_quo","Past",2021-02-28,"daily_cases",262,262,262,262,262,262,262,262
"Idaho","linear_increase_sd","Past",2021-02-28,"daily_deaths",2,2,2,2,2,2,2,2
"Idaho","return_normal","Past",2021-02-28,"daily_deaths",2,2,2,2,2,2,2,2
"Idaho","status_quo","Past",2021-02-28,"daily_deaths",2,2,2,2,2,2,2,2
"Idaho","linear_increase_sd","Past",2021-02-28,"daily_hosps",33,33,33,33,33,33,33,33
"Idaho","return_normal","Past",2021-02-28,"daily_hosps",33,33,33,33,33,33,33,33
"Idaho","status_quo","Past",2021-02-28,"daily_hosps",33,33,33,33,33,33,33,33
"Idaho","linear_increase_sd","Past",2021-02-28,"latent_trend",NA,NA,NA,0.624218666149292,NA,NA,NA,NA
"Idaho","return_normal","Past",2021-02-28,"latent_trend",NA,NA,NA,0.624218666149292,NA,NA,NA,NA
"Idaho","status_quo","Past",2021-02-28,"latent_trend",NA,NA,NA,0.624218666149292,NA,NA,NA,NA
"Idaho","linear_increase_sd","Past",2021-02-28,"mobility_trend",NA,NA,NA,0.733714426505583,NA,NA,NA,NA
"Idaho","return_normal","Past",2021-02-28,"mobility_trend",NA,NA,NA,0.733714426505583,NA,NA,NA,NA
"Idaho","status_quo","Past",2021-02-28,"mobility_trend",NA,NA,NA,0.733714426505583,NA,NA,NA,NA
"Idaho",NA,"Past",2021-03-01,"actual_cumulative_cases",NA,NA,NA,171140,NA,NA,NA,NA
"Idaho",NA,"Past",2021-03-01,"actual_cumulative_deaths",NA,NA,NA,1865,NA,NA,NA,NA
"Idaho",NA,"Past",2021-03-01,"actual_daily_cases",NA,NA,NA,0,NA,NA,NA,NA
"Idaho",NA,"Past",2021-03-01,"actual_daily_deaths",NA,NA,NA,0,NA,NA,NA,NA
"Idaho","linear_increase_sd","Past",2021-03-01,"combined_trend",NA,NA,NA,0.461778865796275,NA,NA,NA,NA
"Idaho","return_normal","Past",2021-03-01,"combined_trend",NA,NA,NA,0.461778865796275,NA,NA,NA,NA
"Idaho","status_quo","Past",2021-03-01,"combined_trend",NA,NA,NA,0.461778865796275,NA,NA,NA,NA
"Idaho","linear_increase_sd","Past",2021-03-01,"cumulative_all_infections",476036,476036,476036,476036,476036,476036,476036,476036
"Idaho","return_normal","Past",2021-03-01,"cumulative_all_infections",476036,476036,476036,476036,476036,476036,476036,476036
"Idaho","status_quo","Past",2021-03-01,"cumulative_all_infections",476036,476036,476036,476036,476036,476036,476036,476036
"Idaho","linear_increase_sd","Past",2021-03-01,"cumulative_cases",175953,175953,175953,175953,175953,175953,175953,175953
"Idaho","return_normal","Past",2021-03-01,"cumulative_cases",175953,175953,175953,175953,175953,175953,175953,175953
"Idaho","status_quo","Past",2021-03-01,"cumulative_cases",175953,175953,175953,175953,175953,175953,175953,175953
"Idaho","linear_increase_sd","Past",2021-03-01,"cumulative_deaths",2263,2263,2263,2263,2263,2263,2263,2263
"Idaho","return_normal","Past",2021-03-01,"cumulative_deaths",2263,2263,2263,2263,2263,2263,2263,2263
"Idaho","status_quo","Past",2021-03-01,"cumulative_deaths",2263,2263,2263,2263,2263,2263,2263,2263
"Idaho","linear_increase_sd","Past",2021-03-01,"cumulative_hosps",20889,20889,20889,20889,20889,20889,20889,20889
"Idaho","return_normal","Past",2021-03-01,"cumulative_hosps",20889,20889,20889,20889,20889,20889,20889,20889
"Idaho","status_quo","Past",2021-03-01,"cumulative_hosps",20889,20889,20889,20889,20889,20889,20889,20889
"Idaho","linear_increase_sd","Past",2021-03-01,"daily_all_infections",599,599,599,599,599,599,599,599
"Idaho","return_normal","Past",2021-03-01,"daily_all_infections",599,599,599,599,599,599,599,599
"Idaho","status_quo","Past",2021-03-01,"daily_all_infections",599,599,599,599,599,599,599,599
"Idaho","linear_increase_sd","Past",2021-03-01,"daily_cases",238,238,238,238,238,238,238,238
"Idaho","return_normal","Past",2021-03-01,"daily_cases",238,238,238,238,238,238,238,238
"Idaho","status_quo","Past",2021-03-01,"daily_cases",238,238,238,238,238,238,238,238
"Idaho","linear_increase_sd","Past",2021-03-01,"daily_deaths",2,2,2,2,2,2,2,2
"Idaho","return_normal","Past",2021-03-01,"daily_deaths",2,2,2,2,2,2,2,2
"Idaho","status_quo","Past",2021-03-01,"daily_deaths",2,2,2,2,2,2,2,2
"Idaho","linear_increase_sd","Past",2021-03-01,"daily_hosps",32,32,32,32,32,32,32,32
"Idaho","return_normal","Past",2021-03-01,"daily_hosps",32,32,32,32,32,32,32,32
"Idaho","status_quo","Past",2021-03-01,"daily_hosps",32,32,32,32,32,32,32,32
"Idaho","linear_increase_sd","Past",2021-03-01,"latent_trend",NA,NA,NA,0.625796835501275,NA,NA,NA,NA
"Idaho","return_normal","Past",2021-03-01,"latent_trend",NA,NA,NA,0.625796835501275,NA,NA,NA,NA
"Idaho","status_quo","Past",2021-03-01,"latent_trend",NA,NA,NA,0.625796835501275,NA,NA,NA,NA
"Idaho","linear_increase_sd","Past",2021-03-01,"mobility_trend",NA,NA,NA,0.737905402519943,NA,NA,NA,NA
"Idaho","return_normal","Past",2021-03-01,"mobility_trend",NA,NA,NA,0.737905402519943,NA,NA,NA,NA
"Idaho","status_quo","Past",2021-03-01,"mobility_trend",NA,NA,NA,0.737905402519943,NA,NA,NA,NA
"Idaho",NA,"Past",2021-03-02,"actual_cumulative_cases",NA,NA,NA,171462,NA,NA,NA,NA
"Idaho",NA,"Past",2021-03-02,"actual_cumulative_deaths",NA,NA,NA,1872,NA,NA,NA,NA
"Idaho",NA,"Past",2021-03-02,"actual_daily_cases",NA,NA,NA,322,NA,NA,NA,NA
"Idaho",NA,"Past",2021-03-02,"actual_daily_deaths",NA,NA,NA,7,NA,NA,NA,NA
"Idaho","linear_increase_sd","Past",2021-03-02,"combined_trend",NA,NA,NA,0.466336618323231,NA,NA,NA,NA
"Idaho","return_normal","Past",2021-03-02,"combined_trend",NA,NA,NA,0.466336618323231,NA,NA,NA,NA
"Idaho","status_quo","Past",2021-03-02,"combined_trend",NA,NA,NA,0.466336618323231,NA,NA,NA,NA
"Idaho","linear_increase_sd","Past",2021-03-02,"cumulative_all_infections",476636,476636,476636,476636,476636,476636,476636,476636
"Idaho","return_normal","Past",2021-03-02,"cumulative_all_infections",476636,476636,476636,476636,476636,476636,476636,476636
"Idaho","status_quo","Past",2021-03-02,"cumulative_all_infections",476636,476636,476636,476636,476636,476636,476636,476636
"Idaho","linear_increase_sd","Past",2021-03-02,"cumulative_cases",176217,176217,176217,176217,176217,176217,176217,176217
"Idaho","return_normal","Past",2021-03-02,"cumulative_cases",176217,176217,176217,176217,176217,176217,176217,176217
"Idaho","status_quo","Past",2021-03-02,"cumulative_cases",176217,176217,176217,176217,176217,176217,176217,176217
"Idaho","linear_increase_sd","Past",2021-03-02,"cumulative_deaths",2266,2266,2266,2266,2266,2266,2266,2266
"Idaho","return_normal","Past",2021-03-02,"cumulative_deaths",2266,2266,2266,2266,2266,2266,2266,2266
"Idaho","status_quo","Past",2021-03-02,"cumulative_deaths",2266,2266,2266,2266,2266,2266,2266,2266
"Idaho","linear_increase_sd","Past",2021-03-02,"cumulative_hosps",20919,20919,20919,20919,20919,20919,20919,20919
"Idaho","return_normal","Past",2021-03-02,"cumulative_hosps",20919,20919,20919,20919,20919,20919,20919,20919
"Idaho","status_quo","Past",2021-03-02,"cumulative_hosps",20919,20919,20919,20919,20919,20919,20919,20919
"Idaho","linear_increase_sd","Past",2021-03-02,"daily_all_infections",600,600,600,600,600,600,600,600
"Idaho","return_normal","Past",2021-03-02,"daily_all_infections",600,600,600,600,600,600,600,600
"Idaho","status_quo","Past",2021-03-02,"daily_all_infections",600,600,600,600,600,600,600,600
"Idaho","linear_increase_sd","Past",2021-03-02,"daily_cases",264,264,264,264,264,264,264,264
"Idaho","return_normal","Past",2021-03-02,"daily_cases",264,264,264,264,264,264,264,264
"Idaho","status_quo","Past",2021-03-02,"daily_cases",264,264,264,264,264,264,264,264
"Idaho","linear_increase_sd","Past",2021-03-02,"daily_deaths",3,3,3,3,3,3,3,3
"Idaho","return_normal","Past",2021-03-02,"daily_deaths",3,3,3,3,3,3,3,3
"Idaho","status_quo","Past",2021-03-02,"daily_deaths",3,3,3,3,3,3,3,3
"Idaho","linear_increase_sd","Past",2021-03-02,"daily_hosps",30,30,30,30,30,30,30,30
"Idaho","return_normal","Past",2021-03-02,"daily_hosps",30,30,30,30,30,30,30,30
"Idaho","status_quo","Past",2021-03-02,"daily_hosps",30,30,30,30,30,30,30,30
"Idaho","linear_increase_sd","Past",2021-03-02,"latent_trend",NA,NA,NA,0.628392434563665,NA,NA,NA,NA
"Idaho","return_normal","Past",2021-03-02,"latent_trend",NA,NA,NA,0.628392434563665,NA,NA,NA,NA
"Idaho","status_quo","Past",2021-03-02,"latent_trend",NA,NA,NA,0.628392434563665,NA,NA,NA,NA
"Idaho","linear_increase_sd","Past",2021-03-02,"mobility_trend",NA,NA,NA,0.742110491268151,NA,NA,NA,NA
"Idaho","return_normal","Past",2021-03-02,"mobility_trend",NA,NA,NA,0.742110491268151,NA,NA,NA,NA
"Idaho","status_quo","Past",2021-03-02,"mobility_trend",NA,NA,NA,0.742110491268151,NA,NA,NA,NA
"Idaho",NA,"Past",2021-03-03,"actual_cumulative_cases",NA,NA,NA,171836,NA,NA,NA,NA
"Idaho",NA,"Past",2021-03-03,"actual_cumulative_deaths",NA,NA,NA,1876,NA,NA,NA,NA
"Idaho",NA,"Past",2021-03-03,"actual_daily_cases",NA,NA,NA,374,NA,NA,NA,NA
"Idaho",NA,"Past",2021-03-03,"actual_daily_deaths",NA,NA,NA,4,NA,NA,NA,NA
"Idaho","linear_increase_sd","Past",2021-03-03,"combined_trend",NA,NA,NA,0.471748855253633,NA,NA,NA,NA
"Idaho","return_normal","Past",2021-03-03,"combined_trend",NA,NA,NA,0.471748855253633,NA,NA,NA,NA
"Idaho","status_quo","Past",2021-03-03,"combined_trend",NA,NA,NA,0.471748855253633,NA,NA,NA,NA
"Idaho","linear_increase_sd","Past",2021-03-03,"cumulative_all_infections",477239,477239,477239,477239,477239,477239,477239,477239
"Idaho","return_normal","Past",2021-03-03,"cumulative_all_infections",477239,477239,477239,477239,477239,477239,477239,477239
"Idaho","status_quo","Past",2021-03-03,"cumulative_all_infections",477239,477239,477239,477239,477239,477239,477239,477239
"Idaho","linear_increase_sd","Past",2021-03-03,"cumulative_cases",176472,176472,176472,176472,176472,176472,176472,176472
"Idaho","return_normal","Past",2021-03-03,"cumulative_cases",176472,176472,176472,176472,176472,176472,176472,176472
"Idaho","status_quo","Past",2021-03-03,"cumulative_cases",176472,176472,176472,176472,176472,176472,176472,176472
"Idaho","linear_increase_sd","Past",2021-03-03,"cumulative_deaths",2269,2269,2269,2269,2269,2269,2269,2269
"Idaho","return_normal","Past",2021-03-03,"cumulative_deaths",2269,2269,2269,2269,2269,2269,2269,2269
"Idaho","status_quo","Past",2021-03-03,"cumulative_deaths",2269,2269,2269,2269,2269,2269,2269,2269
"Idaho","linear_increase_sd","Past",2021-03-03,"cumulative_hosps",20951,20951,20951,20951,20951,20951,20951,20951
"Idaho","return_normal","Past",2021-03-03,"cumulative_hosps",20951,20951,20951,20951,20951,20951,20951,20951
"Idaho","status_quo","Past",2021-03-03,"cumulative_hosps",20951,20951,20951,20951,20951,20951,20951,20951
"Idaho","linear_increase_sd","Past",2021-03-03,"daily_all_infections",603,603,603,603,603,603,603,603
"Idaho","return_normal","Past",2021-03-03,"daily_all_infections",603,603,603,603,603,603,603,603
"Idaho","status_quo","Past",2021-03-03,"daily_all_infections",603,603,603,603,603,603,603,603
"Idaho","linear_increase_sd","Past",2021-03-03,"daily_cases",255,255,255,255,255,255,255,255
"Idaho","return_normal","Past",2021-03-03,"daily_cases",255,255,255,255,255,255,255,255
"Idaho","status_quo","Past",2021-03-03,"daily_cases",255,255,255,255,255,255,255,255
"Idaho","linear_increase_sd","Past",2021-03-03,"daily_deaths",3,3,3,3,3,3,3,3
"Idaho","return_normal","Past",2021-03-03,"daily_deaths",3,3,3,3,3,3,3,3
"Idaho","status_quo","Past",2021-03-03,"daily_deaths",3,3,3,3,3,3,3,3
"Idaho","linear_increase_sd","Past",2021-03-03,"daily_hosps",32,32,32,32,32,32,32,32
"Idaho","return_normal","Past",2021-03-03,"daily_hosps",32,32,32,32,32,32,32,32
"Idaho","status_quo","Past",2021-03-03,"daily_hosps",32,32,32,32,32,32,32,32
"Idaho","linear_increase_sd","Past",2021-03-03,"latent_trend",NA,NA,NA,0.632099307886777,NA,NA,NA,NA
"Idaho","return_normal","Past",2021-03-03,"latent_trend",NA,NA,NA,0.632099307886777,NA,NA,NA,NA
"Idaho","status_quo","Past",2021-03-03,"latent_trend",NA,NA,NA,0.632099307886777,NA,NA,NA,NA
"Idaho","linear_increase_sd","Past",2021-03-03,"mobility_trend",NA,NA,NA,0.74632079068521,NA,NA,NA,NA
"Idaho","return_normal","Past",2021-03-03,"mobility_trend",NA,NA,NA,0.74632079068521,NA,NA,NA,NA
"Idaho","status_quo","Past",2021-03-03,"mobility_trend",NA,NA,NA,0.74632079068521,NA,NA,NA,NA
"Idaho",NA,"Past",2021-03-04,"actual_cumulative_cases",NA,NA,NA,172288,NA,NA,NA,NA
"Idaho",NA,"Past",2021-03-04,"actual_cumulative_deaths",NA,NA,NA,1881,NA,NA,NA,NA
"Idaho",NA,"Past",2021-03-04,"actual_daily_cases",NA,NA,NA,452,NA,NA,NA,NA
"Idaho",NA,"Past",2021-03-04,"actual_daily_deaths",NA,NA,NA,5,NA,NA,NA,NA
"Idaho","linear_increase_sd","Past",2021-03-04,"combined_trend",NA,NA,NA,0.478090744135783,NA,NA,NA,NA
"Idaho","return_normal","Past",2021-03-04,"combined_trend",NA,NA,NA,0.478090744135783,NA,NA,NA,NA
"Idaho","status_quo","Past",2021-03-04,"combined_trend",NA,NA,NA,0.478090744135783,NA,NA,NA,NA
"Idaho","linear_increase_sd","Past",2021-03-04,"cumulative_all_infections",477845,477845,477845,477845,477845,477845,477845,477845
"Idaho","return_normal","Past",2021-03-04,"cumulative_all_infections",477845,477845,477845,477845,477845,477845,477845,477845
"Idaho","status_quo","Past",2021-03-04,"cumulative_all_infections",477845,477845,477845,477845,477845,477845,477845,477845
"Idaho","linear_increase_sd","Past",2021-03-04,"cumulative_cases",176723,176723,176723,176723,176723,176723,176723,176723
"Idaho","return_normal","Past",2021-03-04,"cumulative_cases",176723,176723,176723,176723,176723,176723,176723,176723
"Idaho","status_quo","Past",2021-03-04,"cumulative_cases",176723,176723,176723,176723,176723,176723,176723,176723
"Idaho","linear_increase_sd","Past",2021-03-04,"cumulative_deaths",2272,2272,2272,2272,2272,2272,2272,2272
"Idaho","return_normal","Past",2021-03-04,"cumulative_deaths",2272,2272,2272,2272,2272,2272,2272,2272
"Idaho","status_quo","Past",2021-03-04,"cumulative_deaths",2272,2272,2272,2272,2272,2272,2272,2272
"Idaho","linear_increase_sd","Past",2021-03-04,"cumulative_hosps",20980,20980,20980,20980,20980,20980,20980,20980
"Idaho","return_normal","Past",2021-03-04,"cumulative_hosps",20980,20980,20980,20980,20980,20980,20980,20980
"Idaho","status_quo","Past",2021-03-04,"cumulative_hosps",20980,20980,20980,20980,20980,20980,20980,20980
"Idaho","linear_increase_sd","Past",2021-03-04,"daily_all_infections",606,606,606,606,606,606,606,606
"Idaho","return_normal","Past",2021-03-04,"daily_all_infections",606,606,606,606,606,606,606,606
"Idaho","status_quo","Past",2021-03-04,"daily_all_infections",606,606,606,606,606,606,606,606
"Idaho","linear_increase_sd","Past",2021-03-04,"daily_cases",251,251,251,251,251,251,251,251
"Idaho","return_normal","Past",2021-03-04,"daily_cases",251,251,251,251,251,251,251,251
"Idaho","status_quo","Past",2021-03-04,"daily_cases",251,251,251,251,251,251,251,251
"Idaho","linear_increase_sd","Past",2021-03-04,"daily_deaths",3,3,3,3,3,3,3,3
"Idaho","return_normal","Past",2021-03-04,"daily_deaths",3,3,3,3,3,3,3,3
"Idaho","status_quo","Past",2021-03-04,"daily_deaths",3,3,3,3,3,3,3,3
"Idaho","linear_increase_sd","Past",2021-03-04,"daily_hosps",29,29,29,29,29,29,29,29
"Idaho","return_normal","Past",2021-03-04,"daily_hosps",29,29,29,29,29,29,29,29
"Idaho","status_quo","Past",2021-03-04,"daily_hosps",29,29,29,29,29,29,29,29
"Idaho","linear_increase_sd","Past",2021-03-04,"latent_trend",NA,NA,NA,0.637005168789237,NA,NA,NA,NA
"Idaho","return_normal","Past",2021-03-04,"latent_trend",NA,NA,NA,0.637005168789237,NA,NA,NA,NA
"Idaho","status_quo","Past",2021-03-04,"latent_trend",NA,NA,NA,0.637005168789237,NA,NA,NA,NA
"Idaho","linear_increase_sd","Past",2021-03-04,"mobility_trend",NA,NA,NA,0.750528830157682,NA,NA,NA,NA
"Idaho","return_normal","Past",2021-03-04,"mobility_trend",NA,NA,NA,0.750528830157682,NA,NA,NA,NA
"Idaho","status_quo","Past",2021-03-04,"mobility_trend",NA,NA,NA,0.750528830157682,NA,NA,NA,NA
"Idaho",NA,"Past",2021-03-05,"actual_cumulative_cases",NA,NA,NA,172587,NA,NA,NA,NA
"Idaho",NA,"Past",2021-03-05,"actual_cumulative_deaths",NA,NA,NA,1881,NA,NA,NA,NA
"Idaho",NA,"Past",2021-03-05,"actual_daily_cases",NA,NA,NA,299,NA,NA,NA,NA
"Idaho",NA,"Past",2021-03-05,"actual_daily_deaths",NA,NA,NA,0,NA,NA,NA,NA
"Idaho","linear_increase_sd","Past",2021-03-05,"combined_trend",NA,NA,NA,0.485432641966828,NA,NA,NA,NA
"Idaho","return_normal","Past",2021-03-05,"combined_trend",NA,NA,NA,0.485432641966828,NA,NA,NA,NA
"Idaho","status_quo","Past",2021-03-05,"combined_trend",NA,NA,NA,0.485432641966828,NA,NA,NA,NA
"Idaho","linear_increase_sd","Past",2021-03-05,"cumulative_all_infections",478455,478455,478455,478455,478455,478455,478455,478455
"Idaho","return_normal","Past",2021-03-05,"cumulative_all_infections",478455,478455,478455,478455,478455,478455,478455,478455
"Idaho","status_quo","Past",2021-03-05,"cumulative_all_infections",478455,478455,478455,478455,478455,478455,478455,478455
"Idaho","linear_increase_sd","Past",2021-03-05,"cumulative_cases",176962,176962,176962,176962,176962,176962,176962,176962
"Idaho","return_normal","Past",2021-03-05,"cumulative_cases",176962,176962,176962,176962,176962,176962,176962,176962
"Idaho","status_quo","Past",2021-03-05,"cumulative_cases",176962,176962,176962,176962,176962,176962,176962,176962
"Idaho","linear_increase_sd","Past",2021-03-05,"cumulative_deaths",2274,2274,2274,2274,2274,2274,2274,2274
"Idaho","return_normal","Past",2021-03-05,"cumulative_deaths",2274,2274,2274,2274,2274,2274,2274,2274
"Idaho","status_quo","Past",2021-03-05,"cumulative_deaths",2274,2274,2274,2274,2274,2274,2274,2274
"Idaho","linear_increase_sd","Past",2021-03-05,"cumulative_hosps",21009,21009,21009,21009,21009,21009,21009,21009
"Idaho","return_normal","Past",2021-03-05,"cumulative_hosps",21009,21009,21009,21009,21009,21009,21009,21009
"Idaho","status_quo","Past",2021-03-05,"cumulative_hosps",21009,21009,21009,21009,21009,21009,21009,21009
"Idaho","linear_increase_sd","Past",2021-03-05,"daily_all_infections",610,610,610,610,610,610,610,610
"Idaho","return_normal","Past",2021-03-05,"daily_all_infections",610,610,610,610,610,610,610,610
"Idaho","status_quo","Past",2021-03-05,"daily_all_infections",610,610,610,610,610,610,610,610
"Idaho","linear_increase_sd","Past",2021-03-05,"daily_cases",239,239,239,239,239,239,239,239
"Idaho","return_normal","Past",2021-03-05,"daily_cases",239,239,239,239,239,239,239,239
"Idaho","status_quo","Past",2021-03-05,"daily_cases",239,239,239,239,239,239,239,239
"Idaho","linear_increase_sd","Past",2021-03-05,"daily_deaths",2,2,2,2,2,2,2,2
"Idaho","return_normal","Past",2021-03-05,"daily_deaths",2,2,2,2,2,2,2,2
"Idaho","status_quo","Past",2021-03-05,"daily_deaths",2,2,2,2,2,2,2,2
"Idaho","linear_increase_sd","Past",2021-03-05,"daily_hosps",29,29,29,29,29,29,29,29
"Idaho","return_normal","Past",2021-03-05,"daily_hosps",29,29,29,29,29,29,29,29
"Idaho","status_quo","Past",2021-03-05,"daily_hosps",29,29,29,29,29,29,29,29
"Idaho","linear_increase_sd","Past",2021-03-05,"latent_trend",NA,NA,NA,0.643189593743279,NA,NA,NA,NA
"Idaho","return_normal","Past",2021-03-05,"latent_trend",NA,NA,NA,0.643189593743279,NA,NA,NA,NA
"Idaho","status_quo","Past",2021-03-05,"latent_trend",NA,NA,NA,0.643189593743279,NA,NA,NA,NA
"Idaho","linear_increase_sd","Past",2021-03-05,"mobility_trend",NA,NA,NA,0.754727139072126,NA,NA,NA,NA
"Idaho","return_normal","Past",2021-03-05,"mobility_trend",NA,NA,NA,0.754727139072126,NA,NA,NA,NA
"Idaho","status_quo","Past",2021-03-05,"mobility_trend",NA,NA,NA,0.754727139072126,NA,NA,NA,NA
"Idaho",NA,"Past",2021-03-06,"actual_cumulative_cases",NA,NA,NA,172827,NA,NA,NA,NA
"Idaho",NA,"Past",2021-03-06,"actual_cumulative_deaths",NA,NA,NA,1881,NA,NA,NA,NA
"Idaho",NA,"Past",2021-03-06,"actual_daily_cases",NA,NA,NA,240,NA,NA,NA,NA
"Idaho",NA,"Past",2021-03-06,"actual_daily_deaths",NA,NA,NA,0,NA,NA,NA,NA
"Idaho","linear_increase_sd","Past",2021-03-06,"combined_trend",NA,NA,NA,0.493839242876339,NA,NA,NA,NA
"Idaho","return_normal","Past",2021-03-06,"combined_trend",NA,NA,NA,0.493839242876339,NA,NA,NA,NA
"Idaho","status_quo","Past",2021-03-06,"combined_trend",NA,NA,NA,0.493839242876339,NA,NA,NA,NA
"Idaho","linear_increase_sd","Past",2021-03-06,"cumulative_all_infections",479074,479074,479074,479074,479074,479074,479074,479074
"Idaho","return_normal","Past",2021-03-06,"cumulative_all_infections",479074,479074,479074,479074,479074,479074,479074,479074
"Idaho","status_quo","Past",2021-03-06,"cumulative_all_infections",479074,479074,479074,479074,479074,479074,479074,479074
"Idaho","linear_increase_sd","Past",2021-03-06,"cumulative_cases",177231,177231,177231,177231,177231,177231,177231,177231
"Idaho","return_normal","Past",2021-03-06,"cumulative_cases",177231,177231,177231,177231,177231,177231,177231,177231
"Idaho","status_quo","Past",2021-03-06,"cumulative_cases",177231,177231,177231,177231,177231,177231,177231,177231
"Idaho","linear_increase_sd","Past",2021-03-06,"cumulative_deaths",2277,2277,2277,2277,2277,2277,2277,2277
"Idaho","return_normal","Past",2021-03-06,"cumulative_deaths",2277,2277,2277,2277,2277,2277,2277,2277
"Idaho","status_quo","Past",2021-03-06,"cumulative_deaths",2277,2277,2277,2277,2277,2277,2277,2277
"Idaho","linear_increase_sd","Past",2021-03-06,"cumulative_hosps",21038,21038,21038,21038,21038,21038,21038,21038
"Idaho","return_normal","Past",2021-03-06,"cumulative_hosps",21038,21038,21038,21038,21038,21038,21038,21038
"Idaho","status_quo","Past",2021-03-06,"cumulative_hosps",21038,21038,21038,21038,21038,21038,21038,21038
"Idaho","linear_increase_sd","Past",2021-03-06,"daily_all_infections",619,619,619,619,619,619,619,619
"Idaho","return_normal","Past",2021-03-06,"daily_all_infections",619,619,619,619,619,619,619,619
"Idaho","status_quo","Past",2021-03-06,"daily_all_infections",619,619,619,619,619,619,619,619
"Idaho","linear_increase_sd","Past",2021-03-06,"daily_cases",269,269,269,269,269,269,269,269
"Idaho","return_normal","Past",2021-03-06,"daily_cases",269,269,269,269,269,269,269,269
"Idaho","status_quo","Past",2021-03-06,"daily_cases",269,269,269,269,269,269,269,269
"Idaho","linear_increase_sd","Past",2021-03-06,"daily_deaths",3,3,3,3,3,3,3,3
"Idaho","return_normal","Past",2021-03-06,"daily_deaths",3,3,3,3,3,3,3,3
"Idaho","status_quo","Past",2021-03-06,"daily_deaths",3,3,3,3,3,3,3,3
"Idaho","linear_increase_sd","Past",2021-03-06,"daily_hosps",29,29,29,29,29,29,29,29
"Idaho","return_normal","Past",2021-03-06,"daily_hosps",29,29,29,29,29,29,29,29
"Idaho","status_quo","Past",2021-03-06,"daily_hosps",29,29,29,29,29,29,29,29
"Idaho","linear_increase_sd","Past",2021-03-06,"latent_trend",NA,NA,NA,0.650721517766166,NA,NA,NA,NA
"Idaho","return_normal","Past",2021-03-06,"latent_trend",NA,NA,NA,0.650721517766166,NA,NA,NA,NA
"Idaho","status_quo","Past",2021-03-06,"latent_trend",NA,NA,NA,0.650721517766166,NA,NA,NA,NA
"Idaho","linear_increase_sd","Past",2021-03-06,"mobility_trend",NA,NA,NA,0.758910270205322,NA,NA,NA,NA
"Idaho","return_normal","Past",2021-03-06,"mobility_trend",NA,NA,NA,0.758910270205322,NA,NA,NA,NA
"Idaho","status_quo","Past",2021-03-06,"mobility_trend",NA,NA,NA,0.758910270205322,NA,NA,NA,NA
"Idaho",NA,"Past",2021-03-07,"actual_cumulative_cases",NA,NA,NA,172931,NA,NA,NA,NA
"Idaho",NA,"Past",2021-03-07,"actual_cumulative_deaths",NA,NA,NA,1884,NA,NA,NA,NA
"Idaho",NA,"Past",2021-03-07,"actual_daily_cases",NA,NA,NA,104,NA,NA,NA,NA
"Idaho",NA,"Past",2021-03-07,"actual_daily_deaths",NA,NA,NA,3,NA,NA,NA,NA
"Idaho","linear_increase_sd","Past",2021-03-07,"combined_trend",NA,NA,NA,0.503370991171776,NA,NA,NA,NA
"Idaho","return_normal","Past",2021-03-07,"combined_trend",NA,NA,NA,0.503370991171776,NA,NA,NA,NA
"Idaho","status_quo","Past",2021-03-07,"combined_trend",NA,NA,NA,0.503370991171776,NA,NA,NA,NA
"Idaho","linear_increase_sd","Past",2021-03-07,"cumulative_all_infections",479704,479704,479704,479704,479704,479704,479704,479704
"Idaho","return_normal","Past",2021-03-07,"cumulative_all_infections",479704,479704,479704,479704,479704,479704,479704,479704
"Idaho","status_quo","Past",2021-03-07,"cumulative_all_infections",479704,479704,479704,479704,479704,479704,479704,479704
"Idaho","linear_increase_sd","Past",2021-03-07,"cumulative_cases",177471,177471,177471,177471,177471,177471,177471,177471
"Idaho","return_normal","Past",2021-03-07,"cumulative_cases",177471,177471,177471,177471,177471,177471,177471,177471
"Idaho","status_quo","Past",2021-03-07,"cumulative_cases",177471,177471,177471,177471,177471,177471,177471,177471
"Idaho","linear_increase_sd","Past",2021-03-07,"cumulative_deaths",2279,2279,2279,2279,2279,2279,2279,2279
"Idaho","return_normal","Past",2021-03-07,"cumulative_deaths",2279,2279,2279,2279,2279,2279,2279,2279
"Idaho","status_quo","Past",2021-03-07,"cumulative_deaths",2279,2279,2279,2279,2279,2279,2279,2279
"Idaho","linear_increase_sd","Past",2021-03-07,"cumulative_hosps",21068,21068,21068,21068,21068,21068,21068,21068
"Idaho","return_normal","Past",2021-03-07,"cumulative_hosps",21068,21068,21068,21068,21068,21068,21068,21068
"Idaho","status_quo","Past",2021-03-07,"cumulative_hosps",21068,21068,21068,21068,21068,21068,21068,21068
"Idaho","linear_increase_sd","Past",2021-03-07,"daily_all_infections",630,630,630,630,630,630,630,630
"Idaho","return_normal","Past",2021-03-07,"daily_all_infections",630,630,630,630,630,630,630,630
"Idaho","status_quo","Past",2021-03-07,"daily_all_infections",630,630,630,630,630,630,630,630
"Idaho","linear_increase_sd","Past",2021-03-07,"daily_cases",240,240,240,240,240,240,240,240
"Idaho","return_normal","Past",2021-03-07,"daily_cases",240,240,240,240,240,240,240,240
"Idaho","status_quo","Past",2021-03-07,"daily_cases",240,240,240,240,240,240,240,240
"Idaho","linear_increase_sd","Past",2021-03-07,"daily_deaths",2,2,2,2,2,2,2,2
"Idaho","return_normal","Past",2021-03-07,"daily_deaths",2,2,2,2,2,2,2,2
"Idaho","status_quo","Past",2021-03-07,"daily_deaths",2,2,2,2,2,2,2,2
"Idaho","linear_increase_sd","Past",2021-03-07,"daily_hosps",30,30,30,30,30,30,30,30
"Idaho","return_normal","Past",2021-03-07,"daily_hosps",30,30,30,30,30,30,30,30
"Idaho","status_quo","Past",2021-03-07,"daily_hosps",30,30,30,30,30,30,30,30
"Idaho","linear_increase_sd","Past",2021-03-07,"latent_trend",NA,NA,NA,0.659656153142833,NA,NA,NA,NA
"Idaho","return_normal","Past",2021-03-07,"latent_trend",NA,NA,NA,0.659656153142833,NA,NA,NA,NA
"Idaho","status_quo","Past",2021-03-07,"latent_trend",NA,NA,NA,0.659656153142833,NA,NA,NA,NA
"Idaho","linear_increase_sd","Past",2021-03-07,"mobility_trend",NA,NA,NA,0.76308086989493,NA,NA,NA,NA
"Idaho","return_normal","Past",2021-03-07,"mobility_trend",NA,NA,NA,0.76308086989493,NA,NA,NA,NA
"Idaho","status_quo","Past",2021-03-07,"mobility_trend",NA,NA,NA,0.76308086989493,NA,NA,NA,NA
"Idaho","linear_increase_sd","Future",2021-03-08,"combined_trend",NA,NA,NA,0.503370991171776,NA,NA,NA,NA
"Idaho","return_normal","Future",2021-03-08,"combined_trend",NA,NA,NA,0.503370991171776,NA,NA,NA,NA
"Idaho","status_quo","Future",2021-03-08,"combined_trend",NA,NA,NA,0.503370991171776,NA,NA,NA,NA
"Idaho","linear_increase_sd","Future",2021-03-08,"cumulative_all_infections",487217,487204,487198,487245,487246,487275,487283,487297
"Idaho","return_normal","Future",2021-03-08,"cumulative_all_infections",487221,487207,487200,487248,487247,487284,487295,487300
"Idaho","status_quo","Future",2021-03-08,"cumulative_all_infections",487219,487214,487208,487246,487245,487276,487290,487300
"Idaho","linear_increase_sd","Future",2021-03-08,"cumulative_cases",177524,177498,177486,177737,177692,178067,178112,178189
"Idaho","return_normal","Future",2021-03-08,"cumulative_cases",177519,177496,177484,177736,177687,178008,178067,178297
"Idaho","status_quo","Future",2021-03-08,"cumulative_cases",177523,177508,177483,177721,177658,178015,178124,178245
"Idaho","linear_increase_sd","Future",2021-03-08,"cumulative_deaths",2279,2279,2279,2281,2280,2282,2284,2285
"Idaho","return_normal","Future",2021-03-08,"cumulative_deaths",2279,2279,2279,2281,2280,2283,2284,2286
"Idaho","status_quo","Future",2021-03-08,"cumulative_deaths",2279,2279,2279,2281,2280,2282,2285,2286
"Idaho","linear_increase_sd","Future",2021-03-08,"cumulative_hosps",21089,21086,21086,21096,21095,21102,21104,21107
"Idaho","return_normal","Future",2021-03-08,"cumulative_hosps",21089,21086,21084,21095,21094,21100,21103,21106
"Idaho","status_quo","Future",2021-03-08,"cumulative_hosps",21088,21088,21087,21096,21095,21100,21104,21106
"Idaho","linear_increase_sd","Future",2021-03-08,"daily_all_infections",0,0,0,0,0,0,0,0
"Idaho","return_normal","Future",2021-03-08,"daily_all_infections",0,0,0,0,0,0,0,0
"Idaho","status_quo","Future",2021-03-08,"daily_all_infections",0,0,0,0,0,0,0,0
"Idaho","linear_increase_sd","Future",2021-03-08,"daily_cases",53,27,15,266,221,596,641,718
"Idaho","return_normal","Future",2021-03-08,"daily_cases",48,25,13,265,216,537,596,826
"Idaho","status_quo","Future",2021-03-08,"daily_cases",52,37,12,250,187,544,653,774
"Idaho","linear_increase_sd","Future",2021-03-08,"daily_deaths",0,0,0,2,1,3,5,6
"Idaho","return_normal","Future",2021-03-08,"daily_deaths",0,0,0,2,1,4,5,7
"Idaho","status_quo","Future",2021-03-08,"daily_deaths",0,0,0,2,1,3,6,7
"Idaho","linear_increase_sd","Future",2021-03-08,"daily_hosps",21,18,18,28,27,34,36,39
"Idaho","return_normal","Future",2021-03-08,"daily_hosps",21,18,16,27,26,32,35,38
"Idaho","status_quo","Future",2021-03-08,"daily_hosps",20,20,19,28,27,32,36,38
"Idaho","linear_increase_sd","Future",2021-03-08,"latent_trend",NA,NA,NA,0.659656153142833,NA,NA,NA,NA
"Idaho","return_normal","Future",2021-03-08,"latent_trend",NA,NA,NA,0.659656153142833,NA,NA,NA,NA
"Idaho","status_quo","Future",2021-03-08,"latent_trend",NA,NA,NA,0.659656153142833,NA,NA,NA,NA
"Idaho","linear_increase_sd","Future",2021-03-08,"mobility_trend",NA,NA,NA,0.76308086989493,NA,NA,NA,NA
"Idaho","return_normal","Future",2021-03-08,"mobility_trend",NA,NA,NA,0.76308086989493,NA,NA,NA,NA
"Idaho","status_quo","Future",2021-03-08,"mobility_trend",NA,NA,NA,0.76308086989493,NA,NA,NA,NA
"Idaho","linear_increase_sd","Future",2021-03-09,"combined_trend",NA,NA,NA,0.478918481561709,NA,NA,NA,NA
"Idaho","return_normal","Future",2021-03-09,"combined_trend",NA,NA,NA,0.51436777679477,NA,NA,NA,NA
"Idaho","status_quo","Future",2021-03-09,"combined_trend",NA,NA,NA,0.502369753666977,NA,NA,NA,NA
"Idaho","linear_increase_sd","Future",2021-03-09,"cumulative_all_infections",487777,487765,487760,487821,487817,487866,487872,487877
"Idaho","return_normal","Future",2021-03-09,"cumulative_all_infections",487780,487774,487761,487827,487829,487874,487885,487898
"Idaho","status_quo","Future",2021-03-09,"cumulative_all_infections",487781,487770,487765,487825,487826,487869,487881,487898
"Idaho","linear_increase_sd","Future",2021-03-09,"cumulative_cases",177682,177622,177574,177997,177961,178349,178435,178546
"Idaho","return_normal","Future",2021-03-09,"cumulative_cases",177685,177622,177577,177956,177906,178314,178380,178559
"Idaho","status_quo","Future",2021-03-09,"cumulative_cases",177666,177604,177587,177977,177931,178397,178436,178627
"Idaho","linear_increase_sd","Future",2021-03-09,"cumulative_deaths",2279,2279,2279,2283,2281,2286,2288,2290
"Idaho","return_normal","Future",2021-03-09,"cumulative_deaths",2279,2279,2279,2282,2281,2286,2288,2289
"Idaho","status_quo","Future",2021-03-09,"cumulative_deaths",2279,2279,2279,2282,2281,2286,2287,2289
"Idaho","linear_increase_sd","Future",2021-03-09,"cumulative_hosps",21114,21112,21109,21124,21124,21133,21138,21140
"Idaho","return_normal","Future",2021-03-09,"cumulative_hosps",21113,21111,21109,21122,21121,21132,21133,21134
"Idaho","status_quo","Future",2021-03-09,"cumulative_hosps",21113,21112,21110,21123,21122,21132,21135,21138
"Idaho","linear_increase_sd","Future",2021-03-09,"daily_all_infections",546,536,533,576,577,607,614,617
"Idaho","return_normal","Future",2021-03-09,"daily_all_infections",547,537,527,580,579,610,619,627
"Idaho","status_quo","Future",2021-03-09,"daily_all_infections",545,536,533,579,579,610,617,628
"Idaho","linear_increase_sd","Future",2021-03-09,"daily_cases",52,41,36,261,221,482,668,854
"Idaho","return_normal","Future",2021-03-09,"daily_cases",58,42,22,220,166,425,566,666
"Idaho","status_quo","Future",2021-03-09,"daily_cases",64,41,30,257,195,586,731,779
"Idaho","linear_increase_sd","Future",2021-03-09,"daily_deaths",0,0,0,2,1,5,6,7
"Idaho","return_normal","Future",2021-03-09,"daily_deaths",0,0,0,2,1,5,7,9
"Idaho","status_quo","Future",2021-03-09,"daily_deaths",0,0,0,2,1,4,6,7
"Idaho","linear_increase_sd","Future",2021-03-09,"daily_hosps",22,21,21,29,28,33,36,37
"Idaho","return_normal","Future",2021-03-09,"daily_hosps",21,19,19,28,28,33,36,37
"Idaho","status_quo","Future",2021-03-09,"daily_hosps",20,20,19,28,27,36,37,38
"Idaho","linear_increase_sd","Future",2021-03-09,"latent_trend",NA,NA,NA,0.658344054328278,NA,NA,NA,NA
"Idaho","return_normal","Future",2021-03-09,"latent_trend",NA,NA,NA,0.658344054328278,NA,NA,NA,NA
"Idaho","status_quo","Future",2021-03-09,"latent_trend",NA,NA,NA,0.658344054328278,NA,NA,NA,NA
"Idaho","linear_increase_sd","Future",2021-03-09,"mobility_trend",NA,NA,NA,0.727459264518397,NA,NA,NA,NA
"Idaho","return_normal","Future",2021-03-09,"mobility_trend",NA,NA,NA,0.781305418364551,NA,NA,NA,NA
"Idaho","status_quo","Future",2021-03-09,"mobility_trend",NA,NA,NA,0.76308086989493,NA,NA,NA,NA
"Idaho","linear_increase_sd","Future",2021-03-10,"combined_trend",NA,NA,NA,0.454557770003135,NA,NA,NA,NA
"Idaho","return_normal","Future",2021-03-10,"combined_trend",NA,NA,NA,0.525314795996525,NA,NA,NA,NA
"Idaho","status_quo","Future",2021-03-10,"combined_trend",NA,NA,NA,0.501366663071988,NA,NA,NA,NA
"Idaho","linear_increase_sd","Future",2021-03-10,"cumulative_all_infections",488310,488300,488293,488367,488367,488420,488445,488460
"Idaho","return_normal","Future",2021-03-10,"cumulative_all_infections",488364,488346,488337,488417,488417,488465,488482,488501
"Idaho","status_quo","Future",2021-03-10,"cumulative_all_infections",488336,488330,488309,488401,488395,488470,488479,488488
"Idaho","linear_increase_sd","Future",2021-03-10,"cumulative_cases",177832,177800,177754,178196,178176,178577,178720,178912
"Idaho","return_normal","Future",2021-03-10,"cumulative_cases",177825,177803,177760,178182,178135,178614,178779,178891
"Idaho","status_quo","Future",2021-03-10,"cumulative_cases",177814,177730,177693,178178,178152,178602,178823,179024
"Idaho","linear_increase_sd","Future",2021-03-10,"cumulative_deaths",2279,2279,2279,2284,2283,2288,2291,2291
"Idaho","return_normal","Future",2021-03-10,"cumulative_deaths",2280,2279,2279,2284,2282,2288,2290,2291
"Idaho","status_quo","Future",2021-03-10,"cumulative_deaths",2279,2279,2279,2284,2283,2288,2291,2292
"Idaho","linear_increase_sd","Future",2021-03-10,"cumulative_hosps",21140,21137,21135,21152,21152,21163,21167,21169
"Idaho","return_normal","Future",2021-03-10,"cumulative_hosps",21138,21133,21132,21149,21149,21160,21163,21164
"Idaho","status_quo","Future",2021-03-10,"cumulative_hosps",21140,21137,21134,21150,21149,21160,21164,21165
"Idaho","linear_increase_sd","Future",2021-03-10,"daily_all_infections",522,511,503,547,548,576,584,588
"Idaho","return_normal","Future",2021-03-10,"daily_all_infections",557,541,536,590,592,626,636,643
"Idaho","status_quo","Future",2021-03-10,"daily_all_infections",545,526,517,577,578,612,622,627
"Idaho","linear_increase_sd","Future",2021-03-10,"daily_cases",43,36,30,199,185,363,429,506
"Idaho","return_normal","Future",2021-03-10,"daily_cases",69,50,43,227,201,448,547,570
"Idaho","status_quo","Future",2021-03-10,"daily_cases",33,19,10,201,170,391,498,545
"Idaho","linear_increase_sd","Future",2021-03-10,"daily_deaths",0,0,0,2,0,4,6,7
"Idaho","return_normal","Future",2021-03-10,"daily_deaths",0,0,0,2,1,5,5,6
"Idaho","status_quo","Future",2021-03-10,"daily_deaths",0,0,0,2,0,4,7,8
"Idaho","linear_increase_sd","Future",2021-03-10,"daily_hosps",20,20,19,28,28,34,37,38
"Idaho","return_normal","Future",2021-03-10,"daily_hosps",20,19,17,28,27,34,38,39
"Idaho","status_quo","Future",2021-03-10,"daily_hosps",21,20,18,28,27,33,35,37
"Idaho","linear_increase_sd","Future",2021-03-10,"latent_trend",NA,NA,NA,0.657029527081477,NA,NA,NA,NA
"Idaho","return_normal","Future",2021-03-10,"latent_trend",NA,NA,NA,0.657029527081477,NA,NA,NA,NA
"Idaho","status_quo","Future",2021-03-10,"latent_trend",NA,NA,NA,0.657029527081477,NA,NA,NA,NA
"Idaho","linear_increase_sd","Future",2021-03-10,"mobility_trend",NA,NA,NA,0.691837659141864,NA,NA,NA,NA
"Idaho","return_normal","Future",2021-03-10,"mobility_trend",NA,NA,NA,0.799529966834171,NA,NA,NA,NA
"Idaho","status_quo","Future",2021-03-10,"mobility_trend",NA,NA,NA,0.76308086989493,NA,NA,NA,NA
"Idaho","linear_increase_sd","Future",2021-03-11,"combined_trend",NA,NA,NA,0.430289126326693,NA,NA,NA,NA
"Idaho","return_normal","Future",2021-03-11,"combined_trend",NA,NA,NA,0.536211928862091,NA,NA,NA,NA
"Idaho","status_quo","Future",2021-03-11,"combined_trend",NA,NA,NA,0.500361731383551,NA,NA,NA,NA
"Idaho","linear_increase_sd","Future",2021-03-11,"cumulative_all_infections",488823,488804,488794,488890,488894,488952,488970,488998
"Idaho","return_normal","Future",2021-03-11,"cumulative_all_infections",488957,488928,488904,489022,489024,489087,489119,489125
"Idaho","status_quo","Future",2021-03-11,"cumulative_all_infections",488898,488885,488865,488977,488975,489048,489060,489070
"Idaho","linear_increase_sd","Future",2021-03-11,"cumulative_cases",177980,177950,177932,178400,178370,178907,179140,179377
"Idaho","return_normal","Future",2021-03-11,"cumulative_cases",177998,177930,177879,178398,178380,178870,178974,179050
"Idaho","status_quo","Future",2021-03-11,"cumulative_cases",177949,177884,177855,178406,178362,178854,179115,179312
"Idaho","linear_increase_sd","Future",2021-03-11,"cumulative_deaths",2281,2280,2279,2285,2284,2290,2292,2293
"Idaho","return_normal","Future",2021-03-11,"cumulative_deaths",2281,2280,2280,2285,2285,2290,2292,2293
"Idaho","status_quo","Future",2021-03-11,"cumulative_deaths",2280,2280,2279,2285,2284,2291,2294,2296
"Idaho","linear_increase_sd","Future",2021-03-11,"cumulative_hosps",21165,21162,21160,21180,21180,21193,21196,21200
"Idaho","return_normal","Future",2021-03-11,"cumulative_hosps",21164,21161,21160,21177,21176,21190,21192,21197
"Idaho","status_quo","Future",2021-03-11,"cumulative_hosps",21166,21163,21161,21177,21176,21191,21194,21197
"Idaho","linear_increase_sd","Future",2021-03-11,"daily_all_infections",494,484,482,523,525,552,559,571
"Idaho","return_normal","Future",2021-03-11,"daily_all_infections",568,559,557,606,604,648,656,659
"Idaho","status_quo","Future",2021-03-11,"daily_all_infections",536,530,527,577,575,609,616,625
"Idaho","linear_increase_sd","Future",2021-03-11,"daily_cases",51,34,31,205,165,387,534,717
"Idaho","return_normal","Future",2021-03-11,"daily_cases",47,29,21,216,197,411,460,610
"Idaho","status_quo","Future",2021-03-11,"daily_cases",55,32,22,228,199,442,506,612
"Idaho","linear_increase_sd","Future",2021-03-11,"daily_deaths",0,0,0,2,1,4,6,9
"Idaho","return_normal","Future",2021-03-11,"daily_deaths",0,0,0,2,1,5,7,9
"Idaho","status_quo","Future",2021-03-11,"daily_deaths",0,0,0,2,1,4,6,9
"Idaho","linear_increase_sd","Future",2021-03-11,"daily_hosps",21,20,19,28,28,34,35,38
"Idaho","return_normal","Future",2021-03-11,"daily_hosps",22,20,18,28,28,35,36,37
"Idaho","status_quo","Future",2021-03-11,"daily_hosps",21,20,20,28,27,33,36,39
"Idaho","linear_increase_sd","Future",2021-03-11,"latent_trend",NA,NA,NA,0.655712587123888,NA,NA,NA,NA
"Idaho","return_normal","Future",2021-03-11,"latent_trend",NA,NA,NA,0.655712587123888,NA,NA,NA,NA
"Idaho","status_quo","Future",2021-03-11,"latent_trend",NA,NA,NA,0.655712587123888,NA,NA,NA,NA
"Idaho","linear_increase_sd","Future",2021-03-11,"mobility_trend",NA,NA,NA,0.656216053765331,NA,NA,NA,NA
"Idaho","return_normal","Future",2021-03-11,"mobility_trend",NA,NA,NA,0.817754515303792,NA,NA,NA,NA
"Idaho","status_quo","Future",2021-03-11,"mobility_trend",NA,NA,NA,0.76308086989493,NA,NA,NA,NA
"Idaho","linear_increase_sd","Future",2021-03-12,"combined_trend",NA,NA,NA,0.406112818209916,NA,NA,NA,NA
"Idaho","return_normal","Future",2021-03-12,"combined_trend",NA,NA,NA,0.547059056739762,NA,NA,NA,NA
"Idaho","status_quo","Future",2021-03-12,"combined_trend",NA,NA,NA,0.499354970705372,NA,NA,NA,NA
"Idaho","linear_increase_sd","Future",2021-03-12,"cumulative_all_infections",489299,489282,489279,489382,489383,489460,489486,489495
"Idaho","return_normal","Future",2021-03-12,"cumulative_all_infections",489559,489548,489521,489643,489642,489719,489747,489766
"Idaho","status_quo","Future",2021-03-12,"cumulative_all_infections",489461,489447,489400,489552,489556,489634,489664,489684
"Idaho","linear_increase_sd","Future",2021-03-12,"cumulative_cases",178138,178095,178031,178640,178620,179227,179434,179518
"Idaho","return_normal","Future",2021-03-12,"cumulative_cases",178129,178094,178050,178605,178563,179150,179325,179440
"Idaho","status_quo","Future",2021-03-12,"cumulative_cases",178109,178053,177996,178616,178568,179080,179291,179663
"Idaho","linear_increase_sd","Future",2021-03-12,"cumulative_deaths",2282,2280,2279,2287,2286,2292,2294,2295
"Idaho","return_normal","Future",2021-03-12,"cumulative_deaths",2282,2280,2280,2287,2286,2292,2295,2297
"Idaho","status_quo","Future",2021-03-12,"cumulative_deaths",2281,2280,2280,2287,2286,2293,2296,2299
"Idaho","linear_increase_sd","Future",2021-03-12,"cumulative_hosps",21191,21187,21182,21207,21208,21221,21223,21230
"Idaho","return_normal","Future",2021-03-12,"cumulative_hosps",21191,21190,21189,21204,21203,21218,21223,21225
"Idaho","status_quo","Future",2021-03-12,"cumulative_hosps",21190,21188,21186,21204,21203,21218,21222,21227
"Idaho","linear_increase_sd","Future",2021-03-12,"daily_all_infections",460,447,446,493,491,525,528,536
"Idaho","return_normal","Future",2021-03-12,"daily_all_infections",585,571,566,621,621,654,665,671
"Idaho","status_quo","Future",2021-03-12,"daily_all_infections",537,530,526,576,575,607,617,628
"Idaho","linear_increase_sd","Future",2021-03-12,"daily_cases",53,35,22,241,198,469,532,562
"Idaho","return_normal","Future",2021-03-12,"daily_cases",66,51,41,207,165,396,466,544
"Idaho","status_quo","Future",2021-03-12,"daily_cases",54,46,43,211,173,428,546,671
"Idaho","linear_increase_sd","Future",2021-03-12,"daily_deaths",0,0,0,2,1,5,6,7
"Idaho","return_normal","Future",2021-03-12,"daily_deaths",0,0,0,2,1,5,6,7
"Idaho","status_quo","Future",2021-03-12,"daily_deaths",0,0,0,2,1,5,9,10
"Idaho","linear_increase_sd","Future",2021-03-12,"daily_hosps",21,20,20,28,27,34,36,37
"Idaho","return_normal","Future",2021-03-12,"daily_hosps",20,19,19,28,27,34,37,38
"Idaho","status_quo","Future",2021-03-12,"daily_hosps",21,19,19,27,27,34,36,37
"Idaho","linear_increase_sd","Future",2021-03-12,"latent_trend",NA,NA,NA,0.654393250317138,NA,NA,NA,NA
"Idaho","return_normal","Future",2021-03-12,"latent_trend",NA,NA,NA,0.654393250317138,NA,NA,NA,NA
"Idaho","status_quo","Future",2021-03-12,"latent_trend",NA,NA,NA,0.654393250317138,NA,NA,NA,NA
"Idaho","linear_increase_sd","Future",2021-03-12,"mobility_trend",NA,NA,NA,0.620594448388798,NA,NA,NA,NA
"Idaho","return_normal","Future",2021-03-12,"mobility_trend",NA,NA,NA,0.835979063773413,NA,NA,NA,NA
"Idaho","status_quo","Future",2021-03-12,"mobility_trend",NA,NA,NA,0.76308086989493,NA,NA,NA,NA
"Idaho","linear_increase_sd","Future",2021-03-13,"combined_trend",NA,NA,NA,0.382029111151962,NA,NA,NA,NA
"Idaho","return_normal","Future",2021-03-13,"combined_trend",NA,NA,NA,0.557856062253405,NA,NA,NA,NA
"Idaho","status_quo","Future",2021-03-13,"combined_trend",NA,NA,NA,0.498346393247718,NA,NA,NA,NA
"Idaho","linear_increase_sd","Future",2021-03-13,"cumulative_all_infections",489773,489712,489699,489844,489844,489920,489942,489971
"Idaho","return_normal","Future",2021-03-13,"cumulative_all_infections",490186,490154,490144,490280,490274,490390,490415,490431
"Idaho","status_quo","Future",2021-03-13,"cumulative_all_infections",490026,490005,489993,490127,490129,490222,490247,490275
"Idaho","linear_increase_sd","Future",2021-03-13,"cumulative_cases",178386,178239,178165,178876,178772,179523,179682,179726
"Idaho","return_normal","Future",2021-03-13,"cumulative_cases",178377,178226,178139,178844,178760,179570,179703,179832
"Idaho","status_quo","Future",2021-03-13,"cumulative_cases",178364,178203,178138,178843,178772,179379,179774,179885
"Idaho","linear_increase_sd","Future",2021-03-13,"cumulative_deaths",2282,2281,2281,2288,2287,2294,2298,2300
"Idaho","return_normal","Future",2021-03-13,"cumulative_deaths",2282,2281,2280,2289,2288,2295,2297,2298
"Idaho","status_quo","Future",2021-03-13,"cumulative_deaths",2282,2281,2281,2288,2287,2295,2297,2299
"Idaho","linear_increase_sd","Future",2021-03-13,"cumulative_hosps",21217,21210,21208,21234,21234,21251,21253,21259
"Idaho","return_normal","Future",2021-03-13,"cumulative_hosps",21216,21213,21208,21231,21230,21248,21251,21256
"Idaho","status_quo","Future",2021-03-13,"cumulative_hosps",21216,21212,21209,21232,21232,21247,21253,21256
"Idaho","linear_increase_sd","Future",2021-03-13,"daily_all_infections",427,422,418,462,465,494,504,504
"Idaho","return_normal","Future",2021-03-13,"daily_all_infections",597,592,584,638,637,681,687,691
"Idaho","status_quo","Future",2021-03-13,"daily_all_infections",541,538,534,575,576,609,615,622
"Idaho","linear_increase_sd","Future",2021-03-13,"daily_cases",52,30,24,236,212,446,606,659
"Idaho","return_normal","Future",2021-03-13,"daily_cases",58,41,26,240,211,457,578,677
"Idaho","status_quo","Future",2021-03-13,"daily_cases",47,32,25,227,168,492,620,750
"Idaho","linear_increase_sd","Future",2021-03-13,"daily_deaths",0,0,0,2,1,3,6,6
"Idaho","return_normal","Future",2021-03-13,"daily_deaths",0,0,0,2,1,5,6,8
"Idaho","status_quo","Future",2021-03-13,"daily_deaths",0,0,0,2,0,5,6,7
"Idaho","linear_increase_sd","Future",2021-03-13,"daily_hosps",20,18,17,28,27,36,39,41
"Idaho","return_normal","Future",2021-03-13,"daily_hosps",21,20,18,28,27,35,37,39
"Idaho","status_quo","Future",2021-03-13,"daily_hosps",22,21,20,28,28,35,37,37
"Idaho","linear_increase_sd","Future",2021-03-13,"latent_trend",NA,NA,NA,0.653071532662503,NA,NA,NA,NA
"Idaho","return_normal","Future",2021-03-13,"latent_trend",NA,NA,NA,0.653071532662503,NA,NA,NA,NA
"Idaho","status_quo","Future",2021-03-13,"latent_trend",NA,NA,NA,0.653071532662503,NA,NA,NA,NA
"Idaho","linear_increase_sd","Future",2021-03-13,"mobility_trend",NA,NA,NA,0.584972843012264,NA,NA,NA,NA
"Idaho","return_normal","Future",2021-03-13,"mobility_trend",NA,NA,NA,0.854203612243034,NA,NA,NA,NA
"Idaho","status_quo","Future",2021-03-13,"mobility_trend",NA,NA,NA,0.76308086989493,NA,NA,NA,NA
"Idaho","linear_increase_sd","Future",2021-03-14,"combined_trend",NA,NA,NA,0.358038268448445,NA,NA,NA,NA
"Idaho","return_normal","Future",2021-03-14,"combined_trend",NA,NA,NA,0.568602829314722,NA,NA,NA,NA
"Idaho","status_quo","Future",2021-03-14,"combined_trend",NA,NA,NA,0.497336011327016,NA,NA,NA,NA
"Idaho","linear_increase_sd","Future",2021-03-14,"cumulative_all_infections",490195,490155,490119,490276,490283,490364,490383,490399
"Idaho","return_normal","Future",2021-03-14,"cumulative_all_infections",490817,490790,490777,490934,490927,491062,491093,491103
"Idaho","status_quo","Future",2021-03-14,"cumulative_all_infections",490588,490566,490524,490705,490709,490827,490860,490870
"Idaho","linear_increase_sd","Future",2021-03-14,"cumulative_cases",178576,178454,178323,179093,179029,179750,179857,180088
"Idaho","return_normal","Future",2021-03-14,"cumulative_cases",178544,178463,178367,179072,178991,179725,179944,180063
"Idaho","status_quo","Future",2021-03-14,"cumulative_cases",178474,178387,178268,179045,178982,179656,179955,180211
"Idaho","linear_increase_sd","Future",2021-03-14,"cumulative_deaths",2283,2282,2282,2289,2288,2295,2300,2304
"Idaho","return_normal","Future",2021-03-14,"cumulative_deaths",2283,2282,2281,2290,2289,2298,2299,2301
"Idaho","status_quo","Future",2021-03-14,"cumulative_deaths",2283,2282,2281,2290,2288,2298,2299,2301
"Idaho","linear_increase_sd","Future",2021-03-14,"cumulative_hosps",21247,21236,21232,21262,21261,21277,21284,21287
"Idaho","return_normal","Future",2021-03-14,"cumulative_hosps",21243,21238,21232,21259,21257,21278,21282,21285
"Idaho","status_quo","Future",2021-03-14,"cumulative_hosps",21241,21238,21235,21260,21258,21279,21283,21288
"Idaho","linear_increase_sd","Future",2021-03-14,"daily_all_infections",409,406,398,433,434,457,460,465
"Idaho","return_normal","Future",2021-03-14,"daily_all_infections",620,617,598,654,656,687,697,708
"Idaho","status_quo","Future",2021-03-14,"daily_all_infections",543,531,522,579,578,616,625,635
"Idaho","linear_increase_sd","Future",2021-03-14,"daily_cases",54,38,32,217,180,450,502,608
"Idaho","return_normal","Future",2021-03-14,"daily_cases",51,33,26,228,186,396,600,832
"Idaho","status_quo","Future",2021-03-14,"daily_cases",35,26,18,203,166,426,519,542
"Idaho","linear_increase_sd","Future",2021-03-14,"daily_deaths",0,0,0,2,1,4,6,7
"Idaho","return_normal","Future",2021-03-14,"daily_deaths",0,0,0,2,1,5,7,7
"Idaho","status_quo","Future",2021-03-14,"daily_deaths",0,0,0,2,1,4,7,10
"Idaho","linear_increase_sd","Future",2021-03-14,"daily_hosps",21,20,18,28,28,36,37,38
"Idaho","return_normal","Future",2021-03-14,"daily_hosps",21,19,18,28,27,34,39,40
"Idaho","status_quo","Future",2021-03-14,"daily_hosps",21,20,20,29,27,35,37,39
"Idaho","linear_increase_sd","Future",2021-03-14,"latent_trend",NA,NA,NA,0.651747450300379,NA,NA,NA,NA
"Idaho","return_normal","Future",2021-03-14,"latent_trend",NA,NA,NA,0.651747450300379,NA,NA,NA,NA
"Idaho","status_quo","Future",2021-03-14,"latent_trend",NA,NA,NA,0.651747450300379,NA,NA,NA,NA
"Idaho","linear_increase_sd","Future",2021-03-14,"mobility_trend",NA,NA,NA,0.549351237635731,NA,NA,NA,NA
"Idaho","return_normal","Future",2021-03-14,"mobility_trend",NA,NA,NA,0.872428160712654,NA,NA,NA,NA
"Idaho","status_quo","Future",2021-03-14,"mobility_trend",NA,NA,NA,0.76308086989493,NA,NA,NA,NA
"Idaho","linear_increase_sd","Future",2021-03-15,"combined_trend",NA,NA,NA,0.334140551166383,NA,NA,NA,NA
"Idaho","return_normal","Future",2021-03-15,"combined_trend",NA,NA,NA,0.579299243135433,NA,NA,NA,NA
"Idaho","status_quo","Future",2021-03-15,"combined_trend",NA,NA,NA,0.496323837365427,NA,NA,NA,NA
"Idaho","linear_increase_sd","Future",2021-03-15,"cumulative_all_infections",490583,490525,490492,490672,490675,490772,490791,490814
"Idaho","return_normal","Future",2021-03-15,"cumulative_all_infections",491462,491439,491430,491605,491609,491743,491760,491785
"Idaho","status_quo","Future",2021-03-15,"cumulative_all_infections",491159,491134,491094,491284,491283,491412,491435,491454
"Idaho","linear_increase_sd","Future",2021-03-15,"cumulative_cases",178682,178600,178545,179298,179268,179949,180096,180189
"Idaho","return_normal","Future",2021-03-15,"cumulative_cases",178737,178556,178496,179319,179295,180008,180171,180319
"Idaho","status_quo","Future",2021-03-15,"cumulative_cases",178650,178476,178426,179236,179144,179993,180131,180357
"Idaho","linear_increase_sd","Future",2021-03-15,"cumulative_deaths",2284,2283,2282,2291,2290,2297,2304,2310
"Idaho","return_normal","Future",2021-03-15,"cumulative_deaths",2285,2283,2282,2291,2290,2298,2301,2304
"Idaho","status_quo","Future",2021-03-15,"cumulative_deaths",2284,2284,2283,2292,2290,2300,2302,2306
"Idaho","linear_increase_sd","Future",2021-03-15,"cumulative_hosps",21271,21267,21259,21289,21289,21307,21311,21317
"Idaho","return_normal","Future",2021-03-15,"cumulative_hosps",21268,21263,21260,21286,21285,21306,21313,21319
"Idaho","status_quo","Future",2021-03-15,"cumulative_hosps",21268,21266,21264,21287,21285,21305,21310,21320
"Idaho","linear_increase_sd","Future",2021-03-15,"daily_all_infections",368,358,356,396,398,419,425,434
"Idaho","return_normal","Future",2021-03-15,"daily_all_infections",640,635,631,671,669,710,717,719
"Idaho","status_quo","Future",2021-03-15,"daily_all_infections",544,532,530,579,580,616,621,623
"Idaho","linear_increase_sd","Future",2021-03-15,"daily_cases",39,25,18,206,177,425,530,593
"Idaho","return_normal","Future",2021-03-15,"daily_cases",57,28,18,247,188,572,636,794
"Idaho","status_quo","Future",2021-03-15,"daily_cases",48,26,15,191,144,461,575,688
"Idaho","linear_increase_sd","Future",2021-03-15,"daily_deaths",0,0,0,2,1,6,6,9
"Idaho","return_normal","Future",2021-03-15,"daily_deaths",0,0,0,2,1,3,5,6
"Idaho","status_quo","Future",2021-03-15,"daily_deaths",0,0,0,3,1,5,7,12
"Idaho","linear_increase_sd","Future",2021-03-15,"daily_hosps",20,18,17,28,27,34,36,36
"Idaho","return_normal","Future",2021-03-15,"daily_hosps",21,19,18,28,27,33,35,38
"Idaho","status_quo","Future",2021-03-15,"daily_hosps",21,20,17,27,27,34,36,38
"Idaho","linear_increase_sd","Future",2021-03-15,"latent_trend",NA,NA,NA,0.650421019509724,NA,NA,NA,NA
"Idaho","return_normal","Future",2021-03-15,"latent_trend",NA,NA,NA,0.650421019509724,NA,NA,NA,NA
"Idaho","status_quo","Future",2021-03-15,"latent_trend",NA,NA,NA,0.650421019509724,NA,NA,NA,NA
"Idaho","linear_increase_sd","Future",2021-03-15,"mobility_trend",NA,NA,NA,0.513729632259198,NA,NA,NA,NA
"Idaho","return_normal","Future",2021-03-15,"mobility_trend",NA,NA,NA,0.890652709182275,NA,NA,NA,NA
"Idaho","status_quo","Future",2021-03-15,"mobility_trend",NA,NA,NA,0.76308086989493,NA,NA,NA,NA
"Idaho","linear_increase_sd","Future",2021-03-16,"combined_trend",NA,NA,NA,0.310336218119239,NA,NA,NA,NA
"Idaho","return_normal","Future",2021-03-16,"combined_trend",NA,NA,NA,0.589945190239392,NA,NA,NA,NA
"Idaho","status_quo","Future",2021-03-16,"combined_trend",NA,NA,NA,0.495309883890421,NA,NA,NA,NA
"Idaho","linear_increase_sd","Future",2021-03-16,"cumulative_all_infections",490929,490885,490823,491035,491037,491142,491185,491203
"Idaho","return_normal","Future",2021-03-16,"cumulative_all_infections",492172,492110,492099,492303,492300,492456,492507,492526
"Idaho","status_quo","Future",2021-03-16,"cumulative_all_infections",491735,491679,491639,491867,491863,492018,492038,492053
"Idaho","linear_increase_sd","Future",2021-03-16,"cumulative_cases",178825,178736,178704,179522,179427,180194,180457,180668
"Idaho","return_normal","Future",2021-03-16,"cumulative_cases",178919,178643,178607,179554,179493,180244,180432,180549
"Idaho","status_quo","Future",2021-03-16,"cumulative_cases",178763,178623,178554,179438,179359,180186,180366,180488
"Idaho","linear_increase_sd","Future",2021-03-16,"cumulative_deaths",2284,2283,2283,2293,2292,2303,2310,2315
"Idaho","return_normal","Future",2021-03-16,"cumulative_deaths",2286,2284,2283,2293,2292,2299,2303,2306
"Idaho","status_quo","Future",2021-03-16,"cumulative_deaths",2285,2284,2284,2293,2291,2303,2307,2308
"Idaho","linear_increase_sd","Future",2021-03-16,"cumulative_hosps",21295,21293,21290,21316,21317,21335,21339,21340
"Idaho","return_normal","Future",2021-03-16,"cumulative_hosps",21292,21288,21287,21313,21311,21335,21342,21347
"Idaho","status_quo","Future",2021-03-16,"cumulative_hosps",21294,21292,21291,21315,21314,21334,21337,21351
"Idaho","linear_increase_sd","Future",2021-03-16,"daily_all_infections",337,331,327,364,364,390,397,404
"Idaho","return_normal","Future",2021-03-16,"daily_all_infections",662,651,640,699,697,738,749,757
"Idaho","status_quo","Future",2021-03-16,"daily_all_infections",549,538,531,583,585,620,624,631
"Idaho","linear_increase_sd","Future",2021-03-16,"daily_cases",41,28,19,224,183,435,613,793
"Idaho","return_normal","Future",2021-03-16,"daily_cases",39,16,11,236,189,480,536,767
"Idaho","status_quo","Future",2021-03-16,"daily_cases",42,19,16,203,155,418,487,517
"Idaho","linear_increase_sd","Future",2021-03-16,"daily_deaths",0,0,0,3,1,6,9,10
"Idaho","return_normal","Future",2021-03-16,"daily_deaths",0,0,0,2,1,4,7,10
"Idaho","status_quo","Future",2021-03-16,"daily_deaths",0,0,0,2,1,5,6,8
"Idaho","linear_increase_sd","Future",2021-03-16,"daily_hosps",20,18,17,27,26,33,34,36
"Idaho","return_normal","Future",2021-03-16,"daily_hosps",21,20,17,27,27,32,35,35
"Idaho","status_quo","Future",2021-03-16,"daily_hosps",21,19,17,28,28,35,38,39
"Idaho","linear_increase_sd","Future",2021-03-16,"latent_trend",NA,NA,NA,0.649092256707498,NA,NA,NA,NA
"Idaho","return_normal","Future",2021-03-16,"latent_trend",NA,NA,NA,0.649092256707498,NA,NA,NA,NA
"Idaho","status_quo","Future",2021-03-16,"latent_trend",NA,NA,NA,0.649092256707498,NA,NA,NA,NA
"Idaho","linear_increase_sd","Future",2021-03-16,"mobility_trend",NA,NA,NA,0.478108026882665,NA,NA,NA,NA
"Idaho","return_normal","Future",2021-03-16,"mobility_trend",NA,NA,NA,0.908877257651896,NA,NA,NA,NA
"Idaho","status_quo","Future",2021-03-16,"mobility_trend",NA,NA,NA,0.76308086989493,NA,NA,NA,NA
"Idaho","linear_increase_sd","Future",2021-03-17,"combined_trend",NA,NA,NA,0.286625525842087,NA,NA,NA,NA
"Idaho","return_normal","Future",2021-03-17,"combined_trend",NA,NA,NA,0.600540558474619,NA,NA,NA,NA
"Idaho","status_quo","Future",2021-03-17,"combined_trend",NA,NA,NA,0.494294163534327,NA,NA,NA,NA
"Idaho","linear_increase_sd","Future",2021-03-17,"cumulative_all_infections",491253,491186,491133,491361,491365,491472,491500,491543
"Idaho","return_normal","Future",2021-03-17,"cumulative_all_infections",492864,492804,492794,493025,493013,493197,493234,493252
"Idaho","status_quo","Future",2021-03-17,"cumulative_all_infections",492290,492226,492203,492444,492448,492610,492659,492664
"Idaho","linear_increase_sd","Future",2021-03-17,"cumulative_cases",179073,178867,178802,179743,179648,180511,180581,180889
"Idaho","return_normal","Future",2021-03-17,"cumulative_cases",179049,178960,178761,179782,179759,180492,180696,180824
"Idaho","status_quo","Future",2021-03-17,"cumulative_cases",178921,178744,178655,179667,179593,180422,180658,180779
"Idaho","linear_increase_sd","Future",2021-03-17,"cumulative_deaths",2286,2283,2283,2295,2293,2305,2311,2318
"Idaho","return_normal","Future",2021-03-17,"cumulative_deaths",2287,2285,2285,2295,2295,2302,2307,2310
"Idaho","status_quo","Future",2021-03-17,"cumulative_deaths",2287,2285,2284,2295,2293,2305,2308,2311
"Idaho","linear_increase_sd","Future",2021-03-17,"cumulative_hosps",21322,21318,21318,21342,21341,21363,21366,21368
"Idaho","return_normal","Future",2021-03-17,"cumulative_hosps",21319,21317,21315,21340,21338,21363,21373,21374
"Idaho","status_quo","Future",2021-03-17,"cumulative_hosps",21321,21318,21316,21341,21338,21362,21367,21378
"Idaho","linear_increase_sd","Future",2021-03-17,"daily_all_infections",301,292,290,326,327,352,360,365
"Idaho","return_normal","Future",2021-03-17,"daily_all_infections",684,674,663,722,723,759,766,776
"Idaho","status_quo","Future",2021-03-17,"daily_all_infections",538,530,522,578,578,620,627,632
"Idaho","linear_increase_sd","Future",2021-03-17,"daily_cases",47,32,19,222,182,440,528,606
"Idaho","return_normal","Future",2021-03-17,"daily_cases",65,43,35,229,194,445,512,521
"Idaho","status_quo","Future",2021-03-17,"daily_cases",48,34,29,229,210,434,545,635
"Idaho","linear_increase_sd","Future",2021-03-17,"daily_deaths",0,0,0,2,1,5,6,7
"Idaho","return_normal","Future",2021-03-17,"daily_deaths",0,0,0,3,1,5,6,9
"Idaho","status_quo","Future",2021-03-17,"daily_deaths",0,0,0,2,1,4,6,6
"Idaho","linear_increase_sd","Future",2021-03-17,"daily_hosps",20,18,17,27,27,34,37,37
"Idaho","return_normal","Future",2021-03-17,"daily_hosps",22,21,20,28,27,34,36,38
"Idaho","status_quo","Future",2021-03-17,"daily_hosps",20,19,18,27,26,33,35,37
"Idaho","linear_increase_sd","Future",2021-03-17,"latent_trend",NA,NA,NA,0.647761178448082,NA,NA,NA,NA
"Idaho","return_normal","Future",2021-03-17,"latent_trend",NA,NA,NA,0.647761178448082,NA,NA,NA,NA
"Idaho","status_quo","Future",2021-03-17,"latent_trend",NA,NA,NA,0.647761178448082,NA,NA,NA,NA
"Idaho","linear_increase_sd","Future",2021-03-17,"mobility_trend",NA,NA,NA,0.442486421506132,NA,NA,NA,NA
"Idaho","return_normal","Future",2021-03-17,"mobility_trend",NA,NA,NA,0.927101806121517,NA,NA,NA,NA
"Idaho","status_quo","Future",2021-03-17,"mobility_trend",NA,NA,NA,0.76308086989493,NA,NA,NA,NA
"Idaho","linear_increase_sd","Future",2021-03-18,"combined_trend",NA,NA,NA,0.263008728566896,NA,NA,NA,NA
"Idaho","return_normal","Future",2021-03-18,"combined_trend",NA,NA,NA,0.611085237025258,NA,NA,NA,NA
"Idaho","status_quo","Future",2021-03-18,"combined_trend",NA,NA,NA,0.493276689033879,NA,NA,NA,NA
"Idaho","linear_increase_sd","Future",2021-03-18,"cumulative_all_infections",491536,491463,491427,491651,491649,491773,491824,491853
"Idaho","return_normal","Future",2021-03-18,"cumulative_all_infections",493616,493550,493513,493776,493758,493985,494005,494021
"Idaho","status_quo","Future",2021-03-18,"cumulative_all_infections",492828,492788,492742,493023,493018,493207,493250,493271
"Idaho","linear_increase_sd","Future",2021-03-18,"cumulative_cases",179196,179098,178959,179929,179880,180631,180886,181007
"Idaho","return_normal","Future",2021-03-18,"cumulative_cases",179264,179060,178962,180012,179953,180821,180993,181198
"Idaho","status_quo","Future",2021-03-18,"cumulative_cases",179067,178954,178902,179905,179817,180753,180941,181199
"Idaho","linear_increase_sd","Future",2021-03-18,"cumulative_deaths",2287,2286,2284,2297,2296,2308,2311,2320
"Idaho","return_normal","Future",2021-03-18,"cumulative_deaths",2288,2286,2285,2297,2296,2305,2310,2311
"Idaho","status_quo","Future",2021-03-18,"cumulative_deaths",2287,2285,2284,2296,2295,2306,2310,2311
"Idaho","linear_increase_sd","Future",2021-03-18,"cumulative_hosps",21346,21343,21340,21368,21367,21389,21393,21395
"Idaho","return_normal","Future",2021-03-18,"cumulative_hosps",21349,21342,21340,21367,21366,21393,21399,21403
"Idaho","status_quo","Future",2021-03-18,"cumulative_hosps",21346,21341,21337,21367,21366,21386,21397,21401
"Idaho","linear_increase_sd","Future",2021-03-18,"daily_all_infections",264,261,256,291,290,317,330,333
"Idaho","return_normal","Future",2021-03-18,"daily_all_infections",710,704,686,752,752,791,805,813
"Idaho","status_quo","Future",2021-03-18,"daily_all_infections",546,533,526,580,576,620,631,642
"Idaho","linear_increase_sd","Future",2021-03-18,"daily_cases",40,23,19,187,115,384,512,605
"Idaho","return_normal","Future",2021-03-18,"daily_cases",54,35,21,231,171,445,582,823
"Idaho","status_quo","Future",2021-03-18,"daily_cases",59,31,14,238,198,503,625,662
"Idaho","linear_increase_sd","Future",2021-03-18,"daily_deaths",0,0,0,2,1,4,5,9
"Idaho","return_normal","Future",2021-03-18,"daily_deaths",0,0,0,2,1,4,7,11
"Idaho","status_quo","Future",2021-03-18,"daily_deaths",0,0,0,2,1,4,6,7
"Idaho","linear_increase_sd","Future",2021-03-18,"daily_hosps",18,17,16,26,26,31,33,35
"Idaho","return_normal","Future",2021-03-18,"daily_hosps",21,20,20,28,28,34,36,39
"Idaho","status_quo","Future",2021-03-18,"daily_hosps",19,18,17,26,26,31,34,36
"Idaho","linear_increase_sd","Future",2021-03-18,"latent_trend",NA,NA,NA,0.646427801422672,NA,NA,NA,NA
"Idaho","return_normal","Future",2021-03-18,"latent_trend",NA,NA,NA,0.646427801422672,NA,NA,NA,NA
"Idaho","status_quo","Future",2021-03-18,"latent_trend",NA,NA,NA,0.646427801422672,NA,NA,NA,NA
"Idaho","linear_increase_sd","Future",2021-03-18,"mobility_trend",NA,NA,NA,0.406864816129599,NA,NA,NA,NA
"Idaho","return_normal","Future",2021-03-18,"mobility_trend",NA,NA,NA,0.945326354591138,NA,NA,NA,NA
"Idaho","status_quo","Future",2021-03-18,"mobility_trend",NA,NA,NA,0.76308086989493,NA,NA,NA,NA
"Idaho","linear_increase_sd","Future",2021-03-19,"combined_trend",NA,NA,NA,0.239486078197931,NA,NA,NA,NA
"Idaho","return_normal","Future",2021-03-19,"combined_trend",NA,NA,NA,0.621579116423451,NA,NA,NA,NA
"Idaho","status_quo","Future",2021-03-19,"combined_trend",NA,NA,NA,0.492257473229746,NA,NA,NA,NA
"Idaho","linear_increase_sd","Future",2021-03-19,"cumulative_all_infections",491779,491717,491676,491904,491902,492045,492073,492114
"Idaho","return_normal","Future",2021-03-19,"cumulative_all_infections",494388,494306,494263,494558,494531,494778,494812,494864
"Idaho","status_quo","Future",2021-03-19,"cumulative_all_infections",493398,493358,493308,493603,493599,493819,493849,493871
"Idaho","linear_increase_sd","Future",2021-03-19,"cumulative_cases",179409,179286,179136,180105,180021,180911,181034,181110
"Idaho","return_normal","Future",2021-03-19,"cumulative_cases",179475,179259,179158,180267,180296,181193,181290,181350
"Idaho","status_quo","Future",2021-03-19,"cumulative_cases",179424,179221,179044,180144,180079,180967,181235,181437
"Idaho","linear_increase_sd","Future",2021-03-19,"cumulative_deaths",2288,2286,2285,2298,2297,2309,2312,2321
"Idaho","return_normal","Future",2021-03-19,"cumulative_deaths",2289,2288,2287,2299,2298,2310,2313,2315
"Idaho","status_quo","Future",2021-03-19,"cumulative_deaths",2289,2286,2286,2298,2297,2308,2311,2315
"Idaho","linear_increase_sd","Future",2021-03-19,"cumulative_hosps",21371,21368,21361,21393,21390,21415,21418,21420
"Idaho","return_normal","Future",2021-03-19,"cumulative_hosps",21373,21368,21366,21395,21393,21419,21428,21432
"Idaho","status_quo","Future",2021-03-19,"cumulative_hosps",21373,21369,21366,21393,21390,21418,21425,21426
"Idaho","linear_increase_sd","Future",2021-03-19,"daily_all_infections",233,229,226,253,251,272,279,282
"Idaho","return_normal","Future",2021-03-19,"daily_all_infections",742,728,724,782,785,816,837,844
"Idaho","status_quo","Future",2021-03-19,"daily_all_infections",538,532,529,580,578,618,628,639
"Idaho","linear_increase_sd","Future",2021-03-19,"daily_cases",41,31,31,177,154,338,382,425
"Idaho","return_normal","Future",2021-03-19,"daily_cases",45,38,17,255,197,563,676,795
"Idaho","status_quo","Future",2021-03-19,"daily_cases",73,29,17,240,220,460,508,535
"Idaho","linear_increase_sd","Future",2021-03-19,"daily_deaths",0,0,0,2,1,4,6,8
"Idaho","return_normal","Future",2021-03-19,"daily_deaths",0,0,0,3,1,6,7,10
"Idaho","status_quo","Future",2021-03-19,"daily_deaths",0,0,0,2,1,5,8,11
"Idaho","linear_increase_sd","Future",2021-03-19,"daily_hosps",19,18,17,26,25,32,33,35
"Idaho","return_normal","Future",2021-03-19,"daily_hosps",21,18,17,28,27,33,36,39
"Idaho","status_quo","Future",2021-03-19,"daily_hosps",21,19,19,27,27,34,36,38
"Idaho","linear_increase_sd","Future",2021-03-19,"latent_trend",NA,NA,NA,0.64509214245867,NA,NA,NA,NA
"Idaho","return_normal","Future",2021-03-19,"latent_trend",NA,NA,NA,0.64509214245867,NA,NA,NA,NA
"Idaho","status_quo","Future",2021-03-19,"latent_trend",NA,NA,NA,0.64509214245867,NA,NA,NA,NA
"Idaho","linear_increase_sd","Future",2021-03-19,"mobility_trend",NA,NA,NA,0.371243210753066,NA,NA,NA,NA
"Idaho","return_normal","Future",2021-03-19,"mobility_trend",NA,NA,NA,0.963550903060758,NA,NA,NA,NA
"Idaho","status_quo","Future",2021-03-19,"mobility_trend",NA,NA,NA,0.76308086989493,NA,NA,NA,NA
"Idaho","linear_increase_sd","Future",2021-03-20,"combined_trend",NA,NA,NA,0.216057824287281,NA,NA,NA,NA
"Idaho","return_normal","Future",2021-03-20,"combined_trend",NA,NA,NA,0.632022088561132,NA,NA,NA,NA
"Idaho","status_quo","Future",2021-03-20,"combined_trend",NA,NA,NA,0.491236529066051,NA,NA,NA,NA
"Idaho","linear_increase_sd","Future",2021-03-20,"cumulative_all_infections",491990,491963,491873,492122,492119,492260,492292,492357
"Idaho","return_normal","Future",2021-03-20,"cumulative_all_infections",495164,495115,495044,495378,495377,495614,495668,495728
"Idaho","status_quo","Future",2021-03-20,"cumulative_all_infections",493944,493922,493882,494182,494185,494419,494450,494495
"Idaho","linear_increase_sd","Future",2021-03-20,"cumulative_cases",179558,179442,179280,180267,180246,181028,181104,181285
"Idaho","return_normal","Future",2021-03-20,"cumulative_cases",179765,179314,179229,180520,180483,181497,181650,181753
"Idaho","status_quo","Future",2021-03-20,"cumulative_cases",179634,179364,179207,180371,180306,181359,181461,181627
"Idaho","linear_increase_sd","Future",2021-03-20,"cumulative_deaths",2290,2288,2286,2300,2299,2311,2315,2322
"Idaho","return_normal","Future",2021-03-20,"cumulative_deaths",2290,2288,2287,2300,2299,2311,2316,2318
"Idaho","status_quo","Future",2021-03-20,"cumulative_deaths",2290,2289,2287,2300,2299,2310,2314,2317
"Idaho","linear_increase_sd","Future",2021-03-20,"cumulative_hosps",21396,21390,21386,21417,21416,21441,21445,21448
"Idaho","return_normal","Future",2021-03-20,"cumulative_hosps",21399,21395,21390,21421,21418,21446,21452,21460
"Idaho","status_quo","Future",2021-03-20,"cumulative_hosps",21397,21394,21392,21420,21417,21447,21451,21456
"Idaho","linear_increase_sd","Future",2021-03-20,"daily_all_infections",199,195,189,219,219,236,244,246
"Idaho","return_normal","Future",2021-03-20,"daily_all_infections",775,769,764,821,824,863,872,877
"Idaho","status_quo","Future",2021-03-20,"daily_all_infections",541,529,526,580,578,625,634,644
"Idaho","linear_increase_sd","Future",2021-03-20,"daily_cases",39,21,19,162,133,307,413,447
"Idaho","return_normal","Future",2021-03-20,"daily_cases",61,31,13,254,207,544,649,700
"Idaho","status_quo","Future",2021-03-20,"daily_cases",49,28,21,227,188,454,534,634
"Idaho","linear_increase_sd","Future",2021-03-20,"daily_deaths",0,0,0,2,1,6,7,9
"Idaho","return_normal","Future",2021-03-20,"daily_deaths",0,0,0,2,1,4,6,7
"Idaho","status_quo","Future",2021-03-20,"daily_deaths",0,0,0,2,1,5,7,9
"Idaho","linear_increase_sd","Future",2021-03-20,"daily_hosps",19,16,15,25,24,31,33,35
"Idaho","return_normal","Future",2021-03-20,"daily_hosps",20,19,18,27,26,34,36,37
"Idaho","status_quo","Future",2021-03-20,"daily_hosps",21,19,18,27,26,33,35,36
"Idaho","linear_increase_sd","Future",2021-03-20,"latent_trend",NA,NA,NA,0.643754218519055,NA,NA,NA,NA
"Idaho","return_normal","Future",2021-03-20,"latent_trend",NA,NA,NA,0.643754218519055,NA,NA,NA,NA
"Idaho","status_quo","Future",2021-03-20,"latent_trend",NA,NA,NA,0.643754218519055,NA,NA,NA,NA
"Idaho","linear_increase_sd","Future",2021-03-20,"mobility_trend",NA,NA,NA,0.335621605376533,NA,NA,NA,NA
"Idaho","return_normal","Future",2021-03-20,"mobility_trend",NA,NA,NA,0.981775451530379,NA,NA,NA,NA
"Idaho","status_quo","Future",2021-03-20,"mobility_trend",NA,NA,NA,0.76308086989493,NA,NA,NA,NA
"Idaho","linear_increase_sd","Future",2021-03-21,"combined_trend",NA,NA,NA,0.192724214010519,NA,NA,NA,NA
"Idaho","return_normal","Future",2021-03-21,"combined_trend",NA,NA,NA,0.642414046701729,NA,NA,NA,NA
"Idaho","status_quo","Future",2021-03-21,"combined_trend",NA,NA,NA,0.490213869589878,NA,NA,NA,NA
"Idaho","linear_increase_sd","Future",2021-03-21,"cumulative_all_infections",492175,492131,492042,492305,492299,492454,492496,492545
"Idaho","return_normal","Future",2021-03-21,"cumulative_all_infections",496018,495948,495887,496240,496224,496492,496565,496636
"Idaho","status_quo","Future",2021-03-21,"cumulative_all_infections",494495,494467,494422,494758,494767,495016,495079,495102
"Idaho","linear_increase_sd","Future",2021-03-21,"cumulative_cases",179686,179470,179388,180421,180378,181177,181336,181512
"Idaho","return_normal","Future",2021-03-21,"cumulative_cases",180013,179594,179347,180798,180720,181827,182047,182201
"Idaho","status_quo","Future",2021-03-21,"cumulative_cases",179845,179582,179427,180594,180515,181508,181754,182003
"Idaho","linear_increase_sd","Future",2021-03-21,"cumulative_deaths",2290,2289,2286,2302,2301,2313,2319,2323
"Idaho","return_normal","Future",2021-03-21,"cumulative_deaths",2291,2290,2288,2302,2300,2313,2318,2322
"Idaho","status_quo","Future",2021-03-21,"cumulative_deaths",2291,2290,2289,2302,2301,2313,2317,2321
"Idaho","linear_increase_sd","Future",2021-03-21,"cumulative_hosps",21423,21411,21408,21442,21438,21465,21472,21476
"Idaho","return_normal","Future",2021-03-21,"cumulative_hosps",21427,21418,21413,21449,21446,21477,21483,21486
"Idaho","status_quo","Future",2021-03-21,"cumulative_hosps",21422,21420,21417,21446,21444,21472,21480,21488
"Idaho","linear_increase_sd","Future",2021-03-21,"daily_all_infections",167,162,155,183,183,200,205,207
"Idaho","return_normal","Future",2021-03-21,"daily_all_infections",820,810,805,862,857,901,914,945
"Idaho","status_quo","Future",2021-03-21,"daily_all_infections",535,527,525,576,575,611,625,634
"Idaho","linear_increase_sd","Future",2021-03-21,"daily_cases",34,26,20,154,122,298,325,413
"Idaho","return_normal","Future",2021-03-21,"daily_cases",56,43,25,278,232,533,690,853
"Idaho","status_quo","Future",2021-03-21,"daily_cases",61,32,17,223,171,426,591,828
"Idaho","linear_increase_sd","Future",2021-03-21,"daily_deaths",0,0,0,2,1,6,8,10
"Idaho","return_normal","Future",2021-03-21,"daily_deaths",0,0,0,2,1,4,5,7
"Idaho","status_quo","Future",2021-03-21,"daily_deaths",0,0,0,3,1,5,7,13
"Idaho","linear_increase_sd","Future",2021-03-21,"daily_hosps",17,16,15,25,25,32,33,35
"Idaho","return_normal","Future",2021-03-21,"daily_hosps",21,19,16,29,28,36,39,42
"Idaho","status_quo","Future",2021-03-21,"daily_hosps",21,20,18,27,25,33,37,40
"Idaho","linear_increase_sd","Future",2021-03-21,"latent_trend",NA,NA,NA,0.642414046701729,NA,NA,NA,NA
"Idaho","return_normal","Future",2021-03-21,"latent_trend",NA,NA,NA,0.642414046701729,NA,NA,NA,NA
"Idaho","status_quo","Future",2021-03-21,"latent_trend",NA,NA,NA,0.642414046701729,NA,NA,NA,NA
"Idaho","linear_increase_sd","Future",2021-03-21,"mobility_trend",NA,NA,NA,0.3,NA,NA,NA,NA
"Idaho","return_normal","Future",2021-03-21,"mobility_trend",NA,NA,NA,1,NA,NA,NA,NA
"Idaho","status_quo","Future",2021-03-21,"mobility_trend",NA,NA,NA,0.76308086989493,NA,NA,NA,NA
"Idaho","linear_increase_sd","Future",2021-03-22,"combined_trend",NA,NA,NA,0.192724214010519,NA,NA,NA,NA
"Idaho","return_normal","Future",2021-03-22,"combined_trend",NA,NA,NA,0.642414046701729,NA,NA,NA,NA
"Idaho","status_quo","Future",2021-03-22,"combined_trend",NA,NA,NA,0.490213869589878,NA,NA,NA,NA
"Idaho","linear_increase_sd","Future",2021-03-22,"cumulative_all_infections",492320,492275,492189,492457,492447,492609,492666,492723
"Idaho","return_normal","Future",2021-03-22,"cumulative_all_infections",496878,496849,496744,497140,497116,497441,497527,497592
"Idaho","status_quo","Future",2021-03-22,"cumulative_all_infections",495041,495007,494937,495328,495327,495595,495669,495702
"Idaho","linear_increase_sd","Future",2021-03-22,"cumulative_cases",179819,179570,179477,180571,180524,181365,181600,181663
"Idaho","return_normal","Future",2021-03-22,"cumulative_cases",180145,179801,179490,181037,180913,182140,182434,182560
"Idaho","status_quo","Future",2021-03-22,"cumulative_cases",180064,179691,179625,180828,180757,181662,181954,182326
"Idaho","linear_increase_sd","Future",2021-03-22,"cumulative_deaths",2291,2289,2288,2304,2304,2315,2323,2325
"Idaho","return_normal","Future",2021-03-22,"cumulative_deaths",2292,2291,2290,2304,2303,2314,2319,2324
"Idaho","status_quo","Future",2021-03-22,"cumulative_deaths",2293,2291,2289,2304,2303,2315,2320,2322
"Idaho","linear_increase_sd","Future",2021-03-22,"cumulative_hosps",21442,21431,21426,21466,21465,21488,21491,21497
"Idaho","return_normal","Future",2021-03-22,"cumulative_hosps",21455,21445,21440,21478,21475,21506,21510,21513
"Idaho","status_quo","Future",2021-03-22,"cumulative_hosps",21446,21444,21441,21473,21470,21501,21509,21516
"Idaho","linear_increase_sd","Future",2021-03-22,"daily_all_infections",134,131,129,152,153,171,175,181
"Idaho","return_normal","Future",2021-03-22,"daily_all_infections",850,839,836,901,897,952,963,977
"Idaho","status_quo","Future",2021-03-22,"daily_all_infections",531,525,516,570,572,603,611,617
"Idaho","linear_increase_sd","Future",2021-03-22,"daily_cases",29,21,16,151,117,292,385,595
"Idaho","return_normal","Future",2021-03-22,"daily_cases",50,35,26,240,181,480,609,659
"Idaho","status_quo","Future",2021-03-22,"daily_cases",45,32,23,235,181,480,629,755
"Idaho","linear_increase_sd","Future",2021-03-22,"daily_deaths",0,0,0,2,1,5,6,8
"Idaho","return_normal","Future",2021-03-22,"daily_deaths",0,0,0,3,1,6,8,10
"Idaho","status_quo","Future",2021-03-22,"daily_deaths",0,0,0,2,1,5,6,7
"Idaho","linear_increase_sd","Future",2021-03-22,"daily_hosps",18,17,14,24,24,31,32,33
"Idaho","return_normal","Future",2021-03-22,"daily_hosps",22,21,19,29,29,36,36,37
"Idaho","status_quo","Future",2021-03-22,"daily_hosps",21,19,18,27,27,33,34,36
"Idaho","linear_increase_sd","Future",2021-03-22,"latent_trend",NA,NA,NA,0.642414046701729,NA,NA,NA,NA
"Idaho","return_normal","Future",2021-03-22,"latent_trend",NA,NA,NA,0.642414046701729,NA,NA,NA,NA
"Idaho","status_quo","Future",2021-03-22,"latent_trend",NA,NA,NA,0.642414046701729,NA,NA,NA,NA
"Idaho","linear_increase_sd","Future",2021-03-22,"mobility_trend",NA,NA,NA,0.3,NA,NA,NA,NA
"Idaho","return_normal","Future",2021-03-22,"mobility_trend",NA,NA,NA,1,NA,NA,NA,NA
"Idaho","status_quo","Future",2021-03-22,"mobility_trend",NA,NA,NA,0.76308086989493,NA,NA,NA,NA
"Idaho","linear_increase_sd","Future",2021-03-23,"combined_trend",NA,NA,NA,0.192724214010519,NA,NA,NA,NA
"Idaho","return_normal","Future",2021-03-23,"combined_trend",NA,NA,NA,0.642414046701729,NA,NA,NA,NA
"Idaho","status_quo","Future",2021-03-23,"combined_trend",NA,NA,NA,0.490213869589878,NA,NA,NA,NA
"Idaho","linear_increase_sd","Future",2021-03-23,"cumulative_all_infections",492455,492409,492333,492598,492594,492756,492810,492861
"Idaho","return_normal","Future",2021-03-23,"cumulative_all_infections",497789,497725,497678,498078,498050,498410,498491,498561
"Idaho","status_quo","Future",2021-03-23,"cumulative_all_infections",495603,495545,495490,495908,495914,496196,496289,496300
"Idaho","linear_increase_sd","Future",2021-03-23,"cumulative_cases",179926,179672,179598,180689,180610,181490,181749,181828
"Idaho","return_normal","Future",2021-03-23,"cumulative_cases",180268,180195,179819,181327,181230,182571,182697,182858
"Idaho","status_quo","Future",2021-03-23,"cumulative_cases",180239,180085,179848,181071,180987,181924,182345,182698
"Idaho","linear_increase_sd","Future",2021-03-23,"cumulative_deaths",2292,2290,2289,2305,2305,2318,2327,2328
"Idaho","return_normal","Future",2021-03-23,"cumulative_deaths",2293,2292,2291,2305,2304,2316,2319,2325
"Idaho","status_quo","Future",2021-03-23,"cumulative_deaths",2294,2293,2289,2306,2304,2318,2322,2326
"Idaho","linear_increase_sd","Future",2021-03-23,"cumulative_hosps",21464,21453,21448,21488,21488,21512,21516,21520
"Idaho","return_normal","Future",2021-03-23,"cumulative_hosps",21485,21469,21466,21506,21504,21529,21539,21546
"Idaho","status_quo","Future",2021-03-23,"cumulative_hosps",21474,21472,21468,21500,21498,21530,21540,21545
"Idaho","linear_increase_sd","Future",2021-03-23,"daily_all_infections",124,121,118,141,140,160,165,168
"Idaho","return_normal","Future",2021-03-23,"daily_all_infections",895,873,872,939,941,982,990,1001
"Idaho","status_quo","Future",2021-03-23,"daily_all_infections",541,533,528,581,575,621,639,644
"Idaho","linear_increase_sd","Future",2021-03-23,"daily_cases",21,15,13,118,98,227,295,306
"Idaho","return_normal","Future",2021-03-23,"daily_cases",47,36,23,290,232,655,851,916
"Idaho","status_quo","Future",2021-03-23,"daily_cases",51,27,19,243,198,456,552,684
"Idaho","linear_increase_sd","Future",2021-03-23,"daily_deaths",0,0,0,2,1,5,6,6
"Idaho","return_normal","Future",2021-03-23,"daily_deaths",0,0,0,2,1,4,6,6
"Idaho","status_quo","Future",2021-03-23,"daily_deaths",0,0,0,2,1,5,6,8
"Idaho","linear_increase_sd","Future",2021-03-23,"daily_hosps",17,15,14,23,22,28,31,31
"Idaho","return_normal","Future",2021-03-23,"daily_hosps",22,21,19,29,28,36,37,38
"Idaho","status_quo","Future",2021-03-23,"daily_hosps",21,18,16,28,27,34,36,39
"Idaho","linear_increase_sd","Future",2021-03-23,"latent_trend",NA,NA,NA,0.642414046701729,NA,NA,NA,NA
"Idaho","return_normal","Future",2021-03-23,"latent_trend",NA,NA,NA,0.642414046701729,NA,NA,NA,NA
"Idaho","status_quo","Future",2021-03-23,"latent_trend",NA,NA,NA,0.642414046701729,NA,NA,NA,NA
"Idaho","linear_increase_sd","Future",2021-03-23,"mobility_trend",NA,NA,NA,0.3,NA,NA,NA,NA
"Idaho","return_normal","Future",2021-03-23,"mobility_trend",NA,NA,NA,1,NA,NA,NA,NA
"Idaho","status_quo","Future",2021-03-23,"mobility_trend",NA,NA,NA,0.76308086989493,NA,NA,NA,NA
"Idaho","linear_increase_sd","Future",2021-03-24,"combined_trend",NA,NA,NA,0.192724214010519,NA,NA,NA,NA
"Idaho","return_normal","Future",2021-03-24,"combined_trend",NA,NA,NA,0.642414046701729,NA,NA,NA,NA
"Idaho","status_quo","Future",2021-03-24,"combined_trend",NA,NA,NA,0.490213869589878,NA,NA,NA,NA
"Idaho","linear_increase_sd","Future",2021-03-24,"cumulative_all_infections",492574,492553,492450,492725,492724,492881,492928,493002
"Idaho","return_normal","Future",2021-03-24,"cumulative_all_infections",498730,498646,498603,499044,499019,499404,499497,499603
"Idaho","status_quo","Future",2021-03-24,"cumulative_all_infections",496162,496086,496032,496482,496486,496799,496868,496941
"Idaho","linear_increase_sd","Future",2021-03-24,"cumulative_cases",180000,179799,179681,180797,180766,181635,181842,181997
"Idaho","return_normal","Future",2021-03-24,"cumulative_cases",180617,180475,180410,181624,181492,182811,183187,183272
"Idaho","status_quo","Future",2021-03-24,"cumulative_cases",180440,180201,180101,181290,181199,182079,182614,182887
"Idaho","linear_increase_sd","Future",2021-03-24,"cumulative_deaths",2294,2291,2290,2307,2306,2320,2327,2329
"Idaho","return_normal","Future",2021-03-24,"cumulative_deaths",2295,2292,2291,2307,2306,2319,2324,2326
"Idaho","status_quo","Future",2021-03-24,"cumulative_deaths",2295,2294,2290,2307,2306,2320,2322,2327
"Idaho","linear_increase_sd","Future",2021-03-24,"cumulative_hosps",21484,21476,21470,21509,21509,21535,21537,21543
"Idaho","return_normal","Future",2021-03-24,"cumulative_hosps",21515,21501,21496,21536,21534,21562,21575,21577
"Idaho","status_quo","Future",2021-03-24,"cumulative_hosps",21501,21496,21492,21526,21525,21552,21565,21569
"Idaho","linear_increase_sd","Future",2021-03-24,"daily_all_infections",113,111,108,128,128,141,146,150
"Idaho","return_normal","Future",2021-03-24,"daily_all_infections",916,890,880,966,962,1019,1029,1048
"Idaho","status_quo","Future",2021-03-24,"daily_all_infections",532,523,520,574,571,612,624,637
"Idaho","linear_increase_sd","Future",2021-03-24,"daily_cases",24,16,11,108,96,209,226,288
"Idaho","return_normal","Future",2021-03-24,"daily_cases",50,34,21,297,230,577,812,998
"Idaho","status_quo","Future",2021-03-24,"daily_cases",60,26,22,220,193,433,490,525
"Idaho","linear_increase_sd","Future",2021-03-24,"daily_deaths",0,0,0,2,1,4,5,6
"Idaho","return_normal","Future",2021-03-24,"daily_deaths",0,0,0,2,1,5,7,8
"Idaho","status_quo","Future",2021-03-24,"daily_deaths",0,0,0,2,1,5,6,8
"Idaho","linear_increase_sd","Future",2021-03-24,"daily_hosps",16,15,15,22,21,27,29,31
"Idaho","return_normal","Future",2021-03-24,"daily_hosps",23,21,20,30,29,38,41,43
"Idaho","status_quo","Future",2021-03-24,"daily_hosps",20,18,15,27,26,34,36,40
"Idaho","linear_increase_sd","Future",2021-03-24,"latent_trend",NA,NA,NA,0.642414046701729,NA,NA,NA,NA
"Idaho","return_normal","Future",2021-03-24,"latent_trend",NA,NA,NA,0.642414046701729,NA,NA,NA,NA
"Idaho","status_quo","Future",2021-03-24,"latent_trend",NA,NA,NA,0.642414046701729,NA,NA,NA,NA
"Idaho","linear_increase_sd","Future",2021-03-24,"mobility_trend",NA,NA,NA,0.3,NA,NA,NA,NA
"Idaho","return_normal","Future",2021-03-24,"mobility_trend",NA,NA,NA,1,NA,NA,NA,NA
"Idaho","status_quo","Future",2021-03-24,"mobility_trend",NA,NA,NA,0.76308086989493,NA,NA,NA,NA
"Idaho","linear_increase_sd","Future",2021-03-25,"combined_trend",NA,NA,NA,0.192724214010519,NA,NA,NA,NA
"Idaho","return_normal","Future",2021-03-25,"combined_trend",NA,NA,NA,0.642414046701729,NA,NA,NA,NA
"Idaho","status_quo","Future",2021-03-25,"combined_trend",NA,NA,NA,0.490213869589878,NA,NA,NA,NA
"Idaho","linear_increase_sd","Future",2021-03-25,"cumulative_all_infections",492695,492668,492574,492841,492846,492997,493050,493115
"Idaho","return_normal","Future",2021-03-25,"cumulative_all_infections",499703,499659,499578,500046,500019,500432,500539,500664
"Idaho","status_quo","Future",2021-03-25,"cumulative_all_infections",496730,496628,496565,497057,497065,497415,497484,497579
"Idaho","linear_increase_sd","Future",2021-03-25,"cumulative_cases",180097,179919,179727,180898,180863,181697,181940,182136
"Idaho","return_normal","Future",2021-03-25,"cumulative_cases",180894,180720,180596,181929,181784,183287,183453,183544
"Idaho","status_quo","Future",2021-03-25,"cumulative_cases",180761,180565,180385,181513,181418,182319,182737,183206
"Idaho","linear_increase_sd","Future",2021-03-25,"cumulative_deaths",2295,2291,2291,2309,2307,2323,2328,2329
"Idaho","return_normal","Future",2021-03-25,"cumulative_deaths",2298,2295,2293,2309,2307,2322,2325,2329
"Idaho","status_quo","Future",2021-03-25,"cumulative_deaths",2295,2294,2291,2309,2309,2321,2325,2327
"Idaho","linear_increase_sd","Future",2021-03-25,"cumulative_hosps",21506,21498,21491,21529,21531,21554,21558,21562
"Idaho","return_normal","Future",2021-03-25,"cumulative_hosps",21544,21541,21534,21567,21564,21593,21601,21606
"Idaho","status_quo","Future",2021-03-25,"cumulative_hosps",21525,21522,21518,21552,21551,21580,21590,21597
"Idaho","linear_increase_sd","Future",2021-03-25,"daily_all_infections",99,95,93,116,115,134,137,140
"Idaho","return_normal","Future",2021-03-25,"daily_all_infections",955,939,923,1003,1002,1051,1070,1088
"Idaho","status_quo","Future",2021-03-25,"daily_all_infections",533,527,520,576,574,620,627,633
"Idaho","linear_increase_sd","Future",2021-03-25,"daily_cases",16,13,10,102,81,205,286,329
"Idaho","return_normal","Future",2021-03-25,"daily_cases",60,35,29,306,260,638,773,906
"Idaho","status_quo","Future",2021-03-25,"daily_cases",57,34,29,223,191,443,493,569
"Idaho","linear_increase_sd","Future",2021-03-25,"daily_deaths",0,0,0,2,1,6,9,11
"Idaho","return_normal","Future",2021-03-25,"daily_deaths",0,0,0,3,1,6,8,9
"Idaho","status_quo","Future",2021-03-25,"daily_deaths",0,0,0,2,1,5,6,7
"Idaho","linear_increase_sd","Future",2021-03-25,"daily_hosps",16,13,12,21,20,26,28,29
"Idaho","return_normal","Future",2021-03-25,"daily_hosps",23,22,21,31,30,40,43,43
"Idaho","status_quo","Future",2021-03-25,"daily_hosps",19,18,16,27,26,33,35,36
"Idaho","linear_increase_sd","Future",2021-03-25,"latent_trend",NA,NA,NA,0.642414046701729,NA,NA,NA,NA
"Idaho","return_normal","Future",2021-03-25,"latent_trend",NA,NA,NA,0.642414046701729,NA,NA,NA,NA
"Idaho","status_quo","Future",2021-03-25,"latent_trend",NA,NA,NA,0.642414046701729,NA,NA,NA,NA
"Idaho","linear_increase_sd","Future",2021-03-25,"mobility_trend",NA,NA,NA,0.3,NA,NA,NA,NA
"Idaho","return_normal","Future",2021-03-25,"mobility_trend",NA,NA,NA,1,NA,NA,NA,NA
"Idaho","status_quo","Future",2021-03-25,"mobility_trend",NA,NA,NA,0.76308086989493,NA,NA,NA,NA
"Idaho","linear_increase_sd","Future",2021-03-26,"combined_trend",NA,NA,NA,0.192724214010519,NA,NA,NA,NA
"Idaho","return_normal","Future",2021-03-26,"combined_trend",NA,NA,NA,0.642414046701729,NA,NA,NA,NA
"Idaho","status_quo","Future",2021-03-26,"combined_trend",NA,NA,NA,0.490213869589878,NA,NA,NA,NA
"Idaho","linear_increase_sd","Future",2021-03-26,"cumulative_all_infections",492794,492766,492668,492945,492951,493105,493159,493220
"Idaho","return_normal","Future",2021-03-26,"cumulative_all_infections",500695,500655,500585,501087,501062,501519,501636,501743
"Idaho","status_quo","Future",2021-03-26,"cumulative_all_infections",497297,497191,497115,497632,497628,498024,498089,498202
"Idaho","linear_increase_sd","Future",2021-03-26,"cumulative_cases",180184,180009,179828,180979,180972,181809,181950,182220
"Idaho","return_normal","Future",2021-03-26,"cumulative_cases",181175,181084,180829,182247,182053,183496,183750,184068
"Idaho","status_quo","Future",2021-03-26,"cumulative_cases",180970,180661,180602,181760,181572,182596,183204,183401
"Idaho","linear_increase_sd","Future",2021-03-26,"cumulative_deaths",2299,2292,2292,2310,2309,2324,2328,2329
"Idaho","return_normal","Future",2021-03-26,"cumulative_deaths",2299,2298,2297,2311,2310,2324,2328,2333
"Idaho","status_quo","Future",2021-03-26,"cumulative_deaths",2297,2295,2291,2311,2311,2324,2326,2327
"Idaho","linear_increase_sd","Future",2021-03-26,"cumulative_hosps",21524,21515,21509,21548,21549,21574,21578,21584
"Idaho","return_normal","Future",2021-03-26,"cumulative_hosps",21576,21570,21564,21598,21597,21624,21630,21636
"Idaho","status_quo","Future",2021-03-26,"cumulative_hosps",21554,21550,21542,21579,21578,21609,21612,21622
"Idaho","linear_increase_sd","Future",2021-03-26,"daily_all_infections",94,93,91,104,105,113,117,124
"Idaho","return_normal","Future",2021-03-26,"daily_all_infections",989,977,964,1041,1042,1095,1101,1113
"Idaho","status_quo","Future",2021-03-26,"daily_all_infections",535,526,521,576,572,621,628,634
"Idaho","linear_increase_sd","Future",2021-03-26,"daily_cases",15,10,7,81,59,200,213,240
"Idaho","return_normal","Future",2021-03-26,"daily_cases",71,40,34,318,262,683,857,861
"Idaho","status_quo","Future",2021-03-26,"daily_cases",50,38,33,248,202,484,625,667
"Idaho","linear_increase_sd","Future",2021-03-26,"daily_deaths",0,0,0,2,0,6,8,10
"Idaho","return_normal","Future",2021-03-26,"daily_deaths",0,0,0,3,1,7,8,9
"Idaho","status_quo","Future",2021-03-26,"daily_deaths",0,0,0,2,1,4,6,9
"Idaho","linear_increase_sd","Future",2021-03-26,"daily_hosps",13,11,11,19,19,24,26,27
"Idaho","return_normal","Future",2021-03-26,"daily_hosps",25,23,22,32,30,39,41,43
"Idaho","status_quo","Future",2021-03-26,"daily_hosps",20,19,18,27,27,34,38,40
"Idaho","linear_increase_sd","Future",2021-03-26,"latent_trend",NA,NA,NA,0.642414046701729,NA,NA,NA,NA
"Idaho","return_normal","Future",2021-03-26,"latent_trend",NA,NA,NA,0.642414046701729,NA,NA,NA,NA
"Idaho","status_quo","Future",2021-03-26,"latent_trend",NA,NA,NA,0.642414046701729,NA,NA,NA,NA
"Idaho","linear_increase_sd","Future",2021-03-26,"mobility_trend",NA,NA,NA,0.3,NA,NA,NA,NA
"Idaho","return_normal","Future",2021-03-26,"mobility_trend",NA,NA,NA,1,NA,NA,NA,NA
"Idaho","status_quo","Future",2021-03-26,"mobility_trend",NA,NA,NA,0.76308086989493,NA,NA,NA,NA
"Idaho","linear_increase_sd","Future",2021-03-27,"combined_trend",NA,NA,NA,0.192724214010519,NA,NA,NA,NA
"Idaho","return_normal","Future",2021-03-27,"combined_trend",NA,NA,NA,0.642414046701729,NA,NA,NA,NA
"Idaho","status_quo","Future",2021-03-27,"combined_trend",NA,NA,NA,0.490213869589878,NA,NA,NA,NA
"Idaho","linear_increase_sd","Future",2021-03-27,"cumulative_all_infections",492885,492856,492757,493036,493042,493193,493249,493315
"Idaho","return_normal","Future",2021-03-27,"cumulative_all_infections",501773,501656,501628,502170,502144,502652,502799,502903
"Idaho","status_quo","Future",2021-03-27,"cumulative_all_infections",497843,497745,497656,498208,498209,498610,498687,498810
"Idaho","linear_increase_sd","Future",2021-03-27,"cumulative_cases",180218,180125,179949,181061,181042,181883,182123,182356
"Idaho","return_normal","Future",2021-03-27,"cumulative_cases",181376,181314,181079,182615,182512,183815,184220,184546
"Idaho","status_quo","Future",2021-03-27,"cumulative_cases",181091,180965,180750,181994,181926,182805,183525,183683
"Idaho","linear_increase_sd","Future",2021-03-27,"cumulative_deaths",2299,2296,2293,2312,2310,2324,2329,2331
"Idaho","return_normal","Future",2021-03-27,"cumulative_deaths",2303,2300,2298,2314,2312,2325,2332,2339
"Idaho","status_quo","Future",2021-03-27,"cumulative_deaths",2299,2297,2296,2312,2312,2326,2328,2331
"Idaho","linear_increase_sd","Future",2021-03-27,"cumulative_hosps",21543,21538,21528,21566,21567,21593,21596,21603
"Idaho","return_normal","Future",2021-03-27,"cumulative_hosps",21608,21602,21589,21630,21629,21653,21661,21663
"Idaho","status_quo","Future",2021-03-27,"cumulative_hosps",21580,21572,21564,21606,21605,21634,21642,21650
"Idaho","linear_increase_sd","Future",2021-03-27,"daily_all_infections",80,78,75,92,91,103,107,110
"Idaho","return_normal","Future",2021-03-27,"daily_all_infections",1026,1008,1007,1084,1084,1141,1165,1174
"Idaho","status_quo","Future",2021-03-27,"daily_all_infections",546,529,523,576,571,619,628,637
"Idaho","linear_increase_sd","Future",2021-03-27,"daily_cases",16,11,7,83,74,167,204,209
"Idaho","return_normal","Future",2021-03-27,"daily_cases",79,57,32,369,300,706,893,994
"Idaho","status_quo","Future",2021-03-27,"daily_cases",62,39,29,234,191,460,573,618
"Idaho","linear_increase_sd","Future",2021-03-27,"daily_deaths",0,0,0,2,0,4,5,9
"Idaho","return_normal","Future",2021-03-27,"daily_deaths",0,0,0,3,1,6,8,10
"Idaho","status_quo","Future",2021-03-27,"daily_deaths",0,0,0,2,1,5,6,7
"Idaho","linear_increase_sd","Future",2021-03-27,"daily_hosps",13,12,11,19,18,23,24,27
"Idaho","return_normal","Future",2021-03-27,"daily_hosps",25,23,23,33,32,38,40,41
"Idaho","status_quo","Future",2021-03-27,"daily_hosps",20,18,16,27,27,33,36,37
"Idaho","linear_increase_sd","Future",2021-03-27,"latent_trend",NA,NA,NA,0.642414046701729,NA,NA,NA,NA
"Idaho","return_normal","Future",2021-03-27,"latent_trend",NA,NA,NA,0.642414046701729,NA,NA,NA,NA
"Idaho","status_quo","Future",2021-03-27,"latent_trend",NA,NA,NA,0.642414046701729,NA,NA,NA,NA
"Idaho","linear_increase_sd","Future",2021-03-27,"mobility_trend",NA,NA,NA,0.3,NA,NA,NA,NA
"Idaho","return_normal","Future",2021-03-27,"mobility_trend",NA,NA,NA,1,NA,NA,NA,NA
"Idaho","status_quo","Future",2021-03-27,"mobility_trend",NA,NA,NA,0.76308086989493,NA,NA,NA,NA
"Idaho","linear_increase_sd","Future",2021-03-28,"combined_trend",NA,NA,NA,0.192724214010519,NA,NA,NA,NA
"Idaho","return_normal","Future",2021-03-28,"combined_trend",NA,NA,NA,0.642414046701729,NA,NA,NA,NA
"Idaho","status_quo","Future",2021-03-28,"combined_trend",NA,NA,NA,0.490213869589878,NA,NA,NA,NA
"Idaho","linear_increase_sd","Future",2021-03-28,"cumulative_all_infections",492969,492926,492836,493117,493118,493274,493343,493400
"Idaho","return_normal","Future",2021-03-28,"cumulative_all_infections",502882,502759,502719,503294,503268,503767,503957,504125
"Idaho","status_quo","Future",2021-03-28,"cumulative_all_infections",498396,498319,498218,498782,498771,499217,499297,499401
"Idaho","linear_increase_sd","Future",2021-03-28,"cumulative_cases",180272,180212,180047,181125,181096,181946,182134,182410
"Idaho","return_normal","Future",2021-03-28,"cumulative_cases",181722,181513,181437,182960,182840,184177,184603,184665
"Idaho","status_quo","Future",2021-03-28,"cumulative_cases",181343,181056,180991,182243,182192,183106,183705,183983
"Idaho","linear_increase_sd","Future",2021-03-28,"cumulative_deaths",2300,2298,2293,2313,2312,2327,2329,2332
"Idaho","return_normal","Future",2021-03-28,"cumulative_deaths",2303,2302,2300,2316,2315,2327,2334,2339
"Idaho","status_quo","Future",2021-03-28,"cumulative_deaths",2300,2298,2296,2314,2313,2327,2329,2335
"Idaho","linear_increase_sd","Future",2021-03-28,"cumulative_hosps",21558,21552,21544,21583,21584,21608,21613,21622
"Idaho","return_normal","Future",2021-03-28,"cumulative_hosps",21636,21629,21621,21663,21663,21685,21697,21700
"Idaho","status_quo","Future",2021-03-28,"cumulative_hosps",21604,21597,21586,21633,21636,21659,21667,21680
"Idaho","linear_increase_sd","Future",2021-03-28,"daily_all_infections",70,67,64,82,81,96,99,100
"Idaho","return_normal","Future",2021-03-28,"daily_all_infections",1074,1067,1051,1124,1119,1177,1187,1221
"Idaho","status_quo","Future",2021-03-28,"daily_all_infections",539,527,521,575,569,614,626,634
"Idaho","linear_increase_sd","Future",2021-03-28,"daily_cases",9,5,2,64,60,118,147,176
"Idaho","return_normal","Future",2021-03-28,"daily_cases",93,43,35,345,263,763,924,960
"Idaho","status_quo","Future",2021-03-28,"daily_cases",71,48,30,250,204,549,607,669
"Idaho","linear_increase_sd","Future",2021-03-28,"daily_deaths",0,0,0,2,1,4,6,8
"Idaho","return_normal","Future",2021-03-28,"daily_deaths",0,0,0,2,1,6,7,10
"Idaho","status_quo","Future",2021-03-28,"daily_deaths",0,0,0,2,1,4,5,5
"Idaho","linear_increase_sd","Future",2021-03-28,"daily_hosps",12,10,10,18,17,22,25,27
"Idaho","return_normal","Future",2021-03-28,"daily_hosps",26,25,23,34,33,42,44,47
"Idaho","status_quo","Future",2021-03-28,"daily_hosps",21,19,18,28,28,34,36,37
"Idaho","linear_increase_sd","Future",2021-03-28,"latent_trend",NA,NA,NA,0.642414046701729,NA,NA,NA,NA
"Idaho","return_normal","Future",2021-03-28,"latent_trend",NA,NA,NA,0.642414046701729,NA,NA,NA,NA
"Idaho","status_quo","Future",2021-03-28,"latent_trend",NA,NA,NA,0.642414046701729,NA,NA,NA,NA
"Idaho","linear_increase_sd","Future",2021-03-28,"mobility_trend",NA,NA,NA,0.3,NA,NA,NA,NA
"Idaho","return_normal","Future",2021-03-28,"mobility_trend",NA,NA,NA,1,NA,NA,NA,NA
"Idaho","status_quo","Future",2021-03-28,"mobility_trend",NA,NA,NA,0.76308086989493,NA,NA,NA,NA
"Idaho","linear_increase_sd","Future",2021-03-29,"combined_trend",NA,NA,NA,0.192724214010519,NA,NA,NA,NA
"Idaho","return_normal","Future",2021-03-29,"combined_trend",NA,NA,NA,0.642414046701729,NA,NA,NA,NA
"Idaho","status_quo","Future",2021-03-29,"combined_trend",NA,NA,NA,0.490213869589878,NA,NA,NA,NA
"Idaho","linear_increase_sd","Future",2021-03-29,"cumulative_all_infections",493041,492996,492909,493191,493200,493345,493422,493485
"Idaho","return_normal","Future",2021-03-29,"cumulative_all_infections",504008,503886,503874,504462,504427,504984,505236,505355
"Idaho","status_quo","Future",2021-03-29,"cumulative_all_infections",498936,498860,498758,499359,499353,499830,499914,500016
"Idaho","linear_increase_sd","Future",2021-03-29,"cumulative_cases",180322,180255,180104,181179,181143,182008,182184,182438
"Idaho","return_normal","Future",2021-03-29,"cumulative_cases",182030,181888,181745,183328,183315,184743,185005,185185
"Idaho","status_quo","Future",2021-03-29,"cumulative_cases",181489,181315,181161,182448,182462,183396,184020,184207
"Idaho","linear_increase_sd","Future",2021-03-29,"cumulative_deaths",2300,2299,2296,2315,2314,2329,2332,2335
"Idaho","return_normal","Future",2021-03-29,"cumulative_deaths",2303,2302,2300,2317,2315,2328,2335,2339
"Idaho","status_quo","Future",2021-03-29,"cumulative_deaths",2303,2299,2296,2316,2315,2328,2332,2339
"Idaho","linear_increase_sd","Future",2021-03-29,"cumulative_hosps",21572,21565,21558,21599,21598,21623,21631,21638
"Idaho","return_normal","Future",2021-03-29,"cumulative_hosps",21672,21662,21652,21697,21698,21724,21729,21733
"Idaho","status_quo","Future",2021-03-29,"cumulative_hosps",21628,21623,21612,21660,21661,21691,21695,21708
"Idaho","linear_increase_sd","Future",2021-03-29,"daily_all_infections",63,57,57,74,74,83,86,93
"Idaho","return_normal","Future",2021-03-29,"daily_all_infections",1114,1099,1089,1168,1164,1226,1245,1264
"Idaho","status_quo","Future",2021-03-29,"daily_all_infections",537,534,530,578,577,619,624,628
"Idaho","linear_increase_sd","Future",2021-03-29,"daily_cases",14,6,4,55,48,101,145,153
"Idaho","return_normal","Future",2021-03-29,"daily_cases",80,58,41,369,275,769,1007,1155
"Idaho","status_quo","Future",2021-03-29,"daily_cases",30,20,15,205,159,387,498,649
"Idaho","linear_increase_sd","Future",2021-03-29,"daily_deaths",0,0,0,2,1,6,9,10
"Idaho","return_normal","Future",2021-03-29,"daily_deaths",0,0,0,2,1,3,5,6
"Idaho","status_quo","Future",2021-03-29,"daily_deaths",0,0,0,3,1,6,8,9
"Idaho","linear_increase_sd","Future",2021-03-29,"daily_hosps",10,9,9,16,15,20,21,22
"Idaho","return_normal","Future",2021-03-29,"daily_hosps",26,25,24,34,33,43,46,47
"Idaho","status_quo","Future",2021-03-29,"daily_hosps",21,18,17,27,26,33,35,36
"Idaho","linear_increase_sd","Future",2021-03-29,"latent_trend",NA,NA,NA,0.642414046701729,NA,NA,NA,NA
"Idaho","return_normal","Future",2021-03-29,"latent_trend",NA,NA,NA,0.642414046701729,NA,NA,NA,NA
"Idaho","status_quo","Future",2021-03-29,"latent_trend",NA,NA,NA,0.642414046701729,NA,NA,NA,NA
"Idaho","linear_increase_sd","Future",2021-03-29,"mobility_trend",NA,NA,NA,0.3,NA,NA,NA,NA
"Idaho","return_normal","Future",2021-03-29,"mobility_trend",NA,NA,NA,1,NA,NA,NA,NA
"Idaho","status_quo","Future",2021-03-29,"mobility_trend",NA,NA,NA,0.76308086989493,NA,NA,NA,NA
"Idaho","linear_increase_sd","Future",2021-03-30,"combined_trend",NA,NA,NA,0.192724214010519,NA,NA,NA,NA
"Idaho","return_normal","Future",2021-03-30,"combined_trend",NA,NA,NA,0.642414046701729,NA,NA,NA,NA
"Idaho","status_quo","Future",2021-03-30,"combined_trend",NA,NA,NA,0.490213869589878,NA,NA,NA,NA
"Idaho","linear_increase_sd","Future",2021-03-30,"cumulative_all_infections",493096,493051,492985,493254,493261,493408,493499,493544
"Idaho","return_normal","Future",2021-03-30,"cumulative_all_infections",505188,505070,505033,505670,505613,506243,506483,506618
"Idaho","status_quo","Future",2021-03-30,"cumulative_all_infections",499480,499379,499288,499933,499918,500406,500540,500614
"Idaho","linear_increase_sd","Future",2021-03-30,"cumulative_cases",180372,180282,180157,181226,181177,182037,182246,182474
"Idaho","return_normal","Future",2021-03-30,"cumulative_cases",182348,182162,181984,183664,183594,185161,185472,185702
"Idaho","status_quo","Future",2021-03-30,"cumulative_cases",181656,181408,181231,182669,182666,183732,184095,184365
"Idaho","linear_increase_sd","Future",2021-03-30,"cumulative_deaths",2302,2300,2298,2316,2315,2331,2333,2335
"Idaho","return_normal","Future",2021-03-30,"cumulative_deaths",2305,2303,2301,2319,2318,2330,2339,2345
"Idaho","status_quo","Future",2021-03-30,"cumulative_deaths",2304,2300,2299,2317,2318,2329,2332,2340
"Idaho","linear_increase_sd","Future",2021-03-30,"cumulative_hosps",21585,21577,21571,21612,21612,21639,21642,21652
"Idaho","return_normal","Future",2021-03-30,"cumulative_hosps",21708,21697,21687,21733,21732,21757,21765,21766
"Idaho","status_quo","Future",2021-03-30,"cumulative_hosps",21656,21650,21640,21686,21686,21717,21728,21734
"Idaho","linear_increase_sd","Future",2021-03-30,"daily_all_infections",52,50,47,64,62,77,81,85
"Idaho","return_normal","Future",2021-03-30,"daily_all_infections",1148,1136,1130,1209,1207,1272,1289,1298
"Idaho","status_quo","Future",2021-03-30,"daily_all_infections",531,514,508,574,574,617,625,634
"Idaho","linear_increase_sd","Future",2021-03-30,"daily_cases",11,8,6,47,38,104,121,131
"Idaho","return_normal","Future",2021-03-30,"daily_cases",66,48,28,336,274,581,865,1191
"Idaho","status_quo","Future",2021-03-30,"daily_cases",46,35,20,222,163,464,521,678
"Idaho","linear_increase_sd","Future",2021-03-30,"daily_deaths",0,0,0,2,0,3,6,7
"Idaho","return_normal","Future",2021-03-30,"daily_deaths",0,0,0,2,1,5,8,11
"Idaho","status_quo","Future",2021-03-30,"daily_deaths",0,0,0,2,1,4,6,7
"Idaho","linear_increase_sd","Future",2021-03-30,"daily_hosps",9,7,7,14,13,18,19,22
"Idaho","return_normal","Future",2021-03-30,"daily_hosps",30,28,27,37,36,43,46,48
"Idaho","status_quo","Future",2021-03-30,"daily_hosps",20,19,18,27,27,32,33,36
"Idaho","linear_increase_sd","Future",2021-03-30,"latent_trend",NA,NA,NA,0.642414046701729,NA,NA,NA,NA
"Idaho","return_normal","Future",2021-03-30,"latent_trend",NA,NA,NA,0.642414046701729,NA,NA,NA,NA
"Idaho","status_quo","Future",2021-03-30,"latent_trend",NA,NA,NA,0.642414046701729,NA,NA,NA,NA
"Idaho","linear_increase_sd","Future",2021-03-30,"mobility_trend",NA,NA,NA,0.3,NA,NA,NA,NA
"Idaho","return_normal","Future",2021-03-30,"mobility_trend",NA,NA,NA,1,NA,NA,NA,NA
"Idaho","status_quo","Future",2021-03-30,"mobility_trend",NA,NA,NA,0.76308086989493,NA,NA,NA,NA
"Idaho","linear_increase_sd","Future",2021-03-31,"combined_trend",NA,NA,NA,0.192724214010519,NA,NA,NA,NA
"Idaho","return_normal","Future",2021-03-31,"combined_trend",NA,NA,NA,0.642414046701729,NA,NA,NA,NA
"Idaho","status_quo","Future",2021-03-31,"combined_trend",NA,NA,NA,0.490213869589878,NA,NA,NA,NA
"Idaho","linear_increase_sd","Future",2021-03-31,"cumulative_all_infections",493150,493099,493036,493311,493321,493464,493562,493603
"Idaho","return_normal","Future",2021-03-31,"cumulative_all_infections",506403,506277,506216,506924,506859,507527,507762,507939
"Idaho","status_quo","Future",2021-03-31,"cumulative_all_infections",500035,499955,499811,500505,500482,501020,501127,501242
"Idaho","linear_increase_sd","Future",2021-03-31,"cumulative_cases",180429,180302,180202,181267,181223,182089,182263,182503
"Idaho","return_normal","Future",2021-03-31,"cumulative_cases",182758,182633,182544,184103,184000,185544,185869,186363
"Idaho","status_quo","Future",2021-03-31,"cumulative_cases",181925,181639,181397,182854,182815,183937,184317,184791
"Idaho","linear_increase_sd","Future",2021-03-31,"cumulative_deaths",2303,2300,2299,2317,2316,2332,2335,2336
"Idaho","return_normal","Future",2021-03-31,"cumulative_deaths",2305,2304,2302,2320,2320,2334,2341,2346
"Idaho","status_quo","Future",2021-03-31,"cumulative_deaths",2305,2301,2299,2319,2320,2330,2334,2341
"Idaho","linear_increase_sd","Future",2021-03-31,"cumulative_hosps",21594,21591,21585,21624,21622,21652,21654,21668
"Idaho","return_normal","Future",2021-03-31,"cumulative_hosps",21740,21734,21720,21770,21770,21797,21800,21808
"Idaho","status_quo","Future",2021-03-31,"cumulative_hosps",21679,21674,21664,21713,21713,21747,21750,21765
"Idaho","linear_increase_sd","Future",2021-03-31,"daily_all_infections",48,45,44,58,57,68,70,70
"Idaho","return_normal","Future",2021-03-31,"daily_all_infections",1194,1174,1166,1254,1248,1323,1336,1349
"Idaho","status_quo","Future",2021-03-31,"daily_all_infections",533,524,520,572,569,616,638,640
"Idaho","linear_increase_sd","Future",2021-03-31,"daily_cases",10,7,5,41,35,80,92,95
"Idaho","return_normal","Future",2021-03-31,"daily_cases",139,79,65,440,357,891,1086,1266
"Idaho","status_quo","Future",2021-03-31,"daily_cases",56,37,27,186,154,356,462,593
"Idaho","linear_increase_sd","Future",2021-03-31,"daily_deaths",0,0,0,2,1,4,6,7
"Idaho","return_normal","Future",2021-03-31,"daily_deaths",0,0,0,2,1,4,6,7
"Idaho","status_quo","Future",2021-03-31,"daily_deaths",0,0,0,2,1,5,7,7
"Idaho","linear_increase_sd","Future",2021-03-31,"daily_hosps",8,8,7,13,12,16,18,19
"Idaho","return_normal","Future",2021-03-31,"daily_hosps",28,27,26,38,37,46,48,49
"Idaho","status_quo","Future",2021-03-31,"daily_hosps",21,18,18,27,27,34,36,37
"Idaho","linear_increase_sd","Future",2021-03-31,"latent_trend",NA,NA,NA,0.642414046701729,NA,NA,NA,NA
"Idaho","return_normal","Future",2021-03-31,"latent_trend",NA,NA,NA,0.642414046701729,NA,NA,NA,NA
"Idaho","status_quo","Future",2021-03-31,"latent_trend",NA,NA,NA,0.642414046701729,NA,NA,NA,NA
"Idaho","linear_increase_sd","Future",2021-03-31,"mobility_trend",NA,NA,NA,0.3,NA,NA,NA,NA
"Idaho","return_normal","Future",2021-03-31,"mobility_trend",NA,NA,NA,1,NA,NA,NA,NA
"Idaho","status_quo","Future",2021-03-31,"mobility_trend",NA,NA,NA,0.76308086989493,NA,NA,NA,NA
"Idaho","linear_increase_sd","Future",2021-04-01,"combined_trend",NA,NA,NA,0.192724214010519,NA,NA,NA,NA
"Idaho","return_normal","Future",2021-04-01,"combined_trend",NA,NA,NA,0.642414046701729,NA,NA,NA,NA
"Idaho","status_quo","Future",2021-04-01,"combined_trend",NA,NA,NA,0.490213869589878,NA,NA,NA,NA
"Idaho","linear_increase_sd","Future",2021-04-01,"cumulative_all_infections",493201,493155,493085,493363,493370,493522,493620,493663
"Idaho","return_normal","Future",2021-04-01,"cumulative_all_infections",507656,507524,507449,508236,508180,508862,509124,509319
"Idaho","status_quo","Future",2021-04-01,"cumulative_all_infections",500592,500484,500321,501073,501035,501611,501742,501841
"Idaho","linear_increase_sd","Future",2021-04-01,"cumulative_cases",180478,180344,180262,181307,181275,182105,182328,182520
"Idaho","return_normal","Future",2021-04-01,"cumulative_cases",183204,182947,182818,184576,184412,186072,186604,186821
"Idaho","status_quo","Future",2021-04-01,"cumulative_cases",182028,181920,181659,183063,183031,184220,184724,184910
"Idaho","linear_increase_sd","Future",2021-04-01,"cumulative_deaths",2304,2301,2299,2318,2317,2333,2336,2337
"Idaho","return_normal","Future",2021-04-01,"cumulative_deaths",2308,2304,2304,2322,2322,2336,2344,2347
"Idaho","status_quo","Future",2021-04-01,"cumulative_deaths",2307,2304,2299,2321,2321,2332,2337,2342
"Idaho","linear_increase_sd","Future",2021-04-01,"cumulative_hosps",21604,21600,21595,21634,21633,21661,21668,21679
"Idaho","return_normal","Future",2021-04-01,"cumulative_hosps",21780,21772,21762,21810,21811,21836,21848,21853
"Idaho","status_quo","Future",2021-04-01,"cumulative_hosps",21707,21698,21688,21740,21739,21773,21784,21790
"Idaho","linear_increase_sd","Future",2021-04-01,"daily_all_infections",42,39,38,52,52,60,63,65
"Idaho","return_normal","Future",2021-04-01,"daily_all_infections",1247,1237,1224,1313,1312,1373,1385,1400
"Idaho","status_quo","Future",2021-04-01,"daily_all_infections",521,505,505,569,569,615,619,638
"Idaho","linear_increase_sd","Future",2021-04-01,"daily_cases",10,6,3,40,35,73,94,107
"Idaho","return_normal","Future",2021-04-01,"daily_cases",110,102,79,474,401,842,1037,1207
"Idaho","status_quo","Future",2021-04-01,"daily_cases",40,26,21,210,170,428,462,536
"Idaho","linear_increase_sd","Future",2021-04-01,"daily_deaths",0,0,0,2,0,4,6,6
"Idaho","return_normal","Future",2021-04-01,"daily_deaths",0,0,0,3,1,5,6,9
"Idaho","status_quo","Future",2021-04-01,"daily_deaths",0,0,0,2,0,4,5,5
"Idaho","linear_increase_sd","Future",2021-04-01,"daily_hosps",6,5,5,11,10,14,15,16
"Idaho","return_normal","Future",2021-04-01,"daily_hosps",31,30,28,41,41,48,51,51
"Idaho","status_quo","Future",2021-04-01,"daily_hosps",21,20,18,27,27,34,36,38
"Idaho","linear_increase_sd","Future",2021-04-01,"latent_trend",NA,NA,NA,0.642414046701729,NA,NA,NA,NA
"Idaho","return_normal","Future",2021-04-01,"latent_trend",NA,NA,NA,0.642414046701729,NA,NA,NA,NA
"Idaho","status_quo","Future",2021-04-01,"latent_trend",NA,NA,NA,0.642414046701729,NA,NA,NA,NA
"Idaho","linear_increase_sd","Future",2021-04-01,"mobility_trend",NA,NA,NA,0.3,NA,NA,NA,NA
"Idaho","return_normal","Future",2021-04-01,"mobility_trend",NA,NA,NA,1,NA,NA,NA,NA
"Idaho","status_quo","Future",2021-04-01,"mobility_trend",NA,NA,NA,0.76308086989493,NA,NA,NA,NA
"Idaho","linear_increase_sd","Future",2021-04-02,"combined_trend",NA,NA,NA,0.192724214010519,NA,NA,NA,NA
"Idaho","return_normal","Future",2021-04-02,"combined_trend",NA,NA,NA,0.642414046701729,NA,NA,NA,NA
"Idaho","status_quo","Future",2021-04-02,"combined_trend",NA,NA,NA,0.490213869589878,NA,NA,NA,NA
"Idaho","linear_increase_sd","Future",2021-04-02,"cumulative_all_infections",493245,493201,493129,493408,493413,493564,493668,493714
"Idaho","return_normal","Future",2021-04-02,"cumulative_all_infections",508934,508835,508743,509591,509558,510238,510550,510746
"Idaho","status_quo","Future",2021-04-02,"cumulative_all_infections",501121,501005,500871,501647,501615,502209,502389,502500
"Idaho","linear_increase_sd","Future",2021-04-02,"cumulative_cases",180501,180366,180275,181344,181307,182126,182374,182540
"Idaho","return_normal","Future",2021-04-02,"cumulative_cases",183581,183262,183143,184961,184827,186515,186792,187129
"Idaho","status_quo","Future",2021-04-02,"cumulative_cases",182203,182139,181963,183278,183186,184611,184919,185087
"Idaho","linear_increase_sd","Future",2021-04-02,"cumulative_deaths",2306,2302,2300,2320,2319,2333,2337,2338
"Idaho","return_normal","Future",2021-04-02,"cumulative_deaths",2310,2307,2304,2325,2324,2338,2345,2354
"Idaho","status_quo","Future",2021-04-02,"cumulative_deaths",2309,2304,2299,2322,2322,2334,2338,2345
"Idaho","linear_increase_sd","Future",2021-04-02,"cumulative_hosps",21613,21606,21603,21643,21643,21672,21676,21689
"Idaho","return_normal","Future",2021-04-02,"cumulative_hosps",21821,21809,21802,21851,21853,21881,21892,21896
"Idaho","status_quo","Future",2021-04-02,"cumulative_hosps",21735,21721,21714,21766,21766,21803,21809,21815
"Idaho","linear_increase_sd","Future",2021-04-02,"daily_all_infections",37,36,35,46,46,56,59,60
"Idaho","return_normal","Future",2021-04-02,"daily_all_infections",1285,1278,1270,1355,1356,1419,1445,1454
"Idaho","status_quo","Future",2021-04-02,"daily_all_infections",530,519,517,575,574,611,631,647
"Idaho","linear_increase_sd","Future",2021-04-02,"daily_cases",9,4,3,38,29,73,96,118
"Idaho","return_normal","Future",2021-04-02,"daily_cases",85,41,25,386,292,778,934,1338
"Idaho","status_quo","Future",2021-04-02,"daily_cases",42,37,25,215,179,427,487,600
"Idaho","linear_increase_sd","Future",2021-04-02,"daily_deaths",0,0,0,2,0,4,5,6
"Idaho","return_normal","Future",2021-04-02,"daily_deaths",0,0,0,3,2,5,7,8
"Idaho","status_quo","Future",2021-04-02,"daily_deaths",0,0,0,2,1,4,5,6
"Idaho","linear_increase_sd","Future",2021-04-02,"daily_hosps",5,5,4,9,9,13,13,14
"Idaho","return_normal","Future",2021-04-02,"daily_hosps",34,33,30,42,41,48,52,55
"Idaho","status_quo","Future",2021-04-02,"daily_hosps",20,19,18,27,26,35,37,37
"Idaho","linear_increase_sd","Future",2021-04-02,"latent_trend",NA,NA,NA,0.642414046701729,NA,NA,NA,NA
"Idaho","return_normal","Future",2021-04-02,"latent_trend",NA,NA,NA,0.642414046701729,NA,NA,NA,NA
"Idaho","status_quo","Future",2021-04-02,"latent_trend",NA,NA,NA,0.642414046701729,NA,NA,NA,NA
"Idaho","linear_increase_sd","Future",2021-04-02,"mobility_trend",NA,NA,NA,0.3,NA,NA,NA,NA
"Idaho","return_normal","Future",2021-04-02,"mobility_trend",NA,NA,NA,1,NA,NA,NA,NA
"Idaho","status_quo","Future",2021-04-02,"mobility_trend",NA,NA,NA,0.76308086989493,NA,NA,NA,NA
"Idaho","linear_increase_sd","Future",2021-04-03,"combined_trend",NA,NA,NA,0.192724214010519,NA,NA,NA,NA
"Idaho","return_normal","Future",2021-04-03,"combined_trend",NA,NA,NA,0.642414046701729,NA,NA,NA,NA
"Idaho","status_quo","Future",2021-04-03,"combined_trend",NA,NA,NA,0.490213869589878,NA,NA,NA,NA
"Idaho","linear_increase_sd","Future",2021-04-03,"cumulative_all_infections",493282,493231,493169,493450,493451,493605,493719,493750
"Idaho","return_normal","Future",2021-04-03,"cumulative_all_infections",510350,510193,510065,510993,510967,511719,512036,512210
"Idaho","status_quo","Future",2021-04-03,"cumulative_all_infections",501672,501590,501415,502220,502183,502811,503022,503121
"Idaho","linear_increase_sd","Future",2021-04-03,"cumulative_cases",180537,180385,180279,181378,181352,182169,182414,182555
"Idaho","return_normal","Future",2021-04-03,"cumulative_cases",183943,183603,183335,185425,185346,186946,187431,187715
"Idaho","status_quo","Future",2021-04-03,"cumulative_cases",182387,182217,182068,183542,183533,184804,185272,185610
"Idaho","linear_increase_sd","Future",2021-04-03,"cumulative_deaths",2307,2303,2300,2320,2320,2335,2337,2338
"Idaho","return_normal","Future",2021-04-03,"cumulative_deaths",2312,2310,2307,2327,2325,2340,2352,2360
"Idaho","status_quo","Future",2021-04-03,"cumulative_deaths",2310,2305,2302,2324,2324,2338,2341,2345
"Idaho","linear_increase_sd","Future",2021-04-03,"cumulative_hosps",21619,21614,21609,21651,21650,21679,21682,21695
"Idaho","return_normal","Future",2021-04-03,"cumulative_hosps",21864,21859,21846,21894,21894,21923,21937,21941
"Idaho","status_quo","Future",2021-04-03,"cumulative_hosps",21759,21744,21739,21793,21788,21826,21842,21844
"Idaho","linear_increase_sd","Future",2021-04-03,"daily_all_infections",33,30,29,42,42,51,52,54
"Idaho","return_normal","Future",2021-04-03,"daily_all_infections",1340,1317,1300,1403,1398,1464,1489,1518
"Idaho","status_quo","Future",2021-04-03,"daily_all_infections",533,524,519,573,571,617,633,641
"Idaho","linear_increase_sd","Future",2021-04-03,"daily_cases",8,3,3,34,29,65,88,97
"Idaho","return_normal","Future",2021-04-03,"daily_cases",114,77,53,464,403,857,1084,1099
"Idaho","status_quo","Future",2021-04-03,"daily_cases",59,42,33,264,227,527,637,731
"Idaho","linear_increase_sd","Future",2021-04-03,"daily_deaths",0,0,0,1,0,3,4,5
"Idaho","return_normal","Future",2021-04-03,"daily_deaths",0,0,0,3,1,6,8,11
"Idaho","status_quo","Future",2021-04-03,"daily_deaths",0,0,0,2,1,5,7,8
"Idaho","linear_increase_sd","Future",2021-04-03,"daily_hosps",5,4,3,8,8,12,13,13
"Idaho","return_normal","Future",2021-04-03,"daily_hosps",35,34,32,43,43,51,52,54
"Idaho","status_quo","Future",2021-04-03,"daily_hosps",21,20,18,27,26,34,37,37
"Idaho","linear_increase_sd","Future",2021-04-03,"latent_trend",NA,NA,NA,0.642414046701729,NA,NA,NA,NA
"Idaho","return_normal","Future",2021-04-03,"latent_trend",NA,NA,NA,0.642414046701729,NA,NA,NA,NA
"Idaho","status_quo","Future",2021-04-03,"latent_trend",NA,NA,NA,0.642414046701729,NA,NA,NA,NA
"Idaho","linear_increase_sd","Future",2021-04-03,"mobility_trend",NA,NA,NA,0.3,NA,NA,NA,NA
"Idaho","return_normal","Future",2021-04-03,"mobility_trend",NA,NA,NA,1,NA,NA,NA,NA
"Idaho","status_quo","Future",2021-04-03,"mobility_trend",NA,NA,NA,0.76308086989493,NA,NA,NA,NA
"Idaho","linear_increase_sd","Future",2021-04-04,"combined_trend",NA,NA,NA,0.192724214010519,NA,NA,NA,NA
"Idaho","return_normal","Future",2021-04-04,"combined_trend",NA,NA,NA,0.642414046701729,NA,NA,NA,NA
"Idaho","status_quo","Future",2021-04-04,"combined_trend",NA,NA,NA,0.490213869589878,NA,NA,NA,NA
"Idaho","linear_increase_sd","Future",2021-04-04,"cumulative_all_infections",493319,493273,493206,493486,493487,493638,493759,493790
"Idaho","return_normal","Future",2021-04-04,"cumulative_all_infections",511802,511575,511428,512448,512433,513220,513580,513733
"Idaho","status_quo","Future",2021-04-04,"cumulative_all_infections",502245,502112,501956,502794,502760,503411,503657,503722
"Idaho","linear_increase_sd","Future",2021-04-04,"cumulative_cases",180565,180407,180288,181411,181380,182219,182443,182585
"Idaho","return_normal","Future",2021-04-04,"cumulative_cases",184469,184037,183568,185944,185911,187323,187867,188185
"Idaho","status_quo","Future",2021-04-04,"cumulative_cases",182598,182396,182296,183747,183713,185036,185504,185724
"Idaho","linear_increase_sd","Future",2021-04-04,"cumulative_deaths",2308,2304,2300,2322,2321,2336,2338,2339
"Idaho","return_normal","Future",2021-04-04,"cumulative_deaths",2312,2311,2308,2329,2328,2344,2352,2363
"Idaho","status_quo","Future",2021-04-04,"cumulative_deaths",2311,2307,2302,2326,2325,2341,2344,2347
"Idaho","linear_increase_sd","Future",2021-04-04,"cumulative_hosps",21627,21621,21615,21658,21659,21685,21691,21702
"Idaho","return_normal","Future",2021-04-04,"cumulative_hosps",21907,21904,21888,21939,21940,21970,21981,21986
"Idaho","status_quo","Future",2021-04-04,"cumulative_hosps",21790,21776,21762,21820,21815,21863,21865,21873
"Idaho","linear_increase_sd","Future",2021-04-04,"daily_all_infections",28,26,26,37,36,45,47,47
"Idaho","return_normal","Future",2021-04-04,"daily_all_infections",1384,1363,1354,1455,1457,1532,1544,1557
"Idaho","status_quo","Future",2021-04-04,"daily_all_infections",532,524,511,574,573,615,632,645
"Idaho","linear_increase_sd","Future",2021-04-04,"daily_cases",5,3,3,33,26,65,83,103
"Idaho","return_normal","Future",2021-04-04,"daily_cases",102,66,51,520,351,1181,1522,1682
"Idaho","status_quo","Future",2021-04-04,"daily_cases",45,37,29,206,143,490,631,785
"Idaho","linear_increase_sd","Future",2021-04-04,"daily_deaths",0,0,0,2,0,3,5,6
"Idaho","return_normal","Future",2021-04-04,"daily_deaths",0,0,0,3,1,6,7,8
"Idaho","status_quo","Future",2021-04-04,"daily_deaths",0,0,0,2,1,6,8,9
"Idaho","linear_increase_sd","Future",2021-04-04,"daily_hosps",4,3,3,8,7,12,14,15
"Idaho","return_normal","Future",2021-04-04,"daily_hosps",35,34,33,45,44,53,54,55
"Idaho","status_quo","Future",2021-04-04,"daily_hosps",19,19,16,28,28,34,35,39
"Idaho","linear_increase_sd","Future",2021-04-04,"latent_trend",NA,NA,NA,0.642414046701729,NA,NA,NA,NA
"Idaho","return_normal","Future",2021-04-04,"latent_trend",NA,NA,NA,0.642414046701729,NA,NA,NA,NA
"Idaho","status_quo","Future",2021-04-04,"latent_trend",NA,NA,NA,0.642414046701729,NA,NA,NA,NA
"Idaho","linear_increase_sd","Future",2021-04-04,"mobility_trend",NA,NA,NA,0.3,NA,NA,NA,NA
"Idaho","return_normal","Future",2021-04-04,"mobility_trend",NA,NA,NA,1,NA,NA,NA,NA
"Idaho","status_quo","Future",2021-04-04,"mobility_trend",NA,NA,NA,0.76308086989493,NA,NA,NA,NA
"Idaho","linear_increase_sd","Future",2021-04-05,"combined_trend",NA,NA,NA,0.192724214010519,NA,NA,NA,NA
"Idaho","return_normal","Future",2021-04-05,"combined_trend",NA,NA,NA,0.642414046701729,NA,NA,NA,NA
"Idaho","status_quo","Future",2021-04-05,"combined_trend",NA,NA,NA,0.490213869589878,NA,NA,NA,NA
"Idaho","linear_increase_sd","Future",2021-04-05,"cumulative_all_infections",493350,493298,493236,493518,493515,493668,493789,493821
"Idaho","return_normal","Future",2021-04-05,"cumulative_all_infections",513276,512968,512872,513959,513918,514758,515211,515294
"Idaho","status_quo","Future",2021-04-05,"cumulative_all_infections",502783,502659,502500,503367,503336,503999,504259,504325
"Idaho","linear_increase_sd","Future",2021-04-05,"cumulative_cases",180604,180469,180309,181438,181402,182242,182455,182611
"Idaho","return_normal","Future",2021-04-05,"cumulative_cases",185045,184338,184144,186440,186289,187971,188213,188892
"Idaho","status_quo","Future",2021-04-05,"cumulative_cases",182950,182631,182531,183972,183948,185257,185761,185903
"Idaho","linear_increase_sd","Future",2021-04-05,"cumulative_deaths",2308,2304,2302,2322,2321,2337,2338,2343
"Idaho","return_normal","Future",2021-04-05,"cumulative_deaths",2313,2312,2309,2331,2330,2346,2353,2364
"Idaho","status_quo","Future",2021-04-05,"cumulative_deaths",2312,2307,2303,2327,2328,2342,2344,2349
"Idaho","linear_increase_sd","Future",2021-04-05,"cumulative_hosps",21633,21625,21620,21664,21665,21691,21701,21705
"Idaho","return_normal","Future",2021-04-05,"cumulative_hosps",21951,21944,21931,21984,21984,22016,22029,22034
"Idaho","status_quo","Future",2021-04-05,"cumulative_hosps",21810,21801,21790,21848,21844,21887,21894,21903
"Idaho","linear_increase_sd","Future",2021-04-05,"daily_all_infections",26,22,21,33,32,39,44,44
"Idaho","return_normal","Future",2021-04-05,"daily_all_infections",1441,1422,1406,1512,1512,1581,1597,1605
"Idaho","status_quo","Future",2021-04-05,"daily_all_infections",532,524,515,574,574,614,624,633
"Idaho","linear_increase_sd","Future",2021-04-05,"daily_cases",6,5,4,27,20,59,66,70
"Idaho","return_normal","Future",2021-04-05,"daily_cases",133,97,54,497,416,923,1166,1388
"Idaho","status_quo","Future",2021-04-05,"daily_cases",59,46,26,225,199,427,479,522
"Idaho","linear_increase_sd","Future",2021-04-05,"daily_deaths",0,0,0,1,0,3,5,6
"Idaho","return_normal","Future",2021-04-05,"daily_deaths",0,0,0,3,1,6,8,9
"Idaho","status_quo","Future",2021-04-05,"daily_deaths",0,0,0,2,1,4,6,6
"Idaho","linear_increase_sd","Future",2021-04-05,"daily_hosps",3,3,2,7,6,10,11,12
"Idaho","return_normal","Future",2021-04-05,"daily_hosps",39,36,33,46,44,55,59,61
"Idaho","status_quo","Future",2021-04-05,"daily_hosps",21,20,20,28,27,35,37,38
"Idaho","linear_increase_sd","Future",2021-04-05,"latent_trend",NA,NA,NA,0.642414046701729,NA,NA,NA,NA
"Idaho","return_normal","Future",2021-04-05,"latent_trend",NA,NA,NA,0.642414046701729,NA,NA,NA,NA
"Idaho","status_quo","Future",2021-04-05,"latent_trend",NA,NA,NA,0.642414046701729,NA,NA,NA,NA
"Idaho","linear_increase_sd","Future",2021-04-05,"mobility_trend",NA,NA,NA,0.3,NA,NA,NA,NA
"Idaho","return_normal","Future",2021-04-05,"mobility_trend",NA,NA,NA,1,NA,NA,NA,NA
"Idaho","status_quo","Future",2021-04-05,"mobility_trend",NA,NA,NA,0.76308086989493,NA,NA,NA,NA
"Idaho","linear_increase_sd","Future",2021-04-06,"combined_trend",NA,NA,NA,0.192724214010519,NA,NA,NA,NA
"Idaho","return_normal","Future",2021-04-06,"combined_trend",NA,NA,NA,0.642414046701729,NA,NA,NA,NA
"Idaho","status_quo","Future",2021-04-06,"combined_trend",NA,NA,NA,0.490213869589878,NA,NA,NA,NA
"Idaho","linear_increase_sd","Future",2021-04-06,"cumulative_all_infections",493370,493320,493261,493547,493548,493706,493826,493852
"Idaho","return_normal","Future",2021-04-06,"cumulative_all_infections",514788,514472,514341,515525,515487,516385,516881,516937
"Idaho","status_quo","Future",2021-04-06,"cumulative_all_infections",503353,503228,503024,503936,503913,504572,504860,504967
"Idaho","linear_increase_sd","Future",2021-04-06,"cumulative_cases",180629,180482,180338,181458,181422,182261,182471,182646
"Idaho","return_normal","Future",2021-04-06,"cumulative_cases",185382,184639,184402,186965,186955,188537,189100,190043
"Idaho","status_quo","Future",2021-04-06,"cumulative_cases",183198,182931,182807,184190,184125,185409,186024,186277
"Idaho","linear_increase_sd","Future",2021-04-06,"cumulative_deaths",2310,2306,2303,2323,2322,2338,2341,2343
"Idaho","return_normal","Future",2021-04-06,"cumulative_deaths",2315,2312,2311,2334,2332,2352,2359,2369
"Idaho","status_quo","Future",2021-04-06,"cumulative_deaths",2313,2309,2304,2328,2329,2344,2347,2350
"Idaho","linear_increase_sd","Future",2021-04-06,"cumulative_hosps",21636,21632,21626,21670,21670,21697,21707,21710
"Idaho","return_normal","Future",2021-04-06,"cumulative_hosps",22003,21989,21976,22032,22028,22067,22075,22085
"Idaho","status_quo","Future",2021-04-06,"cumulative_hosps",21837,21828,21817,21874,21870,21913,21923,21930
"Idaho","linear_increase_sd","Future",2021-04-06,"daily_all_infections",21,20,19,29,29,37,38,39
"Idaho","return_normal","Future",2021-04-06,"daily_all_infections",1493,1472,1463,1567,1568,1639,1660,1671
"Idaho","status_quo","Future",2021-04-06,"daily_all_infections",530,512,505,570,569,609,623,630
"Idaho","linear_increase_sd","Future",2021-04-06,"daily_cases",2,2,1,21,17,46,56,62
"Idaho","return_normal","Future",2021-04-06,"daily_cases",101,62,26,525,415,1052,1251,1467
"Idaho","status_quo","Future",2021-04-06,"daily_cases",51,37,29,218,182,418,504,573
"Idaho","linear_increase_sd","Future",2021-04-06,"daily_deaths",0,0,0,1,0,3,4,5
"Idaho","return_normal","Future",2021-04-06,"daily_deaths",0,0,0,4,2,8,12,14
"Idaho","status_quo","Future",2021-04-06,"daily_deaths",0,0,0,2,1,5,6,6
"Idaho","linear_increase_sd","Future",2021-04-06,"daily_hosps",3,2,2,6,5,9,10,11
"Idaho","return_normal","Future",2021-04-06,"daily_hosps",40,38,37,48,48,54,57,58
"Idaho","status_quo","Future",2021-04-06,"daily_hosps",20,18,17,27,26,34,35,38
"Idaho","linear_increase_sd","Future",2021-04-06,"latent_trend",NA,NA,NA,0.642414046701729,NA,NA,NA,NA
"Idaho","return_normal","Future",2021-04-06,"latent_trend",NA,NA,NA,0.642414046701729,NA,NA,NA,NA
"Idaho","status_quo","Future",2021-04-06,"latent_trend",NA,NA,NA,0.642414046701729,NA,NA,NA,NA
"Idaho","linear_increase_sd","Future",2021-04-06,"mobility_trend",NA,NA,NA,0.3,NA,NA,NA,NA
"Idaho","return_normal","Future",2021-04-06,"mobility_trend",NA,NA,NA,1,NA,NA,NA,NA
"Idaho","status_quo","Future",2021-04-06,"mobility_trend",NA,NA,NA,0.76308086989493,NA,NA,NA,NA
"Idaho","linear_increase_sd","Future",2021-04-07,"combined_trend",NA,NA,NA,0.192724214010519,NA,NA,NA,NA
"Idaho","return_normal","Future",2021-04-07,"combined_trend",NA,NA,NA,0.642414046701729,NA,NA,NA,NA
"Idaho","status_quo","Future",2021-04-07,"combined_trend",NA,NA,NA,0.490213869589878,NA,NA,NA,NA
"Idaho","linear_increase_sd","Future",2021-04-07,"cumulative_all_infections",493393,493346,493282,493572,493574,493743,493850,493875
"Idaho","return_normal","Future",2021-04-07,"cumulative_all_infections",516356,516032,515884,517144,517093,518113,518536,518677
"Idaho","status_quo","Future",2021-04-07,"cumulative_all_infections",503900,503766,503549,504508,504474,505158,505454,505587
"Idaho","linear_increase_sd","Future",2021-04-07,"cumulative_cases",180642,180484,180357,181477,181457,182270,182478,182670
"Idaho","return_normal","Future",2021-04-07,"cumulative_cases",185954,185320,184677,187499,187410,189160,189865,190179
"Idaho","status_quo","Future",2021-04-07,"cumulative_cases",183325,183039,182873,184387,184256,185790,186122,186552
"Idaho","linear_increase_sd","Future",2021-04-07,"cumulative_deaths",2310,2307,2303,2324,2323,2338,2342,2346
"Idaho","return_normal","Future",2021-04-07,"cumulative_deaths",2320,2313,2312,2336,2336,2356,2363,2370
"Idaho","status_quo","Future",2021-04-07,"cumulative_deaths",2315,2312,2305,2330,2330,2345,2349,2350
"Idaho","linear_increase_sd","Future",2021-04-07,"cumulative_hosps",21641,21638,21630,21675,21676,21701,21711,21714
"Idaho","return_normal","Future",2021-04-07,"cumulative_hosps",22048,22042,22029,22081,22078,22118,22134,22136
"Idaho","status_quo","Future",2021-04-07,"cumulative_hosps",21862,21849,21847,21902,21897,21948,21952,21956
"Idaho","linear_increase_sd","Future",2021-04-07,"daily_all_infections",19,17,15,25,25,31,34,36
"Idaho","return_normal","Future",2021-04-07,"daily_all_infections",1541,1518,1500,1619,1622,1693,1726,1729
"Idaho","status_quo","Future",2021-04-07,"daily_all_infections",530,517,515,572,569,619,631,647
"Idaho","linear_increase_sd","Future",2021-04-07,"daily_cases",3,2,2,20,14,42,53,59
"Idaho","return_normal","Future",2021-04-07,"daily_cases",105,74,59,534,413,1118,1491,1634
"Idaho","status_quo","Future",2021-04-07,"daily_cases",36,21,17,198,143,423,501,593
"Idaho","linear_increase_sd","Future",2021-04-07,"daily_deaths",0,0,0,1,0,2,3,4
"Idaho","return_normal","Future",2021-04-07,"daily_deaths",0,0,0,3,1,6,10,14
"Idaho","status_quo","Future",2021-04-07,"daily_deaths",0,0,0,2,1,5,6,7
"Idaho","linear_increase_sd","Future",2021-04-07,"daily_hosps",3,2,1,6,5,8,9,11
"Idaho","return_normal","Future",2021-04-07,"daily_hosps",40,38,37,50,49,59,63,67
"Idaho","status_quo","Future",2021-04-07,"daily_hosps",19,18,17,28,28,35,37,38
"Idaho","linear_increase_sd","Future",2021-04-07,"latent_trend",NA,NA,NA,0.642414046701729,NA,NA,NA,NA
"Idaho","return_normal","Future",2021-04-07,"latent_trend",NA,NA,NA,0.642414046701729,NA,NA,NA,NA
"Idaho","status_quo","Future",2021-04-07,"latent_trend",NA,NA,NA,0.642414046701729,NA,NA,NA,NA
"Idaho","linear_increase_sd","Future",2021-04-07,"mobility_trend",NA,NA,NA,0.3,NA,NA,NA,NA
"Idaho","return_normal","Future",2021-04-07,"mobility_trend",NA,NA,NA,1,NA,NA,NA,NA
"Idaho","status_quo","Future",2021-04-07,"mobility_trend",NA,NA,NA,0.76308086989493,NA,NA,NA,NA
"Idaho","linear_increase_sd","Future",2021-04-08,"combined_trend",NA,NA,NA,0.192724214010519,NA,NA,NA,NA
"Idaho","return_normal","Future",2021-04-08,"combined_trend",NA,NA,NA,0.642414046701729,NA,NA,NA,NA
"Idaho","status_quo","Future",2021-04-08,"combined_trend",NA,NA,NA,0.490213869589878,NA,NA,NA,NA
"Idaho","linear_increase_sd","Future",2021-04-08,"cumulative_all_infections",493411,493370,493306,493595,493600,493761,493868,493899
"Idaho","return_normal","Future",2021-04-08,"cumulative_all_infections",517983,517627,517485,518824,518792,519801,520271,520457
"Idaho","status_quo","Future",2021-04-08,"cumulative_all_infections",504441,504265,504096,505079,505046,505737,506077,506194
"Idaho","linear_increase_sd","Future",2021-04-08,"cumulative_cases",180664,180500,180373,181495,181483,182299,182522,182687
"Idaho","return_normal","Future",2021-04-08,"cumulative_cases",186383,185910,185387,188078,187950,189846,190335,190603
"Idaho","status_quo","Future",2021-04-08,"cumulative_cases",183434,183366,183006,184585,184457,185879,186367,186685
"Idaho","linear_increase_sd","Future",2021-04-08,"cumulative_deaths",2310,2307,2303,2324,2324,2338,2343,2346
"Idaho","return_normal","Future",2021-04-08,"cumulative_deaths",2321,2316,2313,2339,2339,2357,2367,2373
"Idaho","status_quo","Future",2021-04-08,"cumulative_deaths",2317,2312,2305,2332,2331,2349,2352,2354
"Idaho","linear_increase_sd","Future",2021-04-08,"cumulative_hosps",21648,21641,21635,21680,21681,21706,21716,21717
"Idaho","return_normal","Future",2021-04-08,"cumulative_hosps",22101,22090,22075,22133,22127,22170,22181,22199
"Idaho","status_quo","Future",2021-04-08,"cumulative_hosps",21887,21878,21872,21930,21926,21975,21982,21984
"Idaho","linear_increase_sd","Future",2021-04-08,"daily_all_infections",17,14,12,23,23,30,31,32
"Idaho","return_normal","Future",2021-04-08,"daily_all_infections",1607,1585,1560,1680,1682,1743,1770,1785
"Idaho","status_quo","Future",2021-04-08,"daily_all_infections",528,520,496,571,573,604,613,630
"Idaho","linear_increase_sd","Future",2021-04-08,"daily_cases",4,3,1,18,15,33,41,46
"Idaho","return_normal","Future",2021-04-08,"daily_cases",175,77,57,580,443,1174,1464,1605
"Idaho","status_quo","Future",2021-04-08,"daily_cases",35,25,15,198,160,400,445,598
"Idaho","linear_increase_sd","Future",2021-04-08,"daily_deaths",0,0,0,1,0,2,3,4
"Idaho","return_normal","Future",2021-04-08,"daily_deaths",0,0,0,3,1,6,9,9
"Idaho","status_quo","Future",2021-04-08,"daily_deaths",0,0,0,2,0,4,8,10
"Idaho","linear_increase_sd","Future",2021-04-08,"daily_hosps",2,2,1,5,5,8,9,10
"Idaho","return_normal","Future",2021-04-08,"daily_hosps",41,37,36,52,53,62,65,66
"Idaho","status_quo","Future",2021-04-08,"daily_hosps",21,19,18,29,28,36,37,39
"Idaho","linear_increase_sd","Future",2021-04-08,"latent_trend",NA,NA,NA,0.642414046701729,NA,NA,NA,NA
"Idaho","return_normal","Future",2021-04-08,"latent_trend",NA,NA,NA,0.642414046701729,NA,NA,NA,NA
"Idaho","status_quo","Future",2021-04-08,"latent_trend",NA,NA,NA,0.642414046701729,NA,NA,NA,NA
"Idaho","linear_increase_sd","Future",2021-04-08,"mobility_trend",NA,NA,NA,0.3,NA,NA,NA,NA
"Idaho","return_normal","Future",2021-04-08,"mobility_trend",NA,NA,NA,1,NA,NA,NA,NA
"Idaho","status_quo","Future",2021-04-08,"mobility_trend",NA,NA,NA,0.76308086989493,NA,NA,NA,NA
"Idaho","linear_increase_sd","Future",2021-04-09,"combined_trend",NA,NA,NA,0.192724214010519,NA,NA,NA,NA
"Idaho","return_normal","Future",2021-04-09,"combined_trend",NA,NA,NA,0.642414046701729,NA,NA,NA,NA
"Idaho","status_quo","Future",2021-04-09,"combined_trend",NA,NA,NA,0.490213869589878,NA,NA,NA,NA
"Idaho","linear_increase_sd","Future",2021-04-09,"cumulative_all_infections",493427,493389,493327,493614,493616,493783,493891,493919
"Idaho","return_normal","Future",2021-04-09,"cumulative_all_infections",519673,519314,519135,520560,520486,521612,522084,522343
"Idaho","status_quo","Future",2021-04-09,"cumulative_all_infections",505007,504803,504624,505647,505592,506335,506725,506818
"Idaho","linear_increase_sd","Future",2021-04-09,"cumulative_cases",180680,180521,180385,181511,181495,182315,182528,182694
"Idaho","return_normal","Future",2021-04-09,"cumulative_cases",186751,186481,186067,188607,188786,190481,190701,191649
"Idaho","status_quo","Future",2021-04-09,"cumulative_cases",183589,183426,183244,184781,184700,185977,186608,186866
"Idaho","linear_increase_sd","Future",2021-04-09,"cumulative_deaths",2311,2307,2303,2325,2324,2338,2343,2346
"Idaho","return_normal","Future",2021-04-09,"cumulative_deaths",2322,2318,2316,2341,2341,2359,2369,2378
"Idaho","status_quo","Future",2021-04-09,"cumulative_deaths",2317,2313,2306,2333,2333,2349,2354,2356
"Idaho","linear_increase_sd","Future",2021-04-09,"cumulative_hosps",21652,21643,21641,21684,21685,21710,21720,21721
"Idaho","return_normal","Future",2021-04-09,"cumulative_hosps",22153,22140,22124,22187,22183,22223,22237,22258
"Idaho","status_quo","Future",2021-04-09,"cumulative_hosps",21914,21905,21895,21956,21954,22001,22008,22013
"Idaho","linear_increase_sd","Future",2021-04-09,"daily_all_infections",14,12,11,20,20,25,27,29
"Idaho","return_normal","Future",2021-04-09,"daily_all_infections",1648,1633,1621,1737,1734,1822,1838,1848
"Idaho","status_quo","Future",2021-04-09,"daily_all_infections",529,519,513,569,569,617,627,634
"Idaho","linear_increase_sd","Future",2021-04-09,"daily_cases",2,1,0,17,13,35,40,57
"Idaho","return_normal","Future",2021-04-09,"daily_cases",131,86,58,529,450,997,1127,1174
"Idaho","status_quo","Future",2021-04-09,"daily_cases",37,29,23,197,157,398,514,563
"Idaho","linear_increase_sd","Future",2021-04-09,"daily_deaths",0,0,0,1,0,3,4,6
"Idaho","return_normal","Future",2021-04-09,"daily_deaths",0,0,0,3,1,7,9,12
"Idaho","status_quo","Future",2021-04-09,"daily_deaths",0,0,0,2,1,4,5,7
"Idaho","linear_increase_sd","Future",2021-04-09,"daily_hosps",1,1,1,4,4,6,7,8
"Idaho","return_normal","Future",2021-04-09,"daily_hosps",45,41,39,54,54,64,66,69
"Idaho","status_quo","Future",2021-04-09,"daily_hosps",21,19,18,27,26,33,35,37
"Idaho","linear_increase_sd","Future",2021-04-09,"latent_trend",NA,NA,NA,0.642414046701729,NA,NA,NA,NA
"Idaho","return_normal","Future",2021-04-09,"latent_trend",NA,NA,NA,0.642414046701729,NA,NA,NA,NA
"Idaho","status_quo","Future",2021-04-09,"latent_trend",NA,NA,NA,0.642414046701729,NA,NA,NA,NA
"Idaho","linear_increase_sd","Future",2021-04-09,"mobility_trend",NA,NA,NA,0.3,NA,NA,NA,NA
"Idaho","return_normal","Future",2021-04-09,"mobility_trend",NA,NA,NA,1,NA,NA,NA,NA
"Idaho","status_quo","Future",2021-04-09,"mobility_trend",NA,NA,NA,0.76308086989493,NA,NA,NA,NA
"Idaho","linear_increase_sd","Future",2021-04-10,"combined_trend",NA,NA,NA,0.192724214010519,NA,NA,NA,NA
"Idaho","return_normal","Future",2021-04-10,"combined_trend",NA,NA,NA,0.642414046701729,NA,NA,NA,NA
"Idaho","status_quo","Future",2021-04-10,"combined_trend",NA,NA,NA,0.490213869589878,NA,NA,NA,NA
"Idaho","linear_increase_sd","Future",2021-04-10,"cumulative_all_infections",493444,493408,493343,493632,493635,493801,493914,493940
"Idaho","return_normal","Future",2021-04-10,"cumulative_all_infections",521421,521059,520907,522371,522320,523510,523979,524280
"Idaho","status_quo","Future",2021-04-10,"cumulative_all_infections",505534,505344,505164,506213,506173,506894,507350,507451
"Idaho","linear_increase_sd","Future",2021-04-10,"cumulative_cases",180694,180537,180392,181525,181498,182380,182547,182706
"Idaho","return_normal","Future",2021-04-10,"cumulative_cases",187165,186853,186689,189147,189274,191139,191662,192097
"Idaho","status_quo","Future",2021-04-10,"cumulative_cases",183752,183534,183374,185027,185054,186310,186742,187309
"Idaho","linear_increase_sd","Future",2021-04-10,"cumulative_deaths",2311,2307,2303,2325,2324,2339,2343,2347
"Idaho","return_normal","Future",2021-04-10,"cumulative_deaths",2324,2320,2317,2344,2344,2360,2372,2383
"Idaho","status_quo","Future",2021-04-10,"cumulative_deaths",2319,2314,2306,2335,2334,2352,2358,2361
"Idaho","linear_increase_sd","Future",2021-04-10,"cumulative_hosps",21657,21648,21645,21687,21688,21714,21724,21725
"Idaho","return_normal","Future",2021-04-10,"cumulative_hosps",22208,22186,22176,22242,22239,22285,22296,22311
"Idaho","status_quo","Future",2021-04-10,"cumulative_hosps",21945,21929,21921,21982,21981,22029,22036,22039
"Idaho","linear_increase_sd","Future",2021-04-10,"daily_all_infections",12,12,9,18,17,23,25,26
"Idaho","return_normal","Future",2021-04-10,"daily_all_infections",1737,1716,1680,1812,1803,1904,1928,1953
"Idaho","status_quo","Future",2021-04-10,"daily_all_infections",520,506,497,566,558,617,635,639
"Idaho","linear_increase_sd","Future",2021-04-10,"daily_cases",2,2,1,14,12,27,32,41
"Idaho","return_normal","Future",2021-04-10,"daily_cases",107,53,26,540,449,1128,1315,1440
"Idaho","status_quo","Future",2021-04-10,"daily_cases",65,46,32,246,200,487,671,785
"Idaho","linear_increase_sd","Future",2021-04-10,"daily_deaths",0,0,0,1,0,2,3,3
"Idaho","return_normal","Future",2021-04-10,"daily_deaths",0,0,0,3,2,6,9,11
"Idaho","status_quo","Future",2021-04-10,"daily_deaths",0,0,0,3,1,5,9,11
"Idaho","linear_increase_sd","Future",2021-04-10,"daily_hosps",1,1,1,4,4,6,7,8
"Idaho","return_normal","Future",2021-04-10,"daily_hosps",46,45,41,56,56,66,70,71
"Idaho","status_quo","Future",2021-04-10,"daily_hosps",19,17,16,26,26,33,36,38
"Idaho","linear_increase_sd","Future",2021-04-10,"latent_trend",NA,NA,NA,0.642414046701729,NA,NA,NA,NA
"Idaho","return_normal","Future",2021-04-10,"latent_trend",NA,NA,NA,0.642414046701729,NA,NA,NA,NA
"Idaho","status_quo","Future",2021-04-10,"latent_trend",NA,NA,NA,0.642414046701729,NA,NA,NA,NA
"Idaho","linear_increase_sd","Future",2021-04-10,"mobility_trend",NA,NA,NA,0.3,NA,NA,NA,NA
"Idaho","return_normal","Future",2021-04-10,"mobility_trend",NA,NA,NA,1,NA,NA,NA,NA
"Idaho","status_quo","Future",2021-04-10,"mobility_trend",NA,NA,NA,0.76308086989493,NA,NA,NA,NA
"Idaho","linear_increase_sd","Future",2021-04-11,"combined_trend",NA,NA,NA,0.192724214010519,NA,NA,NA,NA
"Idaho","return_normal","Future",2021-04-11,"combined_trend",NA,NA,NA,0.642414046701729,NA,NA,NA,NA
"Idaho","status_quo","Future",2021-04-11,"combined_trend",NA,NA,NA,0.490213869589878,NA,NA,NA,NA
"Idaho","linear_increase_sd","Future",2021-04-11,"cumulative_all_infections",493462,493417,493360,493648,493650,493822,493935,493954
"Idaho","return_normal","Future",2021-04-11,"cumulative_all_infections",523289,522885,522681,524240,524191,525422,525920,526253
"Idaho","status_quo","Future",2021-04-11,"cumulative_all_infections",506078,505880,505697,506781,506737,507477,507978,508081
"Idaho","linear_increase_sd","Future",2021-04-11,"cumulative_cases",180697,180549,180399,181538,181505,182398,182549,182727
"Idaho","return_normal","Future",2021-04-11,"cumulative_cases",187635,187144,187018,189707,189695,191867,192391,193069
"Idaho","status_quo","Future",2021-04-11,"cumulative_cases",183935,183765,183483,185220,185264,186466,186816,187366
"Idaho","linear_increase_sd","Future",2021-04-11,"cumulative_deaths",2312,2307,2303,2326,2325,2339,2344,2348
"Idaho","return_normal","Future",2021-04-11,"cumulative_deaths",2330,2325,2318,2347,2346,2363,2373,2389
"Idaho","status_quo","Future",2021-04-11,"cumulative_deaths",2320,2318,2308,2337,2337,2354,2359,2361
"Idaho","linear_increase_sd","Future",2021-04-11,"cumulative_hosps",21660,21654,21648,21690,21691,21718,21727,21728
"Idaho","return_normal","Future",2021-04-11,"cumulative_hosps",22262,22247,22233,22302,22297,22341,22357,22373
"Idaho","status_quo","Future",2021-04-11,"cumulative_hosps",21970,21950,21942,22009,22007,22056,22066,22074
"Idaho","linear_increase_sd","Future",2021-04-11,"daily_all_infections",10,10,9,16,15,22,23,24
"Idaho","return_normal","Future",2021-04-11,"daily_all_infections",1801,1758,1736,1869,1873,1953,1989,2013
"Idaho","status_quo","Future",2021-04-11,"daily_all_infections",525,515,509,569,564,623,629,639
"Idaho","linear_increase_sd","Future",2021-04-11,"daily_cases",2,1,0,13,10,25,35,38
"Idaho","return_normal","Future",2021-04-11,"daily_cases",175,126,90,561,438,1063,1329,1820
"Idaho","status_quo","Future",2021-04-11,"daily_cases",44,28,24,194,149,374,548,682
"Idaho","linear_increase_sd","Future",2021-04-11,"daily_deaths",0,0,0,1,0,2,3,5
"Idaho","return_normal","Future",2021-04-11,"daily_deaths",0,0,0,3,2,7,9,12
"Idaho","status_quo","Future",2021-04-11,"daily_deaths",0,0,0,2,1,5,8,9
"Idaho","linear_increase_sd","Future",2021-04-11,"daily_hosps",1,1,1,4,3,5,6,8
"Idaho","return_normal","Future",2021-04-11,"daily_hosps",49,45,44,60,59,71,75,77
"Idaho","status_quo","Future",2021-04-11,"daily_hosps",20,19,18,27,26,34,38,40
"Idaho","linear_increase_sd","Future",2021-04-11,"latent_trend",NA,NA,NA,0.642414046701729,NA,NA,NA,NA
"Idaho","return_normal","Future",2021-04-11,"latent_trend",NA,NA,NA,0.642414046701729,NA,NA,NA,NA
"Idaho","status_quo","Future",2021-04-11,"latent_trend",NA,NA,NA,0.642414046701729,NA,NA,NA,NA
"Idaho","linear_increase_sd","Future",2021-04-11,"mobility_trend",NA,NA,NA,0.3,NA,NA,NA,NA
"Idaho","return_normal","Future",2021-04-11,"mobility_trend",NA,NA,NA,1,NA,NA,NA,NA
"Idaho","status_quo","Future",2021-04-11,"mobility_trend",NA,NA,NA,0.76308086989493,NA,NA,NA,NA
"Idaho","linear_increase_sd","Future",2021-04-12,"combined_trend",NA,NA,NA,0.192724214010519,NA,NA,NA,NA
"Idaho","return_normal","Future",2021-04-12,"combined_trend",NA,NA,NA,0.642414046701729,NA,NA,NA,NA
"Idaho","status_quo","Future",2021-04-12,"combined_trend",NA,NA,NA,0.490213869589878,NA,NA,NA,NA
"Idaho","linear_increase_sd","Future",2021-04-12,"cumulative_all_infections",493479,493430,493382,493662,493666,493841,493950,493966
"Idaho","return_normal","Future",2021-04-12,"cumulative_all_infections",525140,524779,524508,526174,526149,527425,527901,528244
"Idaho","status_quo","Future",2021-04-12,"cumulative_all_infections",506606,506420,506235,507344,507288,508077,508572,508681
"Idaho","linear_increase_sd","Future",2021-04-12,"cumulative_cases",180702,180555,180411,181549,181514,182400,182553,182750
"Idaho","return_normal","Future",2021-04-12,"cumulative_cases",187991,187461,187189,190270,190250,192635,194063,194381
"Idaho","status_quo","Future",2021-04-12,"cumulative_cases",184130,183971,183844,185427,185410,186687,187036,187476
"Idaho","linear_increase_sd","Future",2021-04-12,"cumulative_deaths",2312,2307,2303,2326,2326,2339,2344,2349
"Idaho","return_normal","Future",2021-04-12,"cumulative_deaths",2331,2326,2320,2349,2349,2367,2375,2394
"Idaho","status_quo","Future",2021-04-12,"cumulative_deaths",2320,2318,2309,2338,2338,2356,2363,2364
"Idaho","linear_increase_sd","Future",2021-04-12,"cumulative_hosps",21662,21656,21650,21693,21693,21720,21731,21734
"Idaho","return_normal","Future",2021-04-12,"cumulative_hosps",22317,22310,22294,22361,22358,22403,22417,22443
"Idaho","status_quo","Future",2021-04-12,"cumulative_hosps",21991,21986,21969,22035,22034,22083,22090,22098
"Idaho","linear_increase_sd","Future",2021-04-12,"daily_all_infections",9,8,7,15,14,19,20,23
"Idaho","return_normal","Future",2021-04-12,"daily_all_infections",1852,1830,1808,1935,1935,2021,2051,2064
"Idaho","status_quo","Future",2021-04-12,"daily_all_infections",526,507,501,564,563,603,613,616
"Idaho","linear_increase_sd","Future",2021-04-12,"daily_cases",1,1,0,12,7,29,35,43
"Idaho","return_normal","Future",2021-04-12,"daily_cases",162,81,74,564,440,965,1363,1830
"Idaho","status_quo","Future",2021-04-12,"daily_cases",73,42,24,208,168,428,486,521
"Idaho","linear_increase_sd","Future",2021-04-12,"daily_deaths",0,0,0,1,0,1,2,3
"Idaho","return_normal","Future",2021-04-12,"daily_deaths",0,0,0,3,2,8,9,12
"Idaho","status_quo","Future",2021-04-12,"daily_deaths",0,0,0,2,1,4,7,8
"Idaho","linear_increase_sd","Future",2021-04-12,"daily_hosps",1,1,0,3,3,5,6,7
"Idaho","return_normal","Future",2021-04-12,"daily_hosps",51,48,47,60,59,70,73,75
"Idaho","status_quo","Future",2021-04-12,"daily_hosps",21,19,19,27,26,34,35,36
"Idaho","linear_increase_sd","Future",2021-04-12,"latent_trend",NA,NA,NA,0.642414046701729,NA,NA,NA,NA
"Idaho","return_normal","Future",2021-04-12,"latent_trend",NA,NA,NA,0.642414046701729,NA,NA,NA,NA
"Idaho","status_quo","Future",2021-04-12,"latent_trend",NA,NA,NA,0.642414046701729,NA,NA,NA,NA
"Idaho","linear_increase_sd","Future",2021-04-12,"mobility_trend",NA,NA,NA,0.3,NA,NA,NA,NA
"Idaho","return_normal","Future",2021-04-12,"mobility_trend",NA,NA,NA,1,NA,NA,NA,NA
"Idaho","status_quo","Future",2021-04-12,"mobility_trend",NA,NA,NA,0.76308086989493,NA,NA,NA,NA
"Idaho","linear_increase_sd","Future",2021-04-13,"combined_trend",NA,NA,NA,0.192724214010519,NA,NA,NA,NA
"Idaho","return_normal","Future",2021-04-13,"combined_trend",NA,NA,NA,0.642414046701729,NA,NA,NA,NA
"Idaho","status_quo","Future",2021-04-13,"combined_trend",NA,NA,NA,0.490213869589878,NA,NA,NA,NA
"Idaho","linear_increase_sd","Future",2021-04-13,"cumulative_all_infections",493488,493443,493397,493674,493678,493860,493963,493974
"Idaho","return_normal","Future",2021-04-13,"cumulative_all_infections",527043,526642,526437,528173,528139,529457,529996,530382
"Idaho","status_quo","Future",2021-04-13,"cumulative_all_infections",507169,506935,506777,507906,507851,508653,509155,509288
"Idaho","linear_increase_sd","Future",2021-04-13,"cumulative_cases",180712,180556,180424,181559,181518,182406,182559,182758
"Idaho","return_normal","Future",2021-04-13,"cumulative_cases",188644,187821,187480,190828,190712,193319,194226,195018
"Idaho","status_quo","Future",2021-04-13,"cumulative_cases",184359,184228,184096,185673,185707,187059,187339,187606
"Idaho","linear_increase_sd","Future",2021-04-13,"cumulative_deaths",2312,2307,2303,2326,2326,2340,2344,2349
"Idaho","return_normal","Future",2021-04-13,"cumulative_deaths",2334,2328,2325,2353,2351,2371,2379,2395
"Idaho","status_quo","Future",2021-04-13,"cumulative_deaths",2322,2320,2311,2340,2340,2359,2365,2367
"Idaho","linear_increase_sd","Future",2021-04-13,"cumulative_hosps",21664,21659,21652,21695,21695,21724,21733,21736
"Idaho","return_normal","Future",2021-04-13,"cumulative_hosps",22375,22362,22352,22424,22423,22469,22486,22510
"Idaho","status_quo","Future",2021-04-13,"cumulative_hosps",22021,22010,21991,22062,22060,22109,22119,22120
"Idaho","linear_increase_sd","Future",2021-04-13,"daily_all_infections",7,6,6,13,13,18,19,20
"Idaho","return_normal","Future",2021-04-13,"daily_all_infections",1918,1896,1879,2000,1997,2074,2096,2116
"Idaho","status_quo","Future",2021-04-13,"daily_all_infections",520,515,508,562,561,601,608,612
"Idaho","linear_increase_sd","Future",2021-04-13,"daily_cases",1,0,0,10,8,21,24,28
"Idaho","return_normal","Future",2021-04-13,"daily_cases",114,91,77,558,479,1109,1362,1484
"Idaho","status_quo","Future",2021-04-13,"daily_cases",63,43,33,246,224,471,599,717
"Idaho","linear_increase_sd","Future",2021-04-13,"daily_deaths",0,0,0,1,0,1,2,3
"Idaho","return_normal","Future",2021-04-13,"daily_deaths",0,0,0,4,2,7,11,13
"Idaho","status_quo","Future",2021-04-13,"daily_deaths",0,0,0,3,1,5,7,10
"Idaho","linear_increase_sd","Future",2021-04-13,"daily_hosps",1,0,0,3,2,5,5,6
"Idaho","return_normal","Future",2021-04-13,"daily_hosps",51,48,46,63,62,72,76,78
"Idaho","status_quo","Future",2021-04-13,"daily_hosps",21,19,18,27,26,34,38,39
"Idaho","linear_increase_sd","Future",2021-04-13,"latent_trend",NA,NA,NA,0.642414046701729,NA,NA,NA,NA
"Idaho","return_normal","Future",2021-04-13,"latent_trend",NA,NA,NA,0.642414046701729,NA,NA,NA,NA
"Idaho","status_quo","Future",2021-04-13,"latent_trend",NA,NA,NA,0.642414046701729,NA,NA,NA,NA
"Idaho","linear_increase_sd","Future",2021-04-13,"mobility_trend",NA,NA,NA,0.3,NA,NA,NA,NA
"Idaho","return_normal","Future",2021-04-13,"mobility_trend",NA,NA,NA,1,NA,NA,NA,NA
"Idaho","status_quo","Future",2021-04-13,"mobility_trend",NA,NA,NA,0.76308086989493,NA,NA,NA,NA
"Idaho","linear_increase_sd","Future",2021-04-14,"combined_trend",NA,NA,NA,0.192724214010519,NA,NA,NA,NA
"Idaho","return_normal","Future",2021-04-14,"combined_trend",NA,NA,NA,0.642414046701729,NA,NA,NA,NA
"Idaho","status_quo","Future",2021-04-14,"combined_trend",NA,NA,NA,0.490213869589878,NA,NA,NA,NA
"Idaho","linear_increase_sd","Future",2021-04-14,"cumulative_all_infections",493499,493451,493407,493686,493692,493872,493974,493987
"Idaho","return_normal","Future",2021-04-14,"cumulative_all_infections",529039,528628,528334,530247,530240,531636,532158,532591
"Idaho","status_quo","Future",2021-04-14,"cumulative_all_infections",507739,507488,507293,508468,508394,509252,509788,509920
"Idaho","linear_increase_sd","Future",2021-04-14,"cumulative_cases",180714,180562,180434,181568,181523,182407,182575,182767
"Idaho","return_normal","Future",2021-04-14,"cumulative_cases",188996,188394,187723,191448,191414,193813,194822,195297
"Idaho","status_quo","Future",2021-04-14,"cumulative_cases",184623,184430,184325,185863,185814,187415,187584,187859
"Idaho","linear_increase_sd","Future",2021-04-14,"cumulative_deaths",2312,2307,2303,2327,2326,2342,2345,2349
"Idaho","return_normal","Future",2021-04-14,"cumulative_deaths",2335,2330,2329,2356,2355,2378,2381,2399
"Idaho","status_quo","Future",2021-04-14,"cumulative_deaths",2323,2320,2312,2342,2342,2362,2366,2369
"Idaho","linear_increase_sd","Future",2021-04-14,"cumulative_hosps",21666,21660,21655,21698,21698,21726,21735,21739
"Idaho","return_normal","Future",2021-04-14,"cumulative_hosps",22439,22417,22411,22489,22488,22538,22559,22575
"Idaho","status_quo","Future",2021-04-14,"cumulative_hosps",22050,22032,22018,22088,22087,22136,22143,22153
"Idaho","linear_increase_sd","Future",2021-04-14,"daily_all_infections",7,6,5,12,11,16,17,20
"Idaho","return_normal","Future",2021-04-14,"daily_all_infections",1979,1947,1935,2074,2072,2178,2205,2220
"Idaho","status_quo","Future",2021-04-14,"daily_all_infections",526,522,506,562,558,601,612,619
"Idaho","linear_increase_sd","Future",2021-04-14,"daily_cases",1,0,0,9,6,22,26,28
"Idaho","return_normal","Future",2021-04-14,"daily_cases",135,92,60,620,438,1350,1887,2063
"Idaho","status_quo","Future",2021-04-14,"daily_cases",37,27,18,190,154,379,444,541
"Idaho","linear_increase_sd","Future",2021-04-14,"daily_deaths",0,0,0,1,0,1,2,3
"Idaho","return_normal","Future",2021-04-14,"daily_deaths",0,0,0,4,2,10,15,17
"Idaho","status_quo","Future",2021-04-14,"daily_deaths",0,0,0,2,1,5,6,9
"Idaho","linear_increase_sd","Future",2021-04-14,"daily_hosps",1,0,0,3,2,5,6,6
"Idaho","return_normal","Future",2021-04-14,"daily_hosps",55,53,52,66,66,76,79,80
"Idaho","status_quo","Future",2021-04-14,"daily_hosps",20,18,16,27,26,33,34,36
"Idaho","linear_increase_sd","Future",2021-04-14,"latent_trend",NA,NA,NA,0.642414046701729,NA,NA,NA,NA
"Idaho","return_normal","Future",2021-04-14,"latent_trend",NA,NA,NA,0.642414046701729,NA,NA,NA,NA
"Idaho","status_quo","Future",2021-04-14,"latent_trend",NA,NA,NA,0.642414046701729,NA,NA,NA,NA
"Idaho","linear_increase_sd","Future",2021-04-14,"mobility_trend",NA,NA,NA,0.3,NA,NA,NA,NA
"Idaho","return_normal","Future",2021-04-14,"mobility_trend",NA,NA,NA,1,NA,NA,NA,NA
"Idaho","status_quo","Future",2021-04-14,"mobility_trend",NA,NA,NA,0.76308086989493,NA,NA,NA,NA
"Idaho","linear_increase_sd","Future",2021-04-15,"combined_trend",NA,NA,NA,0.192724214010519,NA,NA,NA,NA
"Idaho","return_normal","Future",2021-04-15,"combined_trend",NA,NA,NA,0.642414046701729,NA,NA,NA,NA
"Idaho","status_quo","Future",2021-04-15,"combined_trend",NA,NA,NA,0.490213869589878,NA,NA,NA,NA
"Idaho","linear_increase_sd","Future",2021-04-15,"cumulative_all_infections",493512,493456,493415,493696,493702,493888,493976,493994
"Idaho","return_normal","Future",2021-04-15,"cumulative_all_infections",531040,530652,530351,532385,532403,533822,534406,534854
"Idaho","status_quo","Future",2021-04-15,"cumulative_all_infections",508297,508014,507809,509029,508957,509867,510408,510520
"Idaho","linear_increase_sd","Future",2021-04-15,"cumulative_cases",180715,180583,180443,181576,181529,182410,182600,182776
"Idaho","return_normal","Future",2021-04-15,"cumulative_cases",189707,188733,188446,192069,191804,194758,195711,196003
"Idaho","status_quo","Future",2021-04-15,"cumulative_cases",184670,184517,184425,186095,186107,187531,187822,188365
"Idaho","linear_increase_sd","Future",2021-04-15,"cumulative_deaths",2312,2307,2303,2327,2327,2342,2345,2349
"Idaho","return_normal","Future",2021-04-15,"cumulative_deaths",2338,2335,2332,2360,2360,2381,2386,2402
"Idaho","status_quo","Future",2021-04-15,"cumulative_deaths",2326,2320,2313,2343,2343,2362,2367,2370
"Idaho","linear_increase_sd","Future",2021-04-15,"cumulative_hosps",21670,21663,21657,21700,21700,21728,21738,21742
"Idaho","return_normal","Future",2021-04-15,"cumulative_hosps",22499,22485,22472,22556,22558,22606,22628,22640
"Idaho","status_quo","Future",2021-04-15,"cumulative_hosps",22073,22061,22047,22115,22114,22159,22174,22179
"Idaho","linear_increase_sd","Future",2021-04-15,"daily_all_infections",6,5,4,11,10,16,18,19
"Idaho","return_normal","Future",2021-04-15,"daily_all_infections",2038,2016,1989,2138,2144,2217,2256,2294
"Idaho","status_quo","Future",2021-04-15,"daily_all_infections",516,504,490,562,561,609,623,642
"Idaho","linear_increase_sd","Future",2021-04-15,"daily_cases",1,0,0,9,6,21,27,31
"Idaho","return_normal","Future",2021-04-15,"daily_cases",167,65,53,622,530,1215,1557,1629
"Idaho","status_quo","Future",2021-04-15,"daily_cases",39,27,13,233,182,503,655,733
"Idaho","linear_increase_sd","Future",2021-04-15,"daily_deaths",0,0,0,1,0,1,2,3
"Idaho","return_normal","Future",2021-04-15,"daily_deaths",0,0,0,4,2,9,14,14
"Idaho","status_quo","Future",2021-04-15,"daily_deaths",0,0,0,2,0,5,7,8
"Idaho","linear_increase_sd","Future",2021-04-15,"daily_hosps",0,0,0,3,2,4,5,5
"Idaho","return_normal","Future",2021-04-15,"daily_hosps",56,56,53,67,66,79,81,82
"Idaho","status_quo","Future",2021-04-15,"daily_hosps",21,19,18,27,27,33,36,37
"Idaho","linear_increase_sd","Future",2021-04-15,"latent_trend",NA,NA,NA,0.642414046701729,NA,NA,NA,NA
"Idaho","return_normal","Future",2021-04-15,"latent_trend",NA,NA,NA,0.642414046701729,NA,NA,NA,NA
"Idaho","status_quo","Future",2021-04-15,"latent_trend",NA,NA,NA,0.642414046701729,NA,NA,NA,NA
"Idaho","linear_increase_sd","Future",2021-04-15,"mobility_trend",NA,NA,NA,0.3,NA,NA,NA,NA
"Idaho","return_normal","Future",2021-04-15,"mobility_trend",NA,NA,NA,1,NA,NA,NA,NA
"Idaho","status_quo","Future",2021-04-15,"mobility_trend",NA,NA,NA,0.76308086989493,NA,NA,NA,NA
"Idaho","linear_increase_sd","Future",2021-04-16,"combined_trend",NA,NA,NA,0.192724214010519,NA,NA,NA,NA
"Idaho","return_normal","Future",2021-04-16,"combined_trend",NA,NA,NA,0.642414046701729,NA,NA,NA,NA
"Idaho","status_quo","Future",2021-04-16,"combined_trend",NA,NA,NA,0.490213869589878,NA,NA,NA,NA
"Idaho","linear_increase_sd","Future",2021-04-16,"cumulative_all_infections",493520,493462,493424,493705,493710,493900,493990,494005
"Idaho","return_normal","Future",2021-04-16,"cumulative_all_infections",533228,532669,532444,534599,534593,536164,536696,537140
"Idaho","status_quo","Future",2021-04-16,"cumulative_all_infections",508830,508548,508336,509590,509495,510469,511006,511126
"Idaho","linear_increase_sd","Future",2021-04-16,"cumulative_cases",180726,180606,180445,181583,181538,182414,182610,182779
"Idaho","return_normal","Future",2021-04-16,"cumulative_cases",190324,189534,189183,192843,192826,195736,196331,197147
"Idaho","status_quo","Future",2021-04-16,"cumulative_cases",184901,184756,184543,186292,186250,187767,188037,188540
"Idaho","linear_increase_sd","Future",2021-04-16,"cumulative_deaths",2312,2308,2305,2327,2327,2342,2345,2349
"Idaho","return_normal","Future",2021-04-16,"cumulative_deaths",2343,2337,2334,2363,2362,2382,2388,2404
"Idaho","status_quo","Future",2021-04-16,"cumulative_deaths",2326,2320,2316,2345,2344,2364,2369,2373
"Idaho","linear_increase_sd","Future",2021-04-16,"cumulative_hosps",21671,21666,21661,21702,21701,21729,21741,21744
"Idaho","return_normal","Future",2021-04-16,"cumulative_hosps",22571,22556,22544,22625,22623,22676,22700,22712
"Idaho","status_quo","Future",2021-04-16,"cumulative_hosps",22094,22088,22069,22141,22138,22192,22201,22210
"Idaho","linear_increase_sd","Future",2021-04-16,"daily_all_infections",6,4,3,10,9,14,16,17
"Idaho","return_normal","Future",2021-04-16,"daily_all_infections",2115,2092,2088,2214,2209,2314,2338,2359
"Idaho","status_quo","Future",2021-04-16,"daily_all_infections",520,509,494,562,561,607,616,625
"Idaho","linear_increase_sd","Future",2021-04-16,"daily_cases",1,0,0,7,5,13,21,25
"Idaho","return_normal","Future",2021-04-16,"daily_cases",184,95,67,775,583,1588,1882,2378
"Idaho","status_quo","Future",2021-04-16,"daily_cases",51,32,17,197,177,394,475,508
"Idaho","linear_increase_sd","Future",2021-04-16,"daily_deaths",0,0,0,1,0,0,2,3
"Idaho","return_normal","Future",2021-04-16,"daily_deaths",0,0,0,4,2,9,13,14
"Idaho","status_quo","Future",2021-04-16,"daily_deaths",0,0,0,2,1,4,5,6
"Idaho","linear_increase_sd","Future",2021-04-16,"daily_hosps",0,0,0,2,2,4,5,6
"Idaho","return_normal","Future",2021-04-16,"daily_hosps",58,56,55,70,70,82,84,85
"Idaho","status_quo","Future",2021-04-16,"daily_hosps",20,18,16,26,25,34,36,38
"Idaho","linear_increase_sd","Future",2021-04-16,"latent_trend",NA,NA,NA,0.642414046701729,NA,NA,NA,NA
"Idaho","return_normal","Future",2021-04-16,"latent_trend",NA,NA,NA,0.642414046701729,NA,NA,NA,NA
"Idaho","status_quo","Future",2021-04-16,"latent_trend",NA,NA,NA,0.642414046701729,NA,NA,NA,NA
"Idaho","linear_increase_sd","Future",2021-04-16,"mobility_trend",NA,NA,NA,0.3,NA,NA,NA,NA
"Idaho","return_normal","Future",2021-04-16,"mobility_trend",NA,NA,NA,1,NA,NA,NA,NA
"Idaho","status_quo","Future",2021-04-16,"mobility_trend",NA,NA,NA,0.76308086989493,NA,NA,NA,NA
"Idaho","linear_increase_sd","Future",2021-04-17,"combined_trend",NA,NA,NA,0.192724214010519,NA,NA,NA,NA
"Idaho","return_normal","Future",2021-04-17,"combined_trend",NA,NA,NA,0.642414046701729,NA,NA,NA,NA
"Idaho","status_quo","Future",2021-04-17,"combined_trend",NA,NA,NA,0.490213869589878,NA,NA,NA,NA
"Idaho","linear_increase_sd","Future",2021-04-17,"cumulative_all_infections",493527,493471,493431,493713,493718,493905,494002,494012
"Idaho","return_normal","Future",2021-04-17,"cumulative_all_infections",535506,534828,534571,536885,536904,538512,539065,539454
"Idaho","status_quo","Future",2021-04-17,"cumulative_all_infections",509336,509036,508874,510147,510052,511065,511620,511709
"Idaho","linear_increase_sd","Future",2021-04-17,"cumulative_cases",180730,180613,180450,181589,181553,182415,182625,182781
"Idaho","return_normal","Future",2021-04-17,"cumulative_cases",190662,190307,189791,193542,193366,196413,197044,198055
"Idaho","status_quo","Future",2021-04-17,"cumulative_cases",185056,184955,184788,186501,186461,187987,188367,188695
"Idaho","linear_increase_sd","Future",2021-04-17,"cumulative_deaths",2312,2308,2306,2327,2327,2342,2345,2349
"Idaho","return_normal","Future",2021-04-17,"cumulative_deaths",2345,2340,2334,2366,2366,2388,2394,2407
"Idaho","status_quo","Future",2021-04-17,"cumulative_deaths",2327,2322,2317,2347,2346,2366,2374,2376
"Idaho","linear_increase_sd","Future",2021-04-17,"cumulative_hosps",21673,21667,21661,21704,21703,21731,21741,21748
"Idaho","return_normal","Future",2021-04-17,"cumulative_hosps",22638,22631,22611,22697,22697,22752,22771,22787
"Idaho","status_quo","Future",2021-04-17,"cumulative_hosps",22122,22115,22098,22168,22164,22218,22228,22236
"Idaho","linear_increase_sd","Future",2021-04-17,"daily_all_infections",5,4,3,8,8,12,13,14
"Idaho","return_normal","Future",2021-04-17,"daily_all_infections",2187,2135,2127,2287,2291,2380,2425,2427
"Idaho","status_quo","Future",2021-04-17,"daily_all_infections",513,501,495,557,553,611,622,637
"Idaho","linear_increase_sd","Future",2021-04-17,"daily_cases",1,0,0,7,5,15,19,22
"Idaho","return_normal","Future",2021-04-17,"daily_cases",117,79,71,699,597,1376,1566,1935
"Idaho","status_quo","Future",2021-04-17,"daily_cases",47,32,26,209,162,423,534,689
"Idaho","linear_increase_sd","Future",2021-04-17,"daily_deaths",0,0,0,1,0,1,3,3
"Idaho","return_normal","Future",2021-04-17,"daily_deaths",0,0,0,4,3,8,10,12
"Idaho","status_quo","Future",2021-04-17,"daily_deaths",0,0,0,3,1,5,8,12
"Idaho","linear_increase_sd","Future",2021-04-17,"daily_hosps",0,0,0,2,1,4,5,5
"Idaho","return_normal","Future",2021-04-17,"daily_hosps",59,56,54,72,72,82,85,86
"Idaho","status_quo","Future",2021-04-17,"daily_hosps",21,20,19,28,27,33,36,38
"Idaho","linear_increase_sd","Future",2021-04-17,"latent_trend",NA,NA,NA,0.642414046701729,NA,NA,NA,NA
"Idaho","return_normal","Future",2021-04-17,"latent_trend",NA,NA,NA,0.642414046701729,NA,NA,NA,NA
"Idaho","status_quo","Future",2021-04-17,"latent_trend",NA,NA,NA,0.642414046701729,NA,NA,NA,NA
"Idaho","linear_increase_sd","Future",2021-04-17,"mobility_trend",NA,NA,NA,0.3,NA,NA,NA,NA
"Idaho","return_normal","Future",2021-04-17,"mobility_trend",NA,NA,NA,1,NA,NA,NA,NA
"Idaho","status_quo","Future",2021-04-17,"mobility_trend",NA,NA,NA,0.76308086989493,NA,NA,NA,NA
"Idaho","linear_increase_sd","Future",2021-04-18,"combined_trend",NA,NA,NA,0.192724214010519,NA,NA,NA,NA
"Idaho","return_normal","Future",2021-04-18,"combined_trend",NA,NA,NA,0.642414046701729,NA,NA,NA,NA
"Idaho","status_quo","Future",2021-04-18,"combined_trend",NA,NA,NA,0.490213869589878,NA,NA,NA,NA
"Idaho","linear_increase_sd","Future",2021-04-18,"cumulative_all_infections",493530,493472,493437,493720,493725,493919,494007,494022
"Idaho","return_normal","Future",2021-04-18,"cumulative_all_infections",537826,537086,536761,539248,539274,540901,541572,541949
"Idaho","status_quo","Future",2021-04-18,"cumulative_all_infections",509831,509553,509381,510703,510620,511605,512217,512337
"Idaho","linear_increase_sd","Future",2021-04-18,"cumulative_cases",180736,180613,180451,181595,181556,182418,182634,182787
"Idaho","return_normal","Future",2021-04-18,"cumulative_cases",191567,190838,190525,194293,194264,197478,197936,198756
"Idaho","status_quo","Future",2021-04-18,"cumulative_cases",185208,185071,184908,186701,186689,188284,188569,188902
"Idaho","linear_increase_sd","Future",2021-04-18,"cumulative_deaths",2312,2311,2307,2328,2327,2342,2346,2349
"Idaho","return_normal","Future",2021-04-18,"cumulative_deaths",2348,2342,2336,2370,2369,2391,2397,2419
"Idaho","status_quo","Future",2021-04-18,"cumulative_deaths",2331,2327,2321,2349,2347,2367,2374,2380
"Idaho","linear_increase_sd","Future",2021-04-18,"cumulative_hosps",21676,21668,21663,21705,21705,21732,21742,21750
"Idaho","return_normal","Future",2021-04-18,"cumulative_hosps",22707,22698,22682,22771,22772,22821,22846,22865
"Idaho","status_quo","Future",2021-04-18,"cumulative_hosps",22147,22138,22124,22194,22190,22245,22256,22261
"Idaho","linear_increase_sd","Future",2021-04-18,"daily_all_infections",3,2,2,8,7,11,12,14
"Idaho","return_normal","Future",2021-04-18,"daily_all_infections",2266,2237,2196,2363,2369,2460,2483,2503
"Idaho","status_quo","Future",2021-04-18,"daily_all_infections",518,501,494,556,549,606,624,640
"Idaho","linear_increase_sd","Future",2021-04-18,"daily_cases",0,0,0,6,3,13,19,23
"Idaho","return_normal","Future",2021-04-18,"daily_cases",146,99,54,752,715,1380,1635,1751
"Idaho","status_quo","Future",2021-04-18,"daily_cases",44,29,27,201,150,413,559,639
"Idaho","linear_increase_sd","Future",2021-04-18,"daily_deaths",0,0,0,1,0,1,2,4
"Idaho","return_normal","Future",2021-04-18,"daily_deaths",0,0,0,4,2,9,12,14
"Idaho","status_quo","Future",2021-04-18,"daily_deaths",0,0,0,2,1,4,6,7
"Idaho","linear_increase_sd","Future",2021-04-18,"daily_hosps",0,0,0,2,1,3,4,4
"Idaho","return_normal","Future",2021-04-18,"daily_hosps",64,62,61,75,75,87,90,94
"Idaho","status_quo","Future",2021-04-18,"daily_hosps",19,17,17,26,26,33,35,37
"Idaho","linear_increase_sd","Future",2021-04-18,"latent_trend",NA,NA,NA,0.642414046701729,NA,NA,NA,NA
"Idaho","return_normal","Future",2021-04-18,"latent_trend",NA,NA,NA,0.642414046701729,NA,NA,NA,NA
"Idaho","status_quo","Future",2021-04-18,"latent_trend",NA,NA,NA,0.642414046701729,NA,NA,NA,NA
"Idaho","linear_increase_sd","Future",2021-04-18,"mobility_trend",NA,NA,NA,0.3,NA,NA,NA,NA
"Idaho","return_normal","Future",2021-04-18,"mobility_trend",NA,NA,NA,1,NA,NA,NA,NA
"Idaho","status_quo","Future",2021-04-18,"mobility_trend",NA,NA,NA,0.76308086989493,NA,NA,NA,NA
